#id: 2383348395
#name: M.musculus - Saliva, SC (Gundry,proteomics,2010)
#score: 11.1
#weight: 100%
#description: abundance based on Spectral counting, Interaction consistency score: 11.1, Coverage: 7
#organ: SALIVA
#integrated: false
#coverage: 7
#link: http://www.ncbi.nlm.nih.gov/pubmed/20512790
#publication_year: 2010
#filename: 10090-Mus_musculus_SC_biomart_11364_E__2reps.txt
#
#internal_id	string_external_id	abundance	raw_spectral_count
5026918	10090.ENSMUSP00000072858	39267	13281
5023860	10090.ENSMUSP00000051432	35869	13828
5022374	10090.ENSMUSP00000042457	21579	2945
5022151	10090.ENSMUSP00000041149	20072	1002
5016064	10090.ENSMUSP00000008036	19101	1128
5033187	10090.ENSMUSP00000110886	13985	14
5035315	10090.ENSMUSP00000129695	11036	993
5016399	10090.ENSMUSP00000015800	8270	2747
5028293	10090.ENSMUSP00000081474	7877	580
5015813	10090.ENSMUSP00000005077	7767	834
5030904	10090.ENSMUSP00000099435	7669	390
5034438	10090.ENSMUSP00000124509	7474	278
5031582	10090.ENSMUSP00000102062	7474	278
5029122	10090.ENSMUSP00000089300	7458	11743
5031271	10090.ENSMUSP00000100581	7458	11743
5027709	10090.ENSMUSP00000077814	7458	11743
5029029	10090.ENSMUSP00000088288	7458	11743
5031200	10090.ENSMUSP00000100034	7288	11715
5029027	10090.ENSMUSP00000088285	7288	11715
5029140	10090.ENSMUSP00000089345	7288	11715
5028086	10090.ENSMUSP00000080088	7288	11715
5032011	10090.ENSMUSP00000104445	7288	11715
5027109	10090.ENSMUSP00000074142	7288	11715
5029136	10090.ENSMUSP00000089335	7288	11715
5027141	10090.ENSMUSP00000074310	7288	11715
5029137	10090.ENSMUSP00000089336	7288	11715
5029138	10090.ENSMUSP00000089339	7288	11715
5034949	10090.ENSMUSP00000127684	7288	11715
5029026	10090.ENSMUSP00000088281	7288	11715
5026942	10090.ENSMUSP00000072989	7288	11715
5027654	10090.ENSMUSP00000077477	7288	11715
5026812	10090.ENSMUSP00000072227	7232	11701
5031793	10090.ENSMUSP00000103365	6585	236
5020988	10090.ENSMUSP00000034834	6495	1565
5016512	10090.ENSMUSP00000017548	6213	160
5031918	10090.ENSMUSP00000103940	6044	254
5021039	10090.ENSMUSP00000034966	5693	844
5016582	10090.ENSMUSP00000018437	5229	463
5025479	10090.ENSMUSP00000062030	5217	216
5036727	10090.ENSMUSP00000137631	5049	165
5015553	10090.ENSMUSP00000002551	4910	165
5015940	10090.ENSMUSP00000006496	4811	253
5016972	10090.ENSMUSP00000020640	4788	591
5027274	10090.ENSMUSP00000075067	4580	960
5026693	10090.ENSMUSP00000071616	4505	350
5033716	10090.ENSMUSP00000114159	4476	408
5031201	10090.ENSMUSP00000100036	4345	2022
5031196	10090.ENSMUSP00000100029	4345	2022
5035362	10090.ENSMUSP00000129930	4345	2022
5036294	10090.ENSMUSP00000136357	4345	2022
5031197	10090.ENSMUSP00000100030	4345	2022
5028673	10090.ENSMUSP00000085006	4345	2022
5031199	10090.ENSMUSP00000100033	4345	2022
5031206	10090.ENSMUSP00000100042	4345	2022
5031260	10090.ENSMUSP00000100546	4345	2022
5031198	10090.ENSMUSP00000100032	4345	2022
5031202	10090.ENSMUSP00000100037	4345	2022
5031211	10090.ENSMUSP00000100048	4345	2022
5031208	10090.ENSMUSP00000100044	4345	2022
5016701	10090.ENSMUSP00000019323	4249	736
5028544	10090.ENSMUSP00000083705	4112	699
5018714	10090.ENSMUSP00000027123	3949	1061
5033346	10090.ENSMUSP00000112259	3749	305
5029432	10090.ENSMUSP00000091921	3694	1829
5035781	10090.ENSMUSP00000132472	3692	699
5034682	10090.ENSMUSP00000126202	3689	95
5035454	10090.ENSMUSP00000130546	3609	926
5027346	10090.ENSMUSP00000075513	3451	1691
5028036	10090.ENSMUSP00000079727	3451	1691
5016983	10090.ENSMUSP00000020677	3435	391
5028931	10090.ENSMUSP00000087466	3429	629
5015428	10090.ENSMUSP00000001566	3426	2525
5027947	10090.ENSMUSP00000079180	3379	110
5021080	10090.ENSMUSP00000035105	3377	629
5019893	10090.ENSMUSP00000031160	3369	425
5015714	10090.ENSMUSP00000004072	3318	219
5019462	10090.ENSMUSP00000029722	3239	283
5029141	10090.ENSMUSP00000089346	3145	340
5036085	10090.ENSMUSP00000135215	3145	340
5027261	10090.ENSMUSP00000074994	3145	340
5036052	10090.ENSMUSP00000134751	3145	340
5029120	10090.ENSMUSP00000089295	3145	340
5031322	10090.ENSMUSP00000100739	3145	340
5031320	10090.ENSMUSP00000100737	3145	340
5030230	10090.ENSMUSP00000096442	3145	340
5022976	10090.ENSMUSP00000046101	3122	1269
5034139	10090.ENSMUSP00000120528	3090	140
5034679	10090.ENSMUSP00000126192	3083	620
5017892	10090.ENSMUSP00000023707	2989	148
5020408	10090.ENSMUSP00000032998	2926	347
5029119	10090.ENSMUSP00000089293	2892	245
5037117	10090.ENSMUSP00000140394	2892	245
5036995	10090.ENSMUSP00000139663	2892	245
5028022	10090.ENSMUSP00000079670	2892	245
5018045	10090.ENSMUSP00000024739	2736	1685
5028656	10090.ENSMUSP00000084846	2682	654
5018808	10090.ENSMUSP00000027438	2677	463
5028024	10090.ENSMUSP00000079672	2661	62
5031106	10090.ENSMUSP00000099843	2661	62
5016935	10090.ENSMUSP00000020504	2652	136
5017771	10090.ENSMUSP00000023269	2592	127
5034001	10090.ENSMUSP00000118478	2590	35
5026969	10090.ENSMUSP00000073175	2552	88
5034020	10090.ENSMUSP00000118787	2525	124
5036483	10090.ENSMUSP00000136922	2516	2355
5022360	10090.ENSMUSP00000042342	2505	2355
5034698	10090.ENSMUSP00000126294	2440	126
5021832	10090.ENSMUSP00000039269	2418	703
5027295	10090.ENSMUSP00000075178	2401	2252
5025240	10090.ENSMUSP00000060246	2397	2251
5018565	10090.ENSMUSP00000026495	2378	458
5032189	10090.ENSMUSP00000105359	2375	2219
5021406	10090.ENSMUSP00000036907	2375	2219
5033969	10090.ENSMUSP00000117987	2303	366
5026617	10090.ENSMUSP00000071135	2284	2255
5031125	10090.ENSMUSP00000099878	2231	137
5024346	10090.ENSMUSP00000054490	2212	103
5035620	10090.ENSMUSP00000131489	2161	86
5020305	10090.ENSMUSP00000032597	2145	87
5034103	10090.ENSMUSP00000119975	2124	146
5032333	10090.ENSMUSP00000106102	2119	1228
5027784	10090.ENSMUSP00000078239	2119	1228
5025367	10090.ENSMUSP00000061247	2119	1228
5016566	10090.ENSMUSP00000018246	2119	1228
5027620	10090.ENSMUSP00000077290	2119	1228
5030424	10090.ENSMUSP00000097294	2119	1228
5036099	10090.ENSMUSP00000135427	2119	1228
5031321	10090.ENSMUSP00000100738	2119	1228
5029123	10090.ENSMUSP00000089301	2119	1228
5032328	10090.ENSMUSP00000106082	2119	1228
5032329	10090.ENSMUSP00000106085	2119	1228
5029142	10090.ENSMUSP00000089350	2119	1228
5017651	10090.ENSMUSP00000022894	2047	334
5028158	10090.ENSMUSP00000080523	2021	62
5036437	10090.ENSMUSP00000136792	2002	1228
5029139	10090.ENSMUSP00000089343	2002	1228
5032332	10090.ENSMUSP00000106099	2002	1228
5027491	10090.ENSMUSP00000076397	2001	1138
5029028	10090.ENSMUSP00000088287	2001	1138
5023403	10090.ENSMUSP00000048469	1946	180
5018277	10090.ENSMUSP00000025511	1934	81
5029779	10090.ENSMUSP00000093955	1922	394
5037061	10090.ENSMUSP00000140047	1897	101
5031245	10090.ENSMUSP00000100516	1859	190
5016228	10090.ENSMUSP00000011896	1858	283
5017883	10090.ENSMUSP00000023677	1854	194
5033872	10090.ENSMUSP00000116492	1843	194
5027079	10090.ENSMUSP00000073880	1839	190
5027974	10090.ENSMUSP00000079356	1815	86
5029953	10090.ENSMUSP00000095287	1795	104
5029225	10090.ENSMUSP00000090305	1795	104
5029190	10090.ENSMUSP00000089948	1770	78
5031943	10090.ENSMUSP00000104067	1748	74
5023465	10090.ENSMUSP00000048833	1720	74
5020600	10090.ENSMUSP00000033683	1702	275
5031150	10090.ENSMUSP00000099930	1685	92
5030111	10090.ENSMUSP00000095927	1679	489
5015827	10090.ENSMUSP00000005292	1673	184
5032024	10090.ENSMUSP00000104485	1643	64
5024944	10090.ENSMUSP00000058368	1632	110
5015759	10090.ENSMUSP00000004554	1597	130
5017427	10090.ENSMUSP00000022163	1551	144
5026599	10090.ENSMUSP00000070993	1538	381
5025721	10090.ENSMUSP00000063714	1530	126
5022232	10090.ENSMUSP00000041652	1493	59
5015656	10090.ENSMUSP00000003521	1480	78
5035071	10090.ENSMUSP00000128443	1466	225
5016094	10090.ENSMUSP00000008812	1466	225
5015863	10090.ENSMUSP00000005705	1452	435
5020174	10090.ENSMUSP00000032138	1452	111
5023392	10090.ENSMUSP00000048425	1364	102
5016263	10090.ENSMUSP00000013559	1346	297
5015408	10090.ENSMUSP00000001452	1343	304
5019565	10090.ENSMUSP00000030051	1338	98
5026876	10090.ENSMUSP00000072620	1330	632
5025992	10090.ENSMUSP00000065940	1301	74
5021778	10090.ENSMUSP00000038964	1282	26
5033937	10090.ENSMUSP00000117461	1274	232
5028651	10090.ENSMUSP00000084807	1274	232
5027211	10090.ENSMUSP00000074724	1266	36
5030604	10090.ENSMUSP00000097747	1264	895
5034810	10090.ENSMUSP00000126892	1240	225
5021810	10090.ENSMUSP00000039110	1229	292
5016969	10090.ENSMUSP00000020630	1218	607
5028844	10090.ENSMUSP00000086614	1215	35
5018405	10090.ENSMUSP00000025918	1206	230
5033777	10090.ENSMUSP00000115044	1197	39
5031153	10090.ENSMUSP00000099938	1178	88
5015324	10090.ENSMUSP00000000756	1175	67
5028222	10090.ENSMUSP00000080854	1160	92
5023490	10090.ENSMUSP00000049007	1156	351
5027550	10090.ENSMUSP00000076777	1141	1158
5016116	10090.ENSMUSP00000009234	1141	241
5036651	10090.ENSMUSP00000137416	1134	91
5028888	10090.ENSMUSP00000086987	1134	91
5026703	10090.ENSMUSP00000071658	1125	242
5020043	10090.ENSMUSP00000031617	1123	153
5022934	10090.ENSMUSP00000045816	1115	153
5036612	10090.ENSMUSP00000137310	1111	566
5016590	10090.ENSMUSP00000018506	1111	566
5018551	10090.ENSMUSP00000026459	1102	488
5020287	10090.ENSMUSP00000032508	1094	187
5020157	10090.ENSMUSP00000032078	1086	259
5022688	10090.ENSMUSP00000044395	1084	152
5020134	10090.ENSMUSP00000031910	1082	85
5015979	10090.ENSMUSP00000006764	1081	127
5015805	10090.ENSMUSP00000005041	1039	116
5032351	10090.ENSMUSP00000106189	1037	59
5034839	10090.ENSMUSP00000127034	1030	370
5017637	10090.ENSMUSP00000022842	1025	262
5023800	10090.ENSMUSP00000051033	1023	1106
5035667	10090.ENSMUSP00000131802	1000	136
5018181	10090.ENSMUSP00000025217	983	402
5023679	10090.ENSMUSP00000050292	982	90
5023231	10090.ENSMUSP00000047571	981	342
5032069	10090.ENSMUSP00000104731	972	114
5035065	10090.ENSMUSP00000128400	964	68
5028126	10090.ENSMUSP00000080354	960	187
5017141	10090.ENSMUSP00000021239	956	185
5018627	10090.ENSMUSP00000026704	950	299
5029869	10090.ENSMUSP00000094778	950	1034
5033670	10090.ENSMUSP00000113942	924	387
5022759	10090.ENSMUSP00000044827	918	735
5015418	10090.ENSMUSP00000001513	918	480
5017525	10090.ENSMUSP00000022522	916	273
5027968	10090.ENSMUSP00000079306	913	1015
5022396	10090.ENSMUSP00000042658	911	182
5036848	10090.ENSMUSP00000138396	910	365
5023125	10090.ENSMUSP00000047008	908	109
5024768	10090.ENSMUSP00000057308	906	106
5032236	10090.ENSMUSP00000105612	903	152
5024357	10090.ENSMUSP00000054556	901	510
5033816	10090.ENSMUSP00000115722	901	84
5027856	10090.ENSMUSP00000078670	899	193
5030979	10090.ENSMUSP00000099595	899	193
5028901	10090.ENSMUSP00000087110	895	232
5017091	10090.ENSMUSP00000021062	893	271
5019094	10090.ENSMUSP00000028517	889	136
5035936	10090.ENSMUSP00000133523	884	263
5029600	10090.ENSMUSP00000092843	865	350
5028735	10090.ENSMUSP00000085580	861	980
5028644	10090.ENSMUSP00000084713	861	980
5034998	10090.ENSMUSP00000127966	859	184
5025033	10090.ENSMUSP00000058919	851	20
5027425	10090.ENSMUSP00000075987	850	145
5035428	10090.ENSMUSP00000130323	846	88
5033489	10090.ENSMUSP00000113022	841	99
5031165	10090.ENSMUSP00000099962	832	350
5028055	10090.ENSMUSP00000079888	828	294
5021310	10090.ENSMUSP00000036288	814	294
5028946	10090.ENSMUSP00000087632	811	350
5022391	10090.ENSMUSP00000042602	809	109
5027478	10090.ENSMUSP00000076294	795	183
5017929	10090.ENSMUSP00000023803	787	197
5026616	10090.ENSMUSP00000071134	785	514
5032437	10090.ENSMUSP00000106861	782	131
5034799	10090.ENSMUSP00000126850	774	164
5034329	10090.ENSMUSP00000123410	770	68
5027526	10090.ENSMUSP00000076607	770	68
5033409	10090.ENSMUSP00000112635	770	25
5034105	10090.ENSMUSP00000120014	764	39
5033114	10090.ENSMUSP00000110532	764	60
5016454	10090.ENSMUSP00000016463	763	240
5035377	10090.ENSMUSP00000130023	742	291
5024953	10090.ENSMUSP00000058432	740	42
5029498	10090.ENSMUSP00000092345	739	341
5037175	10090.ENSMUSP00000140657	738	970
5035587	10090.ENSMUSP00000131269	731	24
5027677	10090.ENSMUSP00000077612	728	73
5031180	10090.ENSMUSP00000099990	725	102
5019779	10090.ENSMUSP00000030805	722	79
5028122	10090.ENSMUSP00000080302	721	293
5036365	10090.ENSMUSP00000136544	721	293
5021292	10090.ENSMUSP00000036206	719	43
5015412	10090.ENSMUSP00000001479	714	403
5018538	10090.ENSMUSP00000026425	707	187
5023936	10090.ENSMUSP00000051935	706	67
5028425	10090.ENSMUSP00000082682	701	36
5027918	10090.ENSMUSP00000079022	701	262
5023747	10090.ENSMUSP00000050698	699	318
5032906	10090.ENSMUSP00000109399	699	169
5031780	10090.ENSMUSP00000103267	697	139
5020722	10090.ENSMUSP00000034049	695	235
5027972	10090.ENSMUSP00000079340	693	25
5016353	10090.ENSMUSP00000015256	688	159
5028903	10090.ENSMUSP00000087118	687	122
5034977	10090.ENSMUSP00000127859	685	169
5034717	10090.ENSMUSP00000126390	684	94
5017138	10090.ENSMUSP00000021217	679	213
5017969	10090.ENSMUSP00000023952	671	175
5020634	10090.ENSMUSP00000033776	671	153
5015742	10090.ENSMUSP00000004375	670	109
5031221	10090.ENSMUSP00000100067	666	133
5029912	10090.ENSMUSP00000095081	662	64
5031209	10090.ENSMUSP00000100045	662	138
5015743	10090.ENSMUSP00000004378	661	569
5028450	10090.ENSMUSP00000082867	658	25
5029850	10090.ENSMUSP00000094334	650	218
5017885	10090.ENSMUSP00000023684	646	396
5032396	10090.ENSMUSP00000106519	644	33
5023829	10090.ENSMUSP00000051223	634	160
5015330	10090.ENSMUSP00000000804	630	332
5016905	10090.ENSMUSP00000020397	616	41
5027584	10090.ENSMUSP00000076989	613	310
5027907	10090.ENSMUSP00000078940	599	154
5015360	10090.ENSMUSP00000001051	597	21
5020241	10090.ENSMUSP00000032372	592	55
5027024	10090.ENSMUSP00000073581	592	141
5028572	10090.ENSMUSP00000083973	592	141
5016914	10090.ENSMUSP00000020440	588	29
5027499	10090.ENSMUSP00000076447	584	43
5018537	10090.ENSMUSP00000026420	584	43
5019335	10090.ENSMUSP00000029382	584	135
5018287	10090.ENSMUSP00000025561	583	55
5020508	10090.ENSMUSP00000033342	579	121
5034171	10090.ENSMUSP00000120976	576	125
5034608	10090.ENSMUSP00000125761	571	228
5033903	10090.ENSMUSP00000117022	570	193
5035514	10090.ENSMUSP00000130858	569	128
5015396	10090.ENSMUSP00000001304	563	236
5017205	10090.ENSMUSP00000021425	560	81
5034077	10090.ENSMUSP00000119603	556	97
5015459	10090.ENSMUSP00000001809	555	390
5021744	10090.ENSMUSP00000038781	552	17
5017353	10090.ENSMUSP00000021930	547	54
5018975	10090.ENSMUSP00000028062	546	170
5015665	10090.ENSMUSP00000003572	545	224
5016020	10090.ENSMUSP00000007248	537	826
5015876	10090.ENSMUSP00000005826	537	43
5025635	10090.ENSMUSP00000062996	533	242
5033847	10090.ENSMUSP00000116108	531	230
5037126	10090.ENSMUSP00000140422	530	38
5033573	10090.ENSMUSP00000113431	529	129
5019599	10090.ENSMUSP00000030169	528	54
5036884	10090.ENSMUSP00000138884	521	142
5035517	10090.ENSMUSP00000130867	521	50
5029417	10090.ENSMUSP00000091840	521	50
5019973	10090.ENSMUSP00000031383	520	216
5029200	10090.ENSMUSP00000090059	515	33
5015911	10090.ENSMUSP00000006137	512	158
5020742	10090.ENSMUSP00000034097	511	146
5022401	10090.ENSMUSP00000042691	510	218
5026344	10090.ENSMUSP00000069004	508	35
5034146	10090.ENSMUSP00000120595	508	39
5027899	10090.ENSMUSP00000078877	501	40
5020859	10090.ENSMUSP00000034441	500	245
5026723	10090.ENSMUSP00000071763	490	75
5020096	10090.ENSMUSP00000031766	488	151
5027853	10090.ENSMUSP00000078654	485	49
5016718	10090.ENSMUSP00000019470	482	53
5034916	10090.ENSMUSP00000127504	481	142
5018793	10090.ENSMUSP00000027384	478	181
5034115	10090.ENSMUSP00000120115	478	129
5031541	10090.ENSMUSP00000101858	470	28
5019586	10090.ENSMUSP00000030134	464	56
5019108	10090.ENSMUSP00000028592	462	108
5016907	10090.ENSMUSP00000020403	458	25
5017527	10090.ENSMUSP00000022529	457	155
5016732	10090.ENSMUSP00000019615	455	48
5036894	10090.ENSMUSP00000138961	455	198
5030265	10090.ENSMUSP00000096592	453	37
5035034	10090.ENSMUSP00000128232	453	37
5028103	10090.ENSMUSP00000080203	453	37
5024401	10090.ENSMUSP00000054863	450	131
5034772	10090.ENSMUSP00000126702	449	18
5015481	10090.ENSMUSP00000001989	449	256
5025208	10090.ENSMUSP00000060028	448	52
5030262	10090.ENSMUSP00000096549	445	66
5022298	10090.ENSMUSP00000041968	443	43
5030949	10090.ENSMUSP00000099536	442	178
5016564	10090.ENSMUSP00000018186	441	60
5027690	10090.ENSMUSP00000077687	438	197
5035797	10090.ENSMUSP00000132590	437	254
5034648	10090.ENSMUSP00000125977	436	19
5035826	10090.ENSMUSP00000132735	432	61
5019720	10090.ENSMUSP00000030623	431	135
5015454	10090.ENSMUSP00000001724	428	115
5021032	10090.ENSMUSP00000034947	423	64
5015766	10090.ENSMUSP00000004646	420	80
5015818	10090.ENSMUSP00000005185	418	11
5036003	10090.ENSMUSP00000134178	414	157
5019982	10090.ENSMUSP00000031402	413	152
5026702	10090.ENSMUSP00000071654	413	27
5031542	10090.ENSMUSP00000101862	401	95
5019597	10090.ENSMUSP00000030164	400	199
5016727	10090.ENSMUSP00000019576	396	159
5017839	10090.ENSMUSP00000023510	395	68
5019139	10090.ENSMUSP00000028683	394	118
5019539	10090.ENSMUSP00000029955	392	209
5035203	10090.ENSMUSP00000129198	380	70
5031086	10090.ENSMUSP00000099803	378	38
5035332	10090.ENSMUSP00000129788	374	37
5016026	10090.ENSMUSP00000007257	373	40
5020795	10090.ENSMUSP00000034264	372	41
5033258	10090.ENSMUSP00000111309	370	35
5030665	10090.ENSMUSP00000098066	366	644
5026670	10090.ENSMUSP00000071486	366	644
5016572	10090.ENSMUSP00000018337	366	50
5021511	10090.ENSMUSP00000037446	366	117
5016470	10090.ENSMUSP00000016771	359	416
5016515	10090.ENSMUSP00000017572	358	75
5036295	10090.ENSMUSP00000136358	358	74
5035068	10090.ENSMUSP00000128416	358	74
5017663	10090.ENSMUSP00000022925	352	93
5018692	10090.ENSMUSP00000027036	349	52
5016246	10090.ENSMUSP00000012627	348	25
5023354	10090.ENSMUSP00000048218	347	626
5028961	10090.ENSMUSP00000087736	347	626
5026851	10090.ENSMUSP00000072483	345	34
5020862	10090.ENSMUSP00000034453	344	622
5031095	10090.ENSMUSP00000099819	343	116
5016329	10090.ENSMUSP00000014913	341	35
5015455	10090.ENSMUSP00000001757	337	20
5018459	10090.ENSMUSP00000026125	336	49
5030927	10090.ENSMUSP00000099487	333	120
5020181	10090.ENSMUSP00000032165	330	117
5027840	10090.ENSMUSP00000078589	329	57
5030921	10090.ENSMUSP00000099475	327	288
5018072	10090.ENSMUSP00000024823	327	37
5019726	10090.ENSMUSP00000030642	324	85
5026736	10090.ENSMUSP00000071818	323	24
5028423	10090.ENSMUSP00000082652	321	47
5025123	10090.ENSMUSP00000059494	315	18
5026628	10090.ENSMUSP00000071214	315	65
5034867	10090.ENSMUSP00000127198	314	223
5025452	10090.ENSMUSP00000061851	314	223
5033031	10090.ENSMUSP00000110103	313	55
5023097	10090.ENSMUSP00000046837	312	35
5021809	10090.ENSMUSP00000039109	312	176
5022798	10090.ENSMUSP00000045073	311	157
5020206	10090.ENSMUSP00000032233	310	355
5032516	10090.ENSMUSP00000107237	304	47
5030975	10090.ENSMUSP00000099587	301	167
5023404	10090.ENSMUSP00000048470	298	75
5029514	10090.ENSMUSP00000092409	297	39
5023961	10090.ENSMUSP00000052086	296	646
5027200	10090.ENSMUSP00000074658	293	626
5017492	10090.ENSMUSP00000022380	292	51
5018096	10090.ENSMUSP00000024897	289	49
5029074	10090.ENSMUSP00000088723	285	149
5021128	10090.ENSMUSP00000035261	283	270
5016341	10090.ENSMUSP00000015100	283	165
5030963	10090.ENSMUSP00000099565	283	25
5024103	10090.ENSMUSP00000052912	282	59
5024098	10090.ENSMUSP00000052872	280	349
5015522	10090.ENSMUSP00000002303	280	40
5017489	10090.ENSMUSP00000022369	277	106
5016056	10090.ENSMUSP00000007959	277	40
5031251	10090.ENSMUSP00000100531	276	16
5027978	10090.ENSMUSP00000079379	275	83
5023678	10090.ENSMUSP00000050289	273	56
5016971	10090.ENSMUSP00000020637	268	78
5016621	10090.ENSMUSP00000018727	267	66
5016654	10090.ENSMUSP00000018992	267	75
5031494	10090.ENSMUSP00000101616	266	24
5022135	10090.ENSMUSP00000041049	266	32
5016855	10090.ENSMUSP00000020238	265	177
5016962	10090.ENSMUSP00000020578	264	32
5029572	10090.ENSMUSP00000092698	261	112
5028244	10090.ENSMUSP00000081000	254	36
5022694	10090.ENSMUSP00000044420	252	23
5026597	10090.ENSMUSP00000070983	251	15
5016882	10090.ENSMUSP00000020315	250	140
5021994	10090.ENSMUSP00000040222	250	73
5016042	10090.ENSMUSP00000007708	249	88
5019876	10090.ENSMUSP00000031099	248	27
5015302	10090.ENSMUSP00000000505	246	96
5025896	10090.ENSMUSP00000065113	246	30
5021545	10090.ENSMUSP00000037613	244	36
5035078	10090.ENSMUSP00000128483	244	26
5020598	10090.ENSMUSP00000033673	244	65
5017099	10090.ENSMUSP00000021083	243	24
5034453	10090.ENSMUSP00000124625	243	72
5016584	10090.ENSMUSP00000018466	243	27
5019427	10090.ENSMUSP00000029643	243	14
5026676	10090.ENSMUSP00000071496	242	143
5029748	10090.ENSMUSP00000093749	241	23
5024668	10090.ENSMUSP00000056604	240	215
5035287	10090.ENSMUSP00000129559	239	155
5016428	10090.ENSMUSP00000016105	238	44
5030905	10090.ENSMUSP00000099436	237	41
5031090	10090.ENSMUSP00000099807	236	46
5034671	10090.ENSMUSP00000126135	236	92
5020372	10090.ENSMUSP00000032898	234	162
5034562	10090.ENSMUSP00000125451	234	42
5036910	10090.ENSMUSP00000139129	232	14
5015890	10090.ENSMUSP00000005964	232	32
5016503	10090.ENSMUSP00000017430	231	32
5032301	10090.ENSMUSP00000105965	231	149
5020705	10090.ENSMUSP00000034000	230	37
5019115	10090.ENSMUSP00000028607	230	43
5019343	10090.ENSMUSP00000029405	230	78
5016297	10090.ENSMUSP00000014370	229	21
5016674	10090.ENSMUSP00000019109	229	78
5023692	10090.ENSMUSP00000050374	228	78
5036304	10090.ENSMUSP00000136375	227	34
5023312	10090.ENSMUSP00000047960	227	34
5017468	10090.ENSMUSP00000022293	226	50
5031501	10090.ENSMUSP00000101651	226	80
5016409	10090.ENSMUSP00000015892	225	51
5018269	10090.ENSMUSP00000025486	224	72
5024511	10090.ENSMUSP00000055535	224	117
5016933	10090.ENSMUSP00000020501	224	26
5030301	10090.ENSMUSP00000096777	224	49
5034114	10090.ENSMUSP00000120106	223	26
5015934	10090.ENSMUSP00000006435	223	93
5018596	10090.ENSMUSP00000026576	223	40
5018204	10090.ENSMUSP00000025271	222	20
5029077	10090.ENSMUSP00000088729	221	214
5022425	10090.ENSMUSP00000042860	221	18
5016424	10090.ENSMUSP00000016081	220	32
5018481	10090.ENSMUSP00000026196	220	48
5017475	10090.ENSMUSP00000022322	220	77
5033117	10090.ENSMUSP00000110547	219	36
5015572	10090.ENSMUSP00000002790	218	136
5019684	10090.ENSMUSP00000030456	218	90
5028869	10090.ENSMUSP00000086795	216	18
5032811	10090.ENSMUSP00000108837	216	9
5032361	10090.ENSMUSP00000106249	216	9
5018284	10090.ENSMUSP00000025542	214	34
5025996	10090.ENSMUSP00000065983	213	38
5019734	10090.ENSMUSP00000030665	211	39
5026699	10090.ENSMUSP00000071636	211	34
5017515	10090.ENSMUSP00000022496	209	29
5031338	10090.ENSMUSP00000100795	207	28
5026007	10090.ENSMUSP00000066068	207	129
5036050	10090.ENSMUSP00000134734	206	38
5031920	10090.ENSMUSP00000103947	206	41
5033326	10090.ENSMUSP00000112081	205	57
5032875	10090.ENSMUSP00000109230	204	21
5035107	10090.ENSMUSP00000128696	203	54
5036458	10090.ENSMUSP00000136858	203	51
5035889	10090.ENSMUSP00000133124	202	66
5037094	10090.ENSMUSP00000140250	202	65
5031009	10090.ENSMUSP00000099653	201	32
5036677	10090.ENSMUSP00000137503	201	23
5032161	10090.ENSMUSP00000105216	200	44
5018729	10090.ENSMUSP00000027173	200	46
5018458	10090.ENSMUSP00000026122	199	67
5017167	10090.ENSMUSP00000021313	199	45
5022656	10090.ENSMUSP00000044188	198	16
5023251	10090.ENSMUSP00000047678	197	94
5033911	10090.ENSMUSP00000117045	195	18
5017199	10090.ENSMUSP00000021412	195	37
5016598	10090.ENSMUSP00000018568	193	22
5028631	10090.ENSMUSP00000084572	191	79
5018193	10090.ENSMUSP00000025246	191	49
5034616	10090.ENSMUSP00000125806	189	28
5016095	10090.ENSMUSP00000008826	189	28
5021486	10090.ENSMUSP00000037304	188	41
5036602	10090.ENSMUSP00000137297	188	54
5030913	10090.ENSMUSP00000099461	187	17
5015676	10090.ENSMUSP00000003643	187	81
5023812	10090.ENSMUSP00000051092	186	50
5016033	10090.ENSMUSP00000007317	186	66
5026074	10090.ENSMUSP00000066621	186	44
5018416	10090.ENSMUSP00000025955	185	79
5016750	10090.ENSMUSP00000019726	185	44
5035408	10090.ENSMUSP00000130195	184	12
5017005	10090.ENSMUSP00000020768	183	63
5020751	10090.ENSMUSP00000034138	183	25
5017865	10090.ENSMUSP00000023599	182	146
5034202	10090.ENSMUSP00000121309	182	37
5025724	10090.ENSMUSP00000063734	180	55
5019278	10090.ENSMUSP00000029142	180	17
5034230	10090.ENSMUSP00000121851	178	29
5016585	10090.ENSMUSP00000018470	178	80
5029158	10090.ENSMUSP00000089519	177	37
5033146	10090.ENSMUSP00000110731	176	5
5016175	10090.ENSMUSP00000010278	176	30
5021232	10090.ENSMUSP00000035829	175	161
5031012	10090.ENSMUSP00000099658	175	25
5026078	10090.ENSMUSP00000066639	174	210
5022319	10090.ENSMUSP00000042123	174	16
5036829	10090.ENSMUSP00000138250	172	51
5020958	10090.ENSMUSP00000034740	172	70
5031249	10090.ENSMUSP00000100528	172	10
5030951	10090.ENSMUSP00000099541	172	10
5020042	10090.ENSMUSP00000031613	171	37
5023145	10090.ENSMUSP00000047119	170	21
5021623	10090.ENSMUSP00000038135	169	114
5029078	10090.ENSMUSP00000088736	169	71
5029649	10090.ENSMUSP00000093124	169	94
5036259	10090.ENSMUSP00000136273	167	38
5023763	10090.ENSMUSP00000050792	166	159
5016415	10090.ENSMUSP00000015950	165	27
5020965	10090.ENSMUSP00000034756	164	16
5025108	10090.ENSMUSP00000059395	164	71
5031142	10090.ENSMUSP00000099907	164	60
5018725	10090.ENSMUSP00000027157	163	23
5028070	10090.ENSMUSP00000079967	163	155
5031257	10090.ENSMUSP00000100538	163	18
5019665	10090.ENSMUSP00000030398	162	26
5034963	10090.ENSMUSP00000127774	160	25
5021893	10090.ENSMUSP00000039621	159	23
5020772	10090.ENSMUSP00000034204	157	13
5021772	10090.ENSMUSP00000038931	157	21
5023565	10090.ENSMUSP00000049528	157	40
5026911	10090.ENSMUSP00000072829	156	22
5035710	10090.ENSMUSP00000132065	156	22
5034441	10090.ENSMUSP00000124523	156	22
5019229	10090.ENSMUSP00000028981	156	31
5036840	10090.ENSMUSP00000138342	155	39
5029039	10090.ENSMUSP00000088365	155	27
5029167	10090.ENSMUSP00000089637	155	38
5027930	10090.ENSMUSP00000079070	153	155
5015518	10090.ENSMUSP00000002289	153	39
5020992	10090.ENSMUSP00000034848	152	16
5036428	10090.ENSMUSP00000136770	152	25
5020606	10090.ENSMUSP00000033699	152	212
5033755	10090.ENSMUSP00000114705	151	8
5026269	10090.ENSMUSP00000068408	151	17
5023545	10090.ENSMUSP00000049355	150	88
5027114	10090.ENSMUSP00000074160	150	30
5035289	10090.ENSMUSP00000129565	150	21
5022939	10090.ENSMUSP00000045841	149	130
5016053	10090.ENSMUSP00000007814	149	44
5035774	10090.ENSMUSP00000132450	148	37
5033763	10090.ENSMUSP00000114839	148	22
5032736	10090.ENSMUSP00000108483	148	10
5020737	10090.ENSMUSP00000034090	145	31
5019724	10090.ENSMUSP00000030636	145	9
5034704	10090.ENSMUSP00000126334	145	94
5015413	10090.ENSMUSP00000001480	144	54
5020610	10090.ENSMUSP00000033720	144	32
5028338	10090.ENSMUSP00000081782	143	66
5019888	10090.ENSMUSP00000031131	143	14
5017627	10090.ENSMUSP00000022816	142	6
5015987	10090.ENSMUSP00000006838	142	63
5022320	10090.ENSMUSP00000042134	142	14
5020242	10090.ENSMUSP00000032373	139	47
5036391	10090.ENSMUSP00000136633	138	20
5026558	10090.ENSMUSP00000070709	138	20
5030601	10090.ENSMUSP00000097738	138	16
5017791	10090.ENSMUSP00000023353	137	60
5015356	10090.ENSMUSP00000001042	135	40
5036260	10090.ENSMUSP00000136275	135	94
5029538	10090.ENSMUSP00000092502	135	94
5016874	10090.ENSMUSP00000020286	133	28
5025851	10090.ENSMUSP00000064699	133	32
5017240	10090.ENSMUSP00000021554	132	112
5015702	10090.ENSMUSP00000003912	132	40
5026491	10090.ENSMUSP00000070229	131	35
5026236	10090.ENSMUSP00000068103	130	38
5022607	10090.ENSMUSP00000043926	130	62
5025856	10090.ENSMUSP00000064755	129	39
5036581	10090.ENSMUSP00000137244	128	37
5031353	10090.ENSMUSP00000100863	128	37
5022941	10090.ENSMUSP00000045864	127	18
5018629	10090.ENSMUSP00000026723	127	18
5016666	10090.ENSMUSP00000019065	127	40
5028987	10090.ENSMUSP00000087974	126	22
5031593	10090.ENSMUSP00000102147	126	22
5029607	10090.ENSMUSP00000092888	125	15
5035079	10090.ENSMUSP00000128489	125	30
5032128	10090.ENSMUSP00000105028	125	71
5035230	10090.ENSMUSP00000129325	125	47
5036576	10090.ENSMUSP00000137236	124	38
5019614	10090.ENSMUSP00000030207	124	47
5035328	10090.ENSMUSP00000129767	122	21
5020031	10090.ENSMUSP00000031565	121	46
5019695	10090.ENSMUSP00000030501	121	9
5022390	10090.ENSMUSP00000042590	120	25
5019438	10090.ENSMUSP00000029663	119	20
5015933	10090.ENSMUSP00000006431	119	62
5031273	10090.ENSMUSP00000100589	117	92
5026770	10090.ENSMUSP00000071989	117	19
5035141	10090.ENSMUSP00000128848	117	7
5016830	10090.ENSMUSP00000020123	115	25
5026835	10090.ENSMUSP00000072387	115	17
5033128	10090.ENSMUSP00000110610	113	90
5022260	10090.ENSMUSP00000041814	113	19
5023951	10090.ENSMUSP00000052020	113	167
5028647	10090.ENSMUSP00000084791	112	17
5019262	10090.ENSMUSP00000029082	112	25
5026327	10090.ENSMUSP00000068896	110	114
5019825	10090.ENSMUSP00000030940	110	42
5029790	10090.ENSMUSP00000093974	109	20
5024297	10090.ENSMUSP00000054168	109	39
5025923	10090.ENSMUSP00000065337	108	41
5030702	10090.ENSMUSP00000098295	107	10
5017155	10090.ENSMUSP00000021282	107	62
5033681	10090.ENSMUSP00000113978	107	31
5031735	10090.ENSMUSP00000103012	107	68
5016696	10090.ENSMUSP00000019283	106	29
5035035	10090.ENSMUSP00000128244	106	20
5018182	10090.ENSMUSP00000025218	106	39
5032810	10090.ENSMUSP00000108828	105	67
5036620	10090.ENSMUSP00000137341	105	16
5017132	10090.ENSMUSP00000021197	105	45
5033966	10090.ENSMUSP00000117947	105	7
5028111	10090.ENSMUSP00000080242	105	31
5035387	10090.ENSMUSP00000130096	105	17
5035773	10090.ENSMUSP00000132446	105	17
5025011	10090.ENSMUSP00000058785	104	12
5033344	10090.ENSMUSP00000112250	104	9
5030670	10090.ENSMUSP00000098096	104	22
5035760	10090.ENSMUSP00000132348	104	6
5017208	10090.ENSMUSP00000021443	103	53
5029723	10090.ENSMUSP00000093615	103	54
5022838	10090.ENSMUSP00000045284	103	16
5030660	10090.ENSMUSP00000098053	103	33
5015698	10090.ENSMUSP00000003906	102	15
5029470	10090.ENSMUSP00000092157	101	28
5033230	10090.ENSMUSP00000111150	100	41
5015667	10090.ENSMUSP00000003575	100	9
5020901	10090.ENSMUSP00000034560	100	52
5021001	10090.ENSMUSP00000034866	99.4	28
5032894	10090.ENSMUSP00000109337	99.3	32
5015285	10090.ENSMUSP00000000349	99.2	19
5015411	10090.ENSMUSP00000001460	97.4	42
5016625	10090.ENSMUSP00000018744	97.4	31
5018151	10090.ENSMUSP00000025083	96.6	34
5025726	10090.ENSMUSP00000063744	95.1	30
5031632	10090.ENSMUSP00000102381	95.0	20
5025210	10090.ENSMUSP00000060054	94.5	92
5019985	10090.ENSMUSP00000031411	94.1	19
5029281	10090.ENSMUSP00000090844	94.1	15
5027617	10090.ENSMUSP00000077262	94.0	19
5019478	10090.ENSMUSP00000029773	93.4	26
5034175	10090.ENSMUSP00000121005	93.3	26
5026803	10090.ENSMUSP00000072197	93.3	31
5016737	10090.ENSMUSP00000019638	92.9	19
5017956	10090.ENSMUSP00000023873	92.5	44
5036906	10090.ENSMUSP00000139065	92.2	25
5020576	10090.ENSMUSP00000033585	91.6	63
5022823	10090.ENSMUSP00000045208	91.1	33
5035714	10090.ENSMUSP00000132082	90.8	47
5035882	10090.ENSMUSP00000133076	89.9	63
5017406	10090.ENSMUSP00000022099	89.9	14
5027151	10090.ENSMUSP00000074392	89.0	83
5035407	10090.ENSMUSP00000130194	88.4	29
5026389	10090.ENSMUSP00000069432	87.9	91
5020351	10090.ENSMUSP00000032824	87.6	33
5019120	10090.ENSMUSP00000028617	87.3	17
5017519	10090.ENSMUSP00000022507	87.3	22
5015377	10090.ENSMUSP00000001148	87.3	51
5019256	10090.ENSMUSP00000029061	87.3	20
5016580	10090.ENSMUSP00000018430	87.1	13
5026730	10090.ENSMUSP00000071788	87.0	34
5030937	10090.ENSMUSP00000099509	87.0	102
5021273	10090.ENSMUSP00000036093	85.8	22
5021935	10090.ENSMUSP00000039844	84.6	33
5031151	10090.ENSMUSP00000099933	84.4	60
5032878	10090.ENSMUSP00000109237	84.0	39
5035758	10090.ENSMUSP00000132343	83.9	15
5031298	10090.ENSMUSP00000100655	83.8	15
5035960	10090.ENSMUSP00000133815	83.7	157
5023146	10090.ENSMUSP00000047123	83.2	29
5019967	10090.ENSMUSP00000031364	82.9	22
5018898	10090.ENSMUSP00000027777	82.6	47
5031460	10090.ENSMUSP00000101410	82.4	13
5033617	10090.ENSMUSP00000113672	82.3	22
5023179	10090.ENSMUSP00000047326	82.2	33
5029042	10090.ENSMUSP00000088372	82.0	25
5029444	10090.ENSMUSP00000092002	82.0	25
5015732	10090.ENSMUSP00000004206	81.9	11
5015829	10090.ENSMUSP00000005336	81.5	8
5028636	10090.ENSMUSP00000084586	81.5	157
5019605	10090.ENSMUSP00000030184	81.4	31
5026767	10090.ENSMUSP00000071976	80.9	7
5018398	10090.ENSMUSP00000025904	80.7	9
5020912	10090.ENSMUSP00000034590	80.3	9
5033635	10090.ENSMUSP00000113761	80.1	4
5023429	10090.ENSMUSP00000048643	80.0	8
5028269	10090.ENSMUSP00000081142	79.3	11
5020207	10090.ENSMUSP00000032237	78.9	31
5029316	10090.ENSMUSP00000091180	78.7	39
5030008	10090.ENSMUSP00000095656	78.7	39
5016098	10090.ENSMUSP00000008893	78.5	24
5015464	10090.ENSMUSP00000001834	78.3	15
5035196	10090.ENSMUSP00000129178	77.8	12
5017245	10090.ENSMUSP00000021574	77.7	24
5023336	10090.ENSMUSP00000048111	77.1	11
5029931	10090.ENSMUSP00000095197	76.9	52
5020898	10090.ENSMUSP00000034547	76.7	20
5019862	10090.ENSMUSP00000031061	76.7	48
5017691	10090.ENSMUSP00000023043	76.2	20
5018949	10090.ENSMUSP00000027961	76.1	28
5021044	10090.ENSMUSP00000034983	75.8	12
5018857	10090.ENSMUSP00000027602	75.5	29
5032184	10090.ENSMUSP00000105321	74.9	35
5029435	10090.ENSMUSP00000091943	74.8	16
5018288	10090.ENSMUSP00000025562	74.6	24
5024522	10090.ENSMUSP00000055637	74.5	6
5019415	10090.ENSMUSP00000029610	74.1	5
5018555	10090.ENSMUSP00000026470	73.7	19
5016406	10090.ENSMUSP00000015877	73.7	19
5023381	10090.ENSMUSP00000048348	73.6	16
5025465	10090.ENSMUSP00000061923	72.8	54
5027581	10090.ENSMUSP00000076971	72.4	22
5020296	10090.ENSMUSP00000032555	72.1	10
5016939	10090.ENSMUSP00000020522	72.0	31
5019579	10090.ENSMUSP00000030118	71.2	21
5019855	10090.ENSMUSP00000031038	70.9	5
5019020	10090.ENSMUSP00000028225	70.8	21
5022348	10090.ENSMUSP00000042283	70.7	32
5019260	10090.ENSMUSP00000029078	70.7	17
5017638	10090.ENSMUSP00000022849	70.5	25
5020747	10090.ENSMUSP00000034131	70.4	30
5015918	10090.ENSMUSP00000006254	69.9	13
5028629	10090.ENSMUSP00000084541	69.6	6
5016007	10090.ENSMUSP00000007012	69.5	12
5025347	10090.ENSMUSP00000061092	69.0	14
5033367	10090.ENSMUSP00000112442	68.5	21
5020460	10090.ENSMUSP00000033160	68.4	17
5035974	10090.ENSMUSP00000133933	67.9	29
5032877	10090.ENSMUSP00000109235	67.2	13
5030499	10090.ENSMUSP00000097444	66.8	33
5018355	10090.ENSMUSP00000025778	66.5	22
5020494	10090.ENSMUSP00000033283	66.4	21
5015840	10090.ENSMUSP00000005503	66.2	60
5030749	10090.ENSMUSP00000098631	65.7	6
5020405	10090.ENSMUSP00000032992	65.6	42
5017622	10090.ENSMUSP00000022803	65.3	9
5016245	10090.ENSMUSP00000012612	64.9	8
5021167	10090.ENSMUSP00000035456	64.8	12
5034811	10090.ENSMUSP00000126897	64.1	40
5016820	10090.ENSMUSP00000020099	64.0	11
5015451	10090.ENSMUSP00000001716	63.9	11
5019840	10090.ENSMUSP00000030986	63.9	15
5018526	10090.ENSMUSP00000026387	63.4	9
5018905	10090.ENSMUSP00000027797	63.2	20
5023356	10090.ENSMUSP00000048222	62.9	17
5034574	10090.ENSMUSP00000125504	62.5	4
5035697	10090.ENSMUSP00000131976	62.0	21
5020413	10090.ENSMUSP00000033008	62.0	12
5018909	10090.ENSMUSP00000027810	61.9	21
5019299	10090.ENSMUSP00000029214	61.8	17
5016996	10090.ENSMUSP00000020717	61.5	12
5024891	10090.ENSMUSP00000058105	61.3	10
5016926	10090.ENSMUSP00000020484	60.2	44
5015730	10090.ENSMUSP00000004202	60.0	68
5037153	10090.ENSMUSP00000140515	59.9	32
5030313	10090.ENSMUSP00000096829	59.9	32
5018263	10090.ENSMUSP00000025474	59.4	7
5033277	10090.ENSMUSP00000111415	59.2	15
5026003	10090.ENSMUSP00000066038	59.2	10
5019035	10090.ENSMUSP00000028278	58.8	7
5016449	10090.ENSMUSP00000016399	58.6	229
5033859	10090.ENSMUSP00000116259	58.4	20
5015277	10090.ENSMUSP00000000312	58.0	22
5027902	10090.ENSMUSP00000078901	58.0	25
5020226	10090.ENSMUSP00000032309	57.6	19
5016272	10090.ENSMUSP00000013773	57.5	81
5028834	10090.ENSMUSP00000086542	57.0	18
5024191	10090.ENSMUSP00000053474	56.9	10
5018444	10090.ENSMUSP00000026050	56.9	13
5016581	10090.ENSMUSP00000018431	56.0	10
5023335	10090.ENSMUSP00000048101	55.7	13
5029170	10090.ENSMUSP00000089680	55.6	72
5018716	10090.ENSMUSP00000027127	55.5	40
5032866	10090.ENSMUSP00000109164	54.0	10
5020466	10090.ENSMUSP00000033176	54.0	9
5016641	10090.ENSMUSP00000018875	53.9	25
5027520	10090.ENSMUSP00000076575	53.8	12
5024704	10090.ENSMUSP00000056785	52.5	6
5021120	10090.ENSMUSP00000035237	52.2	24
5016307	10090.ENSMUSP00000014545	52.0	32
5027281	10090.ENSMUSP00000075094	51.9	8
5016016	10090.ENSMUSP00000007212	51.8	62
5028034	10090.ENSMUSP00000079722	51.8	10
5022464	10090.ENSMUSP00000043111	51.7	3
5015731	10090.ENSMUSP00000004203	51.6	8
5028268	10090.ENSMUSP00000081141	51.3	13
5027007	10090.ENSMUSP00000073459	51.1	9
5018363	10090.ENSMUSP00000025804	51.0	7
5015880	10090.ENSMUSP00000005841	51.0	24
5017482	10090.ENSMUSP00000022341	50.4	6
5036714	10090.ENSMUSP00000137596	50.2	33
5019171	10090.ENSMUSP00000028817	50.2	33
5036585	10090.ENSMUSP00000137253	50.1	9
5034981	10090.ENSMUSP00000127885	49.7	51
5016058	10090.ENSMUSP00000007980	49.5	6
5019764	10090.ENSMUSP00000030771	49.4	10
5017543	10090.ENSMUSP00000022573	49.4	10
5026606	10090.ENSMUSP00000071054	49.3	17
5016645	10090.ENSMUSP00000018905	48.9	4
5015657	10090.ENSMUSP00000003527	47.8	48
5026964	10090.ENSMUSP00000073161	47.6	8
5017670	10090.ENSMUSP00000022960	47.6	18
5019588	10090.ENSMUSP00000030138	47.1	17
5018108	10090.ENSMUSP00000024946	46.4	10
5033251	10090.ENSMUSP00000111269	46.4	35
5017645	10090.ENSMUSP00000022865	46.3	6
5034791	10090.ENSMUSP00000126825	46.2	9
5020052	10090.ENSMUSP00000031637	46.2	2
5032427	10090.ENSMUSP00000106784	46.0	30
5017724	10090.ENSMUSP00000023116	45.8	17
5021937	10090.ENSMUSP00000039853	45.7	35
5030078	10090.ENSMUSP00000095816	45.6	13
5019763	10090.ENSMUSP00000030769	45.5	13
5032608	10090.ENSMUSP00000107750	45.3	18
5018039	10090.ENSMUSP00000024727	45.1	24
5020906	10090.ENSMUSP00000034567	45.0	11
5032102	10090.ENSMUSP00000104883	45.0	7
5022946	10090.ENSMUSP00000045901	44.1	14
5023320	10090.ENSMUSP00000048036	44.0	14
5031734	10090.ENSMUSP00000103007	43.6	9
5018856	10090.ENSMUSP00000027601	43.1	18
5016639	10090.ENSMUSP00000018851	42.8	98
5023266	10090.ENSMUSP00000047756	42.4	28
5017621	10090.ENSMUSP00000022793	42.0	23
5028736	10090.ENSMUSP00000085581	42.0	4
5016500	10090.ENSMUSP00000017365	41.9	12
5028208	10090.ENSMUSP00000080767	41.8	6
5035893	10090.ENSMUSP00000133154	41.7	31
5022692	10090.ENSMUSP00000044417	41.2	4
5032317	10090.ENSMUSP00000106017	41.2	8
5031994	10090.ENSMUSP00000104301	41.2	74
5015807	10090.ENSMUSP00000005057	41.1	14
5026905	10090.ENSMUSP00000072775	41.1	45
5027279	10090.ENSMUSP00000075089	40.9	21
5019660	10090.ENSMUSP00000030381	40.8	25
5034570	10090.ENSMUSP00000125491	40.6	10
5017416	10090.ENSMUSP00000022122	40.6	24
5018616	10090.ENSMUSP00000026667	40.5	31
5016884	10090.ENSMUSP00000020317	40.2	5
5026773	10090.ENSMUSP00000072008	40.2	30
5015279	10090.ENSMUSP00000000317	40.1	24
5034076	10090.ENSMUSP00000119600	39.9	15
5033621	10090.ENSMUSP00000113685	38.9	5
5017081	10090.ENSMUSP00000021040	38.7	35
5031719	10090.ENSMUSP00000102926	38.7	18
5026619	10090.ENSMUSP00000071163	38.6	15
5028159	10090.ENSMUSP00000080531	37.8	7
5034392	10090.ENSMUSP00000124093	37.8	20
5022372	10090.ENSMUSP00000042416	37.6	3
5023887	10090.ENSMUSP00000051569	37.3	8
5016317	10090.ENSMUSP00000014684	37.2	3
5021754	10090.ENSMUSP00000038839	37.1	13
5033979	10090.ENSMUSP00000118179	37.0	31
5015334	10090.ENSMUSP00000000828	36.7	35
5018826	10090.ENSMUSP00000027494	36.5	15
5017086	10090.ENSMUSP00000021049	36.2	10
5018383	10090.ENSMUSP00000025851	35.6	10
5031019	10090.ENSMUSP00000099671	35.5	48
5031029	10090.ENSMUSP00000099685	34.9	8
5015780	10090.ENSMUSP00000004784	34.7	13
5021902	10090.ENSMUSP00000039657	34.7	23
5035024	10090.ENSMUSP00000128163	34.6	45
5026886	10090.ENSMUSP00000072669	34.5	5
5019606	10090.ENSMUSP00000030187	34.4	29
5025092	10090.ENSMUSP00000059276	34.3	17
5030962	10090.ENSMUSP00000099561	34.2	3
5036504	10090.ENSMUSP00000137011	34.1	45
5036564	10090.ENSMUSP00000137195	34.1	45
5032577	10090.ENSMUSP00000107595	33.7	45
5022813	10090.ENSMUSP00000045150	33.6	6
5018114	10090.ENSMUSP00000024967	33.6	12
5019774	10090.ENSMUSP00000030795	33.4	9
5015244	10090.ENSMUSP00000000090	33.4	6
5018750	10090.ENSMUSP00000027252	33.1	27
5017014	10090.ENSMUSP00000020820	32.9	4
5028230	10090.ENSMUSP00000080949	32.8	27
5022532	10090.ENSMUSP00000043543	32.7	3
5032022	10090.ENSMUSP00000104478	32.7	6
5028964	10090.ENSMUSP00000087756	32.6	90
5034037	10090.ENSMUSP00000119065	32.5	7
5019589	10090.ENSMUSP00000030140	32.4	19
5021877	10090.ENSMUSP00000039518	31.6	10
5016888	10090.ENSMUSP00000020334	31.4	12
5036103	10090.ENSMUSP00000135476	31.4	15
5035333	10090.ENSMUSP00000129789	31.3	5
5023648	10090.ENSMUSP00000050076	31.2	4
5035069	10090.ENSMUSP00000128421	31.2	9
5032687	10090.ENSMUSP00000108237	31.2	11
5020250	10090.ENSMUSP00000032402	30.9	5
5030282	10090.ENSMUSP00000096701	30.9	28
5016220	10090.ENSMUSP00000011492	30.5	7
5016999	10090.ENSMUSP00000020741	30.5	7
5016010	10090.ENSMUSP00000007130	30.5	21
5033956	10090.ENSMUSP00000117690	30.3	8
5016017	10090.ENSMUSP00000007216	30.3	11
5021350	10090.ENSMUSP00000036555	30.2	20
5018907	10090.ENSMUSP00000027802	30.0	14
5019184	10090.ENSMUSP00000028852	29.6	9
5031831	10090.ENSMUSP00000103531	29.3	90
5031817	10090.ENSMUSP00000103474	29.2	8
5032700	10090.ENSMUSP00000108313	28.8	30
5031557	10090.ENSMUSP00000101924	28.8	33
5018462	10090.ENSMUSP00000026133	28.7	14
5030070	10090.ENSMUSP00000095803	28.7	2
5017103	10090.ENSMUSP00000021091	28.7	12
5035424	10090.ENSMUSP00000130294	28.6	15
5027877	10090.ENSMUSP00000078747	28.6	2
5034445	10090.ENSMUSP00000124551	28.5	10
5020720	10090.ENSMUSP00000034045	28.4	7
5035593	10090.ENSMUSP00000131318	28.3	6
5035786	10090.ENSMUSP00000132498	28.3	11
5020396	10090.ENSMUSP00000032963	28.1	5
5021708	10090.ENSMUSP00000038580	28.1	5
5032637	10090.ENSMUSP00000107927	28.1	21
5018861	10090.ENSMUSP00000027626	28.0	5
5036164	10090.ENSMUSP00000135967	27.9	39
5030617	10090.ENSMUSP00000097797	27.6	32
5025394	10090.ENSMUSP00000061474	27.6	7
5026013	10090.ENSMUSP00000066138	27.6	12
5031543	10090.ENSMUSP00000101866	27.6	11
5034535	10090.ENSMUSP00000125285	27.5	3
5018510	10090.ENSMUSP00000026292	27.5	36
5032306	10090.ENSMUSP00000105985	27.5	6
5035051	10090.ENSMUSP00000128331	27.3	10
5027483	10090.ENSMUSP00000076336	27.2	51
5028285	10090.ENSMUSP00000081334	26.9	1
5033503	10090.ENSMUSP00000113071	26.9	22
5034973	10090.ENSMUSP00000127842	26.7	11
5028786	10090.ENSMUSP00000086094	26.1	24
5029177	10090.ENSMUSP00000089728	26.0	9
5016230	10090.ENSMUSP00000012028	25.8	2
5031383	10090.ENSMUSP00000101006	25.8	1
5024823	10090.ENSMUSP00000057687	25.6	2
5021814	10090.ENSMUSP00000039134	25.5	15
5022527	10090.ENSMUSP00000043519	25.4	5
5028594	10090.ENSMUSP00000084252	25.3	2
5025828	10090.ENSMUSP00000064545	25.3	4
5020176	10090.ENSMUSP00000032143	25.3	13
5031628	10090.ENSMUSP00000102368	25.1	8
5027735	10090.ENSMUSP00000077972	24.8	8
5028620	10090.ENSMUSP00000084466	24.8	4
5034342	10090.ENSMUSP00000123590	24.8	14
5023083	10090.ENSMUSP00000046732	24.7	6
5035123	10090.ENSMUSP00000128759	24.7	5
5018509	10090.ENSMUSP00000026289	24.6	5
5031674	10090.ENSMUSP00000102622	24.5	13
5018873	10090.ENSMUSP00000027677	24.4	2
5022716	10090.ENSMUSP00000044554	24.3	8
5020084	10090.ENSMUSP00000031726	24.2	29
5027264	10090.ENSMUSP00000075018	24.2	3
5015990	10090.ENSMUSP00000006854	24.2	16
5019092	10090.ENSMUSP00000028511	24.1	3
5030656	10090.ENSMUSP00000098043	24.0	1
5017164	10090.ENSMUSP00000021306	24.0	14
5022942	10090.ENSMUSP00000045873	24.0	16
5033066	10090.ENSMUSP00000110314	23.7	11
5016522	10090.ENSMUSP00000017629	23.7	53
5034500	10090.ENSMUSP00000125003	23.7	9
5028058	10090.ENSMUSP00000079905	23.6	13
5023744	10090.ENSMUSP00000050689	23.6	13
5017444	10090.ENSMUSP00000022218	23.5	2
5017756	10090.ENSMUSP00000023219	23.2	31
5031227	10090.ENSMUSP00000100212	23.2	3
5025818	10090.ENSMUSP00000064515	23.0	8
5029957	10090.ENSMUSP00000095316	22.8	5
5035397	10090.ENSMUSP00000130145	22.8	7
5015431	10090.ENSMUSP00000001592	22.8	16
5017864	10090.ENSMUSP00000023598	22.7	3
5026355	10090.ENSMUSP00000069081	22.6	3
5018917	10090.ENSMUSP00000027839	22.6	2
5018560	10090.ENSMUSP00000026479	22.5	5
5015845	10090.ENSMUSP00000005548	22.5	5
5026245	10090.ENSMUSP00000068174	22.3	4
5016491	10090.ENSMUSP00000017270	22.1	37
5035741	10090.ENSMUSP00000132241	21.9	19
5023343	10090.ENSMUSP00000048153	21.9	12
5033080	10090.ENSMUSP00000110374	21.9	12
5019480	10090.ENSMUSP00000029780	21.9	3
5035612	10090.ENSMUSP00000131457	21.8	7
5015803	10090.ENSMUSP00000005017	21.8	19
5031497	10090.ENSMUSP00000101622	21.8	3
5018392	10090.ENSMUSP00000025885	21.7	4
5028020	10090.ENSMUSP00000079664	21.7	8
5021157	10090.ENSMUSP00000035417	21.6	25
5020275	10090.ENSMUSP00000032476	21.6	3
5031041	10090.ENSMUSP00000099705	21.5	2
5015513	10090.ENSMUSP00000002198	21.4	7
5030069	10090.ENSMUSP00000095802	21.2	2
5018002	10090.ENSMUSP00000024206	21.1	29
5018980	10090.ENSMUSP00000028083	20.9	4
5016583	10090.ENSMUSP00000018449	20.9	30
5023332	10090.ENSMUSP00000048084	20.2	13
5017315	10090.ENSMUSP00000021807	20.2	3
5024688	10090.ENSMUSP00000056703	20.1	1
5035615	10090.ENSMUSP00000131471	20.1	6
5016729	10090.ENSMUSP00000019608	19.9	2
5016244	10090.ENSMUSP00000012587	19.9	12
5015850	10090.ENSMUSP00000005606	19.7	5
5024107	10090.ENSMUSP00000052942	19.7	5
5031103	10090.ENSMUSP00000099835	19.3	7
5027513	10090.ENSMUSP00000076533	19.2	10
5035996	10090.ENSMUSP00000134112	19.1	9
5026256	10090.ENSMUSP00000068267	18.6	6
5017247	10090.ENSMUSP00000021595	18.5	5
5027142	10090.ENSMUSP00000074317	18.2	24
5015310	10090.ENSMUSP00000000590	18.2	20
5022323	10090.ENSMUSP00000042155	18.1	10
5019112	10090.ENSMUSP00000028599	17.9	5
5025080	10090.ENSMUSP00000059192	17.8	11
5035720	10090.ENSMUSP00000132102	17.6	1
5025278	10090.ENSMUSP00000060523	17.6	1
5017110	10090.ENSMUSP00000021133	17.6	8
5020733	10090.ENSMUSP00000034079	17.6	6
5020685	10090.ENSMUSP00000033934	17.5	2
5015672	10090.ENSMUSP00000003622	17.5	3
5015937	10090.ENSMUSP00000006467	17.4	4
5018772	10090.ENSMUSP00000027303	17.4	3
5035923	10090.ENSMUSP00000133372	17.4	4
5022328	10090.ENSMUSP00000042181	17.3	1
5029218	10090.ENSMUSP00000090245	17.2	2
5018252	10090.ENSMUSP00000025419	17.1	33
5015784	10090.ENSMUSP00000004910	17.0	4
5018807	10090.ENSMUSP00000027432	16.9	10
5020857	10090.ENSMUSP00000034432	16.9	2
5034579	10090.ENSMUSP00000125548	16.8	2
5026503	10090.ENSMUSP00000070303	16.7	5
5018320	10090.ENSMUSP00000025679	16.7	4
5020613	10090.ENSMUSP00000033727	16.6	18
5015712	10090.ENSMUSP00000004054	16.4	6
5017085	10090.ENSMUSP00000021048	16.4	11
5028776	10090.ENSMUSP00000085993	16.2	14
5030666	10090.ENSMUSP00000098076	16.2	9
5026483	10090.ENSMUSP00000070140	16.2	2
5027510	10090.ENSMUSP00000076521	16.0	9
5027957	10090.ENSMUSP00000079228	15.9	1
5018116	10090.ENSMUSP00000024972	15.9	3
5020111	10090.ENSMUSP00000031838	15.6	11
5037281	10090.ENSMUSP00000141166	15.6	16
5025820	10090.ENSMUSP00000064518	15.6	16
5019814	10090.ENSMUSP00000030903	15.6	3
5031399	10090.ENSMUSP00000101082	15.5	4
5016468	10090.ENSMUSP00000016680	15.4	11
5017897	10090.ENSMUSP00000023714	15.3	16
5017893	10090.ENSMUSP00000023709	15.3	16
5028194	10090.ENSMUSP00000080686	15.3	1
5031508	10090.ENSMUSP00000101669	15.2	5
5020656	10090.ENSMUSP00000033866	15.2	5
5021300	10090.ENSMUSP00000036246	15.2	16
5019121	10090.ENSMUSP00000028619	14.9	4
5016296	10090.ENSMUSP00000014339	14.8	4
5034921	10090.ENSMUSP00000127526	14.7	2
5018487	10090.ENSMUSP00000026218	14.7	6
5020658	10090.ENSMUSP00000033873	14.5	2
5024034	10090.ENSMUSP00000052465	14.5	14
5016008	10090.ENSMUSP00000007042	14.4	4
5015775	10090.ENSMUSP00000004729	14.3	2
5015315	10090.ENSMUSP00000000642	14.3	6
5018895	10090.ENSMUSP00000027768	14.3	18
5024363	10090.ENSMUSP00000054634	14.0	1
5026489	10090.ENSMUSP00000070209	14.0	3
5019328	10090.ENSMUSP00000029358	13.9	8
5030333	10090.ENSMUSP00000096932	13.9	2
5035144	10090.ENSMUSP00000128871	13.9	3
5021156	10090.ENSMUSP00000035415	13.9	3
5026277	10090.ENSMUSP00000068479	13.7	1
5023688	10090.ENSMUSP00000050336	13.7	4
5021923	10090.ENSMUSP00000039784	13.5	1
5034206	10090.ENSMUSP00000121358	13.3	7
5035963	10090.ENSMUSP00000133844	13.3	2
5020594	10090.ENSMUSP00000033662	13.3	2
5020896	10090.ENSMUSP00000034541	13.2	2
5016423	10090.ENSMUSP00000016072	13.1	6
5035486	10090.ENSMUSP00000130722	13.1	3
5017809	10090.ENSMUSP00000023432	13.1	2
5016060	10090.ENSMUSP00000008004	13.1	5
5022362	10090.ENSMUSP00000042351	13.0	6
5019038	10090.ENSMUSP00000028282	12.9	14
5033501	10090.ENSMUSP00000113068	12.7	1
5031300	10090.ENSMUSP00000100667	12.7	1
5033594	10090.ENSMUSP00000113560	12.6	2
5021215	10090.ENSMUSP00000035734	12.6	52
5019401	10090.ENSMUSP00000029564	12.6	2
5018587	10090.ENSMUSP00000026560	12.5	4
5026368	10090.ENSMUSP00000069230	12.5	1
5017828	10090.ENSMUSP00000023486	12.4	5
5017423	10090.ENSMUSP00000022147	12.3	1
5017456	10090.ENSMUSP00000022256	12.3	4
5018806	10090.ENSMUSP00000027431	12.2	2
5023378	10090.ENSMUSP00000048337	12.2	7
5021665	10090.ENSMUSP00000038368	12.1	11
5018421	10090.ENSMUSP00000025965	11.8	5
5020328	10090.ENSMUSP00000032735	11.7	3
5019483	10090.ENSMUSP00000029786	11.7	2
5018119	10090.ENSMUSP00000024981	11.6	1
5020703	10090.ENSMUSP00000033995	11.5	1
5023247	10090.ENSMUSP00000047665	11.5	1
5029054	10090.ENSMUSP00000088493	11.4	13
5022735	10090.ENSMUSP00000044653	11.4	2
5018313	10090.ENSMUSP00000025649	11.2	8
5025536	10090.ENSMUSP00000062412	11.2	4
5034186	10090.ENSMUSP00000121127	11.2	13
5015322	10090.ENSMUSP00000000727	11.0	2
5024283	10090.ENSMUSP00000054084	11.0	17
5031172	10090.ENSMUSP00000099979	10.9	9
5028851	10090.ENSMUSP00000086701	10.8	2
5017092	10090.ENSMUSP00000021063	10.7	6
5015874	10090.ENSMUSP00000005824	10.7	1
5033139	10090.ENSMUSP00000110673	10.7	3
5028812	10090.ENSMUSP00000086366	10.7	16
5016518	10090.ENSMUSP00000017597	10.7	2
5018827	10090.ENSMUSP00000027495	10.6	3
5022682	10090.ENSMUSP00000044361	10.6	18
5022760	10090.ENSMUSP00000044831	10.6	3
5032394	10090.ENSMUSP00000106509	10.3	1
5028205	10090.ENSMUSP00000080743	10.3	7
5025997	10090.ENSMUSP00000065987	10.3	5
5018612	10090.ENSMUSP00000026661	10.2	1
5019989	10090.ENSMUSP00000031423	10.1	5
5015822	10090.ENSMUSP00000005234	10.1	6
5018536	10090.ENSMUSP00000026416	10.0	4
5018354	10090.ENSMUSP00000025774	9.99	5
5023177	10090.ENSMUSP00000047320	9.91	1
5029657	10090.ENSMUSP00000093173	9.89	2
5030890	10090.ENSMUSP00000099409	9.86	2
5035148	10090.ENSMUSP00000128889	9.74	4
5015594	10090.ENSMUSP00000002911	9.72	18
5034407	10090.ENSMUSP00000124274	9.67	2
5016646	10090.ENSMUSP00000018909	9.67	4
5016889	10090.ENSMUSP00000020339	9.67	4
5035135	10090.ENSMUSP00000128819	9.64	8
5033502	10090.ENSMUSP00000113070	9.61	14
5020839	10090.ENSMUSP00000034388	9.59	6
5030960	10090.ENSMUSP00000099558	9.5	7
5016025	10090.ENSMUSP00000007255	9.33	2
5028361	10090.ENSMUSP00000081912	9.32	11
5017751	10090.ENSMUSP00000023210	9.3	2
5021117	10090.ENSMUSP00000035230	9.27	1
5025974	10090.ENSMUSP00000065770	9.27	7
5036895	10090.ENSMUSP00000138965	9.1	19
5017139	10090.ENSMUSP00000021226	9.09	1
5017028	10090.ENSMUSP00000020886	9.0	2
5020002	10090.ENSMUSP00000031478	8.95	2
5018196	10090.ENSMUSP00000025253	8.95	52
5016196	10090.ENSMUSP00000010795	8.87	5
5025776	10090.ENSMUSP00000064163	8.83	24
5020299	10090.ENSMUSP00000032561	8.83	2
5015610	10090.ENSMUSP00000003061	8.8	4
5033734	10090.ENSMUSP00000114381	8.76	3
5037249	10090.ENSMUSP00000141003	8.74	3
5034696	10090.ENSMUSP00000126284	8.54	2
5019044	10090.ENSMUSP00000028302	8.52	1
5020702	10090.ENSMUSP00000033992	8.49	3
5027075	10090.ENSMUSP00000073868	8.38	1
5036852	10090.ENSMUSP00000138433	8.36	52
5035809	10090.ENSMUSP00000132659	8.33	2
5032153	10090.ENSMUSP00000105174	8.26	3
5033949	10090.ENSMUSP00000117616	8.23	6
5031215	10090.ENSMUSP00000100059	8.23	3
5031006	10090.ENSMUSP00000099650	8.21	5
5034692	10090.ENSMUSP00000126268	8.13	3
5031354	10090.ENSMUSP00000100868	8.07	13
5034282	10090.ENSMUSP00000122623	8.01	1
5030865	10090.ENSMUSP00000099364	8.01	3
5034166	10090.ENSMUSP00000120911	7.99	5
5022440	10090.ENSMUSP00000042967	7.97	1
5035913	10090.ENSMUSP00000133276	7.95	3
5031481	10090.ENSMUSP00000101514	7.94	3
5019683	10090.ENSMUSP00000030455	7.89	4
5036849	10090.ENSMUSP00000138399	7.74	7
5029481	10090.ENSMUSP00000092230	7.73	6
5027882	10090.ENSMUSP00000078761	7.72	1
5015364	10090.ENSMUSP00000001079	7.68	4
5033090	10090.ENSMUSP00000110434	7.68	2
5034798	10090.ENSMUSP00000126849	7.68	2
5019747	10090.ENSMUSP00000030702	7.65	2
5028278	10090.ENSMUSP00000081271	7.54	2
5032391	10090.ENSMUSP00000106481	7.51	2
5018518	10090.ENSMUSP00000026328	7.5	4
5034189	10090.ENSMUSP00000121203	7.42	1
5018787	10090.ENSMUSP00000027373	7.38	1
5036548	10090.ENSMUSP00000137146	7.35	6
5036702	10090.ENSMUSP00000137563	7.35	6
5030762	10090.ENSMUSP00000098728	7.35	6
5036774	10090.ENSMUSP00000137889	7.35	6
5036414	10090.ENSMUSP00000136709	7.35	6
5032272	10090.ENSMUSP00000105780	7.35	6
5028607	10090.ENSMUSP00000084387	7.35	6
5036489	10090.ENSMUSP00000136949	7.35	6
5027611	10090.ENSMUSP00000077223	7.35	6
5017755	10090.ENSMUSP00000023217	7.32	5
5023391	10090.ENSMUSP00000048416	7.29	2
5015870	10090.ENSMUSP00000005810	7.26	2
5035041	10090.ENSMUSP00000128278	7.25	9
5031398	10090.ENSMUSP00000101080	7.2	11
5017439	10090.ENSMUSP00000022203	7.17	2
5028958	10090.ENSMUSP00000087713	7.14	1
5030918	10090.ENSMUSP00000099469	7.14	5
5035841	10090.ENSMUSP00000132838	7.05	12
5025741	10090.ENSMUSP00000063894	7.0	2
5031442	10090.ENSMUSP00000101367	6.97	10
5028930	10090.ENSMUSP00000087457	6.91	3
5031412	10090.ENSMUSP00000101185	6.88	1
5023901	10090.ENSMUSP00000051657	6.73	2
5016222	10090.ENSMUSP00000011526	6.71	1
5016011	10090.ENSMUSP00000007139	6.65	1
5022214	10090.ENSMUSP00000041538	6.65	1
5031801	10090.ENSMUSP00000103400	6.63	2
5020641	10090.ENSMUSP00000033809	6.54	3
5035956	10090.ENSMUSP00000133736	6.54	3
5031967	10090.ENSMUSP00000104164	6.52	1
5034650	10090.ENSMUSP00000125993	6.48	2
5035803	10090.ENSMUSP00000132640	6.34	9
5027689	10090.ENSMUSP00000077685	6.31	1
5021235	10090.ENSMUSP00000035884	6.28	1
5020013	10090.ENSMUSP00000031524	6.24	1
5015703	10090.ENSMUSP00000003946	6.18	2
5015951	10090.ENSMUSP00000006611	6.15	1
5031675	10090.ENSMUSP00000102624	6.14	6
5028856	10090.ENSMUSP00000086716	6.12	18
5032972	10090.ENSMUSP00000109767	6.08	14
5029434	10090.ENSMUSP00000091940	6.04	3
5016927	10090.ENSMUSP00000020485	6.0	1
5020179	10090.ENSMUSP00000032157	5.98	1
5017175	10090.ENSMUSP00000021335	5.95	3
5027373	10090.ENSMUSP00000075655	5.95	2
5020827	10090.ENSMUSP00000034359	5.95	1
5031623	10090.ENSMUSP00000102343	5.89	2
5020038	10090.ENSMUSP00000031598	5.87	2
5018267	10090.ENSMUSP00000025483	5.86	1
5031242	10090.ENSMUSP00000100503	5.85	12
5025255	10090.ENSMUSP00000060346	5.71	1
5019207	10090.ENSMUSP00000028916	5.66	3
5017394	10090.ENSMUSP00000022062	5.64	2
5019357	10090.ENSMUSP00000029444	5.59	3
5023847	10090.ENSMUSP00000051333	5.57	4
5022933	10090.ENSMUSP00000045812	5.56	3
5025681	10090.ENSMUSP00000063335	5.49	9
5020840	10090.ENSMUSP00000034392	5.48	1
5018516	10090.ENSMUSP00000026324	5.47	4
5021057	10090.ENSMUSP00000035033	5.46	3
5028021	10090.ENSMUSP00000079667	5.46	2
5036122	10090.ENSMUSP00000135720	5.46	10
5037205	10090.ENSMUSP00000140784	5.42	1
5015415	10090.ENSMUSP00000001485	5.4	1
5033595	10090.ENSMUSP00000113561	5.38	10
5033469	10090.ENSMUSP00000112930	5.35	1
5028250	10090.ENSMUSP00000081010	5.32	1
5032269	10090.ENSMUSP00000105774	5.3	6
5031464	10090.ENSMUSP00000101431	5.25	2
5022673	10090.ENSMUSP00000044288	5.24	3
5033461	10090.ENSMUSP00000112897	5.21	3
5018464	10090.ENSMUSP00000026135	5.19	1
5017313	10090.ENSMUSP00000021803	5.13	5
5036613	10090.ENSMUSP00000137317	5.06	6
5032270	10090.ENSMUSP00000105775	5.06	6
5035868	10090.ENSMUSP00000132993	5.06	6
5036343	10090.ENSMUSP00000136486	5.06	6
5032271	10090.ENSMUSP00000105776	5.06	6
5032636	10090.ENSMUSP00000107914	5.04	1
5035128	10090.ENSMUSP00000128789	5.04	2
5033590	10090.ENSMUSP00000113540	5.02	1
5031580	10090.ENSMUSP00000102056	4.91	1
5020468	10090.ENSMUSP00000033179	4.9	1
5019996	10090.ENSMUSP00000031447	4.88	2
5031461	10090.ENSMUSP00000101412	4.84	4
5036657	10090.ENSMUSP00000137429	4.84	6
5032699	10090.ENSMUSP00000108311	4.81	1
5020435	10090.ENSMUSP00000033081	4.73	2
5015914	10090.ENSMUSP00000006181	4.65	1
5017511	10090.ENSMUSP00000022470	4.64	2
5029785	10090.ENSMUSP00000093965	4.53	3
5015251	10090.ENSMUSP00000000137	4.53	1
5032796	10090.ENSMUSP00000108767	4.49	1
5027185	10090.ENSMUSP00000074578	4.4	1
5015602	10090.ENSMUSP00000002989	4.36	1
5027514	10090.ENSMUSP00000076538	4.3	2
5023278	10090.ENSMUSP00000047797	4.25	2
5023453	10090.ENSMUSP00000048773	4.23	1
5028947	10090.ENSMUSP00000087633	4.18	3
5016079	10090.ENSMUSP00000008517	4.16	1
5031235	10090.ENSMUSP00000100474	4.15	1
5034214	10090.ENSMUSP00000121562	4.15	1
5024315	10090.ENSMUSP00000054307	4.12	1
5032279	10090.ENSMUSP00000105833	4.09	3
5033298	10090.ENSMUSP00000111560	3.98	6
5027507	10090.ENSMUSP00000076503	3.97	2
5022344	10090.ENSMUSP00000042260	3.96	3
5017191	10090.ENSMUSP00000021381	3.94	1
5016966	10090.ENSMUSP00000020608	3.9	2
5016150	10090.ENSMUSP00000009774	3.9	2
5034706	10090.ENSMUSP00000126340	3.85	6
5017747	10090.ENSMUSP00000023179	3.79	1
5017075	10090.ENSMUSP00000021018	3.79	1
5031140	10090.ENSMUSP00000099902	3.77	13
5031710	10090.ENSMUSP00000102853	3.76	1
5030071	10090.ENSMUSP00000095804	3.66	1
5028698	10090.ENSMUSP00000085244	3.65	3
5018720	10090.ENSMUSP00000027139	3.65	2
5035009	10090.ENSMUSP00000128056	3.63	1
5031496	10090.ENSMUSP00000101620	3.63	2
5016940	10090.ENSMUSP00000020523	3.61	1
5032166	10090.ENSMUSP00000105243	3.61	5
5018399	10090.ENSMUSP00000025906	3.57	3
5025722	10090.ENSMUSP00000063719	3.56	7
5016968	10090.ENSMUSP00000020629	3.54	2
5025183	10090.ENSMUSP00000059801	3.48	6
5017254	10090.ENSMUSP00000021611	3.47	4
5016247	10090.ENSMUSP00000012664	3.42	2
5018237	10090.ENSMUSP00000025385	3.41	1
5035347	10090.ENSMUSP00000129828	3.39	2
5023473	10090.ENSMUSP00000048877	3.39	3
5019359	10090.ENSMUSP00000029446	3.35	2
5030121	10090.ENSMUSP00000095965	3.32	2
5026038	10090.ENSMUSP00000066359	3.3	1
5032138	10090.ENSMUSP00000105094	3.29	1
5018539	10090.ENSMUSP00000026427	3.28	2
5035973	10090.ENSMUSP00000133931	3.27	2
5026595	10090.ENSMUSP00000070957	3.19	1
5030382	10090.ENSMUSP00000097154	3.17	1
5015432	10090.ENSMUSP00000001595	3.16	2
5020499	10090.ENSMUSP00000033310	3.13	5
5029858	10090.ENSMUSP00000094515	3.13	1
5026292	10090.ENSMUSP00000068594	3.11	2
5015607	10090.ENSMUSP00000003038	3.1	4
5030786	10090.ENSMUSP00000098895	3.06	2
5035286	10090.ENSMUSP00000129557	3.01	2
5029252	10090.ENSMUSP00000090568	2.98	1
5018240	10090.ENSMUSP00000025393	2.98	1
5015921	10090.ENSMUSP00000006301	2.95	1
5029501	10090.ENSMUSP00000092355	2.91	1
5017498	10090.ENSMUSP00000022429	2.86	1
5024319	10090.ENSMUSP00000054338	2.85	1
5028164	10090.ENSMUSP00000080550	2.8	1
5020333	10090.ENSMUSP00000032754	2.8	1
5034054	10090.ENSMUSP00000119356	2.73	2
5016046	10090.ENSMUSP00000007747	2.71	1
5022829	10090.ENSMUSP00000045229	2.71	7
5018802	10090.ENSMUSP00000027421	2.66	3
5028727	10090.ENSMUSP00000085523	2.6	1
5025370	10090.ENSMUSP00000061278	2.6	1
5019545	10090.ENSMUSP00000029987	2.57	5
5018085	10090.ENSMUSP00000024860	2.57	2
5018324	10090.ENSMUSP00000025684	2.55	2
5033282	10090.ENSMUSP00000111471	2.55	1
5020400	10090.ENSMUSP00000032974	2.49	2
5019854	10090.ENSMUSP00000031037	2.45	2
5032923	10090.ENSMUSP00000109523	2.44	2
5028104	10090.ENSMUSP00000080214	2.44	2
5027230	10090.ENSMUSP00000074827	2.44	1
5033810	10090.ENSMUSP00000115645	2.42	1
5032196	10090.ENSMUSP00000105396	2.4	4
5016615	10090.ENSMUSP00000018698	2.39	2
5017234	10090.ENSMUSP00000021539	2.35	1
5022055	10090.ENSMUSP00000040531	2.34	1
5024878	10090.ENSMUSP00000058021	2.33	1
5019766	10090.ENSMUSP00000030775	2.21	7
5018939	10090.ENSMUSP00000027921	2.2	1
5026203	10090.ENSMUSP00000067708	2.12	3
5026326	10090.ENSMUSP00000068895	2.06	1
5019314	10090.ENSMUSP00000029303	2.05	1
5029076	10090.ENSMUSP00000088727	2.02	10
5023891	10090.ENSMUSP00000051619	2.01	3
5015633	10090.ENSMUSP00000003320	1.95	1
5036496	10090.ENSMUSP00000136972	1.9	1
5022524	10090.ENSMUSP00000043488	1.85	1
5026015	10090.ENSMUSP00000066181	1.84	1
5026592	10090.ENSMUSP00000070927	1.81	2
5017067	10090.ENSMUSP00000020991	1.8	4
5016838	10090.ENSMUSP00000020169	1.8	1
5020869	10090.ENSMUSP00000034466	1.8	1
5015506	10090.ENSMUSP00000002121	1.75	2
5027909	10090.ENSMUSP00000078945	1.75	7
5031473	10090.ENSMUSP00000101480	1.7	1
5032737	10090.ENSMUSP00000108485	1.63	1
5032458	10090.ENSMUSP00000106970	1.6	1
5023033	10090.ENSMUSP00000046496	1.57	1
5017823	10090.ENSMUSP00000023467	1.56	1
5029149	10090.ENSMUSP00000089462	1.47	3
5015291	10090.ENSMUSP00000000394	1.45	1
5034423	10090.ENSMUSP00000124376	1.45	3
5032832	10090.ENSMUSP00000108961	1.41	1
5015267	10090.ENSMUSP00000000253	1.39	2
5026684	10090.ENSMUSP00000071569	1.38	5
5015422	10090.ENSMUSP00000001544	1.35	1
5018645	10090.ENSMUSP00000026839	1.33	1
5022015	10090.ENSMUSP00000040315	1.32	3
5031092	10090.ENSMUSP00000099810	1.31	1
5032386	10090.ENSMUSP00000106401	1.29	3
5021122	10090.ENSMUSP00000035244	1.28	1
5017513	10090.ENSMUSP00000022480	1.23	2
5034320	10090.ENSMUSP00000123270	1.22	2
5015650	10090.ENSMUSP00000003461	1.21	2
5032943	10090.ENSMUSP00000109633	1.2	3
5032888	10090.ENSMUSP00000109288	1.19	1
5033778	10090.ENSMUSP00000115062	1.18	2
5025540	10090.ENSMUSP00000062429	1.14	1
5015752	10090.ENSMUSP00000004470	1.12	2
5027859	10090.ENSMUSP00000078682	1.08	1
5034463	10090.ENSMUSP00000124710	1.06	2
5021788	10090.ENSMUSP00000039018	1.05	2
5016299	10090.ENSMUSP00000014421	1.04	2
5032686	10090.ENSMUSP00000108235	1.02	2
5035592	10090.ENSMUSP00000131316	0.984	2
5015382	10090.ENSMUSP00000001179	0.916	2
5029973	10090.ENSMUSP00000095433	0.904	4
5015585	10090.ENSMUSP00000002850	0.88	3
5029259	10090.ENSMUSP00000090633	0.848	3
5028749	10090.ENSMUSP00000085734	0.847	1
5027799	10090.ENSMUSP00000078339	0.846	1
5031011	10090.ENSMUSP00000099657	0.846	1
5016767	10090.ENSMUSP00000019911	0.843	1
5019669	10090.ENSMUSP00000030404	0.837	1
5016344	10090.ENSMUSP00000015138	0.825	2
5020198	10090.ENSMUSP00000032203	0.812	1
5019870	10090.ENSMUSP00000031090	0.761	1
5021859	10090.ENSMUSP00000039422	0.749	1
5021914	10090.ENSMUSP00000039709	0.718	1
5032874	10090.ENSMUSP00000109229	0.714	3
5022998	10090.ENSMUSP00000046204	0.701	1
5015497	10090.ENSMUSP00000002081	0.694	1
5019560	10090.ENSMUSP00000030039	0.681	1
5017469	10090.ENSMUSP00000022296	0.636	1
5033819	10090.ENSMUSP00000115738	0.62	1
5019079	10090.ENSMUSP00000028398	0.588	1
5017212	10090.ENSMUSP00000021458	0.574	6
5030896	10090.ENSMUSP00000099421	0.565	1
5016227	10090.ENSMUSP00000011895	0.558	6
5022491	10090.ENSMUSP00000043281	0.537	1
5016103	10090.ENSMUSP00000008991	0.51	6
5033417	10090.ENSMUSP00000112665	0.491	1
5019673	10090.ENSMUSP00000030420	0.481	2
5034980	10090.ENSMUSP00000127878	0.478	1
5027391	10090.ENSMUSP00000075772	0.457	2
5034275	10090.ENSMUSP00000122471	0.449	1
5028671	10090.ENSMUSP00000084977	0.428	1
5018876	10090.ENSMUSP00000027687	0.421	1
5036127	10090.ENSMUSP00000135827	0.382	1
5029966	10090.ENSMUSP00000095392	0.373	3
5031740	10090.ENSMUSP00000103034	0.321	1
5016030	10090.ENSMUSP00000007275	0.314	1
5028029	10090.ENSMUSP00000079699	0.286	1
5028353	10090.ENSMUSP00000081867	0.284	1
5016029	10090.ENSMUSP00000007272	0.267	1
5027325	10090.ENSMUSP00000075376	0.25	1
5016528	10090.ENSMUSP00000017743	0.248	1
5027143	10090.ENSMUSP00000074340	0.225	1
5016031	10090.ENSMUSP00000007280	0.216	1
5021083	10090.ENSMUSP00000035112	0.21	1
5023257	10090.ENSMUSP00000047697	0.19	1
5030561	10090.ENSMUSP00000097561	0.115	1
