#id: 2117186237
#name: M.musculus - Erythrocyte, SC (Kruger,cell,2008)
#score: 3.1
#weight: 100%
#description: abundance based on Spectral counting, Interaction consistency score: 3.1, Coverage: 1
#organ: ERYTHROCYTE
#integrated: false
#coverage: 1
#link: http://www.sciencedirect.com/science/article/pii/S0092867408006958
#publication_year: 2008
#filename: 10090-Mouse_erythrocytes_Kruger2008_cell.txt
#
#internal_id	string_external_id	abundance	raw_spectral_count
5020288	10090.ENSMUSP00000032510	18828	32
5018912	10090.ENSMUSP00000027817	15552	77
5022374	10090.ENSMUSP00000042457	13993	8
5017212	10090.ENSMUSP00000021458	13219	63
5019943	10090.ENSMUSP00000031314	11755	18
5021094	10090.ENSMUSP00000035158	11254	24
5016399	10090.ENSMUSP00000015800	11235	13
5034799	10090.ENSMUSP00000126850	11222	4
5017208	10090.ENSMUSP00000021443	10779	22
5020205	10090.ENSMUSP00000032228	10754	26
5016882	10090.ENSMUSP00000020315	10363	28
5017489	10090.ENSMUSP00000022369	9865	21
5028698	10090.ENSMUSP00000085244	9499	19
5019982	10090.ENSMUSP00000031402	9478	5
5021017	10090.ENSMUSP00000034905	9449	10
5022825	10090.ENSMUSP00000045216	9426	3
5016969	10090.ENSMUSP00000020630	9358	21
5025724	10090.ENSMUSP00000063734	8370	7
5029290	10090.ENSMUSP00000090897	8366	5
5029289	10090.ENSMUSP00000090895	8366	5
5033597	10090.ENSMUSP00000113571	8351	28
5031492	10090.ENSMUSP00000101595	8344	16
5034206	10090.ENSMUSP00000121358	8325	12
5019597	10090.ENSMUSP00000030164	8217	15
5030865	10090.ENSMUSP00000099364	8205	12
5030061	10090.ENSMUSP00000095794	7775	6
5017968	10090.ENSMUSP00000023934	7775	6
5034968	10090.ENSMUSP00000127808	7743	24
5031109	10090.ENSMUSP00000099853	7424	4
5028211	10090.ENSMUSP00000080791	7227	18
5018596	10090.ENSMUSP00000026576	7054	3
5020909	10090.ENSMUSP00000034585	7018	9
5033503	10090.ENSMUSP00000113071	6983	3
5031081	10090.ENSMUSP00000099790	6720	11
5034963	10090.ENSMUSP00000127774	6706	2
5026606	10090.ENSMUSP00000071054	6671	6
5030891	10090.ENSMUSP00000099411	6646	5
5015974	10090.ENSMUSP00000006749	6624	9
5029090	10090.ENSMUSP00000088857	6525	17
5020372	10090.ENSMUSP00000032898	6295	17
5016515	10090.ENSMUSP00000017572	6283	6
5027918	10090.ENSMUSP00000079022	6237	7
5032556	10090.ENSMUSP00000107492	6225	9
5017828	10090.ENSMUSP00000023486	6215	9
5018394	10090.ENSMUSP00000025891	6157	11
5020859	10090.ENSMUSP00000034441	5948	17
5016888	10090.ENSMUSP00000020334	5885	14
5027520	10090.ENSMUSP00000076575	5828	4
5036365	10090.ENSMUSP00000136544	5814	9
5028122	10090.ENSMUSP00000080302	5814	9
5028665	10090.ENSMUSP00000084918	5683	8
5029216	10090.ENSMUSP00000090227	5616	2
5032406	10090.ENSMUSP00000106612	5476	6
5018122	10090.ENSMUSP00000024988	5460	19
5017862	10090.ENSMUSP00000023590	5332	3
5018807	10090.ENSMUSP00000027432	5289	14
5028659	10090.ENSMUSP00000084882	5084	4
5015890	10090.ENSMUSP00000005964	4910	2
5025635	10090.ENSMUSP00000062996	4875	7
5028656	10090.ENSMUSP00000084846	4860	7
5018045	10090.ENSMUSP00000024739	4844	15
5029177	10090.ENSMUSP00000089728	4794	5
5035671	10090.ENSMUSP00000131832	4789	3
5016537	10090.ENSMUSP00000017851	4765	2
5035543	10090.ENSMUSP00000130979	4679	7
5028081	10090.ENSMUSP00000080058	4657	9
5032331	10090.ENSMUSP00000106090	4642	5
5035408	10090.ENSMUSP00000130195	4628	2
5028268	10090.ENSMUSP00000081141	4607	5
5023067	10090.ENSMUSP00000046636	4589	3
5022976	10090.ENSMUSP00000046101	4575	6
5032804	10090.ENSMUSP00000108804	4564	4
5025183	10090.ENSMUSP00000059801	4563	4
5018538	10090.ENSMUSP00000026425	4493	5
5022316	10090.ENSMUSP00000042095	4488	7
5016732	10090.ENSMUSP00000019615	4487	2
5034791	10090.ENSMUSP00000126825	4476	3
5035937	10090.ENSMUSP00000133564	4403	7
5029931	10090.ENSMUSP00000095197	4386	8
5033298	10090.ENSMUSP00000111560	4377	17
5026337	10090.ENSMUSP00000068971	4358	3
5028875	10090.ENSMUSP00000086852	4336	2
5034113	10090.ENSMUSP00000120096	4336	2
5030604	10090.ENSMUSP00000097747	4334	7
5031151	10090.ENSMUSP00000099933	4207	8
5023047	10090.ENSMUSP00000046530	4205	6
5015968	10090.ENSMUSP00000006703	4204	8
5031172	10090.ENSMUSP00000099979	4165	9
5015412	10090.ENSMUSP00000001479	4165	7
5019260	10090.ENSMUSP00000029078	4159	3
5030301	10090.ENSMUSP00000096777	4148	4
5032580	10090.ENSMUSP00000107609	4110	6
5028036	10090.ENSMUSP00000079727	4101	8
5027346	10090.ENSMUSP00000075513	4101	8
5026074	10090.ENSMUSP00000066621	4088	3
5025912	10090.ENSMUSP00000065275	4008	3
5016116	10090.ENSMUSP00000009234	3976	5
5015310	10090.ENSMUSP00000000590	3947	3
5017103	10090.ENSMUSP00000021091	3947	3
5019606	10090.ENSMUSP00000030187	3944	21
5026689	10090.ENSMUSP00000071589	3801	3
5023437	10090.ENSMUSP00000048704	3759	2
5018587	10090.ENSMUSP00000026560	3745	5
5017092	10090.ENSMUSP00000021063	3670	4
5015481	10090.ENSMUSP00000001989	3652	17
5020633	10090.ENSMUSP00000033775	3650	4
5017086	10090.ENSMUSP00000021049	3613	5
5021433	10090.ENSMUSP00000037018	3605	4
5029032	10090.ENSMUSP00000088320	3587	3
5034044	10090.ENSMUSP00000119242	3459	5
5029432	10090.ENSMUSP00000091921	3450	12
5031078	10090.ENSMUSP00000099785	3427	3
5017492	10090.ENSMUSP00000022380	3384	4
5020077	10090.ENSMUSP00000031697	3368	4
5017132	10090.ENSMUSP00000021197	3360	4
5021992	10090.ENSMUSP00000040220	3306	2
5021273	10090.ENSMUSP00000036093	3271	4
5032958	10090.ENSMUSP00000109705	3261	2
5018383	10090.ENSMUSP00000025851	3118	4
5021112	10090.ENSMUSP00000035216	3093	7
5017638	10090.ENSMUSP00000022849	3077	3
5017247	10090.ENSMUSP00000021595	3071	2
5018627	10090.ENSMUSP00000026704	3058	5
5017456	10090.ENSMUSP00000022256	3036	3
5021310	10090.ENSMUSP00000036288	3011	4
5026262	10090.ENSMUSP00000068328	2956	7
5031691	10090.ENSMUSP00000102724	2941	5
5032535	10090.ENSMUSP00000107370	2934	2
5016855	10090.ENSMUSP00000020238	2932	6
5020768	10090.ENSMUSP00000034189	2879	5
5015251	10090.ENSMUSP00000000137	2822	3
5019763	10090.ENSMUSP00000030769	2819	4
5030921	10090.ENSMUSP00000099475	2818	10
5035936	10090.ENSMUSP00000133523	2811	2
5025557	10090.ENSMUSP00000062496	2783	2
5026567	10090.ENSMUSP00000070751	2769	2
5019094	10090.ENSMUSP00000028517	2740	2
5024348	10090.ENSMUSP00000054499	2709	10
5019118	10090.ENSMUSP00000028610	2680	4
5016470	10090.ENSMUSP00000016771	2676	18
5017691	10090.ENSMUSP00000023043	2654	2
5015413	10090.ENSMUSP00000001480	2650	4
5017515	10090.ENSMUSP00000022496	2640	2
5019553	10090.ENSMUSP00000030018	2542	2
5019025	10090.ENSMUSP00000028239	2485	3
5015607	10090.ENSMUSP00000003038	2469	4
5023507	10090.ENSMUSP00000049104	2468	3
5016016	10090.ENSMUSP00000007212	2464	4
5032349	10090.ENSMUSP00000106180	2460	4
5016654	10090.ENSMUSP00000018992	2429	3
5030499	10090.ENSMUSP00000097444	2411	5
5017885	10090.ENSMUSP00000023684	2399	5
5018909	10090.ENSMUSP00000027810	2396	2
5034981	10090.ENSMUSP00000127885	2368	5
5028834	10090.ENSMUSP00000086542	2357	3
5032786	10090.ENSMUSP00000108723	2338	6
5026378	10090.ENSMUSP00000069318	2330	2
5022180	10090.ENSMUSP00000041299	2318	6
5028856	10090.ENSMUSP00000086716	2304	8
5018318	10090.ENSMUSP00000025668	2284	2
5032520	10090.ENSMUSP00000107252	2271	2
5028338	10090.ENSMUSP00000081782	2267	5
5019139	10090.ENSMUSP00000028683	2267	3
5028384	10090.ENSMUSP00000082130	2252	4
5021581	10090.ENSMUSP00000037858	2232	3
5020109	10090.ENSMUSP00000031822	2197	3
5031143	10090.ENSMUSP00000099909	2193	2
5023347	10090.ENSMUSP00000048183	2189	3
5035489	10090.ENSMUSP00000130738	2174	4
5033277	10090.ENSMUSP00000111415	2171	3
5034724	10090.ENSMUSP00000126449	2116	5
5020130	10090.ENSMUSP00000031899	2085	3
5024098	10090.ENSMUSP00000052872	2026	11
5028385	10090.ENSMUSP00000082132	2013	4
5027041	10090.ENSMUSP00000073695	2013	4
5017028	10090.ENSMUSP00000020886	1962	2
5032942	10090.ENSMUSP00000109630	1933	5
5015966	10090.ENSMUSP00000006697	1919	4
5026854	10090.ENSMUSP00000072510	1918	2
5020152	10090.ENSMUSP00000032069	1917	3
5026385	10090.ENSMUSP00000069418	1912	3
5015422	10090.ENSMUSP00000001544	1865	3
5018182	10090.ENSMUSP00000025218	1864	2
5032246	10090.ENSMUSP00000105657	1858	2
5032579	10090.ENSMUSP00000107607	1856	6
5035271	10090.ENSMUSP00000129504	1829	4
5027723	10090.ENSMUSP00000077909	1808	4
5029644	10090.ENSMUSP00000093101	1777	4
5034692	10090.ENSMUSP00000126268	1769	2
5020405	10090.ENSMUSP00000032992	1745	3
5034604	10090.ENSMUSP00000125745	1743	5
5030578	10090.ENSMUSP00000097623	1723	5
5034839	10090.ENSMUSP00000127034	1717	3
5018357	10090.ENSMUSP00000025786	1717	3
5023545	10090.ENSMUSP00000049355	1713	5
5023976	10090.ENSMUSP00000052146	1711	2
5018565	10090.ENSMUSP00000026495	1702	2
5017865	10090.ENSMUSP00000023599	1696	3
5017859	10090.ENSMUSP00000023583	1695	2
5017975	10090.ENSMUSP00000023994	1684	2
5015854	10090.ENSMUSP00000005620	1670	2
5017861	10090.ENSMUSP00000023589	1652	5
5031803	10090.ENSMUSP00000103402	1638	2
5032539	10090.ENSMUSP00000107388	1636	2
5017155	10090.ENSMUSP00000021282	1592	3
5036436	10090.ENSMUSP00000136791	1589	2
5023247	10090.ENSMUSP00000047665	1579	2
5031501	10090.ENSMUSP00000101651	1525	3
5018313	10090.ENSMUSP00000025649	1506	4
5018965	10090.ENSMUSP00000028004	1487	2
5016363	10090.ENSMUSP00000015435	1486	2
5019022	10090.ENSMUSP00000028233	1482	4
5035107	10090.ENSMUSP00000128696	1478	2
5022729	10090.ENSMUSP00000044616	1478	4
5034392	10090.ENSMUSP00000124093	1446	3
5020181	10090.ENSMUSP00000032165	1421	2
5021867	10090.ENSMUSP00000039472	1416	2
5017956	10090.ENSMUSP00000023873	1397	2
5018416	10090.ENSMUSP00000025955	1397	3
5035888	10090.ENSMUSP00000133117	1389	3
5018551	10090.ENSMUSP00000026459	1378	3
5029037	10090.ENSMUSP00000088349	1378	4
5029038	10090.ENSMUSP00000088358	1378	4
5019138	10090.ENSMUSP00000028681	1362	2
5033732	10090.ENSMUSP00000114356	1301	2
5022771	10090.ENSMUSP00000044903	1295	4
5036057	10090.ENSMUSP00000134825	1271	5
5033338	10090.ENSMUSP00000112174	1235	2
5016939	10090.ENSMUSP00000020522	1229	2
5016738	10090.ENSMUSP00000019649	1180	2
5027930	10090.ENSMUSP00000079070	1177	5
5018826	10090.ENSMUSP00000027494	1160	2
5022864	10090.ENSMUSP00000045409	1144	3
5028070	10090.ENSMUSP00000079967	1127	5
5027907	10090.ENSMUSP00000078940	1123	2
5015459	10090.ENSMUSP00000001809	1121	5
5022939	10090.ENSMUSP00000045841	1082	4
5034867	10090.ENSMUSP00000127198	1066	3
5025452	10090.ENSMUSP00000061851	1066	3
5036911	10090.ENSMUSP00000139132	1043	2
5027483	10090.ENSMUSP00000076336	1023	4
5021404	10090.ENSMUSP00000036881	1022	2
5032128	10090.ENSMUSP00000105028	1018	3
5018185	10090.ENSMUSP00000025229	1016	2
5018315	10090.ENSMUSP00000025656	1015	2
5016199	10090.ENSMUSP00000010899	975	3
5026078	10090.ENSMUSP00000066639	959	5
5022360	10090.ENSMUSP00000042342	958	3
5027295	10090.ENSMUSP00000075178	958	3
5025240	10090.ENSMUSP00000060246	958	3
5018151	10090.ENSMUSP00000025083	947	7
5017301	10090.ENSMUSP00000021773	922	2
5020891	10090.ENSMUSP00000034529	909	2
5018984	10090.ENSMUSP00000028102	882	7
5021902	10090.ENSMUSP00000039657	851	2
5023354	10090.ENSMUSP00000048218	838	4
5028961	10090.ENSMUSP00000087736	838	4
5020862	10090.ENSMUSP00000034453	838	4
5034973	10090.ENSMUSP00000127842	821	2
5030300	10090.ENSMUSP00000096775	802	7
5023251	10090.ENSMUSP00000047678	772	2
5033460	10090.ENSMUSP00000112871	759	2
5022439	10090.ENSMUSP00000042959	754	2
5023289	10090.ENSMUSP00000047872	745	3
5027151	10090.ENSMUSP00000074392	738	2
5027200	10090.ENSMUSP00000074658	730	4
5022971	10090.ENSMUSP00000046046	713	2
5031735	10090.ENSMUSP00000103012	685	2
5025398	10090.ENSMUSP00000061493	683	2
5026670	10090.ENSMUSP00000071486	678	4
5030665	10090.ENSMUSP00000098066	678	4
5023800	10090.ENSMUSP00000051033	668	2
5036927	10090.ENSMUSP00000139264	668	4
5028735	10090.ENSMUSP00000085580	642	2
5028644	10090.ENSMUSP00000084713	642	2
5021120	10090.ENSMUSP00000035237	637	2
5031160	10090.ENSMUSP00000099953	624	3
5017858	10090.ENSMUSP00000023580	622	3
5028631	10090.ENSMUSP00000084572	621	2
5029869	10090.ENSMUSP00000094778	618	2
5027550	10090.ENSMUSP00000076777	618	2
5026203	10090.ENSMUSP00000067708	496	2
5033953	10090.ENSMUSP00000117677	486	2
5033809	10090.ENSMUSP00000115578	483	2
5020606	10090.ENSMUSP00000033699	480	4
5017240	10090.ENSMUSP00000021554	417	2
5030884	10090.ENSMUSP00000099397	377	3
5025636	10090.ENSMUSP00000063001	372	3
5029113	10090.ENSMUSP00000089212	244	3
5034756	10090.ENSMUSP00000126623	220	2
5029973	10090.ENSMUSP00000095433	178	2
5035920	10090.ENSMUSP00000133341	139	2
5026033	10090.ENSMUSP00000066325	119	2
