#id: 2448948233
#name: S.aureus Mu50 - Whole organism, SC (Gpm,aug,2014)
#score: 11.4
#weight: 100%
#description: abundance based on Spectral counting, Interaction consistency score: 11.4, Coverage: 57
#organ: WHOLE_ORGANISM
#integrated: false
#coverage: 57
#link: http://www.thegpm.org/
#publication_year: 2014
#filename: 1280-158878_GPM_201408.txt
#
#internal_id	string_external_id	abundance	raw_spectral_count
122158	1280.SAXN108_2819	48030	19337
121890	1280.SAXN108_2551	47057	7235
121773	1280.SAXN108_2434	18945	11155
119941	1280.SAXN108_0602	13261	25446
121709	1280.SAXN108_2370	12338	6514
120833	1280.SAXN108_1494	12037	4450
121836	1280.SAXN108_2497	11253	2039
120179	1280.SAXN108_0840	9189	12318
120758	1280.SAXN108_1419	8919	1938
119933	1280.SAXN108_0594	8641	3943
121820	1280.SAXN108_2481	8459	4351
121886	1280.SAXN108_2547	7250	6541
121833	1280.SAXN108_2494	7171	2269
119754	1280.SAXN108_0415	6876	1646
121077	1280.SAXN108_1738	6744	5910
121044	1280.SAXN108_1705	6582	805
121825	1280.SAXN108_2486	5969	2346
121831	1280.SAXN108_2492	5912	2612
119939	1280.SAXN108_0600	5841	3247
119892	1280.SAXN108_0553	5787	2831
120598	1280.SAXN108_1259	5612	8184
120183	1280.SAXN108_0844	5463	11056
121213	1280.SAXN108_1874	5448	2906
121826	1280.SAXN108_2487	5385	4520
120616	1280.SAXN108_1277	5314	574
120246	1280.SAXN108_0907	5259	424
121824	1280.SAXN108_2485	5209	3790
120429	1280.SAXN108_1090	5134	3565
119940	1280.SAXN108_0601	5008	14871
120581	1280.SAXN108_1242	4801	1154
119932	1280.SAXN108_0593	4753	2851
121815	1280.SAXN108_2476	4681	1849
121837	1280.SAXN108_2498	4641	2953
120597	1280.SAXN108_1258	4455	4091
120523	1280.SAXN108_1184	4441	4925
120806	1280.SAXN108_1467	4395	1267
120071	1280.SAXN108_0732	4334	2281
121807	1280.SAXN108_2468	4331	2493
121832	1280.SAXN108_2493	4220	2781
121812	1280.SAXN108_2473	4165	1867
121822	1280.SAXN108_2483	4007	2946
121704	1280.SAXN108_2365	3991	1198
120418	1280.SAXN108_1079	3949	2169
121838	1280.SAXN108_2499	3923	2350
120200	1280.SAXN108_0861	3830	773
119930	1280.SAXN108_0591	3806	1587
121813	1280.SAXN108_2474	3784	3520
120428	1280.SAXN108_1089	3778	1441
121041	1280.SAXN108_1702	3778	4417
121839	1280.SAXN108_2500	3734	1234
120432	1280.SAXN108_1093	3638	5999
120479	1280.SAXN108_1140	3595	2044
120939	1280.SAXN108_1600	3492	209
120945	1280.SAXN108_1606	3491	7994
121806	1280.SAXN108_2467	3463	1358
120430	1280.SAXN108_1091	3424	5536
121821	1280.SAXN108_2482	3403	550
121814	1280.SAXN108_2475	3398	1811
119938	1280.SAXN108_0599	3301	976
120873	1280.SAXN108_1534	3276	6503
119966	1280.SAXN108_0627	3273	2562
119385	1280.SAXN108_0046	3262	7905
119770	1280.SAXN108_0431	3257	2992
121087	1280.SAXN108_1748	3194	2816
120782	1280.SAXN108_1443	3175	1278
121108	1280.SAXN108_1769	3122	2728
119931	1280.SAXN108_0592	3073	2830
121835	1280.SAXN108_2496	3048	3016
120175	1280.SAXN108_0836	3026	1543
120950	1280.SAXN108_1611	3025	423
120600	1280.SAXN108_1261	3024	1228
121823	1280.SAXN108_2484	3022	869
120977	1280.SAXN108_1638	2913	1645
120698	1280.SAXN108_1359	2904	8791
121013	1280.SAXN108_1674	2867	1399
120181	1280.SAXN108_0842	2827	3638
120180	1280.SAXN108_0841	2807	2946
120296	1280.SAXN108_0957	2786	4407
122215	1280.SAXN108_2876	2736	3898
121467	1280.SAXN108_2128	2730	511
121073	1280.SAXN108_1734	2730	1109
120578	1280.SAXN108_1239	2690	581
121065	1280.SAXN108_1726	2662	6922
120431	1280.SAXN108_1092	2635	4503
120914	1280.SAXN108_1575	2634	2577
121209	1280.SAXN108_1870	2621	2099
121222	1280.SAXN108_1883	2573	2029
120705	1280.SAXN108_1366	2568	7451
120314	1280.SAXN108_0975	2566	1168
121829	1280.SAXN108_2490	2539	638
120248	1280.SAXN108_0909	2480	3114
120125	1280.SAXN108_0786	2407	6324
121834	1280.SAXN108_2495	2404	1057
120653	1280.SAXN108_1314	2334	4330
121004	1280.SAXN108_1665	2333	846
120836	1280.SAXN108_1497	2282	4027
121830	1280.SAXN108_2491	2274	602
120992	1280.SAXN108_1653	2253	249
119904	1280.SAXN108_0565	2246	2935
121687	1280.SAXN108_2348	2241	5488
120571	1280.SAXN108_1232	2223	448
120022	1280.SAXN108_0683	2209	1531
121722	1280.SAXN108_2383	2202	1824
120158	1280.SAXN108_0819	2191	1385
121689	1280.SAXN108_2350	2184	3547
119595	1280.SAXN108_0256	2120	1254
119601	1280.SAXN108_0262	2108	976
122321	1280.SAXN108_2982	2090	357
121365	1280.SAXN108_2026	2074	297
121080	1280.SAXN108_1741	2071	1497
120018	1280.SAXN108_0679	2068	1209
121122	1280.SAXN108_1783	2045	843
120937	1280.SAXN108_1598	2032	3146
120690	1280.SAXN108_1351	2030	3924
122010	1280.SAXN108_2671	2016	2051
121691	1280.SAXN108_2352	2010	957
120673	1280.SAXN108_1334	1972	736
120570	1280.SAXN108_1231	1942	2001
119935	1280.SAXN108_0596	1910	8654
121818	1280.SAXN108_2479	1896	2340
120419	1280.SAXN108_1080	1844	3537
122216	1280.SAXN108_2877	1839	4314
120596	1280.SAXN108_1257	1786	1709
120346	1280.SAXN108_1007	1773	1353
119868	1280.SAXN108_0529	1772	610
120317	1280.SAXN108_0978	1772	2504
121100	1280.SAXN108_1761	1769	3373
121339	1280.SAXN108_2000	1745	596
120891	1280.SAXN108_1552	1732	968
119762	1280.SAXN108_0423	1729	1316
119983	1280.SAXN108_0644	1723	2102
120425	1280.SAXN108_1086	1721	659
119899	1280.SAXN108_0560	1719	324
120214	1280.SAXN108_0875	1688	416
121817	1280.SAXN108_2478	1667	532
121690	1280.SAXN108_2351	1665	1029
121759	1280.SAXN108_2420	1636	363
121046	1280.SAXN108_1707	1635	893
119435	1280.SAXN108_0096	1621	1337
119936	1280.SAXN108_0597	1607	8919
121827	1280.SAXN108_2488	1597	379
120587	1280.SAXN108_1248	1595	1725
121775	1280.SAXN108_2436	1593	661
121792	1280.SAXN108_2453	1592	981
119574	1280.SAXN108_0235	1547	1918
121696	1280.SAXN108_2357	1535	1603
119778	1280.SAXN108_0439	1520	3117
121107	1280.SAXN108_1768	1505	678
121723	1280.SAXN108_2384	1489	929
121045	1280.SAXN108_1706	1485	121
120441	1280.SAXN108_1102	1481	1127
119944	1280.SAXN108_0605	1478	1468
120350	1280.SAXN108_1011	1463	916
121330	1280.SAXN108_1991	1461	1069
120302	1280.SAXN108_0963	1456	2186
120926	1280.SAXN108_1587	1426	3296
120399	1280.SAXN108_1060	1421	1674
120275	1280.SAXN108_0936	1421	2570
120586	1280.SAXN108_1247	1415	2631
120946	1280.SAXN108_1607	1405	1079
119909	1280.SAXN108_0570	1377	1374
120403	1280.SAXN108_1064	1370	801
120398	1280.SAXN108_1059	1361	466
120382	1280.SAXN108_1043	1356	1292
120182	1280.SAXN108_0843	1348	1659
121337	1280.SAXN108_1998	1339	2909
121059	1280.SAXN108_1720	1331	1701
121649	1280.SAXN108_2310	1330	1049
121460	1280.SAXN108_2121	1324	3289
121150	1280.SAXN108_1811	1310	1365
121011	1280.SAXN108_1672	1307	428
121721	1280.SAXN108_2382	1301	1879
120529	1280.SAXN108_1190	1299	950
119947	1280.SAXN108_0608	1291	2604
121203	1280.SAXN108_1864	1286	996
121638	1280.SAXN108_2299	1285	1985
119452	1280.SAXN108_0113	1281	1110
119888	1280.SAXN108_0549	1272	772
120293	1280.SAXN108_0954	1271	2098
120115	1280.SAXN108_0776	1264	580
120389	1280.SAXN108_1050	1264	7195
120249	1280.SAXN108_0910	1250	1996
121359	1280.SAXN108_2020	1248	1674
121371	1280.SAXN108_2032	1232	1201
122254	1280.SAXN108_2915	1218	2565
122067	1280.SAXN108_2728	1218	891
120199	1280.SAXN108_0860	1215	999
120288	1280.SAXN108_0949	1205	809
120075	1280.SAXN108_0736	1204	874
122135	1280.SAXN108_2796	1202	2189
120890	1280.SAXN108_1551	1179	431
121697	1280.SAXN108_2358	1167	1660
120612	1280.SAXN108_1273	1160	2955
119775	1280.SAXN108_0436	1147	718
119929	1280.SAXN108_0590	1139	1340
119779	1280.SAXN108_0440	1128	2372
121712	1280.SAXN108_2373	1122	933
120783	1280.SAXN108_1444	1118	765
119756	1280.SAXN108_0417	1114	282
120036	1280.SAXN108_0697	1112	1358
121665	1280.SAXN108_2326	1110	1945
121882	1280.SAXN108_2543	1096	566
121338	1280.SAXN108_1999	1090	2341
120699	1280.SAXN108_1360	1083	368
119901	1280.SAXN108_0562	1081	826
120396	1280.SAXN108_1057	1073	1428
121686	1280.SAXN108_2347	1070	550
119902	1280.SAXN108_0563	1069	2731
120094	1280.SAXN108_0755	1068	710
121244	1280.SAXN108_1905	1068	672
120409	1280.SAXN108_1070	1067	2155
119358	1280.SAXN108_0019	1058	1896
121888	1280.SAXN108_2549	1056	1602
120402	1280.SAXN108_1063	1056	1381
121120	1280.SAXN108_1781	1056	1651
121318	1280.SAXN108_1979	1051	151
120170	1280.SAXN108_0831	1049	1321
120629	1280.SAXN108_1290	1043	1321
119908	1280.SAXN108_0569	1039	1280
119911	1280.SAXN108_0572	1031	1362
119342	1280.SAXN108_0003	1023	1700
121078	1280.SAXN108_1739	1022	2498
121066	1280.SAXN108_1727	1018	1499
120263	1280.SAXN108_0924	1007	885
121650	1280.SAXN108_2311	1005	515
119463	1280.SAXN108_0124	999	1822
120364	1280.SAXN108_1025	992	242
121718	1280.SAXN108_2379	989	513
119769	1280.SAXN108_0430	988	1894
119891	1280.SAXN108_0552	987	1473
120606	1280.SAXN108_1267	978	2507
120982	1280.SAXN108_1643	977	201
120522	1280.SAXN108_1183	970	1788
120548	1280.SAXN108_1209	966	348
120252	1280.SAXN108_0913	962	2160
120922	1280.SAXN108_1583	919	981
120530	1280.SAXN108_1191	919	3634
121744	1280.SAXN108_2405	906	1747
121461	1280.SAXN108_2122	904	479
120613	1280.SAXN108_1274	904	300
120887	1280.SAXN108_1548	897	786
119743	1280.SAXN108_0404	893	1072
120565	1280.SAXN108_1226	891	1668
120993	1280.SAXN108_1654	887	497
120908	1280.SAXN108_1569	878	188
121095	1280.SAXN108_1756	876	1162
121667	1280.SAXN108_2328	863	1016
121711	1280.SAXN108_2372	863	1544
119920	1280.SAXN108_0581	862	2228
120703	1280.SAXN108_1364	860	389
120984	1280.SAXN108_1645	855	319
121819	1280.SAXN108_2480	850	979
120444	1280.SAXN108_1105	846	1700
120462	1280.SAXN108_1123	842	211
121975	1280.SAXN108_2636	840	560
121207	1280.SAXN108_1868	829	504
121069	1280.SAXN108_1730	828	1132
120609	1280.SAXN108_1270	822	1312
121040	1280.SAXN108_1701	820	1497
120268	1280.SAXN108_0929	810	383
120617	1280.SAXN108_1278	807	2292
119917	1280.SAXN108_0578	804	3473
119975	1280.SAXN108_0636	802	1028
121738	1280.SAXN108_2399	796	1891
120215	1280.SAXN108_0876	794	238
119755	1280.SAXN108_0416	784	786
121048	1280.SAXN108_1709	780	2115
119350	1280.SAXN108_0011	772	1286
120426	1280.SAXN108_1087	766	664
121347	1280.SAXN108_2008	765	1871
120090	1280.SAXN108_0751	765	258
120266	1280.SAXN108_0927	763	1417
121096	1280.SAXN108_1757	755	1611
120449	1280.SAXN108_1110	753	4387
122210	1280.SAXN108_2871	752	957
122112	1280.SAXN108_2773	751	1090
120645	1280.SAXN108_1306	751	1795
120883	1280.SAXN108_1544	750	426
121680	1280.SAXN108_2341	750	628
121137	1280.SAXN108_1798	749	386
121104	1280.SAXN108_1765	744	1276
122144	1280.SAXN108_2805	743	1548
119346	1280.SAXN108_0007	736	1322
120513	1280.SAXN108_1174	729	430
121105	1280.SAXN108_1766	729	819
120404	1280.SAXN108_1065	727	740
121316	1280.SAXN108_1977	727	299
120336	1280.SAXN108_0997	727	1667
120569	1280.SAXN108_1230	726	765
120599	1280.SAXN108_1260	723	723
120138	1280.SAXN108_0799	721	1217
120811	1280.SAXN108_1472	721	1921
120213	1280.SAXN108_0874	717	346
120888	1280.SAXN108_1549	715	249
119773	1280.SAXN108_0434	715	842
121872	1280.SAXN108_2533	713	958
120331	1280.SAXN108_0992	713	650
120687	1280.SAXN108_1348	713	863
120752	1280.SAXN108_1413	710	458
121763	1280.SAXN108_2424	710	696
120897	1280.SAXN108_1558	708	1186
120985	1280.SAXN108_1646	707	3066
121111	1280.SAXN108_1772	699	739
119558	1280.SAXN108_0219	697	964
121828	1280.SAXN108_2489	697	269
121891	1280.SAXN108_2552	696	1382
120996	1280.SAXN108_1657	696	2099
119943	1280.SAXN108_0604	696	1413
120417	1280.SAXN108_1078	695	451
120427	1280.SAXN108_1088	695	294
121106	1280.SAXN108_1767	691	286
120784	1280.SAXN108_1445	691	612
121976	1280.SAXN108_2637	686	300
121706	1280.SAXN108_2367	684	1257
120397	1280.SAXN108_1058	684	1217
120841	1280.SAXN108_1502	683	827
121688	1280.SAXN108_2349	682	837
121001	1280.SAXN108_1662	677	622
119880	1280.SAXN108_0541	674	1915
120405	1280.SAXN108_1066	673	2178
119752	1280.SAXN108_0413	672	1156
120291	1280.SAXN108_0952	671	1097
120424	1280.SAXN108_1085	669	1520
120316	1280.SAXN108_0977	669	787
119514	1280.SAXN108_0175	667	1247
121121	1280.SAXN108_1782	664	1609
119464	1280.SAXN108_0125	664	1185
121060	1280.SAXN108_1721	662	1075
120867	1280.SAXN108_1528	661	1609
121378	1280.SAXN108_2039	657	1031
121352	1280.SAXN108_2013	656	906
120769	1280.SAXN108_1430	652	567
120879	1280.SAXN108_1540	652	572
120854	1280.SAXN108_1515	642	583
120909	1280.SAXN108_1570	637	841
121729	1280.SAXN108_2390	632	749
119982	1280.SAXN108_0643	631	941
121128	1280.SAXN108_1789	631	1806
121741	1280.SAXN108_2402	629	349
121053	1280.SAXN108_1714	624	550
120844	1280.SAXN108_1505	618	66
120292	1280.SAXN108_0953	617	1165
120771	1280.SAXN108_1432	617	2223
120788	1280.SAXN108_1449	615	337
121757	1280.SAXN108_2418	615	1221
120860	1280.SAXN108_1521	612	433
120822	1280.SAXN108_1483	611	509
120086	1280.SAXN108_0747	611	377
121674	1280.SAXN108_2335	610	751
120898	1280.SAXN108_1559	608	1019
120999	1280.SAXN108_1660	607	281
120618	1280.SAXN108_1279	606	1403
121178	1280.SAXN108_1839	606	264
121708	1280.SAXN108_2369	603	1236
122027	1280.SAXN108_2688	602	538
122012	1280.SAXN108_2673	600	1030
120835	1280.SAXN108_1496	596	948
121897	1280.SAXN108_2558	595	638
120816	1280.SAXN108_1477	595	741
119540	1280.SAXN108_0201	588	2135
121067	1280.SAXN108_1728	583	779
120069	1280.SAXN108_0730	583	421
121325	1280.SAXN108_1986	579	613
120746	1280.SAXN108_1407	573	1309
120991	1280.SAXN108_1652	573	66
121245	1280.SAXN108_1906	572	217
120012	1280.SAXN108_0673	571	1545
121841	1280.SAXN108_2502	571	658
120185	1280.SAXN108_0846	568	219
120510	1280.SAXN108_1171	562	145
121157	1280.SAXN108_1818	561	855
122170	1280.SAXN108_2831	559	688
120446	1280.SAXN108_1107	559	518
121033	1280.SAXN108_1694	558	1105
121684	1280.SAXN108_2345	557	1271
121034	1280.SAXN108_1695	554	857
120730	1280.SAXN108_1391	552	1132
120519	1280.SAXN108_1180	551	276
119345	1280.SAXN108_0006	548	1341
121029	1280.SAXN108_1690	545	2241
121219	1280.SAXN108_1880	545	775
120299	1280.SAXN108_0960	541	514
120564	1280.SAXN108_1225	531	555
120749	1280.SAXN108_1410	530	869
120385	1280.SAXN108_1046	528	471
120332	1280.SAXN108_0993	528	286
120855	1280.SAXN108_1516	527	458
120251	1280.SAXN108_0912	527	448
122038	1280.SAXN108_2699	527	230
120956	1280.SAXN108_1617	523	395
119359	1280.SAXN108_0020	520	492
120963	1280.SAXN108_1624	519	617
121233	1280.SAXN108_1894	518	471
120568	1280.SAXN108_1229	518	683
120407	1280.SAXN108_1068	516	635
120718	1280.SAXN108_1379	516	120
120137	1280.SAXN108_0798	515	1867
120892	1280.SAXN108_1553	513	968
121702	1280.SAXN108_2363	513	768
120944	1280.SAXN108_1605	513	753
122109	1280.SAXN108_2770	513	122
121215	1280.SAXN108_1876	506	431
119854	1280.SAXN108_0515	506	727
120406	1280.SAXN108_1067	504	706
120595	1280.SAXN108_1256	501	753
120267	1280.SAXN108_0928	501	766
120880	1280.SAXN108_1541	501	642
121683	1280.SAXN108_2344	501	282
120815	1280.SAXN108_1476	496	302
119967	1280.SAXN108_0628	495	501
120649	1280.SAXN108_1310	493	357
120269	1280.SAXN108_0930	492	549
119356	1280.SAXN108_0017	491	302
121156	1280.SAXN108_1817	491	813
120631	1280.SAXN108_1292	490	192
120159	1280.SAXN108_0820	489	1979
120306	1280.SAXN108_0967	489	88
121752	1280.SAXN108_2413	486	544
120889	1280.SAXN108_1550	486	1011
120110	1280.SAXN108_0771	484	536
120464	1280.SAXN108_1125	484	399
120554	1280.SAXN108_1215	481	712
121232	1280.SAXN108_1893	479	629
121636	1280.SAXN108_2297	477	1284
120222	1280.SAXN108_0883	476	498
119922	1280.SAXN108_0583	476	1114
121085	1280.SAXN108_1746	474	1120
121075	1280.SAXN108_1736	467	477
121320	1280.SAXN108_1981	467	568
120829	1280.SAXN108_1490	464	318
120577	1280.SAXN108_1238	464	898
120865	1280.SAXN108_1526	463	346
119575	1280.SAXN108_0236	463	865
120304	1280.SAXN108_0965	463	1019
121883	1280.SAXN108_2544	462	372
120899	1280.SAXN108_1560	459	770
120384	1280.SAXN108_1045	457	729
121779	1280.SAXN108_2440	456	735
121447	1280.SAXN108_2108	456	445
121720	1280.SAXN108_2381	454	996
121055	1280.SAXN108_1716	452	2265
119886	1280.SAXN108_0547	450	726
120688	1280.SAXN108_1349	449	156
121068	1280.SAXN108_1729	448	609
120540	1280.SAXN108_1201	446	1671
122008	1280.SAXN108_2669	445	573
121346	1280.SAXN108_2007	437	226
120592	1280.SAXN108_1253	435	840
119569	1280.SAXN108_0230	434	797
121206	1280.SAXN108_1867	434	347
120878	1280.SAXN108_1539	433	580
120250	1280.SAXN108_0911	431	805
120729	1280.SAXN108_1390	430	773
121363	1280.SAXN108_2024	430	977
121342	1280.SAXN108_2003	429	544
120400	1280.SAXN108_1061	428	322
120644	1280.SAXN108_1305	428	1087
121961	1280.SAXN108_2622	425	311
119903	1280.SAXN108_0564	422	549
120896	1280.SAXN108_1557	422	292
122020	1280.SAXN108_2681	421	528
121647	1280.SAXN108_2308	418	1533
120995	1280.SAXN108_1656	418	371
120539	1280.SAXN108_1200	417	428
120770	1280.SAXN108_1431	416	736
120535	1280.SAXN108_1196	415	442
121867	1280.SAXN108_2528	415	290
120838	1280.SAXN108_1499	411	513
120010	1280.SAXN108_0671	411	704
120308	1280.SAXN108_0969	409	2170
120959	1280.SAXN108_1620	409	186
120767	1280.SAXN108_1428	408	486
120542	1280.SAXN108_1203	406	258
122217	1280.SAXN108_2878	405	958
120594	1280.SAXN108_1255	403	423
122207	1280.SAXN108_2868	402	584
121231	1280.SAXN108_1892	402	292
121652	1280.SAXN108_2313	401	230
119347	1280.SAXN108_0008	398	544
120697	1280.SAXN108_1358	394	111
121113	1280.SAXN108_1774	392	368
119343	1280.SAXN108_0004	390	181
120473	1280.SAXN108_1134	389	1316
121705	1280.SAXN108_2366	388	922
119955	1280.SAXN108_0616	383	377
120785	1280.SAXN108_1446	381	411
119576	1280.SAXN108_0237	381	1323
121218	1280.SAXN108_1879	380	380
119776	1280.SAXN108_0437	380	278
120949	1280.SAXN108_1610	379	1081
120928	1280.SAXN108_1589	378	452
120526	1280.SAXN108_1187	373	259
120511	1280.SAXN108_1172	371	85
120401	1280.SAXN108_1062	371	565
119872	1280.SAXN108_0533	370	133
120707	1280.SAXN108_1368	370	258
121373	1280.SAXN108_2034	368	333
119434	1280.SAXN108_0095	368	712
121628	1280.SAXN108_2289	366	448
120885	1280.SAXN108_1546	365	126
122082	1280.SAXN108_2743	365	1093
121362	1280.SAXN108_2023	362	462
120760	1280.SAXN108_1421	361	54
120520	1280.SAXN108_1181	360	731
121850	1280.SAXN108_2511	360	639
121010	1280.SAXN108_1671	359	843
120601	1280.SAXN108_1262	357	42
122007	1280.SAXN108_2668	356	351
120745	1280.SAXN108_1406	356	428
120997	1280.SAXN108_1658	356	646
121229	1280.SAXN108_1890	354	217
120756	1280.SAXN108_1417	353	125
120957	1280.SAXN108_1618	353	242
120893	1280.SAXN108_1554	351	256
121043	1280.SAXN108_1704	349	367
120148	1280.SAXN108_0809	345	298
119767	1280.SAXN108_0428	343	219
121742	1280.SAXN108_2403	342	716
119439	1280.SAXN108_0100	342	392
122043	1280.SAXN108_2704	341	333
120088	1280.SAXN108_0749	338	238
119962	1280.SAXN108_0623	336	424
120270	1280.SAXN108_0931	336	189
120410	1280.SAXN108_1071	336	691
119954	1280.SAXN108_0615	332	556
120395	1280.SAXN108_1056	330	170
120804	1280.SAXN108_1465	329	621
119893	1280.SAXN108_0554	329	217
120626	1280.SAXN108_1287	328	218
120439	1280.SAXN108_1100	328	266
119630	1280.SAXN108_0291	324	339
119979	1280.SAXN108_0640	324	476
121776	1280.SAXN108_2437	323	235
120192	1280.SAXN108_0853	323	63
120305	1280.SAXN108_0966	323	511
120834	1280.SAXN108_1495	322	386
122202	1280.SAXN108_2863	322	322
120319	1280.SAXN108_0980	321	394
120482	1280.SAXN108_1143	320	829
121774	1280.SAXN108_2435	319	221
120978	1280.SAXN108_1639	318	397
121732	1280.SAXN108_2393	318	446
120877	1280.SAXN108_1538	318	292
122021	1280.SAXN108_2682	318	673
119855	1280.SAXN108_0516	318	105
120485	1280.SAXN108_1146	314	225
121211	1280.SAXN108_1872	312	1306
122328	1280.SAXN108_2989	312	719
120516	1280.SAXN108_1177	311	393
120534	1280.SAXN108_1195	311	466
120114	1280.SAXN108_0775	310	127
120538	1280.SAXN108_1199	306	683
120608	1280.SAXN108_1269	304	147
120472	1280.SAXN108_1133	303	398
120144	1280.SAXN108_0805	300	391
120779	1280.SAXN108_1440	299	238
121963	1280.SAXN108_2624	299	509
120615	1280.SAXN108_1276	299	626
122127	1280.SAXN108_2788	298	658
121916	1280.SAXN108_2577	298	210
121635	1280.SAXN108_2296	297	490
121086	1280.SAXN108_1747	296	176
120053	1280.SAXN108_0714	296	366
120549	1280.SAXN108_1210	294	604
121132	1280.SAXN108_1793	294	181
121061	1280.SAXN108_1722	293	635
121315	1280.SAXN108_1976	293	655
121239	1280.SAXN108_1900	292	98
121703	1280.SAXN108_2364	292	308
121003	1280.SAXN108_1664	289	905
120149	1280.SAXN108_0810	289	516
121889	1280.SAXN108_2550	289	109
121348	1280.SAXN108_2009	289	612
121717	1280.SAXN108_2378	288	422
120604	1280.SAXN108_1265	288	265
120693	1280.SAXN108_1354	286	377
120575	1280.SAXN108_1236	286	359
122156	1280.SAXN108_2817	286	269
121076	1280.SAXN108_1737	284	679
122083	1280.SAXN108_2744	284	46
122137	1280.SAXN108_2798	284	1148
120142	1280.SAXN108_0803	283	343
121317	1280.SAXN108_1978	283	124
119763	1280.SAXN108_0424	283	130
120918	1280.SAXN108_1579	282	501
121074	1280.SAXN108_1735	282	250
120630	1280.SAXN108_1291	281	529
119871	1280.SAXN108_0532	279	300
121903	1280.SAXN108_2564	279	458
119564	1280.SAXN108_0225	275	71
121651	1280.SAXN108_2312	273	371
120497	1280.SAXN108_1158	272	409
120711	1280.SAXN108_1372	271	914
121343	1280.SAXN108_2004	269	952
120831	1280.SAXN108_1492	269	254
120492	1280.SAXN108_1153	267	197
121978	1280.SAXN108_2639	265	131
121361	1280.SAXN108_2022	264	161
119577	1280.SAXN108_0238	264	850
121319	1280.SAXN108_1980	264	289
121878	1280.SAXN108_2539	264	175
121924	1280.SAXN108_2585	263	221
122111	1280.SAXN108_2772	261	322
120704	1280.SAXN108_1365	259	265
119557	1280.SAXN108_0218	259	418
119924	1280.SAXN108_0585	259	304
120790	1280.SAXN108_1451	258	119
120643	1280.SAXN108_1304	257	253
119490	1280.SAXN108_0151	257	143
120184	1280.SAXN108_0845	256	166
119913	1280.SAXN108_0574	255	516
121637	1280.SAXN108_2298	255	88
120261	1280.SAXN108_0922	254	109
120259	1280.SAXN108_0920	254	406
120610	1280.SAXN108_1271	254	49
121109	1280.SAXN108_1770	253	625
120042	1280.SAXN108_0703	253	271
122116	1280.SAXN108_2777	252	109
120884	1280.SAXN108_1545	252	347
120525	1280.SAXN108_1186	251	209
120356	1280.SAXN108_1017	251	380
121895	1280.SAXN108_2556	250	124
119863	1280.SAXN108_0524	249	322
121977	1280.SAXN108_2638	248	408
120751	1280.SAXN108_1412	248	309
120750	1280.SAXN108_1411	248	373
119633	1280.SAXN108_0294	247	117
120828	1280.SAXN108_1489	247	366
121158	1280.SAXN108_1819	246	571
121210	1280.SAXN108_1871	246	263
120685	1280.SAXN108_1346	245	387
120895	1280.SAXN108_1556	244	335
121353	1280.SAXN108_2014	243	672
120738	1280.SAXN108_1399	243	562
120287	1280.SAXN108_0948	241	145
119458	1280.SAXN108_0119	241	307
120872	1280.SAXN108_1533	241	206
120931	1280.SAXN108_1592	241	192
120919	1280.SAXN108_1580	240	434
120363	1280.SAXN108_1024	239	109
120442	1280.SAXN108_1103	239	208
119921	1280.SAXN108_0582	238	176
120932	1280.SAXN108_1593	237	320
120913	1280.SAXN108_1574	236	657
119949	1280.SAXN108_0610	236	290
120712	1280.SAXN108_1373	235	213
121201	1280.SAXN108_1862	235	316
120103	1280.SAXN108_0764	234	200
120348	1280.SAXN108_1009	233	353
120051	1280.SAXN108_0712	232	445
119887	1280.SAXN108_0548	232	61
121094	1280.SAXN108_1755	231	212
121922	1280.SAXN108_2583	231	265
119934	1280.SAXN108_0595	230	319
120755	1280.SAXN108_1416	230	260
119946	1280.SAXN108_0607	230	410
121144	1280.SAXN108_1805	229	233
120017	1280.SAXN108_0678	229	244
119716	1280.SAXN108_0377	229	361
121329	1280.SAXN108_1990	228	574
120622	1280.SAXN108_1283	226	387
120706	1280.SAXN108_1367	226	217
121127	1280.SAXN108_1788	226	115
120050	1280.SAXN108_0711	226	441
121036	1280.SAXN108_1697	225	335
120710	1280.SAXN108_1371	224	237
120262	1280.SAXN108_0923	224	156
119951	1280.SAXN108_0612	224	141
121863	1280.SAXN108_2524	224	195
121155	1280.SAXN108_1816	223	398
122086	1280.SAXN108_2747	222	261
121448	1280.SAXN108_2109	222	261
121641	1280.SAXN108_2302	221	285
120448	1280.SAXN108_1109	220	247
121220	1280.SAXN108_1881	219	101
122240	1280.SAXN108_2901	218	527
119969	1280.SAXN108_0630	218	349
121972	1280.SAXN108_2633	216	319
120408	1280.SAXN108_1069	215	204
121344	1280.SAXN108_2005	215	857
120038	1280.SAXN108_0699	215	346
121008	1280.SAXN108_1669	214	177
120614	1280.SAXN108_1275	213	252
120271	1280.SAXN108_0932	213	91
120134	1280.SAXN108_0795	212	199
121938	1280.SAXN108_2599	212	196
120642	1280.SAXN108_1303	211	50
119645	1280.SAXN108_0306	211	102
122211	1280.SAXN108_2872	211	208
120392	1280.SAXN108_1053	211	276
120541	1280.SAXN108_1202	209	268
120423	1280.SAXN108_1084	209	196
120357	1280.SAXN108_1018	208	169
119364	1280.SAXN108_0025	207	595
120484	1280.SAXN108_1145	207	332
120320	1280.SAXN108_0981	207	206
122123	1280.SAXN108_2784	207	356
119600	1280.SAXN108_0261	206	240
122248	1280.SAXN108_2909	206	135
120056	1280.SAXN108_0717	206	272
121707	1280.SAXN108_2368	205	106
120862	1280.SAXN108_1523	204	267
120684	1280.SAXN108_1345	204	350
120762	1280.SAXN108_1423	203	432
120354	1280.SAXN108_1015	203	595
120060	1280.SAXN108_0721	202	197
119547	1280.SAXN108_0208	202	591
119898	1280.SAXN108_0559	202	69
121693	1280.SAXN108_2354	202	184
121645	1280.SAXN108_2306	201	353
120341	1280.SAXN108_1002	200	214
121202	1280.SAXN108_1863	199	322
121223	1280.SAXN108_1884	199	133
120208	1280.SAXN108_0869	198	73
120459	1280.SAXN108_1120	198	139
119548	1280.SAXN108_0209	197	332
119958	1280.SAXN108_0619	197	1000
121005	1280.SAXN108_1666	197	377
122255	1280.SAXN108_2916	196	222
120621	1280.SAXN108_1282	196	348
120695	1280.SAXN108_1356	196	77
120768	1280.SAXN108_1429	194	52
121212	1280.SAXN108_1873	194	441
120778	1280.SAXN108_1439	194	332
122052	1280.SAXN108_2713	193	78
121737	1280.SAXN108_2398	193	30
120547	1280.SAXN108_1208	191	239
119918	1280.SAXN108_0579	191	381
120983	1280.SAXN108_1644	190	168
120166	1280.SAXN108_0827	190	334
120063	1280.SAXN108_0724	189	150
120123	1280.SAXN108_0784	189	229
120856	1280.SAXN108_1517	188	109
121471	1280.SAXN108_2132	185	166
121463	1280.SAXN108_2124	185	114
121880	1280.SAXN108_2541	185	214
122221	1280.SAXN108_2882	184	419
121666	1280.SAXN108_2327	183	338
120070	1280.SAXN108_0731	183	163
120394	1280.SAXN108_1055	182	94
121682	1280.SAXN108_2343	182	134
121079	1280.SAXN108_1740	182	234
122132	1280.SAXN108_2793	182	77
120165	1280.SAXN108_0826	181	697
120471	1280.SAXN108_1132	181	263
121039	1280.SAXN108_1700	179	184
120962	1280.SAXN108_1623	178	108
121745	1280.SAXN108_2406	178	234
120591	1280.SAXN108_1252	178	478
120333	1280.SAXN108_0994	178	83
120583	1280.SAXN108_1244	177	154
119883	1280.SAXN108_0544	177	211
120414	1280.SAXN108_1075	177	8
120988	1280.SAXN108_1649	177	317
120801	1280.SAXN108_1462	176	792
120821	1280.SAXN108_1482	176	74
120924	1280.SAXN108_1585	176	180
120176	1280.SAXN108_0837	176	269
119571	1280.SAXN108_0232	175	771
120681	1280.SAXN108_1342	175	300
120721	1280.SAXN108_1382	174	324
119745	1280.SAXN108_0406	173	471
120130	1280.SAXN108_0791	173	287
119765	1280.SAXN108_0426	172	152
120787	1280.SAXN108_1448	172	246
119492	1280.SAXN108_0153	172	358
120840	1280.SAXN108_1501	172	317
122039	1280.SAXN108_2700	171	100
122164	1280.SAXN108_2825	171	232
121778	1280.SAXN108_2439	169	109
122126	1280.SAXN108_2787	168	461
120091	1280.SAXN108_0752	168	218
119355	1280.SAXN108_0016	168	369
120636	1280.SAXN108_1297	168	283
120635	1280.SAXN108_1296	167	118
121726	1280.SAXN108_2387	167	317
120481	1280.SAXN108_1142	166	107
120651	1280.SAXN108_1312	166	281
121449	1280.SAXN108_2110	166	233
121935	1280.SAXN108_2596	166	198
120820	1280.SAXN108_1481	166	331
119965	1280.SAXN108_0626	166	174
121090	1280.SAXN108_1751	165	277
121861	1280.SAXN108_2522	165	349
121006	1280.SAXN108_1667	164	236
122195	1280.SAXN108_2856	164	89
122238	1280.SAXN108_2899	162	76
120009	1280.SAXN108_0670	162	124
120943	1280.SAXN108_1604	160	196
120907	1280.SAXN108_1568	160	149
119340	1280.SAXN108_0001	160	221
121896	1280.SAXN108_2557	160	709
120537	1280.SAXN108_1198	160	217
120276	1280.SAXN108_0937	159	315
119826	1280.SAXN108_0487	159	390
119474	1280.SAXN108_0135	158	133
121000	1280.SAXN108_1661	158	454
121639	1280.SAXN108_2300	157	424
121017	1280.SAXN108_1678	157	70
120717	1280.SAXN108_1378	157	177
120716	1280.SAXN108_1377	156	147
121427	1280.SAXN108_2088	156	432
122015	1280.SAXN108_2676	153	204
120049	1280.SAXN108_0710	153	265
120786	1280.SAXN108_1447	153	124
122326	1280.SAXN108_2987	153	203
119737	1280.SAXN108_0398	153	59
121979	1280.SAXN108_2640	152	121
119644	1280.SAXN108_0305	151	282
120188	1280.SAXN108_0849	150	66
121179	1280.SAXN108_1840	150	390
119881	1280.SAXN108_0542	150	148
119897	1280.SAXN108_0558	150	29
120546	1280.SAXN108_1207	149	398
120272	1280.SAXN108_0933	149	260
120039	1280.SAXN108_0700	148	184
119365	1280.SAXN108_0026	148	101
121093	1280.SAXN108_1754	148	217
121091	1280.SAXN108_1752	148	450
121877	1280.SAXN108_2538	147	276
119602	1280.SAXN108_0263	146	661
121051	1280.SAXN108_1712	145	93
121335	1280.SAXN108_1996	145	248
120611	1280.SAXN108_1272	145	84
120124	1280.SAXN108_0785	145	196
122300	1280.SAXN108_2961	145	149
120147	1280.SAXN108_0808	144	110
120057	1280.SAXN108_0718	144	110
120573	1280.SAXN108_1234	143	352
120709	1280.SAXN108_1370	142	140
122157	1280.SAXN108_2818	142	258
120882	1280.SAXN108_1543	142	419
122199	1280.SAXN108_2860	141	246
122251	1280.SAXN108_2912	141	286
119495	1280.SAXN108_0156	140	108
121695	1280.SAXN108_2356	139	215
120559	1280.SAXN108_1220	139	294
122169	1280.SAXN108_2830	138	72
122095	1280.SAXN108_2756	138	159
119925	1280.SAXN108_0586	137	100
119986	1280.SAXN108_0647	137	184
120340	1280.SAXN108_1001	137	62
120131	1280.SAXN108_0792	137	207
120005	1280.SAXN108_0666	136	175
120773	1280.SAXN108_1434	136	135
120555	1280.SAXN108_1216	136	342
120260	1280.SAXN108_0921	136	74
120264	1280.SAXN108_0925	135	208
121101	1280.SAXN108_1762	135	393
122070	1280.SAXN108_2731	135	135
122016	1280.SAXN108_2677	134	212
121852	1280.SAXN108_2513	134	148
122277	1280.SAXN108_2938	133	74
120881	1280.SAXN108_1542	133	198
121058	1280.SAXN108_1719	133	159
120286	1280.SAXN108_0947	133	375
119912	1280.SAXN108_0573	133	156
121735	1280.SAXN108_2396	132	175
120989	1280.SAXN108_1650	131	190
120602	1280.SAXN108_1263	131	109
120112	1280.SAXN108_0773	131	204
121912	1280.SAXN108_2573	130	130
122096	1280.SAXN108_2757	129	75
121314	1280.SAXN108_1975	129	109
121243	1280.SAXN108_1904	128	155
121716	1280.SAXN108_2377	128	213
119341	1280.SAXN108_0002	128	120
120187	1280.SAXN108_0848	128	348
120839	1280.SAXN108_1500	127	151
119764	1280.SAXN108_0425	127	29
120106	1280.SAXN108_0767	127	123
120113	1280.SAXN108_0774	126	131
121899	1280.SAXN108_2560	126	172
120960	1280.SAXN108_1621	126	155
120572	1280.SAXN108_1233	126	162
121135	1280.SAXN108_1796	126	188
121849	1280.SAXN108_2510	126	566
121328	1280.SAXN108_1989	125	174
121940	1280.SAXN108_2601	125	107
120195	1280.SAXN108_0856	125	278
121654	1280.SAXN108_2315	124	224
121907	1280.SAXN108_2568	124	131
120743	1280.SAXN108_1404	124	150
120191	1280.SAXN108_0852	124	85
119914	1280.SAXN108_0575	122	96
120874	1280.SAXN108_1535	121	213
122047	1280.SAXN108_2708	121	133
121015	1280.SAXN108_1676	121	204
121957	1280.SAXN108_2618	120	123
120553	1280.SAXN108_1214	120	77
122168	1280.SAXN108_2829	120	202
119856	1280.SAXN108_0517	119	62
122036	1280.SAXN108_2697	119	136
122076	1280.SAXN108_2737	119	54
120347	1280.SAXN108_1008	119	92
119890	1280.SAXN108_0551	119	184
122049	1280.SAXN108_2710	117	173
121713	1280.SAXN108_2374	117	177
120753	1280.SAXN108_1414	117	229
121112	1280.SAXN108_1773	117	159
120119	1280.SAXN108_0780	117	165
121747	1280.SAXN108_2408	117	94
121124	1280.SAXN108_1785	116	198
120921	1280.SAXN108_1582	116	82
120477	1280.SAXN108_1138	116	284
119526	1280.SAXN108_0187	116	159
122078	1280.SAXN108_2739	115	280
119853	1280.SAXN108_0514	115	154
121892	1280.SAXN108_2553	115	175
121473	1280.SAXN108_2134	114	284
122206	1280.SAXN108_2867	114	167
122037	1280.SAXN108_2698	113	181
120971	1280.SAXN108_1632	113	158
121633	1280.SAXN108_2294	112	102
121634	1280.SAXN108_2295	111	93
121204	1280.SAXN108_1865	111	172
121052	1280.SAXN108_1713	110	149
121997	1280.SAXN108_2658	109	94
120628	1280.SAXN108_1289	109	170
119550	1280.SAXN108_0211	109	42
120607	1280.SAXN108_1268	109	638
120048	1280.SAXN108_0709	109	54
120443	1280.SAXN108_1104	108	132
120342	1280.SAXN108_1003	108	140
120639	1280.SAXN108_1300	108	520
120212	1280.SAXN108_0873	108	84
119919	1280.SAXN108_0580	107	165
120961	1280.SAXN108_1622	107	169
120518	1280.SAXN108_1179	107	315
120620	1280.SAXN108_1281	107	149
121692	1280.SAXN108_2353	107	28
121980	1280.SAXN108_2641	106	105
120544	1280.SAXN108_1205	106	40
120708	1280.SAXN108_1369	105	68
121049	1280.SAXN108_1710	105	167
120107	1280.SAXN108_0768	105	217
121797	1280.SAXN108_2458	104	60
121110	1280.SAXN108_1771	104	408
120558	1280.SAXN108_1219	104	165
120172	1280.SAXN108_0833	104	164
119546	1280.SAXN108_0207	103	90
121715	1280.SAXN108_2376	103	94
119850	1280.SAXN108_0511	102	118
119906	1280.SAXN108_0567	102	61
120915	1280.SAXN108_1576	101	69
122329	1280.SAXN108_2990	101	253
119431	1280.SAXN108_0092	101	111
121631	1280.SAXN108_2292	101	184
120210	1280.SAXN108_0871	101	98
120461	1280.SAXN108_1122	100	53
120689	1280.SAXN108_1350	100	272
120323	1280.SAXN108_0984	100.0	138
120496	1280.SAXN108_1157	99.7	63
120825	1280.SAXN108_1486	99.4	166
120826	1280.SAXN108_1487	99.2	195
121205	1280.SAXN108_1866	99.0	83
120619	1280.SAXN108_1280	98.9	254
121942	1280.SAXN108_2603	98.6	78
119987	1280.SAXN108_0648	96.7	173
120980	1280.SAXN108_1641	95.7	165
120483	1280.SAXN108_1144	95.5	138
121321	1280.SAXN108_1982	95.2	112
119867	1280.SAXN108_0528	95.1	178
119907	1280.SAXN108_0568	94.7	42
120527	1280.SAXN108_1188	93.8	69
120059	1280.SAXN108_0720	93.7	45
120800	1280.SAXN108_1461	92.5	182
120455	1280.SAXN108_1116	92.5	139
122134	1280.SAXN108_2795	90.8	135
120634	1280.SAXN108_1295	90.6	135
121116	1280.SAXN108_1777	90.5	41
122282	1280.SAXN108_2943	89.9	213
120007	1280.SAXN108_0668	89.9	55
120440	1280.SAXN108_1101	89.8	38
120938	1280.SAXN108_1599	89.6	39
119436	1280.SAXN108_0097	88.4	104
121372	1280.SAXN108_2033	88.2	105
119561	1280.SAXN108_0222	87.5	59
120574	1280.SAXN108_1235	87.4	266
120154	1280.SAXN108_0815	87.1	78
120579	1280.SAXN108_1240	87.0	75
121477	1280.SAXN108_2138	86.5	30
122019	1280.SAXN108_2680	85.9	133
121384	1280.SAXN108_2045	85.9	47
120209	1280.SAXN108_0870	84.9	62
119357	1280.SAXN108_0018	84.9	155
120155	1280.SAXN108_0816	84.7	97
120781	1280.SAXN108_1442	84.6	24
121786	1280.SAXN108_2447	84.2	33
122302	1280.SAXN108_2963	83.8	165
119718	1280.SAXN108_0379	83.7	30
120122	1280.SAXN108_0783	83.3	50
121956	1280.SAXN108_2617	83.0	165
121145	1280.SAXN108_1806	82.8	51
120108	1280.SAXN108_0769	82.6	163
119352	1280.SAXN108_0013	82.6	25
119505	1280.SAXN108_0166	82.2	18
120627	1280.SAXN108_1288	82.0	22
122028	1280.SAXN108_2689	81.8	101
120638	1280.SAXN108_1299	81.6	48
120560	1280.SAXN108_1221	81.6	106
121082	1280.SAXN108_1743	81.4	133
121876	1280.SAXN108_2537	81.3	72
122256	1280.SAXN108_2917	81.1	226
120632	1280.SAXN108_1293	81.1	148
120512	1280.SAXN108_1173	81.0	55
120416	1280.SAXN108_1077	80.8	119
119554	1280.SAXN108_0215	80.6	182
121870	1280.SAXN108_2531	80.6	65
119570	1280.SAXN108_0231	80.0	323
122298	1280.SAXN108_2959	80.0	42
120421	1280.SAXN108_1082	79.2	110
122022	1280.SAXN108_2683	79.1	114
121358	1280.SAXN108_2019	79.0	86
121351	1280.SAXN108_2012	78.6	49
122253	1280.SAXN108_2914	78.6	259
119605	1280.SAXN108_0266	78.5	115
119712	1280.SAXN108_0373	78.2	39
121676	1280.SAXN108_2337	78.1	65
121028	1280.SAXN108_1689	77.6	135
120714	1280.SAXN108_1375	77.2	139
121655	1280.SAXN108_2316	76.9	35
122283	1280.SAXN108_2944	76.8	58
120358	1280.SAXN108_1019	76.7	211
120478	1280.SAXN108_1139	76.7	213
119510	1280.SAXN108_0171	76.3	163
120173	1280.SAXN108_0834	75.9	97
120102	1280.SAXN108_0763	75.6	92
120290	1280.SAXN108_0951	75.6	120
120435	1280.SAXN108_1096	75.5	114
121644	1280.SAXN108_2305	75.3	98
120491	1280.SAXN108_1152	75.2	22
121114	1280.SAXN108_1775	74.6	136
122125	1280.SAXN108_2786	74.1	43
119730	1280.SAXN108_0391	73.4	58
119905	1280.SAXN108_0566	73.4	116
119430	1280.SAXN108_0091	73.3	35
120694	1280.SAXN108_1355	73.0	104
121129	1280.SAXN108_1790	72.9	62
120713	1280.SAXN108_1374	72.7	76
122327	1280.SAXN108_2988	72.3	68
122098	1280.SAXN108_2759	72.3	109
120557	1280.SAXN108_1218	71.6	135
119627	1280.SAXN108_0288	71.6	8
119985	1280.SAXN108_0646	70.9	101
120780	1280.SAXN108_1441	70.8	103
120322	1280.SAXN108_0983	70.8	113
120453	1280.SAXN108_1114	70.7	103
120955	1280.SAXN108_1616	70.5	41
119549	1280.SAXN108_0210	70.3	84
122149	1280.SAXN108_2810	70.2	82
121047	1280.SAXN108_1708	69.9	89
121236	1280.SAXN108_1897	69.6	63
120817	1280.SAXN108_1478	69.6	312
119894	1280.SAXN108_0555	69.5	386
120178	1280.SAXN108_0839	69.1	88
119896	1280.SAXN108_0557	68.9	81
121022	1280.SAXN108_1683	68.8	106
121450	1280.SAXN108_2111	68.7	77
121241	1280.SAXN108_1902	68.1	45
120415	1280.SAXN108_1076	67.9	101
121768	1280.SAXN108_2429	67.8	227
121939	1280.SAXN108_2600	67.5	88
119750	1280.SAXN108_0411	67.4	114
119354	1280.SAXN108_0015	67.1	16
121859	1280.SAXN108_2520	66.9	60
121932	1280.SAXN108_2593	66.9	19
119950	1280.SAXN108_0611	66.8	61
122247	1280.SAXN108_2908	66.6	195
120274	1280.SAXN108_0935	66.5	33
121643	1280.SAXN108_2304	66.3	141
121908	1280.SAXN108_2569	66.3	46
121780	1280.SAXN108_2441	66.2	75
121875	1280.SAXN108_2536	66.1	29
121216	1280.SAXN108_1877	66.1	69
122198	1280.SAXN108_2859	65.9	90
120458	1280.SAXN108_1119	65.6	51
120058	1280.SAXN108_0719	65.5	27
119573	1280.SAXN108_0234	65.2	143
122032	1280.SAXN108_2693	65.1	201
119963	1280.SAXN108_0624	64.3	57
121724	1280.SAXN108_2385	64.3	15
120186	1280.SAXN108_0847	64.1	80
120562	1280.SAXN108_1223	64.1	89
120109	1280.SAXN108_0770	63.9	105
119961	1280.SAXN108_0622	63.9	26
121796	1280.SAXN108_2457	63.9	98
120135	1280.SAXN108_0796	63.8	87
122060	1280.SAXN108_2721	63.7	114
119960	1280.SAXN108_0621	63.7	168
120162	1280.SAXN108_0823	63.7	50
120832	1280.SAXN108_1493	63.6	64
120886	1280.SAXN108_1547	63.3	117
119760	1280.SAXN108_0421	63.3	63
120339	1280.SAXN108_1000	63.0	91
121148	1280.SAXN108_1809	62.9	17
122071	1280.SAXN108_2732	61.6	23
120465	1280.SAXN108_1126	61.0	49
120910	1280.SAXN108_1571	60.7	111
120081	1280.SAXN108_0742	60.7	78
120321	1280.SAXN108_0982	60.5	80
120972	1280.SAXN108_1633	60.2	59
119845	1280.SAXN108_0506	60.0	87
121465	1280.SAXN108_2126	59.7	46
121199	1280.SAXN108_1860	59.4	75
120386	1280.SAXN108_1047	59.3	121
119740	1280.SAXN108_0401	59.2	95
122066	1280.SAXN108_2727	58.8	77
122006	1280.SAXN108_2667	58.2	70
119528	1280.SAXN108_0189	57.6	74
119915	1280.SAXN108_0576	57.6	45
121919	1280.SAXN108_2580	57.4	116
121115	1280.SAXN108_1776	57.4	15
121962	1280.SAXN108_2623	57.2	44
120715	1280.SAXN108_1376	57.0	131
121071	1280.SAXN108_1732	56.7	87
120313	1280.SAXN108_0974	56.6	33
121668	1280.SAXN108_2329	56.6	43
122245	1280.SAXN108_2906	56.5	150
120998	1280.SAXN108_1659	56.1	63
122220	1280.SAXN108_2881	56.1	144
121054	1280.SAXN108_1715	55.8	79
119771	1280.SAXN108_0432	55.7	55
121914	1280.SAXN108_2575	55.6	32
119425	1280.SAXN108_0086	55.5	72
121195	1280.SAXN108_1856	55.0	132
121934	1280.SAXN108_2595	54.4	92
121858	1280.SAXN108_2519	54.4	28
120391	1280.SAXN108_1052	54.3	36
120521	1280.SAXN108_1182	53.3	112
121755	1280.SAXN108_2416	52.7	61
120551	1280.SAXN108_1212	52.7	62
121746	1280.SAXN108_2407	52.7	51
119976	1280.SAXN108_0637	52.6	70
119475	1280.SAXN108_0136	52.6	50
120646	1280.SAXN108_1307	52.4	70
122136	1280.SAXN108_2797	52.2	59
119952	1280.SAXN108_0613	52.2	60
121999	1280.SAXN108_2660	52.1	38
120633	1280.SAXN108_1294	52.0	96
121958	1280.SAXN108_2619	51.9	46
120014	1280.SAXN108_0675	51.9	60
120488	1280.SAXN108_1149	51.4	19
121640	1280.SAXN108_2301	51.3	5
119478	1280.SAXN108_0139	51.2	95
120466	1280.SAXN108_1127	51.0	59
121136	1280.SAXN108_1797	50.6	66
120935	1280.SAXN108_1596	50.3	7
119861	1280.SAXN108_0522	50.2	315
120076	1280.SAXN108_0737	50.2	27
121322	1280.SAXN108_1983	49.8	54
120133	1280.SAXN108_0794	49.4	56
120920	1280.SAXN108_1581	49.0	76
120164	1280.SAXN108_0825	48.9	116
120079	1280.SAXN108_0740	48.8	62
120974	1280.SAXN108_1635	48.8	33
120160	1280.SAXN108_0821	48.3	48
120282	1280.SAXN108_0943	48.3	23
120220	1280.SAXN108_0881	48.3	76
121648	1280.SAXN108_2309	48.2	71
122304	1280.SAXN108_2965	48.1	46
121118	1280.SAXN108_1779	47.7	32
122003	1280.SAXN108_2664	47.7	39
119846	1280.SAXN108_0507	47.3	62
121765	1280.SAXN108_2426	47.3	120
121221	1280.SAXN108_1882	47.2	13
120912	1280.SAXN108_1573	46.8	12
120691	1280.SAXN108_1352	46.8	12
119923	1280.SAXN108_0584	46.8	25
121246	1280.SAXN108_1907	46.6	25
120167	1280.SAXN108_0828	46.2	73
122000	1280.SAXN108_2661	46.2	108
121340	1280.SAXN108_2001	46.1	16
120861	1280.SAXN108_1522	46.1	28
122148	1280.SAXN108_2809	46.1	14
121730	1280.SAXN108_2391	45.5	20
119590	1280.SAXN108_0251	45.4	27
120372	1280.SAXN108_1033	45.0	20
119744	1280.SAXN108_0405	45.0	63
120041	1280.SAXN108_0702	44.9	25
120351	1280.SAXN108_1012	44.9	32
120799	1280.SAXN108_1460	44.7	61
121842	1280.SAXN108_2503	44.7	133
120301	1280.SAXN108_0962	44.6	220
122244	1280.SAXN108_2905	44.6	59
120146	1280.SAXN108_0807	44.2	40
120942	1280.SAXN108_1603	43.8	60
119884	1280.SAXN108_0545	43.7	10
119834	1280.SAXN108_0495	43.3	87
121370	1280.SAXN108_2031	43.1	19
122147	1280.SAXN108_2808	42.9	130
120584	1280.SAXN108_1245	42.8	18
121943	1280.SAXN108_2604	42.8	36
120490	1280.SAXN108_1151	42.7	10
120979	1280.SAXN108_1640	42.6	73
122142	1280.SAXN108_2803	42.6	34
119631	1280.SAXN108_0292	42.5	67
120450	1280.SAXN108_1111	41.8	34
121947	1280.SAXN108_2608	41.7	20
121710	1280.SAXN108_2371	41.6	38
122075	1280.SAXN108_2736	41.5	225
120987	1280.SAXN108_1648	41.4	45
120438	1280.SAXN108_1099	41.3	62
122030	1280.SAXN108_2691	41.3	41
119486	1280.SAXN108_0147	41.3	44
121472	1280.SAXN108_2133	40.9	56
120413	1280.SAXN108_1074	40.7	24
119384	1280.SAXN108_0045	40.5	30
121072	1280.SAXN108_1733	40.2	90
120174	1280.SAXN108_0835	40.0	56
120747	1280.SAXN108_1408	40.0	31
120580	1280.SAXN108_1241	39.8	36
121677	1280.SAXN108_2338	39.7	45
120504	1280.SAXN108_1165	39.6	80
120189	1280.SAXN108_0850	39.5	21
120117	1280.SAXN108_0778	39.5	55
119429	1280.SAXN108_0090	39.4	22
121960	1280.SAXN108_2621	39.1	77
121698	1280.SAXN108_2359	39.1	24
119512	1280.SAXN108_0173	39.0	115
120818	1280.SAXN108_1479	38.9	68
121466	1280.SAXN108_2127	38.7	52
120045	1280.SAXN108_0706	38.7	50
122054	1280.SAXN108_2715	38.6	34
120727	1280.SAXN108_1388	38.3	58
121762	1280.SAXN108_2423	38.1	48
121945	1280.SAXN108_2606	38.0	8
121756	1280.SAXN108_2417	38.0	20
120284	1280.SAXN108_0945	37.9	14
119361	1280.SAXN108_0022	37.7	73
122042	1280.SAXN108_2703	37.5	77
121777	1280.SAXN108_2438	37.5	36
121462	1280.SAXN108_2123	37.4	69
119882	1280.SAXN108_0543	37.3	37
122018	1280.SAXN108_2679	37.3	47
119916	1280.SAXN108_0577	37.2	75
120345	1280.SAXN108_1006	36.8	93
120219	1280.SAXN108_0880	36.8	26
122119	1280.SAXN108_2780	36.5	28
119511	1280.SAXN108_0172	36.2	34
120728	1280.SAXN108_1389	36.2	39
121230	1280.SAXN108_1891	36.1	60
119442	1280.SAXN108_0103	35.5	47
120393	1280.SAXN108_1054	35.4	64
120605	1280.SAXN108_1266	35.4	17
119866	1280.SAXN108_0527	35.2	47
121985	1280.SAXN108_2646	35.1	20
121030	1280.SAXN108_1691	35.1	46
119876	1280.SAXN108_0537	34.9	19
122051	1280.SAXN108_2712	34.9	8
120766	1280.SAXN108_1427	34.8	61
120625	1280.SAXN108_1286	34.6	18
119957	1280.SAXN108_0618	34.6	333
120065	1280.SAXN108_0726	34.5	40
119715	1280.SAXN108_0376	34.4	57
120827	1280.SAXN108_1488	34.4	52
121944	1280.SAXN108_2605	34.1	47
121788	1280.SAXN108_2449	33.9	21
119420	1280.SAXN108_0081	33.7	60
120561	1280.SAXN108_1222	33.7	24
121130	1280.SAXN108_1791	33.7	35
120640	1280.SAXN108_1301	33.6	111
122087	1280.SAXN108_2748	33.3	112
120377	1280.SAXN108_1038	33.3	41
121151	1280.SAXN108_1812	33.1	17
121760	1280.SAXN108_2421	32.9	48
120194	1280.SAXN108_0855	32.9	28
120852	1280.SAXN108_1513	32.7	90
121092	1280.SAXN108_1753	32.7	53
120011	1280.SAXN108_0672	32.7	24
121240	1280.SAXN108_1901	32.6	66
121714	1280.SAXN108_2375	32.4	46
120702	1280.SAXN108_1363	32.3	165
121900	1280.SAXN108_2561	32.2	30
119774	1280.SAXN108_0435	32.2	39
120255	1280.SAXN108_0916	32.0	43
119830	1280.SAXN108_0491	32.0	8
120515	1280.SAXN108_1176	31.9	24
120120	1280.SAXN108_0781	31.8	21
122104	1280.SAXN108_2765	31.8	98
119534	1280.SAXN108_0195	31.7	33
122270	1280.SAXN108_2931	31.5	12
120990	1280.SAXN108_1651	31.5	51
121798	1280.SAXN108_2459	31.4	48
120951	1280.SAXN108_1612	31.3	45
119632	1280.SAXN108_0293	31.0	16
121007	1280.SAXN108_1668	31.0	50
119480	1280.SAXN108_0141	30.7	56
119814	1280.SAXN108_0475	30.6	52
120277	1280.SAXN108_0938	30.6	48
120505	1280.SAXN108_1166	30.6	37
120360	1280.SAXN108_1021	30.5	57
121928	1280.SAXN108_2589	30.2	33
119977	1280.SAXN108_0638	30.1	18
122301	1280.SAXN108_2962	30.0	35
120378	1280.SAXN108_1039	29.9	62
121946	1280.SAXN108_2607	29.9	54
120283	1280.SAXN108_0944	29.8	71
120422	1280.SAXN108_1083	29.8	38
121925	1280.SAXN108_2586	29.6	31
121843	1280.SAXN108_2504	29.6	42
120929	1280.SAXN108_1590	29.5	28
120524	1280.SAXN108_1185	29.4	31
120217	1280.SAXN108_0878	29.3	53
122045	1280.SAXN108_2706	29.3	54
119879	1280.SAXN108_0540	29.3	20
122230	1280.SAXN108_2891	29.1	31
121167	1280.SAXN108_1828	29.1	48
120197	1280.SAXN108_0858	29.1	52
120798	1280.SAXN108_1459	29.0	42
120008	1280.SAXN108_0669	29.0	55
121898	1280.SAXN108_2559	28.9	23
121214	1280.SAXN108_1875	28.9	46
119832	1280.SAXN108_0493	28.8	44
122229	1280.SAXN108_2890	28.8	68
121227	1280.SAXN108_1888	28.5	38
122219	1280.SAXN108_2880	28.4	9
121873	1280.SAXN108_2534	27.8	49
120517	1280.SAXN108_1178	27.7	16
120344	1280.SAXN108_1005	27.7	53
120052	1280.SAXN108_0713	27.6	27
119424	1280.SAXN108_0085	27.6	14
121675	1280.SAXN108_2336	27.5	25
120981	1280.SAXN108_1642	27.4	26
120576	1280.SAXN108_1237	26.9	18
120067	1280.SAXN108_0728	26.7	29
121959	1280.SAXN108_2620	26.7	3
122011	1280.SAXN108_2672	26.6	33
119599	1280.SAXN108_0260	26.6	43
122242	1280.SAXN108_2903	26.5	38
119717	1280.SAXN108_0378	26.4	42
122108	1280.SAXN108_2769	26.3	27
119942	1280.SAXN108_0603	26.0	49
120300	1280.SAXN108_0961	25.7	153
119459	1280.SAXN108_0120	25.6	18
121345	1280.SAXN108_2006	25.6	10
121050	1280.SAXN108_1711	25.6	66
119473	1280.SAXN108_0134	25.4	108
120006	1280.SAXN108_0667	25.3	16
119833	1280.SAXN108_0494	25.2	68
121930	1280.SAXN108_2591	25.1	28
119588	1280.SAXN108_0249	24.9	52
120152	1280.SAXN108_0813	24.8	31
121009	1280.SAXN108_1670	24.8	21
119843	1280.SAXN108_0504	24.8	18
120556	1280.SAXN108_1217	24.7	9
121663	1280.SAXN108_2324	24.6	23
120650	1280.SAXN108_1311	24.6	57
122130	1280.SAXN108_2791	24.4	30
122296	1280.SAXN108_2957	24.3	43
120381	1280.SAXN108_1042	24.3	10
120623	1280.SAXN108_1284	24.3	30
120514	1280.SAXN108_1175	24.2	84
121860	1280.SAXN108_2521	24.1	27
120761	1280.SAXN108_1422	24.1	12
120765	1280.SAXN108_1426	23.9	37
120121	1280.SAXN108_0782	23.9	50
122307	1280.SAXN108_2968	23.8	20
119494	1280.SAXN108_0155	23.8	7
120994	1280.SAXN108_1655	23.7	53
120603	1280.SAXN108_1264	23.6	36
121761	1280.SAXN108_2422	23.6	22
121909	1280.SAXN108_2570	23.4	28
121123	1280.SAXN108_1784	23.3	29
120792	1280.SAXN108_1453	23.2	24
120221	1280.SAXN108_0882	23.2	10
120848	1280.SAXN108_1509	22.9	90
122200	1280.SAXN108_2861	22.6	11
119857	1280.SAXN108_0518	22.5	22
121355	1280.SAXN108_2016	22.4	19
120732	1280.SAXN108_1393	22.2	29
120433	1280.SAXN108_1094	22.2	7
120678	1280.SAXN108_1339	22.0	17
122146	1280.SAXN108_2807	21.9	8
120819	1280.SAXN108_1480	21.8	38
121002	1280.SAXN108_1663	21.8	54
121990	1280.SAXN108_2651	21.8	58
119964	1280.SAXN108_0625	21.7	13
121138	1280.SAXN108_1799	21.6	50
121672	1280.SAXN108_2333	21.5	67
120132	1280.SAXN108_0793	21.2	20
119615	1280.SAXN108_0276	21.0	27
121184	1280.SAXN108_1845	20.9	15
119836	1280.SAXN108_0497	20.8	10
121629	1280.SAXN108_2290	20.8	67
120390	1280.SAXN108_1051	20.7	8
120436	1280.SAXN108_1097	20.7	10
120739	1280.SAXN108_1400	20.7	19
122074	1280.SAXN108_2735	20.7	16
120674	1280.SAXN108_1335	20.6	58
119536	1280.SAXN108_0197	20.4	22
121354	1280.SAXN108_2015	20.3	43
120830	1280.SAXN108_1491	20.3	28
122050	1280.SAXN108_2711	20.3	6
122089	1280.SAXN108_2750	20.2	100
119580	1280.SAXN108_0241	19.9	21
119499	1280.SAXN108_0160	19.8	31
119460	1280.SAXN108_0121	19.6	28
119592	1280.SAXN108_0253	19.5	13
121965	1280.SAXN108_2626	19.5	37
121910	1280.SAXN108_2571	19.5	38
121881	1280.SAXN108_2542	19.5	36
122141	1280.SAXN108_2802	19.3	51
119829	1280.SAXN108_0490	19.2	34
120917	1280.SAXN108_1578	19.2	27
119873	1280.SAXN108_0534	19.0	27
120078	1280.SAXN108_0739	18.8	10
122053	1280.SAXN108_2714	18.5	41
121931	1280.SAXN108_2592	18.4	30
122209	1280.SAXN108_2870	17.8	17
120808	1280.SAXN108_1469	17.8	13
121331	1280.SAXN108_1992	17.6	13
120794	1280.SAXN108_1455	17.6	12
119617	1280.SAXN108_0278	17.5	27
119727	1280.SAXN108_0388	17.4	23
120055	1280.SAXN108_0716	17.4	25
121719	1280.SAXN108_2380	17.3	12
119956	1280.SAXN108_0617	17.1	186
121678	1280.SAXN108_2339	17.1	21
121242	1280.SAXN108_1903	16.9	19
122205	1280.SAXN108_2866	16.8	12
119348	1280.SAXN108_0009	16.7	22
120089	1280.SAXN108_0750	16.6	6
121862	1280.SAXN108_2523	16.5	10
119503	1280.SAXN108_0164	16.5	165
120379	1280.SAXN108_1040	16.4	43
120680	1280.SAXN108_1341	16.4	11
120958	1280.SAXN108_1619	16.4	16
121035	1280.SAXN108_1696	16.1	20
119606	1280.SAXN108_0267	15.9	92
119815	1280.SAXN108_0476	15.9	19
120986	1280.SAXN108_1647	15.9	70
121196	1280.SAXN108_1857	15.9	20
120026	1280.SAXN108_0687	15.9	10
122159	1280.SAXN108_2820	15.9	22
120647	1280.SAXN108_1308	15.9	24
122239	1280.SAXN108_2900	15.7	18
119428	1280.SAXN108_0089	15.6	20
122225	1280.SAXN108_2886	15.5	47
120536	1280.SAXN108_1197	15.5	26
121368	1280.SAXN108_2029	15.4	24
119641	1280.SAXN108_0302	15.2	21
121868	1280.SAXN108_2529	15.1	14
121809	1280.SAXN108_2470	14.9	21
120772	1280.SAXN108_1433	14.9	24
121911	1280.SAXN108_2572	14.8	24
120550	1280.SAXN108_1211	14.8	54
121988	1280.SAXN108_2649	14.7	14
119426	1280.SAXN108_0087	14.6	16
121140	1280.SAXN108_1801	14.5	20
119721	1280.SAXN108_0382	14.5	9
119777	1280.SAXN108_0438	14.4	30
120923	1280.SAXN108_1584	14.4	43
119432	1280.SAXN108_0093	14.1	42
120866	1280.SAXN108_1527	13.9	15
121739	1280.SAXN108_2400	13.9	23
120849	1280.SAXN108_1510	13.7	72
119578	1280.SAXN108_0239	13.7	23
119487	1280.SAXN108_0148	13.5	21
121857	1280.SAXN108_2518	13.4	21
119349	1280.SAXN108_0010	13.3	35
120126	1280.SAXN108_0787	13.1	34
122145	1280.SAXN108_2806	12.9	8
121971	1280.SAXN108_2632	12.9	15
120129	1280.SAXN108_0790	12.8	16
120463	1280.SAXN108_1124	12.8	30
120047	1280.SAXN108_0708	12.6	28
119989	1280.SAXN108_0650	12.5	36
119827	1280.SAXN108_0488	12.3	29
121357	1280.SAXN108_2018	12.2	20
120118	1280.SAXN108_0779	12.1	10
119852	1280.SAXN108_0513	12.1	7
121234	1280.SAXN108_1895	12.0	16
119501	1280.SAXN108_0162	12.0	23
121987	1280.SAXN108_2648	11.9	8
120672	1280.SAXN108_1333	11.8	17
120803	1280.SAXN108_1464	11.8	11
119640	1280.SAXN108_0301	11.7	15
120318	1280.SAXN108_0979	11.7	3
121799	1280.SAXN108_2460	11.6	37
122289	1280.SAXN108_2950	11.4	7
120567	1280.SAXN108_1228	11.4	10
121238	1280.SAXN108_1899	11.4	8
119831	1280.SAXN108_0492	11.3	44
122165	1280.SAXN108_2826	11.3	7
119981	1280.SAXN108_0642	11.3	10
120870	1280.SAXN108_1531	11.2	27
122055	1280.SAXN108_2716	11.2	8
119479	1280.SAXN108_0140	11.2	21
121794	1280.SAXN108_2455	11.1	50
120452	1280.SAXN108_1113	10.9	5
122048	1280.SAXN108_2709	10.7	9
119441	1280.SAXN108_0102	10.7	4
122124	1280.SAXN108_2785	10.7	6
120566	1280.SAXN108_1227	10.7	27
120528	1280.SAXN108_1189	10.5	20
121657	1280.SAXN108_2318	10.5	27
119862	1280.SAXN108_0523	10.5	29
119647	1280.SAXN108_0308	10.5	13
120177	1280.SAXN108_0838	10.4	6
119446	1280.SAXN108_0107	10.4	30
121936	1280.SAXN108_2597	10.4	11
120031	1280.SAXN108_0692	10.2	15
121376	1280.SAXN108_2037	10.1	7
120846	1280.SAXN108_1507	10.0	60
119726	1280.SAXN108_0387	9.94	19
121811	1280.SAXN108_2472	9.91	19
121918	1280.SAXN108_2579	9.81	18
121083	1280.SAXN108_1744	9.81	19
120211	1280.SAXN108_0872	9.72	8
119440	1280.SAXN108_0101	9.62	6
119984	1280.SAXN108_0645	9.59	16
121879	1280.SAXN108_2540	9.53	15
121994	1280.SAXN108_2655	9.47	39
120637	1280.SAXN108_1298	9.46	8
121855	1280.SAXN108_2516	9.35	4
120686	1280.SAXN108_1347	9.34	10
119885	1280.SAXN108_0546	9.32	16
119488	1280.SAXN108_0149	9.3	18
119642	1280.SAXN108_0303	9.28	10
120298	1280.SAXN108_0959	9.26	3
122314	1280.SAXN108_2975	9.2	24
120726	1280.SAXN108_1387	9.15	8
119360	1280.SAXN108_0021	9.05	18
122226	1280.SAXN108_2887	8.88	8
119869	1280.SAXN108_0530	8.74	6
119835	1280.SAXN108_0496	8.7	24
120486	1280.SAXN108_1147	8.65	4
122311	1280.SAXN108_2972	8.65	8
119489	1280.SAXN108_0150	8.63	12
120624	1280.SAXN108_1285	8.57	10
121198	1280.SAXN108_1859	8.49	13
119517	1280.SAXN108_0178	8.48	7
122150	1280.SAXN108_2811	8.45	12
122041	1280.SAXN108_2702	8.41	7
121476	1280.SAXN108_2137	8.37	4
119344	1280.SAXN108_0005	8.3	12
120953	1280.SAXN108_1614	8.2	8
122029	1280.SAXN108_2690	7.96	10
121487	1280.SAXN108_2148	7.89	40
119639	1280.SAXN108_0300	7.87	14
121313	1280.SAXN108_1974	7.75	15
121235	1280.SAXN108_1896	7.55	26
121375	1280.SAXN108_2036	7.54	15
120098	1280.SAXN108_0759	7.45	15
121386	1280.SAXN108_2047	7.34	4
119875	1280.SAXN108_0536	7.17	13
119848	1280.SAXN108_0509	7.15	8
120857	1280.SAXN108_1518	7.01	7
121844	1280.SAXN108_2505	6.96	6
121656	1280.SAXN108_2317	6.95	3
121367	1280.SAXN108_2028	6.89	9
120028	1280.SAXN108_0689	6.88	8
119566	1280.SAXN108_0227	6.81	6
122152	1280.SAXN108_2813	6.77	9
120278	1280.SAXN108_0939	6.7	4
119968	1280.SAXN108_0629	6.7	7
119553	1280.SAXN108_0214	6.62	7
119772	1280.SAXN108_0433	6.59	9
122084	1280.SAXN108_2745	6.54	3
122265	1280.SAXN108_2926	6.53	25
120659	1280.SAXN108_1320	6.51	6
120105	1280.SAXN108_0766	6.48	8
119864	1280.SAXN108_0525	6.46	21
122167	1280.SAXN108_2828	6.4	11
119616	1280.SAXN108_0277	6.33	8
121177	1280.SAXN108_1838	6.31	18
119519	1280.SAXN108_0180	6.25	29
120973	1280.SAXN108_1634	6.09	9
121182	1280.SAXN108_1843	6.04	11
121200	1280.SAXN108_1861	5.95	15
121673	1280.SAXN108_2334	5.95	9
121180	1280.SAXN108_1841	5.92	11
120143	1280.SAXN108_0804	5.85	3
120295	1280.SAXN108_0956	5.83	9
121893	1280.SAXN108_2554	5.81	7
121468	1280.SAXN108_2129	5.72	4
121701	1280.SAXN108_2362	5.7	9
120128	1280.SAXN108_0789	5.56	6
120474	1280.SAXN108_1135	5.54	7
121516	1280.SAXN108_2177	5.51	16
121902	1280.SAXN108_2563	5.46	6
121161	1280.SAXN108_1822	5.45	6
119959	1280.SAXN108_0620	5.42	16
121993	1280.SAXN108_2654	5.38	3
121131	1280.SAXN108_1792	5.35	4
120074	1280.SAXN108_0735	5.32	5
121781	1280.SAXN108_2442	5.21	16
119443	1280.SAXN108_0104	5.18	15
121948	1280.SAXN108_2609	5.17	8
119839	1280.SAXN108_0500	5.12	12
120434	1280.SAXN108_1095	5.1	6
119709	1280.SAXN108_0370	5.09	8
120035	1280.SAXN108_0696	5.08	9
121405	1280.SAXN108_2066	5.05	21
119691	1280.SAXN108_0352	5.05	21
120859	1280.SAXN108_1520	4.99	10
119469	1280.SAXN108_0130	4.9	12
119535	1280.SAXN108_0196	4.88	4
121871	1280.SAXN108_2532	4.87	6
122013	1280.SAXN108_2674	4.86	18
119842	1280.SAXN108_0503	4.82	15
122266	1280.SAXN108_2927	4.68	8
119362	1280.SAXN108_0023	4.65	8
120850	1280.SAXN108_1511	4.62	11
120725	1280.SAXN108_1386	4.55	8
119560	1280.SAXN108_0221	4.54	30
122235	1280.SAXN108_2896	4.47	5
119541	1280.SAXN108_0202	4.4	4
120061	1280.SAXN108_0722	4.39	13
121334	1280.SAXN108_1995	4.39	10
120754	1280.SAXN108_1415	4.35	8
119502	1280.SAXN108_0163	4.34	4
120976	1280.SAXN108_1637	4.25	4
122073	1280.SAXN108_2734	4.17	6
122091	1280.SAXN108_2752	4.13	8
121341	1280.SAXN108_2002	4.08	3
121139	1280.SAXN108_1800	4.04	4
122151	1280.SAXN108_2812	4.04	12
121141	1280.SAXN108_1802	4.04	9
121869	1280.SAXN108_2530	3.99	6
121399	1280.SAXN108_2060	3.97	7
119697	1280.SAXN108_0358	3.97	7
122279	1280.SAXN108_2940	3.96	5
122040	1280.SAXN108_2701	3.96	8
120531	1280.SAXN108_1192	3.93	3
121630	1280.SAXN108_2291	3.92	8
121356	1280.SAXN108_2017	3.92	5
120019	1280.SAXN108_0680	3.89	3
120040	1280.SAXN108_0701	3.79	3
119859	1280.SAXN108_0520	3.76	4
119710	1280.SAXN108_0371	3.76	9
120533	1280.SAXN108_1194	3.6	3
122118	1280.SAXN108_2779	3.56	3
120196	1280.SAXN108_0857	3.55	6
122208	1280.SAXN108_2869	3.5	5
120016	1280.SAXN108_0677	3.47	4
122093	1280.SAXN108_2754	3.44	6
121699	1280.SAXN108_2360	3.43	3
121070	1280.SAXN108_1731	3.43	24
119971	1280.SAXN108_0632	3.43	8
120585	1280.SAXN108_1246	3.42	4
120722	1280.SAXN108_1383	3.31	8
119476	1280.SAXN108_0137	3.16	6
120911	1280.SAXN108_1572	3.14	3
122287	1280.SAXN108_2948	3.13	5
119650	1280.SAXN108_0311	3.13	4
120046	1280.SAXN108_0707	3.06	3
122110	1280.SAXN108_2771	3.0	3
119437	1280.SAXN108_0098	2.9	3
120814	1280.SAXN108_1475	2.85	3
120104	1280.SAXN108_0765	2.81	3
120256	1280.SAXN108_0917	2.78	4
119537	1280.SAXN108_0198	2.78	5
119895	1280.SAXN108_0556	2.75	7
119629	1280.SAXN108_0290	2.7	4
121057	1280.SAXN108_1718	2.66	9
122026	1280.SAXN108_2687	2.63	4
119586	1280.SAXN108_0247	2.62	6
120380	1280.SAXN108_1041	2.61	3
120701	1280.SAXN108_1362	2.47	5
121789	1280.SAXN108_2450	2.42	4
121168	1280.SAXN108_1829	2.41	3
122288	1280.SAXN108_2949	2.4	3
121088	1280.SAXN108_1749	2.36	5
122212	1280.SAXN108_2873	2.33	5
121992	1280.SAXN108_2653	2.28	3
120100	1280.SAXN108_0761	2.26	7
120460	1280.SAXN108_1121	2.23	5
122223	1280.SAXN108_2884	2.19	3
120853	1280.SAXN108_1514	2.16	6
120095	1280.SAXN108_0756	2.12	4
120096	1280.SAXN108_0757	2.11	3
121856	1280.SAXN108_2517	2.1	4
121163	1280.SAXN108_1824	2.08	4
120027	1280.SAXN108_0688	2.07	3
120387	1280.SAXN108_1048	2.05	3
119748	1280.SAXN108_0409	1.99	4
122234	1280.SAXN108_2895	1.98	4
120724	1280.SAXN108_1385	1.97	4
122180	1280.SAXN108_2841	1.95	3
122034	1280.SAXN108_2695	1.91	3
122259	1280.SAXN108_2920	1.86	7
121700	1280.SAXN108_2361	1.77	4
119450	1280.SAXN108_0111	1.76	3
119841	1280.SAXN108_0502	1.76	3
119445	1280.SAXN108_0106	1.74	6
121736	1280.SAXN108_2397	1.74	3
120307	1280.SAXN108_0968	1.74	16
120480	1280.SAXN108_1141	1.73	3
119870	1280.SAXN108_0531	1.71	3
121430	1280.SAXN108_2091	1.69	6
122033	1280.SAXN108_2694	1.61	4
119991	1280.SAXN108_0652	1.5	3
119524	1280.SAXN108_0185	1.48	6
121810	1280.SAXN108_2471	1.45	3
120802	1280.SAXN108_1463	1.39	3
122293	1280.SAXN108_2954	1.19	3
120940	1280.SAXN108_1601	1.1	3
119945	1280.SAXN108_0606	0.828	3
122297	1280.SAXN108_2958	0.726	3
120795	1280.SAXN108_1456	0.082	5
