#id: 1070090418
#name: S.pyogenes M1GAS - Whole organism, SC (Peptideatlas,feb,2007)
#score: 8.2
#weight:  15%
#description: abundance based on Spectral counting, Interaction consistency score: 8.2, Coverage: 49
#organ: WHOLE_ORGANISM
#integrated: false
#coverage: 49
#link: http://www.peptideatlas.org/builds/
#publication_year: 2007
#filename: 1314-160490-PA_200702.txt
#
#internal_id	string_external_id	abundance	raw_spectral_count
125617	1314.HKU360_00861	47230	1698
124902	1314.HKU360_00093	25092	135
125397	1314.HKU360_00632	21648	367
125057	1314.HKU360_00273	19499	1413
126011	1314.HKU360_01265	19195	395
125335	1314.HKU360_00567	18387	1750
125769	1314.HKU360_01015	17513	8
125745	1314.HKU360_00991	16480	128
125425	1314.HKU360_00662	14018	92
125290	1314.HKU360_00520	13350	525
125903	1314.HKU360_01154	13280	212
124905	1314.HKU360_00096	12861	162
126032	1314.HKU360_01287	12493	561
125409	1314.HKU360_00645	12488	211
126404	1314.HKU360_01677	12190	205
125289	1314.HKU360_00519	11423	929
126452	1314.HKU360_01725	11051	436
124900	1314.HKU360_00091	10764	231
124901	1314.HKU360_00092	10141	233
125901	1314.HKU360_01152	9838	846
126485	1314.HKU360_01765	9669	139
126446	1314.HKU360_01719	9508	874
125770	1314.HKU360_01016	9506	280
126456	1314.HKU360_01730	9379	548
124913	1314.HKU360_00104	8953	152
125616	1314.HKU360_00860	8905	336
125785	1314.HKU360_01032	7975	378
124891	1314.HKU360_00082	7951	173
124898	1314.HKU360_00089	7156	305
124893	1314.HKU360_00084	7148	119
126275	1314.HKU360_01548	7125	34
125330	1314.HKU360_00561	7076	145
124904	1314.HKU360_00095	7063	63
126593	1314.HKU360_01879	7016	52
125325	1314.HKU360_00556	6810	174
124903	1314.HKU360_00094	6723	236
125056	1314.HKU360_00272	6636	1019
125185	1314.HKU360_00409	6578	148
125055	1314.HKU360_00271	6546	177
126280	1314.HKU360_01553	6406	681
126503	1314.HKU360_01784	6394	72
126594	1314.HKU360_01881	6385	229
126607	1314.HKU360_01894	6267	500
124887	1314.HKU360_00078	6191	171
126106	1314.HKU360_01373	6030	188
124896	1314.HKU360_00087	5980	90
124889	1314.HKU360_00080	5899	263
125784	1314.HKU360_01031	5861	609
124909	1314.HKU360_00100	5853	19
126543	1314.HKU360_01826	5812	37
125690	1314.HKU360_00935	5743	345
125487	1314.HKU360_00727	5669	429
126606	1314.HKU360_01893	5565	360
125182	1314.HKU360_00406	5510	174
124886	1314.HKU360_00077	5000	105
125768	1314.HKU360_01014	4962	273
126281	1314.HKU360_01554	4953	108
124897	1314.HKU360_00088	4775	94
124885	1314.HKU360_00076	4612	71
124892	1314.HKU360_00083	4555	194
126402	1314.HKU360_01675	4468	37
125695	1314.HKU360_00940	4447	135
126656	1314.HKU360_01943	4435	242
124910	1314.HKU360_00101	4392	105
124894	1314.HKU360_00085	4346	22
125944	1314.HKU360_01198	4252	227
125902	1314.HKU360_01153	4089	389
125396	1314.HKU360_00631	3996	15
126261	1314.HKU360_01533	3989	274
126589	1314.HKU360_01874	3840	604
125183	1314.HKU360_00407	3813	181
125013	1314.HKU360_00228	3803	238
126324	1314.HKU360_01597	3671	123
124911	1314.HKU360_00102	3612	79
126642	1314.HKU360_01929	3600	7
126080	1314.HKU360_01335	3578	84
125080	1314.HKU360_00302	3556	9
125086	1314.HKU360_00308	3544	106
126551	1314.HKU360_01834	3478	245
124888	1314.HKU360_00079	3446	78
126037	1314.HKU360_01292	3445	276
126270	1314.HKU360_01543	3440	61
126061	1314.HKU360_01316	3435	420
125781	1314.HKU360_01028	3416	25
124912	1314.HKU360_00103	3397	202
126110	1314.HKU360_01377	3248	235
125492	1314.HKU360_00733	3195	24
125141	1314.HKU360_00365	3164	133
126165	1314.HKU360_01435	3142	27
125133	1314.HKU360_00357	3133	215
126590	1314.HKU360_01875	3073	55
125577	1314.HKU360_00818	3041	120
125216	1314.HKU360_00440	3021	115
125110	1314.HKU360_00332	2989	126
126059	1314.HKU360_01314	2983	234
126624	1314.HKU360_01911	2937	71
126486	1314.HKU360_01766	2928	86
126121	1314.HKU360_01388	2896	40
124890	1314.HKU360_00081	2832	62
125605	1314.HKU360_00848	2803	104
126680	1314.HKU360_01967	2789	253
125945	1314.HKU360_01199	2596	144
126157	1314.HKU360_01427	2578	313
125904	1314.HKU360_01155	2479	17
125377	1314.HKU360_00611	2468	129
126451	1314.HKU360_01724	2459	6
126659	1314.HKU360_01946	2455	59
125374	1314.HKU360_00608	2375	11
126443	1314.HKU360_01716	2211	179
125486	1314.HKU360_00724	2168	33
125435	1314.HKU360_00672	2159	166
124859	1314.HKU360_00050	2157	138
126688	1314.HKU360_01979	2135	115
125915	1314.HKU360_01169	2121	119
124907	1314.HKU360_00098	2070	101
125669	1314.HKU360_00914	2068	91
124908	1314.HKU360_00099	1935	22
126047	1314.HKU360_01302	1922	59
126133	1314.HKU360_01403	1909	51
124970	1314.HKU360_00182	1905	204
126265	1314.HKU360_01538	1894	172
125356	1314.HKU360_00589	1878	127
124856	1314.HKU360_00013	1833	225
125741	1314.HKU360_00987	1821	131
126418	1314.HKU360_01691	1820	328
126564	1314.HKU360_01849	1791	111
126137	1314.HKU360_01407	1752	196
126056	1314.HKU360_01311	1749	77
125470	1314.HKU360_00707	1720	42
125312	1314.HKU360_00543	1705	44
126422	1314.HKU360_01695	1686	26
126262	1314.HKU360_01534	1674	37
125802	1314.HKU360_01050	1649	33
125808	1314.HKU360_01056	1640	68
124918	1314.HKU360_00127	1596	168
125176	1314.HKU360_00400	1589	87
126505	1314.HKU360_01786	1585	73
126431	1314.HKU360_01704	1564	45
125580	1314.HKU360_00821	1558	184
125578	1314.HKU360_00819	1535	118
126608	1314.HKU360_01895	1501	188
125689	1314.HKU360_00934	1483	182
125402	1314.HKU360_00637	1468	44
126455	1314.HKU360_01729	1467	44
126271	1314.HKU360_01544	1454	129
125142	1314.HKU360_00366	1415	20
125718	1314.HKU360_00963	1408	150
124883	1314.HKU360_00074	1408	115
125927	1314.HKU360_01181	1395	62
125358	1314.HKU360_00591	1392	162
125277	1314.HKU360_00506	1384	131
124921	1314.HKU360_00131	1377	360
125506	1314.HKU360_00747	1376	43
126626	1314.HKU360_01913	1337	98
125795	1314.HKU360_01043	1327	103
126272	1314.HKU360_01545	1310	49
125438	1314.HKU360_00675	1307	118
126560	1314.HKU360_01843	1301	29
124920	1314.HKU360_00130	1300	258
125034	1314.HKU360_00250	1286	97
125411	1314.HKU360_00647	1284	32
126449	1314.HKU360_01722	1268	135
125054	1314.HKU360_00270	1261	25
126117	1314.HKU360_01384	1227	70
126263	1314.HKU360_01535	1218	103
125614	1314.HKU360_00857	1214	96
125478	1314.HKU360_00716	1192	80
125471	1314.HKU360_00708	1177	82
124972	1314.HKU360_00184	1169	74
126547	1314.HKU360_01830	1159	245
125485	1314.HKU360_00723	1153	101
125395	1314.HKU360_00630	1148	30
125468	1314.HKU360_00705	1146	88
125375	1314.HKU360_00609	1145	26
126683	1314.HKU360_01971	1145	93
125259	1314.HKU360_00488	1123	89
124971	1314.HKU360_00183	1115	86
126634	1314.HKU360_01921	1107	154
126312	1314.HKU360_01585	1060	168
126403	1314.HKU360_01676	1012	36
125771	1314.HKU360_01017	1011	22
126266	1314.HKU360_01539	987	42
125019	1314.HKU360_00235	986	66
125737	1314.HKU360_00983	973	167
126035	1314.HKU360_01290	970	21
125772	1314.HKU360_01018	957	16
126274	1314.HKU360_01547	952	49
124895	1314.HKU360_00086	946	5
126509	1314.HKU360_01790	937	141
126681	1314.HKU360_01968	934	49
126671	1314.HKU360_01958	907	43
124906	1314.HKU360_00097	905	48
126190	1314.HKU360_01461	861	22
126291	1314.HKU360_01564	848	41
124980	1314.HKU360_00192	816	89
125885	1314.HKU360_01136	798	42
124845	1314.HKU360_00002	794	72
126448	1314.HKU360_01721	791	52
125507	1314.HKU360_00748	781	62
125714	1314.HKU360_00959	776	75
124933	1314.HKU360_00143	774	49
125184	1314.HKU360_00408	773	47
126444	1314.HKU360_01717	772	20
126038	1314.HKU360_01293	770	57
125276	1314.HKU360_00505	769	11
126595	1314.HKU360_01882	768	88
125587	1314.HKU360_00828	767	91
125419	1314.HKU360_00656	762	38
126130	1314.HKU360_01399	755	61
125666	1314.HKU360_00911	745	35
125416	1314.HKU360_00653	731	30
126164	1314.HKU360_01434	731	21
125505	1314.HKU360_00746	715	58
125579	1314.HKU360_00820	711	70
125189	1314.HKU360_00413	703	35
126279	1314.HKU360_01552	703	50
126078	1314.HKU360_01333	701	108
125272	1314.HKU360_00501	699	13
125426	1314.HKU360_00663	685	17
126031	1314.HKU360_01285	682	120
125044	1314.HKU360_00260	672	32
126191	1314.HKU360_01462	669	89
126481	1314.HKU360_01761	669	27
125499	1314.HKU360_00740	669	28
125782	1314.HKU360_01029	665	88
125028	1314.HKU360_00244	657	72
125167	1314.HKU360_00391	646	10
126139	1314.HKU360_01409	645	77
126498	1314.HKU360_01779	637	80
125807	1314.HKU360_01055	626	90
125890	1314.HKU360_01141	623	36
125582	1314.HKU360_00823	612	58
125223	1314.HKU360_00447	604	47
125680	1314.HKU360_00925	592	44
126639	1314.HKU360_01926	588	58
126166	1314.HKU360_01436	584	76
125092	1314.HKU360_00314	583	16
126043	1314.HKU360_01298	581	63
126167	1314.HKU360_01437	580	43
125004	1314.HKU360_00218	579	40
125914	1314.HKU360_01167	579	99
126287	1314.HKU360_01560	572	49
125053	1314.HKU360_00269	571	98
125087	1314.HKU360_00309	569	41
125286	1314.HKU360_00516	568	59
124858	1314.HKU360_00049	561	35
125888	1314.HKU360_01139	560	10
126538	1314.HKU360_01821	559	52
125827	1314.HKU360_01075	555	50
125664	1314.HKU360_00909	554	42
126028	1314.HKU360_01282	548	125
125604	1314.HKU360_00847	546	10
126057	1314.HKU360_01312	546	54
125476	1314.HKU360_00714	543	27
125749	1314.HKU360_00995	542	31
126045	1314.HKU360_01300	534	38
125096	1314.HKU360_00318	529	22
126435	1314.HKU360_01708	527	39
125420	1314.HKU360_00657	517	109
126288	1314.HKU360_01561	511	56
126478	1314.HKU360_01758	511	38
126513	1314.HKU360_01794	507	7
125220	1314.HKU360_00444	505	10
125226	1314.HKU360_00451	498	63
124931	1314.HKU360_00141	497	48
125190	1314.HKU360_00414	497	71
125073	1314.HKU360_00289	488	44
125434	1314.HKU360_00671	470	17
126408	1314.HKU360_01681	467	15
125748	1314.HKU360_00994	466	76
126194	1314.HKU360_01465	461	35
126023	1314.HKU360_01277	453	62
125661	1314.HKU360_00906	453	23
126450	1314.HKU360_01723	443	12
125271	1314.HKU360_00500	437	7
126253	1314.HKU360_01525	433	23
126293	1314.HKU360_01566	424	25
126143	1314.HKU360_01413	424	19
126561	1314.HKU360_01844	420	9
125607	1314.HKU360_00850	417	19
126489	1314.HKU360_01770	417	16
125111	1314.HKU360_00333	416	18
126315	1314.HKU360_01588	405	20
126559	1314.HKU360_01842	404	36
126116	1314.HKU360_01383	403	49
126273	1314.HKU360_01546	400	29
126447	1314.HKU360_01720	400	31
125613	1314.HKU360_00856	394	23
125935	1314.HKU360_01189	393	41
125463	1314.HKU360_00700	391	42
125379	1314.HKU360_00613	387	38
125573	1314.HKU360_00814	386	44
126254	1314.HKU360_01526	379	10
126401	1314.HKU360_01674	371	10
126063	1314.HKU360_01318	369	12
125730	1314.HKU360_00976	364	9
126289	1314.HKU360_01562	360	4
125421	1314.HKU360_00658	360	36
125952	1314.HKU360_01206	359	4
125354	1314.HKU360_00587	359	13
125437	1314.HKU360_00674	358	27
125296	1314.HKU360_00527	357	43
126454	1314.HKU360_01728	350	38
126172	1314.HKU360_01443	344	7
126640	1314.HKU360_01927	337	31
126180	1314.HKU360_01451	337	15
126323	1314.HKU360_01596	336	13
124988	1314.HKU360_00200	334	23
125694	1314.HKU360_00939	332	4
126571	1314.HKU360_01856	331	17
126442	1314.HKU360_01715	330	44
126125	1314.HKU360_01392	329	26
126480	1314.HKU360_01760	323	18
125361	1314.HKU360_00594	321	28
125418	1314.HKU360_00655	319	18
124847	1314.HKU360_00004	319	30
125124	1314.HKU360_00346	319	13
124957	1314.HKU360_00169	317	10
125317	1314.HKU360_00548	316	37
126136	1314.HKU360_01406	314	30
125222	1314.HKU360_00446	314	23
125788	1314.HKU360_01035	313	21
125179	1314.HKU360_00403	313	18
126269	1314.HKU360_01542	309	11
124989	1314.HKU360_00201	309	40
126657	1314.HKU360_01944	308	3
125480	1314.HKU360_00718	306	17
125393	1314.HKU360_00627	305	3
126433	1314.HKU360_01706	305	8
125052	1314.HKU360_00268	304	14
126144	1314.HKU360_01414	302	20
126175	1314.HKU360_01446	302	13
125820	1314.HKU360_01068	301	27
125156	1314.HKU360_00380	298	51
125898	1314.HKU360_01149	298	19
126491	1314.HKU360_01772	297	13
126123	1314.HKU360_01390	279	29
126081	1314.HKU360_01336	278	5
125150	1314.HKU360_00374	278	6
125667	1314.HKU360_00912	277	16
126580	1314.HKU360_01865	274	3
125333	1314.HKU360_00565	272	36
125221	1314.HKU360_00445	271	13
125364	1314.HKU360_00598	271	18
125074	1314.HKU360_00290	270	10
125655	1314.HKU360_00900	264	13
125175	1314.HKU360_00399	264	11
125027	1314.HKU360_00243	263	9
125357	1314.HKU360_00590	263	15
125081	1314.HKU360_00303	259	12
124991	1314.HKU360_00203	257	47
126058	1314.HKU360_01313	257	18
125285	1314.HKU360_00515	255	8
126255	1314.HKU360_01527	255	8
125566	1314.HKU360_00807	250	13
125943	1314.HKU360_01197	247	10
126414	1314.HKU360_01687	245	13
125075	1314.HKU360_00291	242	17
125758	1314.HKU360_01004	241	8
124990	1314.HKU360_00202	239	24
126477	1314.HKU360_01757	239	2
125311	1314.HKU360_00542	238	13
125918	1314.HKU360_01172	237	22
126570	1314.HKU360_01855	236	7
126664	1314.HKU360_01951	236	6
125171	1314.HKU360_00395	235	17
125400	1314.HKU360_00635	233	11
125046	1314.HKU360_00262	230	16
126476	1314.HKU360_01756	228	16
125711	1314.HKU360_00956	226	8
126029	1314.HKU360_01283	225	5
125018	1314.HKU360_00234	224	19
126292	1314.HKU360_01565	224	14
125195	1314.HKU360_00419	223	17
125761	1314.HKU360_01007	223	20
125475	1314.HKU360_00713	222	15
125365	1314.HKU360_00599	221	36
124939	1314.HKU360_00149	220	16
125787	1314.HKU360_01034	216	5
126278	1314.HKU360_01551	216	13
126619	1314.HKU360_01906	216	32
126441	1314.HKU360_01714	215	5
125280	1314.HKU360_00509	214	10
126014	1314.HKU360_01268	213	11
125574	1314.HKU360_00815	213	17
126641	1314.HKU360_01928	213	2
125653	1314.HKU360_00898	211	15
126425	1314.HKU360_01698	210	41
125740	1314.HKU360_00986	208	26
125567	1314.HKU360_00808	206	20
125293	1314.HKU360_00523	202	18
126689	1314.HKU360_01980	201	14
125606	1314.HKU360_00849	201	14
126566	1314.HKU360_01851	200	17
124940	1314.HKU360_00150	199	18
125107	1314.HKU360_00329	197	17
125724	1314.HKU360_00969	194	5
125351	1314.HKU360_00584	193	14
126517	1314.HKU360_01798	193	18
125586	1314.HKU360_00827	193	11
125294	1314.HKU360_00524	188	21
125726	1314.HKU360_00972	188	22
125826	1314.HKU360_01074	187	7
126268	1314.HKU360_01541	183	21
125109	1314.HKU360_00331	181	18
124861	1314.HKU360_00052	180	12
125591	1314.HKU360_00832	180	8
125828	1314.HKU360_01076	179	5
125403	1314.HKU360_00638	179	18
125321	1314.HKU360_00552	178	18
124874	1314.HKU360_00065	177	29
125675	1314.HKU360_00920	176	11
126572	1314.HKU360_01857	176	10
125739	1314.HKU360_00985	173	6
125639	1314.HKU360_00884	173	13
125779	1314.HKU360_01026	172	6
125145	1314.HKU360_00369	172	10
125050	1314.HKU360_00266	171	13
125678	1314.HKU360_00923	171	4
126145	1314.HKU360_01415	170	21
125348	1314.HKU360_00580	169	36
125383	1314.HKU360_00617	169	20
126665	1314.HKU360_01952	168	8
126086	1314.HKU360_01342	166	7
125233	1314.HKU360_00458	164	8
126276	1314.HKU360_01549	163	14
126591	1314.HKU360_01876	163	27
124996	1314.HKU360_00208	163	7
125341	1314.HKU360_00573	162	9
125662	1314.HKU360_00907	162	3
126021	1314.HKU360_01275	162	17
125699	1314.HKU360_00944	162	11
124986	1314.HKU360_00198	161	8
126119	1314.HKU360_01386	160	18
124969	1314.HKU360_00181	158	6
126084	1314.HKU360_01340	157	4
126020	1314.HKU360_01274	157	3
126510	1314.HKU360_01791	156	13
125174	1314.HKU360_00398	156	7
125467	1314.HKU360_00704	155	8
125187	1314.HKU360_00411	155	4
125267	1314.HKU360_00496	155	20
126148	1314.HKU360_01418	154	2
125177	1314.HKU360_00401	153	8
125464	1314.HKU360_00701	152	10
126181	1314.HKU360_01452	152	14
125378	1314.HKU360_00612	150	2
125783	1314.HKU360_01030	150	7
125291	1314.HKU360_00521	149	11
125645	1314.HKU360_00890	148	12
126085	1314.HKU360_01341	147	3
125458	1314.HKU360_00695	147	9
125436	1314.HKU360_00673	146	8
126128	1314.HKU360_01395	146	10
126017	1314.HKU360_01271	145	5
125641	1314.HKU360_00886	143	6
125009	1314.HKU360_00223	143	10
125398	1314.HKU360_00633	141	24
125789	1314.HKU360_01036	140	5
125778	1314.HKU360_01025	139	8
126027	1314.HKU360_01281	139	3
125060	1314.HKU360_00276	138	21
125466	1314.HKU360_00703	138	25
126008	1314.HKU360_01262	137	8
126428	1314.HKU360_01701	137	3
125679	1314.HKU360_00924	136	4
126542	1314.HKU360_01825	136	7
124846	1314.HKU360_00003	135	2
125698	1314.HKU360_00943	135	5
126623	1314.HKU360_01910	134	5
125916	1314.HKU360_01170	132	9
125774	1314.HKU360_01020	132	26
124982	1314.HKU360_00194	131	3
126013	1314.HKU360_01267	131	3
125751	1314.HKU360_00997	130	7
124848	1314.HKU360_00005	129	7
124871	1314.HKU360_00062	127	6
125702	1314.HKU360_00947	127	22
125886	1314.HKU360_01137	127	6
126633	1314.HKU360_01920	127	2
126440	1314.HKU360_01713	127	5
126173	1314.HKU360_01444	126	10
126082	1314.HKU360_01338	125	10
125349	1314.HKU360_00582	125	2
125899	1314.HKU360_01150	124	12
126009	1314.HKU360_01263	124	4
125406	1314.HKU360_00641	124	12
125148	1314.HKU360_00372	123	7
125496	1314.HKU360_00737	123	10
125316	1314.HKU360_00547	121	8
125692	1314.HKU360_00937	121	5
125415	1314.HKU360_00651	120	10
125332	1314.HKU360_00564	120	17
126682	1314.HKU360_01970	120	4
124919	1314.HKU360_00128	119	14
126582	1314.HKU360_01867	119	13
124968	1314.HKU360_00180	119	13
124941	1314.HKU360_00151	119	15
126256	1314.HKU360_01528	117	6
125600	1314.HKU360_00843	117	17
126325	1314.HKU360_01598	116	5
126267	1314.HKU360_01540	116	6
126129	1314.HKU360_01398	115	4
125076	1314.HKU360_00292	115	8
126663	1314.HKU360_01950	114	13
125750	1314.HKU360_00996	111	5
125172	1314.HKU360_00396	109	5
125445	1314.HKU360_00682	108	9
125292	1314.HKU360_00522	108	9
125065	1314.HKU360_00281	107	10
126400	1314.HKU360_01673	107	6
125691	1314.HKU360_00936	106	19
126168	1314.HKU360_01439	106	7
125288	1314.HKU360_00518	106	4
126514	1314.HKU360_01795	105	2
125889	1314.HKU360_01140	104	12
125024	1314.HKU360_00240	104	4
125326	1314.HKU360_00557	104	5
125907	1314.HKU360_01158	104	11
124880	1314.HKU360_00071	104	9
125391	1314.HKU360_00625	104	9
126497	1314.HKU360_01778	103	8
126629	1314.HKU360_01916	102	5
126041	1314.HKU360_01296	102	13
125385	1314.HKU360_00619	102	15
125450	1314.HKU360_00687	101	5
125752	1314.HKU360_00998	101	5
124958	1314.HKU360_00170	101	1
125693	1314.HKU360_00938	100	3
126044	1314.HKU360_01299	99.8	2
125093	1314.HKU360_00315	99.4	7
125644	1314.HKU360_00889	99.3	6
125401	1314.HKU360_00636	99.2	7
125804	1314.HKU360_01052	98.4	9
125139	1314.HKU360_00363	97.7	10
124914	1314.HKU360_00123	97.2	4
125581	1314.HKU360_00822	96.9	12
125936	1314.HKU360_01190	96.0	13
126118	1314.HKU360_01385	94.3	9
125734	1314.HKU360_00980	94.2	5
125264	1314.HKU360_00493	92.5	5
126055	1314.HKU360_01310	92.0	8
125386	1314.HKU360_00620	92.0	15
126075	1314.HKU360_01330	91.9	19
125224	1314.HKU360_00448	91.7	12
125905	1314.HKU360_01156	91.1	15
126658	1314.HKU360_01945	89.8	10
125192	1314.HKU360_00416	89.7	5
126310	1314.HKU360_01583	89.6	4
125433	1314.HKU360_00670	89.5	6
126512	1314.HKU360_01793	89.3	6
125322	1314.HKU360_00553	88.4	9
125088	1314.HKU360_00310	88.3	5
125431	1314.HKU360_00668	88.2	5
126183	1314.HKU360_01454	87.1	3
126147	1314.HKU360_01417	86.4	11
125225	1314.HKU360_00449	86.0	8
124850	1314.HKU360_00007	85.8	1
126423	1314.HKU360_01696	85.3	3
126627	1314.HKU360_01914	85.2	7
125387	1314.HKU360_00621	84.7	4
125432	1314.HKU360_00669	84.2	6
125469	1314.HKU360_00706	83.7	6
125514	1314.HKU360_00755	83.0	7
125708	1314.HKU360_00953	82.7	10
126466	1314.HKU360_01746	81.6	9
125274	1314.HKU360_00503	81.3	7
126294	1314.HKU360_01567	81.2	6
125068	1314.HKU360_00284	81.1	4
125407	1314.HKU360_00642	80.9	5
126250	1314.HKU360_01522	80.8	5
125318	1314.HKU360_00549	80.7	9
125410	1314.HKU360_00646	80.6	1
125735	1314.HKU360_00981	80.5	4
125082	1314.HKU360_00304	80.4	7
126018	1314.HKU360_01272	79.7	4
125572	1314.HKU360_00813	79.4	6
125502	1314.HKU360_00743	79.2	4
125059	1314.HKU360_00275	78.2	4
126153	1314.HKU360_01423	78.0	6
126152	1314.HKU360_01422	77.8	9
125331	1314.HKU360_00563	76.9	3
126420	1314.HKU360_01693	76.6	4
126182	1314.HKU360_01453	76.4	4
126251	1314.HKU360_01523	76.3	7
124884	1314.HKU360_00075	76.1	4
126552	1314.HKU360_01835	75.2	12
125932	1314.HKU360_01186	74.8	5
125327	1314.HKU360_00558	74.6	2
125663	1314.HKU360_00908	74.2	4
125780	1314.HKU360_01027	73.6	3
126102	1314.HKU360_01358	73.4	8
125938	1314.HKU360_01192	73.0	9
125473	1314.HKU360_00710	72.8	5
125489	1314.HKU360_00730	72.0	7
125946	1314.HKU360_01200	71.8	10
125900	1314.HKU360_01151	71.2	6
125147	1314.HKU360_00371	70.6	2
125350	1314.HKU360_00583	70.4	15
126620	1314.HKU360_01907	70.2	4
126319	1314.HKU360_01592	70.1	3
126024	1314.HKU360_01278	69.7	6
126327	1314.HKU360_01600	69.5	14
126432	1314.HKU360_01705	69.1	5
126453	1314.HKU360_01727	69.1	5
126527	1314.HKU360_01808	69.1	5
126475	1314.HKU360_01755	69.1	8
125584	1314.HKU360_00825	69.0	7
125084	1314.HKU360_00306	69.0	2
125152	1314.HKU360_00376	68.9	5
125064	1314.HKU360_00280	68.8	4
125328	1314.HKU360_00559	68.7	2
125119	1314.HKU360_00341	68.6	2
126053	1314.HKU360_01308	68.4	2
126557	1314.HKU360_01840	68.3	6
124879	1314.HKU360_00070	68.0	2
126458	1314.HKU360_01732	67.7	3
126030	1314.HKU360_01284	67.7	2
125033	1314.HKU360_00249	67.5	3
125824	1314.HKU360_01072	67.5	3
126113	1314.HKU360_01380	67.3	5
126483	1314.HKU360_01763	67.1	1
126052	1314.HKU360_01307	66.7	7
124993	1314.HKU360_00205	65.9	3
125611	1314.HKU360_00854	65.9	4
125287	1314.HKU360_00517	65.4	18
124863	1314.HKU360_00054	65.4	5
125796	1314.HKU360_01044	65.2	4
125051	1314.HKU360_00267	65.1	5
125394	1314.HKU360_00628	65.0	5
126540	1314.HKU360_01823	64.8	3
125384	1314.HKU360_00618	64.5	5
125269	1314.HKU360_00498	63.6	5
126282	1314.HKU360_01555	63.3	6
126022	1314.HKU360_01276	63.0	5
125800	1314.HKU360_01048	63.0	6
126461	1314.HKU360_01735	62.8	3
125792	1314.HKU360_01040	62.7	11
125503	1314.HKU360_00744	61.8	2
125493	1314.HKU360_00734	61.5	5
125106	1314.HKU360_00328	61.3	2
126521	1314.HKU360_01802	61.2	11
125454	1314.HKU360_00691	61.2	3
126126	1314.HKU360_01393	61.0	2
125775	1314.HKU360_01022	60.8	4
125446	1314.HKU360_00683	60.4	4
125392	1314.HKU360_00626	59.8	2
124844	1314.HKU360_00001	59.1	7
126531	1314.HKU360_01812	59.0	9
125939	1314.HKU360_01193	58.6	5
125684	1314.HKU360_00929	58.5	7
125793	1314.HKU360_01041	58.3	7
125067	1314.HKU360_00283	58.3	5
126586	1314.HKU360_01871	57.6	6
125760	1314.HKU360_01006	57.5	3
125345	1314.HKU360_00577	57.0	5
126169	1314.HKU360_01440	56.9	4
124870	1314.HKU360_00061	56.8	4
125892	1314.HKU360_01143	56.7	4
125118	1314.HKU360_00340	56.7	6
126434	1314.HKU360_01707	56.4	4
126600	1314.HKU360_01887	56.1	9
125706	1314.HKU360_00951	55.5	2
126114	1314.HKU360_01381	54.2	4
125417	1314.HKU360_00654	54.0	3
126138	1314.HKU360_01408	52.6	5
125484	1314.HKU360_00722	52.6	10
126494	1314.HKU360_01775	52.5	6
126016	1314.HKU360_01270	52.4	8
125615	1314.HKU360_00858	52.2	6
126264	1314.HKU360_01536	52.2	2
125173	1314.HKU360_00397	51.6	1
125191	1314.HKU360_00415	51.5	5
126676	1314.HKU360_01963	50.6	7
125117	1314.HKU360_00339	50.3	5
126285	1314.HKU360_01558	49.7	2
126578	1314.HKU360_01863	49.1	3
125483	1314.HKU360_00721	48.8	6
126122	1314.HKU360_01389	48.3	3
126295	1314.HKU360_01568	48.3	3
126479	1314.HKU360_01759	48.2	4
126506	1314.HKU360_01787	48.0	2
125043	1314.HKU360_00259	47.8	2
125342	1314.HKU360_00574	47.8	5
126083	1314.HKU360_01339	47.7	4
125215	1314.HKU360_00439	47.6	3
125125	1314.HKU360_00347	47.3	1
126049	1314.HKU360_01304	47.0	5
125447	1314.HKU360_00684	45.7	7
125399	1314.HKU360_00634	45.5	6
126284	1314.HKU360_01557	45.4	2
124932	1314.HKU360_00142	45.2	3
125923	1314.HKU360_01177	45.1	3
125461	1314.HKU360_00698	44.8	3
125275	1314.HKU360_00504	43.9	4
125169	1314.HKU360_00393	43.8	4
125104	1314.HKU360_00326	43.7	6
126131	1314.HKU360_01400	43.5	4
125460	1314.HKU360_00697	43.3	4
126076	1314.HKU360_01331	43.1	2
125089	1314.HKU360_00311	42.5	5
125731	1314.HKU360_00977	42.4	4
125602	1314.HKU360_00845	42.0	2
125265	1314.HKU360_00494	41.8	2
126171	1314.HKU360_01442	41.8	4
126039	1314.HKU360_01294	41.7	2
126675	1314.HKU360_01962	41.6	5
125159	1314.HKU360_00383	41.4	6
125334	1314.HKU360_00566	41.4	1
126490	1314.HKU360_01771	41.0	1
126195	1314.HKU360_01466	40.9	2
125278	1314.HKU360_00507	40.7	2
125474	1314.HKU360_00711	40.2	2
125217	1314.HKU360_00441	40.1	2
125747	1314.HKU360_00993	40.0	2
126687	1314.HKU360_01978	39.8	2
126410	1314.HKU360_01683	39.4	5
125806	1314.HKU360_01054	38.8	5
125801	1314.HKU360_01049	38.8	3
126277	1314.HKU360_01550	38.7	1
125642	1314.HKU360_00887	37.8	3
125214	1314.HKU360_00438	37.6	1
125500	1314.HKU360_00741	37.6	2
126660	1314.HKU360_01947	37.4	5
125755	1314.HKU360_01001	37.3	3
125682	1314.HKU360_00927	37.1	2
125297	1314.HKU360_00528	37.0	3
125744	1314.HKU360_00990	36.9	2
126670	1314.HKU360_01957	36.7	2
125479	1314.HKU360_00717	35.9	2
125101	1314.HKU360_00323	35.7	1
125759	1314.HKU360_01005	35.5	2
125880	1314.HKU360_01131	35.5	4
126669	1314.HKU360_01956	35.4	2
125883	1314.HKU360_01134	35.0	4
126631	1314.HKU360_01918	34.7	6
125612	1314.HKU360_00855	34.6	4
125638	1314.HKU360_00883	34.3	3
125048	1314.HKU360_00264	34.2	2
125340	1314.HKU360_00572	33.8	2
126158	1314.HKU360_01428	33.8	2
126464	1314.HKU360_01744	33.6	8
125456	1314.HKU360_00693	33.4	2
125413	1314.HKU360_00649	33.4	3
125720	1314.HKU360_00965	33.4	4
125319	1314.HKU360_00550	33.2	3
126661	1314.HKU360_01948	32.9	5
125727	1314.HKU360_00973	32.8	4
126507	1314.HKU360_01788	32.8	1
125732	1314.HKU360_00978	32.8	4
124984	1314.HKU360_00196	32.6	3
126413	1314.HKU360_01686	32.4	2
125477	1314.HKU360_00715	32.0	4
125716	1314.HKU360_00961	31.6	2
125085	1314.HKU360_00307	31.6	2
126087	1314.HKU360_01343	31.4	3
125366	1314.HKU360_00600	31.0	1
125922	1314.HKU360_01176	30.9	3
126573	1314.HKU360_01858	30.7	5
125408	1314.HKU360_00643	30.7	2
125359	1314.HKU360_00592	29.8	1
125243	1314.HKU360_00468	29.5	4
125079	1314.HKU360_00301	29.1	2
125094	1314.HKU360_00316	29.0	2
125501	1314.HKU360_00742	28.8	1
125371	1314.HKU360_00605	28.8	11
126100	1314.HKU360_01356	28.6	4
126051	1314.HKU360_01306	28.1	2
126120	1314.HKU360_01387	28.0	6
125324	1314.HKU360_00555	27.8	2
125097	1314.HKU360_00319	27.7	2
126436	1314.HKU360_01709	27.6	2
125154	1314.HKU360_00378	27.6	13
125423	1314.HKU360_00660	27.6	2
125427	1314.HKU360_00664	27.5	5
125494	1314.HKU360_00735	27.4	3
125078	1314.HKU360_00300	27.2	1
126054	1314.HKU360_01309	27.1	1
125589	1314.HKU360_00830	26.8	2
125786	1314.HKU360_01033	26.8	6
125625	1314.HKU360_00870	26.7	3
125583	1314.HKU360_00824	26.5	2
125646	1314.HKU360_00891	26.2	2
126316	1314.HKU360_01589	26.1	2
125210	1314.HKU360_00434	25.9	2
126321	1314.HKU360_01594	25.8	2
126329	1314.HKU360_01602	25.7	2
125105	1314.HKU360_00327	25.6	6
125376	1314.HKU360_00610	25.6	6
126149	1314.HKU360_01419	25.6	2
125658	1314.HKU360_00903	25.5	2
126155	1314.HKU360_01425	25.5	1
125725	1314.HKU360_00971	25.3	4
125665	1314.HKU360_00910	25.0	2
124975	1314.HKU360_00187	24.9	3
125132	1314.HKU360_00356	24.5	2
125235	1314.HKU360_00460	24.4	2
126040	1314.HKU360_01295	24.3	3
125459	1314.HKU360_00696	24.2	3
125131	1314.HKU360_00355	23.9	2
125677	1314.HKU360_00922	23.7	2
125020	1314.HKU360_00236	23.4	1
126528	1314.HKU360_01809	23.4	1
125343	1314.HKU360_00575	23.2	1
125244	1314.HKU360_00469	23.0	1
126539	1314.HKU360_01822	22.7	1
126074	1314.HKU360_01329	22.3	2
125299	1314.HKU360_00530	22.1	1
126178	1314.HKU360_01449	22.0	2
125022	1314.HKU360_00238	22.0	3
125472	1314.HKU360_00709	22.0	1
125026	1314.HKU360_00242	21.8	1
125157	1314.HKU360_00381	21.2	2
125754	1314.HKU360_01000	21.2	2
126556	1314.HKU360_01839	21.1	1
125218	1314.HKU360_00442	20.6	1
125140	1314.HKU360_00364	20.5	2
125370	1314.HKU360_00604	20.3	2
124965	1314.HKU360_00177	20.2	3
125066	1314.HKU360_00282	19.8	2
125585	1314.HKU360_00826	19.7	1
124983	1314.HKU360_00195	19.6	1
125021	1314.HKU360_00237	19.3	2
125696	1314.HKU360_00941	19.2	2
126508	1314.HKU360_01789	19.1	5
124853	1314.HKU360_00010	18.8	3
126632	1314.HKU360_01919	18.7	4
125756	1314.HKU360_01002	18.7	1
126667	1314.HKU360_01954	18.7	2
125069	1314.HKU360_00285	18.5	2
125247	1314.HKU360_00472	18.5	2
126025	1314.HKU360_01279	18.4	1
125003	1314.HKU360_00217	18.2	1
126654	1314.HKU360_01941	18.0	3
125940	1314.HKU360_01194	17.9	1
126069	1314.HKU360_01324	17.7	1
125381	1314.HKU360_00615	17.6	2
125045	1314.HKU360_00261	17.5	1
126415	1314.HKU360_01688	17.5	3
125931	1314.HKU360_01185	17.2	2
125237	1314.HKU360_00462	17.0	5
125368	1314.HKU360_00602	16.9	1
126092	1314.HKU360_01348	16.7	2
126297	1314.HKU360_01570	16.6	1
126515	1314.HKU360_01796	16.4	5
125685	1314.HKU360_00930	16.4	1
126679	1314.HKU360_01966	16.4	1
125025	1314.HKU360_00241	16.1	2
125137	1314.HKU360_00361	16.0	2
124985	1314.HKU360_00197	15.5	1
125674	1314.HKU360_00919	15.4	1
125673	1314.HKU360_00918	15.3	2
125011	1314.HKU360_00225	14.9	2
126026	1314.HKU360_01280	14.8	1
125723	1314.HKU360_00968	14.7	2
126170	1314.HKU360_01441	14.7	1
125180	1314.HKU360_00404	14.6	3
125794	1314.HKU360_01042	14.6	2
126610	1314.HKU360_01897	14.3	1
126465	1314.HKU360_01745	14.2	1
125657	1314.HKU360_00902	14.0	1
125063	1314.HKU360_00279	14.0	1
126678	1314.HKU360_01965	13.7	1
125649	1314.HKU360_00894	13.7	1
126541	1314.HKU360_01824	13.6	1
125320	1314.HKU360_00551	13.1	1
125186	1314.HKU360_00410	12.9	1
125270	1314.HKU360_00499	12.8	1
125743	1314.HKU360_00989	12.7	1
125100	1314.HKU360_00322	12.4	1
124854	1314.HKU360_00011	12.0	2
125452	1314.HKU360_00689	12.0	1
124995	1314.HKU360_00207	11.9	1
124938	1314.HKU360_00148	11.9	1
125241	1314.HKU360_00466	11.6	1
125481	1314.HKU360_00719	11.1	1
126544	1314.HKU360_01827	10.9	2
125803	1314.HKU360_01051	10.8	1
125934	1314.HKU360_01188	10.6	2
125037	1314.HKU360_00253	10.6	1
126609	1314.HKU360_01896	10.6	2
126417	1314.HKU360_01690	10.3	1
126096	1314.HKU360_01352	10.2	1
125095	1314.HKU360_00317	10.1	1
124849	1314.HKU360_00006	9.83	3
125121	1314.HKU360_00343	9.66	1
126645	1314.HKU360_01932	9.35	1
125168	1314.HKU360_00392	9.17	1
124963	1314.HKU360_00175	9.09	1
125338	1314.HKU360_00570	8.74	2
125576	1314.HKU360_00817	8.67	1
126033	1314.HKU360_01288	8.49	1
125047	1314.HKU360_00263	8.47	1
126533	1314.HKU360_01814	8.38	1
125610	1314.HKU360_00853	7.94	1
126303	1314.HKU360_01576	7.64	1
126308	1314.HKU360_01581	7.03	2
125569	1314.HKU360_00810	6.87	1
126672	1314.HKU360_01959	6.75	1
125234	1314.HKU360_00459	6.22	1
125559	1314.HKU360_00800	6.17	1
126077	1314.HKU360_01332	5.97	1
126299	1314.HKU360_01572	5.36	1
125593	1314.HKU360_00834	4.17	1
126201	1314.HKU360_01472	4.01	1
125498	1314.HKU360_00739	3.88	1
125954	1314.HKU360_01208	3.83	1
125372	1314.HKU360_00606	3.81	1
126502	1314.HKU360_01783	3.0	1
125867	1314.HKU360_01118	2.28	1
