#id: 1210987017
#name: Streptococcus pyogenes - Whole organism, SC (Gpm,aug,2014)
#score: 11.2
#description: abundance based on Spectral counting, Interaction consistency score: 11.2, Coverage: 42
#organ: WHOLE_ORGANISM
#integrated: false
#coverage: 42
#link: http://www.thegpm.org/
#publication_year: 2014
#filename: 1314-160490_GPM_201408.txt
#
#internal_id	string_external_id	abundance	raw_spectral_count
125769	1314.HKU360_01015	62987	596
126566	1314.HKU360_01851	27823	141502
126011	1314.HKU360_01265	25089	20653
124909	1314.HKU360_00100	23944	2693
125617	1314.HKU360_00861	21058	29880
124899	1314.HKU360_00090	20946	555
126451	1314.HKU360_01724	20589	868
125057	1314.HKU360_00273	17862	66706
124902	1314.HKU360_00093	16388	5547
125335	1314.HKU360_00567	16088	86264
125903	1314.HKU360_01154	15667	9365
126404	1314.HKU360_01677	13665	8618
126452	1314.HKU360_01725	12588	21952
125289	1314.HKU360_00519	12352	52819
124900	1314.HKU360_00091	12312	10942
124894	1314.HKU360_00085	12103	1949
125745	1314.HKU360_00991	12014	2812
126543	1314.HKU360_01826	11860	2567
126485	1314.HKU360_01765	11345	6946
126642	1314.HKU360_01929	10884	398
125770	1314.HKU360_01016	10421	14306
125290	1314.HKU360_00520	10316	22236
125397	1314.HKU360_00632	10108	6873
125396	1314.HKU360_00631	9901	1216
125425	1314.HKU360_00662	9900	2946
124905	1314.HKU360_00096	9128	5157
126402	1314.HKU360_01675	9104	2044
124898	1314.HKU360_00089	8919	16391
125492	1314.HKU360_00733	8742	2231
124891	1314.HKU360_00082	8266	8572
126275	1314.HKU360_01548	8182	1613
124895	1314.HKU360_00086	7630	982
124897	1314.HKU360_00088	7567	5443
124896	1314.HKU360_00087	7548	4130
124904	1314.HKU360_00095	7126	2498
125409	1314.HKU360_00645	6976	5800
124903	1314.HKU360_00094	6521	11165
126280	1314.HKU360_01553	6410	32071
125055	1314.HKU360_00271	6367	8354
126641	1314.HKU360_01928	6229	2214
124889	1314.HKU360_00080	6173	13666
124911	1314.HKU360_00102	6092	4691
125374	1314.HKU360_00608	6062	888
126164	1314.HKU360_01434	5977	5548
125487	1314.HKU360_00727	5916	18542
126446	1314.HKU360_01719	5864	27410
124892	1314.HKU360_00083	5773	9960
125901	1314.HKU360_01152	5728	26224
126569	1314.HKU360_01854	5710	19904
124913	1314.HKU360_00104	5599	4977
126656	1314.HKU360_01943	5554	11842
124893	1314.HKU360_00084	5552	4490
124887	1314.HKU360_00078	5496	8937
126606	1314.HKU360_01893	5464	16081
125784	1314.HKU360_01031	5427	29405
125182	1314.HKU360_00406	5311	6611
125944	1314.HKU360_01198	5217	12514
126456	1314.HKU360_01730	5161	16637
124888	1314.HKU360_00079	5126	3708
126594	1314.HKU360_01881	5117	10072
124885	1314.HKU360_00076	5066	2965
126593	1314.HKU360_01879	5053	2026
124901	1314.HKU360_00092	4968	6655
125330	1314.HKU360_00561	4914	3960
126551	1314.HKU360_01834	4786	17467
125325	1314.HKU360_00556	4711	4729
125056	1314.HKU360_00272	4700	40490
126032	1314.HKU360_01287	4595	9815
126624	1314.HKU360_01911	4571	3657
126059	1314.HKU360_01314	4327	16226
125690	1314.HKU360_00935	4222	13121
125785	1314.HKU360_01032	4214	12560
125616	1314.HKU360_00860	3929	4983
125185	1314.HKU360_00409	3598	4220
125183	1314.HKU360_00407	3502	7958
125054	1314.HKU360_00270	3499	3371
125768	1314.HKU360_01014	3347	8854
126486	1314.HKU360_01766	3343	4529
126589	1314.HKU360_01874	3176	21043
124910	1314.HKU360_00101	3115	3573
124886	1314.HKU360_00077	3053	5091
125605	1314.HKU360_00848	3029	4141
125411	1314.HKU360_00647	3027	2961
126261	1314.HKU360_01533	3023	11221
124890	1314.HKU360_00081	3023	3203
126607	1314.HKU360_01894	3006	12575
126324	1314.HKU360_01597	2994	3880
125795	1314.HKU360_01043	2957	12032
126061	1314.HKU360_01316	2948	16824
126106	1314.HKU360_01373	2914	3967
125072	1314.HKU360_00288	2907	11773
126680	1314.HKU360_01967	2844	11645
125013	1314.HKU360_00228	2842	9573
126037	1314.HKU360_01292	2811	10868
125486	1314.HKU360_00724	2637	2274
125802	1314.HKU360_01050	2304	1456
125356	1314.HKU360_00589	2292	6838
126047	1314.HKU360_01302	2283	4497
124912	1314.HKU360_00103	2198	6080
126133	1314.HKU360_01403	2137	1984
125741	1314.HKU360_00987	2127	6518
125216	1314.HKU360_00440	2127	3753
125695	1314.HKU360_00940	2104	3548
125915	1314.HKU360_01169	2100	6075
125669	1314.HKU360_00914	2049	4715
126590	1314.HKU360_01875	1978	1590
125133	1314.HKU360_00357	1952	6906
125276	1314.HKU360_00505	1942	1085
126503	1314.HKU360_01784	1880	988
126564	1314.HKU360_01849	1873	5332
125902	1314.HKU360_01153	1870	9844
126110	1314.HKU360_01377	1869	6666
125110	1314.HKU360_00332	1863	3259
126281	1314.HKU360_01554	1857	2227
125578	1314.HKU360_00819	1827	6196
125176	1314.HKU360_00400	1815	5257
125141	1314.HKU360_00365	1813	3935
126547	1314.HKU360_01830	1808	19266
125580	1314.HKU360_00821	1801	9684
126418	1314.HKU360_01691	1785	15488
125808	1314.HKU360_01056	1778	3635
126688	1314.HKU360_01979	1746	5525
125086	1314.HKU360_00308	1692	3020
126505	1314.HKU360_01786	1683	3240
125358	1314.HKU360_00591	1674	9472
126080	1314.HKU360_01335	1587	1849
126560	1314.HKU360_01843	1587	1731
126056	1314.HKU360_01311	1530	3974
126271	1314.HKU360_01544	1499	7053
126428	1314.HKU360_01701	1459	1451
125395	1314.HKU360_00630	1456	1418
125807	1314.HKU360_01055	1445	9046
125904	1314.HKU360_01155	1440	663
124856	1314.HKU360_00013	1434	7174
125271	1314.HKU360_00500	1431	1343
124971	1314.HKU360_00183	1399	5013
125689	1314.HKU360_00934	1372	7041
125220	1314.HKU360_00444	1361	765
125087	1314.HKU360_00309	1355	4565
126659	1314.HKU360_01946	1333	1258
124970	1314.HKU360_00182	1330	6894
126121	1314.HKU360_01388	1296	758
125577	1314.HKU360_00818	1296	3143
124907	1314.HKU360_00098	1281	2660
126165	1314.HKU360_01435	1253	414
126265	1314.HKU360_01538	1140	5048
125327	1314.HKU360_00558	1126	1057
125354	1314.HKU360_00587	1124	1673
125375	1314.HKU360_00609	1094	1044
125470	1314.HKU360_00707	1092	1627
126279	1314.HKU360_01552	1086	3344
126408	1314.HKU360_01681	1075	1743
126137	1314.HKU360_01407	1072	5584
126634	1314.HKU360_01921	1048	6238
124921	1314.HKU360_00131	1023	11835
124859	1314.HKU360_00050	1004	3337
125377	1314.HKU360_00611	996	2290
125927	1314.HKU360_01181	994	2736
126157	1314.HKU360_01427	987	6538
124908	1314.HKU360_00099	986	665
124858	1314.HKU360_00049	982	3201
125393	1314.HKU360_00627	968	635
126431	1314.HKU360_01704	962	1085
125096	1314.HKU360_00318	961	1962
125888	1314.HKU360_01139	956	1156
124883	1314.HKU360_00074	955	3654
125435	1314.HKU360_00672	949	4139
126272	1314.HKU360_01545	944	1649
126443	1314.HKU360_01716	942	4627
126020	1314.HKU360_01274	934	516
125692	1314.HKU360_00937	911	1488
124881	1314.HKU360_00072	910	5743
125080	1314.HKU360_00302	907	266
126561	1314.HKU360_01844	894	522
124920	1314.HKU360_00130	888	9193
125718	1314.HKU360_00963	886	4558
126117	1314.HKU360_01384	884	2544
125579	1314.HKU360_00820	854	4273
125614	1314.HKU360_00857	852	3970
125272	1314.HKU360_00501	833	942
125468	1314.HKU360_00705	830	3581
126449	1314.HKU360_01722	792	4865
126323	1314.HKU360_01596	790	1019
125935	1314.HKU360_01189	785	3308
126403	1314.HKU360_01676	783	1674
125018	1314.HKU360_00234	779	2742
124972	1314.HKU360_00184	779	2203
126447	1314.HKU360_01720	778	2649
125034	1314.HKU360_00250	776	2936
126130	1314.HKU360_01399	775	2998
126608	1314.HKU360_01895	761	4662
125019	1314.HKU360_00235	755	2357
126509	1314.HKU360_01790	751	4809
125478	1314.HKU360_00716	750	2155
126683	1314.HKU360_01971	748	2969
126444	1314.HKU360_01717	745	699
125587	1314.HKU360_00828	728	3336
125402	1314.HKU360_00637	720	936
125945	1314.HKU360_01199	713	2201
126312	1314.HKU360_01585	702	6203
125179	1314.HKU360_00403	702	1722
125223	1314.HKU360_00447	701	2040
125499	1314.HKU360_00740	697	1319
125737	1314.HKU360_00983	695	5735
125259	1314.HKU360_00488	693	2815
126448	1314.HKU360_01721	689	2574
126293	1314.HKU360_01566	687	1629
126291	1314.HKU360_01564	677	1693
125438	1314.HKU360_00675	651	2732
126595	1314.HKU360_01882	643	3205
125421	1314.HKU360_00658	636	3208
125506	1314.HKU360_00747	634	990
125028	1314.HKU360_00244	625	3013
125885	1314.HKU360_01136	623	1709
126194	1314.HKU360_01465	621	1608
126045	1314.HKU360_01300	614	2157
125507	1314.HKU360_00748	612	1776
126262	1314.HKU360_01534	608	608
124931	1314.HKU360_00141	608	2540
125471	1314.HKU360_00708	605	1751
126626	1314.HKU360_01913	602	2007
126035	1314.HKU360_01290	597	935
126270	1314.HKU360_01543	585	628
125782	1314.HKU360_01029	570	3914
125781	1314.HKU360_01028	564	233
126287	1314.HKU360_01560	556	2127
126268	1314.HKU360_01541	554	2040
125777	1314.HKU360_01024	554	846
126565	1314.HKU360_01850	551	352
126435	1314.HKU360_01708	541	1620
124957	1314.HKU360_00169	531	452
126477	1314.HKU360_01757	525	342
126455	1314.HKU360_01729	519	1053
125787	1314.HKU360_01034	511	619
126289	1314.HKU360_01562	510	378
126263	1314.HKU360_01535	508	2231
125277	1314.HKU360_00506	507	2188
125226	1314.HKU360_00451	505	2493
126292	1314.HKU360_01565	501	1438
126498	1314.HKU360_01779	500	3123
125890	1314.HKU360_01141	500	1510
126191	1314.HKU360_01462	498	3053
125099	1314.HKU360_00321	494	1058
124918	1314.HKU360_00127	493	2579
126433	1314.HKU360_01706	480	757
125463	1314.HKU360_00700	478	2454
126253	1314.HKU360_01525	475	618
124855	1314.HKU360_00012	468	849
125485	1314.HKU360_00723	466	2238
126274	1314.HKU360_01547	465	1158
125664	1314.HKU360_00909	461	1817
125505	1314.HKU360_00746	461	1764
125714	1314.HKU360_00959	458	2157
125788	1314.HKU360_01035	456	899
126031	1314.HKU360_01285	456	3870
126057	1314.HKU360_01312	452	2169
126273	1314.HKU360_01546	449	1469
126440	1314.HKU360_01713	436	307
126514	1314.HKU360_01795	432	518
124847	1314.HKU360_00004	431	1583
125582	1314.HKU360_00823	426	1596
126081	1314.HKU360_01336	424	301
126681	1314.HKU360_01968	416	964
126478	1314.HKU360_01758	414	1005
125804	1314.HKU360_01052	408	1957
125188	1314.HKU360_00412	406	240
126538	1314.HKU360_01821	401	1731
125666	1314.HKU360_00911	396	1033
125416	1314.HKU360_00653	390	823
125643	1314.HKU360_00888	389	130
125440	1314.HKU360_00677	386	1000
125641	1314.HKU360_00886	380	723
126172	1314.HKU360_01443	378	459
125286	1314.HKU360_00516	376	1923
124845	1314.HKU360_00002	372	1812
126254	1314.HKU360_01526	368	544
125065	1314.HKU360_00281	367	1024
126266	1314.HKU360_01539	365	500
125312	1314.HKU360_00543	362	719
125655	1314.HKU360_00900	361	962
126517	1314.HKU360_01798	359	1790
125476	1314.HKU360_00714	353	960
126166	1314.HKU360_01436	350	2263
126038	1314.HKU360_01293	349	1594
125167	1314.HKU360_00391	347	268
125124	1314.HKU360_00346	343	691
125428	1314.HKU360_00665	343	385
126422	1314.HKU360_01695	342	318
126420	1314.HKU360_01693	341	922
126028	1314.HKU360_01282	341	3555
126190	1314.HKU360_01461	338	306
126119	1314.HKU360_01386	337	1334
125914	1314.HKU360_01167	337	3048
125586	1314.HKU360_00827	330	916
126145	1314.HKU360_01415	324	1152
124980	1314.HKU360_00192	322	2165
126489	1314.HKU360_01770	313	530
126139	1314.HKU360_01409	308	1770
125004	1314.HKU360_00218	307	1086
126584	1314.HKU360_01869	304	146
126078	1314.HKU360_01333	303	2285
124933	1314.HKU360_00143	303	1044
125613	1314.HKU360_00856	298	824
125749	1314.HKU360_00995	293	803
126136	1314.HKU360_01406	292	1580
125445	1314.HKU360_00682	290	692
126481	1314.HKU360_01761	287	523
126288	1314.HKU360_01561	286	1387
126665	1314.HKU360_01952	283	756
125827	1314.HKU360_01075	281	1462
126414	1314.HKU360_01687	280	637
126183	1314.HKU360_01454	278	327
125680	1314.HKU360_00925	276	963
124989	1314.HKU360_00201	269	1157
125379	1314.HKU360_00613	269	1137
126330	1314.HKU360_01603	267	824
126639	1314.HKU360_01926	267	1563
126143	1314.HKU360_01413	257	505
125351	1314.HKU360_00584	254	742
125573	1314.HKU360_00814	251	1210
125748	1314.HKU360_00994	250	2081
126044	1314.HKU360_01299	246	272
125142	1314.HKU360_00366	245	402
125422	1314.HKU360_00659	243	497
126167	1314.HKU360_01437	241	838
125772	1314.HKU360_01018	241	326
125156	1314.HKU360_00380	238	1602
125052	1314.HKU360_00268	235	681
126442	1314.HKU360_01715	234	1523
126401	1314.HKU360_01674	228	270
126043	1314.HKU360_01298	226	1093
126671	1314.HKU360_01958	224	629
125365	1314.HKU360_00599	223	1815
125466	1314.HKU360_00703	221	2025
126591	1314.HKU360_01876	220	1781
126123	1314.HKU360_01390	216	966
125088	1314.HKU360_00310	215	524
125348	1314.HKU360_00580	213	2288
125419	1314.HKU360_00656	213	474
126492	1314.HKU360_01773	210	863
126454	1314.HKU360_01728	207	1153
125740	1314.HKU360_00986	205	811
126116	1314.HKU360_01383	203	1014
126559	1314.HKU360_01842	203	904
125317	1314.HKU360_00548	203	1044
125427	1314.HKU360_00664	199	1612
126155	1314.HKU360_01425	196	353
126329	1314.HKU360_01602	191	551
125771	1314.HKU360_01017	191	234
125053	1314.HKU360_00269	190	1718
125296	1314.HKU360_00527	189	1180
126619	1314.HKU360_01906	189	992
125190	1314.HKU360_00414	188	1124
125607	1314.HKU360_00850	188	502
125111	1314.HKU360_00333	184	500
125905	1314.HKU360_01156	184	1310
124996	1314.HKU360_00208	183	327
125730	1314.HKU360_00976	183	368
125048	1314.HKU360_00264	182	407
125820	1314.HKU360_01068	182	686
125661	1314.HKU360_00906	181	518
126023	1314.HKU360_01277	177	1331
125750	1314.HKU360_00996	174	365
125593	1314.HKU360_00834	172	2317
125044	1314.HKU360_00260	172	426
125639	1314.HKU360_00884	172	717
126175	1314.HKU360_01446	171	440
125898	1314.HKU360_01149	171	514
124861	1314.HKU360_00052	169	608
125107	1314.HKU360_00329	169	828
125189	1314.HKU360_00413	168	414
126138	1314.HKU360_01408	168	515
125726	1314.HKU360_00972	168	811
125678	1314.HKU360_00923	165	88
126027	1314.HKU360_01281	164	126
125437	1314.HKU360_00674	161	676
125051	1314.HKU360_00267	155	610
126086	1314.HKU360_01342	152	301
125280	1314.HKU360_00509	151	312
126568	1314.HKU360_01853	151	462
125364	1314.HKU360_00598	150	494
125171	1314.HKU360_00395	148	492
125195	1314.HKU360_00419	147	439
126309	1314.HKU360_01582	146	743
126141	1314.HKU360_01411	146	575
125600	1314.HKU360_00843	144	881
126112	1314.HKU360_01379	138	889
125184	1314.HKU360_00408	138	445
126315	1314.HKU360_01588	137	318
125918	1314.HKU360_01172	137	663
125258	1314.HKU360_00487	137	372
125318	1314.HKU360_00549	135	541
125361	1314.HKU360_00594	134	570
125073	1314.HKU360_00289	133	581
126173	1314.HKU360_01444	133	463
125936	1314.HKU360_01190	132	827
126129	1314.HKU360_01398	128	209
125311	1314.HKU360_00542	125	304
125222	1314.HKU360_00446	123	465
126506	1314.HKU360_01787	123	283
125907	1314.HKU360_01158	121	505
124906	1314.HKU360_00097	118	393
125644	1314.HKU360_00889	117	357
124990	1314.HKU360_00202	117	754
125357	1314.HKU360_00590	116	529
125321	1314.HKU360_00552	116	646
125475	1314.HKU360_00713	115	380
125420	1314.HKU360_00657	115	1509
125047	1314.HKU360_00263	115	208
126269	1314.HKU360_01542	114	129
126450	1314.HKU360_01723	114	112
125653	1314.HKU360_00898	113	416
125221	1314.HKU360_00445	112	337
125566	1314.HKU360_00807	110	261
125037	1314.HKU360_00253	108	360
126158	1314.HKU360_01428	108	247
125792	1314.HKU360_01040	107	852
124850	1314.HKU360_00007	107	45
125675	1314.HKU360_00920	106	330
125332	1314.HKU360_00564	105	661
126629	1314.HKU360_01916	105	192
126267	1314.HKU360_01540	105	260
125024	1314.HKU360_00240	103	153
125152	1314.HKU360_00376	103	277
125093	1314.HKU360_00315	102	292
125345	1314.HKU360_00577	101	337
125591	1314.HKU360_00832	100	247
125341	1314.HKU360_00573	100	214
125210	1314.HKU360_00434	99.3	269
125489	1314.HKU360_00730	98.8	320
125092	1314.HKU360_00314	97.1	177
125418	1314.HKU360_00655	97.0	264
124940	1314.HKU360_00150	96.1	357
126510	1314.HKU360_01791	94.1	339
126515	1314.HKU360_01796	92.2	1281
126412	1314.HKU360_01685	91.0	60
125400	1314.HKU360_00635	89.8	248
125333	1314.HKU360_00565	89.4	626
126676	1314.HKU360_01963	89.3	916
126014	1314.HKU360_01268	89.2	281
125702	1314.HKU360_00947	89.1	617
124975	1314.HKU360_00187	89.0	625
125081	1314.HKU360_00303	88.7	187
125269	1314.HKU360_00498	87.2	270
126029	1314.HKU360_01283	85.1	129
125496	1314.HKU360_00737	84.2	273
126480	1314.HKU360_01760	84.2	206
126491	1314.HKU360_01772	82.6	200
126005	1314.HKU360_01259	82.3	51
125758	1314.HKU360_01004	82.2	123
126180	1314.HKU360_01451	82.2	138
125699	1314.HKU360_00944	81.7	206
125778	1314.HKU360_01025	81.4	200
125109	1314.HKU360_00331	80.8	273
126521	1314.HKU360_01802	79.4	568
126664	1314.HKU360_01951	79.1	108
126030	1314.HKU360_01284	78.2	144
126125	1314.HKU360_01392	77.4	397
125106	1314.HKU360_00328	76.6	90
125444	1314.HKU360_00681	75.7	140
125174	1314.HKU360_00398	75.3	126
125727	1314.HKU360_00973	74.7	352
126255	1314.HKU360_01527	74.5	111
125233	1314.HKU360_00458	74.4	162
125187	1314.HKU360_00411	73.9	108
126689	1314.HKU360_01980	73.8	186
125370	1314.HKU360_00604	72.5	387
125104	1314.HKU360_00326	72.1	249
126640	1314.HKU360_01927	72.1	387
126063	1314.HKU360_01318	71.7	143
124939	1314.HKU360_00149	71.1	272
125293	1314.HKU360_00523	70.4	305
125046	1314.HKU360_00262	70.2	174
126571	1314.HKU360_01856	69.2	186
125398	1314.HKU360_00633	68.6	510
125075	1314.HKU360_00291	67.7	225
126425	1314.HKU360_01698	67.6	623
124874	1314.HKU360_00065	66.4	342
126058	1314.HKU360_01313	65.8	283
125645	1314.HKU360_00890	65.7	250
125076	1314.HKU360_00292	64.8	217
125515	1314.HKU360_00756	64.7	105
125483	1314.HKU360_00721	64.5	234
125642	1314.HKU360_00887	64.4	191
126322	1314.HKU360_01595	64.3	84
125150	1314.HKU360_00374	64.2	87
124982	1314.HKU360_00194	63.0	76
124914	1314.HKU360_00123	62.4	155
126570	1314.HKU360_01855	62.3	87
125495	1314.HKU360_00736	62.2	120
125943	1314.HKU360_01197	62.0	146
125679	1314.HKU360_00924	61.7	104
126041	1314.HKU360_01296	61.1	246
125464	1314.HKU360_00701	60.1	130
125691	1314.HKU360_00936	59.9	495
125284	1314.HKU360_00514	59.2	72
125148	1314.HKU360_00372	58.5	202
125900	1314.HKU360_01151	58.5	256
125431	1314.HKU360_00668	58.3	165
125467	1314.HKU360_00704	57.9	171
125378	1314.HKU360_00612	57.4	61
126327	1314.HKU360_01600	57.3	352
126476	1314.HKU360_01756	56.2	196
125191	1314.HKU360_00415	56.0	157
125027	1314.HKU360_00243	55.9	99
126278	1314.HKU360_01551	55.2	159
126497	1314.HKU360_01778	54.9	197
125734	1314.HKU360_00980	53.7	126
124936	1314.HKU360_00146	53.3	148
125426	1314.HKU360_00663	52.2	36
126294	1314.HKU360_01567	52.0	204
125939	1314.HKU360_01193	51.7	172
125403	1314.HKU360_00638	51.7	216
125264	1314.HKU360_00493	51.5	125
124991	1314.HKU360_00203	51.3	450
125350	1314.HKU360_00583	51.2	302
125071	1314.HKU360_00287	50.7	204
126466	1314.HKU360_01746	50.1	222
125066	1314.HKU360_00282	50.1	181
124871	1314.HKU360_00062	48.2	97
125310	1314.HKU360_00541	48.1	170
126181	1314.HKU360_01452	46.8	266
126623	1314.HKU360_01910	46.8	75
126192	1314.HKU360_01463	46.6	66
126572	1314.HKU360_01857	46.4	135
126128	1314.HKU360_01395	46.3	130
126170	1314.HKU360_01441	45.8	175
125083	1314.HKU360_00305	45.4	52
125285	1314.HKU360_00515	45.1	36
125708	1314.HKU360_00953	44.5	257
126513	1314.HKU360_01794	44.3	24
125322	1314.HKU360_00553	44.1	216
125760	1314.HKU360_01006	43.6	111
125050	1314.HKU360_00266	42.1	168
126131	1314.HKU360_01400	41.8	211
125145	1314.HKU360_00369	41.8	107
126494	1314.HKU360_01775	41.6	214
125646	1314.HKU360_00891	40.1	138
125175	1314.HKU360_00399	38.6	66
126101	1314.HKU360_01357	38.4	267
126581	1314.HKU360_01866	38.4	12
125663	1314.HKU360_00908	38.0	134
126251	1314.HKU360_01523	37.9	165
125584	1314.HKU360_00825	37.1	177
126276	1314.HKU360_01549	36.8	121
126017	1314.HKU360_01271	36.4	60
125033	1314.HKU360_00249	35.6	84
126021	1314.HKU360_01275	35.2	155
125711	1314.HKU360_00956	34.2	78
124956	1314.HKU360_00168	33.7	93
125606	1314.HKU360_00849	33.4	120
126453	1314.HKU360_01727	33.0	120
126620	1314.HKU360_01907	32.9	109
124993	1314.HKU360_00205	32.6	78
126400	1314.HKU360_01673	32.5	77
126583	1314.HKU360_01868	32.1	24
125394	1314.HKU360_00628	31.7	107
125267	1314.HKU360_00496	31.4	228
126516	1314.HKU360_01797	31.3	195
126084	1314.HKU360_01340	30.1	48
125826	1314.HKU360_01074	30.0	108
125774	1314.HKU360_01020	28.9	264
126282	1314.HKU360_01555	28.8	96
125383	1314.HKU360_00617	28.7	131
125294	1314.HKU360_00524	28.6	138
125172	1314.HKU360_00396	28.4	60
125761	1314.HKU360_01007	28.3	156
125434	1314.HKU360_00671	28.2	66
124844	1314.HKU360_00001	27.7	140
125274	1314.HKU360_00503	27.5	120
125751	1314.HKU360_00997	27.5	81
126519	1314.HKU360_01800	27.5	169
126658	1314.HKU360_01945	27.4	156
125572	1314.HKU360_00813	27.2	100
125667	1314.HKU360_00912	27.1	60
125060	1314.HKU360_00276	27.0	183
126082	1314.HKU360_01338	26.9	96
125436	1314.HKU360_00673	26.5	75
124962	1314.HKU360_00174	25.7	52
126663	1314.HKU360_01950	25.7	117
126508	1314.HKU360_01789	24.8	229
125568	1314.HKU360_00809	24.7	112
125892	1314.HKU360_01143	24.7	93
125326	1314.HKU360_00557	24.3	82
125574	1314.HKU360_00815	24.3	96
126423	1314.HKU360_01696	24.3	60
125423	1314.HKU360_00660	24.0	113
124986	1314.HKU360_00198	23.9	55
124880	1314.HKU360_00071	23.6	87
125147	1314.HKU360_00371	23.5	35
126250	1314.HKU360_01522	23.2	36
126193	1314.HKU360_01464	23.2	21
125407	1314.HKU360_00642	22.9	104
125316	1314.HKU360_00547	22.8	90
126118	1314.HKU360_01385	22.6	113
125899	1314.HKU360_01150	22.4	96
126554	1314.HKU360_01837	22.3	124
126083	1314.HKU360_01339	22.2	81
125275	1314.HKU360_00504	21.9	99
125385	1314.HKU360_00619	21.6	119
125098	1314.HKU360_00320	21.2	48
125889	1314.HKU360_01140	20.5	108
126144	1314.HKU360_01414	20.5	96
126147	1314.HKU360_01417	20.4	171
124988	1314.HKU360_00200	20.4	84
124953	1314.HKU360_00165	20.4	130
125459	1314.HKU360_00696	19.8	79
125384	1314.HKU360_00618	19.5	84
125292	1314.HKU360_00522	19.5	51
125779	1314.HKU360_01026	19.4	48
125480	1314.HKU360_00718	19.3	58
125359	1314.HKU360_00592	18.8	39
125581	1314.HKU360_00822	18.8	119
126122	1314.HKU360_01389	18.7	51
124879	1314.HKU360_00070	18.3	21
125342	1314.HKU360_00574	18.0	78
125391	1314.HKU360_00625	17.9	84
125932	1314.HKU360_01186	17.8	60
124965	1314.HKU360_00177	17.3	88
126152	1314.HKU360_01422	17.2	98
124919	1314.HKU360_00128	17.1	151
125401	1314.HKU360_00636	17.1	50
126285	1314.HKU360_01558	17.1	36
125314	1314.HKU360_00545	17.1	48
126586	1314.HKU360_01871	17.0	116
126675	1314.HKU360_01962	16.8	87
126527	1314.HKU360_01808	16.3	51
126009	1314.HKU360_01263	16.2	25
125567	1314.HKU360_00808	15.7	96
125387	1314.HKU360_00621	15.7	60
126055	1314.HKU360_01310	15.4	63
125503	1314.HKU360_00744	15.1	41
124969	1314.HKU360_00181	14.7	48
125484	1314.HKU360_00722	14.5	114
125780	1314.HKU360_01027	14.3	33
126383	1314.HKU360_01656	13.5	14
125278	1314.HKU360_00507	13.5	36
125724	1314.HKU360_00969	13.2	12
125192	1314.HKU360_00416	12.9	36
125806	1314.HKU360_01054	12.9	57
125801	1314.HKU360_01049	12.9	45
125120	1314.HKU360_00342	12.7	27
126528	1314.HKU360_01809	12.6	30
125313	1314.HKU360_00544	12.5	26
125754	1314.HKU360_01000	12.4	51
125662	1314.HKU360_00907	12.3	9
126587	1314.HKU360_01872	12.3	89
125159	1314.HKU360_00383	12.2	100
126050	1314.HKU360_01305	12.0	21
126126	1314.HKU360_01393	11.8	21
125698	1314.HKU360_00943	11.6	39
126668	1314.HKU360_01955	11.5	42
126008	1314.HKU360_01262	11.5	40
125615	1314.HKU360_00858	11.4	72
125796	1314.HKU360_01044	11.0	44
125477	1314.HKU360_00715	10.9	74
125783	1314.HKU360_01030	10.6	33
125673	1314.HKU360_00918	10.5	52
125800	1314.HKU360_01048	10.4	39
126597	1314.HKU360_01884	10.3	91
125693	1314.HKU360_00938	10.2	18
125585	1314.HKU360_00826	10.1	30
125447	1314.HKU360_00684	10.0	75
125793	1314.HKU360_01041	9.96	55
124968	1314.HKU360_00180	9.91	45
125767	1314.HKU360_01013	9.65	24
126182	1314.HKU360_01453	9.18	37
126682	1314.HKU360_01970	9.17	16
126552	1314.HKU360_01835	9.03	65
126512	1314.HKU360_01793	8.87	33
125386	1314.HKU360_00620	8.85	72
125380	1314.HKU360_00614	8.58	42
124853	1314.HKU360_00010	8.43	69
124863	1314.HKU360_00054	8.32	25
126049	1314.HKU360_01304	8.17	47
126627	1314.HKU360_01914	7.85	36
125009	1314.HKU360_00223	7.79	36
126064	1314.HKU360_01319	7.78	30
126609	1314.HKU360_01896	7.74	60
125324	1314.HKU360_00555	7.7	36
125406	1314.HKU360_00641	7.57	48
126264	1314.HKU360_01536	7.34	9
125218	1314.HKU360_00442	7.27	12
126016	1314.HKU360_01270	7.23	60
125469	1314.HKU360_00706	7.14	24
126024	1314.HKU360_01278	7.12	36
126087	1314.HKU360_01343	7.07	33
125921	1314.HKU360_01175	6.97	18
126475	1314.HKU360_01755	6.95	44
125460	1314.HKU360_00697	6.95	30
125063	1314.HKU360_00279	6.9	18
125720	1314.HKU360_00965	6.73	48
124870	1314.HKU360_00061	6.68	42
126582	1314.HKU360_01867	6.64	39
125399	1314.HKU360_00634	6.59	50
125369	1314.HKU360_00603	6.36	9
126149	1314.HKU360_01419	6.31	19
125883	1314.HKU360_01134	6.09	36
125922	1314.HKU360_01176	6.08	26
125376	1314.HKU360_00610	5.96	72
125084	1314.HKU360_00306	5.95	9
125139	1314.HKU360_00363	5.87	37
126432	1314.HKU360_01705	5.86	15
126154	1314.HKU360_01424	5.75	15
125100	1314.HKU360_00322	5.73	48
125432	1314.HKU360_00669	5.64	18
125213	1314.HKU360_00437	5.64	42
126600	1314.HKU360_01887	5.59	44
126085	1314.HKU360_01341	5.48	12
124941	1314.HKU360_00151	5.42	29
125786	1314.HKU360_01033	5.41	66
125287	1314.HKU360_00517	5.39	60
125685	1314.HKU360_00930	5.38	18
125105	1314.HKU360_00327	5.35	66
125270	1314.HKU360_00499	5.34	21
125458	1314.HKU360_00695	5.15	27
126013	1314.HKU360_01267	4.98	12
126256	1314.HKU360_01528	4.93	14
126171	1314.HKU360_01442	4.79	33
125474	1314.HKU360_00711	4.77	12
126542	1314.HKU360_01825	4.75	12
125881	1314.HKU360_01132	4.72	13
126669	1314.HKU360_01956	4.44	15
125775	1314.HKU360_01022	4.44	10
125224	1314.HKU360_00448	4.35	24
125069	1314.HKU360_00285	4.2	30
126168	1314.HKU360_01439	4.06	18
126674	1314.HKU360_01961	3.78	9
126667	1314.HKU360_01954	3.7	12
125880	1314.HKU360_01131	3.59	33
125082	1314.HKU360_00304	3.46	9
125408	1314.HKU360_00643	3.45	15
125067	1314.HKU360_00283	3.18	21
126461	1314.HKU360_01735	3.16	9
125079	1314.HKU360_00301	3.15	16
126140	1314.HKU360_01410	3.13	9
125319	1314.HKU360_00550	3.13	15
125583	1314.HKU360_00824	3.01	9
125611	1314.HKU360_00854	3.01	15
125672	1314.HKU360_00917	3.0	9
125291	1314.HKU360_00521	2.86	9
126544	1314.HKU360_01827	2.82	31
126113	1314.HKU360_01380	2.69	9
125500	1314.HKU360_00741	2.62	9
126195	1314.HKU360_01466	2.47	5
125371	1314.HKU360_00605	2.45	48
125070	1314.HKU360_00286	2.42	10
125373	1314.HKU360_00607	2.38	8
125137	1314.HKU360_00361	2.23	12
125177	1314.HKU360_00401	2.11	6
124995	1314.HKU360_00207	2.09	9
125738	1314.HKU360_00984	2.04	9
126052	1314.HKU360_01307	2.02	9
125169	1314.HKU360_00393	1.94	8
126090	1314.HKU360_01346	1.91	3
126603	1314.HKU360_01890	1.86	9
126465	1314.HKU360_01745	1.83	6
125247	1314.HKU360_00472	1.54	7
126673	1314.HKU360_01960	1.49	9
125450	1314.HKU360_00687	1.38	3
124864	1314.HKU360_00055	1.28	19
125154	1314.HKU360_00378	1.26	34
126661	1314.HKU360_01948	1.24	3
124999	1314.HKU360_00213	1.02	3
125315	1314.HKU360_00546	0.882	6
125338	1314.HKU360_00570	0.816	3
126464	1314.HKU360_01744	0.793	9
125709	1314.HKU360_00954	0.703	6
126345	1314.HKU360_01618	0.669	4
125553	1314.HKU360_00794	0.669	4
125514	1314.HKU360_00755	0.605	3
