#id: 1357065355
#name: S.pneumoniae TIGR - Whole organism, SC (Peptideatlas,jun,2019)
#score: 10.9
#weight: 100%
#description: abundance based on Spectral counting, Interaction consistency score: 10.9, Coverage: 63
#organ: WHOLE_ORGANISM
#integrated: false
#coverage: 63
#link: http://www.peptideatlas.org/
#publication_year: 2019
#filename: 170187-Streptococcus-pneumoniae-TIGR_PA_2019-06.txt
#
#internal_id	string_external_id	abundance	raw_spectral_count
10359743	170187.SP_2012	15961	15349
10358942	170187.SP_1177	13112	2663
10358893	170187.SP_1128	9783	16309
10358405	170187.SP_0605	8513	4789
10359860	170187.SP_2135	8497	457
10358879	170187.SP_1113	8474	2187
10358305	170187.SP_0499	8261	10402
10358787	170187.SP_1017	7968	476
10359168	170187.SP_1414	7857	499
10359540	170187.SP_1805	7498	505
10359286	170187.SP_1541	7140	1921
10359284	170187.SP_1539	7070	768
10358982	170187.SP_1220	6761	5560
10358520	170187.SP_0730	6714	10455
10359539	170187.SP_1804	6579	5799
10359059	170187.SP_1299	6401	1651
10358229	170187.SP_0418	6325	981
10358039	170187.SP_0216	6188	1443
10358032	170187.SP_0209	6182	2274
10358057	170187.SP_0234	6179	2389
10358047	170187.SP_0224	5935	2104
10358116	170187.SP_0295	5907	1243
10358049	170187.SP_0226	5796	786
10358677	170187.SP_0897	5793	8355
10359247	170187.SP_1499	5791	2209
10359316	170187.SP_1572	5682	2802
10358044	170187.SP_0221	5608	3386
10358233	170187.SP_0422	5553	5213
10358684	170187.SP_0906	5548	153
10358041	170187.SP_0218	5492	898
10358250	170187.SP_0441	5451	383
10358048	170187.SP_0225	5339	1923
10359933	170187.SP_2215	5244	4768
10357914	170187.SP_0085	5164	4004
10358735	170187.SP_0961	5100	1443
10359109	170187.SP_1355	5077	2334
10358052	170187.SP_0229	5042	1250
10358051	170187.SP_0228	5024	833
10358038	170187.SP_0215	4962	3067
10358056	170187.SP_0233	4959	321
10358050	170187.SP_0227	4923	2856
10358058	170187.SP_0235	4903	1401
10358060	170187.SP_0237	4854	1458
10359934	170187.SP_2216	4775	4405
10359395	170187.SP_1655	4742	3982
10358037	170187.SP_0214	4726	1872
10358429	170187.SP_0630	4565	1843
10357946	170187.SP_0117	4509	6653
10358622	170187.SP_0838	4463	433
10358031	170187.SP_0208	4429	1208
10358607	170187.SP_0822	4355	931
10358093	170187.SP_0272	4353	1799
10358043	170187.SP_0220	4287	1275
10358629	170187.SP_0845	4213	4014
10357951	170187.SP_0122	4209	944
10359932	170187.SP_2214	4165	4262
10358033	170187.SP_0210	3934	2193
10358430	170187.SP_0631	3911	2734
10358034	170187.SP_0211	3885	1546
10358115	170187.SP_0294	3868	2020
10358676	170187.SP_0896	3846	2968
10358042	170187.SP_0219	3844	1081
10358040	170187.SP_0217	3825	566
10358232	170187.SP_0421	3822	2674
10359318	170187.SP_1574	3708	2282
10358045	170187.SP_0222	3662	274
10359220	170187.SP_1469	3626	4237
10358245	170187.SP_0435	3611	1455
10359859	170187.SP_2134	3555	355
10358260	170187.SP_0451	3446	722
10359065	170187.SP_1306	3315	4413
10358868	170187.SP_1102	3290	648
10358092	170187.SP_0271	3193	1157
10359511	170187.SP_1776	3179	1698
10359926	170187.SP_2206	3161	1576
10359366	170187.SP_1626	3090	769
10359624	170187.SP_1891	3065	5350
10358105	170187.SP_0284	3047	3136
10358059	170187.SP_0236	3024	2436
10359406	170187.SP_1666	2948	3470
10358055	170187.SP_0232	2941	439
10359701	170187.SP_1970	2720	3621
10359616	170187.SP_1882	2714	578
10358036	170187.SP_0213	2664	983
10358190	170187.SP_0375	2663	4460
10358721	170187.SP_0945	2612	1138
10359264	170187.SP_1517	2574	1218
10358256	170187.SP_0447	2561	2101
10358463	170187.SP_0670	2540	446
10359246	170187.SP_1498	2518	5442
10358941	170187.SP_1176	2492	4361
10358553	170187.SP_0764	2480	2390
10358873	170187.SP_1107	2472	850
10359256	170187.SP_1508	2444	4023
10359653	170187.SP_1922	2434	1336
10358755	170187.SP_0981	2413	2619
10358322	170187.SP_0516	2404	972
10358099	170187.SP_0278	2388	2276
10358555	170187.SP_0766	2322	1678
10358054	170187.SP_0231	2317	1831
10359349	170187.SP_1607	2316	2235
10359826	170187.SP_2100	2296	3068
10358885	170187.SP_1119	2273	3748
10359760	170187.SP_2030	2273	4956
10359207	170187.SP_1456	2263	1433
10359390	170187.SP_1650	2229	1856
10359654	170187.SP_1923	2227	4203
10358647	170187.SP_0867	2220	2077
10358230	170187.SP_0419	2208	1817
10358222	170187.SP_0411	2192	2756
10359290	170187.SP_1546	2179	1655
10359332	170187.SP_1588	2170	3259
10359387	170187.SP_1647	2150	4827
10358457	170187.SP_0664	2149	11863
10359639	170187.SP_1907	2146	896
10358586	170187.SP_0797	2089	6618
10359391	170187.SP_1651	2052	1533
10359258	170187.SP_1510	2034	2589
10359946	170187.SP_2228	2032	3176
10358673	170187.SP_0893	2000	552
10359828	170187.SP_2102	1944	623
10358871	170187.SP_1105	1943	380
10357924	170187.SP_0095	1916	2019
10359690	170187.SP_1959	1915	645
10359756	170187.SP_2026	1904	4400
10358534	170187.SP_0745	1900	1622
10358955	170187.SP_1190	1892	2240
10358944	170187.SP_1179	1891	4036
10359834	170187.SP_2108	1890	2803
10359311	170187.SP_1567	1886	453
10358016	170187.SP_0192	1879	466
10359818	170187.SP_2092	1859	1684
10359730	170187.SP_1999	1854	2257
10358474	170187.SP_0681	1842	2676
10359149	170187.SP_1395	1841	1687
10359439	170187.SP_1700	1840	1713
10359873	170187.SP_2150	1840	1936
10359692	170187.SP_1961	1834	5988
10358234	170187.SP_0423	1811	633
10359196	170187.SP_1445	1809	3218
10359265	170187.SP_1518	1808	2922
10358308	170187.SP_0502	1782	2731
10359407	170187.SP_1667	1780	2016
10359620	170187.SP_1887	1776	1867
10359057	170187.SP_1297	1726	530
10358831	170187.SP_1062	1724	2079
10358802	170187.SP_1032	1710	1606
10359126	170187.SP_1372	1704	1004
10357888	170187.SP_0058	1673	726
10359475	170187.SP_1737	1672	384
10359691	170187.SP_1960	1665	6300
10358085	170187.SP_0264	1647	3419
10358736	170187.SP_0962	1627	265
10358642	170187.SP_0861	1625	542
10358087	170187.SP_0266	1617	3709
10359784	170187.SP_2055	1612	1649
10358102	170187.SP_0281	1583	2601
10358648	170187.SP_0868	1577	1315
10358573	170187.SP_0784	1569	1469
10359213	170187.SP_1462	1551	588
10359710	170187.SP_1979	1546	1277
10359774	170187.SP_2044	1539	2156
10358252	170187.SP_0443	1538	2299
10357973	170187.SP_0148	1531	1284
10359878	170187.SP_2156	1528	1770
10359279	170187.SP_1534	1526	1541
10359956	170187.SP_2239	1519	1814
10359910	170187.SP_2190	1517	2200
10358226	170187.SP_0415	1511	1514
10359115	170187.SP_1361	1509	2524
10359401	170187.SP_1661	1508	1320
10358779	170187.SP_1008	1500	1663
10359248	170187.SP_1500	1497	1555
10359113	170187.SP_1359	1497	1590
10357845	170187.SP_0012	1495	883
10358422	170187.SP_0622	1491	753
10358251	170187.SP_0442	1487	382
10358535	170187.SP_0746	1480	720
10358538	170187.SP_0749	1468	1998
10359805	170187.SP_2078	1467	3255
10358545	170187.SP_0756	1451	1099
10358360	170187.SP_0556	1438	3219
10357851	170187.SP_0019	1426	2387
10358439	170187.SP_0641	1415	8478
10359209	170187.SP_1458	1411	1315
10359823	170187.SP_2097	1402	817
10359317	170187.SP_1573	1400	2396
10359219	170187.SP_1468	1398	1241
10358860	170187.SP_1093	1381	429
10359003	170187.SP_1242	1380	832
10357846	170187.SP_0013	1378	2473
10359324	170187.SP_1580	1373	1684
10359924	170187.SP_2204	1368	777
10358841	170187.SP_1073	1356	1438
10359872	170187.SP_2148	1352	1968
10358231	170187.SP_0420	1347	1474
10358852	170187.SP_1084	1337	1186
10358615	170187.SP_0831	1335	655
10359328	170187.SP_1584	1319	1160
10358651	170187.SP_0871	1317	2144
10357837	170187.SP_0004	1306	1658
10358505	170187.SP_0715	1291	1790
10358784	170187.SP_1013	1282	1341
10358574	170187.SP_0785	1275	1558
10358267	170187.SP_0459	1273	3410
10359606	170187.SP_1872	1269	1036
10358601	170187.SP_0816	1265	386
10359150	170187.SP_1396	1265	1140
10359798	170187.SP_2069	1264	2118
10359371	170187.SP_1631	1255	2359
10359621	170187.SP_1888	1253	2090
10358423	170187.SP_0623	1246	1711
10359285	170187.SP_1540	1238	638
10358503	170187.SP_0713	1234	1885
10358569	170187.SP_0780	1214	698
10358577	170187.SP_0788	1211	2902
10357858	170187.SP_0027	1207	1215
10359344	170187.SP_1602	1205	255
10358357	170187.SP_0553	1200	1345
10359948	170187.SP_2230	1195	1876
10359154	170187.SP_1400	1189	764
10358560	170187.SP_0771	1187	1019
10358103	170187.SP_0282	1175	1559
10359861	170187.SP_2136	1172	2588
10359321	170187.SP_1577	1170	837
10359671	170187.SP_1940	1169	1321
10359404	170187.SP_1664	1162	556
10359441	170187.SP_1702	1145	3253
10358957	170187.SP_1192	1143	784
10359608	170187.SP_1874	1143	842
10358733	170187.SP_0959	1138	526
10357886	170187.SP_0056	1137	2261
10359257	170187.SP_1509	1134	1201
10359330	170187.SP_1586	1124	1529
10358112	170187.SP_0291	1123	808
10358224	170187.SP_0413	1121	1644
10357840	170187.SP_0007	1120	128
10358244	170187.SP_0434	1116	625
10358390	170187.SP_0588	1111	2458
10358076	170187.SP_0254	1103	2206
10358696	170187.SP_0919	1099	1221
10358246	170187.SP_0436	1088	1567
10359229	170187.SP_1478	1087	1114
10358945	170187.SP_1180	1086	1154
10359029	170187.SP_1269	1084	975
10358531	170187.SP_0742	1083	993
10359240	170187.SP_1491	1079	697
10359440	170187.SP_1701	1067	1188
10358613	170187.SP_0829	1063	1443
10359044	170187.SP_1284	1063	851
10358426	170187.SP_0627	1063	1107
10357990	170187.SP_0165	1062	694
10359047	170187.SP_1287	1058	1763
10358991	170187.SP_1229	1048	1622
10358565	170187.SP_0776	1047	259
10359817	170187.SP_2091	1046	1201
10359224	170187.SP_1473	1043	177
10358442	170187.SP_0646	1043	615
10358187	170187.SP_0372	1039	381
10359273	170187.SP_1527	1035	1892
10359905	170187.SP_2185	1034	2100
10359426	170187.SP_1686	1024	1132
10359423	170187.SP_1683	1023	1424
10358641	170187.SP_0860	1022	1082
10358774	170187.SP_1002	1016	939
10358325	170187.SP_0519	1002	893
10358238	170187.SP_0427	999	824
10359738	170187.SP_2007	996	854
10359851	170187.SP_2126	984	1391
10358764	170187.SP_0992	983	380
10359725	170187.SP_1994	977	988
10359770	170187.SP_2040	976	1119
10358237	170187.SP_0426	975	880
10359128	170187.SP_1374	974	1157
10359004	170187.SP_1243	969	1541
10359051	170187.SP_1291	969	844
10358790	170187.SP_1020	967	1180
10359411	170187.SP_1671	962	1075
10358368	170187.SP_0564	961	263
10358248	170187.SP_0438	958	360
10358830	170187.SP_1061	953	1326
10359302	170187.SP_1558	953	531
10358227	170187.SP_0416	946	523
10359056	170187.SP_1296	932	271
10358502	170187.SP_0712	931	212
10358461	170187.SP_0668	928	1103
10359277	170187.SP_1531	925	128
10359657	170187.SP_1926	923	657
10359310	170187.SP_1566	923	921
10359027	170187.SP_1267	920	858
10358228	170187.SP_0417	916	517
10358551	170187.SP_0762	915	1051
10359572	170187.SP_1837	910	1280
10359117	170187.SP_1363	908	1207
10358525	170187.SP_0736	903	819
10359260	170187.SP_1512	903	528
10359388	170187.SP_1648	899	897
10359038	170187.SP_1278	892	532
10358220	170187.SP_0409	889	400
10359471	170187.SP_1733	886	875
10359832	170187.SP_2106	886	1980
10358678	170187.SP_0899	879	605
10359164	170187.SP_1410	866	424
10359599	170187.SP_1865	857	1198
10359040	170187.SP_1280	855	339
10359254	170187.SP_1506	850	562
10359486	170187.SP_1748	850	77
10359151	170187.SP_1397	841	862
10359416	170187.SP_1676	841	792
10359623	170187.SP_1890	841	1212
10359430	170187.SP_1690	838	1053
10358989	170187.SP_1227	838	588
10358638	170187.SP_0856	838	896
10358413	170187.SP_0613	837	1737
10357880	170187.SP_0050	835	1321
10359225	170187.SP_1474	835	2066
10359847	170187.SP_2121	835	1250
10358384	170187.SP_0581	831	2035
10357865	170187.SP_0035	831	1078
10359005	170187.SP_1244	825	799
10359698	170187.SP_1967	822	841
10358062	170187.SP_0239	821	1123
10359167	170187.SP_1413	818	979
10358235	170187.SP_0424	818	386
10357863	170187.SP_0033	815	418
10357901	170187.SP_0071	814	4250
10359896	170187.SP_2174	809	96
10358236	170187.SP_0425	806	1276
10359874	170187.SP_2151	806	830
10358836	170187.SP_1068	804	2739
10357909	170187.SP_0079	799	621
10359345	170187.SP_1603	798	691
10358159	170187.SP_0341	795	1337
10359613	170187.SP_1879	785	506
10359673	170187.SP_1942	783	799
10358158	170187.SP_0340	781	432
10359473	170187.SP_1735	781	1058
10358593	170187.SP_0804	778	508
10358393	170187.SP_0591	775	1133
10358300	170187.SP_0494	774	1384
10359477	170187.SP_1739	772	1091
10359165	170187.SP_1411	772	274
10358719	170187.SP_0943	770	1101
10358428	170187.SP_0629	769	562
10359785	170187.SP_2056	767	804
10358088	170187.SP_0267	764	974
10358104	170187.SP_0283	764	418
10359292	170187.SP_1548	764	1086
10358674	170187.SP_0894	763	2033
10357974	170187.SP_0149	760	780
10359037	170187.SP_1277	759	755
10358215	170187.SP_0404	750	171
10359580	170187.SP_1845	746	754
10359891	170187.SP_2169	744	1038
10359031	170187.SP_1271	744	461
10358025	170187.SP_0202	744	1853
10358471	170187.SP_0678	743	365
10359148	170187.SP_1394	740	744
10358299	170187.SP_0493	736	259
10358939	170187.SP_1174	729	3314
10359233	170187.SP_1482	729	518
10358361	170187.SP_0557	725	210
10358926	170187.SP_1161	722	1502
10359216	170187.SP_1465	716	251
10359114	170187.SP_1360	714	369
10359259	170187.SP_1511	714	499
10359283	170187.SP_1538	713	1221
10359581	170187.SP_1847	711	544
10359174	170187.SP_1421	711	1318
10357936	170187.SP_0107	705	283
10358862	170187.SP_1095	702	861
10358966	170187.SP_1203	701	463
10358775	170187.SP_1003	699	3511
10359642	170187.SP_1910	697	594
10359947	170187.SP_2229	697	777
10359795	170187.SP_2066	695	1237
10359299	170187.SP_1555	688	537
10358963	170187.SP_1200	685	1434
10358925	170187.SP_1160	682	801
10358627	170187.SP_0843	681	675
10357938	170187.SP_0109	681	79
10358919	170187.SP_1154	680	4010
10359711	170187.SP_1980	679	907
10359169	170187.SP_1415	677	451
10358630	170187.SP_0846	675	1186
10358596	170187.SP_0807	674	1294
10359249	170187.SP_1501	673	289
10359335	170187.SP_1591	673	862
10359255	170187.SP_1507	672	253
10359709	170187.SP_1978	671	963
10357883	170187.SP_0053	670	361
10359414	170187.SP_1674	670	496
10357921	170187.SP_0092	668	841
10359908	170187.SP_2188	668	661
10358307	170187.SP_0501	668	265
10359909	170187.SP_2189	668	664
10357835	170187.SP_0002	667	1004
10358657	170187.SP_0877	663	819
10359322	170187.SP_1578	660	560
10358063	170187.SP_0240	655	409
10358176	170187.SP_0358	652	829
10359678	170187.SP_1947	650	85
10358943	170187.SP_1178	643	154
10358011	170187.SP_0187	643	798
10357867	170187.SP_0037	635	689
10357950	170187.SP_0121	635	1462
10358849	170187.SP_1081	632	980
10358581	170187.SP_0792	630	54
10359173	170187.SP_1420	629	623
10357874	170187.SP_0044	628	688
10357877	170187.SP_0047	614	571
10359622	170187.SP_1889	613	364
10358249	170187.SP_0439	610	1029
10359668	170187.SP_1937	607	789
10359515	170187.SP_1780	606	1137
10358160	170187.SP_0342	606	971
10359528	170187.SP_1793	606	510
10359304	170187.SP_1560	605	536
10357891	170187.SP_0061	603	257
10359294	170187.SP_1550	602	482
10358327	170187.SP_0521	601	262
10359002	170187.SP_1241	600	1388
10359614	170187.SP_1880	600	417
10358656	170187.SP_0876	599	556
10359894	170187.SP_2172	598	208
10358785	170187.SP_1014	598	615
10359727	170187.SP_1996	595	378
10358709	170187.SP_0932	592	709
10358947	170187.SP_1182	590	545
10359697	170187.SP_1966	588	1015
10359655	170187.SP_1924	587	342
10359595	170187.SP_1861	583	571
10358184	170187.SP_0369	582	1392
10359288	170187.SP_1544	581	792
10358797	170187.SP_1027	578	647
10358175	170187.SP_0357	576	667
10358177	170187.SP_0359	575	749
10358261	170187.SP_0452	573	296
10358559	170187.SP_0770	571	992
10359036	170187.SP_1276	569	410
10358546	170187.SP_0757	567	436
10357983	170187.SP_0158	567	269
10359125	170187.SP_1371	567	918
10359110	170187.SP_1356	565	851
10358795	170187.SP_1025	565	669
10358826	170187.SP_1057	564	725
10359675	170187.SP_1944	563	195
10358082	170187.SP_0261	561	419
10358958	170187.SP_1193	554	260
10358753	170187.SP_0979	545	927
10359215	170187.SP_1464	540	184
10358757	170187.SP_0985	537	289
10358255	170187.SP_0446	535	185
10359685	170187.SP_1954	532	559
10357949	170187.SP_0120	528	999
10358776	170187.SP_1004	527	1678
10358960	170187.SP_1197	525	434
10359313	170187.SP_1569	524	942
10358326	170187.SP_0520	523	201
10358929	170187.SP_1164	520	342
10358750	170187.SP_0976	513	116
10359035	170187.SP_1275	511	1744
10358178	170187.SP_0360	511	467
10358107	170187.SP_0286	510	403
10359268	170187.SP_1521	509	810
10359010	170187.SP_1249	504	611
10359758	170187.SP_2028	499	324
10358189	170187.SP_0374	498	583
10358981	170187.SP_1219	492	1357
10359917	170187.SP_2197	490	567
10359718	170187.SP_1987	490	363
10357947	170187.SP_0118	486	674
10359517	170187.SP_1782	486	476
10359222	170187.SP_1471	486	302
10359589	170187.SP_1855	485	460
10358704	170187.SP_0927	484	451
10359146	170187.SP_1392	484	165
10358661	170187.SP_0881	484	779
10358772	170187.SP_1000	483	401
10359476	170187.SP_1738	477	464
10358928	170187.SP_1163	473	508
10358889	170187.SP_1123	472	645
10358061	170187.SP_0238	472	183
10359510	170187.SP_1775	471	243
10359161	170187.SP_1407	466	505
10358193	170187.SP_0378	465	491
10358837	170187.SP_1069	463	455
10358909	170187.SP_1144	458	187
10359695	170187.SP_1964	456	395
10359470	170187.SP_1732	455	995
10359482	170187.SP_1744	452	195
10359831	170187.SP_2105	450	112
10358936	170187.SP_1171	446	223
10358842	170187.SP_1074	446	123
10358714	170187.SP_0937	444	170
10358254	170187.SP_0445	444	642
10359327	170187.SP_1583	442	379
10358262	170187.SP_0453	442	785
10358021	170187.SP_0198	442	137
10358857	170187.SP_1090	437	303
10358168	170187.SP_0350	437	251
10358884	170187.SP_1118	437	1029
10358793	170187.SP_1023	436	131
10359346	170187.SP_1604	435	143
10358197	170187.SP_0382	434	317
10359488	170187.SP_1750	430	228
10359941	170187.SP_2223	430	266
10358567	170187.SP_0778	429	333
10358571	170187.SP_0782	429	94
10359295	170187.SP_1551	428	942
10358786	170187.SP_1016	427	762
10359759	170187.SP_2029	427	138
10358542	170187.SP_0753	426	341
10359030	170187.SP_1270	425	403
10358460	170187.SP_0667	424	482
10358828	170187.SP_1059	422	62
10358832	170187.SP_1063	418	296
10359340	170187.SP_1598	415	286
10358444	170187.SP_0648	414	2633
10357875	170187.SP_0045	414	1607
10357976	170187.SP_0151	414	559
10358666	170187.SP_0886	413	744
10358155	170187.SP_0336	413	946
10358619	170187.SP_0835	413	380
10357834	170187.SP_0001	412	688
10359922	170187.SP_2202	411	185
10359618	170187.SP_1884	410	341
10359914	170187.SP_2194	410	1231
10359449	170187.SP_1710	407	270
10358605	170187.SP_0820	405	1195
10358876	170187.SP_1110	402	440
10358910	170187.SP_1145	400	649
10358739	170187.SP_0965	399	977
10358695	170187.SP_0918	398	403
10358976	170187.SP_1213	397	501
10358587	170187.SP_0798	396	301
10358183	170187.SP_0368	395	2126
10358761	170187.SP_0989	395	342
10359656	170187.SP_1925	395	261
10358173	170187.SP_0355	394	549
10358652	170187.SP_0872	394	515
10359833	170187.SP_2107	392	452
10358699	170187.SP_0922	391	407
10358751	170187.SP_0977	391	291
10357992	170187.SP_0167	390	713
10359200	170187.SP_1449	389	287
10358612	170187.SP_0828	387	275
10358583	170187.SP_0794	386	133
10358706	170187.SP_0929	386	358
10359465	170187.SP_1727	385	515
10358507	170187.SP_0717	384	358
10358686	170187.SP_0908	384	999
10359297	170187.SP_1553	383	871
10359453	170187.SP_1714	376	176
10359876	170187.SP_2153	376	549
10358544	170187.SP_0755	376	449
10359450	170187.SP_1711	370	430
10358015	170187.SP_0191	368	264
10357997	170187.SP_0173	368	714
10358167	170187.SP_0349	368	291
10358927	170187.SP_1162	368	351
10359537	170187.SP_1802	366	234
10359459	170187.SP_1721	364	421
10358547	170187.SP_0758	364	728
10359307	170187.SP_1563	363	441
10357853	170187.SP_0021	363	223
10358878	170187.SP_1112	363	425
10359122	170187.SP_1368	360	519
10357862	170187.SP_0032	359	1157
10359218	170187.SP_1467	359	293
10358550	170187.SP_0761	359	576
10358655	170187.SP_0875	358	297
10358205	170187.SP_0391	358	538
10359116	170187.SP_1362	358	349
10357855	170187.SP_0024	357	271
10358762	170187.SP_0990	356	185
10358932	170187.SP_1167	355	381
10358741	170187.SP_0967	354	184
10357838	170187.SP_0005	353	269
10358628	170187.SP_0844	351	168
10359716	170187.SP_1985	350	423
10359729	170187.SP_1998	347	204
10359230	170187.SP_1479	347	536
10358516	170187.SP_0726	346	277
10359487	170187.SP_1749	344	511
10358213	170187.SP_0402	343	154
10358980	170187.SP_1218	340	125
10358700	170187.SP_0923	340	360
10358181	170187.SP_0366	338	708
10359757	170187.SP_2027	337	177
10359936	170187.SP_2218	337	287
10359334	170187.SP_1590	335	211
10358493	170187.SP_0702	332	282
10359223	170187.SP_1472	330	398
10357988	170187.SP_0163	329	535
10358854	170187.SP_1087	328	1046
10358223	170187.SP_0412	328	69
10359138	170187.SP_1384	327	120
10359410	170187.SP_1670	325	509
10359857	170187.SP_2132	325	353
10359728	170187.SP_1997	324	476
10358089	170187.SP_0268	324	1254
10358013	170187.SP_0189	322	132
10359803	170187.SP_2075	322	495
10359034	170187.SP_1274	321	298
10358367	170187.SP_0563	321	116
10357991	170187.SP_0166	317	294
10359006	170187.SP_1245	317	236
10359898	170187.SP_2176	316	409
10358166	170187.SP_0348	315	210
10358243	170187.SP_0433	314	96
10358304	170187.SP_0498	313	1538
10359855	170187.SP_2130	310	52
10359058	170187.SP_1298	310	349
10358328	170187.SP_0522	309	272
10357982	170187.SP_0157	309	186
10358354	170187.SP_0549	308	354
10359792	170187.SP_2063	307	388
10358543	170187.SP_0754	305	271
10358805	170187.SP_1035	305	229
10359594	170187.SP_1860	305	474
10358467	170187.SP_0674	303	407
10358259	170187.SP_0450	303	480
10358880	170187.SP_1114	302	659
10359822	170187.SP_2096	302	428
10359415	170187.SP_1675	301	262
10359930	170187.SP_2210	300	352
10358400	170187.SP_0600	298	275
10358188	170187.SP_0373	298	477
10359547	170187.SP_1812	296	265
10358712	170187.SP_0935	293	312
10359893	170187.SP_2171	292	251
10358355	170187.SP_0550	292	267
10358575	170187.SP_0786	291	215
10359129	170187.SP_1375	291	423
10358863	170187.SP_1096	291	175
10358108	170187.SP_0287	289	253
10358110	170187.SP_0289	288	398
10357881	170187.SP_0051	287	405
10359597	170187.SP_1863	287	107
10358003	170187.SP_0179	286	154
10358443	170187.SP_0647	286	268
10359095	170187.SP_1341	284	205
10359020	170187.SP_1260	283	209
10358763	170187.SP_0991	282	127
10359315	170187.SP_1571	281	207
10358157	170187.SP_0338	280	736
10359262	170187.SP_1514	279	87
10357843	170187.SP_0010	279	381
10359301	170187.SP_1557	278	272
10359305	170187.SP_1561	276	199
10358416	170187.SP_0616	275	279
10359551	170187.SP_1816	274	151
10359915	170187.SP_2195	274	176
10359677	170187.SP_1946	274	351
10359712	170187.SP_1981	272	404
10358724	170187.SP_0948	271	357
10358332	170187.SP_0526	270	323
10359672	170187.SP_1941	268	347
10359211	170187.SP_1460	268	166
10358441	170187.SP_0645	267	168
10359722	170187.SP_1991	267	297
10358466	170187.SP_0673	267	182
10358191	170187.SP_0376	263	225
10359643	170187.SP_1911	263	122
10359413	170187.SP_1673	262	492
10359405	170187.SP_1665	260	245
10357932	170187.SP_0103	258	600
10358315	170187.SP_0509	255	569
10359364	170187.SP_1624	255	232
10358856	170187.SP_1089	254	199
10358644	170187.SP_0864	253	176
10358722	170187.SP_0946	252	287
10358645	170187.SP_0865	246	392
10358829	170187.SP_1060	245	83
10358537	170187.SP_0748	244	79
10359714	170187.SP_1983	241	174
10359376	170187.SP_1636	240	127
10359045	170187.SP_1285	239	220
10359427	170187.SP_1687	239	492
10358707	170187.SP_0930	238	398
10359786	170187.SP_2057	238	230
10359706	170187.SP_1975	237	142
10359023	170187.SP_1263	237	527
10357868	170187.SP_0038	237	43
10358851	170187.SP_1083	236	359
10358084	170187.SP_0263	235	396
10358590	170187.SP_0801	235	329
10357896	170187.SP_0066	234	167
10359333	170187.SP_1589	233	363
10358217	170187.SP_0406	232	498
10358895	170187.SP_1130	230	276
10358749	170187.SP_0975	229	610
10358997	170187.SP_1235	229	111
10358027	170187.SP_0204	229	105
10359121	170187.SP_1367	227	250
10358556	170187.SP_0767	227	136
10358799	170187.SP_1029	227	413
10359713	170187.SP_1982	227	172
10358693	170187.SP_0916	227	377
10358482	170187.SP_0689	225	340
10359952	170187.SP_2235	223	225
10359276	170187.SP_1530	222	455
10359793	170187.SP_2064	222	200
10358993	170187.SP_1231	220	221
10359293	170187.SP_1549	219	81
10359819	170187.SP_2093	219	92
10358462	170187.SP_0669	218	224
10358356	170187.SP_0552	218	168
10358765	170187.SP_0993	217	180
10358697	170187.SP_0920	216	222
10358759	170187.SP_0987	216	241
10358075	170187.SP_0253	215	265
10359425	170187.SP_1685	215	181
10359929	170187.SP_2209	214	172
10357892	170187.SP_0062	214	141
10359484	170187.SP_1746	213	222
10358748	170187.SP_0974	211	64
10358414	170187.SP_0614	211	155
10357905	170187.SP_0075	211	181
10358153	170187.SP_0334	211	182
10359050	170187.SP_1290	211	316
10358992	170187.SP_1230	211	172
10358649	170187.SP_0869	209	299
10358465	170187.SP_0672	205	329
10358134	170187.SP_0313	204	51
10358192	170187.SP_0377	204	270
10359715	170187.SP_1984	203	257
10359182	170187.SP_1429	203	429
10357926	170187.SP_0097	202	219
10358202	170187.SP_0387	202	188
10358483	170187.SP_0690	201	176
10359452	170187.SP_1713	201	55
10358133	170187.SP_0312	199	592
10358580	170187.SP_0791	198	234
10358987	170187.SP_1225	198	178
10358908	170187.SP_1143	198	69
10359923	170187.SP_2203	198	306
10358996	170187.SP_1234	197	109
10358971	170187.SP_1208	197	177
10359587	170187.SP_1853	197	200
10359123	170187.SP_1369	196	170
10359039	170187.SP_1279	194	153
10358008	170187.SP_0184	194	59
10358967	170187.SP_1204	194	83
10359208	170187.SP_1457	193	222
10359431	170187.SP_1691	192	99
10358890	170187.SP_1124	192	312
10358715	170187.SP_0938	191	166
10359740	170187.SP_2009	189	13
10358660	170187.SP_0880	188	278
10359170	170187.SP_1416	187	295
10358541	170187.SP_0752	186	147
10358892	170187.SP_1127	185	43
10359385	170187.SP_1645	185	555
10357934	170187.SP_0105	185	173
10359495	170187.SP_1758	185	219
10358010	170187.SP_0186	184	573
10359269	170187.SP_1522	183	121
10358815	170187.SP_1045	183	194
10358965	170187.SP_1202	183	410
10359804	170187.SP_2077	182	107
10358533	170187.SP_0744	180	137
10359009	170187.SP_1248	180	162
10359159	170187.SP_1405	180	65
10359234	170187.SP_1483	179	238
10359546	170187.SP_1811	179	139
10359641	170187.SP_1909	179	118
10358756	170187.SP_0984	177	129
10359520	170187.SP_1785	177	70
10358456	170187.SP_0663	175	132
10358639	170187.SP_0858	175	123
10358637	170187.SP_0855	175	447
10358576	170187.SP_0787	175	145
10358969	170187.SP_1206	173	40
10358568	170187.SP_0779	172	146
10359000	170187.SP_1238	171	386
10358708	170187.SP_0931	170	219
10358949	170187.SP_1184	169	258
10359281	170187.SP_1536	169	176
10358956	170187.SP_1191	168	160
10359298	170187.SP_1554	167	206
10359636	170187.SP_1903	167	111
10357958	170187.SP_0129	166	220
10358585	170187.SP_0796	165	40
10359674	170187.SP_1943	165	140
10359808	170187.SP_2082	164	109
10359802	170187.SP_2073	164	299
10359319	170187.SP_1575	163	129
10358570	170187.SP_0781	163	51
10357885	170187.SP_0055	162	25
10359615	170187.SP_1881	162	183
10359355	170187.SP_1615	162	649
10358667	170187.SP_0887	161	281
10358964	170187.SP_1201	160	164
10358986	170187.SP_1224	159	67
10359850	170187.SP_2125	159	64
10357876	170187.SP_0046	159	258
10358415	170187.SP_0615	158	262
10359412	170187.SP_1672	158	101
10359810	170187.SP_2084	157	177
10359008	170187.SP_1247	156	660
10358906	170187.SP_1141	156	71
10359180	170187.SP_1427	155	275
10358469	170187.SP_0676	155	178
10359612	170187.SP_1878	155	87
10358292	170187.SP_0486	154	99
10357893	170187.SP_0063	153	140
10357940	170187.SP_0111	151	114
10357935	170187.SP_0106	151	82
10358358	170187.SP_0554	151	44
10358521	170187.SP_0731	150	24
10358150	170187.SP_0330	150	178
10359127	170187.SP_1373	150	203
10359944	170187.SP_2226	149	45
10358265	170187.SP_0457	148	123
10358951	170187.SP_1186	148	45
10359583	170187.SP_1849	147	118
10359895	170187.SP_2173	147	239
10359750	170187.SP_2020	147	121
10357839	170187.SP_0006	146	592
10359202	170187.SP_1451	146	171
10358740	170187.SP_0966	146	302
10359456	170187.SP_1717	143	132
10359124	170187.SP_1370	143	96
10358744	170187.SP_0970	142	127
10358006	170187.SP_0182	141	204
10359212	170187.SP_1461	141	133
10358754	170187.SP_0980	140	123
10359289	170187.SP_1545	140	66
10359529	170187.SP_1794	139	37
10359825	170187.SP_2099	139	320
10358113	170187.SP_0292	139	123
10358464	170187.SP_0671	138	161
10359158	170187.SP_1404	137	23
10359719	170187.SP_1988	136	308
10359309	170187.SP_1565	136	149
10359437	170187.SP_1698	136	131
10358631	170187.SP_0847	135	109
10359143	170187.SP_1389	135	121
10358020	170187.SP_0197	135	132
10359838	170187.SP_2112	134	166
10359481	170187.SP_1743	133	86
10359753	170187.SP_2023	133	75
10358169	170187.SP_0351	132	207
10357884	170187.SP_0054	131	183
10359720	170187.SP_1989	131	165
10358009	170187.SP_0185	130	135
10357836	170187.SP_0003	128	29
10358848	170187.SP_1080	128	12
10359775	170187.SP_2045	127	89
10359291	170187.SP_1547	127	95
10357912	170187.SP_0083	126	115
10359841	170187.SP_2115	125	41
10359483	170187.SP_1745	124	77
10358843	170187.SP_1075	123	142
10358698	170187.SP_0921	123	147
10358625	170187.SP_0841	122	104
10358424	170187.SP_0624	121	88
10358783	170187.SP_1012	121	28
10359197	170187.SP_1446	121	107
10358517	170187.SP_0727	121	65
10359252	170187.SP_1504	121	168
10359617	170187.SP_1883	121	220
10359516	170187.SP_1781	119	142
10358671	170187.SP_0891	119	162
10359741	170187.SP_2010	119	298
10359837	170187.SP_2111	118	24
10358375	170187.SP_0571	117	119
10358053	170187.SP_0230	117	132
10359545	170187.SP_1810	117	117
10359352	170187.SP_1610	117	82
10359250	170187.SP_1502	117	80
10359633	170187.SP_1900	117	123
10358458	170187.SP_0665	116	240
10359796	170187.SP_2067	116	191
10358819	170187.SP_1050	116	54
10359472	170187.SP_1734	115	213
10359463	170187.SP_1725	115	135
10358872	170187.SP_1106	115	29
10358212	170187.SP_0401	114	344
10359120	170187.SP_1366	114	134
10357927	170187.SP_0098	113	82
10359875	170187.SP_2152	113	110
10358970	170187.SP_1207	112	183
10359534	170187.SP_1799	112	146
10358861	170187.SP_1094	112	114
10359464	170187.SP_1726	112	169
10359890	170187.SP_2168	111	112
10358434	170187.SP_0636	111	148
10358080	170187.SP_0259	110	158
10359186	170187.SP_1434	110	223
10359866	170187.SP_2142	110	63
10359827	170187.SP_2101	110	309
10358632	170187.SP_0848	108	66
10358419	170187.SP_0619	106	104
10358983	170187.SP_1221	105	367
10359490	170187.SP_1752	105	47
10358984	170187.SP_1222	105	213
10359700	170187.SP_1969	105	74
10358425	170187.SP_0626	104	123
10358468	170187.SP_0675	104	135
10359393	170187.SP_1653	102	91
10358788	170187.SP_1018	102	66
10358690	170187.SP_0912	102	103
10358333	170187.SP_0527	102	103
10359556	170187.SP_1821	101	96
10358096	170187.SP_0275	101	39
10359119	170187.SP_1365	100	78
10359007	170187.SP_1246	99.9	114
10359132	170187.SP_1378	99.0	141
10359821	170187.SP_2095	98.5	69
10359351	170187.SP_1609	98.2	85
10359913	170187.SP_2193	97.7	84
10359704	170187.SP_1973	96.7	107
10359347	170187.SP_1605	96.7	18
10358401	170187.SP_0601	96.4	145
10359925	170187.SP_2205	95.6	223
10359135	170187.SP_1381	95.4	116
10359462	170187.SP_1724	95.4	193
10358844	170187.SP_1076	95.4	129
10359378	170187.SP_1638	94.9	80
10358727	170187.SP_0953	93.8	79
10358164	170187.SP_0346	93.2	131
10359434	170187.SP_1695	92.8	115
10359331	170187.SP_1587	90.8	69
10358386	170187.SP_0584	90.5	63
10358359	170187.SP_0555	89.9	36
10359363	170187.SP_1623	89.8	230
10358668	170187.SP_0888	89.7	14
10358506	170187.SP_0716	89.6	93
10358781	170187.SP_1010	89.4	21
10357841	170187.SP_0008	89.2	22
10358492	170187.SP_0701	88.9	67
10359272	170187.SP_1525	88.3	84
10359645	170187.SP_1914	87.7	64
10358584	170187.SP_0795	87.6	81
10358934	170187.SP_1169	86.3	50
10359525	170187.SP_1790	86.3	151
10358316	170187.SP_0510	85.6	263
10357933	170187.SP_0104	85.3	53
10357864	170187.SP_0034	85.1	62
10359957	170187.SP_2240	84.9	97
10358263	170187.SP_0454	84.4	136
10358554	170187.SP_0765	83.4	103
10358321	170187.SP_0515	83.1	130
10359136	170187.SP_1382	83.0	152
10358530	170187.SP_0741	82.7	94
10358658	170187.SP_0878	82.2	225
10358810	170187.SP_1040	81.6	139
10358287	170187.SP_0480	81.4	151
10358650	170187.SP_0870	81.4	36
10359681	170187.SP_1950	81.0	279
10358196	170187.SP_0381	81.0	87
10358820	170187.SP_1051	80.8	78
10359769	170187.SP_2039	80.7	49
10359596	170187.SP_1862	80.1	36
10358710	170187.SP_0933	80.0	60
10359561	170187.SP_1826	79.8	84
10358418	170187.SP_0618	78.7	167
10359152	170187.SP_1398	78.7	53
10359552	170187.SP_1817	77.6	144
10358791	170187.SP_1021	77.5	91
10358512	170187.SP_0722	77.3	87
10358994	170187.SP_1232	77.1	25
10359377	170187.SP_1637	76.9	77
10358887	170187.SP_1121	76.2	191
10358713	170187.SP_0936	75.6	70
10359682	170187.SP_1951	75.4	81
10359043	170187.SP_1283	74.8	61
10358411	170187.SP_0611	73.2	219
10358672	170187.SP_0892	73.1	356
10358074	170187.SP_0252	73.0	59
10359797	170187.SP_2068	72.5	25
10359451	170187.SP_1712	72.2	88
10357861	170187.SP_0031	72.0	28
10359479	170187.SP_1741	71.5	20
10357956	170187.SP_0127	71.4	77
10358270	170187.SP_0462	70.9	174
10358921	170187.SP_1156	70.7	51
10358077	170187.SP_0255	70.7	50
10359772	170187.SP_2042	70.5	20
10359867	170187.SP_2143	70.4	213
10358532	170187.SP_0743	70.4	54
10359185	170187.SP_1433	70.0	92
10359502	170187.SP_1765	69.1	92
10359573	170187.SP_1838	69.0	59
10358865	170187.SP_1098	68.8	69
10358271	170187.SP_0463	68.6	141
10358723	170187.SP_0947	67.9	20
10359879	170187.SP_2157	67.8	72
10358518	170187.SP_0728	67.5	13
10358519	170187.SP_0729	67.5	84
10359679	170187.SP_1948	66.8	13
10359575	170187.SP_1840	66.7	123
10357975	170187.SP_0150	65.7	120
10358840	170187.SP_1072	65.6	137
10359694	170187.SP_1963	64.9	71
10358387	170187.SP_0585	64.7	173
10359868	170187.SP_2144	64.2	68
10358068	170187.SP_0246	64.1	60
10358101	170187.SP_0280	63.4	60
10359574	170187.SP_1839	63.3	149
10359911	170187.SP_2191	63.0	36
10359721	170187.SP_1990	62.6	50
10359474	170187.SP_1736	62.1	191
10358290	170187.SP_0483	61.6	131
10358682	170187.SP_0904	61.2	47
10358610	170187.SP_0825	61.0	61
10358454	170187.SP_0661	60.7	70
10358917	170187.SP_1152	59.7	271
10359865	170187.SP_2141	59.7	160
10358716	170187.SP_0939	58.9	32
10358394	170187.SP_0592	58.8	31
10359130	170187.SP_1376	57.4	50
10358998	170187.SP_1236	56.4	44
10358366	170187.SP_0562	56.2	88
10358528	170187.SP_0739	56.1	47
10359162	170187.SP_1408	55.9	67
10359033	170187.SP_1273	55.8	79
10359048	170187.SP_1288	55.5	33
10359747	170187.SP_2016	55.4	76
10358572	170187.SP_0783	55.1	16
10359080	170187.SP_1326	55.0	151
10358864	170187.SP_1097	54.8	49
10358214	170187.SP_0403	53.8	58
10358594	170187.SP_0805	53.6	35
10358640	170187.SP_0859	53.4	30
10359836	170187.SP_2110	52.9	43
10358170	170187.SP_0352	52.0	65
10359885	170187.SP_2163	51.5	37
10358738	170187.SP_0964	51.1	40
10358171	170187.SP_0353	51.0	88
10359052	170187.SP_1292	51.0	54
10359436	170187.SP_1697	50.8	151
10359480	170187.SP_1742	50.6	62
10358139	170187.SP_0319	50.5	34
10359232	170187.SP_1481	50.5	28
10359214	170187.SP_1463	50.5	17
10358796	170187.SP_1026	50.3	20
10359630	170187.SP_1897	50.2	72
10359166	170187.SP_1412	50.1	67
10359042	170187.SP_1282	48.6	79
10359187	170187.SP_1435	48.3	91
10359943	170187.SP_2225	48.0	85
10359373	170187.SP_1633	47.1	36
10358999	170187.SP_1237	46.3	29
10358069	170187.SP_0247	46.0	89
10358329	170187.SP_0523	45.5	41
10358470	170187.SP_0677	45.5	11
10358140	170187.SP_0320	45.5	47
10358427	170187.SP_0628	45.4	27
10357913	170187.SP_0084	44.9	48
10358165	170187.SP_0347	44.6	55
10359494	170187.SP_1757	44.4	65
10359460	170187.SP_1722	44.2	46
10359156	170187.SP_1402	44.1	51
10359350	170187.SP_1608	44.1	40
10358968	170187.SP_1205	44.0	40
10358745	170187.SP_0971	43.8	30
10358302	170187.SP_0496	43.7	62
10359147	170187.SP_1393	43.7	74
10358705	170187.SP_0928	43.4	27
10358539	170187.SP_0750	43.0	23
10357852	170187.SP_0020	42.8	30
10359506	170187.SP_1770	42.8	56
10358314	170187.SP_0508	42.6	98
10359550	170187.SP_1815	42.6	44
10358988	170187.SP_1226	42.3	85
10358792	170187.SP_1022	42.3	31
10357925	170187.SP_0096	42.2	57
10357948	170187.SP_0119	42.1	23
10358119	170187.SP_0298	41.9	57
10359942	170187.SP_2224	41.8	53
10359270	170187.SP_1523	41.0	152
10359521	170187.SP_1786	40.9	10
10358835	170187.SP_1067	40.9	58
10359253	170187.SP_1505	40.7	45
10358839	170187.SP_1071	40.3	46
10359644	170187.SP_1912	40.0	17
10358280	170187.SP_0473	40.0	48
10358395	170187.SP_0593	39.3	48
10358365	170187.SP_0561	38.9	14
10358633	170187.SP_0851	38.6	14
10358811	170187.SP_1041	38.6	34
10359519	170187.SP_1784	38.6	35
10359904	170187.SP_2184	38.5	28
10359157	170187.SP_1403	38.2	30
10357981	170187.SP_0156	37.9	53
10358198	170187.SP_0383	37.8	59
10358219	170187.SP_0408	37.7	23
10359201	170187.SP_1450	37.7	22
10359386	170187.SP_1646	37.3	23
10359374	170187.SP_1634	36.9	37
10359024	170187.SP_1264	36.7	29
10358403	170187.SP_0603	36.7	31
10359912	170187.SP_2192	36.6	45
10359096	170187.SP_1342	36.4	49
10358529	170187.SP_0740	36.3	26
10357890	170187.SP_0060	36.2	95
10358780	170187.SP_1009	35.7	47
10359282	170187.SP_1537	35.6	19
10359626	170187.SP_1893	35.3	49
10358199	170187.SP_0384	34.9	60
10359455	170187.SP_1716	34.7	42
10358990	170187.SP_1228	34.6	44
10359469	170187.SP_1731	34.6	33
10357894	170187.SP_0064	34.2	16
10358151	170187.SP_0332	34.0	26
10358588	170187.SP_0799	33.9	69
10359509	170187.SP_1774	33.7	22
10359111	170187.SP_1357	33.2	62
10358453	170187.SP_0660	32.9	37
10359424	170187.SP_1684	32.9	44
10359814	170187.SP_2088	32.6	38
10358881	170187.SP_1115	32.5	37
10359046	170187.SP_1286	32.4	36
10359428	170187.SP_1688	32.2	27
10358591	170187.SP_0802	32.0	109
10358515	170187.SP_0725	31.9	27
10358086	170187.SP_0265	31.6	67
10359308	170187.SP_1564	31.5	27
10359021	170187.SP_1261	31.3	17
10358850	170187.SP_1082	30.9	24
10359176	170187.SP_1423	30.7	10
10358156	170187.SP_0337	30.6	24
10358073	170187.SP_0251	30.5	86
10359163	170187.SP_1409	30.5	42
10358311	170187.SP_0505	30.4	77
10358916	170187.SP_1151	30.4	144
10357873	170187.SP_0043	29.9	36
10359420	170187.SP_1680	29.7	14
10359112	170187.SP_1358	29.6	62
10359489	170187.SP_1751	29.2	29
10357911	170187.SP_0082	28.8	70
10358383	170187.SP_0580	28.7	26
10358000	170187.SP_0176	28.6	47
10358771	170187.SP_0999	28.6	18
10359153	170187.SP_1399	28.3	24
10359955	170187.SP_2238	28.0	18
10359854	170187.SP_2129	27.7	19
10359605	170187.SP_1871	27.6	29
10359568	170187.SP_1833	27.6	62
10357939	170187.SP_0110	27.4	56
10359858	170187.SP_2133	27.3	8
10359835	170187.SP_2109	27.2	25
10359507	170187.SP_1771	26.9	74
10359742	170187.SP_2011	26.8	34
10357931	170187.SP_0102	26.7	33
10359560	170187.SP_1825	26.6	27
10359183	170187.SP_1431	25.5	22
10357984	170187.SP_0159	25.3	33
10359627	170187.SP_1894	25.3	34
10358135	170187.SP_0314	25.2	89
10358952	170187.SP_1187	25.0	28
10359518	170187.SP_1783	24.8	14
10358773	170187.SP_1001	24.3	12
10359012	170187.SP_1251	23.9	54
10358579	170187.SP_0790	23.5	18
10359140	170187.SP_1386	23.5	37
10359028	170187.SP_1268	23.1	14
10359083	170187.SP_1329	23.0	15
10359869	170187.SP_2145	23.0	61
10358950	170187.SP_1185	23.0	40
10359562	170187.SP_1827	22.8	23
10359585	170187.SP_1851	22.7	7
10357887	170187.SP_0057	22.6	92
10358001	170187.SP_0177	22.4	21
10359801	170187.SP_2072	22.3	14
10359421	170187.SP_1681	22.3	17
10358002	170187.SP_0178	22.3	24
10359118	170187.SP_1364	21.6	50
10359458	170187.SP_1720	21.1	16
10358288	170187.SP_0481	21.0	34
10358669	170187.SP_0889	21.0	15
10359888	170187.SP_2166	20.9	22
10359098	170187.SP_1344	20.7	81
10359582	170187.SP_1848	20.4	3
10359094	170187.SP_1340	20.3	16
10359870	170187.SP_2146	20.1	40
10359829	170187.SP_2103	20.1	18
10358737	170187.SP_0963	19.9	18
10358201	170187.SP_0386	19.9	25
10359199	170187.SP_1448	19.6	26
10357915	170187.SP_0086	19.4	31
10359780	170187.SP_2051	19.4	3
10359853	170187.SP_2128	19.3	17
10359438	170187.SP_1699	19.2	10
10358286	170187.SP_0479	19.0	18
10358592	170187.SP_0803	18.8	10
10358814	170187.SP_1044	17.5	17
10358404	170187.SP_0604	17.5	21
10358611	170187.SP_0826	17.3	16
10359590	170187.SP_1856	17.1	8
10359696	170187.SP_1965	17.0	3
10358602	170187.SP_0817	16.8	19
10359505	170187.SP_1768	16.4	25
10359951	170187.SP_2234	16.2	11
10359049	170187.SP_1289	16.1	6
10359788	170187.SP_2059	15.9	12
10358498	170187.SP_0707	15.4	12
10358933	170187.SP_1168	15.3	8
10359852	170187.SP_2127	15.1	13
10359953	170187.SP_2236	15.1	20
10358659	170187.SP_0879	15.1	6
10358392	170187.SP_0590	15.0	17
10358922	170187.SP_1157	14.3	26
10358455	170187.SP_0662	14.1	20
10359699	170187.SP_1968	14.0	5
10359278	170187.SP_1533	13.9	6
10359275	170187.SP_1529	13.8	20
10358725	170187.SP_0950	13.7	8
10358381	170187.SP_0578	13.6	18
10359684	170187.SP_1953	13.6	42
10358557	170187.SP_0768	13.5	23
10358163	170187.SP_0345	13.5	31
10358603	170187.SP_0818	13.5	31
10358120	170187.SP_0299	13.5	31
10359266	170187.SP_1519	13.5	10
10359422	170187.SP_1682	13.3	12
10358017	170187.SP_0194	13.2	3
10359503	170187.SP_1766	13.1	22
10358877	170187.SP_1111	12.6	9
10359501	170187.SP_1764	12.6	17
10358154	170187.SP_0335	12.6	4
10359619	170187.SP_1885	12.4	9
10358766	170187.SP_0994	12.4	24
10359881	170187.SP_2159	12.3	50
10359468	170187.SP_1730	12.1	8
10358111	170187.SP_0290	12.1	14
10358204	170187.SP_0390	12.1	20
10359504	170187.SP_1767	12.0	33
10359746	170187.SP_2015	11.7	31
10358914	170187.SP_1149	11.7	31
10358294	170187.SP_0488	11.5	9
10359809	170187.SP_2083	11.3	15
10358391	170187.SP_0589	11.2	7
10358985	170187.SP_1223	11.0	2
10358172	170187.SP_0354	10.9	19
10359172	170187.SP_1419	10.5	11
10359341	170187.SP_1599	10.4	13
10359409	170187.SP_1669	10.4	6
10359598	170187.SP_1864	10.3	4
10359549	170187.SP_1814	9.96	11
10359384	170187.SP_1644	9.93	5
10359403	170187.SP_1663	9.37	2
10358685	170187.SP_0907	9.07	13
10359856	170187.SP_2131	8.55	23
10358399	170187.SP_0599	8.44	8
10357978	170187.SP_0153	8.16	7
10357908	170187.SP_0078	7.99	11
10358371	170187.SP_0567	7.92	6
10358758	170187.SP_0986	7.86	3
10357993	170187.SP_0168	7.79	8
10358275	170187.SP_0467	7.75	4
10357878	170187.SP_0048	7.72	3
10359902	170187.SP_2182	7.68	5
10358071	170187.SP_0249	7.62	3
10358274	170187.SP_0466	7.21	4
10358954	170187.SP_1189	7.13	4
10358142	170187.SP_0322	6.99	7
10358276	170187.SP_0468	6.79	3
10357844	170187.SP_0011	6.68	10
10358449	170187.SP_0655	6.61	10
10359097	170187.SP_1343	6.55	18
10358295	170187.SP_0489	6.54	8
10359845	170187.SP_2119	6.33	1
10359429	170187.SP_1689	6.33	6
10359267	170187.SP_1520	6.15	4
10359751	170187.SP_2021	6.12	18
10359919	170187.SP_2199	6.09	2
10359754	170187.SP_2024	6.09	3
10359789	170187.SP_2060	5.95	19
10359648	170187.SP_1917	5.93	2
10357966	170187.SP_0141	5.72	4
10358185	170187.SP_0370	5.65	2
10359897	170187.SP_2175	5.17	7
10358028	170187.SP_0205	5.05	2
10359394	170187.SP_1654	4.76	11
10359402	170187.SP_1662	4.75	5
10359752	170187.SP_2022	4.52	4
10359771	170187.SP_2041	4.38	4
10359142	170187.SP_1388	4.29	3
10359296	170187.SP_1552	4.24	6
10358022	170187.SP_0199	4.18	7
10359586	170187.SP_1852	4.12	8
10359907	170187.SP_2187	4.11	7
10358691	170187.SP_0913	3.98	6
10359776	170187.SP_2047	3.96	2
10359584	170187.SP_1850	3.84	4
10358540	170187.SP_0751	3.78	2
10359417	170187.SP_1677	3.77	1
10358452	170187.SP_0659	3.76	3
10359365	170187.SP_1625	3.37	1
10359748	170187.SP_2017	3.36	3
10358109	170187.SP_0288	3.36	2
10358420	170187.SP_0620	3.13	3
10357854	170187.SP_0022	3.0	3
10358124	170187.SP_0303	2.99	3
10359032	170187.SP_1272	2.93	5
10359937	170187.SP_2219	2.91	3
10358767	170187.SP_0995	2.78	8
10359883	170187.SP_2161	2.75	3
10359592	170187.SP_1858	2.74	3
10358608	170187.SP_0823	2.71	2
10358681	170187.SP_0902	2.59	3
10358789	170187.SP_1019	2.57	2
10358549	170187.SP_0760	2.49	2
10359392	170187.SP_1652	2.43	7
10357848	170187.SP_0015	2.41	8
10358870	170187.SP_1104	2.39	2
10359820	170187.SP_2094	2.38	2
10359732	170187.SP_2001	2.35	2
10359491	170187.SP_1754	2.21	1
10357980	170187.SP_0155	2.07	5
10357928	170187.SP_0099	2.06	1
10359372	170187.SP_1632	2.04	2
10359019	170187.SP_1259	2.03	1
10359134	170187.SP_1380	2.02	2
10359632	170187.SP_1899	2.02	2
10358866	170187.SP_1099	1.99	2
10359343	170187.SP_1601	1.93	2
10358578	170187.SP_0789	1.89	1
10359884	170187.SP_2162	1.86	2
10359588	170187.SP_1854	1.86	3
10359499	170187.SP_1762	1.84	5
10358272	170187.SP_0464	1.8	2
10359839	170187.SP_2113	1.78	1
10359564	170187.SP_1829	1.72	3
10359079	170187.SP_1325	1.71	3
10359084	170187.SP_1330	1.66	5
10359940	170187.SP_2222	1.64	1
10358216	170187.SP_0405	1.53	1
10357866	170187.SP_0036	1.53	2
10359649	170187.SP_1918	1.43	5
10358200	170187.SP_0385	1.43	1
10358731	170187.SP_0957	1.26	1
10358138	170187.SP_0318	1.18	2
10359357	170187.SP_1617	1.14	1
10358623	170187.SP_0839	0.933	1
10358417	170187.SP_0617	0.918	1
10358410	170187.SP_0610	0.844	2
10358380	170187.SP_0577	0.733	1
10358940	170187.SP_1175	0.717	7
10359271	170187.SP_1524	0.618	1
10358804	170187.SP_1034	0.582	1
10359531	170187.SP_1796	0.434	1
10359496	170187.SP_1759	0.337	1
