#id: 2384649828
#name: L.interrogans - Whole organism, SC (Peptideatlas,aug,2013)
#score: 10.0
#weight:  40%
#description: abundance based on Spectral counting, Interaction consistency score: 10.0, Coverage: 64
#organ: WHOLE_ORGANISM
#integrated: false
#coverage: 64
#link: http://www.peptideatlas.org/builds/
#publication_year: 2013
#filename: 189518-267671-PA_201308.txt
#
#internal_id	string_external_id	abundance	raw_spectral_count
62732343	189518.LB_083	19958	161
62728875	189518.LA_0011	13935	968
62731003	189518.LA_2655	13048	5051
62730989	189518.LA_2637	12508	2955
62730735	189518.LA_2325	11709	509
62730384	189518.LA_1920	9771	845
62730470	189518.LA_2017	9725	3159
62729450	189518.LA_0737	9672	4372
62731966	189518.LA_3961	9289	1449
62729358	189518.LA_0616	9035	2462
62729207	189518.LA_0411	8079	2123
62731002	189518.LA_2654	7676	355
62730232	189518.LA_1719	7131	2453
62730511	189518.LA_2066	7110	1255
62731117	189518.LA_2809	6643	1194
62731560	189518.LA_3421	6018	444
62729047	189518.LA_0222	5992	897
62729861	189518.LA_1253	5629	475
62730849	189518.LA_2458	5621	290
62731876	189518.LA_3839	5595	485
62729855	189518.LA_1245	5272	282
62729557	189518.LA_0862	5058	658
62730575	189518.LA_2139	4668	1311
62729208	189518.LA_0412	4656	961
62731982	189518.LA_3982	4630	404
62729741	189518.LA_1101	4458	1067
62731093	189518.LA_2776	4373	2072
62729694	189518.LA_1044	4176	638
62729503	189518.LA_0799	4160	520
62731779	189518.LA_3705	3995	1917
62732183	189518.LA_4242	3893	1107
62731095	189518.LA_2779	3849	1429
62729255	189518.LA_0471	3743	561
62730814	189518.LA_2418	3741	1289
62729461	189518.LA_0748	3647	46
62729902	189518.LA_1313	3624	1482
62730338	189518.LA_1859	3484	1341
62729463	189518.LA_0750	3480	66
62729364	189518.LA_0629	3428	220
62732121	189518.LA_4168	3426	237
62730413	189518.LA_1953	3402	552
62730074	189518.LA_1532	3400	1082
62731529	189518.LA_3379	3380	943
62729031	189518.LA_0204	3259	305
62731356	189518.LA_3143	3252	1064
62728932	189518.LA_0076	3211	307
62729034	189518.LA_0207	3179	449
62729479	189518.LA_0765	3174	860
62730224	189518.LA_1704	3117	751
62731081	189518.LA_2759	3109	877
62728927	189518.LA_0071	3056	225
62732040	189518.LA_4067	3052	1039
62730475	189518.LA_2024	3051	1077
62729467	189518.LA_0754	2966	333
62731141	189518.LA_2841	2909	779
62729530	189518.LA_0828	2877	1213
62731612	189518.LA_3484	2852	712
62732357	189518.LB_099	2842	294
62730928	189518.LA_2559	2832	387
62731703	189518.LA_3606	2801	382
62730987	189518.LA_2633	2777	805
62731551	189518.LA_3409	2739	199
62730201	189518.LA_1678	2721	322
62729196	189518.LA_0400	2714	161
62731557	189518.LA_3417	2706	88
62729512	189518.LA_0809	2666	570
62730198	189518.LA_1675	2651	255
62730709	189518.LA_2295	2616	757
62729451	189518.LA_0738	2606	283
62729742	189518.LA_1102	2595	1101
62729466	189518.LA_0753	2535	200
62730096	189518.LA_1563	2528	222
62728910	189518.LA_0052	2464	816
62731698	189518.LA_3598	2454	334
62729274	189518.LA_0505	2449	794
62729478	189518.LA_0764	2437	213
62729458	189518.LA_0745	2433	281
62731556	189518.LA_3416	2429	320
62731530	189518.LA_3380	2419	398
62731862	189518.LA_3821	2406	290
62729264	189518.LA_0492	2324	465
62731561	189518.LA_3422	2322	302
62729032	189518.LA_0205	2315	954
62729069	189518.LA_0249	2292	219
62729121	189518.LA_0313	2285	1326
62730238	189518.LA_1728	2273	488
62732372	189518.LB_117	2250	386
62729701	189518.LA_1053	2247	348
62731778	189518.LA_3704	2239	217
62732095	189518.LA_4138	2237	965
62731704	189518.LA_3607	2215	300
62729473	189518.LA_0760	2211	474
62731319	189518.LA_3091	2183	443
62730390	189518.LA_1928	2134	165
62732362	189518.LB_106	2090	812
62729584	189518.LA_0899	2089	348
62729546	189518.LA_0848	2065	149
62730701	189518.LA_2286	2059	541
62729071	189518.LA_0251	2057	1108
62732074	189518.LA_4110	2054	30
62729459	189518.LA_0746	2044	183
62731326	189518.LA_3097	2028	513
62731563	189518.LA_3424	2024	259
62731138	189518.LA_2835	2010	108
62731139	189518.LA_2836	1986	291
62731853	189518.LA_3807	1976	179
62732096	189518.LA_4139	1970	629
62731352	189518.LA_3135	1966	522
62732342	189518.LB_082	1956	320
62732469	189518.LB_242	1953	402
62729243	189518.LA_0457	1945	592
62730907	189518.LA_2535	1941	235
62731925	189518.LA_3912	1939	561
62730199	189518.LA_1676	1938	222
62730471	189518.LA_2019	1913	669
62730791	189518.LA_2391	1903	164
62729621	189518.LA_0947	1890	1142
62729460	189518.LA_0747	1863	41
62732538	189518.LB_327	1859	1017
62731465	189518.LA_3295	1854	216
62730977	189518.LA_2621	1844	489
62730982	189518.LA_2627	1831	457
62729457	189518.LA_0744	1788	194
62731558	189518.LA_3419	1778	1899
62731642	189518.LA_3522	1778	350
62730612	189518.LA_2179	1778	599
62729453	189518.LA_0740	1764	275
62729464	189518.LA_0751	1756	338
62731559	189518.LA_3420	1747	1886
62731325	189518.LA_3096	1746	155
62730921	189518.LA_2550	1736	206
62732480	189518.LB_257	1734	284
62731813	189518.LA_3748	1723	449
62730929	189518.LA_2560	1706	523
62731066	189518.LA_2738	1706	293
62732254	189518.LA_4327	1704	418
62729105	189518.LA_0296	1704	567
62729836	189518.LA_1222	1699	562
62730626	189518.LA_2194	1686	159
62730368	189518.LA_1897	1678	713
62729700	189518.LA_1052	1672	720
62729616	189518.LA_0942	1672	631
62730333	189518.LA_1853	1671	194
62729620	189518.LA_0946	1660	59
62729452	189518.LA_0739	1641	224
62729868	189518.LA_1260	1638	799
62730144	189518.LA_1616	1631	440
62729477	189518.LA_0763	1625	102
62729678	189518.LA_1020	1623	80
62732112	189518.LA_4156	1621	472
62729469	189518.LA_0756	1613	254
62731468	189518.LA_3298	1600	360
62728866	189518.LA_0002	1580	616
62731685	189518.LA_3578	1579	75
62729740	189518.LA_1100	1571	450
62729474	189518.LA_0761	1557	65
62730891	189518.LA_2512	1545	296
62730586	189518.LA_2151	1544	148
62731540	189518.LA_3397	1543	337
62732529	189518.LB_316	1527	130
62731261	189518.LA_2998	1522	109
62729454	189518.LA_0741	1504	136
62732322	189518.LB_058	1492	974
62730549	189518.LA_2109	1490	100
62729455	189518.LA_0742	1489	383
62731955	189518.LA_3949	1462	198
62732115	189518.LA_4159	1452	543
62731562	189518.LA_3423	1437	223
62729480	189518.LA_0766	1434	101
62732432	189518.LB_194	1424	167
62732512	189518.LB_293	1423	217
62729484	189518.LA_0776	1417	558
62729471	189518.LA_0758	1407	166
62730111	189518.LA_1583	1377	369
62731564	189518.LA_3425	1374	262
62729033	189518.LA_0206	1353	258
62729386	189518.LA_0653	1344	175
62730507	189518.LA_2062	1338	508
62731218	189518.LA_2947	1337	449
62729896	189518.LA_1306	1336	113
62730145	189518.LA_1617	1330	352
62729476	189518.LA_0762	1326	107
62730367	189518.LA_1896	1308	210
62729191	189518.LA_0395	1301	102
62730523	189518.LA_2081a	1296	64
62730411	189518.LA_1951	1291	420
62731962	189518.LA_3957	1283	366
62731412	189518.LA_3219	1280	244
62731126	189518.LA_2821	1275	159
62730043	189518.LA_1495	1274	400
62730057	189518.LA_1513	1272	604
62729548	189518.LA_0851	1262	80
62729712	189518.LA_1064	1258	102
62730061	189518.LA_1517	1249	139
62730938	189518.LA_2575	1223	45
62730567	189518.LA_2130	1213	430
62731467	189518.LA_3297	1205	207
62732454	189518.LB_222	1204	145
62729679	189518.LA_1021	1203	630
62729091	189518.LA_0278	1199	100
62730734	189518.LA_2324	1198	206
62729980	189518.LA_1423	1191	284
62730904	189518.LA_2531	1184	164
62729970	189518.LA_1409	1178	406
62730574	189518.LA_2138	1168	298
62729017	189518.LA_0185	1154	364
62730829	189518.LA_2433	1146	494
62729064	189518.LA_0242	1140	340
62731470	189518.LA_3301	1133	86
62731440	189518.LA_3265	1132	102
62729702	189518.LA_1054	1114	139
62731408	189518.LA_3214	1110	175
62728873	189518.LA_0009	1108	255
62729080	189518.LA_0263	1103	233
62731723	189518.LA_3627	1103	452
62730914	189518.LA_2542	1098	139
62730787	189518.LA_2387	1093	97
62730922	189518.LA_2551	1092	141
62731697	189518.LA_3597	1085	389
62729345	189518.LA_0598	1081	111
62729975	189518.LA_1417	1080	181
62732489	189518.LB_268	1078	175
62729496	189518.LA_0790	1067	355
62730066	189518.LA_1521	1058	120
62729537	189518.LA_0839	1056	78
62730122	189518.LA_1594	1054	381
62729874	189518.LA_1272	1053	197
62730668	189518.LA_2250	1051	234
62732255	189518.LA_4329	1039	51
62730355	189518.LA_1879	1034	797
62731442	189518.LA_3267	1033	831
62729977	189518.LA_1420	1032	118
62729837	189518.LA_1223	1032	431
62731475	189518.LA_3306	1030	318
62730726	189518.LA_2316	1029	115
62731702	189518.LA_3604	1028	207
62730654	189518.LA_2229	1020	42
62730655	189518.LA_2230	1019	93
62730410	189518.LA_1950	1017	92
62731153	189518.LA_2859	1016	125
62732312	189518.LB_047	1009	405
62729462	189518.LA_0749	1005	99
62729687	189518.LA_1032	1001	236
62730103	189518.LA_1572	1001	142
62730773	189518.LA_2372	993	163
62730107	189518.LA_1579	992	127
62732543	189518.LB_333	985	241
62729024	189518.LA_0193	980	127
62731172	189518.LA_2882	980	167
62732380	189518.LB_125	980	194
62729158	189518.LA_0361	976	89
62728909	189518.LA_0051	971	290
62730401	189518.LA_1939	970	150
62731528	189518.LA_3378	969	857
62731812	189518.LA_3747	959	476
62730218	189518.LA_1696	955	225
62729847	189518.LA_1238	955	88
62730391	189518.LA_1929	953	622
62731781	189518.LA_3709	953	270
62729468	189518.LA_0755	949	31
62731842	189518.LA_3795	949	156
62730813	189518.LA_2417	947	303
62732162	189518.LA_4216	947	489
62731863	189518.LA_3822	946	365
62729313	189518.LA_0560	936	492
62728883	189518.LA_0020	933	246
62729852	189518.LA_1242	927	79
62731469	189518.LA_3300	924	105
62729210	189518.LA_0414	918	297
62730535	189518.LA_2095	914	316
62730021	189518.LA_1468a	909	131
62730114	189518.LA_1586	908	240
62729387	189518.LA_0654	908	195
62732375	189518.LB_120	906	193
62729838	189518.LA_1224	905	660
62729162	189518.LA_0365	901	335
62731968	189518.LA_3964	899	243
62730170	189518.LA_1643	892	288
62729010	189518.LA_0175	892	2
62730536	189518.LA_2096	888	222
62730108	189518.LA_1580	886	234
62729456	189518.LA_0743	885	71
62729346	189518.LA_0599	885	174
62729854	189518.LA_1244	882	44
62729748	189518.LA_1110	878	336
62732332	189518.LB_070	877	148
62730805	189518.LA_2408	875	173
62729829	189518.LA_1212	873	139
62729699	189518.LA_1051	870	142
62730607	189518.LA_2174	870	229
62731096	189518.LA_2780	867	174
62729278	189518.LA_0512	863	204
62731137	189518.LA_2834	861	426
62731738	189518.LA_3644	859	195
62730566	189518.LA_2129	856	399
62730524	189518.LA_2083	840	165
62730714	189518.LA_2300	838	210
62731097	189518.LA_2781	830	91
62730816	189518.LA_2420	828	151
62732481	189518.LB_258	824	545
62729402	189518.LA_0678	821	571
62731878	189518.LA_3845	820	110
62731437	189518.LA_3262	820	78
62730142	189518.LA_1614	819	235
62731477	189518.LA_3312	816	135
62730223	189518.LA_1703	815	337
62732012	189518.LA_4025	813	138
62729598	189518.LA_0918	807	215
62730936	189518.LA_2572	805	275
62731780	189518.LA_3706	802	240
62732340	189518.LB_079	799	52
62730587	189518.LA_2152	799	251
62730445	189518.LA_1986	799	314
62731937	189518.LA_3928	794	420
62730657	189518.LA_2232	791	303
62729818	189518.LA_1198	788	200
62731864	189518.LA_3823	786	163
62732142	189518.LA_4193	784	308
62730721	189518.LA_2309	780	414
62731046	189518.LA_2712	779	337
62728956	189518.LA_0106	779	385
62731550	189518.LA_3408	772	22
62729465	189518.LA_0752	753	19
62731305	189518.LA_3070	750	96
62729397	189518.LA_0671	749	237
62729447	189518.LA_0734	749	158
62729888	189518.LA_1293	747	253
62731092	189518.LA_2775	742	60
62729770	189518.LA_1137	740	258
62728974	189518.LA_0126	740	135
62731752	189518.LA_3665	738	100
62730597	189518.LA_2164	738	100
62729858	189518.LA_1250	736	99
62732326	189518.LB_062	735	86
62731894	189518.LA_3869	734	120
62729577	189518.LA_0890	734	234
62731650	189518.LA_3533	734	104
62730588	189518.LA_2153	721	293
62730886	189518.LA_2507	715	294
62731094	189518.LA_2778	713	178
62731652	189518.LA_3535	710	129
62729562	189518.LA_0869	706	166
62732182	189518.LA_4240	702	299
62730564	189518.LA_2126	700	200
62729413	189518.LA_0693	693	239
62732315	189518.LB_051	693	177
62731194	189518.LA_2917	692	114
62729950	189518.LA_1378	689	278
62732336	189518.LB_074	685	368
62730115	189518.LA_1587	685	183
62732308	189518.LB_042	683	125
62729075	189518.LA_0256	683	302
62730986	189518.LA_2632	682	155
62730859	189518.LA_2468	681	308
62730650	189518.LA_2226	681	121
62730356	189518.LA_1880	680	49
62729849	189518.LA_1240	678	420
62732231	189518.LA_4299	677	120
62730611	189518.LA_2178	677	246
62731552	189518.LA_3410	673	165
62731751	189518.LA_3664	672	209
62730979	189518.LA_2624	669	40
62732195	189518.LA_4255	669	114
62731235	189518.LA_2967	666	50
62731439	189518.LA_3264	666	140
62731746	189518.LA_3657	663	144
62729165	189518.LA_0369	663	143
62729093	189518.LA_0280	658	223
62729380	189518.LA_0646	655	145
62729769	189518.LA_1136	650	133
62729590	189518.LA_0909	649	105
62729776	189518.LA_1142	648	304
62731255	189518.LA_2992	647	83
62728984	189518.LA_0136	646	190
62732110	189518.LA_4154	645	383
62730392	189518.LA_1930	642	198
62731367	189518.LA_3158	642	164
62730420	189518.LA_1960	641	505
62730935	189518.LA_2570	639	397
62729978	189518.LA_1421	635	137
62731754	189518.LA_3668	635	107
62729580	189518.LA_0893	635	113
62730358	189518.LA_1884	631	9
62729185	189518.LA_0389	626	120
62729013	189518.LA_0179	626	141
62729187	189518.LA_0391	622	472
62732379	189518.LB_124	619	174
62730962	189518.LA_2603	619	113
62730377	189518.LA_1911	614	160
62730364	189518.LA_1890	613	123
62732263	189518.LA_4339	609	188
62730832	189518.LA_2436	609	67
62731651	189518.LA_3534	608	101
62730733	189518.LA_2323	604	83
62730463	189518.LA_2009	602	224
62728957	189518.LA_0107	599	37
62730595	189518.LA_2162	599	41
62731466	189518.LA_3296	598	120
62729848	189518.LA_1239	597	154
62730877	189518.LA_2494	596	158
62729140	189518.LA_0335	596	187
62730860	189518.LA_2469	592	56
62731455	189518.LA_3286	592	277
62729963	189518.LA_1398	592	67
62732560	189518.LB_355	591	185
62729785	189518.LA_1158	590	179
62732279	189518.LB_002	587	158
62731231	189518.LA_2959	582	300
62731900	189518.LA_3874	581	134
62732421	189518.LB_176	581	88
62730012	189518.LA_1459	578	204
62730930	189518.LA_2561	578	331
62729697	189518.LA_1047	577	241
62729556	189518.LA_0861	575	71
62728928	189518.LA_0072	574	82
62730934	189518.LA_2569	573	93
62731399	189518.LA_3200b	572	227
62732244	189518.LA_4314a	572	19
62730783	189518.LA_2383	572	188
62729782	189518.LA_1155	571	160
62730019	189518.LA_1467	570	33
62729926	189518.LA_1347	568	86
62728893	189518.LA_0033	567	222
62729628	189518.LA_0957	566	171
62729617	189518.LA_0943	565	443
62730519	189518.LA_2077	564	136
62731725	189518.LA_3629	562	86
62731577	189518.LA_3442	562	97
62731179	189518.LA_2894	562	90
62729853	189518.LA_1243	559	12
62731860	189518.LA_3819	557	292
62729258	189518.LA_0478	555	82
62732022	189518.LA_4040	553	51
62732569	189518.LB_366	552	159
62729437	189518.LA_0720	550	60
62729070	189518.LA_0250	549	143
62729774	189518.LA_1141	548	71
62731977	189518.LA_3975	545	23
62731548	189518.LA_3406	542	92
62730631	189518.LA_2202	539	257
62729507	189518.LA_0803	535	23
62731185	189518.LA_2905	529	86
62728937	189518.LA_0083	528	147
62730715	189518.LA_2301	523	78
62731080	189518.LA_2757	522	87
62730031	189518.LA_1481	522	109
62729475	189518.LA_0761a	520	1
62730397	189518.LA_1935	520	122
62731236	189518.LA_2968	517	155
62730649	189518.LA_2223	516	187
62731929	189518.LA_3917	516	98
62731241	189518.LA_2973	515	84
62731133	189518.LA_2829	514	94
62729265	189518.LA_0494	513	104
62729710	189518.LA_1062	513	166
62729470	189518.LA_0757	511	31
62730834	189518.LA_2438	509	111
62729002	189518.LA_0160	508	192
62730927	189518.LA_2558	507	252
62731547	189518.LA_3405	507	53
62732123	189518.LA_4171	506	221
62730408	189518.LA_1948	503	59
62729526	189518.LA_0824	503	64
62729118	189518.LA_0310	499	182
62730185	189518.LA_1659	499	131
62732566	189518.LB_363	499	144
62729198	189518.LA_0402	496	126
62730558	189518.LA_2119	495	208
62730344	189518.LA_1865	494	97
62732422	189518.LB_177	491	231
62730537	189518.LA_2097	489	169
62730121	189518.LA_1593	489	64
62729747	189518.LA_1107	486	121
62731734	189518.LA_3639	485	65
62730739	189518.LA_2329	483	193
62731613	189518.LA_3485	483	53
62730464	189518.LA_2010	482	143
62730670	189518.LA_2252	481	67
62729015	189518.LA_0181	481	176
62729174	189518.LA_0378	480	152
62730643	189518.LA_2215	480	108
62731323	189518.LA_3094	479	82
62732223	189518.LA_4291	477	154
62729976	189518.LA_1419	477	214
62730514	189518.LA_2071	476	156
62732143	189518.LA_4194	473	265
62729344	189518.LA_0595	472	116
62728972	189518.LA_0124	472	77
62730435	189518.LA_1975	471	125
62729780	189518.LA_1147	471	216
62732493	189518.LB_273	468	290
62729810	189518.LA_1189	468	16
62729983	189518.LA_1427	468	81
62732278	189518.LB_001	467	306
62728929	189518.LA_0073	464	68
62731366	189518.LA_3156	464	205
62730097	189518.LA_1564	460	59
62730658	189518.LA_2236	459	204
62732435	189518.LB_198	459	34
62729936	189518.LA_1359	459	52
62730648	189518.LA_2222	458	400
62732119	189518.LA_4165	458	169
62729159	189518.LA_0362	457	141
62731733	189518.LA_3638	451	189
62732140	189518.LA_4190	451	203
62728985	189518.LA_0137	450	225
62731634	189518.LA_3512	449	34
62731460	189518.LA_3290	448	234
62731748	189518.LA_3660	447	64
62730129	189518.LA_1601	447	33
62730819	189518.LA_2423	446	51
62731745	189518.LA_3653	446	66
62729227	189518.LA_0433	445	84
62730156	189518.LA_1629	443	137
62731633	189518.LA_3511	443	100
62729132	189518.LA_0325	443	111
62729906	189518.LA_1323	442	296
62730894	189518.LA_2515	442	104
62730243	189518.LA_1734	441	137
62728986	189518.LA_0138	440	453
62729627	189518.LA_0956	439	591
62730151	189518.LA_1624	439	84
62730187	189518.LA_1661	437	117
62731543	189518.LA_3400	437	260
62732203	189518.LA_4266	434	163
62730700	189518.LA_2285	434	51
62730076	189518.LA_1535	431	56
62731042	189518.LA_2705	431	50
62731847	189518.LA_3800	430	198
62731158	189518.LA_2866	429	32
62732568	189518.LB_365	429	84
62730698	189518.LA_2283	429	199
62732427	189518.LB_186	427	117
62730488	189518.LA_2042	427	101
62731459	189518.LA_3289	426	103
62731526	189518.LA_3372	425	73
62732558	189518.LB_353	425	157
62728931	189518.LA_0075	424	35
62732146	189518.LA_4198	423	140
62728901	189518.LA_0042	422	223
62731004	189518.LA_2656	420	70
62731316	189518.LA_3084	417	177
62732054	189518.LA_4085	415	140
62731284	189518.LA_3039	415	135
62730188	189518.LA_1662	415	107
62729440	189518.LA_0727	413	325
62729750	189518.LA_1112	410	304
62731848	189518.LA_3801	410	258
62731544	189518.LA_3401	410	230
62731930	189518.LA_3918	407	284
62731820	189518.LA_3758	407	18
62729204	189518.LA_0408	407	122
62732501	189518.LB_281	405	65
62732276	189518.LA_4360	403	122
62729910	189518.LA_1327	403	72
62731379	189518.LA_3175	402	62
62730629	189518.LA_2197	401	291
62729233	189518.LA_0443	401	65
62730123	189518.LA_1595	401	139
62729254	189518.LA_0469	400	113
62731979	189518.LA_3977	400	64
62730526	189518.LA_2085	400	48
62731835	189518.LA_3782	399	41
62730070	189518.LA_1526	395	49
62732189	189518.LA_4248	395	96
62730002	189518.LA_1449	395	130
62732420	189518.LB_174	394	40
62729001	189518.LA_0157	394	70
62730887	189518.LA_2508	391	30
62729012	189518.LA_0178	389	158
62730557	189518.LA_2118	389	109
62730790	189518.LA_2390	389	27
62732106	189518.LA_4150	386	91
62729864	189518.LA_1256	384	121
62730152	189518.LA_1625	381	85
62730972	189518.LA_2613	381	145
62731314	189518.LA_3080	381	152
62732165	189518.LA_4219	380	131
62729860	189518.LA_1252	378	105
62729667	189518.LA_1007	377	44
62729067	189518.LA_0247	377	33
62730200	189518.LA_1677	375	23
62731693	189518.LA_3587	374	59
62731527	189518.LA_3377	374	34
62730717	189518.LA_2303	374	94
62730032	189518.LA_1483	371	131
62730716	189518.LA_2302	371	67
62731653	189518.LA_3536	371	66
62730901	189518.LA_2528	371	109
62729871	189518.LA_1263	371	13
62732285	189518.LB_013	369	149
62730822	189518.LA_2426	368	339
62729019	189518.LA_0187	367	44
62729360	189518.LA_0618	365	119
62729568	189518.LA_0879	364	50
62732091	189518.LA_4131	364	209
62731573	189518.LA_3437	361	52
62731443	189518.LA_3268	361	72
62730755	189518.LA_2350	359	166
62731112	189518.LA_2800	357	122
62729550	189518.LA_0853	357	80
62732270	189518.LA_4347	356	47
62730343	189518.LA_1864	354	119
62731223	189518.LA_2951	354	125
62732303	189518.LB_036	354	163
62729079	189518.LA_0262	353	79
62729542	189518.LA_0845	352	74
62729249	189518.LA_0463	351	59
62731975	189518.LA_3973	351	99
62729157	189518.LA_0360	349	213
62732284	189518.LB_012	349	78
62732298	189518.LB_028	348	79
62732185	189518.LA_4244	347	39
62729715	189518.LA_1067	343	74
62728869	189518.LA_0005	343	191
62730729	189518.LA_2319	343	25
62732194	189518.LA_4254	342	188
62731764	189518.LA_3684	342	161
62732364	189518.LB_108	342	360
62729229	189518.LA_0438	341	173
62729593	189518.LA_0913	341	239
62730160	189518.LA_1633	338	55
62730075	189518.LA_1533	338	155
62731354	189518.LA_3138	336	96
62730388	189518.LA_1926	335	11
62730617	189518.LA_2185	335	169
62731474	189518.LA_3305	333	104
62731963	189518.LA_3958	332	42
62731954	189518.LA_3948	331	118
62731898	189518.LA_3872	330	98
62732216	189518.LA_4282	330	103
62730605	189518.LA_2172	329	101
62731924	189518.LA_3911	328	60
62731104	189518.LA_2788	328	79
62729533	189518.LA_0833	328	87
62732494	189518.LB_274	328	183
62731147	189518.LA_2848	328	125
62732232	189518.LA_4300	328	78
62732060	189518.LA_4092	327	125
62729579	189518.LA_0892	327	90
62730345	189518.LA_1866	327	122
62729637	189518.LA_0969	326	87
62729823	189518.LA_1205	325	48
62731594	189518.LA_3468	324	221
62731282	189518.LA_3033	324	105
62731861	189518.LA_3820	322	78
62729908	189518.LA_1325	321	231
62730146	189518.LA_1618	321	65
62732323	189518.LB_059	317	41
62730683	189518.LA_2265	317	54
62730736	189518.LA_2326	316	93
62728870	189518.LA_0006	316	202
62730105	189518.LA_1577	316	86
62730451	189518.LA_1995	315	149
62729911	189518.LA_1328	314	140
62730939	189518.LA_2576	311	233
62729054	189518.LA_0229	311	74
62731151	189518.LA_2857	311	119
62732166	189518.LA_4220	310	81
62729631	189518.LA_0960	310	36
62732261	189518.LA_4336	310	77
62731996	189518.LA_4000	306	75
62731227	189518.LA_2955	306	64
62732109	189518.LA_4153	306	87
62729900	189518.LA_1312	305	15
62730828	189518.LA_2432	305	245
62728996	189518.LA_0149	303	23
62730731	189518.LA_2321	302	143
62730978	189518.LA_2623	301	73
62730996	189518.LA_2644	299	65
62731956	189518.LA_3950	298	42
62731072	189518.LA_2748	298	101
62730556	189518.LA_2117	297	13
62728942	189518.LA_0091	296	23
62732200	189518.LA_4262	296	26
62730802	189518.LA_2405	295	81
62731344	189518.LA_3118	295	97
62731258	189518.LA_2995	295	33
62730230	189518.LA_1713	292	56
62730550	189518.LA_2110	292	10
62732266	189518.LA_4342	292	21
62729763	189518.LA_1130	291	133
62730058	189518.LA_1514	291	83
62730745	189518.LA_2337	291	57
62729955	189518.LA_1388	291	132
62730407	189518.LA_1947	291	100
62729163	189518.LA_0366	291	118
62731238	189518.LA_2970	291	33
62729145	189518.LA_0343	290	11
62730217	189518.LA_1695	287	29
62731620	189518.LA_3497	287	132
62732502	189518.LB_282	287	20
62731674	189518.LA_3563	285	86
62732376	189518.LB_121	285	60
62732356	189518.LB_098	284	112
62731520	189518.LA_3366	284	70
62730763	189518.LA_2360	281	290
62730848	189518.LA_2457	280	64
62731946	189518.LA_3939	279	81
62732346	189518.LB_086	279	92
62730376	189518.LA_1910	279	41
62730476	189518.LA_2025	277	104
62730515	189518.LA_2072	277	94
62729089	189518.LA_0274	276	44
62732033	189518.LA_4058	276	57
62732148	189518.LA_4200	276	107
62730776	189518.LA_2375	275	136
62729909	189518.LA_1326	275	60
62731292	189518.LA_3052	275	83
62731221	189518.LA_2949	274	107
62728999	189518.LA_0153	274	124
62729765	189518.LA_1132	274	30
62732528	189518.LB_312a	274	16
62730203	189518.LA_1680	273	164
62730172	189518.LA_1645	273	97
62731677	189518.LA_3571	272	46
62731270	189518.LA_3016	272	20
62731031	189518.LA_2690	271	44
62732393	189518.LB_143	271	97
62731039	189518.LA_2702	271	53
62729329	189518.LA_0576	270	111
62729777	189518.LA_1143	270	38
62731682	189518.LA_3575	269	62
62728938	189518.LA_0084	269	29
62730964	189518.LA_2605	269	45
62730181	189518.LA_1655	269	96
62730158	189518.LA_1631	269	56
62729959	189518.LA_1392	269	84
62730869	189518.LA_2483	266	52
62729150	189518.LA_0350	266	36
62730767	189518.LA_2366	265	20
62730806	189518.LA_2409	265	124
62731160	189518.LA_2868	264	96
62729781	189518.LA_1152	263	60
62731481	189518.LA_3317	263	41
62729238	189518.LA_0449	262	17
62730023	189518.LA_1471	262	114
62729779	189518.LA_1145	262	52
62731932	189518.LA_3922	262	35
62728919	189518.LA_0062	261	65
62731850	189518.LA_3803	261	117
62732423	189518.LB_178	261	108
62731461	189518.LA_3291	259	106
62731597	189518.LA_3470	258	88
62731140	189518.LA_2840	258	61
62728994	189518.LA_0147	256	76
62731576	189518.LA_3441	256	105
62730239	189518.LA_1729	256	30
62729738	189518.LA_1098	255	24
62729979	189518.LA_1422	255	383
62730944	189518.LA_2581	254	57
62732237	189518.LA_4307	253	32
62732167	189518.LA_4221	252	56
62731519	189518.LA_3365	252	63
62729078	189518.LA_0261	252	64
62731549	189518.LA_3407	252	242
62729990	189518.LA_1436	251	26
62732069	189518.LA_4105	251	82
62732370	189518.LB_114	249	76
62731814	189518.LA_3749	249	43
62729804	189518.LA_1182	247	96
62730059	189518.LA_1515	247	8
62731831	189518.LA_3778	247	306
62730659	189518.LA_2237	246	62
62728881	189518.LA_0018	245	53
62730547	189518.LA_2107	245	64
62729915	189518.LA_1332	245	68
62728975	189518.LA_0127	245	99
62730579	189518.LA_2143	245	84
62732225	189518.LA_4293	244	50
62730793	189518.LA_2395	244	42
62729985	189518.LA_1429	242	45
62730830	189518.LA_2434	241	27
62729578	189518.LA_0891	241	43
62732272	189518.LA_4349	241	74
62731885	189518.LA_3855	241	41
62729175	189518.LA_0379	239	127
62729230	189518.LA_0439	238	104
62731067	189518.LA_2739	238	67
62732394	189518.LB_144	237	42
62730008	189518.LA_1455	235	12
62732187	189518.LA_4246	234	101
62729532	189518.LA_0832	234	68
62731822	189518.LA_3763	234	143
62732527	189518.LB_312	233	54
62731263	189518.LA_3002	232	98
62729564	189518.LA_0873	232	98
62730616	189518.LA_2184	231	83
62730180	189518.LA_1654	230	29
62730512	189518.LA_2068	230	89
62731201	189518.LA_2924	229	107
62731810	189518.LA_3744	229	88
62728912	189518.LA_0054	228	113
62731782	189518.LA_3710	228	46
62730958	189518.LA_2599	227	33
62731948	189518.LA_3941	227	59
62730254	189518.LA_1746	227	86
62732264	189518.LA_4340	225	61
62729912	189518.LA_1329	224	49
62730630	189518.LA_2200	224	25
62730110	189518.LA_1582	222	72
62730664	189518.LA_2244	222	43
62731098	189518.LA_2782	222	20
62729104	189518.LA_0294	222	72
62731785	189518.LA_3713	221	56
62730678	189518.LA_2260	220	57
62731964	189518.LA_3959	220	33
62728988	189518.LA_0141	219	61
62729355	189518.LA_0611	218	66
62730396	189518.LA_1934	218	27
62731728	189518.LA_3632	217	105
62729705	189518.LA_1057	217	34
62731659	189518.LA_3543	216	29
62729130	189518.LA_0322	216	9
62729771	189518.LA_1138	215	75
62730030	189518.LA_1480	215	49
62731684	189518.LA_3577	215	46
62729640	189518.LA_0973	214	33
62732048	189518.LA_4079	214	72
62730118	189518.LA_1590	214	31
62731724	189518.LA_3628	214	92
62732220	189518.LA_4288	214	37
62728944	189518.LA_0093	214	24
62731369	189518.LA_3160	214	133
62732488	189518.LB_267	213	59
62729875	189518.LA_1273	213	38
62731952	189518.LA_3946	213	6
62731357	189518.LA_3144	212	75
62729586	189518.LA_0903	212	93
62728886	189518.LA_0024	212	21
62732274	189518.LA_4355	211	51
62732530	189518.LB_317	211	96
62729920	189518.LA_1337	211	46
62729119	189518.LA_0311	210	95
62730955	189518.LA_2595	210	26
62731057	189518.LA_2727	209	47
62731866	189518.LA_3825	209	52
62730134	189518.LA_1606	209	59
62730090	189518.LA_1553	209	76
62730903	189518.LA_2530	209	22
62729869	189518.LA_1261	209	53
62729065	189518.LA_0243	208	49
62730545	189518.LA_2105	208	89
62730444	189518.LA_1985	208	76
62730751	189518.LA_2345	207	69
62730680	189518.LA_2262	207	83
62730752	189518.LA_2346	207	26
62729373	189518.LA_0638	207	49
62729117	189518.LA_0309	206	39
62731524	189518.LA_3370	206	79
62730775	189518.LA_2374	205	133
62730362	189518.LA_1888	205	118
62731836	189518.LA_3783	205	91
62730141	189518.LA_1613	205	126
62729510	189518.LA_0806	203	27
62729234	189518.LA_0444	203	51
62731679	189518.LA_3572	203	13
62729367	189518.LA_0632	202	14
62732548	189518.LB_340	202	14
62730137	189518.LA_1609	202	60
62729356	189518.LA_0612	202	77
62729302	189518.LA_0547	201	29
62731056	189518.LA_2726	201	34
62729022	189518.LA_0191	200	31
62730885	189518.LA_2506	200	38
62731010	189518.LA_2664	200	74
62731458	189518.LA_3288	199	38
62730478	189518.LA_2027	199	60
62731211	189518.LA_2936	198	39
62729820	189518.LA_1202	198	19
62732301	189518.LB_034	198	53
62729916	189518.LA_1333	198	112
62731131	189518.LA_2827	198	96
62730620	189518.LA_2188	198	63
62730718	189518.LA_2306	197	41
62730135	189518.LA_1607	197	63
62729197	189518.LA_0401	197	25
62731672	189518.LA_3561	196	12
62730762	189518.LA_2357	196	17
62730016	189518.LA_1463	195	23
62730527	189518.LA_2087	195	113
62729519	189518.LA_0816	195	41
62732047	189518.LA_4078	193	81
62731730	189518.LA_3636	192	68
62729706	189518.LA_1058	192	21
62731345	189518.LA_3119	192	59
62732257	189518.LA_4331	192	101
62730730	189518.LA_2320	191	28
62731635	189518.LA_3513	191	59
62731843	189518.LA_3796	191	36
62730226	189518.LA_1709	190	31
62731509	189518.LA_3354	190	47
62729043	189518.LA_0217	190	50
62732307	189518.LB_041	190	53
62728918	189518.LA_0061	188	43
62729689	189518.LA_1036	188	87
62730924	189518.LA_2554	188	73
62730949	189518.LA_2589	188	32
62729030	189518.LA_0203	187	25
62731671	189518.LA_3560	187	66
62732197	189518.LA_4258	187	17
62730808	189518.LA_2411	186	66
62729305	189518.LA_0550	186	148
62731589	189518.LA_3459	186	113
62729725	189518.LA_1082	185	37
62730696	189518.LA_2280	185	29
62732120	189518.LA_4167	184	38
62730522	189518.LA_2081	183	48
62730750	189518.LA_2343	183	72
62729796	189518.LA_1174	183	68
62729644	189518.LA_0980	183	63
62729166	189518.LA_0370	182	118
62730506	189518.LA_2061	182	73
62731571	189518.LA_3435	181	92
62730143	189518.LA_1615	181	42
62729773	189518.LA_1140	181	58
62730812	189518.LA_2415	181	31
62729552	189518.LA_0854	180	88
62732416	189518.LB_169	179	32
62729753	189518.LA_1119	178	30
62730710	189518.LA_2296	177	65
62729151	189518.LA_0351	177	62
62732259	189518.LA_4333	177	21
62731756	189518.LA_3672	176	56
62731253	189518.LA_2988	175	29
62730548	189518.LA_2108	175	12
62731518	189518.LA_3363	175	48
62730810	189518.LA_2413	175	75
62730973	189518.LA_2615	175	24
62729677	189518.LA_1019	175	31
62731696	189518.LA_3596	174	138
62730380	189518.LA_1916	173	43
62729708	189518.LA_1060	173	33
62732018	189518.LA_4035	172	148
62729401	189518.LA_0676	172	209
62729986	189518.LA_1430	172	64
62730520	189518.LA_2078	171	32
62731017	189518.LA_2674	171	56
62729834	189518.LA_1220	171	61
62730053	189518.LA_1508	171	28
62729857	189518.LA_1247	171	20
62728924	189518.LA_0067	170	187
62730521	189518.LA_2080	170	47
62730205	189518.LA_1682	170	36
62729074	189518.LA_0255	170	53
62731757	189518.LA_3673	169	29
62730159	189518.LA_1632	169	64
62731712	189518.LA_3615	169	66
62732258	189518.LA_4332	168	19
62729529	189518.LA_0827	168	65
62729870	189518.LA_1262	168	24
62731028	189518.LA_2687	168	58
62730489	189518.LA_2044	168	36
62730424	189518.LA_1963a	168	33
62728964	189518.LA_0114	168	40
62732006	189518.LA_4016	168	31
62730130	189518.LA_1602	168	48
62729383	189518.LA_0649	167	89
62732055	189518.LA_4086	167	17
62730418	189518.LA_1958	166	23
62729382	189518.LA_0648	166	24
62729549	189518.LA_0852	165	44
62728884	189518.LA_0021	165	39
62729743	189518.LA_1103	165	26
62731259	189518.LA_2996	164	51
62730800	189518.LA_2403	164	56
62729098	189518.LA_0286	163	56
62730474	189518.LA_2023	163	21
62730055	189518.LA_1511	163	79
62731064	189518.LA_2736	161	73
62730139	189518.LA_1611	160	61
62732564	189518.LB_361	160	23
62731195	189518.LA_2918	159	77
62731073	189518.LA_2749	159	24
62730748	189518.LA_2340	159	23
62729953	189518.LA_1384	159	41
62730419	189518.LA_1959	158	32
62729835	189518.LA_1221	158	94
62731759	189518.LA_3676	157	65
62732539	189518.LB_328	157	35
62729261	189518.LA_0484	156	66
62731590	189518.LA_3461	156	80
62729486	189518.LA_0778	154	45
62729088	189518.LA_0273	154	49
62729775	189518.LA_1141a	153	23
62730711	189518.LA_2297	153	68
62729096	189518.LA_0284	153	24
62729788	189518.LA_1162	153	50
62730379	189518.LA_1915	153	92
62729714	189518.LA_1066	153	31
62731823	189518.LA_3764	152	44
62730240	189518.LA_1730	152	18
62730236	189518.LA_1726	152	74
62731341	189518.LA_3114	152	75
62729924	189518.LA_1343	152	23
62731062	189518.LA_2733	152	84
62732328	189518.LB_065	151	57
62729732	189518.LA_1092	150	22
62731858	189518.LA_3816	149	17
62729003	189518.LA_0161	149	19
62731462	189518.LA_3292	149	59
62729723	189518.LA_1080	148	105
62728963	189518.LA_0113	148	60
62731965	189518.LA_3960	148	27
62731342	189518.LA_3115	148	54
62731825	189518.LA_3767	148	48
62730818	189518.LA_2422	147	62
62730503	189518.LA_2058	147	31
62732219	189518.LA_4287	146	26
62729296	189518.LA_0538	146	17
62731680	189518.LA_3573	146	32
62731849	189518.LA_3802	146	41
62730553	189518.LA_2114	146	50
62732073	189518.LA_4109	145	56
62731727	189518.LA_3631	145	12
62729400	189518.LA_0675	145	43
62730990	189518.LA_2639	145	77
62729967	189518.LA_1404	144	43
62729930	189518.LA_1351	143	38
62732302	189518.LB_035	143	32
62731184	189518.LA_2903	143	30
62729592	189518.LA_0912	143	96
62731569	189518.LA_3433	143	33
62730505	189518.LA_2060	142	32
62732027	189518.LA_4049	142	75
62729707	189518.LA_1059	142	31
62730823	189518.LA_2427	141	26
62731377	189518.LA_3172	141	39
62730632	189518.LA_2203	139	13
62729863	189518.LA_1255	139	28
62728902	189518.LA_0043	139	57
62729907	189518.LA_1324	138	23
62731953	189518.LA_3947	138	34
62731777	189518.LA_3703	137	46
62732367	189518.LB_111	137	57
62730532	189518.LA_2092	137	23
62731890	189518.LA_3862	137	14
62729039	189518.LA_0213	137	20
62732017	189518.LA_4034	136	19
62732287	189518.LB_015	136	34
62730768	189518.LA_2367	136	61
62729752	189518.LA_1118	135	10
62730640	189518.LA_2212	135	118
62732184	189518.LA_4243	135	74
62730807	189518.LA_2410	135	24
62732059	189518.LA_4091	135	43
62728993	189518.LA_0146	133	93
62729045	189518.LA_0219	133	43
62732136	189518.LA_4185	133	53
62729050	189518.LA_0225	133	30
62728914	189518.LA_0056	133	86
62730485	189518.LA_2036	132	17
62728904	189518.LA_0046	132	38
62728977	189518.LA_0129	132	63
62728983	189518.LA_0135	132	46
62729824	189518.LA_1206	132	27
62732377	189518.LB_122	131	37
62731755	189518.LA_3669	130	35
62730186	189518.LA_1660	129	39
62731686	189518.LA_3579	128	57
62732080	189518.LA_4119	128	82
62731598	189518.LA_3471	128	34
62731279	189518.LA_3028	128	83
62729676	189518.LA_1018	127	6
62731688	189518.LA_3581	127	23
62729131	189518.LA_0323	127	19
62732174	189518.LA_4230	126	31
62730124	189518.LA_1596	126	40
62728973	189518.LA_0125	125	29
62729205	189518.LA_0409	125	51
62730106	189518.LA_1578	125	29
62732269	189518.LA_4346	125	40
62731683	189518.LA_3576	125	38
62731542	189518.LA_3399	124	32
62731132	189518.LA_2828	124	64
62731636	189518.LA_3514	123	35
62730131	189518.LA_1603	123	29
62731318	189518.LA_3086	123	31
62729489	189518.LA_0782	122	9
62729832	189518.LA_1217	122	22
62729038	189518.LA_0212	122	30
62731198	189518.LA_2921	122	47
62732327	189518.LB_063	122	26
62731869	189518.LA_3829	121	7
62731171	189518.LA_2881	121	13
62731222	189518.LA_2950	121	33
62730414	189518.LA_1954	121	9
62731175	189518.LA_2886	121	50
62729336	189518.LA_0587	120	18
62730202	189518.LA_1679	120	54
62730908	189518.LA_2536	120	71
62730794	189518.LA_2396	119	42
62729581	189518.LA_0894	119	12
62730879	189518.LA_2497	119	47
62731210	189518.LA_2935	119	40
62730165	189518.LA_1638	118	35
62731943	189518.LA_3936	118	21
62729683	189518.LA_1027	118	56
62729992	189518.LA_1438	118	19
62729365	189518.LA_0630	118	32
62729889	189518.LA_1295	117	113
62732029	189518.LA_4052	117	32
62730961	189518.LA_2602	117	64
62732155	189518.LA_4208	116	60
62730117	189518.LA_1589	116	17
62732397	189518.LB_148	116	9
62730706	189518.LA_2292	116	27
62731162	189518.LA_2871	116	28
62729137	189518.LA_0332	116	12
62730017	189518.LA_1464	115	48
62732545	189518.LB_335	115	15
62731441	189518.LA_3266	115	30
62729826	189518.LA_1209	114	47
62729856	189518.LA_1246	114	12
62730366	189518.LA_1894	114	7
62729073	189518.LA_0254	114	21
62730484	189518.LA_2035	114	6
62729248	189518.LA_0462	113	29
62729116	189518.LA_0308	113	38
62728966	189518.LA_0116	112	44
62729006	189518.LA_0166	112	52
62730336	189518.LA_1857	112	21
62732368	189518.LB_112	112	51
62730052	189518.LA_1507	112	55
62731581	189518.LA_3449	112	24
62730036	189518.LA_1488	111	66
62729583	189518.LA_0898	111	14
62731120	189518.LA_2813	111	62
62731993	189518.LA_3997	111	38
62731694	189518.LA_3591	111	11
62730857	189518.LA_2466	111	23
62729044	189518.LA_0218	110	43
62731994	189518.LA_3998	110	133
62732280	189518.LB_005	110	30
62730128	189518.LA_1600	109	47
62731605	189518.LA_3477	109	20
62730554	189518.LA_2115	109	54
62730513	189518.LA_2069	109	8
62729211	189518.LA_0415	109	22
62729282	189518.LA_0518	109	14
62730389	189518.LA_1927	109	33
62729143	189518.LA_0339	109	42
62729626	189518.LA_0954	109	41
62730897	189518.LA_2519	109	13
62731865	189518.LA_3824	108	15
62731360	189518.LA_3147	108	28
62730744	189518.LA_2336	107	23
62730346	189518.LA_1867	107	28
62731657	189518.LA_3540	107	51
62730138	189518.LA_1610	107	36
62729206	189518.LA_0410	107	11
62732227	189518.LA_4295	106	26
62730458	189518.LA_2004	106	13
62729984	189518.LA_1428	106	31
62728998	189518.LA_0151	106	23
62732250	189518.LA_4322	105	49
62729812	189518.LA_1191	105	85
62730385	189518.LA_1922	105	19
62729133	189518.LA_0326	105	16
62729283	189518.LA_0520	105	8
62729301	189518.LA_0546	105	80
62730754	189518.LA_2349	105	11
62731176	189518.LA_2887	104	17
62729604	189518.LA_0927	104	41
62730465	189518.LA_2011	104	22
62731596	189518.LA_3469	104	40
62730850	189518.LA_2459	104	105
62729041	189518.LA_0215	104	23
62730231	189518.LA_1715	104	46
62732305	189518.LB_039	104	19
62732358	189518.LB_102	103	20
62732296	189518.LB_026	103	21
62730951	189518.LA_2591	103	45
62732265	189518.LA_4341	103	25
62731177	189518.LA_2891	102	13
62730492	189518.LA_2047	102	57
62730155	189518.LA_1628	102	37
62730171	189518.LA_1644	102	33
62729268	189518.LA_0498	101	21
62731647	189518.LA_3529	101	16
62731275	189518.LA_3022	101	14
62729589	189518.LA_0908	101	24
62730868	189518.LA_2480	101	15
62730154	189518.LA_1627	101	31
62731030	189518.LA_2689	101	29
62732275	189518.LA_4359	101	37
62730210	189518.LA_1688	101	54
62731193	189518.LA_2916	100	41
62731116	189518.LA_2808	100	56
62730985	189518.LA_2631	100.0	8
62728903	189518.LA_0045	99.7	23
62731895	189518.LA_3870	99.0	57
62732041	189518.LA_4068	98.9	21
62732058	189518.LA_4089	98.9	26
62730788	189518.LA_2388	98.8	24
62732447	189518.LB_212	98.8	9
62729538	189518.LA_0840	98.6	14
62729291	189518.LA_0533	97.6	36
62730544	189518.LA_2104	97.4	51
62729795	189518.LA_1173	97.0	60
62730796	189518.LA_2399	96.9	23
62731859	189518.LA_3818	96.7	20
62729696	189518.LA_1046	96.5	35
62732283	189518.LB_011	96.3	50
62729749	189518.LA_1111	96.0	36
62731705	189518.LA_3608	96.0	20
62732507	189518.LB_288	95.5	18
62730792	189518.LA_2394	95.1	15
62728982	189518.LA_0134	94.8	26
62729981	189518.LA_1424	94.7	62
62730455	189518.LA_1999	94.6	19
62731043	189518.LA_2706	94.3	31
62729991	189518.LA_1437	94.0	33
62729778	189518.LA_1144	94.0	39
62730863	189518.LA_2472	93.8	18
62729394	189518.LA_0665	93.1	25
62729028	189518.LA_0201	93.1	8
62730495	189518.LA_2050	93.0	34
62732222	189518.LA_4290	92.9	36
62730953	189518.LA_2593	92.7	10
62731110	189518.LA_2797	92.7	18
62729862	189518.LA_1254	92.4	17
62730153	189518.LA_1626	92.3	36
62732309	189518.LB_043	92.0	12
62729524	189518.LA_0821	92.0	11
62730508	189518.LA_2063	91.9	46
62730029	189518.LA_1479	91.8	15
62730487	189518.LA_2041	91.8	5
62731971	189518.LA_3969	91.5	48
62731522	189518.LA_3368	91.3	7
62730766	189518.LA_2365	91.2	22
62730852	189518.LA_2461	91.2	10
62729005	189518.LA_0165	91.2	13
62729090	189518.LA_0276	91.1	10
62729939	189518.LA_1363	91.1	32
62729982	189518.LA_1425	91.0	15
62730560	189518.LA_2121	90.8	8
62732126	189518.LA_4174	90.7	45
62731090	189518.LA_2773	90.6	8
62730684	189518.LA_2266	90.4	16
62730757	189518.LA_2352	90.3	41
62729662	189518.LA_1002	90.2	7
62730062	189518.LA_1517a	90.1	19
62730899	189518.LA_2526	90.1	23
62729307	189518.LA_0552	89.5	26
62731271	189518.LA_3017	89.5	13
62729808	189518.LA_1186	89.4	12
62729709	189518.LA_1061	89.3	8
62729525	189518.LA_0823	89.2	19
62731410	189518.LA_3216	89.0	27
62729615	189518.LA_0941	89.0	6
62729974	189518.LA_1416	88.7	30
62732359	189518.LB_103	88.5	16
62731889	189518.LA_3861	88.4	23
62729935	189518.LA_1358	88.3	17
62730350	189518.LA_1872	88.2	20
62729504	189518.LA_0800	87.9	41
62730436	189518.LA_1977	87.8	46
62732532	189518.LB_319	87.8	25
62728876	189518.LA_0012	87.1	48
62729680	189518.LA_1022	86.8	25
62732412	189518.LB_163	86.2	19
62730035	189518.LA_1487	85.6	24
62730950	189518.LA_2590	85.5	23
62729684	189518.LA_1029	85.2	45
62728892	189518.LA_0032	85.1	14
62730133	189518.LA_1605	85.1	17
62732238	189518.LA_4308	84.8	35
62729502	189518.LA_0798	84.8	19
62730026	189518.LA_1476	84.6	18
62729540	189518.LA_0842	84.3	11
62729087	189518.LA_0272	84.0	28
62729958	189518.LA_1391	83.9	22
62729713	189518.LA_1065	83.6	19
62730020	189518.LA_1468	83.6	2
62728991	189518.LA_0144	83.4	20
62731480	189518.LA_3316	83.3	26
62731669	189518.LA_3558	82.8	8
62730723	189518.LA_2312	82.8	15
62731063	189518.LA_2735	82.5	15
62732097	189518.LA_4140	82.3	8
62728939	189518.LA_0085	82.2	6
62728968	189518.LA_0119	82.2	7
62730450	189518.LA_1992	82.1	14
62729110	189518.LA_0301	81.8	49
62730797	189518.LA_2400	81.5	41
62731220	189518.LA_2948	81.0	22
62730416	189518.LA_1956	80.8	18
62730178	189518.LA_1652	80.8	15
62730862	189518.LA_2471	80.6	14
62732381	189518.LB_126	80.3	23
62731721	189518.LA_3625	80.2	64
62729947	189518.LA_1374	80.0	22
62730342	189518.LA_1863	80.0	50
62730893	189518.LA_2514	79.8	23
62732297	189518.LB_027	79.6	15
62729072	189518.LA_0253	79.6	24
62730895	189518.LA_2516	79.4	15
62729872	189518.LA_1264	79.2	31
62731882	189518.LA_3851	79.2	22
62730339	189518.LA_1860	78.5	62
62730965	189518.LA_2606	78.2	31
62732444	189518.LB_209	77.9	20
62730248	189518.LA_1739	77.9	5
62732542	189518.LB_332	77.6	9
62730618	189518.LA_2186	77.1	144
62731517	189518.LA_3362	77.0	30
62729266	189518.LA_0495	76.9	7
62731710	189518.LA_3613	76.5	26
62732076	189518.LA_4113	76.0	7
62730761	189518.LA_2356	76.0	19
62729269	189518.LA_0500	75.7	7
62732125	189518.LA_4173	75.6	5
62729348	189518.LA_0602	75.6	21
62732508	189518.LB_289	75.4	7
62729536	189518.LA_0838	75.0	37
62730740	189518.LA_2330	74.9	27
62731873	189518.LA_3834	74.9	24
62729245	189518.LA_0459	74.8	31
62731233	189518.LA_2964	74.8	34
62732030	189518.LA_4053	74.5	9
62731078	189518.LA_2755	74.4	39
62732415	189518.LB_167	74.1	35
62729513	189518.LA_0810	74.0	29
62732365	189518.LB_109	73.9	6
62731403	189518.LA_3206	73.6	7
62730821	189518.LA_2425	73.3	49
62732107	189518.LA_4151	73.3	28
62728891	189518.LA_0031	72.7	9
62732391	189518.LB_141	72.7	7
62732451	189518.LB_216	72.5	22
62730589	189518.LA_2154	72.4	45
62730216	189518.LA_1694	71.6	15
62729391	189518.LA_0659	71.5	7
62730910	189518.LA_2538	71.5	21
62729614	189518.LA_0940	71.0	27
62729306	189518.LA_0551	71.0	8
62729567	189518.LA_0878	70.8	29
62730865	189518.LA_2474	70.8	38
62729739	189518.LA_1099	70.6	36
62731649	189518.LA_3532	70.6	10
62729449	189518.LA_0736	70.5	42
62731903	189518.LA_3879	70.3	16
62730576	189518.LA_2140	70.2	21
62731837	189518.LA_3788	70.1	22
62731501	189518.LA_3342	70.0	15
62729020	189518.LA_0188	69.9	2
62732253	189518.LA_4326	69.9	24
62729766	189518.LA_1133	69.9	5
62729149	189518.LA_0348	69.9	3
62729901	189518.LA_1312a	69.8	27
62729745	189518.LA_1105	69.8	26
62729558	189518.LA_0863	69.8	16
62730080	189518.LA_1539	69.7	11
62731005	189518.LA_2659	69.4	22
62730518	189518.LA_2076	69.3	40
62732277	189518.LA_4361	69.3	18
62731713	189518.LA_3616	69.0	8
62732156	189518.LA_4209	68.8	37
62730352	189518.LA_1874	68.7	13
62729760	189518.LA_1126	68.5	20
62729521	189518.LA_0818	68.4	22
62731516	189518.LA_3361	68.3	11
62731182	189518.LA_2900	68.3	16
62729172	189518.LA_0376	68.0	17
62729819	189518.LA_1200	67.8	11
62730697	189518.LA_2282	67.6	10
62730229	189518.LA_1712	67.4	11
62730644	189518.LA_2217	67.4	26
62729711	189518.LA_1063	67.3	16
62730136	189518.LA_1608	67.3	13
62729058	189518.LA_0234	67.1	17
62731676	189518.LA_3565	66.9	21
62730884	189518.LA_2505	66.8	26
62729787	189518.LA_1161	66.7	24
62730386	189518.LA_1924	66.7	20
62730803	189518.LA_2406	66.7	35
62732241	189518.LA_4311	66.0	17
62729389	189518.LA_0656	65.8	17
62730777	189518.LA_2376	65.7	19
62731418	189518.LA_3233	65.5	16
62732495	189518.LB_275	65.4	17
62732289	189518.LB_017	65.2	29
62730571	189518.LA_2134	64.8	20
62730204	189518.LA_1681	64.7	5
62729882	189518.LA_1285	64.7	15
62729144	189518.LA_0341	64.7	8
62729076	189518.LA_0258	64.6	77
62731146	189518.LA_2847	64.4	40
62731205	189518.LA_2930	64.3	23
62731811	189518.LA_3745	64.2	14
62729791	189518.LA_1166	64.0	10
62729866	189518.LA_1258	63.9	25
62731668	189518.LA_3557	63.6	11
62732511	189518.LB_292	63.4	21
62732314	189518.LB_050	63.3	13
62731974	189518.LA_3972	63.3	17
62729648	189518.LA_0986	62.9	29
62731121	189518.LA_2815	62.8	4
62729004	189518.LA_0163	62.5	4
62732510	189518.LB_291	62.5	15
62731016	189518.LA_2672	62.4	16
62731406	189518.LA_3210	62.3	4
62728930	189518.LA_0074	62.3	7
62732016	189518.LA_4032	62.2	14
62729622	189518.LA_0948	62.2	26
62730104	189518.LA_1576	62.2	5
62730242	189518.LA_1733	62.1	18
62729252	189518.LA_0466	62.0	25
62729698	189518.LA_1048	61.9	22
62731434	189518.LA_3255	61.8	13
62732515	189518.LB_297	61.6	17
62731938	189518.LA_3929	61.6	20
62729768	189518.LA_1135	61.6	23
62731753	189518.LA_3666	61.6	11
62732021	189518.LA_4039	61.3	18
62730449	189518.LA_1991	61.3	19
62729215	189518.LA_0419	61.1	10
62731058	189518.LA_2728	60.6	9
62731472	189518.LA_3303	60.6	14
62732056	189518.LA_4087	60.5	13
62731681	189518.LA_3574	60.4	22
62729865	189518.LA_1257	60.4	12
62729059	189518.LA_0235	60.4	19
62731256	189518.LA_2993	60.3	7
62730572	189518.LA_2136	60.2	10
62729472	189518.LA_0759	60.1	12
62732008	189518.LA_4019	60.1	10
62729109	189518.LA_0300	59.9	11
62729432	189518.LA_0715	59.6	8
62729811	189518.LA_1190	59.5	22
62731783	189518.LA_3711	59.4	8
62729597	189518.LA_0916	59.2	20
62730068	189518.LA_1523	59.1	14
62731891	189518.LA_3863	59.0	11
62732028	189518.LA_4051	58.9	18
62729399	189518.LA_0674	58.7	24
62731553	189518.LA_3412	58.7	18
62731313	189518.LA_3079	58.2	21
62730817	189518.LA_2421	58.1	43
62731402	189518.LA_3205	58.1	18
62729807	189518.LA_1185	58.1	29
62730581	189518.LA_2145	58.0	20
62730486	189518.LA_2040	57.7	11
62732221	189518.LA_4289	57.7	13
62730905	189518.LA_2532	57.5	29
62730211	189518.LA_1689	57.5	27
62731473	189518.LA_3304	57.4	10
62732163	189518.LA_4217	57.3	10
62729136	189518.LA_0330	57.1	31
62731846	189518.LA_3799	57.1	2
62731875	189518.LA_3838	56.9	21
62730215	189518.LA_1693	56.9	23
62731333	189518.LA_3104	56.7	18
62730109	189518.LA_1581	56.4	15
62732032	189518.LA_4056	56.2	13
62730477	189518.LA_2026	56.2	12
62731324	189518.LA_3095	56.1	24
62731266	189518.LA_3005	55.8	14
62731691	189518.LA_3584	55.7	16
62732417	189518.LB_170	55.6	39
62731070	189518.LA_2742	55.6	21
62732036	189518.LA_4063	55.5	16
62729049	189518.LA_0224	55.3	13
62732533	189518.LB_320	55.2	11
62729491	189518.LA_0785	55.1	17
62729618	189518.LA_0944	55.0	4
62729200	189518.LA_0404	54.9	25
62730737	189518.LA_2327	54.9	32
62732482	189518.LB_261	54.9	27
62731584	189518.LA_3453	54.8	17
62729972	189518.LA_1412	54.4	15
62730679	189518.LA_2261	54.3	31
62729647	189518.LA_0985	54.2	30
62731909	189518.LA_3888	54.0	24
62732239	189518.LA_4309	53.9	33
62730481	189518.LA_2031	53.6	9
62730360	189518.LA_1886	53.5	8
62730228	189518.LA_1711	53.3	7
62730825	189518.LA_2429	53.3	17
62732304	189518.LB_037	53.2	6
62731178	189518.LA_2892	53.2	13
62729251	189518.LA_0465	53.1	38
62729929	189518.LA_1350	53.1	18
62731454	189518.LA_3285	53.0	24
62731565	189518.LA_3426	53.0	3
62730417	189518.LA_1957	52.6	10
62732067	189518.LA_4102	52.5	11
62729350	189518.LA_0605	52.4	6
62730018	189518.LA_1466	52.3	23
62730645	189518.LA_2219	52.0	7
62729037	189518.LA_0211	52.0	5
62732014	189518.LA_4027	51.8	9
62729605	189518.LA_0929	51.8	13
62731234	189518.LA_2966	51.5	22
62729544	189518.LA_0847	51.3	15
62731438	189518.LA_3263	50.9	15
62730197	189518.LA_1674	50.9	23
62731506	189518.LA_3351	50.6	5
62732133	189518.LA_4182	50.4	8
62729164	189518.LA_0368	50.0	9
62730722	189518.LA_2311	50.0	8
62731254	189518.LA_2989	49.7	29
62729695	189518.LA_1045	49.7	40
62730641	189518.LA_2213	49.6	17
62732567	189518.LB_364	49.4	20
62732476	189518.LB_251	49.2	32
62731879	189518.LA_3846	49.2	48
62730060	189518.LA_1516	49.1	13
62731293	189518.LA_3053	48.7	12
62730858	189518.LA_2467	48.7	12
62731321	189518.LA_3093	48.7	21
62730369	189518.LA_1898	48.6	7
62729300	189518.LA_0544	48.5	11
62729176	189518.LA_0380	48.5	13
62731378	189518.LA_3173	48.4	18
62730940	189518.LA_2577	48.4	23
62731077	189518.LA_2754	48.4	16
62729395	189518.LA_0666	48.3	16
62732151	189518.LA_4204	48.2	16
62730577	189518.LA_2141	48.1	12
62730799	189518.LA_2402	48.0	4
62732141	189518.LA_4191	47.8	10
62731786	189518.LA_3714	47.8	34
62728894	189518.LA_0034	47.7	18
62730582	189518.LA_2146	47.5	36
62729973	189518.LA_1413	47.4	15
62732483	189518.LB_262	47.4	17
62731648	189518.LA_3531	47.3	3
62729111	189518.LA_0302	47.0	13
62732078	189518.LA_4115	47.0	7
62729596	189518.LA_0915	46.8	12
62731471	189518.LA_3302	46.7	4
62731419	189518.LA_3234	46.6	18
62732001	189518.LA_4008	46.5	64
62729898	189518.LA_1309	46.4	34
62730568	189518.LA_2131	46.3	10
62732440	189518.LB_204	46.2	17
62729999	189518.LA_1446	46.2	16
62729066	189518.LA_0244	46.2	5
62731942	189518.LA_3935	46.1	10
62730140	189518.LA_1612	46.1	22
62732471	189518.LB_244	45.8	9
62731373	189518.LA_3166	45.8	11
62730954	189518.LA_2594	45.8	5
62731250	189518.LA_2984	45.8	12
62729328	189518.LA_0575	45.4	19
62730000	189518.LA_1447	45.3	5
62729008	189518.LA_0171	45.1	17
62730173	189518.LA_1646	44.8	17
62732038	189518.LA_4065	44.7	11
62729498	189518.LA_0792	44.7	11
62729009	189518.LA_0172	44.7	26
62732559	189518.LB_354	44.7	21
62730662	189518.LA_2241	44.6	7
62729153	189518.LA_0353	44.6	2
62730452	189518.LA_1996	44.5	7
62730001	189518.LA_1448	44.4	4
62729092	189518.LA_0279	44.4	8
62731673	189518.LA_3562	43.9	13
62729106	189518.LA_0297	43.9	7
62732004	189518.LA_4011	43.9	8
62729062	189518.LA_0240	43.7	2
62730063	189518.LA_1518	43.7	12
62732325	189518.LB_061	43.3	23
62732437	189518.LB_201	43.1	23
62729797	189518.LA_1175	43.1	24
62731228	189518.LA_2956	43.1	37
62730447	189518.LA_1988	43.0	9
62730370	189518.LA_1899	43.0	18
62731585	189518.LA_3454	42.9	30
62731742	189518.LA_3649	42.5	6
62730789	189518.LA_2389	42.5	9
62731614	189518.LA_3486	42.5	6
62730656	189518.LA_2231	42.4	25
62732134	189518.LA_4183	42.4	5
62729016	189518.LA_0184	42.2	27
62731720	189518.LA_3624	42.2	15
62730686	189518.LA_2268	42.2	17
62731262	189518.LA_2999	42.1	27
62730909	189518.LA_2537	41.9	25
62730015	189518.LA_1462	41.7	15
62732345	189518.LB_085	41.7	7
62731646	189518.LA_3528	41.7	14
62732154	189518.LA_4207	41.5	13
62728905	189518.LA_0047	41.4	10
62731248	189518.LA_2982	41.4	9
62730606	189518.LA_2173	41.4	15
62731358	189518.LA_3145	41.2	11
62728917	189518.LA_0060	41.1	10
62730945	189518.LA_2582	41.0	11
62732224	189518.LA_4292	41.0	3
62731537	189518.LA_3392	40.8	12
62729971	189518.LA_1410	40.8	13
62728959	189518.LA_0109	40.8	5
62730988	189518.LA_2634	40.6	5
62729956	189518.LA_1389	40.6	11
62728907	189518.LA_0049	40.3	18
62730610	189518.LA_2177	40.2	23
62731200	189518.LA_2923	40.1	14
62730699	189518.LA_2284	39.8	3
62731578	189518.LA_3444	39.7	18
62731134	189518.LA_2830	39.7	12
62732355	189518.LB_096	39.6	11
62729027	189518.LA_0198	39.6	2
62729420	189518.LA_0701	39.4	28
62729737	189518.LA_1097	39.4	13
62730703	189518.LA_2289	39.3	14
62729299	189518.LA_0543	39.3	17
62731306	189518.LA_3071	39.2	10
62729668	189518.LA_1008	39.1	13
62729379	189518.LA_0645	39.1	8
62730889	189518.LA_2510	39.0	32
62730952	189518.LA_2592	39.0	20
62731990	189518.LA_3993	39.0	12
62732061	189518.LA_4093	38.8	7
62730461	189518.LA_2007	38.8	9
62730194	189518.LA_1668	38.6	3
62730695	189518.LA_2279	38.3	6
62729026	189518.LA_0195	38.0	4
62732479	189518.LB_255	37.6	18
62732378	189518.LB_123	37.5	3
62731944	189518.LA_3937	37.5	7
62732441	189518.LB_205	37.4	5
62728978	189518.LA_0130	37.4	9
62729285	189518.LA_0522	37.3	5
62732329	189518.LB_066	37.3	7
62730565	189518.LA_2127	37.2	11
62731618	189518.LA_3492	37.1	10
62728967	189518.LA_0117	37.1	11
62730227	189518.LA_1710	37.0	9
62732290	189518.LB_018	37.0	4
62730866	189518.LA_2477	37.0	5
62729825	189518.LA_1207	37.0	4
62732050	189518.LA_4081	36.8	5
62731749	189518.LA_3661	36.7	9
62731065	189518.LA_2737	36.7	7
62729585	189518.LA_0900	36.5	4
62732212	189518.LA_4277	36.5	15
62730341	189518.LA_1862	36.5	8
62730116	189518.LA_1588	36.3	2
62732175	189518.LA_4231	36.3	14
62732066	189518.LA_4100	36.3	4
62729816	189518.LA_1196	36.2	11
62729048	189518.LA_0223	36.2	9
62728936	189518.LA_0082	35.8	9
62731644	189518.LA_3524	35.7	5
62728915	189518.LA_0057	35.7	8
62730608	189518.LA_2175	35.7	22
62731335	189518.LA_3108	35.7	5
62732191	189518.LA_4251	35.7	9
62729895	189518.LA_1305	35.2	10
62728913	189518.LA_0055	35.0	10
62730214	189518.LA_1692	34.8	8
62731069	189518.LA_2741	34.8	14
62729672	189518.LA_1014	34.8	5
62731503	189518.LA_3345	34.7	6
62730438	189518.LA_1979	34.7	10
62729083	189518.LA_0266	34.4	5
62732517	189518.LB_299	34.2	7
62730609	189518.LA_2176	34.1	7
62731919	189518.LA_3903	34.1	10
62730671	189518.LA_2253	33.8	7
62731089	189518.LA_2772	33.5	16
62728896	189518.LA_0036	33.5	9
62731295	189518.LA_3055	33.4	4
62731700	189518.LA_3602	33.3	3
62730835	189518.LA_2439	33.1	26
62732477	189518.LB_252	33.0	10
62732213	189518.LA_4278	33.0	7
62731350	189518.LA_3128	32.9	10
62730694	189518.LA_2278	32.7	6
62732446	189518.LB_211	32.7	9
62731183	189518.LA_2901	32.6	6
62729736	189518.LA_1096	32.6	12
62730543	189518.LA_2103	32.5	3
62732020	189518.LA_4037	32.5	7
62731591	189518.LA_3462	32.1	18
62731872	189518.LA_3833	32.1	6
62729359	189518.LA_0617	31.6	5
62731257	189518.LA_2994	31.5	5
62730746	189518.LA_2338	31.2	9
62728887	189518.LA_0025	31.2	8
62732291	189518.LB_020	31.1	14
62730534	189518.LA_2094	31.0	11
62729497	189518.LA_0791	30.9	22
62729209	189518.LA_0413	30.7	5
62730531	189518.LA_2091	30.7	6
62730533	189518.LA_2093	30.5	9
62731242	189518.LA_2974	30.5	10
62730132	189518.LA_1604	30.4	18
62730724	189518.LA_2314	30.4	13
62730011	189518.LA_1458	30.4	14
62731038	189518.LA_2701	30.1	16
62732236	189518.LA_4306	30.0	1
62730636	189518.LA_2207	29.9	6
62729561	189518.LA_0866	29.8	15
62730381	189518.LA_1917	29.8	7
62732318	189518.LB_054	29.7	7
62732335	189518.LB_073	29.5	9
62730406	189518.LA_1946	29.4	5
62730959	189518.LA_2600	29.3	7
62731854	189518.LA_3809	29.2	12
62731510	189518.LA_3355	29.1	3
62731507	189518.LA_3352	29.1	2
62729998	189518.LA_1445	29.1	9
62729842	189518.LA_1230	29.0	9
62730496	189518.LA_2051	29.0	13
62732535	189518.LB_322	28.9	22
62731123	189518.LA_2817	28.6	6
62729448	189518.LA_0735	28.5	9
62731568	189518.LA_3432	28.4	10
62731407	189518.LA_3213	28.4	6
62731395	189518.LA_3197	28.2	19
62730546	189518.LA_2106	28.1	12
62730596	189518.LA_2163	28.1	7
62729439	189518.LA_0726	28.1	21
62731029	189518.LA_2688	27.8	7
62732127	189518.LA_4176	27.6	2
62731541	189518.LA_3398	27.5	5
62729994	189518.LA_1440	27.4	14
62732206	189518.LA_4270	27.4	9
62730583	189518.LA_2147	27.3	5
62731398	189518.LA_3200	27.0	9
62729704	189518.LA_1056	27.0	17
62730516	189518.LA_2073	26.9	2
62732090	189518.LA_4130	26.7	5
62729086	189518.LA_0271	26.7	6
62732425	189518.LB_182	26.6	15
62729217	189518.LA_0421	26.6	4
62731913	189518.LA_3894	26.4	12
62731784	189518.LA_3712	26.3	13
62729843	189518.LA_1231	26.3	12
62730177	189518.LA_1650	26.2	8
62732245	189518.LA_4315	26.1	8
62731304	189518.LA_3069	26.0	26
62729727	189518.LA_1086	25.7	5
62732426	189518.LB_183	25.6	3
62731053	189518.LA_2722	25.4	4
62730580	189518.LA_2144	25.4	9
62730077	189518.LA_1536	25.4	7
62730148	189518.LA_1620	25.4	13
62731100	189518.LA_2783a	25.4	1
62730725	189518.LA_2315	25.3	9
62730421	189518.LA_1961	25.1	4
62731622	189518.LA_3499	25.1	5
62729331	189518.LA_0579	25.0	16
62729575	189518.LA_0888	24.9	3
62729223	189518.LA_0429	24.8	3
62728868	189518.LA_0004	24.8	2
62729897	189518.LA_1307	24.7	12
62731076	189518.LA_2753	24.7	6
62731390	189518.LA_3192	24.6	8
62729184	189518.LA_0388	24.6	9
62731821	189518.LA_3762	24.5	2
62730569	189518.LA_2132	24.4	9
62730184	189518.LA_1658	24.4	11
62729170	189518.LA_0374	24.3	16
62728926	189518.LA_0070	24.2	24
62729138	189518.LA_0333	24.2	5
62730878	189518.LA_2496	24.1	5
62729541	189518.LA_0843	24.1	9
62731037	189518.LA_2699	24.1	4
62732177	189518.LA_4233	24.1	1
62732108	189518.LA_4152	24.0	3
62732344	189518.LB_084	24.0	5
62731939	189518.LA_3930	23.9	6
62730427	189518.LA_1966	23.8	17
62731413	189518.LA_3220	23.8	2
62730638	189518.LA_2209	23.7	8
62729341	189518.LA_0592	23.7	2
62731106	189518.LA_2790	23.6	6
62730882	189518.LA_2501	23.6	5
62731896	189518.LA_3871	23.6	19
62732503	189518.LB_283	23.5	4
62732371	189518.LB_116	23.4	12
62729237	189518.LA_0448	23.4	10
62732339	189518.LB_078	23.3	8
62731907	189518.LA_3884	23.3	6
62730946	189518.LA_2584	23.2	9
62731893	189518.LA_3868	23.2	9
62731770	189518.LA_3694	23.2	15
62730974	189518.LA_2616	23.0	14
62732431	189518.LB_192	22.8	3
62731159	189518.LA_2867	22.8	2
62732158	189518.LA_4212	22.8	6
62731989	189518.LA_3991	22.7	3
62732015	189518.LA_4030	22.7	5
62728921	189518.LA_0064	22.6	10
62730337	189518.LA_1858	22.6	3
62732550	189518.LB_341	22.4	3
62730049	189518.LA_1503	22.4	4
62732105	189518.LA_4149	22.3	3
62729501	189518.LA_0795	22.2	5
62730234	189518.LA_1724	22.2	7
62732171	189518.LA_4227	22.1	7
62729081	189518.LA_0264	22.0	3
62729918	189518.LA_1335	22.0	10
62728946	189518.LA_0095	22.0	1
62730984	189518.LA_2629	21.9	5
62732053	189518.LA_4084	21.9	4
62729965	189518.LA_1402	21.7	15
62730253	189518.LA_1745	21.6	26
62729216	189518.LA_0420	21.4	2
62732135	189518.LA_4184	21.4	4
62730774	189518.LA_2373	21.3	7
62731951	189518.LA_3945	21.2	15
62730499	189518.LA_2054	21.1	7
62729103	189518.LA_0293	21.0	14
62729966	189518.LA_1403	21.0	2
62732470	189518.LB_243	21.0	1
62732103	189518.LA_4146	20.9	7
62731105	189518.LA_2789	20.9	5
62731768	189518.LA_3692	20.9	13
62730727	189518.LA_2317	20.8	14
62730206	189518.LA_1683	20.8	14
62730604	189518.LA_2171	20.8	6
62729993	189518.LA_1439	20.5	3
62730923	189518.LA_2552	20.5	6
62729831	189518.LA_1214	20.5	11
62730071	189518.LA_1528	20.4	10
62731995	189518.LA_3999	20.4	7
62732249	189518.LA_4321	20.4	2
62729361	189518.LA_0620	20.4	9
62732295	189518.LB_025	20.4	9
62731934	189518.LA_3924	20.2	6
62730166	189518.LA_1639	20.2	15
62730637	189518.LA_2208	20.1	10
62731303	189518.LA_3068	20.0	4
62729539	189518.LA_0841	20.0	9
62731086	189518.LA_2767	20.0	3
62731736	189518.LA_3641	20.0	6
62731265	189518.LA_3004	20.0	5
62730500	189518.LA_2055	19.9	5
62729310	189518.LA_0557	19.8	13
62729927	189518.LA_1348	19.8	10
62730673	189518.LA_2255	19.8	7
62729682	189518.LA_1024	19.7	9
62730779	189518.LA_2378	19.7	2
62730434	189518.LA_1974	19.7	5
62731417	189518.LA_3231	19.6	2
62731302	189518.LA_3067	19.6	42
62730874	189518.LA_2490	19.5	8
62731294	189518.LA_3054	19.4	6
62729905	189518.LA_1321	19.3	6
62729759	189518.LA_1125	19.3	5
62731708	189518.LA_3611	19.3	5
62729141	189518.LA_0337	19.2	2
62730563	189518.LA_2124	19.2	14
62731986	189518.LA_3987	19.1	1
62730083	189518.LA_1543	19.0	14
62731604	189518.LA_3476	19.0	8
62730147	189518.LA_1619	19.0	12
62731981	189518.LA_3980	18.9	5
62731135	189518.LA_2831	18.9	9
62730900	189518.LA_2527	18.8	4
62729962	189518.LA_1397	18.7	13
62731643	189518.LA_3523	18.6	4
62731599	189518.LA_3472	18.6	5
62731941	189518.LA_3934	18.5	2
62730102	189518.LA_1569	18.5	9
62728935	189518.LA_0080	18.4	3
62730665	189518.LA_2246	18.3	8
62731726	189518.LA_3630	18.3	10
62730804	189518.LA_2407	18.2	3
62731603	189518.LA_3475	18.2	8
62732484	189518.LB_263	18.1	3
62732129	189518.LA_4178	18.0	8
62732497	189518.LB_277	17.9	3
62732131	189518.LA_4180	17.9	6
62729427	189518.LA_0710	17.9	4
62729290	189518.LA_0532	17.8	4
62731539	189518.LA_3396	17.7	4
62730871	189518.LA_2486	17.7	4
62729419	189518.LA_0700	17.6	7
62732338	189518.LB_077	17.5	2
62732072	189518.LA_4108	17.4	4
62732458	189518.LB_225	17.4	2
62732077	189518.LA_4114	17.4	6
62729082	189518.LA_0265	17.3	8
62732540	189518.LB_329	17.2	5
62729250	189518.LA_0464	17.2	3
62732320	189518.LB_056	17.2	3
62729036	189518.LA_0210	17.2	2
62731950	189518.LA_3944	17.1	2
62729322	189518.LA_0569	17.1	11
62731268	189518.LA_3012	17.1	7
62731061	189518.LA_2731	17.0	2
62731915	189518.LA_3897	17.0	5
62729188	189518.LA_0392	16.7	5
62730685	189518.LA_2267	16.7	10
62731899	189518.LA_3873	16.6	3
62731204	189518.LA_2929	16.6	6
62730429	189518.LA_1968	16.6	10
62730743	189518.LA_2335	16.5	4
62731980	189518.LA_3978	16.5	2
62731888	189518.LA_3858	16.5	8
62732079	189518.LA_4117	16.4	8
62730741	189518.LA_2331	16.4	4
62729582	189518.LA_0895	16.2	1
62730971	189518.LA_2612	16.2	5
62731852	189518.LA_3806	16.1	2
62731855	189518.LA_3811	16.1	3
62732230	189518.LA_4298	16.1	2
62728879	189518.LA_0016	16.1	1
62732369	189518.LB_113	16.1	4
62728989	189518.LA_0142	16.0	1
62731291	189518.LA_3051	16.0	4
62731244	189518.LA_2976	16.0	5
62730403	189518.LA_1942	16.0	1
62731902	189518.LA_3877	16.0	3
62730931	189518.LA_2562	15.9	2
62731949	189518.LA_3943	15.9	2
62730728	189518.LA_2318	15.8	14
62729014	189518.LA_0180	15.7	8
62729422	189518.LA_0703	15.6	12
62732160	189518.LA_4214	15.6	4
62730798	189518.LA_2401	15.6	9
62729281	189518.LA_0517	15.5	1
62732387	189518.LB_136	15.5	2
62730480	189518.LA_2030	15.5	3
62732172	189518.LA_4228	15.4	3
62730769	189518.LA_2368	15.4	5
62730820	189518.LA_2424	15.4	2
62730677	189518.LA_2259	15.4	1
62732282	189518.LB_010	15.3	5
62730398	189518.LA_1936	15.3	9
62730707	189518.LA_2293	15.3	1
62729309	189518.LA_0556	15.2	4
62730591	189518.LA_2155	15.1	1
62730747	189518.LA_2339	15.1	2
62731834	189518.LA_3781	15.1	2
62730174	189518.LA_1647	14.8	5
62730585	189518.LA_2150	14.8	3
62731192	189518.LA_2915	14.8	3
62730719	189518.LA_2307	14.7	10
62730912	189518.LA_2540	14.7	4
62731143	189518.LA_2844	14.7	1
62731464	189518.LA_3294	14.6	4
62731411	189518.LA_3217	14.6	3
62731346	189518.LA_3120	14.5	7
62729800	189518.LA_1178	14.5	1
62730892	189518.LA_2513	14.3	16
62731247	189518.LA_2980	14.2	5
62729670	189518.LA_1010	14.2	5
62728878	189518.LA_0014	14.2	5
62732288	189518.LB_016	14.1	4
62728895	189518.LA_0035	14.1	8
62730003	189518.LA_1450	14.1	4
62730054	189518.LA_1510	14.0	8
62731546	189518.LA_3403	14.0	2
62730033	189518.LA_1484	14.0	1
62729221	189518.LA_0427	13.9	3
62732474	189518.LB_248	13.8	7
62731071	189518.LA_2746	13.7	9
62730353	189518.LA_1875	13.7	9
62730149	189518.LA_1621	13.7	2
62732243	189518.LA_4314	13.6	2
62732161	189518.LA_4215	13.6	4
62731349	189518.LA_3127	13.6	1
62729102	189518.LA_0292	13.4	5
62729638	189518.LA_0970	13.3	3
62729656	189518.LA_0996	13.3	2
62731762	189518.LA_3680	13.2	1
62730004	189518.LA_1451	13.2	1
62729987	189518.LA_1432	13.1	1
62731945	189518.LA_3938	13.1	12
62729619	189518.LA_0945	13.1	3
62732430	189518.LB_191	13.1	8
62730831	189518.LA_2435	13.0	12
62729171	189518.LA_0375	12.9	3
62730666	189518.LA_2248	12.8	1
62732046	189518.LA_4076	12.8	2
62731883	189518.LA_3853	12.8	5
62730867	189518.LA_2478	12.8	2
62730980	189518.LA_2625	12.7	11
62731206	189518.LA_2931	12.7	3
62731641	189518.LA_3521	12.7	5
62729231	189518.LA_0441	12.6	9
62730690	189518.LA_2274	12.6	4
62730551	189518.LA_2112	12.5	1
62730749	189518.LA_2342	12.4	1
62731317	189518.LA_3085	12.4	5
62729841	189518.LA_1228	12.1	2
62732373	189518.LB_118	12.1	9
62730781	189518.LA_2380	12.1	1
62732439	189518.LB_203	12.0	6
62730086	189518.LA_1548	12.0	5
62731013	189518.LA_2667	11.9	3
62730970	189518.LA_2611	11.9	2
62732347	189518.LB_087	11.9	2
62730250	189518.LA_1741	11.8	3
62731375	189518.LA_3168	11.8	1
62729726	189518.LA_1085	11.8	8
62729878	189518.LA_1280	11.7	7
62731099	189518.LA_2783	11.7	2
62729574	189518.LA_0887	11.6	1
62729381	189518.LA_0647	11.6	2
62729691	189518.LA_1039	11.5	2
62731505	189518.LA_3350	11.5	6
62729506	189518.LA_0802	11.4	2
62730625	189518.LA_2193	11.4	7
62731732	189518.LA_3637	11.4	1
62730578	189518.LA_2142	11.3	6
62731376	189518.LA_3170	11.2	7
62731246	189518.LA_2978	11.2	2
62728943	189518.LA_0092	11.2	2
62732310	189518.LB_044	11.2	3
62732382	189518.LB_127	11.2	2
62730510	189518.LA_2065	11.2	1
62731075	189518.LA_2751a	11.2	2
62731912	189518.LA_3893	11.1	4
62729884	189518.LA_1289	11.1	1
62732445	189518.LB_210	11.1	13
62730853	189518.LA_2462	11.1	3
62731315	189518.LA_3083	11.1	4
62732438	189518.LB_202	11.0	2
62730212	189518.LA_1690	10.9	3
62729514	189518.LA_0811	10.9	4
62729657	189518.LA_0997	10.9	3
62729275	189518.LA_0506	10.8	2
62729114	189518.LA_0306	10.8	3
62731920	189518.LA_3905	10.8	3
62728867	189518.LA_0003	10.8	4
62731580	189518.LA_3448	10.8	2
62730044	189518.LA_1496	10.8	2
62729438	189518.LA_0723	10.7	2
62732300	189518.LB_031	10.6	1
62730446	189518.LA_1987	10.6	2
62732505	189518.LB_286	10.6	4
62732321	189518.LB_057	10.6	6
62730183	189518.LA_1657	10.5	3
62731404	189518.LA_3207	10.5	7
62729801	189518.LA_1179	10.5	4
62730661	189518.LA_2240	10.5	3
62732406	189518.LB_157	10.5	2
62730966	189518.LA_2607	10.5	6
62732204	189518.LA_4267	10.4	4
62731504	189518.LA_3349	10.4	1
62730430	189518.LA_1970	10.4	7
62732366	189518.LB_110	10.3	3
62731232	189518.LA_2963	10.3	1
62731515	189518.LA_3360	10.3	3
62730801	189518.LA_2404	10.3	4
62731631	189518.LA_3508	10.3	1
62731336	189518.LA_3109	10.2	7
62729553	189518.LA_0855	10.1	2
62729256	189518.LA_0474	10.1	4
62729655	189518.LA_0995	9.99	3
62731478	189518.LA_3314	9.95	3
62729056	189518.LA_0232	9.94	3
62732034	189518.LA_4059	9.88	2
62728960	189518.LA_0110	9.84	7
62732424	189518.LB_181	9.79	4
62729633	189518.LA_0964	9.77	4
62731348	189518.LA_3126	9.75	3
62729669	189518.LA_1009	9.72	4
62729880	189518.LA_1283	9.71	2
62731229	189518.LA_2957	9.54	2
62731285	189518.LA_3041	9.54	5
62729756	189518.LA_1123	9.53	3
62732392	189518.LB_142	9.47	2
62730249	189518.LA_1740	9.42	3
62732388	189518.LB_137	9.38	2
62729717	189518.LA_1070	9.33	3
62731050	189518.LA_2718	9.32	4
62730613	189518.LA_2180	9.32	2
62731041	189518.LA_2704	9.31	3
62730676	189518.LA_2258	9.28	2
62731689	189518.LA_3582	9.21	3
62730530	189518.LA_2090	9.19	2
62730639	189518.LA_2211	9.19	6
62731824	189518.LA_3765	9.15	4
62730208	189518.LA_1685	9.15	2
62730085	189518.LA_1547	9.14	2
62731264	189518.LA_3003	9.07	2
62731011	189518.LA_2665	9.06	3
62728981	189518.LA_0133	9.04	4
62730113	189518.LA_1585	9.04	3
62731225	189518.LA_2953	9.03	1
62732516	189518.LB_298	8.97	4
62732453	189518.LB_220	8.95	5
62729040	189518.LA_0214	8.75	1
62729007	189518.LA_0169	8.75	2
62730846	189518.LA_2454	8.73	1
62732218	189518.LA_4286	8.73	2
62729107	189518.LA_0298	8.72	2
62732419	189518.LB_172	8.72	2
62731838	189518.LA_3789	8.69	2
62730704	189518.LA_2290	8.63	10
62732403	189518.LB_154	8.63	4
62731534	189518.LA_3388	8.62	6
62729881	189518.LA_1284	8.61	2
62731773	189518.LA_3697	8.55	5
62729845	189518.LA_1234	8.55	4
62729629	189518.LA_0958	8.52	5
62729923	189518.LA_1340	8.5	1
62730340	189518.LA_1861	8.44	3
62729806	189518.LA_1184	8.43	5
62731833	189518.LA_3780	8.31	1
62730742	189518.LA_2332	8.27	2
62729320	189518.LA_0566	8.27	4
62731167	189518.LA_2877	8.24	3
62732562	189518.LB_358	8.22	2
62729242	189518.LA_0455	8.21	2
62730405	189518.LA_1945	8.15	1
62731809	189518.LA_3742	8.15	1
62731338	189518.LA_3111	8.13	3
62731267	189518.LA_3011	8.13	7
62732410	189518.LB_161	8.06	2
62730494	189518.LA_2049	8.01	1
62729029	189518.LA_0202	8.0	1
62729784	189518.LA_1157	7.91	1
62729321	189518.LA_0568	7.85	4
62729195	189518.LA_0399	7.83	3
62731701	189518.LA_3603	7.7	4
62730705	189518.LA_2291	7.69	2
62731906	189518.LA_3883	7.61	1
62729720	189518.LA_1073	7.61	1
62730647	189518.LA_2221	7.6	3
62731032	189518.LA_2691	7.52	2
62729613	189518.LA_0939	7.4	5
62729253	189518.LA_0467	7.38	2
62732010	189518.LA_4022	7.35	1
62731483	189518.LA_3320	7.35	4
62729560	189518.LA_0865	7.35	1
62730947	189518.LA_2587	7.35	1
62731245	189518.LA_2977	7.27	3
62731051	189518.LA_2719	7.25	4
62732467	189518.LB_240	7.24	2
62729652	189518.LA_0992	7.23	2
62731108	189518.LA_2793	7.13	2
62731992	189518.LA_3996	7.12	5
62729063	189518.LA_0241	7.09	3
62729721	189518.LA_1074	7.03	2
62729813	189518.LA_1192	7.02	3
62732043	189518.LA_4070	7.01	2
62731887	189518.LA_3857	6.99	1
62730441	189518.LA_1982	6.97	3
62729052	189518.LA_0227	6.88	2
62731621	189518.LA_3498	6.85	2
62730932	189518.LA_2563	6.85	3
62732228	189518.LA_4296	6.82	4
62732037	189518.LA_4064	6.81	1
62730335	189518.LA_1855	6.75	2
62730599	189518.LA_2166	6.75	4
62730847	189518.LA_2456	6.74	2
62732081	189518.LA_4120	6.73	2
62731719	189518.LA_3623	6.73	2
62729996	189518.LA_1443	6.66	1
62731082	189518.LA_2761	6.64	4
62731307	189518.LA_3072	6.64	5
62729431	189518.LA_0714	6.61	2
62732499	189518.LB_279	6.59	4
62730855	189518.LA_2464	6.56	3
62730498	189518.LA_2053	6.56	1
62731750	189518.LA_3662	6.56	5
62731154	189518.LA_2860	6.52	3
62730975	189518.LA_2617	6.5	2
62730758	189518.LA_2353	6.43	2
62730302	189518.LA_1812	6.43	1
62730256	189518.LA_1748	6.43	1
62731000	189518.LA_2651	6.43	1
62731020	189518.LA_2679	6.43	1
62732273	189518.LA_4353	6.43	1
62731490	189518.LA_3328	6.43	1
62729435	189518.LA_0718	6.41	1
62729392	189518.LA_0662	6.39	2
62731790	189518.LA_3720	6.36	1
62731157	189518.LA_2865	6.36	2
62731880	189518.LA_3848	6.33	1
62731045	189518.LA_2711	6.25	4
62732443	189518.LB_208	6.2	3
62731447	189518.LA_3274	6.14	1
62732083	189518.LA_4122	6.11	1
62730092	189518.LA_1555	6.08	2
62730911	189518.LA_2539	6.06	4
62729108	189518.LA_0299	6.04	2
62728955	189518.LA_0105	6.04	1
62732196	189518.LA_4256	6.02	2
62729913	189518.LA_1330	6.02	1
62729653	189518.LA_0993	6.01	3
62732039	189518.LA_4066	5.97	1
62730764	189518.LA_2361	5.96	1
62732128	189518.LA_4177	5.95	1
62729846	189518.LA_1235	5.9	1
62731036	189518.LA_2698	5.89	2
62731320	189518.LA_3092	5.88	1
62730423	189518.LA_1963	5.85	2
62729295	189518.LA_0537	5.85	2
62730693	189518.LA_2277	5.83	1
62729624	189518.LA_0951	5.77	1
62732084	189518.LA_4123	5.77	1
62731972	189518.LA_3970	5.75	1
62729492	189518.LA_0786	5.73	2
62730168	189518.LA_1641	5.72	3
62731761	189518.LA_3679	5.7	1
62731804	189518.LA_3737	5.69	2
62732092	189518.LA_4133	5.69	1
62732202	189518.LA_4264	5.68	5
62731826	189518.LA_3769	5.67	1
62730473	189518.LA_2022	5.65	1
62732498	189518.LB_278	5.65	1
62728877	189518.LA_0013	5.64	1
62730517	189518.LA_2074	5.62	1
62732268	189518.LA_4345	5.59	1
62729573	189518.LA_0886	5.46	2
62729246	189518.LA_0460	5.46	1
62731545	189518.LA_3402	5.44	1
62731343	189518.LA_3117	5.38	1
62732233	189518.LA_4301	5.35	1
62730995	189518.LA_2643	5.32	2
62730457	189518.LA_2003	5.29	2
62732070	189518.LA_4106	5.27	2
62729212	189518.LA_0416	5.27	1
62731044	189518.LA_2709	5.26	2
62729639	189518.LA_0971	5.25	2
62731587	189518.LA_3456	5.23	2
62731570	189518.LA_3434	5.22	1
62730483	189518.LA_2034	5.2	1
62731987	189518.LA_3988	5.17	2
62730179	189518.LA_1653	5.15	2
62731482	189518.LA_3319	5.09	1
62731572	189518.LA_3436	5.07	1
62732360	189518.LB_104	5.07	1
62730720	189518.LA_2308	5.04	1
62730906	189518.LA_2533	5.0	2
62729944	189518.LA_1369	4.98	1
62731148	189518.LA_2849	4.86	1
62729942	189518.LA_1366	4.8	3
62728899	189518.LA_0040	4.74	2
62732405	189518.LB_156	4.68	1
62729127	189518.LA_0319	4.67	1
62728947	189518.LA_0097	4.67	1
62729372	189518.LA_0637	4.61	2
62731115	189518.LA_2805	4.6	7
62732186	189518.LA_4245	4.6	2
62729304	189518.LA_0549	4.57	1
62732116	189518.LA_4160	4.55	2
62730501	189518.LA_2056	4.5	1
62732168	189518.LA_4224	4.5	2
62731362	189518.LA_3149	4.48	2
62730999	189518.LA_2649	4.46	2
62731765	189518.LA_3685	4.42	2
62729338	189518.LA_0589	4.39	2
62730022	189518.LA_1470	4.36	1
62731008	189518.LA_2662	4.35	3
62729057	189518.LA_0233	4.31	2
62730440	189518.LA_1981	4.3	3
62732464	189518.LB_235	4.29	2
62729134	189518.LA_0327	4.26	1
62728961	189518.LA_0111	4.25	2
62732132	189518.LA_4181	4.24	1
62730437	189518.LA_1978	4.22	2
62730127	189518.LA_1599	4.15	2
62730675	189518.LA_2257	4.14	1
62731910	189518.LA_3890	4.1	1
62729783	189518.LA_1156	4.08	1
62730490	189518.LA_2045	4.07	1
62729693	189518.LA_1043	4.07	1
62729293	189518.LA_0535	4.06	1
62732361	189518.LB_105	4.06	1
62730028	189518.LA_1478	4.04	1
62730056	189518.LA_1512	3.95	1
62729591	189518.LA_0910	3.9	1
62729600	189518.LA_0920	3.86	2
62729272	189518.LA_0503	3.82	1
62728948	189518.LA_0098	3.8	2
62729893	189518.LA_1303	3.8	2
62730373	189518.LA_1905	3.78	1
62731663	189518.LA_3547	3.77	1
62732281	189518.LB_007	3.74	1
62731840	189518.LA_3793	3.68	1
62732201	189518.LA_4263	3.6	1
62729494	189518.LA_0788	3.59	1
62731931	189518.LA_3921	3.53	3
62728992	189518.LA_0145	3.53	2
62729572	189518.LA_0885	3.48	1
62731329	189518.LA_3100	3.46	1
62730851	189518.LA_2460	3.43	1
62729294	189518.LA_0536	3.43	1
62729181	189518.LA_0385	3.43	1
62730252	189518.LA_1744	3.42	1
62731607	189518.LA_3479	3.42	1
62729565	189518.LA_0875	3.39	1
62728925	189518.LA_0068	3.38	1
62730561	189518.LA_2122	3.35	1
62729220	189518.LA_0426	3.34	1
62731616	189518.LA_3490	3.33	2
62731130	189518.LA_2826	3.3	1
62729636	189518.LA_0967	3.29	2
62730760	189518.LA_2355	3.29	1
62730915	189518.LA_2544	3.28	1
62730542	189518.LA_2102	3.23	2
62732086	189518.LA_4126	3.21	2
62730845	189518.LA_2453	3.21	1
62732002	189518.LA_4009	3.2	1
62731181	189518.LA_2899	3.17	1
62730189	189518.LA_1663	3.16	1
62730190	189518.LA_1664	3.15	1
62731525	189518.LA_3371	3.14	1
62728888	189518.LA_0027	3.11	2
62730213	189518.LA_1691	3.09	1
62731164	189518.LA_2873	3.08	1
62731149	189518.LA_2850	3.05	1
62729821	189518.LA_1203	3.04	1
62730426	189518.LA_1965	3.02	1
62728953	189518.LA_0103	3.0	1
62730466	189518.LA_2012	2.99	1
62730126	189518.LA_1598	2.99	1
62729046	189518.LA_0221	2.95	1
62729641	189518.LA_0975	2.95	1
62729051	189518.LA_0226	2.93	1
62729607	189518.LA_0932	2.92	1
62730493	189518.LA_2048	2.9	1
62731935	189518.LA_3926	2.87	2
62730082	189518.LA_1542	2.79	2
62731214	189518.LA_2942	2.77	3
62731624	189518.LA_3501	2.74	1
62730888	189518.LA_2509	2.68	1
62732208	189518.LA_4273	2.64	1
62731917	189518.LA_3899	2.63	1
62728997	189518.LA_0150	2.47	1
62730795	189518.LA_2398	2.45	2
62731125	189518.LA_2820	2.42	1
62730454	189518.LA_1998	2.41	1
62731180	189518.LA_2896	2.4	1
62732349	189518.LB_089	2.38	1
62732205	189518.LA_4269	2.35	1
62732286	189518.LB_014	2.32	1
62729257	189518.LA_0477	2.3	1
62729817	189518.LA_1197	2.27	1
62729061	189518.LA_0238	2.25	1
62732176	189518.LA_4232	2.22	1
62729952	189518.LA_1383	2.21	1
62732260	189518.LA_4335	2.19	1
62730937	189518.LA_2574	2.13	1
62731664	189518.LA_3551	2.03	1
62731048	189518.LA_2715	2.02	1
62731998	189518.LA_4004	2.02	1
62729646	189518.LA_0984	1.97	2
62729571	189518.LA_0884	1.94	1
62730167	189518.LA_1640	1.93	1
62731290	189518.LA_3050	1.87	1
62729609	189518.LA_0935	1.82	1
62730233	189518.LA_1721	1.71	1
62731049	189518.LA_2717	1.69	1
62730913	189518.LA_2541	1.69	2
62730621	189518.LA_2189	1.6	1
62732457	189518.LB_224	1.6	1
62732554	189518.LB_346	1.6	1
62731828	189518.LA_3774	1.6	1
62729728	189518.LA_1087	1.56	1
62730538	189518.LA_2098	1.55	1
62731202	189518.LA_2926	1.55	1
62729534	189518.LA_0835	1.54	2
62732026	189518.LA_4046	1.52	1
62730196	189518.LA_1671	1.51	1
62731109	189518.LA_2796	1.49	1
62730089	189518.LA_1552	1.49	1
62731249	189518.LA_2983	1.44	1
62732179	189518.LA_4236	1.42	1
62731452	189518.LA_3282	1.37	1
62731430	189518.LA_3249	1.16	1
62731485	189518.LA_3322	1.11	1
62731136	189518.LA_2832	1.09	1
62730073	189518.LA_1530	0.956	2
62732190	189518.LA_4249	0.927	1
62729925	189518.LA_1345	0.864	1
62731487	189518.LA_3324	0.62	2
62731513	189518.LA_3357	0.551	1
62731484	189518.LA_3321	0.424	2
62732087	189518.LA_4127	0.4	1
62730841	189518.LA_2447	0.399	1
