#id: 1641437970
#name: Shigella flexneri - Whole organism, SC (Pride,prd000545,2011)
#score: 8.2
#description: abundance based on Spectral counting, Interaction consistency score: 8.2, Coverage: 39
#organ: WHOLE_ORGANISM
#integrated: false
#coverage: 39
#link: http://www.ebi.ac.uk/pride/
#publication_year: 2011
#filename: 198214-ShigellaFlexneri_2a_PRIDE.txt
#
#internal_id	string_external_id	abundance	raw_spectral_count
10717455	198214.SF4059	38913	4757
10715249	198214.SF1706	31575	3207
10717682	198214.SF4297	21666	11571
10713790	198214.SF0160	20856	6970
10714505	198214.SF0907	17281	9603
10714261	198214.SF0657	13844	1233
10716176	198214.SF2719	13780	429
10715009	198214.SF1444	13381	4151
10714005	198214.SF0381	12647	6231
10714818	198214.SF1237	12313	1351
10713648	198214.SF0014	11989	8196
10714685	198214.SF1098	11935	661
10717681	198214.SF4296	11748	1406
10717007	198214.SF3589	11203	1102
10714971	198214.SF1403	11090	1226
10715943	198214.SF2470	10437	733
10716707	198214.SF3276	10266	2544
10714138	198214.SF0524	9979	2194
10713970	198214.SF0344	9072	517
10716787	198214.SF3357	8904	9496
10717449	198214.SF4053	8904	9496
10716788	198214.SF3358	8619	6591
10716247	198214.SF2794	8476	3097
10716358	198214.SF2911	8308	3444
10714903	198214.SF1330	7250	1410
10717468	198214.SF4072	7125	774
10716103	198214.SF2641	6637	909
10717223	198214.SF3816	6439	1272
10716950	198214.SF3526	6378	862
10717632	198214.SF4247	6326	611
10713745	198214.SF0113	6203	3232
10714740	198214.SF1155	6000	2242
10717103	198214.SF3689	5936	454
10715469	198214.SF1951	5722	610
10717454	198214.SF4058	5428	912
10717398	198214.SF3997	5338	791
10716757	198214.SF3327	5238	2167
10716768	198214.SF3338	5213	759
10715945	198214.SF2472	4935	740
10715942	198214.SF2469	4933	1768
10716030	198214.SF2564	4622	708
10714367	198214.SF0765	4513	657
10716133	198214.SF2673	4478	624
10717738	198214.SF4354	4417	627
10713792	198214.SF0162	4239	442
10714161	198214.SF0549	4210	1231
10716797	198214.SF3367	4138	456
10714009	198214.SF0385	4048	322
10716061	198214.SF2598	3906	1383
10714871	198214.SF1293	3887	956
10717221	198214.SF3814	3709	2099
10713496	198214.CP0129	3690	861
10714496	198214.SF0898	3690	2997
10716795	198214.SF3365	3667	965
10717649	198214.SF4264	3665	565
10717678	198214.SF4293	3620	1421
10713768	198214.SF0137	3552	622
10713744	198214.SF0112	3502	2472
10716357	198214.SF2910	3344	1047
10713743	198214.SF0111	3296	2980
10714078	198214.SF0456	3154	372
10715852	198214.SF2373	3081	2140
10717222	198214.SF3815	3033	420
10713643	198214.SF0009	3025	1253
10717258	198214.SF3854	2987	506
10714554	198214.SF0957	2914	1365
10717219	198214.SF3812	2905	1756
10717420	198214.SF4020	2892	2155
10717451	198214.SF4055	2882	513
10717062	198214.SF3648	2870	308
10717740	198214.SF4356	2851	571
10715229	198214.SF1684	2850	641
10714684	198214.SF1097	2806	667
10714168	198214.SF0556	2787	717
10714140	198214.SF0526	2750	495
10716639	198214.SF3205	2729	1885
10714042	198214.SF0419	2708	663
10714041	198214.SF0418	2695	2054
10713494	198214.CP0127	2650	1264
10713786	198214.SF0156	2649	766
10715248	198214.SF1705	2606	1376
10716371	198214.SF2925	2585	1353
10713495	198214.CP0128	2515	1357
10714979	198214.SF1411	2497	939
10716644	198214.SF3210	2447	1338
10717406	198214.SF4006	2447	183
10714522	198214.SF0925	2376	1022
10714182	198214.SF0570	2374	856
10716009	198214.SF2542	2310	510
10715227	198214.SF1682	2306	264
10713989	198214.SF0363	2300	492
10713784	198214.SF0153	2273	870
10716119	198214.SF2657	2272	308
10715722	198214.SF2235	2248	906
10716400	198214.SF2954	2239	967
10717063	198214.SF3649	2220	130
10717386	198214.SF3985	2213	368
10716654	198214.SF3221	2173	359
10713978	198214.SF0352	2129	315
10715944	198214.SF2471	2123	1388
10713746	198214.SF0115	2104	2411
10716765	198214.SF3335	2096	479
10716340	198214.SF2891	2089	628
10714037	198214.SF0414	2063	411
10715384	198214.SF1860	2012	343
10714181	198214.SF0569	1981	927
10717342	198214.SF3940	1971	1025
10717798	198214.SF4416	1905	681
10715851	198214.SF2372	1900	879
10715596	198214.SF2091	1830	976
10716006	198214.SF2539	1796	143
10716883	198214.SF3456	1748	515
10716041	198214.SF2576	1729	275
10717688	198214.SF4303	1725	198
10713782	198214.SF0151	1724	533
10716063	198214.SF2600	1720	220
10714453	198214.SF0852	1712	867
10716339	198214.SF2890	1706	44
10716865	198214.SF3437	1691	244
10716700	198214.SF3269	1691	485
10713504	198214.CP0137	1674	133
10713515	198214.CP0148	1639	185
10713818	198214.SF0188	1603	549
10714840	198214.SF1259	1603	356
10716405	198214.SF2959	1584	202
10713493	198214.CP0126	1582	611
10714180	198214.SF0568	1568	496
10713684	198214.SF0050	1568	548
10717311	198214.SF3909	1564	285
10715606	198214.SF2101	1526	329
10717158	198214.SF3747	1509	192
10715072	198214.SF1515	1494	68
10714787	198214.SF1206	1485	655
10715084	198214.SF1528	1479	942
10714683	198214.SF1096	1458	322
10716037	198214.SF2572	1440	153
10715992	198214.SF2523	1425	245
10713798	198214.SF0168	1421	265
10714448	198214.SF0847	1420	374
10717643	198214.SF4258	1402	451
10713779	198214.SF0148	1400	176
10717507	198214.SF4115	1400	114
10715399	198214.SF1876	1393	987
10714524	198214.SF0927	1387	628
10716500	198214.SF3055	1386	514
10716117	198214.SF2655	1383	1380
10717409	198214.SF4009	1380	726
10714254	198214.SF0650	1372	154
10717407	198214.SF4007	1369	191
10713501	198214.CP0134	1357	162
10715476	198214.SF1958	1351	126
10715854	198214.SF2375	1345	149
10714186	198214.SF0574	1343	814
10716756	198214.SF3326	1318	93
10717797	198214.SF4415	1290	650
10716812	198214.SF3382	1282	256
10715216	198214.SF1668	1277	135
10716767	198214.SF3337	1247	254
10714364	198214.SF0762	1240	433
10715783	198214.SF2299	1232	564
10714176	198214.SF0564	1231	512
10715109	198214.SF1554	1229	116
10715563	198214.SF2054	1212	269
10715849	198214.SF2370	1200	251
10716659	198214.SF3226	1185	130
10716724	198214.SF3293	1183	199
10714821	198214.SF1240	1171	1070
10715878	198214.SF2399	1151	286
10717343	198214.SF3941	1146	533
10716850	198214.SF3422	1143	605
10716748	198214.SF3318	1142	200
10716019	198214.SF2553	1127	653
10716348	198214.SF2899	1125	165
10716952	198214.SF3529	1119	781
10713754	198214.SF0123	1118	268
10717331	198214.SF3929	1111	93
10716171	198214.SF2714	1108	231
10716625	198214.SF3191	1096	249
10716642	198214.SF3208	1094	123
10717813	198214.SF4433	1094	204
10717795	198214.SF4413	1072	327
10713547	198214.CP0181	1071	558
10716327	198214.SF2876	1070	668
10715989	198214.SF2520	1067	395
10716681	198214.SF3249	1055	226
10714987	198214.SF1419	1052	74
10717283	198214.SF3880	1052	146
10716020	198214.SF2554	1051	465
10716248	198214.SF2795	1044	607
10716036	198214.SF2571	1037	91
10717090	198214.SF3676	1032	39
10715739	198214.SF2254	1014	342
10717716	198214.SF4332	1012	470
10715281	198214.SF1743	1010	86
10716338	198214.SF2889	1004	862
10714587	198214.SF0991	1001	200
10714031	198214.SF0408	997	392
10715757	198214.SF2272	994	67
10715990	198214.SF2521	989	269
10714825	198214.SF1244	973	474
10717456	198214.SF4060	973	1287
10713491	198214.CP0124	973	82
10715111	198214.SF1556	962	206
10715802	198214.SF2321	957	437
10717073	198214.SF3659	956	434
10717333	198214.SF3931	955	228
10714189	198214.SF0577	950	449
10713376	198214.CP0004	946	210
10713913	198214.SF0286	944	92
10715691	198214.SF2200	940	74
10715935	198214.SF2462	937	504
10713797	198214.SF0167	930	881
10715046	198214.SF1487	927	65
10714734	198214.SF1149	922	310
10714215	198214.SF0609	922	180
10715864	198214.SF2385	916	278
10716520	198214.SF3075	916	506
10717534	198214.SF4145	909	152
10713801	198214.SF0171	908	122
10714500	198214.SF0902	902	411
10715355	198214.SF1824	899	176
10714183	198214.SF0571	895	814
10716704	198214.SF3273	892	177
10714510	198214.SF0913	891	55
10714803	198214.SF1222	890	108
10717620	198214.SF4234	887	17
10717568	198214.SF4180	886	595
10716373	198214.SF2927	880	208
10717245	198214.SF3840	879	113
10714978	198214.SF1410	875	96
10714936	198214.SF1365	874	331
10717453	198214.SF4057	873	258
10714219	198214.SF0613	867	501
10714693	198214.SF1107	865	119
10715975	198214.SF2505	849	708
10717019	198214.SF3602	844	650
10715008	198214.SF1443	843	307
10714746	198214.SF1162	829	211
10716837	198214.SF3408	822	296
10716402	198214.SF2956	811	134
10716772	198214.SF3342	810	90
10714060	198214.SF0437	808	238
10717216	198214.SF3809	806	504
10714854	198214.SF1275	799	53
10715074	198214.SF1518	790	652
10716579	198214.SF3141	790	75
10716776	198214.SF3346	786	189
10714817	198214.SF1236	780	225
10717097	198214.SF3683	780	188
10713805	198214.SF0175	778	295
10713900	198214.SF0272	774	116
10713762	198214.SF0131	771	137
10716177	198214.SF2720	771	807
10716774	198214.SF3344	771	56
10716024	198214.SF2558	767	272
10714243	198214.SF0639	766	694
10713556	198214.CP0190	762	159
10714185	198214.SF0573	762	263
10716631	198214.SF3197	762	101
10716391	198214.SF2945	762	57
10715950	198214.SF2479	758	289
10714711	198214.SF1125	755	225
10715875	198214.SF2396	747	341
10717696	198214.SF4311	742	158
10715793	198214.SF2311	741	581
10714418	198214.SF0817	737	165
10716045	198214.SF2580	734	234
10717064	198214.SF3650	734	126
10714006	198214.SF0382	732	138
10714079	198214.SF0457	730	323
10714010	198214.SF0386	726	435
10714335	198214.SF0732	724	172
10716916	198214.SF3490	713	198
10715609	198214.SF2104	709	299
10717065	198214.SF3651	704	408
10716847	198214.SF3419	699	174
10717714	198214.SF4330	696	172
10717224	198214.SF3817	692	40
10717095	198214.SF3681	684	209
10715386	198214.SF1862	681	411
10714682	198214.SF1095	678	230
10716665	198214.SF3232	669	173
10714253	198214.SF0649	667	334
10714175	198214.SF0563	664	74
10714139	198214.SF0525	664	387
10714444	198214.SF0843	658	54
10714216	198214.SF0610	657	145
10716651	198214.SF3218	656	458
10715821	198214.SF2341	652	132
10717392	198214.SF3991	650	82
10716783	198214.SF3353	648	84
10714692	198214.SF1105	647	199
10714743	198214.SF1158	644	86
10715388	198214.SF1864	643	285
10716155	198214.SF2697	641	82
10714337	198214.SF0734	640	27
10717617	198214.SF4231	635	629
10714887	198214.SF1309	632	126
10714686	198214.SF1099	631	233
10717410	198214.SF4010	624	90
10714371	198214.SF0769	619	120
10716040	198214.SF2575	618	68
10713862	198214.SF0232	615	259
10715235	198214.SF1690	612	134
10714799	198214.SF1218	610	180
10717697	198214.SF4312	609	371
10713513	198214.CP0146	599	254
10717457	198214.SF4061	597	746
10713785	198214.SF0155	597	80
10715045	198214.SF1486	595	159
10716551	198214.SF3108	593	181
10715674	198214.SF2179	592	478
10715759	198214.SF2274	591	48
10717252	198214.SF3848	588	293
10716852	198214.SF3424	586	153
10716334	198214.SF2884	576	209
10716043	198214.SF2578	576	97
10714211	198214.SF0605	575	343
10714869	198214.SF1291	574	434
10716880	198214.SF3453	569	247
10716997	198214.SF3579	569	305
10714551	198214.SF0954	567	104
10714735	198214.SF1150	564	191
10715785	198214.SF2301	563	93
10715365	198214.SF1837	562	177
10715186	198214.SF1637	561	375
10715208	198214.SF1660	560	126
10713591	198214.CP0225	560	46
10714426	198214.SF0825	557	186
10716831	198214.SF3402	557	167
10715077	198214.SF1521	555	155
10714227	198214.SF0622	555	215
10713788	198214.SF0158	554	168
10715401	198214.SF1879	554	51
10714504	198214.SF0906	552	105
10714169	198214.SF0557	552	242
10715472	198214.SF1954	550	170
10715217	198214.SF1669	548	86
10714422	198214.SF0821	545	27
10715172	198214.SF1623	544	148
10716114	198214.SF2652	542	213
10717279	198214.SF3875	540	249
10716223	198214.SF2769	531	88
10713920	198214.SF0293	531	270
10714160	198214.SF0548	529	184
10716725	198214.SF3294	523	292
10716954	198214.SF3531	523	245
10713753	198214.SF0122	523	83
10715988	198214.SF2519	515	144
10713979	198214.SF0353	515	56
10713789	198214.SF0159	514	121
10713725	198214.SF0092	513	277
10717093	198214.SF3679	513	75
10714159	198214.SF0547	513	116
10716833	198214.SF3404	512	97
10715023	198214.SF1459	512	205
10717071	198214.SF3657	511	213
10714197	198214.SF0587	509	133
10716288	198214.SF2837	506	112
10716044	198214.SF2579	504	98
10716728	198214.SF3297	501	62
10714451	198214.SF0850	499	189
10715798	198214.SF2317	499	194
10714809	198214.SF1228	493	317
10713497	198214.CP0130	492	122
10716692	198214.SF3261	491	138
10717683	198214.SF4298	487	52
10715069	198214.SF1512	480	301
10717804	198214.SF4423	480	336
10715210	198214.SF1662	477	181
10717281	198214.SF3877	476	143
10715825	198214.SF2345	472	44
10715239	198214.SF1695	472	82
10713492	198214.CP0125	471	319
10715874	198214.SF2395	470	140
10714167	198214.SF0555	469	89
10714441	198214.SF0840	467	43
10714379	198214.SF0777	467	178
10716329	198214.SF2879	465	84
10715951	198214.SF2480	462	114
10713985	198214.SF0359	460	43
10715104	198214.SF1549	460	28
10716401	198214.SF2955	451	95
10716775	198214.SF3345	450	42
10716770	198214.SF3340	449	90
10714977	198214.SF1409	447	157
10715184	198214.SF1635	447	417
10714601	198214.SF1007	446	35
10713656	198214.SF0022	445	497
10714745	198214.SF1161	445	63
10713506	198214.CP0139	445	134
10716025	198214.SF2559	445	105
10714526	198214.SF0929	442	413
10714389	198214.SF0788	442	97
10716354	198214.SF2907	442	70
10716089	198214.SF2626	438	146
10717796	198214.SF4414	438	205
10714048	198214.SF0425	435	307
10714791	198214.SF1210	433	162
10713561	198214.CP0195	430	150
10715185	198214.SF1636	430	190
10715737	198214.SF2252	429	124
10716760	198214.SF3330	429	39
10717465	198214.SF4069	427	124
10715836	198214.SF2357	426	53
10716749	198214.SF3319	426	172
10715607	198214.SF2102	425	133
10716266	198214.SF2813	425	139
10717336	198214.SF3934	417	349
10716345	198214.SF2896	417	58
10713791	198214.SF0161	415	120
10716722	198214.SF3291	413	180
10713498	198214.CP0131	413	36
10714516	198214.SF0919	413	61
10715610	198214.SF2105	410	171
10715716	198214.SF2228	409	110
10716384	198214.SF2938	408	141
10713477	198214.CP0110	405	22
10714850	198214.SF1270	404	107
10715839	198214.SF2360	399	202
10715224	198214.SF1677	398	139
10715062	198214.SF1504	390	33
10714157	198214.SF0545	390	119
10716205	198214.SF2749	390	55
10714663	198214.SF1073	389	81
10714621	198214.SF1029	389	83
10715346	198214.SF1814	387	123
10713815	198214.SF0185	386	279
10717474	198214.SF4078	385	226
10714355	198214.SF0752	385	30
10717395	198214.SF3994	384	162
10715438	198214.SF1917	383	270
10715112	198214.SF1557	383	206
10716666	198214.SF3233	382	90
10714859	198214.SF1280	379	286
10714808	198214.SF1227	378	518
10715595	198214.SF2089	378	118
10717713	198214.SF4329	378	173
10716673	198214.SF3240	377	54
10714003	198214.SF0379	377	54
10715673	198214.SF2178	377	106
10716128	198214.SF2668	377	86
10716759	198214.SF3329	376	50
10715174	198214.SF1625	376	129
10717702	198214.SF4318	376	97
10716979	198214.SF3559	375	192
10717401	198214.SF4001	375	60
10717061	198214.SF3647	374	103
10716875	198214.SF3448	371	203
10715886	198214.SF2407	367	109
10717657	198214.SF4272	366	92
10714813	198214.SF1232	364	73
10717642	198214.SF4257	364	196
10716908	198214.SF3482	360	135
10715738	198214.SF2253	356	96
10714660	198214.SF1070	356	87
10716781	198214.SF3351	356	60
10715956	198214.SF2485	355	52
10716677	198214.SF3244	354	63
10716347	198214.SF2898	353	95
10716126	198214.SF2666	353	36
10715794	198214.SF2312	353	107
10716005	198214.SF2538	351	138
10715743	198214.SF2258	351	55
10716502	198214.SF3057	350	102
10715173	198214.SF1624	349	162
10717169	198214.SF3759	346	128
10713958	198214.SF0331	346	109
10715183	198214.SF1634	346	157
10714002	198214.SF0378	343	76
10717739	198214.SF4355	342	17
10714226	198214.SF0621	340	196
10716028	198214.SF2562	340	73
10717578	198214.SF4190	339	118
10716510	198214.SF3065	338	22
10716387	198214.SF2941	337	104
10715948	198214.SF2476	335	118
10713777	198214.SF0146	333	132
10713969	198214.SF0343	333	133
10713512	198214.CP0145	332	179
10716179	198214.SF2722	332	101
10715006	198214.SF1441	331	102
10714030	198214.SF0407	331	298
10716649	198214.SF3216	330	169
10717493	198214.SF4101	327	339
10716648	198214.SF3215	326	45
10717372	198214.SF3970	325	406
10716758	198214.SF3328	322	57
10716777	198214.SF3347	320	20
10717650	198214.SF4265	320	29
10716671	198214.SF3238	319	75
10717414	198214.SF4014	318	27
10714142	198214.SF0528	318	31
10717132	198214.SF3719	318	235
10715575	198214.SF2067	317	40
10713759	198214.SF0128	317	15
10715841	198214.SF2362	316	255
10715842	198214.SF2363	316	80
10715840	198214.SF2361	315	50
10713878	198214.SF0249	312	93
10714242	198214.SF0638	310	61
10717402	198214.SF4002	307	56
10714963	198214.SF1395	307	192
10713575	198214.CP0209	306	75
10716622	198214.SF3188	305	172
10716169	198214.SF2711	304	28
10714998	198214.SF1431	304	51
10713761	198214.SF0130	304	129
10715061	198214.SF1503	304	82
10713519	198214.CP0152	302	79
10714600	198214.SF1006	299	120
10714326	198214.SF0723	296	27
10717260	198214.SF3856	295	119
10717220	198214.SF3813	295	88
10715022	198214.SF1458	293	72
10717631	198214.SF4246	292	43
10715488	198214.SF1971	291	61
10716789	198214.SF3359	290	30
10717540	198214.SF4151	290	134
10716136	198214.SF2676	289	12
10714679	198214.SF1092	288	46
10717249	198214.SF3845	285	87
10714406	198214.SF0805	284	76
10716929	198214.SF3503	283	134
10715848	198214.SF2369	283	65
10715952	198214.SF2481	280	98
10716343	198214.SF2894	276	132
10716172	198214.SF2715	276	125
10717615	198214.SF4229	275	130
10713749	198214.SF0118	273	75
10714487	198214.SF0888	270	53
10716026	198214.SF2560	269	135
10713731	198214.SF0098	267	35
10714964	198214.SF1396	266	58
10713817	198214.SF0187	265	71
10716542	198214.SF3099	262	26
10714784	198214.SF1203	262	97
10717784	198214.SF4402	261	99
10714507	198214.SF0910	261	135
10716379	198214.SF2933	257	109
10717536	198214.SF4147	256	24
10715225	198214.SF1678	255	50
10716042	198214.SF2577	253	141
10717006	198214.SF3588	249	53
10713912	198214.SF0285	248	115
10716835	198214.SF3406	247	86
10715838	198214.SF2359	247	194
10714860	198214.SF1281	246	41
10713660	198214.SF0026	245	63
10714235	198214.SF0630	245	77
10714153	198214.SF0541	243	93
10717641	198214.SF4256	242	19
10716356	198214.SF2909	242	95
10713974	198214.SF0348	238	97
10717229	198214.SF3822	237	30
10717655	198214.SF4270	236	55
10714752	198214.SF1168	234	16
10713548	198214.CP0182	234	184
10716256	198214.SF2803	233	31
10715834	198214.SF2355	233	20
10716039	198214.SF2574	232	46
10716656	198214.SF3223	231	65
10714795	198214.SF1214	231	84
10714162	198214.SF0550	231	84
10716832	198214.SF3403	231	51
10715075	198214.SF1519	229	17
10715706	198214.SF2217	229	188
10716295	198214.SF2844	229	61
10716641	198214.SF3207	228	61
10716035	198214.SF2570	226	109
10713809	198214.SF0179	226	18
10714220	198214.SF0614	225	73
10716098	198214.SF2635	225	38
10716137	198214.SF2677	223	17
10717400	198214.SF4000	223	27
10714715	198214.SF1129	222	111
10715589	198214.SF2083	222	65
10716038	198214.SF2573	222	138
10716854	198214.SF3426	221	166
10717316	198214.SF3914	220	27
10713503	198214.CP0136	219	55
10713510	198214.CP0143	217	33
10713949	198214.SF0322	216	60
10717096	198214.SF3682	216	49
10715209	198214.SF1661	215	76
10716779	198214.SF3349	215	49
10716514	198214.SF3069	215	6
10715038	198214.SF1477	214	70
10716093	198214.SF2630	213	52
10714506	198214.SF0908	213	19
10714805	198214.SF1224	212	32
10713722	198214.SF0089	212	73
10715797	198214.SF2316	212	170
10713679	198214.SF0045	211	35
10717636	198214.SF4251	210	122
10716219	198214.SF2765	210	57
10714222	198214.SF0616	209	88
10715147	198214.SF1596	209	11
10713634	198214.CP0271	208	74
10717240	198214.SF3835	208	50
10716104	198214.SF2642	207	65
10715196	198214.SF1648	207	48
10715593	198214.SF2087	206	67
10714961	198214.SF1393	205	32
10716720	198214.SF3289	204	67
10715376	198214.SF1850	203	21
10714634	198214.SF1044	203	116
10714082	198214.SF0460	202	34
10717321	198214.SF3919	202	81
10714229	198214.SF0624	200	54
10714372	198214.SF0770	200	108
10715778	198214.SF2293	199	60
10713641	198214.SF0006	199	55
10714753	198214.SF1169	199	31
10713748	198214.SF0117	199	59
10716914	198214.SF3488	198	21
10717218	198214.SF3811	197	13
10716660	198214.SF3227	196	45
10716106	198214.SF2644	196	41
10713505	198214.CP0138	196	24
10714354	198214.SF0751	196	81
10713659	198214.SF0025	196	47
10713658	198214.SF0024	196	47
10717371	198214.SF3969	195	71
10713888	198214.SF0260	194	69
10717788	198214.SF4406	193	86
10715197	198214.SF1649	193	69
10714656	198214.SF1066	192	79
10717416	198214.SF4016	192	29
10713508	198214.CP0141	191	24
10716062	198214.SF2599	191	68
10715591	198214.SF2085	190	36
10715940	198214.SF2467	190	40
10714007	198214.SF0383	190	91
10714076	198214.SF0454	189	16
10715865	198214.SF2386	189	60
10714543	198214.SF0946	188	67
10713738	198214.SF0106	187	65
10715608	198214.SF2103	187	41
10716480	198214.SF3035	186	136
10713403	198214.CP0031	185	61
10714155	198214.SF0543	185	32
10713662	198214.SF0028	185	76
10714563	198214.SF0967	185	40
10715587	198214.SF2081	184	44
10714561	198214.SF0965	184	14
10714737	198214.SF1152	182	57
10716539	198214.SF3096	180	35
10714714	198214.SF1128	180	103
10714058	198214.SF0435	180	48
10717005	198214.SF3587	179	44
10717020	198214.SF3603	179	50
10714022	198214.SF0398	179	24
10716843	198214.SF3415	178	52
10716763	198214.SF3333	178	25
10717070	198214.SF3656	176	54
10716607	198214.SF3171	175	35
10716180	198214.SF2723	175	36
10715758	198214.SF2273	175	91
10714511	198214.SF0914	175	43
10715238	198214.SF1694	174	52
10717630	198214.SF4245	173	70
10717538	198214.SF4149	173	43
10715582	198214.SF2075	172	41
10714252	198214.SF0648	170	29
10717102	198214.SF3688	170	42
10715364	198214.SF1836	169	18
10714810	198214.SF1229	169	49
10714039	198214.SF0416	167	28
10717452	198214.SF4056	167	29
10713490	198214.CP0123	166	42
10716538	198214.SF3095	166	54
10714695	198214.SF1109	165	31
10715979	198214.SF2509	165	54
10715871	198214.SF2392	164	42
10716785	198214.SF3355	164	41
10713439	198214.CP0070	163	216
10717658	198214.SF4273	162	121
10716232	198214.SF2778	161	35
10717129	198214.SF3716	161	59
10716782	198214.SF3352	161	26
10716856	198214.SF3428	160	118
10717417	198214.SF4017	160	32
10717058	198214.SF3644	160	92
10717313	198214.SF3911	159	42
10717707	198214.SF4323	157	32
10715588	198214.SF2082	156	33
10716743	198214.SF3313	156	40
10714498	198214.SF0900	156	71
10716762	198214.SF3332	156	58
10714442	198214.SF0841	156	25
10714855	198214.SF1276	154	108
10716527	198214.SF3082	154	24
10714564	198214.SF0968	153	6
10717635	198214.SF4250	153	27
10715858	198214.SF2379	152	29
10713396	198214.CP0024	152	21
10714782	198214.SF1201	152	86
10716882	198214.SF3455	151	144
10717440	198214.SF4044	151	69
10715632	198214.SF2129	151	27
10716670	198214.SF3237	150	36
10717048	198214.SF3634	149	44
10716270	198214.SF2818	149	14
10717306	198214.SF3904	149	46
10715592	198214.SF2086	149	42
10715254	198214.SF1712	148	37
10714021	198214.SF0397	147	33
10717250	198214.SF3846	147	91
10715946	198214.SF2473	146	30
10716010	198214.SF2543	146	40
10717338	198214.SF3936	146	18
10717390	198214.SF3989	144	29
10714658	198214.SF1068	144	34
10715870	198214.SF2391	143	61
10715955	198214.SF2484	143	50
10714969	198214.SF1401	143	8
10714187	198214.SF0575	142	19
10713886	198214.SF0258	142	48
10717140	198214.SF3727	142	50
10716741	198214.SF3311	141	41
10715436	198214.SF1915	141	22
10715308	198214.SF1771	140	6
10715356	198214.SF1825	140	46
10714788	198214.SF1207	140	31
10717144	198214.SF3731	139	36
10716780	198214.SF3350	139	11
10713819	198214.SF0189	138	21
10716815	198214.SF3385	138	19
10716217	198214.SF2763	137	15
10715466	198214.SF1948	137	25
10714989	198214.SF1421	137	19
10714338	198214.SF0735	136	28
10716702	198214.SF3271	136	19
10715314	198214.SF1779	135	40
10717301	198214.SF3899	135	54
10716495	198214.SF3050	135	6
10713724	198214.SF0091	134	62
10717369	198214.SF3967	134	58
10716674	198214.SF3241	134	37
10717396	198214.SF3995	134	38
10714028	198214.SF0405	134	6
10717131	198214.SF3718	134	77
10716526	198214.SF3081	133	38
10716966	198214.SF3544	132	6
10713728	198214.SF0095	132	153
10715932	198214.SF2458	132	57
10715843	198214.SF2364	132	18
10714966	198214.SF1398	131	40
10716165	198214.SF2707	131	35
10714793	198214.SF1212	131	33
10716034	198214.SF2569	130	16
10716222	198214.SF2768	130	46
10716385	198214.SF2939	129	29
10716187	198214.SF2731	129	32
10716679	198214.SF3246	129	9
10714173	198214.SF0561	128	13
10715381	198214.SF1857	128	28
10717542	198214.SF4153	128	33
10716920	198214.SF3494	126	57
10717173	198214.SF3763	125	36
10713644	198214.SF0010	125	18
10713639	198214.SF0004	124	64
10715047	198214.SF1488	124	16
10713500	198214.CP0133	123	46
10717339	198214.SF3937	123	77
10714567	198214.SF0971	122	8
10715928	198214.SF2454	122	47
10717186	198214.SF3777	122	14
10716805	198214.SF3375	122	20
10713919	198214.SF0292	121	44
10717175	198214.SF3765	120	76
10714365	198214.SF0763	120	23
10715775	198214.SF2290	120	100
10715065	198214.SF1507	120	52
10715284	198214.SF1746	120	57
10714420	198214.SF0819	119	25
10716233	198214.SF2779	119	72
10716344	198214.SF2895	118	16
10716263	198214.SF2810	118	24
10715833	198214.SF2354	118	42
10717674	198214.SF4289	117	20
10716708	198214.SF3277	117	20
10717056	198214.SF3642	117	36
10713499	198214.CP0132	117	68
10717430	198214.SF4033	116	114
10714521	198214.SF0924	116	20
10717555	198214.SF4166	116	20
10714491	198214.SF0893	116	50
10715437	198214.SF1916	116	28
10717624	198214.SF4239	115	13
10716067	198214.SF2604	114	145
10715880	198214.SF2401	114	8
10714982	198214.SF1414	113	39
10716481	198214.SF3036	113	32
10713699	198214.SF0066	113	25
10716523	198214.SF3078	112	41
10713954	198214.SF0327	112	5
10717659	198214.SF4274	112	31
10714958	198214.SF1389	112	6
10717217	198214.SF3810	112	40
10717719	198214.SF4335	111	25
10717092	198214.SF3678	111	44
10715073	198214.SF1517	111	42
10716645	198214.SF3211	110	18
10717289	198214.SF3886	110	11
10716662	198214.SF3229	109	51
10715873	198214.SF2394	109	32
10715646	198214.SF2146	108	45
10714864	198214.SF1285	107	22
10713971	198214.SF0345	107	70
10717808	198214.SF4428	106	23
10714716	198214.SF1130	106	26
10716699	198214.SF3268	105	16
10717807	198214.SF4427	104	32
10714429	198214.SF0828	104	73
10716766	198214.SF3336	103	6
10715226	198214.SF1679	103	29
10713734	198214.SF0101	103	25
10715808	198214.SF2328	102	37
10716621	198214.SF3187	102	34
10714844	198214.SF1263	102	29
10715321	198214.SF1786	102	75
10715198	198214.SF1650	101	10
10717278	198214.SF3874	101	33
10716730	198214.SF3299	101	9
10717504	198214.SF4112	101	46
10716965	198214.SF3543	101	15
10717755	198214.SF4372	101	65
10713799	198214.SF0169	101	15
10716902	198214.SF3476	101	33
10716536	198214.SF3093	100	57
10717231	198214.SF3824	99.7	35
10717479	198214.SF4087	99.4	21
10716716	198214.SF3285	99.3	72
10715021	198214.SF1457	99.2	55
10715493	198214.SF1977	98.9	29
10716863	198214.SF3435	98.9	34
10713915	198214.SF0288	98.4	14
10715330	198214.SF1795	98.4	95
10716904	198214.SF3478	97.0	25
10715947	198214.SF2474	96.6	16
10714759	198214.SF1176	96.4	27
10713984	198214.SF0358	96.2	13
10715898	198214.SF2421	95.4	40
10714744	198214.SF1159	95.1	9
10716249	198214.SF2796	94.8	24
10715977	198214.SF2507	93.7	140
10713654	198214.SF0020	92.8	4
10716773	198214.SF3343	92.6	3
10715983	198214.SF2514	92.5	44
10714689	198214.SF1102	92.2	21
10717548	198214.SF4159	91.6	19
10716331	198214.SF2881	91.2	18
10715884	198214.SF2405	90.7	40
10715490	198214.SF1973	90.6	7
10713680	198214.SF0046	90.3	37
10716096	198214.SF2633	89.9	23
10716836	198214.SF3407	89.5	30
10717703	198214.SF4319	88.6	13
10715772	198214.SF2287	88.1	6
10714550	198214.SF0953	87.7	20
10717296	198214.SF3894	87.7	23
10715256	198214.SF1714	87.6	8
10716261	198214.SF2808	87.6	53
10717809	198214.SF4429	87.0	12
10715265	198214.SF1723	86.9	28
10716496	198214.SF3051	86.3	19
10713861	198214.SF0231	86.1	6
10717450	198214.SF4054	85.9	15
10716791	198214.SF3361	84.6	8
10714651	198214.SF1061	83.4	33
10713551	198214.CP0185	83.3	74
10714158	198214.SF0546	83.2	27
10717773	198214.SF4391	83.1	8
10716181	198214.SF2724	82.9	37
10715221	198214.SF1674	82.5	15
10714398	198214.SF0797	82.3	18
10713592	198214.CP0226	82.2	198
10715939	198214.SF2466	82.0	60
10716714	198214.SF3283	81.3	44
10717434	198214.SF4037	81.2	39
10714221	198214.SF0615	81.0	19
10714327	198214.SF0724	80.5	32
10714497	198214.SF0899	79.5	8
10716794	198214.SF3364	79.3	8
10714765	198214.SF1182	79.0	24
10716258	198214.SF2805	79.0	6
10714657	198214.SF1067	79.0	10
10713514	198214.CP0147	78.4	42
10717227	198214.SF3820	77.3	17
10714123	198214.SF0506	76.0	14
10717443	198214.SF4047	75.6	39
10714248	198214.SF0644	75.2	4
10715250	198214.SF1707	74.9	26
10716980	198214.SF3560	74.8	17
10717185	198214.SF3776	74.6	11
10715922	198214.SF2445	74.2	30
10715976	198214.SF2506	73.2	58
10713664	198214.SF0030	73.0	64
10714620	198214.SF1028	72.7	26
10714565	198214.SF0969	71.8	5
10716576	198214.SF3137	71.7	27
10716893	198214.SF3466	71.5	19
10714374	198214.SF0772	71.4	18
10715555	198214.SF2045	71.4	12
10713914	198214.SF0287	71.4	45
10716260	198214.SF2807	71.1	23
10713720	198214.SF0087	71.0	21
10717083	198214.SF3669	70.8	19
10714901	198214.SF1328	70.7	24
10716377	198214.SF2931	70.3	50
10715729	198214.SF2244	69.9	19
10716372	198214.SF2926	69.8	17
10714736	198214.SF1151	69.5	10
10717060	198214.SF3646	69.4	15
10717772	198214.SF4390	69.4	37
10716560	198214.SF3121	69.0	48
10716234	198214.SF2780	68.9	31
10717712	198214.SF4328	68.8	27
10713980	198214.SF0354	68.7	14
10717473	198214.SF4077	68.5	31
10715011	198214.SF1446	68.2	8
10714547	198214.SF0950	67.2	35
10714811	198214.SF1230	67.1	14
10714704	198214.SF1118	67.0	83
10714224	198214.SF0619	67.0	45
10716235	198214.SF2781	66.7	6
10715580	198214.SF2073	66.6	17
10715762	198214.SF2277	66.6	19
10715178	198214.SF1629	66.5	18
10716200	198214.SF2744	66.1	19
10716744	198214.SF3314	65.9	13
10714244	198214.SF0640	65.9	19
10715855	198214.SF2376	65.6	11
10716842	198214.SF3414	64.2	75
10715299	198214.SF1762	63.7	62
10717314	198214.SF3912	63.6	8
10716294	198214.SF2843	63.5	8
10714675	198214.SF1088	63.3	50
10717521	198214.SF4131	63.1	18
10713718	198214.SF0085	63.0	19
10714984	198214.SF1416	62.8	35
10716778	198214.SF3348	62.7	8
10717545	198214.SF4156	61.1	24
10717467	198214.SF4071	60.8	15
10715017	198214.SF1453	60.7	17
10716486	198214.SF3041	59.5	30
10714008	198214.SF0384	59.3	51
10715803	198214.SF2322	58.9	21
10714697	198214.SF1111	58.9	20
10714602	198214.SF1008	58.6	10
10717614	198214.SF4228	58.0	19
10716650	198214.SF3217	58.0	13
10716717	198214.SF3286	57.9	11
10716903	198214.SF3477	57.7	11
10715303	198214.SF1766	57.1	20
10713968	198214.SF0342	57.0	15
10716926	198214.SF3500	56.9	5
10716264	198214.SF2811	56.8	19
10713933	198214.SF0306	56.7	11
10717317	198214.SF3915	56.5	11
10716632	198214.SF3198	56.2	16
10716814	198214.SF3384	56.0	49
10714935	198214.SF1364	55.9	10
10716011	198214.SF2544	55.5	17
10714819	198214.SF1238	55.4	17
10713507	198214.CP0140	55.3	9
10713685	198214.SF0051	55.3	57
10717549	198214.SF4160	54.9	2
10717677	198214.SF4292	54.5	20
10714853	198214.SF1274	54.5	17
10713821	198214.SF0191	53.9	10
10715901	198214.SF2424	53.9	12
10717662	198214.SF4277	53.6	15
10715369	198214.SF1841	53.5	27
10713898	198214.SF0270	53.4	11
10713447	198214.CP0078	53.3	174
10716701	198214.SF3270	52.9	5
10715725	198214.SF2238	52.2	10
10714040	198214.SF0417	52.2	13
10715707	198214.SF2218	51.9	29
10716879	198214.SF3452	51.7	18
10714057	198214.SF0434	51.6	19
10713976	198214.SF0350	51.3	7
10716948	198214.SF3524	51.3	11
10713607	198214.CP0245	51.1	10
10717698	198214.SF4313	51.1	21
10715594	198214.SF2088	50.8	6
10715195	198214.SF1647	50.8	22
10716947	198214.SF3523	50.6	21
10713712	198214.SF0079	50.5	18
10714382	198214.SF0780	50.2	24
10716977	198214.SF3557	49.9	13
10717695	198214.SF4310	49.8	8
10714353	198214.SF0750	49.4	17
10713432	198214.CP0063	49.4	23
10715982	198214.SF2513	49.0	9
10713716	198214.SF0083	49.0	14
10713715	198214.SF0082	48.7	26
10714171	198214.SF0559	48.4	4
10716094	198214.SF2631	48.1	28
10714386	198214.SF0785	47.9	24
10716492	198214.SF3047	47.6	12
10716751	198214.SF3321	46.8	17
10713987	198214.SF0361	46.6	6
10714999	198214.SF1432	46.4	8
10714446	198214.SF0845	46.3	12
10714762	198214.SF1179	46.1	19
10714525	198214.SF0928	45.7	21
10715219	198214.SF1671	45.5	17
10714415	198214.SF0814	45.4	14
10713476	198214.CP0109	44.9	6
10716592	198214.SF3154	44.9	109
10716336	198214.SF2887	44.7	24
10716522	198214.SF3077	44.6	7
10713772	198214.SF0141	44.4	37
10717361	198214.SF3959	44.3	13
10715958	198214.SF2487	43.8	8
10714501	198214.SF0903	43.8	19
10717806	198214.SF4425	43.6	5
10714862	198214.SF1283	43.1	2
10716685	198214.SF3253	43.0	28
10713448	198214.CP0079	42.6	152
10716130	198214.SF2670	42.4	15
10717551	198214.SF4162	42.4	12
10716647	198214.SF3213	42.3	26
10717397	198214.SF3996	42.0	16
10717403	198214.SF4003	42.0	15
10715019	198214.SF1455	42.0	8
10715389	198214.SF1865	41.9	14
10714738	198214.SF1153	41.9	10
10715826	198214.SF2346	41.7	7
10714447	198214.SF0846	41.2	20
10717522	198214.SF4132	41.0	7
10716115	198214.SF2653	40.7	9
10713627	198214.CP0265	40.7	175
10713986	198214.SF0360	40.2	15
10716643	198214.SF3209	40.1	27
10717520	198214.SF4130	39.9	24
10717446	198214.SF4050	39.8	12
10715207	198214.SF1659	39.6	17
10716624	198214.SF3190	39.6	10
10714213	198214.SF0607	39.3	9
10713422	198214.CP0054	39.1	160
10716493	198214.SF3048	38.8	7
10714552	198214.SF0955	38.6	20
10715845	198214.SF2366	38.3	10
10713807	198214.SF0177	38.2	7
10717359	198214.SF3957	38.2	7
10717043	198214.SF3629	37.7	19
10717652	198214.SF4267	37.6	31
10716675	198214.SF3242	37.6	16
10717439	198214.SF4043	37.4	13
10715949	198214.SF2478	36.3	5
10716225	198214.SF2771	36.2	3
10713655	198214.SF0021	36.0	9
10714081	198214.SF0459	35.6	3
10714523	198214.SF0926	35.5	17
10715824	198214.SF2344	35.5	16
10715402	198214.SF1880	35.1	180
10716664	198214.SF3231	35.0	6
10714332	198214.SF0729	35.0	32
10716682	198214.SF3250	34.9	30
10713721	198214.SF0088	34.8	13
10716678	198214.SF3245	34.6	8
10713590	198214.CP0224	34.5	4
10714019	198214.SF0395	34.3	3
10713802	198214.SF0172	34.3	14
10716689	198214.SF3258	34.2	10
10717516	198214.SF4125	34.2	10
10717265	198214.SF3861	33.4	13
10715480	198214.SF1962	33.3	10
10715143	198214.SF1591	32.8	22
10715910	198214.SF2433	32.4	33
10716888	198214.SF3461	32.4	6
10713972	198214.SF0346	32.2	7
10717640	198214.SF4255	32.1	21
10716463	198214.SF3015	31.9	26
10713688	198214.SF0054	31.8	33
10715234	198214.SF1689	31.8	19
10713386	198214.CP0014	31.6	9
10716684	198214.SF3252	31.2	46
10716333	198214.SF2883	30.8	2
10716998	198214.SF3580	30.7	14
10713711	198214.SF0078	30.5	4
10717708	198214.SF4324	30.3	11
10715432	198214.SF1911	30.1	12
10717256	198214.SF3852	30.1	16
10714439	198214.SF0838	30.0	12
10716097	198214.SF2634	29.9	3
10716277	198214.SF2825	29.6	5
10714904	198214.SF1331	29.6	8
10717528	198214.SF4138	29.3	7
10715010	198214.SF1445	29.2	5
10714046	198214.SF0423	29.0	11
10714653	198214.SF1063	28.9	9
10715633	198214.SF2130	28.8	9
10715895	198214.SF2418	28.7	3
10717176	198214.SF3766	28.6	4
10714631	198214.SF1041	28.6	6
10716844	198214.SF3416	28.1	16
10717330	198214.SF3928	28.0	6
10713820	198214.SF0190	28.0	10
10716073	198214.SF2610	27.9	169
10714769	198214.SF1186	27.9	9
10716129	198214.SF2669	27.6	2
10714225	198214.SF0620	27.5	12
10713747	198214.SF0116	27.3	4
10716134	198214.SF2674	27.1	4
10717233	198214.SF3826	27.1	14
10716658	198214.SF3225	27.0	2
10717801	198214.SF4420	27.0	11
10714325	198214.SF0722	26.7	169
10714747	198214.SF1163	26.7	5
10717266	198214.SF3862	26.5	19
10717399	198214.SF3998	26.2	4
10716690	198214.SF3259	26.2	11
10715259	198214.SF1717	26.2	27
10713887	198214.SF0259	25.9	14
10714953	198214.SF1383	25.8	145
10714128	198214.SF0512	25.6	8
10713583	198214.CP0217	25.6	1
10717491	198214.SF4099	25.3	7
10716092	198214.SF2629	25.1	8
10715827	198214.SF2347	24.7	8
10714687	198214.SF1100	24.6	10
10714257	198214.SF0653	24.5	9
10717294	198214.SF3891	24.4	19
10717429	198214.SF4032	24.2	19
10717786	198214.SF4404	24.2	4
10717445	198214.SF4049	23.9	10
10716517	198214.SF3072	23.8	6
10713739	198214.SF0107	23.7	5
10714691	198214.SF1104	23.6	8
10716279	198214.SF2827	23.6	5
10713696	198214.SF0063	23.3	8
10714814	198214.SF1233	23.2	6
10717325	198214.SF3923	23.1	11
10713977	198214.SF0351	23.0	11
10714196	198214.SF0586	22.7	4
10716272	198214.SF2820	22.7	10
10714610	198214.SF1016	22.6	7
10716284	198214.SF2832	22.4	20
10716224	198214.SF2770	22.3	4
10713773	198214.SF0142	22.3	17
10713511	198214.CP0144	22.2	4
10715805	198214.SF2324	22.2	7
10714170	198214.SF0558	22.0	5
10714348	198214.SF0745	21.9	10
10715954	198214.SF2483	21.8	4
10717584	198214.SF4196	21.8	4
10716029	198214.SF2563	21.7	10
10716516	198214.SF3071	21.6	3
10714449	198214.SF0848	21.6	3
10715315	198214.SF1780	21.5	5
10713559	198214.CP0193	21.3	1
10714877	198214.SF1299	21.3	13
10717694	198214.SF4309	21.2	4
10717263	198214.SF3859	21.1	11
10716293	198214.SF2842	21.0	5
10713950	198214.SF0323	21.0	3
10715288	198214.SF1750	20.9	9
10714515	198214.SF0918	20.7	14
10713951	198214.SF0324	20.7	3
10716874	198214.SF3447	20.5	2
10714992	198214.SF1424	20.3	8
10715479	198214.SF1961	20.3	6
10716414	198214.SF2968	20.3	52
10716289	198214.SF2838	20.3	9
10713382	198214.CP0010	20.2	4
10716550	198214.SF3107	20.1	13
10714517	198214.SF0920	20.0	31
10714102	198214.SF0483	20.0	8
10714802	198214.SF1221	19.9	5
10717752	198214.SF4369	19.9	4
10713800	198214.SF0170	19.9	4
10714566	198214.SF0970	19.9	11
10716872	198214.SF3445	19.8	5
10714258	198214.SF0654	19.8	2
10716925	198214.SF3499	19.6	2
10717049	198214.SF3635	19.6	4
10714143	198214.SF0529	19.5	6
10716750	198214.SF3320	19.3	9
10716537	198214.SF3094	19.2	23
10716853	198214.SF3425	18.9	4
10715289	198214.SF1751	18.9	47
10716419	198214.SF2973	18.7	22
10717535	198214.SF4146	18.6	17
10717654	198214.SF4269	18.4	7
10715913	198214.SF2436	18.4	4
10714766	198214.SF1183	18.4	9
10717179	198214.SF3769	18.3	6
10716505	198214.SF3060	18.2	12
10713769	198214.SF0138	18.2	4
10715867	198214.SF2388	18.1	8
10717753	198214.SF4370	17.7	6
10716299	198214.SF2848	17.7	7
10714845	198214.SF1264	17.6	7
10713516	198214.CP0149	17.6	11
10716585	198214.SF3147	17.6	6
10713683	198214.SF0049	17.6	9
10714990	198214.SF1422	17.5	5
10717543	198214.SF4154	17.5	10
10716655	198214.SF3222	17.5	5
10716889	198214.SF3462	17.4	8
10714212	198214.SF0606	17.3	5
10717613	198214.SF4227	17.2	5
10715287	198214.SF1749	17.2	3
10717128	198214.SF3715	17.2	10
10713394	198214.CP0022	17.0	4
10713427	198214.CP0059	16.9	3
10717616	198214.SF4230	16.9	3
10717332	198214.SF3930	16.9	7
10714013	198214.SF0389	16.7	4
10717789	198214.SF4407	16.6	3
10715630	198214.SF2127	16.6	5
10715631	198214.SF2128	16.5	10
10714659	198214.SF1069	16.3	3
10716250	198214.SF2797	16.3	14
10714709	198214.SF1123	16.0	3
10716571	198214.SF3132	16.0	8
10714888	198214.SF1310	15.9	1
10715128	198214.SF1574	15.8	7
10713412	198214.CP0042	15.8	7
10713440	198214.CP0071	15.8	7
10713528	198214.CP0161	15.8	7
10713625	198214.CP0263	15.8	7
10715360	198214.SF1831	15.8	7
10713602	198214.CP0238	15.2	5
10714188	198214.SF0576	15.2	2
10716878	198214.SF3451	15.0	13
10716706	198214.SF3275	14.9	6
10715832	198214.SF2353	14.9	3
10717805	198214.SF4424	14.8	10
10716498	198214.SF3053	14.8	5
10713670	198214.SF0036	14.8	5
10717653	198214.SF4268	14.7	4
10716127	198214.SF2667	14.6	4
10716818	198214.SF3388	14.6	1
10716506	198214.SF3061	14.5	9
10717391	198214.SF3990	14.3	5
10717729	198214.SF4345	14.2	6
10717515	198214.SF4124	14.1	3
10716583	198214.SF3145	14.0	5
10717404	198214.SF4004	14.0	7
10716022	198214.SF2556	13.9	2
10716719	198214.SF3288	13.8	6
10713518	198214.CP0151	13.7	5
10716817	198214.SF3387	13.7	6
10717230	198214.SF3823	13.7	3
10717280	198214.SF3876	13.6	4
10715831	198214.SF2352	13.4	5
10716407	198214.SF2961	13.4	5
10716027	198214.SF2561	13.4	6
10716890	198214.SF3463	13.4	4
10716548	198214.SF3105	13.3	5
10716488	198214.SF3043	13.2	4
10717274	198214.SF3870	13.1	8
10716064	198214.SF2601	13.1	7
10717679	198214.SF4294	13.0	1
10717047	198214.SF3633	13.0	8
10714761	198214.SF1178	12.9	5
10715337	198214.SF1803	12.9	3
10714419	198214.SF0818	12.8	5
10717130	198214.SF3717	12.8	8
10715863	198214.SF2384	12.7	2
10715189	198214.SF1641	12.7	4
10713828	198214.SF0198	12.6	3
10714223	198214.SF0617	12.6	7
10715348	198214.SF1816	12.5	1
10714867	198214.SF1288	12.5	3
10715318	198214.SF1783	12.4	2
10715649	198214.SF2150	12.4	2
10717293	198214.SF3890	12.4	2
10716220	198214.SF2766	12.3	3
10717337	198214.SF3935	12.3	3
10714757	198214.SF1174	12.2	4
10714783	198214.SF1202	12.2	3
10716121	198214.SF2660	12.0	3
10717109	198214.SF3695	12.0	7
10714598	198214.SF1004	11.9	2
10713953	198214.SF0326	11.9	1
10717436	198214.SF4039	11.9	12
10716341	198214.SF2892	11.9	4
10714635	198214.SF1045	11.9	9
10716555	198214.SF3115	11.8	4
10716771	198214.SF3341	11.8	1
10715644	198214.SF2144	11.7	4
10714837	198214.SF1256	11.7	1
10716132	198214.SF2672	11.6	2
10717112	198214.SF3699	11.6	4
10717326	198214.SF3924	11.5	3
10717553	198214.SF4164	11.2	10
10717309	198214.SF3907	11.0	9
10717651	198214.SF4266	11.0	14
10716637	198214.SF3203	10.9	9
10715182	198214.SF1633	10.8	4
10717041	198214.SF3627	10.7	4
10716790	198214.SF3360	10.7	1
10716688	198214.SF3257	10.6	3
10717787	198214.SF4405	10.6	3
10714889	198214.SF1311	10.5	1
10713637	198214.SF0002	10.5	11
10714513	198214.SF0916	10.5	2
10716150	198214.SF2692	10.4	3
10715934	198214.SF2461	10.4	2
10715215	198214.SF1667	10.3	2
10713934	198214.SF0307	10.3	3
10714885	198214.SF1307	10.2	4
10714230	198214.SF0625	10.1	7
10717441	198214.SF4045	10.1	2
10717492	198214.SF4100	10.1	3
10717254	198214.SF3850	10.1	1
10715810	198214.SF2330	10.1	1
10714052	198214.SF0429	10.0	6
10715414	198214.SF1892	9.99	6
10714313	198214.SF0710	9.97	6
10715392	198214.SF1868	9.94	3
10717168	198214.SF3758	9.84	6
10717569	198214.SF4181	9.81	4
10715231	198214.SF1686	9.81	3
10714336	198214.SF0733	9.77	1
10715042	198214.SF1483	9.75	1
10715255	198214.SF1713	9.7	6
10715980	198214.SF2510	9.67	10
10716693	198214.SF3262	9.65	4
10715782	198214.SF2298	9.61	2
10715837	198214.SF2358	9.41	2
10714377	198214.SF0775	9.29	2
10713416	198214.CP0046	9.24	3
10715859	198214.SF2380	9.23	3
10715763	198214.SF2278	9.08	4
10713752	198214.SF0121	9.0	7
10716269	198214.SF2816	8.93	5
10716906	198214.SF3480	8.84	5
10715835	198214.SF2356	8.81	1
10715475	198214.SF1957	8.74	3
10713462	198214.CP0093	8.69	5
10715164	198214.SF1614	8.6	2
10714403	198214.SF0802	8.56	1
10714851	198214.SF1272	8.55	1
10717003	198214.SF3585	8.49	8
10715293	198214.SF1755	8.48	14
10713774	198214.SF0143	8.35	3
10715135	198214.SF1582	8.31	4
10714733	198214.SF1148	8.07	5
10717323	198214.SF3921	8.02	3
10714790	198214.SF1209	7.93	2
10714727	198214.SF1142	7.93	2
10713813	198214.SF0183	7.91	2
10714545	198214.SF0948	7.89	3
10716806	198214.SF3376	7.89	3
10715820	198214.SF2340	7.88	2
10713796	198214.SF0166	7.87	3
10714380	198214.SF0778	7.78	3
10713793	198214.SF0163	7.69	2
10717393	198214.SF3992	7.69	1
10713783	198214.SF0152	7.57	4
10714495	198214.SF0897	7.49	3
10714708	198214.SF1122	7.48	2
10714238	198214.SF0634	7.35	3
10716742	198214.SF3312	7.28	1
10717490	198214.SF4098	7.18	7
10714806	198214.SF1225	7.16	4
10714263	198214.SF0659	6.95	2
10714902	198214.SF1329	6.94	3
10714450	198214.SF0849	6.91	7
10715566	198214.SF2058	6.9	4
10714710	198214.SF1124	6.84	2
10713733	198214.SF0100	6.82	1
10716109	198214.SF2647	6.78	4
10714067	198214.SF0445	6.77	2
10715753	198214.SF2268	6.76	1
10717684	198214.SF4299	6.69	2
10714033	198214.SF0410	6.68	8
10717448	198214.SF4052	6.63	2
10716568	198214.SF3129	6.58	2
10714980	198214.SF1412	6.54	3
10713822	198214.SF0192	6.52	2
10715809	198214.SF2329	6.37	1
10714882	198214.SF1304	6.29	2
10716485	198214.SF3040	6.27	1
10717031	198214.SF3616	6.25	3
10716680	198214.SF3247	6.24	1
10716672	198214.SF3239	6.22	1
10714826	198214.SF1245	6.1	2
10717585	198214.SF4197	6.03	3
10715083	198214.SF1527	5.97	2
10717675	198214.SF4290	5.96	3
10716386	198214.SF2940	5.92	1
10715394	198214.SF1870	5.91	2
10714417	198214.SF0816	5.91	1
10717203	198214.SF3796	5.85	3
10717273	198214.SF3869	5.79	2
10713962	198214.SF0336	5.76	1
10716951	198214.SF3528	5.65	2
10713781	198214.SF0150	5.57	2
10714075	198214.SF0453	5.53	1
10714706	198214.SF1120	5.53	2
10714114	198214.SF0496	5.49	5
10716808	198214.SF3378	5.48	2
10715119	198214.SF1564	5.35	1
10714362	198214.SF0760	5.32	1
10717322	198214.SF3920	5.3	3
10716122	198214.SF2661	5.27	7
10715987	198214.SF2518	5.27	1
10715354	198214.SF1823	5.19	7
10717247	198214.SF3843	5.19	3
10717228	198214.SF3821	5.19	3
10717040	198214.SF3626	5.05	2
10715590	198214.SF2084	5.04	2
10714383	198214.SF0781	5.01	2
10715764	198214.SF2279	5.01	1
10717810	198214.SF4430	5.0	1
10717394	198214.SF3993	4.91	1
10714172	198214.SF0560	4.9	1
10715721	198214.SF2234	4.88	4
10717794	198214.SF4412	4.87	2
10717143	198214.SF3730	4.83	1
10716243	198214.SF2790	4.83	1
10715869	198214.SF2390	4.78	1
10714062	198214.SF0439	4.77	2
10715883	198214.SF2404	4.76	1
10713726	198214.SF0093	4.7	3
10715749	198214.SF2264	4.68	2
10715206	198214.SF1658	4.67	1
10713482	198214.CP0115	4.65	6
10713669	198214.SF0035	4.59	2
10714796	198214.SF1215	4.56	1
10715253	198214.SF1711	4.54	2
10713902	198214.SF0274	4.5	1
10716298	198214.SF2847	4.47	3
10716321	198214.SF2870	4.46	1
10714688	198214.SF1101	4.36	1
10713988	198214.SF0362	4.29	1
10717059	198214.SF3645	4.27	1
10716508	198214.SF3063	4.26	4
10714255	198214.SF0651	4.19	1
10717267	198214.SF3863	4.08	3
10717559	198214.SF4171	4.07	4
10717527	198214.SF4137	3.99	3
10715760	198214.SF2275	3.99	2
10713963	198214.SF0337	3.98	2
10716252	198214.SF2799	3.94	5
10714443	198214.SF0842	3.93	4
10717638	198214.SF4253	3.91	1
10717319	198214.SF3917	3.88	1
10716712	198214.SF3281	3.88	1
10714707	198214.SF1121	3.84	1
10717177	198214.SF3767	3.82	1
10716881	198214.SF3454	3.82	2
10717075	198214.SF3661	3.76	1
10716473	198214.SF3028	3.71	2
10713983	198214.SF0357	3.7	2
10714678	198214.SF1091	3.66	1
10714899	198214.SF1326	3.66	1
10715211	198214.SF1663	3.64	1
10713701	198214.SF0068	3.63	1
10717264	198214.SF3860	3.63	2
10717599	198214.SF4212	3.62	1
10717705	198214.SF4321	3.61	1
10715428	198214.SF1906	3.53	1
10714852	198214.SF1273	3.51	2
10716635	198214.SF3201	3.49	1
10716667	198214.SF3234	3.43	1
10717324	198214.SF3922	3.4	2
10715007	198214.SF1442	3.37	1
10716595	198214.SF3157	3.28	5
10715689	198214.SF2197	3.27	1
10716913	198214.SF3487	3.25	2
10714045	198214.SF0422	3.23	2
10716208	198214.SF2752	3.23	4
10716638	198214.SF3204	3.22	1
10714816	198214.SF1235	3.15	1
10717341	198214.SF3939	3.12	1
10713520	198214.CP0153	3.11	1
10717288	198214.SF3885	3.09	1
10714423	198214.SF0822	3.03	2
10713936	198214.SF0309	2.95	1
10717251	198214.SF3847	2.94	2
10714758	198214.SF1175	2.94	1
10714059	198214.SF0436	2.92	1
10713523	198214.CP0156	2.87	1
10717164	198214.SF3754	2.78	1
10716120	198214.SF2659	2.61	1
10714558	198214.SF0962	2.57	1
10716285	198214.SF2833	2.53	4
10713899	198214.SF0271	2.52	1
10715020	198214.SF1456	2.51	1
10713564	198214.CP0198	2.5	1
10714696	198214.SF1110	2.44	1
10717541	198214.SF4152	2.43	1
10716116	198214.SF2654	2.43	1
10715877	198214.SF2398	2.39	1
10714428	198214.SF0827	2.36	1
10717586	198214.SF4198	2.33	2
10714832	198214.SF1251	2.32	1
10717202	198214.SF3795	2.31	1
10714068	198214.SF0446	2.26	4
10716280	198214.SF2828	2.22	1
10716276	198214.SF2824	2.22	1
10714328	198214.SF0725	2.19	2
10716411	198214.SF2965	2.13	3
10713767	198214.SF0136	2.12	1
10713867	198214.SF0237	2.03	1
10717074	198214.SF3660	2.02	1
10715704	198214.SF2215	2.0	1
10715745	198214.SF2260	1.99	1
10714115	198214.SF0497	1.98	1
10714883	198214.SF1305	1.97	1
10714436	198214.SF0835	1.93	1
10717340	198214.SF3938	1.93	1
10717082	198214.SF3668	1.92	1
10714699	198214.SF1113	1.89	1
10713766	198214.SF0135	1.87	1
10713377	198214.CP0005	1.86	3
10717077	198214.SF3663	1.85	1
10717459	198214.SF4063	1.83	1
10716489	198214.SF3044	1.8	1
10715784	198214.SF2300	1.79	1
10715383	198214.SF1859	1.77	1
10714856	198214.SF1277	1.73	1
10713847	198214.SF0217	1.73	1
10716515	198214.SF3070	1.7	1
10714145	198214.SF0533	1.67	1
10715353	198214.SF1822	1.67	2
10714965	198214.SF1397	1.67	1
10715719	198214.SF2231	1.62	1
10714619	198214.SF1026	1.62	1
10717418	198214.SF4018	1.6	2
10716887	198214.SF3460	1.59	1
10715078	198214.SF1522	1.58	1
10713750	198214.SF0119	1.54	1
10717531	198214.SF4142	1.46	1
10716147	198214.SF2689	1.43	1
10717505	198214.SF4113	1.43	1
10713740	198214.SF0108	1.35	1
10713426	198214.CP0058	1.31	1
10713483	198214.CP0116	1.31	1
10713525	198214.CP0158	1.31	1
10716328	198214.SF2878	1.3	1
10715538	198214.SF2028	1.25	1
10715915	198214.SF2438	1.25	1
10717012	198214.SF3594	1.16	1
10715275	198214.SF1734	1.16	1
10715752	198214.SF2267	1.14	1
10714576	198214.SF0980	1.13	1
10714578	198214.SF0982	1.04	1
10715681	198214.SF2189	1.01	1
10713630	198214.CP0267	1.01	1
10717106	198214.SF3692	0.977	1
10715572	198214.SF2064	0.838	4
10713857	198214.SF0227	0.838	4
10717119	198214.SF3706	0.838	4
10714299	198214.SF0696	0.838	4
10713410	198214.CP0040	0.838	4
10713423	198214.CP0055	0.838	4
10713435	198214.CP0066	0.838	4
10715442	198214.SF1921	0.838	4
10713449	198214.CP0080	0.838	4
10713457	198214.CP0088	0.838	4
10716427	198214.SF2979	0.838	4
10713947	198214.SF0320	0.838	4
10713928	198214.SF0301	0.838	4
10713537	198214.CP0171	0.838	4
10713549	198214.CP0183	0.838	4
10714941	198214.SF1371	0.838	4
10715700	198214.SF2211	0.838	4
10714097	198214.SF0477	0.838	4
10714110	198214.SF0492	0.838	4
10713595	198214.CP0231	0.838	4
10714646	198214.SF1056	0.838	4
10714640	198214.SF1050	0.838	4
10715373	198214.SF1846	0.838	4
10716319	198214.SF2868	0.829	1
10716418	198214.SF2972	0.732	1
10713804	198214.SF0174	0.72	1
10716212	198214.SF2758	0.682	1
10713771	198214.SF0140	0.579	1
10713392	198214.CP0020	0.569	1
10714954	198214.SF1384	0.524	6
10716738	198214.SF3307	0.445	6
10715090	198214.SF1535	0.445	6
10716322	198214.SF2871	0.445	6
10717778	198214.SF4396	0.445	6
10716376	198214.SF2930	0.445	6
10716369	198214.SF2923	0.445	6
10714117	198214.SF0499	0.445	6
10716141	198214.SF2681	0.445	6
10717035	198214.SF3620	0.445	6
10715585	198214.SF2078	0.413	6
10714779	198214.SF1197	0.413	6
10717622	198214.SF4236	0.413	6
10717592	198214.SF4204	0.413	6
10717602	198214.SF4215	0.413	6
10715524	198214.SF2012	0.413	6
10713917	198214.SF0290	0.413	6
10713889	198214.SF0261	0.413	6
10715894	198214.SF2417	0.413	6
10713875	198214.SF0246	0.413	6
10717166	198214.SF3756	0.413	6
10713884	198214.SF0255	0.413	6
10717138	198214.SF3725	0.413	6
10717147	198214.SF3735	0.413	6
10715095	198214.SF1540	0.413	6
10715058	198214.SF1500	0.413	6
10715068	198214.SF1511	0.413	6
10715461	198214.SF1941	0.413	6
10717582	198214.SF4194	0.413	6
10717750	198214.SF4367	0.413	6
10715677	198214.SF2183	0.413	6
10715687	198214.SF2195	0.413	6
10716461	198214.SF3013	0.413	6
10717726	198214.SF4342	0.413	6
10716459	198214.SF3011	0.413	6
10715672	198214.SF2177	0.413	6
10717700	198214.SF4316	0.413	6
10715652	198214.SF2153	0.413	6
10717720	198214.SF4336	0.413	6
10715623	198214.SF2118	0.413	6
10717685	198214.SF4300	0.413	6
10714824	198214.SF1243	0.413	6
10717284	198214.SF3881	0.413	6
10715191	198214.SF1643	0.413	6
10717237	198214.SF3831	0.413	6
10716397	198214.SF2951	0.413	6
10717672	198214.SF4287	0.413	6
10716609	198214.SF3173	0.413	6
10716615	198214.SF3180	0.413	6
10716574	198214.SF3135	0.413	6
10713709	198214.SF0076	0.413	6
10715742	198214.SF2257	0.413	6
10716970	198214.SF3549	0.413	6
10716985	198214.SF3567	0.413	6
10713653	198214.SF0019	0.413	6
10716956	198214.SF3533	0.413	6
10715698	198214.SF2208	0.413	6
10714937	198214.SF1366	0.413	6
10717375	198214.SF3973	0.413	6
10714087	198214.SF0465	0.413	6
10714892	198214.SF1315	0.413	6
10717347	198214.SF3945	0.413	6
10717364	198214.SF3962	0.413	6
10715283	198214.SF1745	0.413	6
10715292	198214.SF1754	0.413	6
10715296	198214.SF1758	0.413	6
10715267	198214.SF1725	0.413	6
10715273	198214.SF1732	0.413	6
10714435	198214.SF0834	0.413	6
10716530	198214.SF3085	0.413	6
10717512	198214.SF4120	0.413	6
10716694	198214.SF3263	0.413	6
10715051	198214.SF1493	0.413	6
10717085	198214.SF3671	0.413	6
10715828	198214.SF2348	0.413	6
10717069	198214.SF3655	0.413	6
10714596	198214.SF1002	0.413	6
10717038	198214.SF3624	0.413	6
10717052	198214.SF3638	0.413	6
10716244	198214.SF2791	0.413	6
10714206	198214.SF0596	0.413	6
10714975	198214.SF1407	0.413	6
10717017	198214.SF3600	0.413	6
10715350	198214.SF1818	0.413	6
10714535	198214.SF0938	0.413	6
10714537	198214.SF0940	0.413	6
10717437	198214.SF4041	0.413	6
10713611	198214.CP0249	0.395	1
10714316	198214.SF0713	0.323	1
10715411	198214.SF1889	0.323	1
10714923	198214.SF1352	0.322	6
10714111	198214.SF0493	0.305	2
10715571	198214.SF2063	0.261	2
10715560	198214.SF2051	0.261	2
10715544	198214.SF2034	0.261	2
10713923	198214.SF0296	0.261	2
10717160	198214.SF3749	0.261	2
10713871	198214.SF0242	0.261	2
10715106	198214.SF1551	0.261	2
10714284	198214.SF0681	0.261	2
10714296	198214.SF0693	0.261	2
10714266	198214.SF0663	0.261	2
10715422	198214.SF1900	0.261	2
10717744	198214.SF4361	0.261	2
10715675	198214.SF2181	0.261	2
10714833	198214.SF1252	0.261	2
10716014	198214.SF2547	0.261	2
10713940	198214.SF0313	0.261	2
10717208	198214.SF3801	0.261	2
10713929	198214.SF0302	0.261	2
10714391	198214.SF0790	0.261	2
10713475	198214.CP0108	0.261	2
10714927	198214.SF1356	0.261	2
10714912	198214.SF1340	0.261	2
10715327	198214.SF1792	0.261	2
10713604	198214.CP0242	0.261	2
10713617	198214.CP0255	0.261	2
10716083	198214.SF2620	0.261	2
10714494	198214.SF0896	0.261	2
10714481	198214.SF0881	0.261	2
10714485	198214.SF0885	0.261	2
10714466	198214.SF0865	0.261	2
10716686	198214.SF3255	0.261	2
10714648	198214.SF1058	0.261	2
10714627	198214.SF1037	0.261	2
10716210	198214.SF2756	0.261	2
10714995	198214.SF1428	0.261	2
10715004	198214.SF1439	0.261	2
10715370	198214.SF1843	0.261	2
10715338	198214.SF1804	0.261	2
10717135	198214.SF3722	0.22	1
10717122	198214.SF3709	0.22	1
10714276	198214.SF0673	0.22	1
10716619	198214.SF3185	0.22	1
10714099	198214.SF0480	0.22	1
10715305	198214.SF1768	0.22	1
10716528	198214.SF3083	0.22	1
10715523	198214.SF2011	0.215	1
10714749	198214.SF1165	0.215	1
10713874	198214.SF0245	0.215	1
10715139	198214.SF1587	0.215	1
10713839	198214.SF0209	0.215	1
10716324	198214.SF2873	0.215	1
10717573	198214.SF4185	0.215	1
10716859	198214.SF3431	0.215	1
10717277	198214.SF3873	0.215	1
10715214	198214.SF1666	0.215	1
10716432	198214.SF2984	0.215	1
10717212	198214.SF3805	0.215	1
10713473	198214.CP0106	0.215	1
10714949	198214.SF1379	0.215	1
10716152	198214.SF2694	0.215	1
10717389	198214.SF3988	0.215	1
10716937	198214.SF3512	0.215	1
10714914	198214.SF1343	0.215	1
10716078	198214.SF2615	0.215	1
10714479	198214.SF0879	0.215	1
10714432	198214.SF0831	0.215	1
10713574	198214.CP0208	0.215	1
10714644	198214.SF1054	0.215	1
10715027	198214.SF1463	0.215	1
10714556	198214.SF0960	0.215	1
10717489	198214.SF4097	0.215	1
10714530	198214.SF0933	0.215	1
10713945	198214.SF0318	0.199	2
10715425	198214.SF1903	0.123	2
10715668	198214.SF2172	0.123	2
10714070	198214.SF0448	0.097	2
