#id: 1231515390
#name: P.aeruginosa - Whole organism, Biofilm, SC (Toyofuku,j_proteome_res,2012)
#score: 7.2
#weight:  45%
#description: abundance based on Spectral counting, biofilm, Interaction consistency score: 7.2, Coverage: 31
#organ: WHOLE_ORGANISM
#integrated: false
#coverage: 31
#link: http://www.ncbi.nlm.nih.gov/pubmed/22909304
#publication_year: 2012
#filename: 208964-Pseudomonas_aeruginosa_SC_biomart_22024_E__1reps.txt
#
#internal_id	string_external_id	abundance	raw_spectral_count
63151502	208964.PA4385	8761	229
63149741	208964.PA2623	6508	177
63152368	208964.PA5253	5942	31
63151382	208964.PA4265	5811	318
63151394	208964.PA4277	5811	318
63151374	208964.PA4257	5709	57
63150280	208964.PA3162	5134	162
63151356	208964.PA4239	4962	60
63151383	208964.PA4266	4889	257
63149609	208964.PA2491	4652	91
63151353	208964.PA4236	4413	109
63151684	208964.PA4568	4388	28
63152287	208964.PA5172	4250	76
63151355	208964.PA4238	4242	87
63152286	208964.PA5171	4224	132
63151377	208964.PA4260	4221	61
63150070	208964.PA2952	3902	52
63149859	208964.PA2741	3880	12
63151365	208964.PA4248	3818	29
63149505	208964.PA2386	3805	116
63148896	208964.PA1777	3800	69
63150069	208964.PA2951	3683	47
63151380	208964.PA4263	3672	40
63148706	208964.PA1587	3600	102
63148707	208964.PA1588	3454	104
63150646	208964.PA3529	3427	43
63151387	208964.PA4270	3311	295
63151855	208964.PA4740	3301	135
63151876	208964.PA4761	3251	114
63151386	208964.PA4269	3220	268
63149120	208964.PA2001	3198	63
63148728	208964.PA1609	3196	43
63150094	208964.PA2976	3171	139
63147663	208964.PA0546	3138	65
63147969	208964.PA0852	3064	54
63152161	208964.PA5046	3004	74
63149612	208964.PA2494	2944	122
63150937	208964.PA3820	2923	35
63148705	208964.PA1586	2921	54
63147515	208964.PA0399	2909	76
63147548	208964.PA0432	2907	106
63152130	208964.PA5015	2890	143
63147254	208964.PA0139	2879	43
63147117	208964.PA0002	2847	48
63148702	208964.PA1583	2826	90
63147769	208964.PA0652	2819	37
63151370	208964.PA4253	2813	19
63152672	208964.PA5556	2804	85
63148022	208964.PA0905	2764	6
63151785	208964.PA4670	2730	63
63148906	208964.PA1787	2697	166
63152670	208964.PA5554	2677	88
63151587	208964.PA4470	2646	48
63148889	208964.PA1770	2633	130
63151859	208964.PA4744	2626	109
63147563	208964.PA0447	2625	51
63148699	208964.PA1580	2578	54
63148454	208964.PA1337	2578	49
63150887	208964.PA3770	2569	79
63148209	208964.PA1092	2553	61
63151549	208964.PA4432	2536	18
63150772	208964.PA3655	2523	49
63148919	208964.PA1800	2505	86
63152128	208964.PA5013	2495	38
63150699	208964.PA3582	2470	76
63150938	208964.PA3821	2454	83
63151334	208964.PA4217	2404	47
63150276	208964.PA3158	2400	37
63150773	208964.PA3656	2390	28
63150361	208964.PA3244	2381	36
63149368	208964.PA2249	2373	53
63152175	208964.PA5060	2370	18
63151345	208964.PA4228	2347	58
63151808	208964.PA4694	2347	46
63148704	208964.PA1585	2328	103
63147665	208964.PA0548	2324	72
63148681	208964.PA1562	2319	89
63147576	208964.PA0459	2308	130
63151384	208964.PA4267	2275	18
63150859	208964.PA3742	2267	20
63147982	208964.PA0865	2226	52
63148708	208964.PA1589	2217	39
63150642	208964.PA3525	2192	50
63150948	208964.PA3831	2191	74
63150277	208964.PA3159	2180	73
63147911	208964.PA0795	2177	53
63150754	208964.PA3637	2128	77
63148715	208964.PA1596	2115	110
63150312	208964.PA3195	2084	41
63150701	208964.PA3584	2038	69
63151446	208964.PA4329	2035	70
63147672	208964.PA0555	2034	36
63152215	208964.PA5100	2023	62
63151963	208964.PA4848	2020	51
63147705	208964.PA0588	2012	81
63152307	208964.PA5192	2011	56
63149611	208964.PA2493	2006	56
63148115	208964.PA0998	2004	41
63152234	208964.PA5119	1996	59
63150119	208964.PA3001	1995	58
63152056	208964.PA4941	1991	27
63147382	208964.PA0266	1988	56
63151343	208964.PA4226	1988	172
63151487	208964.PA4370	1977	44
63149671	208964.PA2553	1968	48
63152246	208964.PA5131	1968	45
63151469	208964.PA4352	1967	33
63150257	208964.PA3139	1966	68
63151658	208964.PA4542	1966	131
63151860	208964.PA4745	1930	49
63151523	208964.PA4406	1900	37
63150734	208964.PA3617	1892	45
63151116	208964.PA3999	1879	38
63147696	208964.PA0579	1877	3
63150132	208964.PA3014	1862	78
63148075	208964.PA0958	1852	41
63151359	208964.PA4242	1846	1
63147693	208964.PA0576	1841	46
63147381	208964.PA0265	1839	51
63151326	208964.PA4209	1835	38
63150285	208964.PA3168	1813	84
63150311	208964.PA3194	1804	54
63149369	208964.PA2250	1787	66
63148080	208964.PA0963	1786	69
63150186	208964.PA3068	1784	191
63150698	208964.PA3581	1782	10
63151567	208964.PA4450	1769	37
63152131	208964.PA5016	1763	67
63147599	208964.PA0482	1755	78
63148273	208964.PA1156	1752	99
63149742	208964.PA2624	1752	87
63151368	208964.PA4251	1751	18
63152419	208964.PA5304	1746	46
63152193	208964.PA5078	1733	52
63149134	208964.PA2015	1728	39
63150907	208964.PA3790	1721	84
63150752	208964.PA3635	1710	35
63149878	208964.PA2760	1697	43
63151520	208964.PA4403	1686	87
63150416	208964.PA3299	1679	52
63147432	208964.PA0316	1677	49
63150109	208964.PA2991	1675	49
63152376	208964.PA5261	1668	30
63147541	208964.PA0425	1663	30
63151338	208964.PA4221	1661	75
63148004	208964.PA0887	1656	67
63148012	208964.PA0895	1629	45
63149734	208964.PA2616	1626	17
63148078	208964.PA0961	1626	6
63152437	208964.PA5322	1619	52
63151786	208964.PA4671	1614	25
63150284	208964.PA3167	1603	31
63151676	208964.PA4560	1601	92
63148922	208964.PA1803	1599	85
63150917	208964.PA3800	1583	31
63151871	208964.PA4756	1574	99
63147256	208964.PA0141	1565	30
63151390	208964.PA4273	1549	26
63151756	208964.PA4640	1547	42
63148952	208964.PA1833	1540	31
63147138	208964.PA0023	1537	30
63151364	208964.PA4247	1535	11
63151434	208964.PA4317	1522	7
63152431	208964.PA5316	1522	8
63148089	208964.PA0972	1513	46
63151361	208964.PA4244	1506	11
63149857	208964.PA2739	1501	66
63152057	208964.PA4942	1498	33
63151598	208964.PA4481	1496	35
63148073	208964.PA0956	1494	56
63148913	208964.PA1794	1492	57
63150266	208964.PA3148	1488	35
63149517	208964.PA2398	1479	80
63152550	208964.PA5435	1476	57
63150588	208964.PA3471	1472	38
63147516	208964.PA0400	1469	29
63149238	208964.PA2119	1461	27
63151378	208964.PA4261	1461	6
63147407	208964.PA0291	1455	39
63151874	208964.PA4759	1447	31
63151104	208964.PA3987	1441	77
63148703	208964.PA1584	1438	30
63151711	208964.PA4595	1435	60
63152288	208964.PA5173	1430	19
63152542	208964.PA5427	1428	28
63152289	208964.PA5174	1425	55
63149827	208964.PA2709	1421	28
63152159	208964.PA5044	1420	32
63150071	208964.PA2953	1418	53
63149649	208964.PA2531	1413	39
63147909	208964.PA0793	1410	22
63152427	208964.PA5312	1410	38
63151642	208964.PA4525	1409	10
63150687	208964.PA3570	1401	38
63150931	208964.PA3814	1399	43
63150886	208964.PA3769	1396	56
63152684	208964.PA5568	1386	30
63151341	208964.PA4224	1382	25
63149862	208964.PA2744	1374	58
63151969	208964.PA4854	1373	55
63150426	208964.PA3309	1372	17
63149513	208964.PA2394	1369	33
63149127	208964.PA2008	1360	36
63151601	208964.PA4484	1355	45
63147712	208964.PA0595	1353	86
63147987	208964.PA0870	1352	44
63151094	208964.PA3977	1346	31
63152232	208964.PA5117	1342	32
63149933	208964.PA2815	1337	70
63150783	208964.PA3666	1337	25
63152358	208964.PA5243	1334	18
63152357	208964.PA5242	1326	80
63151385	208964.PA4268	1322	7
63148921	208964.PA1802	1318	37
63148020	208964.PA0903	1313	76
63149563	208964.PA2445	1312	62
63152052	208964.PA4937	1307	67
63151373	208964.PA4256	1306	9
63150273	208964.PA3155	1306	32
63151473	208964.PA4356	1298	24
63147895	208964.PA0779	1297	62
63151815	208964.PA4701	1294	52
63149133	208964.PA2014	1293	46
63149752	208964.PA2634	1285	46
63150730	208964.PA3613	1276	64
63151550	208964.PA4433	1275	11
63149235	208964.PA2116	1274	17
63151360	208964.PA4243	1274	17
63152166	208964.PA5051	1270	42
63150201	208964.PA3083	1267	98
63150403	208964.PA3286	1267	28
63151354	208964.PA4237	1259	8
63150880	208964.PA3763	1257	90
63152354	208964.PA5239	1250	47
63152671	208964.PA5555	1246	20
63150951	208964.PA3834	1244	73
63151559	208964.PA4442	1240	52
63149760	208964.PA2642	1230	64
63149128	208964.PA2009	1219	29
63150068	208964.PA2950	1210	31
63150131	208964.PA3013	1198	23
63151339	208964.PA4222	1195	42
63150599	208964.PA3482	1192	61
63152225	208964.PA5110	1192	14
63151342	208964.PA4225	1191	131
63149613	208964.PA2495	1190	34
63150233	208964.PA3115	1182	49
63150300	208964.PA3183	1181	40
63147119	208964.PA0004	1180	55
63151371	208964.PA4254	1168	4
63150443	208964.PA3326	1166	10
63151105	208964.PA3988	1161	16
63152053	208964.PA4938	1161	32
63149722	208964.PA2604	1161	6
63149144	208964.PA2025	1158	37
63151685	208964.PA4569	1151	25
63150083	208964.PA2965	1143	19
63152417	208964.PA5302	1141	21
63151600	208964.PA4483	1138	36
63150514	208964.PA3397	1130	23
63149989	208964.PA2871	1127	20
63147512	208964.PA0396	1116	29
63150226	208964.PA3108	1113	38
63150817	208964.PA3700	1112	45
63148191	208964.PA1074	1107	20
63152668	208964.PA5552	1107	25
63152079	208964.PA4964	1104	49
63148405	208964.PA1288	1102	28
63147518	208964.PA0402	1101	31
63151335	208964.PA4218	1100	15
63150771	208964.PA3654	1099	16
63147135	208964.PA0020	1099	17
63150852	208964.PA3735	1095	35
63151718	208964.PA4602	1095	20
63148957	208964.PA1838	1095	40
63149118	208964.PA1999	1085	8
63149757	208964.PA2639	1085	47
63147415	208964.PA0299	1080	24
63147182	208964.PA0067	1068	53
63147527	208964.PA0411	1061	30
63151565	208964.PA4448	1060	33
63149982	208964.PA2864	1058	4
63151847	208964.PA4732	1055	37
63147123	208964.PA0008	1055	47
63147651	208964.PA0534	1051	27
63150731	208964.PA3614	1047	32
63148018	208964.PA0901	1039	22
63149421	208964.PA2302	1038	146
63151379	208964.PA4262	1036	13
63147669	208964.PA0552	1030	27
63152488	208964.PA5373	1028	27
63149190	208964.PA2071	1027	76
63150868	208964.PA3751	1026	27
63151670	208964.PA4554	1026	58
63147199	208964.PA0084	1023	25
63148295	208964.PA1178	1022	12
63150746	208964.PA3629	1014	13
63149931	208964.PA2813	1013	17
63151340	208964.PA4223	1011	24
63150268	208964.PA3150	1007	20
63148869	208964.PA1750	1005	18
63151450	208964.PA4333	1004	31
63152261	208964.PA5146	1003	47
63149914	208964.PA2796	1002	21
63152074	208964.PA4959	1001	40
63150598	208964.PA3481	1001	17
63152551	208964.PA5436	1000	29
63149131	208964.PA2012	999	34
63150108	208964.PA2990	993	15
63151572	208964.PA4455	983	12
63148924	208964.PA1805	983	40
63148021	208964.PA0904	981	31
63151184	208964.PA4067	980	13
63150732	208964.PA3615	977	18
63150761	208964.PA3644	974	11
63149511	208964.PA2392	974	31
63149949	208964.PA2831	969	22
63147544	208964.PA0428	967	40
63151528	208964.PA4411	967	14
63147966	208964.PA0849	964	15
63149969	208964.PA2851	964	11
63149366	208964.PA2247	963	25
63152339	208964.PA5224	962	32
63147636	208964.PA0519	961	40
63152665	208964.PA5549	959	35
63151864	208964.PA4749	956	24
63152120	208964.PA5005	952	34
63150804	208964.PA3687	949	58
63150129	208964.PA3011	948	51
63150765	208964.PA3648	946	41
63147777	208964.PA0660	946	13
63147952	208964.PA0835	939	32
63151250	208964.PA4133	938	11
63147469	208964.PA0353	929	30
63150758	208964.PA3641	919	11
63149531	208964.PA2413	918	27
63152153	208964.PA5038	917	17
63147965	208964.PA0848	914	12
63152155	208964.PA5040	907	46
63148489	208964.PA1372	906	40
63151540	208964.PA4423	903	29
63150444	208964.PA3327	900	145
63150840	208964.PA3723	900	17
63152372	208964.PA5257	897	31
63149122	208964.PA2003	897	13
63147882	208964.PA0766	895	17
63152330	208964.PA5215	895	13
63148051	208964.PA0934	894	47
63147908	208964.PA0792	893	27
63152195	208964.PA5080	892	21
63150445	208964.PA3328	890	20
63148663	208964.PA1546	888	22
63149861	208964.PA2743	888	9
63150140	208964.PA3022	887	14
63152544	208964.PA5429	886	15
63149738	208964.PA2620	884	42
63151585	208964.PA4468	881	6
63148079	208964.PA0962	880	9
63147898	208964.PA0782	878	68
63150654	208964.PA3537	878	20
63152609	208964.PA5493	877	57
63151307	208964.PA4190	877	23
63151548	208964.PA4431	873	12
63152178	208964.PA5063	871	18
63151866	208964.PA4751	869	33
63152528	208964.PA5413	867	16
63147543	208964.PA0427	867	29
63150846	208964.PA3729	860	42
63150373	208964.PA3256	853	19
63147517	208964.PA0401	851	22
63148116	208964.PA0999	850	20
63147910	208964.PA0794	848	47
63150235	208964.PA3117	847	18
63151547	208964.PA4430	841	16
63149152	208964.PA2033	841	8
63150756	208964.PA3639	837	16
63149419	208964.PA2300	834	21
63147529	208964.PA0413	830	117
63147862	208964.PA0745	829	16
63151525	208964.PA4408	828	29
63152392	208964.PA5277	825	31
63150809	208964.PA3692	820	12
63147408	208964.PA0292	810	16
63147779	208964.PA0662	810	22
63148676	208964.PA1557	809	10
63147217	208964.PA0102	809	10
63151392	208964.PA4275	808	10
63151692	208964.PA4576	802	47
63149518	208964.PA2399	801	145
63147863	208964.PA0746	800	21
63152278	208964.PA5163	799	16
63148729	208964.PA1610	795	7
63149542	208964.PA2424	794	251
63150252	208964.PA3134	794	30
63151351	208964.PA4234	789	48
63150085	208964.PA2967	787	9
63147953	208964.PA0836	785	20
63152446	208964.PA5331	781	13
63150364	208964.PA3247	780	24
63150862	208964.PA3745	778	4
63151363	208964.PA4246	771	9
63152089	208964.PA4974	771	26
63148252	208964.PA1135	771	10
63148873	208964.PA1754	770	16
63151643	208964.PA4526	768	29
63151171	208964.PA4054	768	22
63151970	208964.PA4855	766	20
63152613	208964.PA5497	763	38
63149449	208964.PA2330	760	24
63149853	208964.PA2735	757	42
63148060	208964.PA0943	755	12
63148319	208964.PA1202	753	5
63147511	208964.PA0395	751	21
63150448	208964.PA3331	749	13
63150447	208964.PA3330	748	13
63149747	208964.PA2629	748	18
63147539	208964.PA0423	746	13
63147542	208964.PA0426	745	35
63147215	208964.PA0100	744	10
63148296	208964.PA1179	739	12
63149367	208964.PA2248	737	14
63151844	208964.PA4729	736	8
63150225	208964.PA3107	734	20
63152265	208964.PA5150	731	10
63152276	208964.PA5161	730	16
63149858	208964.PA2740	722	19
63147255	208964.PA0140	719	24
63151790	208964.PA4675	719	30
63148908	208964.PA1789	718	14
63150916	208964.PA3799	717	20
63149525	208964.PA2407	717	14
63152169	208964.PA5054	717	21
63150509	208964.PA3392	715	22
63150117	208964.PA2999	715	22
63151323	208964.PA4206	714	19
63147785	208964.PA0668	700	20
63151433	208964.PA4316	699	26
63151873	208964.PA4758	696	10
63151519	208964.PA4402	695	18
63149516	208964.PA2397	692	20
63147562	208964.PA0446	691	14
63152537	208964.PA5422	690	19
63151606	208964.PA4489	689	60
63148014	208964.PA0897	689	15
63148013	208964.PA0896	688	12
63148410	208964.PA1293	687	12
63150112	208964.PA2994	685	18
63148675	208964.PA1556	684	8
63151089	208964.PA3972	683	29
63151324	208964.PA4207	683	36
63151531	208964.PA4414	680	22
63150425	208964.PA3308	676	39
63149316	208964.PA2197	676	15
63149512	208964.PA2393	676	27
63148914	208964.PA1795	675	25
63147205	208964.PA0090	674	42
63150909	208964.PA3792	671	30
63152316	208964.PA5201	671	37
63150576	208964.PA3459	669	30
63149024	208964.PA1905	668	18
63152378	208964.PA5263	668	21
63151297	208964.PA4180	664	18
63151842	208964.PA4727	664	24
63151333	208964.PA4216	663	18
63149313	208964.PA2194	661	21
63151517	208964.PA4400	661	7
63148575	208964.PA1458	657	23
63148114	208964.PA0997	657	10
63148915	208964.PA1796	655	11
63151636	208964.PA4519	654	22
63150803	208964.PA3686	652	9
63152449	208964.PA5334	652	7
63147861	208964.PA0744	649	17
63149142	208964.PA2023	648	11
63151087	208964.PA3970	646	23
63152140	208964.PA5025	645	17
63149409	208964.PA2290	645	30
63152332	208964.PA5217	644	8
63151546	208964.PA4429	644	11
63147124	208964.PA0009	640	13
63151358	208964.PA4241	638	5
63147726	208964.PA0609	637	23
63147139	208964.PA0024	637	12
63149916	208964.PA2798	633	15
63151139	208964.PA4022	632	35
63151506	208964.PA4389	632	10
63150696	208964.PA3579	626	22
63149515	208964.PA2396	626	10
63147245	208964.PA0130	625	17
63150304	208964.PA3187	624	18
63148886	208964.PA1767	623	20
63149888	208964.PA2770	622	11
63152116	208964.PA5001	621	16
63152022	208964.PA4907	620	9
63150342	208964.PA3225	620	13
63149442	208964.PA2323	617	25
63150753	208964.PA3636	617	11
63151316	208964.PA4199	617	26
63152393	208964.PA5278	616	12
63150853	208964.PA3736	616	15
63151612	208964.PA4495	611	8
63147623	208964.PA0506	611	20
63147433	208964.PA0317	608	17
63150097	208964.PA2979	608	9
63149188	208964.PA2069	608	28
63150466	208964.PA3349	607	16
63147971	208964.PA0854	605	16
63151247	208964.PA4130	603	26
63152464	208964.PA5349	602	15
63151318	208964.PA4201	600	7
63150168	208964.PA3050	598	13
63152160	208964.PA5045	597	31
63151556	208964.PA4439	596	16
63148127	208964.PA1010	596	15
63150380	208964.PA3263	595	11
63148856	208964.PA1737	592	23
63151957	208964.PA4842	590	12
63150379	208964.PA3262	589	10
63151124	208964.PA4007	587	22
63150737	208964.PA3620	587	36
63147887	208964.PA0771	584	13
63147883	208964.PA0767	584	21
63152086	208964.PA4971	584	6
63150965	208964.PA3848	584	15
63151927	208964.PA4812	581	41
63149946	208964.PA2828	580	14
63152192	208964.PA5077	579	26
63150919	208964.PA3802	579	18
63148130	208964.PA1013	577	8
63149705	208964.PA2587	577	16
63150288	208964.PA3171	576	9
63151654	208964.PA4538	571	16
63151564	208964.PA4447	571	10
63150199	208964.PA3081	570	16
63148693	208964.PA1574	569	3
63152082	208964.PA4967	569	23
63148947	208964.PA1828	567	7
63149519	208964.PA2400	566	97
63150583	208964.PA3466	566	18
63149670	208964.PA2552	565	11
63147711	208964.PA0594	561	19
63151722	208964.PA4606	560	12
63147523	208964.PA0407	558	14
63152035	208964.PA4920	558	9
63150301	208964.PA3184	557	12
63148170	208964.PA1053	556	4
63150597	208964.PA3480	556	5
63150813	208964.PA3696	555	9
63150544	208964.PA3427	555	9
63152158	208964.PA5043	554	5
63147151	208964.PA0036	549	12
63150283	208964.PA3166	545	16
63151848	208964.PA4733	545	23
63151369	208964.PA4252	545	3
63150700	208964.PA3583	545	10
63149959	208964.PA2841	541	9
63150223	208964.PA3105	541	19
63150122	208964.PA3004	540	7
63151439	208964.PA4322	539	9
63152623	208964.PA5507	539	9
63152213	208964.PA5098	538	13
63148547	208964.PA1430	538	10
63148959	208964.PA1840	538	3
63152461	208964.PA5346	536	13
63152072	208964.PA4957	534	7
63149126	208964.PA2007	534	9
63150763	208964.PA3646	531	9
63151823	208964.PA4709	530	16
63151362	208964.PA4245	529	1
63152347	208964.PA5232	529	15
63151788	208964.PA4673	528	14
63149508	208964.PA2389	527	15
63151836	208964.PA4722	525	12
63150920	208964.PA3803	523	15
63151529	208964.PA4412	520	11
63152133	208964.PA5018	516	8
63152034	208964.PA4919	516	19
63151101	208964.PA3984	516	13
63151534	208964.PA4417	516	23
63150307	208964.PA3190	515	13
63150086	208964.PA2968	513	8
63151524	208964.PA4407	513	13
63150160	208964.PA3042	512	3
63152447	208964.PA5332	511	10
63148005	208964.PA0888	509	11
63151388	208964.PA4271	508	2
63149759	208964.PA2641	506	16
63150848	208964.PA3731	505	7
63151036	208964.PA3919	505	11
63150578	208964.PA3461	505	12
63149825	208964.PA2707	503	14
63150286	208964.PA3169	502	9
63148276	208964.PA1159	501	2
63147200	208964.PA0085	500	6
63151349	208964.PA4232	499	7
63151039	208964.PA3922	498	11
63147453	208964.PA0337	496	29
63147447	208964.PA0331	495	17
63152356	208964.PA5241	494	20
63150230	208964.PA3112	494	8
63152373	208964.PA5258	494	13
63151533	208964.PA4416	493	16
63150446	208964.PA3329	488	17
63149266	208964.PA2147	487	17
63150695	208964.PA3578	487	6
63149354	208964.PA2235	486	24
63151681	208964.PA4565	485	9
63150978	208964.PA3861	484	12
63151962	208964.PA4847	483	3
63151432	208964.PA4315	481	3
63149119	208964.PA2000	481	7
63151901	208964.PA4786	480	15
63148128	208964.PA1011	480	9
63151127	208964.PA4010	480	8
63150120	208964.PA3002	474	39
63147546	208964.PA0430	474	10
63150298	208964.PA3181	474	6
63149510	208964.PA2391	473	14
63150719	208964.PA3602	473	18
63152319	208964.PA5204	473	10
63151375	208964.PA4258	472	2
63150585	208964.PA3468	471	14
63151591	208964.PA4474	469	12
63148962	208964.PA1843	468	30
63151594	208964.PA4477	467	18
63149730	208964.PA2612	467	12
63151248	208964.PA4131	466	15
63152336	208964.PA5221	466	12
63150206	208964.PA3088	466	8
63149882	208964.PA2764	465	6
63149199	208964.PA2080	464	12
63147418	208964.PA0302	462	9
63151589	208964.PA4472	461	18
63150091	208964.PA2973	459	8
63152047	208964.PA4932	459	5
63148456	208964.PA1339	458	6
63150770	208964.PA3653	457	5
63148671	208964.PA1553	457	6
63152111	208964.PA4996	456	16
63147770	208964.PA0653	454	4
63152180	208964.PA5065	453	20
63148560	208964.PA1443	452	8
63152054	208964.PA4939	451	11
63151560	208964.PA4443	447	7
63152556	208964.PA5441	446	22
63150572	208964.PA3455	446	18
63150303	208964.PA3186	445	23
63151552	208964.PA4435	443	12
63148885	208964.PA1766	442	11
63150927	208964.PA3810	442	21
63152129	208964.PA5014	442	31
63149941	208964.PA2823	442	8
63151907	208964.PA4792	442	11
63147497	208964.PA0381	441	8
63149560	208964.PA2442	441	10
63151196	208964.PA4079	440	6
63151824	208964.PA4710	440	24
63150644	208964.PA3527	440	11
63148015	208964.PA0898	439	13
63151954	208964.PA4839	438	22
63149410	208964.PA2291	438	23
63149520	208964.PA2402	436	169
63151829	208964.PA4715	435	10
63151610	208964.PA4493	434	3
63151682	208964.PA4566	432	8
63148421	208964.PA1304	432	23
63147185	208964.PA0070	432	5
63150374	208964.PA3257	431	18
63150454	208964.PA3337	431	12
63152568	208964.PA5453	430	9
63147884	208964.PA0768	429	9
63151660	208964.PA4544	429	7
63149351	208964.PA2232	427	15
63148920	208964.PA1801	425	4
63151644	208964.PA4528	424	4
63151731	208964.PA4615	419	8
63150450	208964.PA3333	418	7
63152459	208964.PA5344	418	12
63150259	208964.PA3141	418	17
63151863	208964.PA4748	416	4
63149233	208964.PA2114	416	9
63149647	208964.PA2529	415	13
63152674	208964.PA5558	414	5
63149756	208964.PA2638	413	8
63150972	208964.PA3855	412	5
63151850	208964.PA4735	410	31
63147822	208964.PA0705	409	7
63147703	208964.PA0586	409	10
63149318	208964.PA2199	408	9
63152125	208964.PA5010	407	9
63150671	208964.PA3554	406	18
63152277	208964.PA5162	405	10
63147490	208964.PA0374	404	8
63149509	208964.PA2390	404	13
63148214	208964.PA1097	403	12
63148158	208964.PA1041	403	2
63152662	208964.PA5546	403	11
63148186	208964.PA1069	401	24
63149314	208964.PA2195	401	12
63152669	208964.PA5553	400	3
63149023	208964.PA1904	397	13
63151332	208964.PA4215	397	13
63148062	208964.PA0945	395	8
63149069	208964.PA1950	395	8
63151389	208964.PA4272	394	4
63148244	208964.PA1127	394	8
63151146	208964.PA4029	394	2
63148272	208964.PA1155	393	12
63150474	208964.PA3357	391	11
63152249	208964.PA5134	389	11
63151704	208964.PA4588	387	15
63150269	208964.PA3151	386	6
63151280	208964.PA4163	384	15
63152150	208964.PA5035	384	11
63151489	208964.PA4372	383	9
63148054	208964.PA0937	382	3
63149655	208964.PA2537	381	7
63147864	208964.PA0747	381	14
63149103	208964.PA1984	380	26
63148044	208964.PA0927	380	7
63151810	208964.PA4696	379	11
63151679	208964.PA4563	378	1
63152191	208964.PA5076	377	8
63150863	208964.PA3746	375	11
63150992	208964.PA3875	375	34
63148016	208964.PA0899	375	11
63148940	208964.PA1821	374	6
63151431	208964.PA4314	374	6
63148646	208964.PA1529	371	20
63147912	208964.PA0796	370	6
63149424	208964.PA2305	370	24
63147875	208964.PA0759	367	8
63150686	208964.PA3569	367	6
63147444	208964.PA0328	367	14
63148912	208964.PA1793	366	3
63150123	208964.PA3005	366	6
63149232	208964.PA2113	366	11
63148668	208964.PA1551	366	12
63151615	208964.PA4498	364	12
63150473	208964.PA3356	364	7
63151195	208964.PA4078	363	20
63147116	208964.PA0001	363	10
63151663	208964.PA4547	363	11
63152220	208964.PA5105	359	6
63148102	208964.PA0985	359	8
63150940	208964.PA3823	358	9
63152051	208964.PA4936	358	7
63147553	208964.PA0437	357	7
63151875	208964.PA4760	357	8
63148701	208964.PA1582	356	2
63150915	208964.PA3798	354	8
63152227	208964.PA5112	354	13
63151776	208964.PA4661	353	4
63148607	208964.PA1490	352	6
63149663	208964.PA2545	352	7
63150807	208964.PA3690	352	17
63151098	208964.PA3981	351	6
63147131	208964.PA0016	351	8
63151367	208964.PA4250	350	1
63152536	208964.PA5421	350	7
63150922	208964.PA3805	350	7
63150569	208964.PA3452	348	9
63151877	208964.PA4762	348	4
63150156	208964.PA3038	348	10
63150970	208964.PA3853	347	6
63148086	208964.PA0969	347	3
63152435	208964.PA5320	346	9
63152151	208964.PA5036	346	32
63149022	208964.PA1903	345	37
63151331	208964.PA4214	345	37
63148932	208964.PA1813	345	7
63151987	208964.PA4872	344	7
63148459	208964.PA1342	343	8
63152073	208964.PA4958	343	9
63150125	208964.PA3007	342	6
63149279	208964.PA2160	342	15
63149019	208964.PA1900	340	5
63151983	208964.PA4868	340	7
63152119	208964.PA5004	340	8
63150236	208964.PA3118	340	8
63148800	208964.PA1681	340	10
63149669	208964.PA2551	339	9
63148611	208964.PA1494	338	10
63148937	208964.PA1818	337	18
63151483	208964.PA4366	336	4
63149163	208964.PA2044	335	16
63150483	208964.PA3366	332	7
63149672	208964.PA2554	330	7
63148888	208964.PA1769	330	5
63151755	208964.PA4639	328	5
63149231	208964.PA2112	327	5
63150274	208964.PA3156	327	3
63148797	208964.PA1678	327	4
63149693	208964.PA2575	326	5
63150762	208964.PA3645	326	3
63149464	208964.PA2345	326	9
63152031	208964.PA4916	325	6
63148150	208964.PA1033	324	3
63148673	208964.PA1555	321	7
63149762	208964.PA2644	319	4
63147237	208964.PA0122	317	2
63147704	208964.PA0587	317	9
63151608	208964.PA4491	316	10
63151664	208964.PA4548	316	8
63149504	208964.PA2385	314	17
63148942	208964.PA1823	314	5
63148492	208964.PA1375	313	7
63152676	208964.PA5560	313	5
63149958	208964.PA2840	312	12
63150452	208964.PA3335	312	6
63149526	208964.PA2408	312	7
63151232	208964.PA4115	310	9
63152328	208964.PA5213	310	17
63148117	208964.PA1000	310	10
63147675	208964.PA0558	310	5
63150270	208964.PA3152	309	5
63150296	208964.PA3179	307	7
63148300	208964.PA1183	307	3
63148579	208964.PA1462	305	4
63152076	208964.PA4961	303	8
63149769	208964.PA2651	303	2
63149650	208964.PA2532	303	4
63151677	208964.PA4561	302	8
63150525	208964.PA3408	302	18
63152673	208964.PA5557	301	4
63149648	208964.PA2530	300	8
63147194	208964.PA0079	300	11
63152324	208964.PA5209	300	9
63149761	208964.PA2643	300	6
63147633	208964.PA0516	299	10
63152291	208964.PA5176	299	4
63149906	208964.PA2788	299	7
63147721	208964.PA0604	298	7
63152106	208964.PA4991	297	10
63150278	208964.PA3160	296	7
63150776	208964.PA3659	295	6
63147179	208964.PA0064	293	2
63150077	208964.PA2959	293	4
63149770	208964.PA2652	293	10
63152367	208964.PA5252	291	14
63152087	208964.PA4972	290	5
63152558	208964.PA5443	290	14
63151551	208964.PA4434	287	8
63147550	208964.PA0434	287	11
63151623	208964.PA4506	284	6
63147470	208964.PA0354	283	7
63149993	208964.PA2875	282	8
63148649	208964.PA1532	282	11
63151818	208964.PA4704	282	6
63151357	208964.PA4240	281	3
63152428	208964.PA5313	281	10
63148105	208964.PA0988	281	2
63148600	208964.PA1483	281	9
63150885	208964.PA3768	280	10
63150757	208964.PA3640	280	28
63148777	208964.PA1658	280	11
63151013	208964.PA3896	280	6
63151328	208964.PA4211	280	4
63149843	208964.PA2725	280	12
63150310	208964.PA3193	279	5
63148577	208964.PA1460	279	3
63152346	208964.PA5231	278	19
63151841	208964.PA4726	277	7
63151772	208964.PA4657	277	5
63149930	208964.PA2812	276	8
63152257	208964.PA5142	276	6
63151804	208964.PA4689	276	18
63151020	208964.PA3903	274	9
63148183	208964.PA1066	274	4
63150325	208964.PA3208	273	5
63152296	208964.PA5181	273	16
63147536	208964.PA0420	273	10
63151249	208964.PA4132	273	10
63148181	208964.PA1064	273	4
63148761	208964.PA1642	271	5
63149161	208964.PA2042	270	4
63151683	208964.PA4567	270	1
63147689	208964.PA0572	270	14
63147134	208964.PA0019	270	2
63148166	208964.PA1049	270	4
63148072	208964.PA0955	269	6
63148610	208964.PA1493	267	4
63149450	208964.PA2331	266	3
63152325	208964.PA5210	265	13
63149527	208964.PA2409	265	2
63151161	208964.PA4044	265	8
63148867	208964.PA1748	264	3
63152067	208964.PA4952	264	7
63152112	208964.PA4997	263	10
63150430	208964.PA3313	262	7
63151041	208964.PA3924	261	10
63150359	208964.PA3242	261	4
63151801	208964.PA4686	260	17
63152605	208964.PA5489	259	3
63150147	208964.PA3029	258	4
63148806	208964.PA1687	258	4
63151352	208964.PA4235	258	3
63149850	208964.PA2732	258	21
63147877	208964.PA0761	257	10
63150945	208964.PA3828	256	8
63150116	208964.PA2998	256	2
63150829	208964.PA3712	256	3
63152164	208964.PA5049	255	2
63150256	208964.PA3138	255	12
63150669	208964.PA3552	253	8
63147192	208964.PA0077	253	21
63149744	208964.PA2626	252	7
63150906	208964.PA3789	252	9
63150742	208964.PA3625	252	2
63152453	208964.PA5338	251	12
63147498	208964.PA0382	251	4
63150007	208964.PA2889	251	7
63150093	208964.PA2975	250	3
63152127	208964.PA5012	250	6
63150299	208964.PA3182	249	4
63150641	208964.PA3524	247	2
63152481	208964.PA5366	247	5
63152279	208964.PA5164	246	4
63148637	208964.PA1520	246	5
63151527	208964.PA4410	244	6
63150287	208964.PA3170	244	6
63151348	208964.PA4231	244	9
63147989	208964.PA0872	243	4
63147489	208964.PA0373	243	7
63152599	208964.PA5483	242	7
63150265	208964.PA3147	241	6
63152078	208964.PA4963	241	3
63147359	208964.PA0243	241	3
63151040	208964.PA3923	239	8
63149972	208964.PA2854	239	5
63147768	208964.PA0651	239	6
63152157	208964.PA5042	239	3
63150200	208964.PA3082	239	9
63152075	208964.PA4960	238	8
63148333	208964.PA1216	237	5
63150106	208964.PA2988	237	4
63147776	208964.PA0659	236	2
63152416	208964.PA5301	236	3
63151148	208964.PA4031	235	2
63151427	208964.PA4310	234	19
63148458	208964.PA1341	234	4
63148549	208964.PA1432	233	3
63151325	208964.PA4208	233	9
63151128	208964.PA4011	232	5
63148871	208964.PA1752	232	6
63150991	208964.PA3874	231	8
63152424	208964.PA5309	231	7
63147506	208964.PA0390	231	5
63150210	208964.PA3092	230	10
63151574	208964.PA4457	230	4
63149929	208964.PA2811	229	2
63152209	208964.PA5094	229	4
63150833	208964.PA3716	229	6
63148121	208964.PA1004	228	4
63150924	208964.PA3807	227	1
63151857	208964.PA4742	226	4
63152152	208964.PA5037	226	7
63151447	208964.PA4330	226	3
63151570	208964.PA4453	225	3
63148312	208964.PA1195	225	4
63150345	208964.PA3228	225	9
63147537	208964.PA0421	224	8
63148279	208964.PA1162	224	4
63149342	208964.PA2223	224	3
63152123	208964.PA5008	224	4
63151695	208964.PA4579	223	10
63151505	208964.PA4388	223	4
63150166	208964.PA3048	223	11
63147120	208964.PA0005	222	3
63150461	208964.PA3344	222	10
63152108	208964.PA4993	222	4
63148861	208964.PA1742	220	3
63151782	208964.PA4667	220	8
63148759	208964.PA1640	220	4
63151845	208964.PA4730	218	5
63151802	208964.PA4687	218	5
63147273	208964.PA0158	218	11
63151555	208964.PA4438	217	6
63148581	208964.PA1464	217	4
63150302	208964.PA3185	216	5
63151319	208964.PA4202	216	5
63151645	208964.PA4529	216	3
63152432	208964.PA5317	216	6
63148288	208964.PA1171	216	5
63150099	208964.PA2981	215	4
63149423	208964.PA2304	215	5
63152064	208964.PA4949	215	8
63150221	208964.PA3103	214	6
63149522	208964.PA2404	214	3
63152611	208964.PA5495	213	3
63151856	208964.PA4741	212	1
63151493	208964.PA4376	211	10
63152460	208964.PA5345	210	10
63150655	208964.PA3538	210	5
63147832	208964.PA0715	210	5
63152315	208964.PA5200	209	4
63151047	208964.PA3930	209	4
63147775	208964.PA0658	208	5
63150449	208964.PA3332	208	2
63152338	208964.PA5223	207	6
63149132	208964.PA2013	207	3
63148929	208964.PA1810	206	9
63148733	208964.PA1614	206	3
63150944	208964.PA3827	204	3
63150845	208964.PA3728	204	25
63151752	208964.PA4636	204	6
63152126	208964.PA5011	203	4
63148125	208964.PA1008	203	2
63149729	208964.PA2611	203	5
63149765	208964.PA2647	203	6
63151862	208964.PA4747	203	1
63150239	208964.PA3121	203	7
63148855	208964.PA1736	203	5
63152681	208964.PA5565	202	6
63149063	208964.PA1944	202	9
63147572	208964.PA0456	201	1
63148652	208964.PA1535	201	4
63147352	208964.PA0236	201	3
63151426	208964.PA4309	200	18
63148576	208964.PA1459	199	5
63147347	208964.PA0231	199	1
63152061	208964.PA4946	199	10
63152349	208964.PA5234	199	4
63149942	208964.PA2824	199	10
63152438	208964.PA5323	199	4
63148923	208964.PA1804	198	1
63151134	208964.PA4017	198	3
63151409	208964.PA4292	198	4
63151537	208964.PA4420	198	4
63152637	208964.PA5521	197	4
63150209	208964.PA3091	197	7
63152308	208964.PA5193	196	4
63151321	208964.PA4204	195	4
63152256	208964.PA5141	194	5
63150856	208964.PA3739	194	4
63150533	208964.PA3416	194	5
63150573	208964.PA3456	193	11
63149062	208964.PA1943	193	5
63152569	208964.PA5454	192	3
63148928	208964.PA1809	192	3
63151661	208964.PA4545	192	5
63151613	208964.PA4496	190	6
63150306	208964.PA3189	190	3
63147457	208964.PA0341	190	4
63149153	208964.PA2034	187	3
63148645	208964.PA1528	186	4
63150879	208964.PA3762	186	2
63150075	208964.PA2957	185	3
63152678	208964.PA5562	185	5
63152487	208964.PA5372	184	9
63149817	208964.PA2699	184	11
63147889	208964.PA0773	184	3
63147565	208964.PA0449	183	3
63149501	208964.PA2382	183	5
63147720	208964.PA0603	183	6
63149528	208964.PA2410	182	4
63148638	208964.PA1521	182	6
63147545	208964.PA0429	182	6
63148447	208964.PA1330	181	3
63148875	208964.PA1756	179	4
63147133	208964.PA0018	179	4
63148144	208964.PA1027	178	6
63151543	208964.PA4426	178	3
63151350	208964.PA4233	177	2
63147625	208964.PA0508	177	13
63147535	208964.PA0419	177	2
63151703	208964.PA4587	177	3
63149846	208964.PA2728	176	12
63150115	208964.PA2997	176	3
63150934	208964.PA3817	176	3
63150372	208964.PA3255	176	3
63147487	208964.PA0371	175	6
63151813	208964.PA4699	175	1
63152207	208964.PA5092	174	5
63149852	208964.PA2734	173	7
63149803	208964.PA2685	173	15
63148672	208964.PA1554	173	4
63151771	208964.PA4656	173	4
63152350	208964.PA5235	173	6
63151425	208964.PA4308	172	5
63150282	208964.PA3165	172	4
63150458	208964.PA3341	169	2
63148796	208964.PA1677	169	3
63152046	208964.PA4931	169	5
63147554	208964.PA0438	169	1
63152606	208964.PA5490	168	1
63148140	208964.PA1023	168	4
63149767	208964.PA2649	168	3
63150101	208964.PA2983	167	2
63147406	208964.PA0290	167	3
63152117	208964.PA5002	167	5
63148833	208964.PA1714	167	2
63147488	208964.PA0372	166	6
63150417	208964.PA3300	166	6
63147482	208964.PA0366	166	5
63150161	208964.PA3043	166	4
63150137	208964.PA3019	166	8
63149229	208964.PA2110	166	3
63152243	208964.PA5128	165	3
63149802	208964.PA2684	165	14
63148680	208964.PA1561	165	5
63150921	208964.PA3804	164	2
63150244	208964.PA3126	164	2
63147420	208964.PA0304	164	2
63152626	208964.PA5510	163	2
63150745	208964.PA3628	163	2
63152646	208964.PA5530	163	3
63148434	208964.PA1317	161	2
63149067	208964.PA1948	160	2
63152221	208964.PA5106	160	5
63147874	208964.PA0758	160	3
63150189	208964.PA3071	160	4
63147150	208964.PA0035	158	2
63149710	208964.PA2592	158	3
63148093	208964.PA0976	158	3
63152318	208964.PA5203	158	6
63150774	208964.PA3657	157	3
63147724	208964.PA0607	156	2
63149976	208964.PA2858	155	6
63149497	208964.PA2378	155	8
63150790	208964.PA3673	155	10
63147880	208964.PA0764	154	3
63151511	208964.PA4394	154	2
63150570	208964.PA3453	154	2
63151009	208964.PA3892	153	2
63152103	208964.PA4988	152	4
63147258	208964.PA0143	151	3
63147988	208964.PA0871	151	1
63147899	208964.PA0783	151	3
63152323	208964.PA5208	150	3
63149733	208964.PA2615	150	7
63150739	208964.PA3622	150	4
63147416	208964.PA0300	150	4
63151402	208964.PA4285	150	14
63149021	208964.PA1902	149	3
63151330	208964.PA4213	149	3
63150969	208964.PA3852	148	2
63150465	208964.PA3348	147	2
63148208	208964.PA1091	147	17
63152450	208964.PA5335	147	2
63151545	208964.PA4428	147	3
63152540	208964.PA5425	146	2
63149912	208964.PA2794	146	3
63148926	208964.PA1807	145	7
63151042	208964.PA3925	144	3
63151761	208964.PA4646	144	2
63150976	208964.PA3859	144	1
63150387	208964.PA3270	144	2
63150935	208964.PA3818	143	3
63148239	208964.PA1122	143	1
63148009	208964.PA0892	142	2
63152045	208964.PA4930	142	4
63147411	208964.PA0295	141	2
63148178	208964.PA1061	141	4
63149971	208964.PA2853	141	1
63148053	208964.PA0936	139	4
63152206	208964.PA5091	139	3
63148034	208964.PA0917	139	3
63148669	208964.PA1552	139	4
63150067	208964.PA2949	139	4
63149766	208964.PA2648	138	2
63151178	208964.PA4061	138	3
63148546	208964.PA1429	137	9
63151465	208964.PA4348	136	1
63147610	208964.PA0493	136	1
63151622	208964.PA4505	136	3
63147586	208964.PA0469	136	3
63151573	208964.PA4456	136	3
63148409	208964.PA1292	135	3
63147641	208964.PA0524	135	2
63151725	208964.PA4609	135	6
63152050	208964.PA4935	135	1
63147414	208964.PA0298	135	3
63151865	208964.PA4750	134	3
63149772	208964.PA2654	133	8
63150680	208964.PA3563	133	3
63152360	208964.PA5245	133	2
63150331	208964.PA3214	133	2
63148832	208964.PA1713	133	2
63149263	208964.PA2144	132	8
63151563	208964.PA4446	132	3
63152454	208964.PA5339	132	2
63149020	208964.PA1901	131	6
63151329	208964.PA4212	131	6
63151579	208964.PA4462	131	4
63148133	208964.PA1016	131	3
63148090	208964.PA0973	130	1
63151453	208964.PA4336	130	2
63148185	208964.PA1068	130	7
63148911	208964.PA1792	130	2
63148461	208964.PA1344	130	2
63152608	208964.PA5492	129	2
63151960	208964.PA4845	128	4
63148695	208964.PA1576	127	3
63152394	208964.PA5279	127	2
63152149	208964.PA5034	127	2
63147430	208964.PA0314	127	3
63151673	208964.PA4557	126	2
63147458	208964.PA0342	126	2
63151742	208964.PA4626	125	3
63147578	208964.PA0461	124	2
63148941	208964.PA1822	124	5
63148894	208964.PA1775	124	3
63151577	208964.PA4460	123	1
63149731	208964.PA2613	123	3
63152142	208964.PA5027	123	3
63148063	208964.PA0946	123	2
63150414	208964.PA3297	122	13
63151170	208964.PA4053	122	2
63151995	208964.PA4880	122	2
63150993	208964.PA3876	122	2
63150229	208964.PA3111	121	3
63151641	208964.PA4524	121	3
63148554	208964.PA1437	121	2
63148737	208964.PA1618	120	1
63152682	208964.PA5566	120	1
63150328	208964.PA3211	120	2
63151391	208964.PA4274	120	1
63149116	208964.PA1997	120	7
63149271	208964.PA2152	119	11
63150748	208964.PA3631	119	2
63151566	208964.PA4449	119	2
63150904	208964.PA3787	119	2
63149626	208964.PA2508	119	1
63152601	208964.PA5485	118	2
63151576	208964.PA4459	118	1
63152375	208964.PA5260	118	3
63151172	208964.PA4055	117	1
63148891	208964.PA1772	117	2
63151620	208964.PA4503	117	2
63150232	208964.PA3114	116	3
63151749	208964.PA4633	116	6
63151578	208964.PA4461	115	2
63148197	208964.PA1080	115	2
63152137	208964.PA5022	115	7
63152491	208964.PA5376	114	4
63150124	208964.PA3006	114	2
63152352	208964.PA5237	114	3
63151092	208964.PA3975	114	2
63152485	208964.PA5370	112	2
63151593	208964.PA4476	112	11
63148049	208964.PA0932	111	3
63152303	208964.PA5188	111	4
63147507	208964.PA0391	111	4
63150814	208964.PA3697	111	3
63148808	208964.PA1689	111	6
63148457	208964.PA1340	111	2
63150933	208964.PA3816	111	2
63148571	208964.PA1454	110	3
63150384	208964.PA3267	110	3
63151879	208964.PA4764	110	1
63150961	208964.PA3844	110	2
63147668	208964.PA0551	110	3
63151051	208964.PA3934	109	2
63150228	208964.PA3110	109	1
63150828	208964.PA3711	108	2
63151504	208964.PA4387	108	1
63151366	208964.PA4249	108	1
63151562	208964.PA4445	107	2
63148120	208964.PA1003	107	2
63147424	208964.PA0308	107	3
63148113	208964.PA0996	106	4
63151809	208964.PA4695	106	1
63150165	208964.PA3047	106	3
63150577	208964.PA3460	106	5
63147654	208964.PA0537	105	2
63147950	208964.PA0833	105	1
63150760	208964.PA3643	104	3
63150881	208964.PA3764	104	2
63149460	208964.PA2341	104	3
63147979	208964.PA0862	103	1
63149123	208964.PA2004	103	2
63149610	208964.PA2492	102	2
63147659	208964.PA0542	101	1
63148664	208964.PA1547	101	1
63149641	208964.PA2523	100	2
63152314	208964.PA5199	100	4
63150645	208964.PA3528	99.7	1
63151173	208964.PA4056	99.6	3
63152285	208964.PA5170	99.5	3
63149845	208964.PA2727	99.2	9
63150399	208964.PA3282	99.1	1
63151837	208964.PA4723	99.1	1
63152639	208964.PA5523	99.0	3
63148644	208964.PA1527	98.7	9
63147491	208964.PA0375	98.5	2
63148651	208964.PA1534	97.9	1
63147766	208964.PA0649	97.8	1
63152458	208964.PA5343	97.3	2
63151971	208964.PA4856	97.0	6
63149800	208964.PA2682	96.8	3
63150983	208964.PA3866	96.5	5
63150966	208964.PA3849	96.2	4
63149230	208964.PA2111	96.1	2
63148019	208964.PA0902	95.5	2
63148188	208964.PA1071	95.4	2
63149697	208964.PA2579	95.2	2
63149353	208964.PA2234	95.0	1
63151900	208964.PA4785	95.0	3
63151597	208964.PA4480	94.9	3
63151923	208964.PA4808	93.8	3
63152624	208964.PA5508	93.5	2
63150594	208964.PA3477	93.1	2
63151961	208964.PA4846	93.0	1
63152171	208964.PA5056	92.9	4
63147190	208964.PA0075	92.4	2
63149704	208964.PA2586	92.4	2
63150481	208964.PA3364	91.9	2
63151344	208964.PA4227	91.8	2
63148388	208964.PA1271	90.9	3
63149068	208964.PA1949	90.8	3
63149521	208964.PA2403	90.1	2
63148363	208964.PA1246	89.3	3
63150316	208964.PA3199	89.1	1
63148241	208964.PA1124	88.4	3
63147970	208964.PA0853	87.8	1
63149883	208964.PA2765	87.7	2
63152612	208964.PA5496	87.3	2
63150923	208964.PA3806	87.3	2
63148666	208964.PA1549	87.1	3
63151322	208964.PA4205	87.0	1
63151000	208964.PA3883	86.9	1
63151075	208964.PA3958	86.8	3
63148045	208964.PA0928	86.5	6
63151770	208964.PA4655	86.4	2
63148291	208964.PA1174	86.3	5
63152189	208964.PA5074	86.1	1
63147709	208964.PA0592	85.7	2
63149098	208964.PA1979	85.6	1
63152321	208964.PA5206	85.3	2
63151905	208964.PA4790	85.1	1
63148149	208964.PA1032	85.0	5
63152679	208964.PA5563	84.4	1
63147710	208964.PA0593	84.4	2
63147773	208964.PA0656	84.4	1
63150267	208964.PA3149	84.1	1
63150188	208964.PA3070	83.7	2
63150193	208964.PA3075	83.4	3
63149350	208964.PA2231	83.0	3
63150767	208964.PA3650	82.8	2
63148318	208964.PA1201	82.4	2
63151592	208964.PA4475	82.4	2
63151486	208964.PA4369	82.1	1
63149447	208964.PA2328	81.9	2
63151424	208964.PA4307	81.9	12
63148910	208964.PA1791	81.8	2
63149645	208964.PA2527	81.7	4
63152113	208964.PA4998	81.7	1
63147878	208964.PA0762	81.4	1
63147719	208964.PA0602	81.2	2
63151445	208964.PA4328	81.0	2
63148951	208964.PA1832	81.0	2
63151396	208964.PA4279	80.8	1
63147697	208964.PA0580	80.8	2
63152383	208964.PA5268	80.7	2
63148131	208964.PA1014	80.5	2
63151542	208964.PA4425	80.4	1
63148490	208964.PA1373	80.1	2
63151581	208964.PA4464	80.0	1
63152462	208964.PA5347	80.0	1
63152258	208964.PA5143	79.8	1
63150400	208964.PA3283	79.6	1
63150821	208964.PA3704	79.4	5
63148083	208964.PA0966	79.3	1
63148966	208964.PA1847	78.9	1
63152570	208964.PA5455	78.7	2
63151003	208964.PA3886	78.0	1
63150076	208964.PA2958	77.1	2
63148357	208964.PA1240	77.0	2
63148257	208964.PA1140	76.8	1
63151618	208964.PA4501	76.2	2
63149106	208964.PA1987	75.6	1
63150547	208964.PA3430	75.3	1
63151747	208964.PA4631	74.9	2
63148698	208964.PA1579	74.8	1
63151840	208964.PA4725	74.7	3
63149514	208964.PA2395	74.4	1
63152683	208964.PA5567	73.9	2
63151137	208964.PA4020	73.8	1
63148254	208964.PA1137	73.6	2
63151336	208964.PA4219	73.5	2
63147188	208964.PA0073	73.5	1
63149700	208964.PA2582	73.4	1
63152595	208964.PA5479	73.3	2
63147866	208964.PA0750	73.3	1
63151120	208964.PA4003	72.9	3
63151457	208964.PA4340	72.8	1
63148126	208964.PA1009	72.7	1
63150850	208964.PA3733	72.7	2
63150171	208964.PA3053	72.0	2
63149535	208964.PA2417	71.9	2
63149281	208964.PA2162	71.5	4
63152091	208964.PA4976	71.5	1
63150648	208964.PA3531	71.2	1
63149782	208964.PA2664	71.1	2
63152533	208964.PA5418	70.6	4
63151870	208964.PA4755	70.4	1
63151878	208964.PA4763	69.9	2
63152021	208964.PA4906	69.9	1
63152081	208964.PA4966	69.7	2
63150963	208964.PA3846	69.7	1
63151491	208964.PA4374	69.6	2
63147198	208964.PA0083	69.6	1
63152600	208964.PA5484	69.3	3
63148667	208964.PA1550	69.0	1
63150211	208964.PA3093	69.0	2
63151004	208964.PA3887	68.9	1
63149938	208964.PA2820	68.8	1
63150009	208964.PA2891	68.5	3
63147473	208964.PA0357	68.4	1
63149745	208964.PA2627	67.3	1
63152619	208964.PA5503	67.2	1
63148314	208964.PA1197	67.0	1
63149159	208964.PA2040	67.0	3
63150480	208964.PA3363	66.6	1
63152179	208964.PA5064	66.4	1
63150245	208964.PA3127	66.4	2
63152154	208964.PA5039	66.3	1
63148697	208964.PA1578	65.8	1
63148411	208964.PA1294	65.8	2
63151109	208964.PA3992	65.5	2
63147503	208964.PA0387	65.5	1
63151778	208964.PA4663	65.4	1
63148088	208964.PA0971	64.8	1
63149046	208964.PA1927	64.7	4
63152591	208964.PA5475	64.4	1
63149185	208964.PA2066	63.8	1
63150677	208964.PA3560	63.7	1
63148297	208964.PA1180	63.6	2
63151617	208964.PA4500	63.6	3
63151400	208964.PA4283	63.5	3
63147624	208964.PA0507	63.0	4
63150249	208964.PA3131	62.5	1
63151492	208964.PA4375	62.5	4
63147210	208964.PA0095	62.4	9
63150388	208964.PA3271	62.4	4
63149918	208964.PA2800	62.3	1
63147644	208964.PA0527	62.0	1
63148488	208964.PA1371	61.8	1
63152107	208964.PA4992	61.7	1
63152313	208964.PA5198	61.7	1
63152252	208964.PA5137	61.6	1
63149748	208964.PA2630	61.6	1
63151814	208964.PA4700	61.3	3
63152483	208964.PA5368	61.1	2
63152122	208964.PA5007	61.0	1
63151902	208964.PA4787	61.0	1
63149991	208964.PA2873	60.7	2
63152255	208964.PA5140	60.4	1
63148661	208964.PA1544	60.0	1
63148068	208964.PA0951	59.8	1
63150356	208964.PA3239	59.6	1
63149977	208964.PA2859	59.5	1
63148493	208964.PA1376	59.4	3
63147412	208964.PA0296	59.3	3
63151479	208964.PA4362	59.0	1
63149130	208964.PA2011	59.0	1
63150138	208964.PA3020	58.9	3
63148443	208964.PA1326	58.8	4
63148991	208964.PA1872	58.8	1
63150582	208964.PA3465	58.3	1
63148322	208964.PA1205	58.3	1
63147229	208964.PA0114	57.8	1
63147160	208964.PA0045	57.8	1
63151498	208964.PA4381	57.7	1
63147206	208964.PA0091	57.6	6
63151437	208964.PA4320	57.5	1
63149658	208964.PA2540	57.2	2
63148979	208964.PA1860	56.8	1
63151780	208964.PA4665	56.7	1
63147584	208964.PA0467	56.7	1
63152293	208964.PA5178	56.2	1
63150895	208964.PA3778	56.1	1
63151740	208964.PA4624	56.1	2
63152621	208964.PA5505	56.0	1
63147417	208964.PA0301	56.0	1
63150894	208964.PA3777	55.9	1
63152509	208964.PA5394	55.6	2
63152545	208964.PA5430	55.3	1
63151287	208964.PA4170	55.2	1
63147590	208964.PA0473	54.7	1
63148008	208964.PA0891	54.6	1
63152305	208964.PA5190	54.6	1
63150343	208964.PA3226	54.5	1
63151515	208964.PA4398	54.1	2
63148147	208964.PA1030	54.0	1
63150144	208964.PA3026	53.8	2
63147699	208964.PA0582	53.7	1
63152114	208964.PA4999	53.7	1
63150072	208964.PA2954	53.5	1
63152553	208964.PA5438	53.4	1
63147522	208964.PA0406	53.1	1
63149562	208964.PA2444	52.9	2
63147852	208964.PA0735	52.9	1
63152513	208964.PA5398	52.6	2
63148597	208964.PA1480	52.4	1
63150334	208964.PA3217	52.3	1
63151748	208964.PA4632	52.3	1
63147396	208964.PA0280	52.3	1
63151113	208964.PA3996	52.2	1
63152110	208964.PA4995	51.7	1
63148793	208964.PA1674	51.3	1
63152530	208964.PA5415	51.2	2
63147519	208964.PA0403	51.2	1
63147793	208964.PA0676	51.0	1
63149422	208964.PA2303	50.9	1
63151638	208964.PA4521	50.8	1
63151886	208964.PA4771	50.6	2
63150784	208964.PA3667	50.6	2
63150721	208964.PA3604	50.6	1
63149992	208964.PA2874	50.3	1
63148918	208964.PA1799	50.0	1
63151582	208964.PA4465	49.9	1
63150402	208964.PA3285	49.8	1
63148342	208964.PA1225	49.8	1
63152281	208964.PA5166	49.7	1
63150977	208964.PA3860	49.6	2
63150819	208964.PA3702	49.1	1
63149994	208964.PA2876	49.0	1
63151835	208964.PA4721	48.9	1
63150418	208964.PA3301	48.6	1
63150063	208964.PA2945	48.4	1
63150015	208964.PA2897	47.8	2
63150281	208964.PA3163	47.7	1
63148975	208964.PA1856	47.5	2
63150567	208964.PA3450	47.4	1
63149323	208964.PA2204	47.3	1
63148578	208964.PA1461	46.9	1
63147278	208964.PA0163	46.8	1
63152406	208964.PA5291	46.8	1
63150766	208964.PA3649	46.5	1
63150600	208964.PA3483	46.3	1
63148587	208964.PA1470	46.0	1
63151611	208964.PA4494	45.9	1
63148768	208964.PA1649	45.9	1
63152473	208964.PA5358	45.7	1
63148749	208964.PA1630	45.5	1
63150891	208964.PA3774	45.4	1
63147451	208964.PA0335	45.1	1
63149536	208964.PA2418	44.8	1
63148369	208964.PA1252	44.5	1
63148592	208964.PA1475	44.3	1
63150995	208964.PA3878	44.3	2
63150005	208964.PA2887	44.1	1
63150825	208964.PA3708	44.1	2
63147962	208964.PA0845	44.1	1
63152658	208964.PA5542	43.9	1
63151484	208964.PA4367	43.8	2
63149990	208964.PA2872	43.8	1
63150652	208964.PA3535	43.8	3
63148010	208964.PA0893	43.6	1
63150214	208964.PA3096	43.6	1
63147604	208964.PA0487	43.3	1
63151791	208964.PA4676	43.3	1
63152138	208964.PA5023	43.2	1
63150456	208964.PA3339	43.1	2
63150081	208964.PA2963	43.0	1
63147774	208964.PA0657	42.7	2
63152572	208964.PA5457	42.6	1
63151309	208964.PA4192	42.4	1
63148716	208964.PA1597	42.3	1
63147968	208964.PA0851	42.0	1
63150246	208964.PA3128	41.8	1
63148944	208964.PA1825	41.7	1
63148762	208964.PA1643	41.0	1
63151102	208964.PA3985	40.3	1
63150716	208964.PA3599	40.2	1
63148948	208964.PA1829	40.1	1
63149272	208964.PA2153	40.0	2
63148011	208964.PA0894	40.0	2
63152214	208964.PA5099	39.7	1
63151401	208964.PA4284	39.3	4
63149593	208964.PA2475	39.1	1
63150062	208964.PA2944	38.9	4
63149270	208964.PA2151	38.7	3
63147170	208964.PA0055	38.5	1
63147247	208964.PA0132	38.4	1
63149486	208964.PA2367	38.1	1
63152084	208964.PA4969	38.0	1
63150786	208964.PA3669	37.5	1
63147679	208964.PA0562	37.5	1
63151478	208964.PA4361	37.2	1
63150018	208964.PA2900	37.1	1
63152248	208964.PA5133	37.0	1
63147978	208964.PA0861	36.8	2
63147272	208964.PA0157	36.7	1
63150793	208964.PA3676	36.5	3
63151059	208964.PA3942	36.4	1
63150349	208964.PA3232	36.2	1
63149894	208964.PA2776	36.0	1
63149394	208964.PA2275	35.7	1
63151806	208964.PA4692	35.6	1
63152411	208964.PA5296	35.3	2
63150670	208964.PA3553	35.3	1
63148324	208964.PA1207	35.1	1
63148242	208964.PA1125	34.8	1
63149732	208964.PA2614	34.8	1
63150355	208964.PA3238	34.8	1
63152543	208964.PA5428	34.1	1
63149924	208964.PA2806	33.8	1
63148727	208964.PA1608	33.8	3
63147363	208964.PA0247	33.8	1
63151466	208964.PA4349	33.7	1
63148360	208964.PA1243	33.5	2
63150684	208964.PA3567	33.5	1
63150197	208964.PA3079	33.5	2
63147401	208964.PA0285	33.3	2
63150240	208964.PA3122	33.3	1
63147534	208964.PA0418	33.2	1
63151185	208964.PA4068	33.0	1
63149985	208964.PA2867	32.8	3
63148682	208964.PA1563	32.7	1
63152567	208964.PA5452	32.4	1
63148756	208964.PA1637	32.4	1
63147505	208964.PA0389	32.3	1
63147981	208964.PA0864	32.1	1
63152480	208964.PA5365	32.1	1
63152187	208964.PA5072	32.0	3
63147707	208964.PA0590	32.0	1
63149384	208964.PA2265	31.8	1
63150668	208964.PA3551	31.7	1
63150033	208964.PA2915	31.6	1
63149083	208964.PA1964	31.5	1
63152493	208964.PA5378	31.4	1
63147346	208964.PA0230	31.2	1
63152554	208964.PA5439	31.1	1
63149182	208964.PA2063	30.6	1
63147310	208964.PA0195	30.5	1
63150025	208964.PA2907	30.0	1
63151734	208964.PA4618	29.9	1
63152412	208964.PA5297	29.7	1
63149059	208964.PA1940	29.6	1
63152525	208964.PA5410	29.3	1
63147477	208964.PA0361	29.2	1
63147189	208964.PA0074	29.1	2
63148455	208964.PA1338	28.9	1
63152571	208964.PA5456	28.8	1
63149576	208964.PA2458	28.8	1
63150389	208964.PA3272	28.6	3
63149181	208964.PA2062	28.5	2
63147626	208964.PA0509	28.3	1
63149660	208964.PA2542	28.2	3
63149060	208964.PA1941	27.6	2
63151066	208964.PA3949	27.4	1
63150385	208964.PA3268	27.3	1
63152233	208964.PA5118	27.3	1
63147196	208964.PA0081	27.1	1
63148164	208964.PA1047	27.1	1
63149703	208964.PA2585	26.8	1
63148965	208964.PA1846	26.7	2
63149668	208964.PA2550	26.7	1
63147571	208964.PA0455	26.4	1
63150347	208964.PA3230	25.5	1
63152262	208964.PA5147	25.4	1
63152121	208964.PA5006	24.9	1
63152264	208964.PA5149	24.8	1
63148550	208964.PA1433	24.6	1
63148987	208964.PA1868	24.4	2
63149283	208964.PA2164	23.8	1
63147421	208964.PA0305	23.2	1
63148359	208964.PA1242	23.0	1
63147997	208964.PA0880	22.9	1
63149105	208964.PA1986	22.8	1
63149472	208964.PA2353	22.6	1
63152603	208964.PA5487	21.9	1
63152070	208964.PA4955	21.7	1
63150659	208964.PA3542	21.3	3
63152088	208964.PA4973	21.0	1
63149961	208964.PA2843	20.6	1
63152240	208964.PA5125	20.5	1
63148999	208964.PA1880	20.4	1
63148958	208964.PA1839	20.3	1
63148444	208964.PA1327	20.1	1
63151097	208964.PA3980	20.1	1
63150679	208964.PA3562	19.6	1
63151619	208964.PA4502	19.5	1
63147821	208964.PA0704	19.4	1
63150877	208964.PA3760	19.1	1
63150323	208964.PA3206	19.1	1
63147694	208964.PA0577	19.0	1
63148211	208964.PA1094	18.7	1
63148050	208964.PA0933	18.2	1
63151637	208964.PA4520	18.2	3
63147203	208964.PA0088	17.9	1
63148162	208964.PA1045	17.4	1
63150775	208964.PA3658	16.1	1
63152165	208964.PA5050	15.9	1
63147383	208964.PA0267	15.5	1
63151475	208964.PA4358	15.4	1
63147441	208964.PA0325	15.4	1
63148781	208964.PA1662	14.7	1
63152197	208964.PA5082	13.4	1
63150827	208964.PA3710	13.1	1
63148298	208964.PA1181	12.7	1
63148765	208964.PA1646	12.6	2
63149207	208964.PA2088	12.4	1
63149012	208964.PA1893	12.4	1
63148037	208964.PA0920	12.4	1
63151078	208964.PA3961	12.4	1
63148879	208964.PA1760	11.9	1
63149581	208964.PA2463	11.6	1
63147155	208964.PA0040	11.6	1
63152422	208964.PA5307	11.1	1
63148401	208964.PA1284	10.7	3
63147596	208964.PA0479	10.4	1
63150539	208964.PA3422	10.4	1
63151714	208964.PA4598	10.2	2
63151887	208964.PA4772	10.2	1
63151614	208964.PA4497	10.1	1
63151959	208964.PA4844	9.9	1
63151031	208964.PA3914	9.81	1
63152387	208964.PA5272	9.5	1
63150427	208964.PA3310	8.74	1
63152132	208964.PA5017	8.6	1
63151399	208964.PA4282	8.48	1
63149109	208964.PA1990	8.2	2
63147364	208964.PA0248	8.19	1
63148267	208964.PA1150	7.82	1
63151229	208964.PA4112	7.5	1
63149620	208964.PA2502	7.42	2
63148381	208964.PA1264	7.16	1
63152013	208964.PA4898	6.73	1
63148753	208964.PA1634	6.52	1
63152573	208964.PA5458	6.45	1
63149691	208964.PA2573	6.32	2
63150038	208964.PA2920	6.27	2
63150046	208964.PA2928	6.19	1
63150710	208964.PA3593	5.93	1
63149679	208964.PA2561	5.9	2
63148462	208964.PA1345	5.62	1
63152093	208964.PA4978	4.74	1
63148604	208964.PA1487	4.16	1
63148142	208964.PA1025	3.79	1
63151631	208964.PA4514	3.62	1
63152135	208964.PA5020	3.53	1
63149623	208964.PA2505	3.26	1
63152030	208964.PA4915	1.55	1
63149049	208964.PA1930	1.38	1
63148540	208964.PA1423	1.36	1
63147295	208964.PA0180	1.32	1
