#id: 2915903231
#name: Pseudomonas aeruginosa PAO1 - Whole organism, SC (Gpm,aug,2014)
#score: 10.8
#description: abundance based on Spectral counting, Interaction consistency score: 10.8, Coverage: 41
#organ: WHOLE_ORGANISM
#integrated: false
#coverage: 41
#link: http://www.thegpm.org/
#publication_year: 2014
#filename: 208964-GPM_201408.txt
#
#internal_id	string_external_id	abundance	raw_spectral_count
63148209	208964.PA1092	35224	14988
63151962	208964.PA4847	15854	1909
63151502	208964.PA4385	15213	7272
63148295	208964.PA1178	15090	3588
63148896	208964.PA1777	14525	4549
63151642	208964.PA4525	10323	1080
63151382	208964.PA4265	10004	10428
63151394	208964.PA4277	10004	10428
63149859	208964.PA2741	8825	221
63151388	208964.PA4271	6954	271
63149971	208964.PA2853	6779	762
63148728	208964.PA1609	6764	2057
63147696	208964.PA0579	6214	96
63151684	208964.PA4568	6144	567
63152672	208964.PA5556	6097	2724
63148923	208964.PA1804	5958	700
63151432	208964.PA4315	5841	550
63152287	208964.PA5172	5753	1701
63151375	208964.PA4258	5672	398
63151384	208964.PA4267	5574	554
63151379	208964.PA4262	5489	1037
63151356	208964.PA4239	5389	1048
63152049	208964.PA4934	5342	183
63151355	208964.PA4238	5305	1719
63152670	208964.PA5554	5304	3358
63150939	208964.PA3822	5151	370
63151367	208964.PA4250	5000	170
63151370	208964.PA4253	4739	453
63151363	208964.PA4246	4601	1016
63151362	208964.PA4245	4546	177
63149785	208964.PA2667	4450	623
63151374	208964.PA4257	4403	730
63152050	208964.PA4935	4373	593
63151371	208964.PA4254	4265	181
63151365	208964.PA4248	4227	541
63150280	208964.PA3162	4214	2501
63151373	208964.PA4256	4109	368
63151377	208964.PA4260	3999	837
63150085	208964.PA2967	3979	872
63151353	208964.PA4236	3978	1668
63152059	208964.PA4944	3946	651
63149878	208964.PA2760	3943	1915
63151679	208964.PA4563	3796	152
63151184	208964.PA4067	3747	886
63151856	208964.PA4741	3727	109
63151876	208964.PA4761	3723	2375
63151391	208964.PA4274	3698	447
63150907	208964.PA3790	3651	3283
63151368	208964.PA4251	3626	537
63151776	208964.PA4661	3615	815
63151380	208964.PA4263	3591	503
63152668	208964.PA5552	3579	1179
63151383	208964.PA4266	3530	4051
63151390	208964.PA4273	3511	1049
63152175	208964.PA5060	3477	190
63150084	208964.PA2966	3418	252
63150773	208964.PA3656	3404	646
63150862	208964.PA3745	3390	321
63151369	208964.PA4252	3358	309
63151338	208964.PA4221	3357	2657
63147739	208964.PA0622	3282	1271
63148170	208964.PA1053	3268	326
63152368	208964.PA5253	3243	249
63151361	208964.PA4244	3239	341
63151386	208964.PA4269	3171	4710
63150931	208964.PA3814	3145	1435
63151364	208964.PA4247	3137	361
63148276	208964.PA1159	3091	120
63148090	208964.PA0973	2992	453
63147117	208964.PA0002	2959	913
63151387	208964.PA4270	2948	4626
63149741	208964.PA2623	2923	1226
63150859	208964.PA3742	2907	459
63147407	208964.PA0291	2890	1378
63152286	208964.PA5171	2880	1692
63148075	208964.PA0958	2851	1156
63148675	208964.PA1556	2850	611
63147185	208964.PA0070	2839	636
63148703	208964.PA1584	2777	930
63147572	208964.PA0456	2759	138
63151548	208964.PA4431	2727	528
63148702	208964.PA1583	2702	1403
63151550	208964.PA4433	2697	358
63148707	208964.PA1588	2671	1368
63151358	208964.PA4241	2648	304
63151549	208964.PA4432	2647	308
63152606	208964.PA5490	2647	344
63148671	208964.PA1553	2641	609
63151503	208964.PA4386	2602	226
63151378	208964.PA4261	2586	162
63152047	208964.PA4932	2508	415
63151389	208964.PA4272	2485	393
63150762	208964.PA3645	2480	289
63148706	208964.PA1587	2454	1329
63151385	208964.PA4268	2452	133
63151546	208964.PA4429	2393	725
63149517	208964.PA2398	2362	2210
63150070	208964.PA2952	2329	546
63150426	208964.PA3309	2310	428
63152674	208964.PA5558	2295	536
63150924	208964.PA3807	2290	255
63148708	208964.PA1589	2280	792
63152431	208964.PA5316	2274	173
63152164	208964.PA5049	2270	158
63151786	208964.PA4671	2244	590
63148919	208964.PA1800	2203	1238
63151354	208964.PA4237	2168	250
63151357	208964.PA4240	2110	358
63152037	208964.PA4922	2105	220
63148705	208964.PA1586	2090	717
63147969	208964.PA0852	2079	684
63151855	208964.PA4740	2049	1562
63151487	208964.PA4370	2012	696
63151381	208964.PA4264	1960	239
63150057	208964.PA2939	1923	749
63150069	208964.PA2951	1901	495
63151366	208964.PA4249	1884	267
63151808	208964.PA4694	1817	746
63150379	208964.PA3262	1801	558
63152130	208964.PA5015	1790	1325
63152057	208964.PA4942	1776	716
63148405	208964.PA1288	1773	760
63150772	208964.PA3655	1761	572
63152669	208964.PA5553	1759	167
63150088	208964.PA2970	1748	82
63150646	208964.PA3529	1734	399
63151790	208964.PA4675	1722	1392
63148454	208964.PA1337	1660	623
63148089	208964.PA0972	1657	833
63151877	208964.PA4762	1650	267
63148459	208964.PA1342	1642	606
63152358	208964.PA5243	1640	361
63147693	208964.PA0576	1628	601
63147254	208964.PA0139	1599	412
63148715	208964.PA1596	1586	1234
63150158	208964.PA3040	1569	123
63148699	208964.PA1580	1543	585
63151116	208964.PA3999	1541	519
63147740	208964.PA0623	1513	255
63150094	208964.PA2976	1467	1113
63151057	208964.PA3940	1466	149
63151434	208964.PA4317	1465	91
63152452	208964.PA5337	1451	64
63149611	208964.PA2493	1431	564
63147539	208964.PA0423	1431	426
63152684	208964.PA5568	1417	550
63151376	208964.PA4259	1413	159
63149612	208964.PA2494	1395	992
63152671	208964.PA5555	1389	420
63151606	208964.PA4489	1380	1966
63152056	208964.PA4941	1365	241
63151860	208964.PA4745	1359	589
63152673	208964.PA5557	1357	236
63151372	208964.PA4255	1344	104
63148906	208964.PA1787	1330	1455
63152131	208964.PA5016	1330	794
63148078	208964.PA0961	1322	63
63148191	208964.PA1074	1317	472
63147548	208964.PA0432	1308	878
63152161	208964.PA5046	1287	558
63148912	208964.PA1793	1278	171
63150734	208964.PA3617	1262	594
63150809	208964.PA3692	1253	318
63150948	208964.PA3831	1239	694
63150887	208964.PA3770	1231	703
63150119	208964.PA3001	1230	640
63151483	208964.PA4366	1226	294
63148924	208964.PA1805	1217	713
63147640	208964.PA0523	1201	145
63151859	208964.PA4744	1184	874
63151360	208964.PA4243	1182	257
63147663	208964.PA0546	1173	452
63152128	208964.PA5013	1173	358
63151105	208964.PA3988	1156	266
63150918	208964.PA3801	1151	168
63147599	208964.PA0482	1147	951
63149969	208964.PA2851	1130	248
63151957	208964.PA4842	1129	373
63150938	208964.PA3821	1105	611
63151785	208964.PA4670	1100	523
63148086	208964.PA0969	1095	177
63149609	208964.PA2491	1084	364
63149120	208964.PA2001	1083	391
63151963	208964.PA4848	1082	446
63148889	208964.PA1770	1073	897
63150764	208964.PA3647	1072	113
63147382	208964.PA0266	1068	594
63148673	208964.PA1555	1057	451
63150937	208964.PA3820	1055	271
63151730	208964.PA4614	1050	146
63150303	208964.PA3186	1025	900
63149613	208964.PA2495	1023	466
63151755	208964.PA4639	1022	265
63150156	208964.PA3038	1018	478
63147982	208964.PA0865	1012	404
63147672	208964.PA0555	997	298
63148197	208964.PA1080	991	295
63148005	208964.PA0888	987	397
63151866	208964.PA4751	985	605
63149410	208964.PA2291	984	884
63148828	208964.PA1709	983	358
63147541	208964.PA0425	981	314
63150149	208964.PA3031	977	29
63147576	208964.PA0459	967	927
63152355	208964.PA5240	966	147
63152215	208964.PA5100	964	507
63147712	208964.PA0595	957	1021
63147256	208964.PA0141	950	290
63150846	208964.PA3729	950	603
63150917	208964.PA3800	946	347
63147550	208964.PA0434	941	447
63149734	208964.PA2616	939	283
63150109	208964.PA2991	938	505
63150752	208964.PA3635	936	314
63151571	208964.PA4454	933	148
63147654	208964.PA0537	931	288
63152243	208964.PA5128	930	204
63152415	208964.PA5300	930	144
63151756	208964.PA4640	930	359
63147882	208964.PA0766	924	308
63147665	208964.PA0548	920	513
63151469	208964.PA4352	911	281
63149742	208964.PA2624	904	803
63149861	208964.PA2743	902	175
63147381	208964.PA0265	900	487
63152437	208964.PA5322	899	527
63152234	208964.PA5119	891	437
63147769	208964.PA0652	890	208
63150257	208964.PA3139	884	545
63151862	208964.PA4747	882	125
63152289	208964.PA5174	882	614
63149190	208964.PA2071	879	1705
63147527	208964.PA0411	877	427
63152419	208964.PA5304	870	351
63151612	208964.PA4495	865	201
63150833	208964.PA3716	853	433
63148273	208964.PA1156	853	876
63147543	208964.PA0427	849	493
63151870	208964.PA4755	848	115
63150132	208964.PA3014	845	673
63152454	208964.PA5339	840	219
63150699	208964.PA3582	838	409
63147950	208964.PA0833	831	193
63148704	208964.PA1585	830	628
63151683	208964.PA4567	830	21
63151598	208964.PA4481	828	315
63151658	208964.PA4542	826	994
63148669	208964.PA1552	825	360
63151558	208964.PA4441	825	163
63152644	208964.PA5528	822	205
63152307	208964.PA5192	821	431
63148825	208964.PA1706	821	314
63150416	208964.PA3299	819	440
63152354	208964.PA5239	814	470
63151547	208964.PA4430	807	245
63151540	208964.PA4423	803	483
63150071	208964.PA2953	800	538
63151854	208964.PA4739	798	44
63150312	208964.PA3195	791	267
63147563	208964.PA0447	788	327
63147984	208964.PA0867	787	101
63149757	208964.PA2639	784	521
63151524	208964.PA4407	782	391
63152288	208964.PA5173	782	145
63149760	208964.PA2642	780	713
63151608	208964.PA4491	779	477
63150754	208964.PA3637	774	521
63151349	208964.PA4232	772	166
63147911	208964.PA0795	771	332
63152227	208964.PA5112	767	439
63149131	208964.PA2012	760	465
63149759	208964.PA2641	759	388
63151520	208964.PA4403	759	698
63151392	208964.PA4275	758	164
63152246	208964.PA5131	754	312
63148645	208964.PA1528	749	255
63148080	208964.PA0963	744	516
63147898	208964.PA0782	744	858
63149505	208964.PA2386	742	395
63152373	208964.PA5258	742	318
63148079	208964.PA0962	739	117
63152159	208964.PA5044	736	296
63151875	208964.PA4760	736	199
63148345	208964.PA1228	735	54
63151677	208964.PA4561	731	323
63151718	208964.PA4602	726	235
63151334	208964.PA4217	726	238
63152427	208964.PA5312	724	382
63148012	208964.PA0895	722	380
63148115	208964.PA0998	721	288
63150117	208964.PA2999	718	329
63147973	208964.PA0856	718	145
63150841	208964.PA3724	716	327
63151587	208964.PA4470	716	223
63147987	208964.PA0870	713	418
63149368	208964.PA2249	705	268
63149127	208964.PA2008	703	334
63147669	208964.PA0552	703	332
63147515	208964.PA0399	702	329
63149133	208964.PA2014	702	490
63148610	208964.PA1493	695	219
63150765	208964.PA3648	694	533
63149571	208964.PA2453	691	39
63151170	208964.PA4053	690	161
63150687	208964.PA3570	684	373
63150361	208964.PA3244	682	201
63152347	208964.PA5232	682	325
63149671	208964.PA2553	682	320
63151873	208964.PA4758	672	169
63150921	208964.PA3804	661	121
63147721	208964.PA0604	657	227
63151427	208964.PA4310	656	1420
63149756	208964.PA2638	655	203
63148681	208964.PA1562	650	428
63150101	208964.PA2983	649	136
63147923	208964.PA0807	643	199
63152053	208964.PA4938	640	343
63150186	208964.PA3068	639	1148
63151446	208964.PA4329	639	389
63152089	208964.PA4974	639	391
63150756	208964.PA3639	636	233
63150701	208964.PA3584	636	334
63149933	208964.PA2815	635	596
63152167	208964.PA5052	631	138
63150403	208964.PA3286	628	242
63152120	208964.PA5005	625	405
63150068	208964.PA2950	624	265
63150648	208964.PA3531	617	161
63151424	208964.PA4307	615	1451
63147542	208964.PA0426	615	544
63151824	208964.PA4710	614	581
63151523	208964.PA4406	610	194
63150277	208964.PA3159	608	373
63150268	208964.PA3150	607	243
63150803	208964.PA3686	606	139
63150244	208964.PA3126	604	133
63147432	208964.PA0316	603	328
63150642	208964.PA3525	602	209
63152261	208964.PA5146	600	455
63152372	208964.PA5257	598	329
63150083	208964.PA2965	597	223
63149752	208964.PA2634	596	368
63150886	208964.PA3769	595	420
63149369	208964.PA2250	591	429
63148022	208964.PA0905	586	19
63150569	208964.PA3452	585	239
63148886	208964.PA1767	585	302
63151572	208964.PA4455	581	141
63148128	208964.PA1011	581	225
63150758	208964.PA3641	577	124
63150276	208964.PA3158	572	166
63150791	208964.PA3674	566	80
63149409	208964.PA2290	565	459
63150285	208964.PA3168	565	410
63150307	208964.PA3190	563	280
63147544	208964.PA0428	555	369
63148087	208964.PA0970	550	70
63150278	208964.PA3160	548	215
63149948	208964.PA2830	548	150
63152430	208964.PA5315	548	21
63148910	208964.PA1791	547	151
63151711	208964.PA4595	545	374
63152166	208964.PA5051	543	327
63148680	208964.PA1561	539	713
63150091	208964.PA2973	537	142
63147160	208964.PA0045	536	91
63151567	208964.PA4450	535	229
63148649	208964.PA1532	535	300
63150738	208964.PA3621	535	33
63148921	208964.PA1802	530	258
63148073	208964.PA0956	530	365
63150383	208964.PA3266	529	39
63151874	208964.PA4759	523	193
63150230	208964.PA3112	522	133
63152293	208964.PA5178	518	111
63152676	208964.PA5560	513	122
63149134	208964.PA2015	513	237
63150525	208964.PA3408	510	462
63150650	208964.PA3533	510	73
63149266	208964.PA2147	510	297
63150233	208964.PA3115	503	406
63150364	208964.PA3247	502	270
63150770	208964.PA3653	502	78
63149982	208964.PA2864	500	37
63151578	208964.PA4461	499	150
63151576	208964.PA4459	497	81
63147444	208964.PA0328	496	336
63152447	208964.PA5332	495	193
63151871	208964.PA4756	495	548
63147200	208964.PA0085	493	95
63152178	208964.PA5063	493	173
63151426	208964.PA4309	492	1331
63150098	208964.PA2980	491	26
63150783	208964.PA3666	491	176
63147408	208964.PA0292	490	183
63148581	208964.PA1464	490	146
63148600	208964.PA1483	489	228
63151511	208964.PA4394	489	145
63147241	208964.PA0126	488	108
63147884	208964.PA0768	488	165
63148211	208964.PA1094	486	293
63147516	208964.PA0400	484	196
63152152	208964.PA5037	481	220
63147878	208964.PA0762	480	92
63152528	208964.PA5413	480	140
63152544	208964.PA5429	479	124
63150397	208964.PA3280	479	255
63149906	208964.PA2788	475	618
63147418	208964.PA0302	474	177
63152249	208964.PA5134	474	193
63149914	208964.PA2796	474	168
63148920	208964.PA1801	473	77
63152183	208964.PA5068	472	31
63150311	208964.PA3194	472	249
63147518	208964.PA0402	472	211
63151815	208964.PA4701	470	359
63148004	208964.PA0887	469	361
63147862	208964.PA0745	469	142
63150719	208964.PA3602	469	273
63151670	208964.PA4554	468	493
63150273	208964.PA3155	464	208
63151570	208964.PA4453	464	78
63148410	208964.PA1293	464	133
63152193	208964.PA5078	463	228
63151326	208964.PA4209	462	158
63147393	208964.PA0277	462	114
63150115	208964.PA2997	461	158
63149985	208964.PA2867	460	761
63148913	208964.PA1794	460	290
63151352	208964.PA4235	460	69
63152542	208964.PA5427	460	155
63148055	208964.PA0938	459	156
63152621	208964.PA5505	458	114
63150300	208964.PA3183	457	263
63148922	208964.PA1803	456	421
63151094	208964.PA3977	456	184
63149650	208964.PA2532	456	112
63147737	208964.PA0620	455	253
63151580	208964.PA4463	455	36
63148990	208964.PA1871	453	224
63149862	208964.PA2744	453	271
63149563	208964.PA2445	452	426
63147705	208964.PA0588	451	289
63147134	208964.PA0019	451	62
63148456	208964.PA1339	451	100
63151886	208964.PA4771	450	239
63148701	208964.PA1582	450	44
63147747	208964.PA0630	449	75
63149762	208964.PA2644	448	94
63151601	208964.PA4484	448	260
63150965	208964.PA3848	447	204
63151489	208964.PA4372	447	170
63150131	208964.PA3013	446	185
63149128	208964.PA2009	445	202
63151473	208964.PA4356	443	154
63148181	208964.PA1064	443	113
63149118	208964.PA1999	443	66
63151345	208964.PA4228	442	160
63150808	208964.PA3691	440	14
63151600	208964.PA4483	440	276
63149366	208964.PA2247	439	214
63152112	208964.PA4997	439	276
63147488	208964.PA0372	438	239
63151879	208964.PA4764	436	75
63147636	208964.PA0519	436	314
63151604	208964.PA4487	436	100
63147966	208964.PA0849	435	212
63151676	208964.PA4560	435	478
63152076	208964.PA4961	432	148
63147199	208964.PA0084	430	185
63150164	208964.PA3046	430	43
63147416	208964.PA0300	430	210
63152484	208964.PA5369	429	140
63147689	208964.PA0572	429	380
63150936	208964.PA3819	426	60
63150284	208964.PA3167	426	153
63147988	208964.PA0871	423	45
63148667	208964.PA1550	422	96
63152225	208964.PA5110	421	62
63148020	208964.PA0903	420	412
63151813	208964.PA4699	420	39
63148952	208964.PA1833	420	150
63147138	208964.PA0023	418	160
63152376	208964.PA5261	417	127
63149513	208964.PA2394	416	194
63151543	208964.PA4426	416	80
63151139	208964.PA4022	415	508
63148130	208964.PA1013	414	98
63149747	208964.PA2629	412	183
63147182	208964.PA0067	409	373
63150235	208964.PA3117	409	171
63151439	208964.PA4322	408	132
63151104	208964.PA3987	406	382
63150852	208964.PA3735	406	274
63150599	208964.PA3482	405	338
63149857	208964.PA2739	405	309
63148674	208964.PA1555.1	404	56
63148670	208964.PA1552.1	404	56
63150817	208964.PA3700	401	248
63150200	208964.PA3082	400	235
63150443	208964.PA3326	398	58
63152185	208964.PA5070	398	59
63152400	208964.PA5285	398	31
63150514	208964.PA3397	396	147
63152403	208964.PA5288	395	61
63150848	208964.PA3731	394	96
63149722	208964.PA2604	393	50
63151661	208964.PA4545	393	151
63150259	208964.PA3141	392	284
63149354	208964.PA2235	391	276
63148127	208964.PA1010	390	155
63150304	208964.PA3187	390	175
63152245	208964.PA5130	389	46
63148734	208964.PA1615	389	31
63152072	208964.PA4957	389	75
63148114	208964.PA0997	388	123
63149371	208964.PA2252	387	107
63152052	208964.PA4937	387	335
63151122	208964.PA4005	386	41
63150201	208964.PA3083	385	526
63152267	208964.PA5152	384	111
63150226	208964.PA3108	381	218
63151333	208964.PA4216	380	182
63149024	208964.PA1905	377	182
63148009	208964.PA0892	377	91
63151748	208964.PA4632	375	129
63151525	208964.PA4408	375	236
63152550	208964.PA5435	366	247
63151969	208964.PA4854	366	248
63149649	208964.PA2531	366	182
63147119	208964.PA0004	366	314
63149958	208964.PA2840	364	252
63151685	208964.PA4569	363	150
63151573	208964.PA4456	362	102
63148319	208964.PA1202	360	81
63150108	208964.PA2990	360	87
63150951	208964.PA3834	359	344
63150086	208964.PA2968	357	122
63151040	208964.PA3923	357	201
63150588	208964.PA3471	355	165
63147537	208964.PA0421	354	174
63152541	208964.PA5426	353	76
63150025	208964.PA2907	352	189
63150147	208964.PA3029	352	96
63152232	208964.PA5117	352	131
63152595	208964.PA5479	352	114
63149827	208964.PA2709	352	135
63152551	208964.PA5436	351	186
63150880	208964.PA3763	350	459
63148021	208964.PA0904	350	174
63147879	208964.PA0763	349	64
63151847	208964.PA4732	348	206
63149658	208964.PA2540	347	204
63150380	208964.PA3263	345	121
63151864	208964.PA4749	345	142
63151622	208964.PA4505	344	99
63148693	208964.PA1574	343	30
63150922	208964.PA3805	343	116
63152605	208964.PA5489	342	90
63147711	208964.PA0594	341	186
63150112	208964.PA2994	341	144
63147895	208964.PA0779	339	269
63147123	208964.PA0008	339	271
63148827	208964.PA1708	338	119
63149770	208964.PA2652	337	657
63151636	208964.PA4519	335	213
63152192	208964.PA5077	335	299
63150916	208964.PA3799	332	149
63147517	208964.PA0401	331	159
63151519	208964.PA4402	331	192
63150761	208964.PA3644	330	62
63151343	208964.PA4226	330	555
63148676	208964.PA1557	330	103
63151477	208964.PA4360	330	65
63150266	208964.PA3148	329	144
63147217	208964.PA0102	328	70
63152169	208964.PA5054	328	145
63147871	208964.PA0755	328	139
63147623	208964.PA0506	328	317
63150698	208964.PA3581	326	46
63148187	208964.PA1070	326	109
63150296	208964.PA3179	326	121
63150106	208964.PA2988	325	72
63148060	208964.PA0943	325	91
63152157	208964.PA5042	324	72
63151890	208964.PA4775	323	75
63152248	208964.PA5133	323	91
63148700	208964.PA1581	323	72
63151450	208964.PA4333	322	188
63148116	208964.PA0999	322	123
63149142	208964.PA2023	321	111
63151927	208964.PA4812	321	407
63150868	208964.PA3751	320	150
63149989	208964.PA2871	320	97
63151101	208964.PA3984	320	144
63152529	208964.PA5414	320	81
63151970	208964.PA4855	318	163
63148729	208964.PA1610	318	48
63150955	208964.PA3838	318	109
63151722	208964.PA4606	318	148
63147490	208964.PA0374	317	103
63147487	208964.PA0371	317	187
63149103	208964.PA1984	316	442
63149758	208964.PA2640	315	59
63149893	208964.PA2775	315	21
63149560	208964.PA2442	315	136
63149772	208964.PA2654	315	682
63151609	208964.PA4492	314	51
63150933	208964.PA3816	313	102
63151631	208964.PA4514	311	360
63149419	208964.PA2300	311	137
63151341	208964.PA4224	311	100
63150265	208964.PA3147	311	131
63152078	208964.PA4963	310	68
63151248	208964.PA4131	310	176
63151620	208964.PA4503	309	60
63151577	208964.PA4460	308	53
63152675	208964.PA5559	305	15
63149238	208964.PA2119	303	95
63148885	208964.PA1766	302	138
63147457	208964.PA0341	302	107
63150932	208964.PA3815	301	42
63150129	208964.PA3011	300	240
63150168	208964.PA3050	300	105
63147779	208964.PA0662	300	147
63149730	208964.PA2612	300	118
63150953	208964.PA3836	298	122
63150753	208964.PA3636	297	76
63152488	208964.PA5373	297	139
63148672	208964.PA1554	297	92
63152155	208964.PA5040	296	263
63150160	208964.PA3042	295	28
63150219	208964.PA3101	295	58
63149930	208964.PA2812	293	129
63149764	208964.PA2646	293	30
63152357	208964.PA5242	292	318
63150557	208964.PA3440	292	46
63151844	208964.PA4729	292	76
63147497	208964.PA0381	291	91
63150578	208964.PA3461	291	136
63148727	208964.PA1608	291	721
63151039	208964.PA3922	291	139
63150991	208964.PA3874	290	166
63152116	208964.PA5001	290	121
63148388	208964.PA1271	289	177
63152158	208964.PA5043	289	36
63152448	208964.PA5333	289	23
63147908	208964.PA0792	288	147
63152406	208964.PA5291	287	101
63151565	208964.PA4448	286	150
63147720	208964.PA0603	286	131
63151623	208964.PA4506	286	117
63152191	208964.PA5076	286	113
63151880	208964.PA4765	284	51
63147135	208964.PA0020	282	78
63150978	208964.PA3861	281	103
63152160	208964.PA5045	280	234
63151749	208964.PA4633	280	736
63147192	208964.PA0077	279	378
63147491	208964.PA0375	279	77
63152417	208964.PA5302	279	83
63149183	208964.PA2064	278	78
63149655	208964.PA2537	278	91
63149518	208964.PA2399	278	925
63147415	208964.PA0299	277	105
63147909	208964.PA0793	277	71
63152022	208964.PA4907	277	74
63151672	208964.PA4556	274	34
63151842	208964.PA4727	274	136
63149892	208964.PA2774	273	35
63150116	208964.PA2998	272	28
63151788	208964.PA4673	272	142
63148063	208964.PA0946	272	42
63150730	208964.PA3613	272	224
63150644	208964.PA3527	271	133
63150825	208964.PA3708	271	169
63150600	208964.PA3483	270	91
63150199	208964.PA3081	270	132
63147195	208964.PA0080	269	26
63150585	208964.PA3468	268	114
63149693	208964.PA2575	268	83
63148091	208964.PA0974	268	43
63149769	208964.PA2651	267	30
63150583	208964.PA3466	266	135
63149088	208964.PA1969	266	24
63150992	208964.PA3875	265	397
63149232	208964.PA2113	264	133
63150731	208964.PA3614	263	139
63151258	208964.PA4141	263	8
63152487	208964.PA5372	262	242
63148272	208964.PA1155	261	124
63151047	208964.PA3930	260	67
63151613	208964.PA4496	258	169
63148957	208964.PA1838	255	148
63148458	208964.PA1341	254	67
63151335	208964.PA4218	254	72
63148577	208964.PA1460	253	46
63151682	208964.PA4566	253	91
63152180	208964.PA5065	253	181
63151837	208964.PA4723	251	35
63149144	208964.PA2025	251	162
63150851	208964.PA3734	250	91
63151556	208964.PA4439	250	126
63150670	208964.PA3553	250	108
63150213	208964.PA3095	250	33
63151506	208964.PA4389	249	68
63147139	208964.PA0024	249	83
63151559	208964.PA4442	249	184
63150018	208964.PA2900	249	81
63148300	208964.PA1183	248	54
63151528	208964.PA4411	248	74
63152665	208964.PA5549	248	178
63151486	208964.PA4369	247	49
63150930	208964.PA3813	247	37
63152463	208964.PA5348	246	24
63148914	208964.PA1795	246	164
63150598	208964.PA3481	246	83
63147889	208964.PA0773	245	66
63148663	208964.PA1546	244	103
63152449	208964.PA5334	242	52
63151850	208964.PA4735	242	279
63150811	208964.PA3694	241	30
63152079	208964.PA4964	240	190
63151350	208964.PA4233	240	46
63147469	208964.PA0353	240	134
63148808	208964.PA1689	239	198
63151171	208964.PA4054	237	117
63151316	208964.PA4199	236	277
63147651	208964.PA0534	236	113
63151148	208964.PA4031	235	38
63151563	208964.PA4446	233	92
63148297	208964.PA1180	232	128
63150288	208964.PA3171	232	61
63150746	208964.PA3629	231	47
63149161	208964.PA2042	231	48
63148869	208964.PA1750	229	77
63147411	208964.PA0295	229	68
63147445	208964.PA0329	229	15
63148559	208964.PA1442	228	46
63152392	208964.PA5277	228	154
63151692	208964.PA4576	227	245
63151654	208964.PA4538	226	104
63148575	208964.PA1458	226	149
63149510	208964.PA2391	225	124
63152156	208964.PA5041	225	25
63148894	208964.PA1775	225	100
63148976	208964.PA1857	225	35
63147633	208964.PA0516	225	129
63148793	208964.PA1674	224	50
63148013	208964.PA0896	224	73
63152189	208964.PA5074	223	38
63148668	208964.PA1551	222	113
63151271	208964.PA4154	221	73
63149233	208964.PA2114	221	61
63150728	208964.PA3611	220	31
63152035	208964.PA4920	219	74
63152153	208964.PA5038	219	80
63152481	208964.PA5366	219	80
63152087	208964.PA4972	218	79
63150225	208964.PA3107	218	115
63147120	208964.PA0005	217	47
63148288	208964.PA1171	217	97
63148489	208964.PA1372	215	169
63147245	208964.PA0130	215	104
63151569	208964.PA4452	214	28
63148366	208964.PA1249	214	101
63147971	208964.PA0854	214	102
63148596	208964.PA1479	214	29
63152069	208964.PA4954	214	45
63151991	208964.PA4876	214	44
63151529	208964.PA4412	214	72
63149353	208964.PA2234	212	44
63150652	208964.PA3535	212	239
63148088	208964.PA0971	212	32
63152378	208964.PA5263	212	112
63147777	208964.PA0660	211	52
63152070	208964.PA4955	211	125
63151810	208964.PA4696	211	100
63149931	208964.PA2813	211	59
63147124	208964.PA0009	211	84
63148014	208964.PA0897	210	81
63150944	208964.PA3827	209	42
63150509	208964.PA3392	209	105
63149755	208964.PA2637	209	23
63152119	208964.PA5004	209	90
63150853	208964.PA3736	208	95
63151051	208964.PA3934	208	72
63151591	208964.PA4474	208	102
63147952	208964.PA0835	206	120
63151087	208964.PA3970	206	119
63147512	208964.PA0396	206	94
63147776	208964.PA0659	206	27
63149732	208964.PA2614	206	75
63152561	208964.PA5446	206	12
63151342	208964.PA4225	205	409
63148873	208964.PA1754	205	78
63150373	208964.PA3256	205	79
63147508	208964.PA0392	205	30
63147237	208964.PA0122	205	21
63150445	208964.PA3328	204	76
63151741	208964.PA4625	204	488
63149464	208964.PA2345	204	84
63151517	208964.PA4400	204	34
63151727	208964.PA4611	204	11
63152213	208964.PA5098	204	106
63151863	208964.PA4748	203	39
63148296	208964.PA1179	203	59
63148434	208964.PA1317	203	54
63150771	208964.PA3654	203	56
63151293	208964.PA4176	203	29
63147215	208964.PA0100	202	49
63147229	208964.PA0114	202	52
63150252	208964.PA3134	202	126
63151590	208964.PA4473	201	35
63152228	208964.PA5113	201	108
63147954	208964.PA0837	201	20
63147504	208964.PA0388	200	28
63150430	208964.PA3313	200	92
63148072	208964.PA0955	199	68
63150228	208964.PA3110	199	20
63150740	208964.PA3623	198	57
63148441	208964.PA1324	198	28
63151617	208964.PA4500	198	139
63150919	208964.PA3802	198	99
63148582	208964.PA1465	198	27
63148051	208964.PA0934	198	169
63150945	208964.PA3828	198	85
63151560	208964.PA4443	197	48
63150097	208964.PA2979	197	47
63148158	208964.PA1041	196	18
63150100	208964.PA2982	196	42
63148053	208964.PA0936	196	88
63148915	208964.PA1796	196	60
63152446	208964.PA5331	196	54
63149968	208964.PA2850	195	26
63148102	208964.PA0985	195	46
63147546	208964.PA0430	195	81
63151431	208964.PA4314	194	64
63148015	208964.PA0898	194	95
63149367	208964.PA2248	193	70
63152609	208964.PA5493	193	216
63148062	208964.PA0945	192	68
63151597	208964.PA4480	192	76
63147396	208964.PA0280	192	60
63151292	208964.PA4175	191	74
63150792	208964.PA3675	191	54
63152123	208964.PA5008	190	44
63150140	208964.PA3022	189	46
63147280	208964.PA0165	189	33
63152537	208964.PA5422	189	85
63147883	208964.PA0767	189	117
63149119	208964.PA2000	188	56
63150298	208964.PA3181	188	42
63151542	208964.PA4425	188	27
63151831	208964.PA4717	188	53
63149975	208964.PA2857	188	41
63151340	208964.PA4223	188	74
63147193	208964.PA0078	187	100
63152619	208964.PA5503	187	46
63148188	208964.PA1071	186	70
63148070	208964.PA0953	186	41
63151681	208964.PA4565	186	54
63152223	208964.PA5108	185	17
63148940	208964.PA1821	185	50
63152436	208964.PA5321	185	29
63149738	208964.PA2620	185	156
63150306	208964.PA3189	184	57
63150840	208964.PA3723	184	70
63150359	208964.PA3242	184	43
63149152	208964.PA2033	184	19
63150139	208964.PA3021	183	16
63150425	208964.PA3308	183	206
63149888	208964.PA2770	183	55
63151629	208964.PA4512	182	66
63151339	208964.PA4222	181	93
63151018	208964.PA3901	180	116
63152276	208964.PA5161	179	71
63151814	208964.PA4700	179	151
63148422	208964.PA1305	178	23
63147271	208964.PA0156	178	63
63149235	208964.PA2116	178	40
63147780	208964.PA0663	178	29
63151307	208964.PA4190	177	83
63149883	208964.PA2765	177	80
63151960	208964.PA4845	177	85
63148085	208964.PA0968	176	26
63149761	208964.PA2643	176	56
63148926	208964.PA1807	175	112
63150241	208964.PA3123	175	36
63148455	208964.PA1338	175	116
63151804	208964.PA4689	174	194
63150863	208964.PA3746	174	76
63147277	208964.PA0162	174	94
63151409	208964.PA4292	174	63
63152489	208964.PA5374	174	41
63152339	208964.PA5224	174	102
63151124	208964.PA4007	174	114
63151250	208964.PA4133	174	68
63151783	208964.PA4668	173	46
63147965	208964.PA0848	173	45
63151445	208964.PA4328	173	72
63152330	208964.PA5215	172	45
63152279	208964.PA5164	172	51
63151163	208964.PA4046	172	8
63151323	208964.PA4206	172	85
63150804	208964.PA3687	172	175
63151752	208964.PA4636	171	89
63149441	208964.PA2322	171	53
63150935	208964.PA3818	170	47
63152074	208964.PA4959	170	123
63152124	208964.PA5009	170	37
63150223	208964.PA3105	169	122
63147680	208964.PA0563	169	23
63152623	208964.PA5507	168	57
63151611	208964.PA4494	168	46
63147489	208964.PA0373	168	70
63149670	208964.PA2552	168	64
63151178	208964.PA4061	168	54
63147910	208964.PA0794	167	155
63151644	208964.PA4528	167	29
63152051	208964.PA4936	167	40
63147785	208964.PA0668	167	84
63147724	208964.PA0607	167	44
63152464	208964.PA5349	167	80
63150374	208964.PA3257	167	112
63150818	208964.PA3701	167	56
63147782	208964.PA0665	167	17
63148490	208964.PA1373	166	70
63147562	208964.PA0446	166	72
63149531	208964.PA2413	166	97
63148598	208964.PA1481	165	38
63149449	208964.PA2330	165	92
63149705	208964.PA2587	165	85
63150519	208964.PA3402	164	48
63148800	208964.PA1681	164	84
63149853	208964.PA2735	164	142
63147770	208964.PA0653	163	27
63148959	208964.PA1840	163	17
63150267	208964.PA3149	163	50
63148016	208964.PA0899	163	88
63152142	208964.PA5027	162	65
63147578	208964.PA0461	162	43
63148698	208964.PA1579	162	32
63149126	208964.PA2007	161	52
63151618	208964.PA4501	161	78
63148018	208964.PA0901	161	58
63152195	208964.PA5080	161	54
63149916	208964.PA2798	161	75
63150995	208964.PA3878	161	82
63149672	208964.PA2554	160	55
63150724	208964.PA3607	160	73
63151128	208964.PA4011	160	59
63149188	208964.PA2069	160	124
63152556	208964.PA5441	160	136
63150466	208964.PA3349	160	72
63148030	208964.PA0913	160	87
63149497	208964.PA2378	159	148
63150105	208964.PA2987	159	12
63147529	208964.PA0413	158	417
63149745	208964.PA2627	158	33
63150330	208964.PA3213	158	47
63151089	208964.PA3972	158	120
63150692	208964.PA3575	157	26
63149946	208964.PA2828	157	63
63147156	208964.PA0041	157	1112
63150444	208964.PA3327	157	453
63149511	208964.PA2392	157	84
63147577	208964.PA0460	157	33
63151668	208964.PA4552	157	50
63149442	208964.PA2323	156	103
63149314	208964.PA2195	156	90
63150757	208964.PA3640	155	234
63152034	208964.PA4919	155	104
63149421	208964.PA2302	155	367
63149623	208964.PA2505	155	81
63150483	208964.PA3366	154	54
63151491	208964.PA4374	154	62
63151901	208964.PA4786	154	82
63149516	208964.PA2397	153	73
63149949	208964.PA2831	153	61
63151512	208964.PA4395	152	28
63151351	208964.PA4234	152	163
63150790	208964.PA3673	152	137
63151127	208964.PA4010	152	38
63152678	208964.PA5562	152	50
63149313	208964.PA2194	151	89
63149929	208964.PA2811	151	30
63148252	208964.PA1135	151	39
63152068	208964.PA4953	150	48
63151036	208964.PA3919	149	66
63150739	208964.PA3622	149	56
63147433	208964.PA0317	148	73
63152265	208964.PA5150	148	33
63151280	208964.PA4163	148	105
63150909	208964.PA3792	148	121
63149132	208964.PA2013	148	35
63147863	208964.PA0746	147	69
63148125	208964.PA1008	147	23
63147116	208964.PA0001	147	73
63148546	208964.PA1429	146	104
63150104	208964.PA2986	145	38
63149525	208964.PA2407	145	56
63152251	208964.PA5136	145	71
63150465	208964.PA3348	145	36
63148576	208964.PA1459	145	71
63152646	208964.PA5530	144	52
63148049	208964.PA0932	144	52
63152054	208964.PA4939	144	56
63152137	208964.PA5022	144	145
63150325	208964.PA3208	143	37
63148457	208964.PA1340	143	33
63152278	208964.PA5163	143	47
63150807	208964.PA3690	142	95
63151731	208964.PA4615	142	37
63150274	208964.PA3156	142	22
63149825	208964.PA2707	142	58
63152285	208964.PA5170	142	67
63147506	208964.PA0390	141	65
63152263	208964.PA5148	141	6
63147653	208964.PA0536	141	60
63147986	208964.PA0869	141	64
63147899	208964.PA0783	141	58
63149323	208964.PA2204	141	52
63149765	208964.PA2647	140	48
63150732	208964.PA3615	140	39
63149941	208964.PA2823	140	41
63149763	208964.PA2645	140	16
63151761	208964.PA4646	139	38
63152082	208964.PA4967	139	90
63147735	208964.PA0618	139	45
63151566	208964.PA4449	139	41
63151247	208964.PA4130	139	96
63148186	208964.PA1069	139	150
63151857	208964.PA4742	139	40
63150449	208964.PA3332	139	18
63151802	208964.PA4687	139	57
63147864	208964.PA0747	139	141
63151848	208964.PA4733	138	120
63151868	208964.PA4753	138	14
63147479	208964.PA0363	137	42
63152393	208964.PA5278	137	49
63148865	208964.PA1746	137	22
63151853	208964.PA4738	137	3
63150940	208964.PA3823	137	67
63147511	208964.PA0395	137	73
63150264	208964.PA3146	137	51
63148944	208964.PA1825	137	36
63149542	208964.PA2424	137	794
63152438	208964.PA5323	136	44
63148611	208964.PA1494	136	66
63152360	208964.PA5245	136	30
63152111	208964.PA4996	135	84
63148599	208964.PA1482	135	33
63148908	208964.PA1789	135	50
63152477	208964.PA5362	135	41
63150301	208964.PA3184	135	56
63149894	208964.PA2776	135	66
63150454	208964.PA3337	134	63
63147880	208964.PA0764	134	41
63148035	208964.PA0918	134	31
63152455	208964.PA5340	134	39
63150669	208964.PA3552	133	61
63148214	208964.PA1097	133	73
63152133	208964.PA5018	133	38
63147742	208964.PA0625	133	84
63148951	208964.PA1832	133	57
63152346	208964.PA5231	132	156
63149316	208964.PA2197	132	58
63147126	208964.PA0011	132	43
63152121	208964.PA5006	131	30
63150654	208964.PA3537	131	46
63152491	208964.PA5376	131	61
63148218	208964.PA1101	131	67
63147255	208964.PA0140	131	70
63148928	208964.PA1809	130	40
63149691	208964.PA2573	130	634
63149858	208964.PA2740	130	45
63149450	208964.PA2331	130	27
63150342	208964.PA3225	130	46
63152310	208964.PA5195	130	7
63148054	208964.PA0937	130	15
63151643	208964.PA4526	129	81
63147912	208964.PA0796	129	40
63149163	208964.PA2044	129	95
63151781	208964.PA4666	129	50
63151809	208964.PA4695	129	28
63152117	208964.PA5002	128	59
63151533	208964.PA4416	128	82
63149938	208964.PA2820	128	35
63152316	208964.PA5201	127	110
63148949	208964.PA1830	127	19
63147205	208964.PA0090	127	139
63151324	208964.PA4207	127	114
63150211	208964.PA3093	126	65
63152319	208964.PA5204	126	50
63152314	208964.PA5199	126	78
63152350	208964.PA5235	125	62
63151892	208964.PA4777	125	62
63149918	208964.PA2800	125	32
63150271	208964.PA3153	125	41
63152256	208964.PA5141	124	58
63150447	208964.PA3330	124	41
63147503	208964.PA0387	124	33
63149646	208964.PA2528	123	57
63147505	208964.PA0389	123	37
63150038	208964.PA2920	123	630
63151794	208964.PA4679	123	18
63150671	208964.PA3554	123	86
63147750	208964.PA0633	123	12
63150972	208964.PA3855	122	22
63149519	208964.PA2400	122	443
63151966	208964.PA4851	122	76
63150576	208964.PA3459	122	89
63149959	208964.PA2841	122	36
63150001	208964.PA2883	121	8
63147430	208964.PA0314	121	62
63147875	208964.PA0759	121	49
63150362	208964.PA3245	121	11
63150473	208964.PA3356	121	46
63152613	208964.PA5497	120	106
63151504	208964.PA4387	120	10
63152620	208964.PA5504	120	17
63148560	208964.PA1443	120	37
63151867	208964.PA4752	120	16
63151845	208964.PA4730	119	45
63148081	208964.PA0964	119	13
63150902	208964.PA3785	119	24
63148937	208964.PA1818	117	122
63147963	208964.PA0846	117	14
63149022	208964.PA1903	117	192
63151331	208964.PA4214	117	192
63152309	208964.PA5194	116	57
63150299	208964.PA3182	115	27
63147272	208964.PA0157	115	40
63151297	208964.PA4180	115	56
63147658	208964.PA0541	115	23
63150458	208964.PA3341	115	22
63150582	208964.PA3465	114	44
63149023	208964.PA1904	114	56
63151332	208964.PA4215	114	56
63148796	208964.PA1677	114	40
63148547	208964.PA1430	114	45
63150331	208964.PA3214	114	26
63152332	208964.PA5217	114	28
63147179	208964.PA0064	114	16
63150763	208964.PA3646	113	41
63147861	208964.PA0744	113	47
63151669	208964.PA4553	113	33
63148236	208964.PA1119	113	22
63151687	208964.PA4571	113	81
63150655	208964.PA3538	113	48
63149515	208964.PA2396	112	29
63151841	208964.PA4726	112	45
63150927	208964.PA3810	112	92
63147522	208964.PA0406	112	23
63147151	208964.PA0036	112	46
63148637	208964.PA1520	111	43
63150448	208964.PA3331	111	33
63148966	208964.PA1847	111	23
63147131	208964.PA0016	111	45
63151667	208964.PA4551	110	25
63152140	208964.PA5025	110	56
63147447	208964.PA0331	110	70
63150077	208964.PA2959	110	31
63149512	208964.PA2393	110	75
63151907	208964.PA4792	110	51
63148661	208964.PA1544	109	28
63151585	208964.PA4468	109	14
63151782	208964.PA4667	109	72
63150920	208964.PA3803	109	51
63152453	208964.PA5338	109	82
63150385	208964.PA3268	108	86
63147525	208964.PA0409	108	17
63151453	208964.PA4336	108	29
63151807	208964.PA4693	107	14
63151704	208964.PA4588	107	72
63151285	208964.PA4168	107	79
63150123	208964.PA3005	107	32
63150906	208964.PA3789	107	69
63150813	208964.PA3696	107	32
63147885	208964.PA0769	106	19
63152363	208964.PA5248	106	45
63148076	208964.PA0959	106	30
63152435	208964.PA5320	106	53
63150847	208964.PA3730	106	14
63147273	208964.PA0158	106	91
63147726	208964.PA0609	106	61
63151829	208964.PA4715	105	46
63152039	208964.PA4924	105	24
63150067	208964.PA2949	105	53
63147789	208964.PA0672	105	24
63148592	208964.PA1475	105	44
63150360	208964.PA3243	105	25
63152662	208964.PA5546	105	54
63151535	208964.PA4418	105	45
63148629	208964.PA1512	104	57
63147379	208964.PA0263	104	57
63152382	208964.PA5267	104	57
63147243	208964.PA0128	104	6
63147194	208964.PA0079	104	60
63149199	208964.PA2080	104	55
63148963	208964.PA1844	103	26
63149580	208964.PA2462	103	1168
63149351	208964.PA2232	103	72
63151098	208964.PA3981	102	33
63147852	208964.PA0735	102	38
63150014	208964.PA2896	102	11
63150122	208964.PA3004	102	19
63150601	208964.PA3484	102	33
63148190	208964.PA1073	102	5
63151589	208964.PA4472	101	75
63148421	208964.PA1304	101	93
63149508	208964.PA2389	101	55
63151883	208964.PA4768	101	8
63147953	208964.PA0836	101	43
63152324	208964.PA5209	101	51
63150120	208964.PA3002	101	136
63147641	208964.PA0524	101	33
63149766	208964.PA2648	101	21
63148887	208964.PA1768	100	20
63152187	208964.PA5072	100	539
63152244	208964.PA5129	100	5
63148571	208964.PA1454	100	34
63151433	208964.PA4316	100	56
63152150	208964.PA5035	99.8	51
63151940	208964.PA4825	99.4	88
63147352	208964.PA0236	99.1	24
63152600	208964.PA5484	99.1	74
63148036	208964.PA0919	98.8	48
63152340	208964.PA5225	98.5	12
63151987	208964.PA4872	98.3	38
63150572	208964.PA3455	98.3	66
63147553	208964.PA0437	98.1	37
63148650	208964.PA1533	98.1	13
63150093	208964.PA2975	97.9	16
63151551	208964.PA4434	97.8	49
63151531	208964.PA4414	97.5	50
63151527	208964.PA4410	97.4	43
63150911	208964.PA3794	96.9	15
63152647	208964.PA5531	96.7	13
63148131	208964.PA1014	96.7	28
63149135	208964.PA2016	96.1	14
63150737	208964.PA3620	95.9	103
63148760	208964.PA1641	95.8	14
63148067	208964.PA0950	95.6	12
63151666	208964.PA4550	95.3	13
63150856	208964.PA3739	95.3	34
63150236	208964.PA3118	95.0	40
63150677	208964.PA3560	94.7	30
63150513	208964.PA3396	94.4	16
63150159	208964.PA3041	94.3	8
63151552	208964.PA4435	94.3	48
63147399	208964.PA0283	94.2	44
63147887	208964.PA0771	94.0	35
63148856	208964.PA1737	93.4	71
63148797	208964.PA1678	93.1	23
63151823	208964.PA4709	92.9	44
63151534	208964.PA4417	92.8	71
63149986	208964.PA2868	92.6	9
63152176	208964.PA5061	92.4	18
63151954	208964.PA4839	92.3	82
63147398	208964.PA0282	92.2	26
63151594	208964.PA4477	92.2	68
63152031	208964.PA4916	92.1	33
63150081	208964.PA2963	91.5	47
63148324	208964.PA1207	91.3	51
63150544	208964.PA3427	90.8	28
63147523	208964.PA0407	90.6	39
63152048	208964.PA4933	90.6	12
63151660	208964.PA4544	90.5	25
63147951	208964.PA0834	90.3	30
63150597	208964.PA3480	90.1	19
63152277	208964.PA5162	89.8	34
63150787	208964.PA3670	89.8	50
63150829	208964.PA3712	89.5	14
63148435	208964.PA1318	89.2	32
63151908	208964.PA4793	88.9	15
63148168	208964.PA1051	88.7	19
63151723	208964.PA4607	88.6	14
63147635	208964.PA0518	88.3	9
63148947	208964.PA1828	88.0	17
63151109	208964.PA3992	87.8	50
63152257	208964.PA5142	87.7	29
63151836	208964.PA4722	87.7	34
63147625	208964.PA0508	87.7	188
63152482	208964.PA5367	87.6	52
63150883	208964.PA3766	87.3	16
63148203	208964.PA1086	87.2	73
63149570	208964.PA2452	86.9	32
63152190	208964.PA5075	86.9	33
63150396	208964.PA3279	86.8	87
63147420	208964.PA0304	86.7	24
63149942	208964.PA2824	86.6	85
63150450	208964.PA3333	86.4	31
63152336	208964.PA5221	86.3	39
63152366	208964.PA5251	86.2	8
63150286	208964.PA3169	86.1	32
63148787	208964.PA1668	86.0	27
63148991	208964.PA1872	85.8	18
63150696	208964.PA3579	85.8	55
63151664	208964.PA4548	85.4	38
63148806	208964.PA1687	85.3	28
63147822	208964.PA0705	85.3	22
63151447	208964.PA4330	85.2	19
63152129	208964.PA5014	85.2	110
63149777	208964.PA2659	85.2	10
63152626	208964.PA5510	85.1	14
63152461	208964.PA5346	85.0	36
63147312	208964.PA0196	84.9	17
63148927	208964.PA1808	84.8	20
63152073	208964.PA4958	84.7	43
63152568	208964.PA5453	84.5	29
63151680	208964.PA4564	84.5	14
63148363	208964.PA1246	84.5	44
63149067	208964.PA1948	84.5	23
63151564	208964.PA4447	84.3	29
63151983	208964.PA4868	83.6	36
63149350	208964.PA2231	83.5	48
63148777	208964.PA1658	83.4	53
63148646	208964.PA1529	83.3	59
63151770	208964.PA4655	82.9	29
63151195	208964.PA4078	82.8	79
63149882	208964.PA2764	82.0	19
63149509	208964.PA2390	81.7	49
63151407	208964.PA4290	81.7	60
63151581	208964.PA4464	81.1	15
63149184	208964.PA2065	80.9	37
63151758	208964.PA4643	80.8	17
63147295	208964.PA0180	80.6	483
63150125	208964.PA3007	80.4	23
63147989	208964.PA0872	80.3	23
63151641	208964.PA4524	79.7	31
63151744	208964.PA4628	79.7	22
63149994	208964.PA2876	79.6	30
63152459	208964.PA5344	79.6	40
63147731	208964.PA0614	79.5	10
63151926	208964.PA4811	79.3	33
63148932	208964.PA1813	79.2	26
63151164	208964.PA4047	79.2	39
63150283	208964.PA3166	79.0	35
63151638	208964.PA4521	78.6	27
63148121	208964.PA1004	78.4	25
63147258	208964.PA0143	78.3	29
63152125	208964.PA5010	78.2	28
63149318	208964.PA2199	77.8	37
63152540	208964.PA5425	77.7	17
63149733	208964.PA2615	77.5	58
63152291	208964.PA5176	77.4	18
63152418	208964.PA5303	77.2	7
63148867	208964.PA1748	77.1	19
63148929	208964.PA1810	77.1	60
63147414	208964.PA0298	77.1	33
63150446	208964.PA3329	77.1	37
63151703	208964.PA4587	76.7	18
63150849	208964.PA3732	76.6	5
63151740	208964.PA4624	76.5	56
63149647	208964.PA2529	76.4	40
63149520	208964.PA2402	76.4	541
63149767	208964.PA2649	75.9	23
63152450	208964.PA5335	75.9	14
63152370	208964.PA5255	75.8	6
63152113	208964.PA4998	75.8	21
63151232	208964.PA4115	75.6	34
63150742	208964.PA3625	75.5	12
63149069	208964.PA1950	75.5	30
63150478	208964.PA3361	75.3	4
63151309	208964.PA4192	75.3	34
63148113	208964.PA0996	75.2	49
63148204	208964.PA1087	75.2	54
63150602	208964.PA3485	75.0	11
63150695	208964.PA3578	75.0	18
63148117	208964.PA1000	75.0	47
63148339	208964.PA1222	74.8	21
63148567	208964.PA1450	74.5	17
63148962	208964.PA1843	74.3	88
63147775	208964.PA0658	74.3	23
63151172	208964.PA4055	73.6	13
63152432	208964.PA5317	73.6	38
63151042	208964.PA3925	73.5	27
63147458	208964.PA0342	73.2	18
63147722	208964.PA0605	73.1	38
63151118	208964.PA4001	73.1	17
63149060	208964.PA1941	73.0	60
63149744	208964.PA2626	73.0	37
63150998	208964.PA3881	72.9	8
63149669	208964.PA2551	72.7	36
63148578	208964.PA1461	72.7	19
63150019	208964.PA2901	72.6	11
63150474	208964.PA3357	72.6	38
63147732	208964.PA0615	72.6	15
63152558	208964.PA5443	72.5	64
63148361	208964.PA1244	72.3	9
63147590	208964.PA0473	72.0	27
63151555	208964.PA4438	71.8	35
63148753	208964.PA1634	71.4	46
63150970	208964.PA3853	71.1	21
63150774	208964.PA3657	71.1	21
63148956	208964.PA1837	71.0	8
63150220	208964.PA3102	71.0	24
63152084	208964.PA4969	71.0	24
63150193	208964.PA3075	70.8	44
63151161	208964.PA4044	70.8	37
63149702	208964.PA2584	70.7	6
63150345	208964.PA3228	70.6	46
63151887	208964.PA4772	70.5	93
63152466	208964.PA5351	70.4	9
63148140	208964.PA1023	70.4	29
63147877	208964.PA0761	70.3	44
63150452	208964.PA3335	70.3	23
63149737	208964.PA2619	70.0	8
63151020	208964.PA3903	70.0	34
63147581	208964.PA0464	69.8	42
63147453	208964.PA0337	69.7	73
63151818	208964.PA4704	69.1	24
63148942	208964.PA1823	69.0	20
63149424	208964.PA2305	69.0	73
63147285	208964.PA0170	68.8	8
63152106	208964.PA4991	68.4	44
63152122	208964.PA5007	68.3	13
63150269	208964.PA3151	68.2	21
63148312	208964.PA1195	68.1	25
63148034	208964.PA0917	68.0	25
63150904	208964.PA3787	67.9	22
63152046	208964.PA4931	67.9	40
63151971	208964.PA4856	67.6	74
63147536	208964.PA0420	67.3	40
63151615	208964.PA4498	67.2	43
63150885	208964.PA3768	66.9	45
63148549	208964.PA1432	66.5	15
63151610	208964.PA4493	66.5	8
63150777	208964.PA3660	66.4	35
63147198	208964.PA0083	66.4	16
63147155	208964.PA0040	66.3	87
63152086	208964.PA4971	66.2	15
63147188	208964.PA0073	66.2	16
63150165	208964.PA3047	66.2	37
63149856	208964.PA2738	66.0	5
63147698	208964.PA0581	65.9	10
63150468	208964.PA3351	65.9	9
63151663	208964.PA4547	65.8	28
63151318	208964.PA4201	65.7	15
63147419	208964.PA0303	65.5	14
63148716	208964.PA1597	65.5	19
63152058	208964.PA4943	65.5	36
63152383	208964.PA5268	65.5	30
63151536	208964.PA4419	65.2	7
63151041	208964.PA3924	65.2	48
63150686	208964.PA3569	65.0	22
63152045	208964.PA4930	64.9	38
63150766	208964.PA3649	64.9	27
63149049	208964.PA1930	64.9	490
63147703	208964.PA0586	64.8	25
63152536	208964.PA5421	64.7	27
63150305	208964.PA3188	64.7	14
63151328	208964.PA4211	64.6	10
63147206	208964.PA0091	64.5	110
63150748	208964.PA3631	64.1	29
63149648	208964.PA2530	64.1	35
63152328	208964.PA5213	63.9	78
63152258	208964.PA5143	63.9	15
63147397	208964.PA0281	63.8	19
63151493	208964.PA4376	63.8	56
63148008	208964.PA0891	63.5	23
63152081	208964.PA4966	63.3	19
63147446	208964.PA0330	63.2	17
63149231	208964.PA2112	63.2	19
63149663	208964.PA2545	63.1	21
63152356	208964.PA5241	62.9	43
63149748	208964.PA2630	62.9	23
63150384	208964.PA3267	62.7	33
63152222	208964.PA5107	62.5	18
63150247	208964.PA3129	62.5	22
63150013	208964.PA2895	62.4	13
63148868	208964.PA1749	62.3	11
63150214	208964.PA3096	62.2	21
63148666	208964.PA1549	62.1	36
63150206	208964.PA3088	62.0	23
63151526	208964.PA4409	62.0	27
63151114	208964.PA3997	61.9	16
63150641	208964.PA3524	61.7	6
63150700	208964.PA3583	61.5	21
63150328	208964.PA3211	61.1	25
63151840	208964.PA4725	61.1	39
63149528	208964.PA2410	60.8	22
63151505	208964.PA4388	60.7	16
63147970	208964.PA0853	60.7	13
63148733	208964.PA1614	60.3	17
63148765	208964.PA1646	60.2	490
63148939	208964.PA1820	60.0	18
63151801	208964.PA4686	60.0	63
63151037	208964.PA3920	59.7	31
63148888	208964.PA1769	59.5	19
63150983	208964.PA3866	59.4	59
63150878	208964.PA3761	59.1	31
63151771	208964.PA4656	59.1	26
63149361	208964.PA2242	59.0	17
63149279	208964.PA2160	58.8	49
63151484	208964.PA4367	58.7	45
63149527	208964.PA2409	58.7	9
63149504	208964.PA2385	58.5	46
63151075	208964.PA3958	58.5	28
63151674	208964.PA4558	58.3	11
63148257	208964.PA1140	58.2	16
63147417	208964.PA0301	58.2	27
63147874	208964.PA0758	58.1	20
63152476	208964.PA5361	58.0	27
63151000	208964.PA3883	57.7	12
63152315	208964.PA5200	57.6	14
63149581	208964.PA2463	57.5	82
63152313	208964.PA5198	57.4	21
63150421	208964.PA3304	57.4	14
63148607	208964.PA1490	57.3	16
63150913	208964.PA3796	57.3	5
63147554	208964.PA0438	57.2	7
63147461	208964.PA0345	57.0	29
63149659	208964.PA2541	56.9	3
63148892	208964.PA1773	56.9	20
63150310	208964.PA3193	56.7	20
63151678	208964.PA4562	56.6	20
63151004	208964.PA3887	56.6	14
63148550	208964.PA1433	56.6	44
63151695	208964.PA4579	56.5	44
63151780	208964.PA4665	56.4	22
63151008	208964.PA3891	56.2	18
63151955	208964.PA4840	56.2	9
63147768	208964.PA0651	56.2	23
63148917	208964.PA1798	56.0	19
63147766	208964.PA0649	56.0	10
63147637	208964.PA0520	55.9	22
63151106	208964.PA3989	55.8	18
63151120	208964.PA4003	55.8	44
63150418	208964.PA3301	55.8	19
63149740	208964.PA2622	55.8	6
63147210	208964.PA0095	55.4	116
63148935	208964.PA1816	55.2	15
63150063	208964.PA2945	55.2	22
63151507	208964.PA4390	55.2	21
63152207	208964.PA5092	55.1	30
63151900	208964.PA4785	55.0	25
63148044	208964.PA0927	54.9	24
63152236	208964.PA5121	54.9	28
63151403	208964.PA4286	54.9	11
63152335	208964.PA5220	54.8	11
63147751	208964.PA0634	54.7	5
63149976	208964.PA2858	54.7	33
63152075	208964.PA4960	54.6	29
63149679	208964.PA2561	54.5	586
63150099	208964.PA2981	54.4	21
63152420	208964.PA5305	53.8	6
63151113	208964.PA3996	53.8	20
63149384	208964.PA2265	53.4	34
63150776	208964.PA3659	53.3	23
63149383	208964.PA2264	53.1	12
63149729	208964.PA2611	52.4	23
63152168	208964.PA5053	52.3	5
63152220	208964.PA5105	52.3	17
63148166	208964.PA1049	52.1	12
63150256	208964.PA3138	52.0	32
63151249	208964.PA4132	52.0	34
63152608	208964.PA5492	51.9	10
63152062	208964.PA4947	51.8	30
63152521	208964.PA5406	51.7	10
63149803	208964.PA2685	51.7	119
63148999	208964.PA1880	51.4	36
63148019	208964.PA0902	51.3	21
63152685	208964.PA5569	50.9	8
63148037	208964.PA0920	50.9	50
63151593	208964.PA4476	50.8	90
63151437	208964.PA4320	50.7	16
63150221	208964.PA3103	50.7	29
63147470	208964.PA0354	50.7	18
63152038	208964.PA4923	50.7	4
63147745	208964.PA0628	50.6	20
63147189	208964.PA0074	50.4	65
63148239	208964.PA1122	50.2	7
63148279	208964.PA1162	50.1	19
63150166	208964.PA3048	50.0	37
63152424	208964.PA5309	49.8	27
63152270	208964.PA5155	49.6	15
63151637	208964.PA4520	49.5	597
63151851	208964.PA4736	49.4	6
63149699	208964.PA2581	49.3	10
63147974	208964.PA0857	49.2	4
63152545	208964.PA5430	49.2	13
63152067	208964.PA4952	49.2	23
63150388	208964.PA3271	49.1	54
63152569	208964.PA5454	49.0	14
63151538	208964.PA4421	48.9	6
63148895	208964.PA1776	48.6	9
63150595	208964.PA3478	48.5	21
63152570	208964.PA5455	48.4	20
63148855	208964.PA1736	48.3	25
63150229	208964.PA3111	48.2	23
63149843	208964.PA2725	48.1	36
63152268	208964.PA5153	48.0	20
63147624	208964.PA0507	48.0	187
63147659	208964.PA0542	48.0	5
63147832	208964.PA0715	47.9	18
63147492	208964.PA0376	47.9	11
63149522	208964.PA2404	47.8	13
63147431	208964.PA0315	47.8	10
63150555	208964.PA3438	47.7	14
63148871	208964.PA1752	47.6	23
63150768	208964.PA3651	47.6	10
63151436	208964.PA4319	47.6	13
63152681	208964.PA5565	47.5	27
63147719	208964.PA0602	47.2	17
63148178	208964.PA1061	47.2	21
63149122	208964.PA2003	47.0	10
63149153	208964.PA2034	46.9	14
63150673	208964.PA3556	46.8	29
63150111	208964.PA2993	46.8	20
63152375	208964.PA5260	46.8	25
63150007	208964.PA2889	46.7	23
63147347	208964.PA0231	46.6	5
63150419	208964.PA3302	46.5	10
63152280	208964.PA5165	46.1	38
63151492	208964.PA4375	46.0	39
63150302	208964.PA3185	46.0	18
63150210	208964.PA3092	46.0	35
63148364	208964.PA1247	45.9	17
63148891	208964.PA1772	45.8	15
63152108	208964.PA4993	45.8	15
63148193	208964.PA1076	45.8	8
63148798	208964.PA1679	45.5	13
63152483	208964.PA5368	45.4	30
63152589	208964.PA5473	45.4	17
63150222	208964.PA3104	45.2	9
63149654	208964.PA2536	45.2	10
63150209	208964.PA3091	45.2	27
63148183	208964.PA1066	45.1	10
63150556	208964.PA3439	45.0	4
63147897	208964.PA0781	44.9	33
63151488	208964.PA4371	44.9	13
63150989	208964.PA3872	44.9	12
63150249	208964.PA3131	44.5	14
63150881	208964.PA3764	44.3	18
63148492	208964.PA1375	44.3	20
63148006	208964.PA0889	44.0	9
63150760	208964.PA3643	43.9	17
63152599	208964.PA5483	43.8	23
63149229	208964.PA2110	43.8	12
63151772	208964.PA4657	43.6	17
63152088	208964.PA4973	43.4	28
63149059	208964.PA1940	43.2	16
63147359	208964.PA0243	43.1	8
63147421	208964.PA0305	43.0	39
63152148	208964.PA5033	43.0	18
63148911	208964.PA1792	43.0	12
63149850	208964.PA2732	42.9	67
63152345	208964.PA5230	42.9	9
63152445	208964.PA5330	42.4	9
63147628	208964.PA0511	42.4	13
63151092	208964.PA3975	42.2	11
63151787	208964.PA4672	42.0	11
63147161	208964.PA0046	42.0	7
63147977	208964.PA0860	41.9	18
63147187	208964.PA0072	41.9	12
63150865	208964.PA3748	41.9	18
63150744	208964.PA3627	41.8	8
63151861	208964.PA4746	41.7	4
63149912	208964.PA2794	41.6	17
63149385	208964.PA2266	41.6	27
63148460	208964.PA1343	41.6	8
63151690	208964.PA4574	41.5	8
63148176	208964.PA1059	41.4	5
63150843	208964.PA3726	41.4	10
63152367	208964.PA5252	41.2	34
63149063	208964.PA1944	41.1	29
63147764	208964.PA0647	41.1	3
63152402	208964.PA5287	40.9	6
63147482	208964.PA0366	40.9	20
63152030	208964.PA4915	40.8	460
63152235	208964.PA5120	40.8	5
63150412	208964.PA3295	40.7	7
63150367	208964.PA3250	40.7	22
63151175	208964.PA4058	40.6	12
63151843	208964.PA4728	40.6	10
63147524	208964.PA0408	40.6	8
63147675	208964.PA0558	40.4	13
63150188	208964.PA3070	40.2	17
63150434	208964.PA3317	40.2	9
63151435	208964.PA4318	40.2	12
63152028	208964.PA4913	40.2	8
63147704	208964.PA0587	39.7	17
63148652	208964.PA1535	39.7	15
63149817	208964.PA2699	39.6	43
63152151	208964.PA5036	39.5	66
63150969	208964.PA3852	39.5	7
63149521	208964.PA2403	39.5	13
63147247	208964.PA0132	39.4	22
63148401	208964.PA1284	39.4	172
63148101	208964.PA0984	39.2	5
63149524	208964.PA2406	39.1	5
63152091	208964.PA4976	39.1	9
63150287	208964.PA3170	38.8	16
63150570	208964.PA3453	38.8	10
63149159	208964.PA2040	38.7	38
63151235	208964.PA4118	38.7	10
63152296	208964.PA5181	38.7	34
63150089	208964.PA2971	38.5	8
63151885	208964.PA4770	38.5	13
63151865	208964.PA4750	38.5	18
63148243	208964.PA1126	38.3	6
63152115	208964.PA5000	38.3	14
63148697	208964.PA1578	38.2	10
63151621	208964.PA4504	38.1	7
63152478	208964.PA5363	38.1	14
63151395	208964.PA4278	38.1	8
63148144	208964.PA1027	38.1	24
63150417	208964.PA3300	38.1	26
63151084	208964.PA3967	38.0	5
63151173	208964.PA4056	38.0	18
63149802	208964.PA2684	37.9	55
63150594	208964.PA3477	37.8	16
63148743	208964.PA1624	37.7	14
63151325	208964.PA4208	37.5	25
63150533	208964.PA3416	37.3	14
63150461	208964.PA3344	37.3	29
63148267	208964.PA1150	37.2	38
63147778	208964.PA0661	37.2	7
63151952	208964.PA4837	36.9	27
63151438	208964.PA4321	36.9	18
63152308	208964.PA5193	36.9	13
63150845	208964.PA3728	36.9	80
63147662	208964.PA0545	36.8	14
63150161	208964.PA3043	36.8	15
63148579	208964.PA1462	36.8	8
63148761	208964.PA1642	36.7	9
63150512	208964.PA3395	36.6	3
63147545	208964.PA0429	36.5	15
63148730	208964.PA1611	36.5	23
63152318	208964.PA5203	36.4	26
63148710	208964.PA1591	36.4	12
63149915	208964.PA2797	36.4	8
63150925	208964.PA3808	36.3	4
63151425	208964.PA4308	36.3	20
63151725	208964.PA4609	36.3	29
63152480	208964.PA5365	36.2	12
63148638	208964.PA1521	36.0	23
63148291	208964.PA1174	35.9	34
63148024	208964.PA0907	35.8	4
63152352	208964.PA5237	35.8	16
63150281	208964.PA3163	35.8	15
63148737	208964.PA1618	35.7	5
63151348	208964.PA4231	35.6	23
63151013	208964.PA3896	35.5	13
63152127	208964.PA5012	35.4	15
63147412	208964.PA0296	35.4	38
63152325	208964.PA5210	35.2	28
63150344	208964.PA3227	35.2	9
63151185	208964.PA4068	35.2	11
63148333	208964.PA1216	35.1	14
63152302	208964.PA5187	35.1	129
63149123	208964.PA2004	35.1	10
63147150	208964.PA0035	35.1	9
63152428	208964.PA5313	34.8	24
63151246	208964.PA4129	34.8	4
63151067	208964.PA3950	34.7	24
63150680	208964.PA3563	34.6	15
63152651	208964.PA5535	34.6	19
63150009	208964.PA2891	34.6	34
63149846	208964.PA2728	34.5	37
63151050	208964.PA3933	34.5	17
63150217	208964.PA3099	34.4	5
63151858	208964.PA4743	34.4	5
63150431	208964.PA3314	34.4	13
63147132	208964.PA0017	34.3	18
63148409	208964.PA1292	34.2	13
63148461	208964.PA1344	34.1	10
63150966	208964.PA3849	34.0	13
63149852	208964.PA2734	33.9	24
63151545	208964.PA4428	33.8	12
63149710	208964.PA2592	33.7	10
63150270	208964.PA3152	33.5	10
63151757	208964.PA4642	33.4	5
63150814	208964.PA3697	33.3	16
63150282	208964.PA3165	33.2	14
63152492	208964.PA5377	33.2	3
63150137	208964.PA3019	33.2	29
63151574	208964.PA4457	33.1	9
63152338	208964.PA5223	33.1	18
63152266	208964.PA5151	33.0	5
63150272	208964.PA3154	33.0	10
63149993	208964.PA2875	32.9	18
63152564	208964.PA5449	32.7	16
63150721	208964.PA3604	32.7	14
63150573	208964.PA3456	32.6	30
63152329	208964.PA5214	32.5	4
63152135	208964.PA5020	32.4	172
63148540	208964.PA1423	32.3	460
63152601	208964.PA5485	32.2	10
63151530	208964.PA4413	32.1	9
63152066	208964.PA4951	32.1	5
63149700	208964.PA2582	32.0	3
63151196	208964.PA4079	31.6	8
63150308	208964.PA3191	31.5	15
63148941	208964.PA1822	31.5	24
63151167	208964.PA4050	31.4	3
63148241	208964.PA1124	31.4	17
63147424	208964.PA0308	31.4	17
63150552	208964.PA3435	31.2	4
63148189	208964.PA1072	31.2	17
63147423	208964.PA0307	31.0	5
63149923	208964.PA2805	30.9	5
63148368	208964.PA1251	30.9	34
63148719	208964.PA1600	30.9	11
63149020	208964.PA1901	30.8	30
63151329	208964.PA4212	30.8	30
63152680	208964.PA5564	30.6	9
63151515	208964.PA4398	30.6	18
63151791	208964.PA4676	30.6	11
63152590	208964.PA5474	30.5	20
63149598	208964.PA2480	29.9	14
63148569	208964.PA1452	29.9	24
63150915	208964.PA3798	29.8	14
63148651	208964.PA1534	29.7	6
63151673	208964.PA4557	29.6	8
63151575	208964.PA4458	29.5	7
63147565	208964.PA0449	29.4	10
63152565	208964.PA5450	29.4	15
63150464	208964.PA3347	29.3	6
63151544	208964.PA4427	29.2	5
63148120	208964.PA1003	29.1	11
63149084	208964.PA1965	29.1	6
63148027	208964.PA0910	29.1	6
63149263	208964.PA2144	29.1	30
63148342	208964.PA1225	28.9	11
63150118	208964.PA3000	28.9	10
63151393	208964.PA4276	28.6	4
63149548	208964.PA2430	28.4	11
63152179	208964.PA5064	28.4	8
63149731	208964.PA2613	28.4	13
63148961	208964.PA1842	28.3	3
63152071	208964.PA4956	28.3	12
63152061	208964.PA4946	28.3	24
63150786	208964.PA3669	28.3	13
63149357	208964.PA2238	28.2	9
63152103	208964.PA4988	28.2	13
63147758	208964.PA0641	28.0	34
63149584	208964.PA2466	27.8	30
63152460	208964.PA5345	27.7	24
63148045	208964.PA0928	27.3	32
63148770	208964.PA1651	27.3	4
63148975	208964.PA1856	27.3	30
63152594	208964.PA5478	27.2	11
63150961	208964.PA3844	27.1	9
63148773	208964.PA1654	26.9	8
63151603	208964.PA4486	26.8	6
63148210	208964.PA1093	26.8	6
63152458	208964.PA5343	26.7	10
63149526	208964.PA2408	26.7	9
63150993	208964.PA3876	26.6	7
63149645	208964.PA2527	26.6	29
63152323	208964.PA5208	26.6	9
63152560	208964.PA5445	26.6	12
63151457	208964.PA4340	26.4	7
63147406	208964.PA0290	26.4	9
63149078	208964.PA1959	26.4	7
63147174	208964.PA0059	26.2	4
63147291	208964.PA0176	26.2	21
63148695	208964.PA1576	26.1	12
63149977	208964.PA2859	26.0	6
63147535	208964.PA0419	26.0	9
63147507	208964.PA0391	26.0	17
63148105	208964.PA0988	25.9	3
63149352	208964.PA2233	25.9	9
63148161	208964.PA1044	25.8	5
63147435	208964.PA0319	25.5	10
63147586	208964.PA0469	25.4	10
63151688	208964.PA4572	25.4	7
63150743	208964.PA3626	25.4	7
63148515	208964.PA1398	25.3	5
63149991	208964.PA2873	25.3	15
63150828	208964.PA3711	25.3	9
63149423	208964.PA2304	25.3	11
63147451	208964.PA0335	25.2	10
63151537	208964.PA4420	25.1	9
63147287	208964.PA0172	25.0	14
63152002	208964.PA4887	25.0	7
63152416	208964.PA5301	24.8	5
63151762	208964.PA4647	24.8	5
63151402	208964.PA4285	24.8	41
63152474	208964.PA5359	24.7	3
63150456	208964.PA3339	24.7	21
63151742	208964.PA4626	24.6	10
63149911	208964.PA2793	24.6	6
63148494	208964.PA1377	24.5	7
63151497	208964.PA4380	24.5	10
63149925	208964.PA2807	24.5	5
63147587	208964.PA0470	24.4	27
63147209	208964.PA0094	24.3	4
63150189	208964.PA3071	24.3	9
63148244	208964.PA1127	24.2	10
63147709	208964.PA0592	24.2	9
63150239	208964.PA3121	24.1	14
63148185	208964.PA1068	24.1	22
63148788	208964.PA1669	24.1	33
63151579	208964.PA4462	24.0	14
63148447	208964.PA1330	23.9	9
63151582	208964.PA4465	23.9	9
63152624	208964.PA5508	23.7	10
63150399	208964.PA3282	23.7	5
63148048	208964.PA0931	23.7	22
63151648	208964.PA4532	23.6	3
63149972	208964.PA2854	23.6	10
63147668	208964.PA0551	23.5	9
63151743	208964.PA4627	23.5	8
63148149	208964.PA1032	23.5	23
63147153	208964.PA0038	23.5	3
63150577	208964.PA3460	23.4	18
63150934	208964.PA3817	23.3	8
63151994	208964.PA4879	23.3	14
63150769	208964.PA3652	23.3	6
63151884	208964.PA4769	23.2	8
63149348	208964.PA2229	23.2	5
63150343	208964.PA3226	23.2	9
63151321	208964.PA4204	23.0	8
63150854	208964.PA3737	23.0	6
63150138	208964.PA3020	23.0	21
63149907	208964.PA2789	23.0	11
63148133	208964.PA1016	22.8	10
63151532	208964.PA4415	22.8	8
63148752	208964.PA1633	22.7	3
63148771	208964.PA1652	22.6	3
63152344	208964.PA5229	22.6	3
63149062	208964.PA1943	22.6	11
63151119	208964.PA4002	22.5	5
63152221	208964.PA5106	22.4	12
63147463	208964.PA0347	22.4	10
63148803	208964.PA1684	22.2	4
63148237	208964.PA1120	22.2	6
63148832	208964.PA1713	22.1	5
63149610	208964.PA2492	22.0	8
63149662	208964.PA2544	22.0	6
63147162	208964.PA0047	21.8	5
63151645	208964.PA4529	21.7	5
63152064	208964.PA4949	21.7	13
63152209	208964.PA5094	21.7	6
63151961	208964.PA4846	21.5	5
63149835	208964.PA2717	21.5	8
63149879	208964.PA2761	21.3	3
63151315	208964.PA4198	21.1	14
63152616	208964.PA5500	21.1	3
63147978	208964.PA0861	21.1	24
63147761	208964.PA0644	21.1	4
63152389	208964.PA5274	21.1	3
63152637	208964.PA5521	21.1	8
63148208	208964.PA1091	21.0	36
63150608	208964.PA3491	20.9	21
63148987	208964.PA1868	20.8	32
63149697	208964.PA2579	20.8	8
63148875	208964.PA1756	20.8	5
63152490	208964.PA5375	20.7	9
63151396	208964.PA4279	20.7	5
63151889	208964.PA4774	20.6	6
63150329	208964.PA3212	20.5	8
63151479	208964.PA4362	20.4	7
63148597	208964.PA1480	20.3	9
63150923	208964.PA3806	20.3	8
63150481	208964.PA3364	20.2	9
63149281	208964.PA2162	20.2	18
63151833	208964.PA4719	20.0	4
63147575	208964.PA0458	20.0	5
63151659	208964.PA4543	20.0	7
63149905	208964.PA2787	19.9	12
63150191	208964.PA3073	19.9	10
63149944	208964.PA2826	19.7	5
63149514	208964.PA2395	19.7	5
63151729	208964.PA4613	19.7	12
63147736	208964.PA0619	19.6	5
63150943	208964.PA3826	19.6	6
63150949	208964.PA3832	19.6	4
63147498	208964.PA0382	19.4	5
63150079	208964.PA2961	19.3	10
63147715	208964.PA0598	19.3	3
63150830	208964.PA3713	19.3	13
63152321	208964.PA5206	19.2	9
63147473	208964.PA0357	19.2	5
63148093	208964.PA0976	19.2	5
63152349	208964.PA5234	19.1	8
63148199	208964.PA1082	19.0	4
63152612	208964.PA5496	19.0	8
63151102	208964.PA3985	19.0	8
63150767	208964.PA3650	18.9	9
63147743	208964.PA0626	18.8	7
63148482	208964.PA1365	18.8	26
63148083	208964.PA0966	18.8	5
63149582	208964.PA2464	18.8	4
63147697	208964.PA0580	18.7	9
63152618	208964.PA5502	18.7	5
63148554	208964.PA1437	18.6	5
63148742	208964.PA1623	18.6	4
63147266	208964.PA0151	18.6	15
63148792	208964.PA1673	18.5	3
63149181	208964.PA2062	18.5	26
63147753	208964.PA0636	18.4	9
63152571	208964.PA5456	18.3	6
63150216	208964.PA3098	18.2	4
63152139	208964.PA5024	18.1	3
63152413	208964.PA5298	18.1	4
63149171	208964.PA2052	18.1	5
63150861	208964.PA3744	18.0	4
63150735	208964.PA3618	18.0	6
63151059	208964.PA3942	18.0	6
63152462	208964.PA5347	18.0	3
63148500	208964.PA1383	17.9	11
63150387	208964.PA3270	17.9	4
63151097	208964.PA3980	17.8	15
63150973	208964.PA3856	17.8	3
63149447	208964.PA2328	17.7	7
63149342	208964.PA2223	17.6	5
63148443	208964.PA1326	17.6	20
63149990	208964.PA2872	17.5	8
63151557	208964.PA4440	17.2	5
63149901	208964.PA2783	17.1	10
63147286	208964.PA0171	17.1	4
63150821	208964.PA3704	17.0	19
63148314	208964.PA1197	17.0	5
63151180	208964.PA4063	17.0	4
63148323	208964.PA1206	17.0	4
63150076	208964.PA2958	16.9	9
63147385	208964.PA0269	16.9	4
63151048	208964.PA3931	16.7	6
63150725	208964.PA3608	16.6	4
63150679	208964.PA3562	16.6	13
63149535	208964.PA2417	16.5	9
63150676	208964.PA3559	16.5	3
63150414	208964.PA3297	16.5	30
63151959	208964.PA4844	16.4	32
63150467	208964.PA3350	16.4	5
63148488	208964.PA1371	16.4	5
63150963	208964.PA3846	16.3	3
63147754	208964.PA0637	16.2	3
63147201	208964.PA0086	16.2	6
63152021	208964.PA4906	16.2	4
63147975	208964.PA0858	16.2	8
63150238	208964.PA3120	16.1	5
63152683	208964.PA5567	16.0	8
63151760	208964.PA4645	16.0	3
63152255	208964.PA5140	15.9	5
63152639	208964.PA5523	15.8	10
63149068	208964.PA1949	15.7	9
63147486	208964.PA0370	15.7	3
63147401	208964.PA0285	15.7	17
63150204	208964.PA3086	15.6	3
63147494	208964.PA0378	15.5	6
63152303	208964.PA5188	15.5	8
63151344	208964.PA4227	15.4	5
63152422	208964.PA5307	15.4	13
63148979	208964.PA1860	15.1	5
63148322	208964.PA1205	15.1	5
63151923	208964.PA4808	15.0	8
63147657	208964.PA0540	15.0	3
63151878	208964.PA4763	15.0	8
63149355	208964.PA2236	14.9	6
63147584	208964.PA0467	14.9	5
63147190	208964.PA0075	14.9	5
63148420	208964.PA1303	14.8	3
63149448	208964.PA2329	14.8	6
63151449	208964.PA4332	14.7	7
63151003	208964.PA3886	14.7	4
63150997	208964.PA3880	14.6	3
63150351	208964.PA3234	14.6	7
63149460	208964.PA2341	14.5	8
63149704	208964.PA2586	14.5	5
63148538	208964.PA1421	14.4	5
63150290	208964.PA3173	14.4	3
63150956	208964.PA3839	14.3	9
63147617	208964.PA0500	14.3	3
63148033	208964.PA0916	14.3	13
63149182	208964.PA2063	14.1	6
63150240	208964.PA3122	13.9	8
63148762	208964.PA1643	13.9	6
63151219	208964.PA4102	13.9	5
63152250	208964.PA5135	13.9	6
63150789	208964.PA3672	13.8	4
63149562	208964.PA2444	13.8	10
63152658	208964.PA5542	13.7	6
63151925	208964.PA4810	13.6	3
63150171	208964.PA3053	13.5	6
63150224	208964.PA3106	13.5	5
63150260	208964.PA3142	13.5	3
63150413	208964.PA3296	13.5	5
63152648	208964.PA5532	13.4	4
63152299	208964.PA5184	13.4	3
63151714	208964.PA4598	13.3	50
63151619	208964.PA4502	13.3	8
63152530	208964.PA5415	13.2	10
63149422	208964.PA2303	13.1	5
63150124	208964.PA3006	13.0	5
63149116	208964.PA1997	13.0	12
63151455	208964.PA4338	13.0	4
63147164	208964.PA0049	12.9	7
63148280	208964.PA1163	12.8	12
63150942	208964.PA3825	12.8	8
63152206	208964.PA5091	12.7	5
63151322	208964.PA4205	12.7	3
63152149	208964.PA5034	12.7	4
63152252	208964.PA5137	12.5	4
63151143	208964.PA4026	12.5	4
63148411	208964.PA1294	12.5	7
63152365	208964.PA5250	12.5	3
63149106	208964.PA1987	12.5	3
63152377	208964.PA5262	12.4	4
63148389	208964.PA1272	12.4	3
63150400	208964.PA3283	12.3	3
63147203	208964.PA0088	12.2	10
63149113	208964.PA1994	12.2	3
63147681	208964.PA0564	12.2	4
63151835	208964.PA4721	12.1	5
63148525	208964.PA1408	12.0	17
63151995	208964.PA4880	12.0	4
63150372	208964.PA3255	12.0	4
63149145	208964.PA2026	12.0	3
63148755	208964.PA1636	11.9	8
63150073	208964.PA2955	11.9	3
63149657	208964.PA2539	11.7	8
63152655	208964.PA5539	11.7	3
63148478	208964.PA1361	11.6	4
63149439	208964.PA2320	11.6	4
63150977	208964.PA3860	11.5	9
63151732	208964.PA4616	11.5	4
63152472	208964.PA5357	11.5	3
63150005	208964.PA2887	11.5	5
63151227	208964.PA4110	11.4	6
63152513	208964.PA5398	11.4	8
63149271	208964.PA2152	11.4	21
63150508	208964.PA3391	11.4	12
63152473	208964.PA5358	11.3	5
63149641	208964.PA2523	11.3	3
63151222	208964.PA4105	11.3	3
63149800	208964.PA2682	11.2	6
63150015	208964.PA2897	11.1	3
63148784	208964.PA1665	11.1	5
63148238	208964.PA1121	11.1	3
63148851	208964.PA1732	11.0	3
63150812	208964.PA3695	10.9	3
63148118	208964.PA1001	10.9	9
63150192	208964.PA3074	10.8	5
63149845	208964.PA2727	10.8	14
63147905	208964.PA0789	10.8	7
63152562	208964.PA5447	10.8	3
63151095	208964.PA3978	10.6	3
63151186	208964.PA4069	10.5	4
63147197	208964.PA0082	10.5	3
63149782	208964.PA2664	10.4	5
63150684	208964.PA3567	10.4	4
63150975	208964.PA3858	10.4	6
63151630	208964.PA4513	10.3	11
63148254	208964.PA1137	10.3	5
63148572	208964.PA1455	10.2	3
63152118	208964.PA5003	10.2	3
63149360	208964.PA2241	10.1	4
63151478	208964.PA4361	10.1	5
63152154	208964.PA5039	10.1	3
63152411	208964.PA5296	10.0	10
63150979	208964.PA3862	10.0	4
63151738	208964.PA4622	10.0	5
63147460	208964.PA0344	9.91	5
63150144	208964.PA3026	9.9	7
63148833	208964.PA1714	9.75	3
63151614	208964.PA4497	9.64	18
63151117	208964.PA4000	9.61	4
63152479	208964.PA5364	9.54	3
63151735	208964.PA4619	9.54	6
63150457	208964.PA3340	9.54	3
63151066	208964.PA3949	9.52	6
63147363	208964.PA0247	9.52	5
63152126	208964.PA5011	9.52	4
63149701	208964.PA2583	9.5	12
63149501	208964.PA2382	9.46	6
63149507	208964.PA2388	9.42	4
63149866	208964.PA2748	9.36	4
63148173	208964.PA1056	9.23	5
63152171	208964.PA5056	9.17	9
63149356	208964.PA2237	9.13	7
63147710	208964.PA0593	8.83	6
63150559	208964.PA3442	8.8	3
63152210	208964.PA5095	8.78	3
63149358	208964.PA2239	8.77	3
63151516	208964.PA4399	8.76	3
63147886	208964.PA0770	8.76	3
63149046	208964.PA1927	8.73	10
63148938	208964.PA1819	8.56	3
63150427	208964.PA3310	8.52	5
63149992	208964.PA2874	8.51	3
63148982	208964.PA1863	8.31	3
63147133	208964.PA0018	8.3	3
63148050	208964.PA0933	8.12	3
63152305	208964.PA5190	8.09	3
63152525	208964.PA5410	8.04	5
63152554	208964.PA5439	8.02	5
63151470	208964.PA4353	8.01	3
63147678	208964.PA0561	7.96	6
63152533	208964.PA5418	7.94	8
63147717	208964.PA0600	7.89	8
63150532	208964.PA3415	7.82	3
63147343	208964.PA0227	7.65	3
63150793	208964.PA3676	7.48	12
63152555	208964.PA5440	7.46	4
63148768	208964.PA1649	7.42	3
63149230	208964.PA2111	7.38	3
63151273	208964.PA4156	7.36	8
63149924	208964.PA2806	7.33	3
63152229	208964.PA5114	7.2	9
63152394	208964.PA5279	7.18	3
63152412	208964.PA5297	7.17	5
63148164	208964.PA1047	7.09	5
63148766	208964.PA1647	7.05	4
63148165	208964.PA1048	7.02	3
63147449	208964.PA0333	7.01	3
63149553	208964.PA2435	6.82	3
63150062	208964.PA2944	6.66	13
63152282	208964.PA5167	6.65	3
63152043	208964.PA4928	6.62	6
63150358	208964.PA3241	6.6	3
63150355	208964.PA3238	6.59	4
63148171	208964.PA1054	6.44	3
63148568	208964.PA1451	6.41	3
63147571	208964.PA0455	6.21	4
63148318	208964.PA1201	5.92	3
63149337	208964.PA2218	5.9	3
63150232	208964.PA3114	5.89	3
63152514	208964.PA5399	5.75	4
63150511	208964.PA3394	5.7	3
63148275	208964.PA1158	5.7	3
63149668	208964.PA2550	5.63	4
63150196	208964.PA3078	5.57	3
63148931	208964.PA1812	5.54	4
63147649	208964.PA0532	5.45	3
63148845	208964.PA1726	5.41	4
63149359	208964.PA2240	5.35	3
63149394	208964.PA2275	5.32	3
63151592	208964.PA4475	5.28	3
63148644	208964.PA1527	5.21	7
63149083	208964.PA1964	5.02	3
63150538	208964.PA3421	4.95	10
63149270	208964.PA2151	4.84	3
63152026	208964.PA4911	4.74	3
63147196	208964.PA0081	4.69	3
63147774	208964.PA0657	4.69	4
63151737	208964.PA4621	4.64	6
63151822	208964.PA4708	4.58	3
63150197	208964.PA3079	4.42	5
63150775	208964.PA3658	4.4	5
63150657	208964.PA3540	4.31	3
63148720	208964.PA1601	4.28	4
63148104	208964.PA0987	4.23	3
63151091	208964.PA3974	4.08	4
63148360	208964.PA1243	3.99	4
63149272	208964.PA2153	3.68	3
63148493	208964.PA1376	3.53	4
63151605	208964.PA4488	3.5	3
63151401	208964.PA4284	3.47	6
63148298	208964.PA1181	3.23	5
63148230	208964.PA1113	2.91	3
63150632	208964.PA3515	2.85	3
63149660	208964.PA2542	2.61	3
63149490	208964.PA2371	2.37	3
63148781	208964.PA1662	2.36	3
63149137	208964.PA2018	2.0	3
63150058	208964.PA2940	1.84	6
63148606	208964.PA1489	1.28	6
