#id: 4280712264
#name: Yersinia pestis CO92 - Whole organism, SC (Pride,prd000484,2012)
#score: 6.7
#description: abundance based on Spectral counting, Interaction consistency score: 6.7, Coverage: 30
#organ: WHOLE_ORGANISM
#integrated: false
#coverage: 30
#link: http://www.ebi.ac.uk/pride/archive/projects/PRD000484
#publication_year: 2012
#filename: 214092-Yersinia_pestis_SC_biomart_18099_O__3reps.txt
#
#internal_id	string_external_id	abundance	raw_spectral_count
10924649	214092.YPO2394	36690	3034
10924421	214092.YPO2157	14513	4802
10923745	214092.YPO1435	13008	3469
10922718	214092.YPO0351	12164	5029
10925556	214092.YPO3376	11036	3447
10922566	214092.YPO0195	10964	2690
10922717	214092.YPO0350	10521	989
10925204	214092.YPO2992	9920	2683
10924598	214092.YPO2342	9792	977
10925387	214092.YPO3194	9223	1420
10924035	214092.YPO1746	8867	1058
10926250	214092.YPO4111	8578	2775
10924561	214092.YPO2305	8247	1709
10922462	214092.YPO0079	8212	2732
10926256	214092.YPO4117	8187	2729
10925916	214092.YPO3748	8112	634
10922829	214092.YPO0468	8015	3539
10925205	214092.YPO2993	7672	479
10922574	214092.YPO0203	7452	4282
10922573	214092.YPO0202	7004	3036
10925127	214092.YPO2905	6970	998
10923456	214092.YPO1124	6867	2315
10925883	214092.YPO3714	6665	2105
10923464	214092.YPO1133	6220	1634
10922824	214092.YPO0463	6099	2220
10922670	214092.YPO0299	5689	1199
10924187	214092.YPO1907	5639	1788
10926262	214092.YPO4123	5637	2648
10922468	214092.YPO0085	5596	1069
10925106	214092.YPO2883	5431	422
10925235	214092.YPO3027	5417	428
10925206	214092.YPO2994	5381	3412
10924859	214092.YPO2615	5357	1377
10923373	214092.YPO1041	5211	1237
10925693	214092.YPO3516	5184	1043
10924332	214092.YPO2061	5101	1218
10924186	214092.YPO1906	5085	2540
10925171	214092.YPO2958	4969	1018
10925922	214092.YPO3754	4943	3380
10923704	214092.YPO1392	4802	2381
10925351	214092.YPO3158	4788	1991
10926004	214092.YPO3838	4668	532
10922694	214092.YPO0325	4648	522
10924129	214092.YPO1846	4600	1199
10925555	214092.YPO3375	4484	569
10923846	214092.YPO1541	4435	1868
10923722	214092.YPO1410	4348	1171
10924691	214092.YPO2439	4316	811
10925207	214092.YPO2995	4189	516
10922669	214092.YPO0298	4189	999
10923258	214092.YPO0921	4131	1470
10925813	214092.YPO3640	4004	1297
10924992	214092.YPO2757	3989	668
10924885	214092.YPO2645	3974	980
10922721	214092.YPO0354	3950	405
10923822	214092.YPO1517	3911	1109
10926206	214092.YPO4061	3836	732
10924220	214092.YPO1942	3709	614
10925129	214092.YPO2907	3607	1230
10925225	214092.YPO3015	3600	818
10922796	214092.YPO0431	3597	373
10925716	214092.YPO3539	3557	286
10923377	214092.YPO1045	3477	1328
10923977	214092.YPO1683	3304	714
10922401	214092.YPO0015	3272	798
10924554	214092.YPO2298	3259	1208
10925315	214092.YPO3119	3221	2071
10925422	214092.YPO3232	3161	746
10923473	214092.YPO1145	3148	588
10923812	214092.YPO1507	3071	1081
10925148	214092.YPO2930	3067	296
10923144	214092.YPO0800	3066	702
10922484	214092.YPO0105	3013	1341
10922542	214092.YPO0167	2999	250
10924940	214092.YPO2705	2998	463
10922981	214092.YPO0623	2987	520
10925282	214092.YPO3074	2975	383
10925736	214092.YPO3561	2961	585
10924595	214092.YPO2339	2952	1218
10924046	214092.YPO1758	2932	772
10923263	214092.YPO0926	2919	1459
10926129	214092.YPO3970	2885	182
10925755	214092.YPO3580	2875	274
10925056	214092.YPO2828	2846	507
10924070	214092.YPO1784	2804	196
10925375	214092.YPO3182	2762	255
10923446	214092.YPO1114	2762	825
10924196	214092.YPO1916	2749	981
10922864	214092.YPO0502	2742	283
10925713	214092.YPO3536	2693	518
10925797	214092.YPO3624	2624	348
10923941	214092.YPO1641	2599	1324
10922856	214092.YPO0494	2564	1093
10922412	214092.YPO0027	2560	453
10923741	214092.YPO1430	2554	350
10922411	214092.YPO0026	2533	868
10924904	214092.YPO2667	2520	769
10924230	214092.YPO1952	2473	1287
10925741	214092.YPO3566	2471	769
10925709	214092.YPO3532	2465	301
10925597	214092.YPO3417	2460	967
10923379	214092.YPO1047	2436	511
10922604	214092.YPO0234	2424	911
10924897	214092.YPO2660	2398	673
10922775	214092.YPO0409	2392	593
10925258	214092.YPO3050	2361	902
10924515	214092.YPO2259	2357	643
10925893	214092.YPO3725	2356	786
10924229	214092.YPO1951	2348	1704
10923631	214092.YPO1317	2342	466
10923448	214092.YPO1116	2311	583
10925667	214092.YPO3490	2290	1137
10924764	214092.YPO2512	2263	569
10925698	214092.YPO3521	2255	398
10926135	214092.YPO3977	2249	418
10925420	214092.YPO3230	2240	732
10923686	214092.YPO1374	2236	459
10925973	214092.YPO3808	2230	579
10922513	214092.YPO0138	2220	1010
10924288	214092.YPO2013	2217	571
10923543	214092.YPO1222	2212	821
10923477	214092.YPO1149	2210	305
10922986	214092.YPO0628	2181	72
10925869	214092.YPO3699	2175	451
10922481	214092.YPO0102	2173	145
10923670	214092.YPO1358	2146	529
10923251	214092.YPO0914	2145	607
10924326	214092.YPO2055	2141	207
10924391	214092.YPO2124	2119	468
10922502	214092.YPO0127	2117	197
10923228	214092.YPO0891	2111	359
10925094	214092.YPO2871	2090	593
10926034	214092.YPO3868	2087	270
10923352	214092.YPO1019	2061	1815
10925682	214092.YPO3505	2035	389
10925894	214092.YPO3726	2024	1033
10925433	214092.YPO3243	2014	340
10926066	214092.YPO3903	1990	278
10922931	214092.YPO0570	1985	55
10925747	214092.YPO3572	1978	335
10924128	214092.YPO1845	1975	377
10923267	214092.YPO0931	1972	735
10924022	214092.YPO1733	1967	99
10922612	214092.YPO0242	1963	221
10925932	214092.YPO3765	1952	418
10926264	214092.YPO4125	1943	368
10925595	214092.YPO3415	1920	1616
10926005	214092.YPO3839	1920	343
10923236	214092.YPO0898	1910	267
10925599	214092.YPO3419	1906	1558
10923530	214092.YPO1207	1903	508
10926149	214092.YPO3991	1892	319
10926257	214092.YPO4118	1884	875
10925591	214092.YPO3411	1876	361
10923665	214092.YPO1353	1866	357
10925415	214092.YPO3225	1851	190
10923641	214092.YPO1327	1836	183
10924138	214092.YPO1855	1835	857
10924444	214092.YPO2182	1832	788
10923447	214092.YPO1115	1823	702
10926108	214092.YPO3949	1814	336
10924140	214092.YPO1857	1813	243
10924438	214092.YPO2175	1811	174
10923624	214092.YPO1310	1804	477
10923695	214092.YPO1383	1801	1299
10923655	214092.YPO1343	1789	667
10926259	214092.YPO4120	1772	72
10923827	214092.YPO1522	1771	1045
10925325	214092.YPO3132	1769	409
10926243	214092.YPO4104	1762	482
10925503	214092.YPO3319	1750	1142
10925562	214092.YPO3382	1744	535
10923691	214092.YPO1379	1724	817
10923020	214092.YPO0663	1713	524
10925761	214092.YPO3588	1705	505
10925879	214092.YPO3710	1688	314
10922530	214092.YPO0155	1684	255
10924420	214092.YPO2156	1683	245
10925598	214092.YPO3418	1678	636
10925887	214092.YPO3718	1668	783
10923898	214092.YPO1598	1661	231
10922444	214092.YPO0059	1654	496
10923274	214092.YPO0938	1645	285
10923689	214092.YPO1377	1643	294
10925920	214092.YPO3752	1641	246
10925284	214092.YPO3076	1639	156
10922863	214092.YPO0501	1636	421
10925032	214092.YPO2803	1625	1247
10924069	214092.YPO1783	1609	159
10924636	214092.YPO2381	1602	144
10925897	214092.YPO3729	1602	354
10924324	214092.YPO2053	1601	841
10922985	214092.YPO0627	1598	140
10922665	214092.YPO0294	1594	221
10925489	214092.YPO3305	1586	1265
10926215	214092.YPO4071	1570	838
10923701	214092.YPO1389	1567	675
10925726	214092.YPO3551	1557	233
10925009	214092.YPO2774	1551	425
10923254	214092.YPO0917	1519	270
10923510	214092.YPO1183	1513	281
10924763	214092.YPO2511	1491	514
10923888	214092.YPO1588	1470	175
10925034	214092.YPO2805	1461	430
10922745	214092.YPO0378	1426	505
10925290	214092.YPO3082	1417	354
10926029	214092.YPO3863	1415	455
10923401	214092.YPO1068	1413	822
10923663	214092.YPO1351	1412	351
10925798	214092.YPO3625	1412	361
10923322	214092.YPO0986	1399	432
10924296	214092.YPO2021	1389	411
10923457	214092.YPO1125	1382	215
10923225	214092.YPO0888	1374	686
10924641	214092.YPO2386	1368	221
10922555	214092.YPO0182	1345	327
10923726	214092.YPO1414	1341	881
10922461	214092.YPO0078	1340	386
10924758	214092.YPO2506	1326	159
10924715	214092.YPO2463	1313	301
10924317	214092.YPO2046	1306	730
10925272	214092.YPO3064	1303	197
10923954	214092.YPO1655	1300	465
10922409	214092.YPO0024	1294	469
10923015	214092.YPO0658	1287	179
10926052	214092.YPO3888	1286	648
10925346	214092.YPO3153	1276	601
10924979	214092.YPO2744	1270	370
10925763	214092.YPO3590	1268	99
10924753	214092.YPO2501	1265	350
10925093	214092.YPO2870	1254	627
10925806	214092.YPO3633	1250	412
10923887	214092.YPO1587	1243	427
10924338	214092.YPO2067	1240	222
10926258	214092.YPO4119	1227	515
10926062	214092.YPO3899	1226	270
10922564	214092.YPO0193	1217	81
10925350	214092.YPO3157	1213	142
10925816	214092.YPO3643	1205	462
10925817	214092.YPO3644	1205	462
10924585	214092.YPO2329	1204	409
10924648	214092.YPO2393	1202	477
10923724	214092.YPO1412	1184	397
10926159	214092.YPO4003	1182	488
10923911	214092.YPO1611	1178	109
10924270	214092.YPO1996	1175	276
10924348	214092.YPO2077	1165	268
10925269	214092.YPO3061	1162	607
10922917	214092.YPO0557	1161	356
10925319	214092.YPO3123	1149	144
10923162	214092.YPO0819	1147	246
10925314	214092.YPO3118	1144	311
10924762	214092.YPO2510	1142	226
10926222	214092.YPO4080	1131	542
10926071	214092.YPO3908	1115	200
10926130	214092.YPO3971	1105	411
10923901	214092.YPO1601	1103	131
10922443	214092.YPO0058	1102	376
10924519	214092.YPO2263	1099	241
10925055	214092.YPO2827	1078	119
10923252	214092.YPO0915	1073	167
10925961	214092.YPO3796	1064	461
10925521	214092.YPO3337	1060	295
10922920	214092.YPO0560	1051	483
10924922	214092.YPO2686	1051	570
10922861	214092.YPO0499	1047	98
10924419	214092.YPO2155	1046	147
10925333	214092.YPO3140	1042	50
10925677	214092.YPO3500	1041	415
10926133	214092.YPO3975	1036	728
10922485	214092.YPO0106	1033	169
10923899	214092.YPO1599	1022	226
10926025	214092.YPO3859	1018	182
10922843	214092.YPO0481	1018	203
10924066	214092.YPO1780	1015	531
10924998	214092.YPO2763	1013	304
10925099	214092.YPO2876	1010	238
10922622	214092.YPO0253	1005	419
10922653	214092.YPO0282	996	274
10925951	214092.YPO3786	991	139
10924624	214092.YPO2369	987	267
10923872	214092.YPO1570	976	347
10925052	214092.YPO2824	973	217
10924189	214092.YPO1909	955	217
10925504	214092.YPO3320	945	113
10923376	214092.YPO1044	945	204
10925270	214092.YPO3062	944	226
10923323	214092.YPO0987	920	223
10922688	214092.YPO0319	917	272
10925812	214092.YPO3639	913	282
10923712	214092.YPO1400	897	214
10925100	214092.YPO2877	894	131
10925111	214092.YPO2889	889	256
10923378	214092.YPO1046	884	181
10925707	214092.YPO3530	873	450
10924548	214092.YPO2292	869	270
10925569	214092.YPO3389	865	205
10923365	214092.YPO1033	863	300
10926000	214092.YPO3834	859	180
10924520	214092.YPO2264	854	280
10924933	214092.YPO2697	849	44
10924337	214092.YPO2066	847	514
10924418	214092.YPO2153	844	479
10923617	214092.YPO1303	839	47
10925880	214092.YPO3711	835	244
10926121	214092.YPO3962	827	157
10925261	214092.YPO3053	823	244
10923200	214092.YPO0860	823	174
10923031	214092.YPO0676	817	267
10922885	214092.YPO0522	808	214
10925281	214092.YPO3073	801	314
10924442	214092.YPO2180	800	496
10925411	214092.YPO3221	796	366
10925734	214092.YPO3559	791	110
10925582	214092.YPO3402	790	261
10923404	214092.YPO1071	787	150
10922801	214092.YPO0436	786	178
10924006	214092.YPO1714	783	241
10922505	214092.YPO0130	780	68
10922654	214092.YPO0283	780	389
10922946	214092.YPO0585	776	117
10922514	214092.YPO0139	773	103
10925836	214092.YPO3662	772	257
10923021	214092.YPO0664	766	124
10925463	214092.YPO3275	763	619
10923531	214092.YPO1208	761	78
10925953	214092.YPO3788	758	435
10922667	214092.YPO0296	755	129
10925189	214092.YPO2977	739	149
10925915	214092.YPO3747	735	787
10923723	214092.YPO1411	734	203
10925705	214092.YPO3528	727	130
10923134	214092.YPO0790	723	146
10923244	214092.YPO0907	720	173
10923702	214092.YPO1390	714	225
10925819	214092.YPO3646	711	48
10926097	214092.YPO3938	701	510
10925583	214092.YPO3403	689	83
10926061	214092.YPO3897	687	298
10925673	214092.YPO3496	683	536
10923439	214092.YPO1107	681	100
10923612	214092.YPO1298	680	144
10925187	214092.YPO2975	668	211
10925466	214092.YPO3278	662	145
10925541	214092.YPO3360	658	112
10923226	214092.YPO0889	658	168
10925414	214092.YPO3224	658	225
10925564	214092.YPO3384	658	69
10925363	214092.YPO3170	655	139
10922428	214092.YPO0043	653	218
10923853	214092.YPO1548	650	159
10926027	214092.YPO3861	648	186
10923294	214092.YPO0959	643	122
10924628	214092.YPO2373	643	71
10923371	214092.YPO1039	642	67
10924217	214092.YPO1939	639	155
10922527	214092.YPO0152	637	194
10924903	214092.YPO2666	631	38
10926212	214092.YPO4067	630	162
10925896	214092.YPO3728	623	274
10922432	214092.YPO0047	617	35
10924654	214092.YPO2400	607	162
10925101	214092.YPO2878	607	299
10924681	214092.YPO2429	604	251
10924696	214092.YPO2444	603	159
10925485	214092.YPO3301	601	209
10923271	214092.YPO0935	601	208
10923534	214092.YPO1211	600	116
10923645	214092.YPO1331	599	125
10925348	214092.YPO3155	597	423
10925402	214092.YPO3212	596	161
10925711	214092.YPO3534	594	42
10924656	214092.YPO2402	591	187
10925995	214092.YPO3829	587	134
10922393	214092.YPO0008	584	169
10925484	214092.YPO3300	579	96
10923680	214092.YPO1368	578	357
10924888	214092.YPO2648	567	137
10926090	214092.YPO3929	565	464
10925626	214092.YPO3447	559	81
10923830	214092.YPO1525	558	118
10924011	214092.YPO1719	554	285
10923291	214092.YPO0956	554	247
10924657	214092.YPO2403	553	224
10925132	214092.YPO2912	551	258
10924557	214092.YPO2301	550	107
10926011	214092.YPO3845	550	36
10922893	214092.YPO0532	549	142
10923033	214092.YPO0678	547	167
10923900	214092.YPO1600	543	21
10924592	214092.YPO2336	541	157
10922733	214092.YPO0366	540	107
10923573	214092.YPO1254	537	236
10925196	214092.YPO2984	534	197
10923385	214092.YPO1053	533	61
10924427	214092.YPO2163	517	110
10922802	214092.YPO0439	513	181
10923936	214092.YPO1636	513	194
10924285	214092.YPO2010	508	167
10926226	214092.YPO4084	506	111
10922774	214092.YPO0408	501	148
10925706	214092.YPO3529	498	84
10923375	214092.YPO1043	496	118
10924680	214092.YPO2428	494	343
10922848	214092.YPO0486	492	33
10923445	214092.YPO1113	491	306
10925674	214092.YPO3497	490	218
10922857	214092.YPO0495	485	237
10925557	214092.YPO3377	481	250
10923440	214092.YPO1108	479	150
10924488	214092.YPO2227	478	109
10924907	214092.YPO2670	473	95
10926148	214092.YPO3990	471	139
10923343	214092.YPO1009	466	104
10922772	214092.YPO0406	465	43
10924622	214092.YPO2367	464	153
10923242	214092.YPO0905	462	246
10922558	214092.YPO0185	459	95
10923703	214092.YPO1391	459	80
10922658	214092.YPO0287	455	78
10923821	214092.YPO1516	452	174
10922862	214092.YPO0500	452	61
10922822	214092.YPO0461	438	120
10926261	214092.YPO4122	436	168
10922940	214092.YPO0579	435	237
10923854	214092.YPO1549	431	140
10926073	214092.YPO3910	430	130
10925391	214092.YPO3199	425	112
10925934	214092.YPO3767	422	134
10926230	214092.YPO4090	419	70
10925918	214092.YPO3750	418	109
10923571	214092.YPO1252	415	108
10925007	214092.YPO2772	411	149
10925519	214092.YPO3335	409	199
10925267	214092.YPO3059	403	127
10922844	214092.YPO0482	398	340
10923852	214092.YPO1547	396	76
10925728	214092.YPO3553	396	65
10922447	214092.YPO0064	392	135
10924134	214092.YPO1851	389	380
10924191	214092.YPO1911	388	373
10924045	214092.YPO1757	383	21
10925993	214092.YPO3827	381	124
10924188	214092.YPO1908	378	80
10923528	214092.YPO1205	376	173
10925255	214092.YPO3047	373	107
10922924	214092.YPO0564	371	277
10924874	214092.YPO2630	368	220
10925834	214092.YPO3660	366	13
10922836	214092.YPO0475	363	259
10925221	214092.YPO3011	362	98
10923828	214092.YPO1523	360	72
10923193	214092.YPO0853	359	98
10924815	214092.YPO2566	357	97
10925735	214092.YPO3560	357	54
10922509	214092.YPO0134	354	264
10924854	214092.YPO2610	352	258
10924341	214092.YPO2070	352	16
10925392	214092.YPO3200	350	155
10925035	214092.YPO2806	349	113
10925938	214092.YPO3771	347	89
10925740	214092.YPO3565	344	48
10925581	214092.YPO3401	341	26
10925686	214092.YPO3509	340	88
10922773	214092.YPO0407	339	38
10924887	214092.YPO2647	336	77
10924496	214092.YPO2235	336	196
10924271	214092.YPO1997	335	92
10923024	214092.YPO0667	333	37
10926263	214092.YPO4124	326	64
10925737	214092.YPO3562	324	42
10923443	214092.YPO1111	322	171
10925139	214092.YPO2921	321	324
10926216	214092.YPO4072	319	92
10922691	214092.YPO0322	315	93
10925877	214092.YPO3708	314	39
10924511	214092.YPO2255	309	90
10926077	214092.YPO3914	309	67
10923387	214092.YPO1055	305	51
10925004	214092.YPO2769	304	83
10924190	214092.YPO1910	303	543
10925587	214092.YPO3407	303	66
10924938	214092.YPO2703	299	38
10925702	214092.YPO3525	298	27
10924335	214092.YPO2064	295	125
10924353	214092.YPO2082	291	61
10925567	214092.YPO3387	290	23
10924663	214092.YPO2409	290	197
10924910	214092.YPO2674	289	16
10923266	214092.YPO0929	289	108
10922789	214092.YPO0424	289	70
10926260	214092.YPO4121	289	137
10925117	214092.YPO2895	287	49
10925202	214092.YPO2990	287	28
10924816	214092.YPO2567	284	153
10926190	214092.YPO4039	283	97
10924839	214092.YPO2595	282	35
10923466	214092.YPO1137	282	80
10923817	214092.YPO1512	279	16
10922425	214092.YPO0040	279	50
10922949	214092.YPO0588	278	84
10924579	214092.YPO2323	278	36
10924877	214092.YPO2635	277	28
10924566	214092.YPO2310	276	105
10922596	214092.YPO0226	275	48
10923627	214092.YPO1313	275	124
10925403	214092.YPO3213	271	26
10924454	214092.YPO2192	271	11
10922399	214092.YPO0013a	271	21
10922819	214092.YPO0458	270	67
10925417	214092.YPO3227	269	76
10922868	214092.YPO0506	269	241
10925935	214092.YPO3768	267	65
10922742	214092.YPO0375	265	93
10924346	214092.YPO2075	264	98
10924672	214092.YPO2420	263	162
10924775	214092.YPO2525	262	34
10926209	214092.YPO4064	261	12
10925833	214092.YPO3659	260	14
10923751	214092.YPO1441	258	21
10924041	214092.YPO1753	257	180
10923017	214092.YPO0660	256	54
10924437	214092.YPO2174	254	100
10924072	214092.YPO1786	254	16
10922910	214092.YPO0550	254	109
10922585	214092.YPO0216	254	45
10925846	214092.YPO3672	253	90
10924811	214092.YPO2562	249	34
10926152	214092.YPO3994	248	145
10923755	214092.YPO1445	247	71
10926033	214092.YPO3867	247	100
10925589	214092.YPO3409	246	64
10922816	214092.YPO0455	246	53
10923278	214092.YPO0942	245	83
10924493	214092.YPO2232	245	54
10922852	214092.YPO0490	245	36
10922590	214092.YPO0221	245	21
10923637	214092.YPO1323	245	30
10923932	214092.YPO1632	244	29
10924581	214092.YPO2325	244	89
10924876	214092.YPO2634	244	27
10926086	214092.YPO3924	240	73
10925832	214092.YPO3658	240	86
10925552	214092.YPO3372	238	73
10924432	214092.YPO2168	238	63
10925866	214092.YPO3696	234	92
10925491	214092.YPO3307	233	69
10925188	214092.YPO2976	233	81
10924846	214092.YPO2602	233	33
10922611	214092.YPO0241	233	62
10923539	214092.YPO1216	231	163
10925242	214092.YPO3034	229	125
10923996	214092.YPO1704	229	57
10924985	214092.YPO2750	227	39
10922919	214092.YPO0559	226	57
10925285	214092.YPO3077	225	48
10924141	214092.YPO1858	224	75
10925696	214092.YPO3519	224	52
10925592	214092.YPO3412	223	39
10925723	214092.YPO3548	222	82
10923037	214092.YPO0682	221	21
10925114	214092.YPO2892	221	117
10922430	214092.YPO0045	220	39
10925098	214092.YPO2875	219	68
10925081	214092.YPO2857	218	16
10922921	214092.YPO0561	218	59
10925492	214092.YPO3308	217	43
10926221	214092.YPO4078	217	57
10922656	214092.YPO0285	217	32
10924812	214092.YPO2563	214	42
10922825	214092.YPO0464	214	37
10925233	214092.YPO3025	211	54
10922715	214092.YPO0348	210	79
10922601	214092.YPO0231	208	30
10923196	214092.YPO0856	206	59
10924861	214092.YPO2617	206	63
10926078	214092.YPO3915	206	62
10925756	214092.YPO3581	206	57
10926236	214092.YPO4096	205	56
10925622	214092.YPO3443	205	209
10926030	214092.YPO3864	205	67
10923275	214092.YPO0939	202	33
10923030	214092.YPO0673	202	74
10925288	214092.YPO3080	200	37
10922526	214092.YPO0151	199	46
10922869	214092.YPO0507	198	83
10922652	214092.YPO0281	196	40
10924932	214092.YPO2696	195	54
10925175	214092.YPO2962	194	13
10925118	214092.YPO2896	194	74
10924853	214092.YPO2609	193	30
10926028	214092.YPO3862	193	58
10923384	214092.YPO1052	192	125
10922474	214092.YPO0093	192	10
10926233	214092.YPO4093	191	42
10923934	214092.YPO1634	190	49
10923264	214092.YPO0927	190	37
10925738	214092.YPO3563	189	19
10922511	214092.YPO0136	188	40
10925323	214092.YPO3130	184	10
10924646	214092.YPO2391	184	31
10925839	214092.YPO3665	183	55
10925467	214092.YPO3279	182	21
10923796	214092.YPO1491	181	79
10923458	214092.YPO1126	180	23
10923816	214092.YPO1511	180	76
10923910	214092.YPO1610	179	63
10923000	214092.YPO0643	179	65
10924097	214092.YPO1813	178	64
10925701	214092.YPO3524	177	66
10922595	214092.YPO0225	177	12
10923036	214092.YPO0681	176	49
10924665	214092.YPO2411	176	38
10922584	214092.YPO0215	176	13
10922805	214092.YPO0442	174	43
10923247	214092.YPO0910	173	79
10925134	214092.YPO2915	172	57
10925697	214092.YPO3520	172	33
10923666	214092.YPO1354	171	29
10924986	214092.YPO2751	170	47
10925933	214092.YPO3766	169	106
10925744	214092.YPO3569	169	40
10922666	214092.YPO0295	169	51
10923582	214092.YPO1264	167	5
10924676	214092.YPO2424	167	24
10922983	214092.YPO0625	166	22
10924802	214092.YPO2553	164	103
10924269	214092.YPO1995	163	43
10926219	214092.YPO4076	162	18
10924061	214092.YPO1775	161	67
10923027	214092.YPO0670	161	39
10926080	214092.YPO3917	160	57
10926188	214092.YPO4037	159	38
10923952	214092.YPO1653	159	36
10925984	214092.YPO3818	158	19
10925234	214092.YPO3026	158	12
10922589	214092.YPO0220	158	12
10924455	214092.YPO2193	158	17
10924953	214092.YPO2718	157	36
10923861	214092.YPO1558	155	53
10924457	214092.YPO2195	154	22
10924825	214092.YPO2581	154	48
10923386	214092.YPO1054	154	27
10925753	214092.YPO3578	153	14
10923897	214092.YPO1597	153	35
10925412	214092.YPO3222	152	52
10925354	214092.YPO3161	152	13
10925650	214092.YPO3473	152	69
10924723	214092.YPO2471	149	53
10923907	214092.YPO1607	147	27
10925957	214092.YPO3792	147	35
10924801	214092.YPO2552	146	15
10924867	214092.YPO2623	146	72
10923608	214092.YPO1293	146	49
10924465	214092.YPO2205	146	59
10922579	214092.YPO0210	145	33
10923849	214092.YPO1544	144	40
10925278	214092.YPO3070	144	17
10924044	214092.YPO1756	143	27
10922842	214092.YPO0480	143	39
10925476	214092.YPO3292	142	17
10924008	214092.YPO1716	142	27
10924871	214092.YPO2627	141	23
10924328	214092.YPO2057	140	11
10924282	214092.YPO2008	140	33
10924544	214092.YPO2288	139	63
10923851	214092.YPO1546	139	30
10922603	214092.YPO0233	137	27
10923590	214092.YPO1273	136	61
10926242	214092.YPO4103	136	58
10924902	214092.YPO2665	136	11
10925365	214092.YPO3172	136	17
10925078	214092.YPO2854	135	8
10922605	214092.YPO0235	135	19
10923945	214092.YPO1645	135	39
10923835	214092.YPO1530	134	30
10924855	214092.YPO2611	133	25
10923733	214092.YPO1421	131	46
10922458	214092.YPO0075	130	14
10925294	214092.YPO3086	128	47
10924682	214092.YPO2430	128	13
10924797	214092.YPO2548	126	20
10922548	214092.YPO0175	126	43
10923753	214092.YPO1443	125	7
10922743	214092.YPO0376	125	23
10924868	214092.YPO2624	123	23
10925524	214092.YPO3343	123	23
10922732	214092.YPO0365	122	34
10923850	214092.YPO1545	122	12
10924240	214092.YPO1962	121	49
10924482	214092.YPO2221	121	61
10925239	214092.YPO3031	121	19
10923715	214092.YPO1403	121	57
10924863	214092.YPO2619	119	40
10924642	214092.YPO2387	119	38
10924343	214092.YPO2072	118	12
10925512	214092.YPO3328	117	44
10923536	214092.YPO1213	116	38
10925563	214092.YPO3383	115	42
10922879	214092.YPO0516	115	11
10923731	214092.YPO1419	114	61
10923344	214092.YPO1011	112	85
10924048	214092.YPO1760	112	26
10924674	214092.YPO2422	112	30
10923521	214092.YPO1194	111	9
10924007	214092.YPO1715	110	26
10923705	214092.YPO1393	109	10
10926253	214092.YPO4114	109	22
10922871	214092.YPO0509	109	50
10924731	214092.YPO2479	108	33
10922729	214092.YPO0362	108	32
10925334	214092.YPO3141	107	22
10925471	214092.YPO3285	107	42
10924896	214092.YPO2659	105	13
10925672	214092.YPO3495	105	19
10923742	214092.YPO1431	105	36
10923171	214092.YPO0831	103	22
10922580	214092.YPO0211	103	13
10926227	214092.YPO4085	102	16
10925349	214092.YPO3156	102	43
10924276	214092.YPO2002	102	37
10925829	214092.YPO3656	102	14
10923599	214092.YPO1284	101	9
10926224	214092.YPO4082	100	28
10925551	214092.YPO3371	99.9	52
10926015	214092.YPO3849	99.8	20
10922925	214092.YPO0565	99.2	18
10922551	214092.YPO0178	98.8	13
10924891	214092.YPO2651	97.6	5
10923281	214092.YPO0945	97.6	11
10925115	214092.YPO2893	97.2	23
10926089	214092.YPO3928	97.0	29
10926017	214092.YPO3851	96.1	36
10924347	214092.YPO2076	96.0	11
10926266	214092.YPO4127	95.7	11
10925256	214092.YPO3048	95.6	25
10925347	214092.YPO3154	95.5	9
10924679	214092.YPO2427	95.5	13
10922582	214092.YPO0213	95.0	22
10923011	214092.YPO0654	93.5	42
10923052	214092.YPO0699	93.1	24
10925277	214092.YPO3069	91.9	28
10923931	214092.YPO1631	91.0	33
10925369	214092.YPO3176	90.9	21
10923935	214092.YPO1635	90.7	20
10925914	214092.YPO3746	90.4	119
10925689	214092.YPO3512	89.9	7
10924799	214092.YPO2550	88.5	49
10925947	214092.YPO3782	88.3	50
10924414	214092.YPO2149	88.1	16
10924302	214092.YPO2029	87.5	20
10922493	214092.YPO0116	87.4	69
10925102	214092.YPO2879	87.2	40
10922532	214092.YPO0157	86.7	27
10922457	214092.YPO0074	86.2	16
10922727	214092.YPO0360	85.7	42
10923002	214092.YPO0645	85.2	3
10924660	214092.YPO2406	84.7	4
10924319	214092.YPO2048	83.2	22
10923249	214092.YPO0912	82.7	7
10923628	214092.YPO1314	82.6	22
10922471	214092.YPO0088	82.4	23
10923007	214092.YPO0650	82.2	27
10923908	214092.YPO1608	82.0	8
10925542	214092.YPO3361	81.2	20
10922813	214092.YPO0452	80.9	54
10922537	214092.YPO0162	80.7	18
10925472	214092.YPO3286	79.9	19
10923634	214092.YPO1320	79.9	35
10925217	214092.YPO3007	79.5	35
10925529	214092.YPO3348	79.3	23
10925478	214092.YPO3294	79.1	13
10925604	214092.YPO3424	78.8	21
10922528	214092.YPO0153	78.2	13
10925796	214092.YPO3623	78.0	11
10922617	214092.YPO0246	77.1	16
10926176	214092.YPO4022	76.6	13
10922449	214092.YPO0066	76.5	3
10925625	214092.YPO3446	76.0	17
10925888	214092.YPO3719	75.6	32
10924666	214092.YPO2414	75.5	15
10924685	214092.YPO2433	75.0	51
10925649	214092.YPO3472	73.1	28
10922747	214092.YPO0380	72.9	71
10922602	214092.YPO0232	72.8	7
10922531	214092.YPO0156	72.5	9
10922891	214092.YPO0530	70.9	13
10925201	214092.YPO2989	70.2	48
10923997	214092.YPO1705	70.1	42
10925810	214092.YPO3637	70.1	30
10922851	214092.YPO0489	69.6	8
10923620	214092.YPO1306	69.5	19
10923366	214092.YPO1034	69.4	18
10926269	214092.YPO4130	69.0	27
10923290	214092.YPO0955	68.9	19
10925454	214092.YPO3266	68.5	10
10922543	214092.YPO0168	68.3	23
10922591	214092.YPO0222	67.9	11
10923140	214092.YPO0796	67.2	22
10922880	214092.YPO0517	66.6	35
10923943	214092.YPO1643	66.6	5
10923053	214092.YPO0700	66.3	11
10922911	214092.YPO0551	66.0	17
10925502	214092.YPO3318	65.6	14
10925401	214092.YPO3211	65.0	8
10923806	214092.YPO1501	65.0	10
10922572	214092.YPO0201	64.5	8
10923947	214092.YPO1648	64.4	16
10925063	214092.YPO2837	63.2	36
10925865	214092.YPO3695	63.1	9
10924716	214092.YPO2464	62.7	23
10926100	214092.YPO3941	62.6	23
10924616	214092.YPO2360	62.6	13
10925430	214092.YPO3240	62.5	21
10924823	214092.YPO2577	62.5	21
10923355	214092.YPO1022	62.4	15
10923328	214092.YPO0994	62.3	24
10924684	214092.YPO2432	61.6	6
10923189	214092.YPO0849	61.5	13
10923869	214092.YPO1567	61.1	17
10923408	214092.YPO1075	60.2	54
10922429	214092.YPO0044	59.7	12
10925058	214092.YPO2830	59.6	14
10923719	214092.YPO1407	58.9	27
10922598	214092.YPO0228	58.9	10
10923598	214092.YPO1283	58.3	26
10925783	214092.YPO3610	58.3	6
10923894	214092.YPO1594	58.0	5
10923055	214092.YPO0702	57.9	18
10925900	214092.YPO3732	57.1	13
10923537	214092.YPO1214	56.6	34
10925531	214092.YPO3350	56.4	12
10925537	214092.YPO3356	56.2	13
10922821	214092.YPO0460	55.8	11
10922876	214092.YPO0513	55.3	18
10925671	214092.YPO3494	54.4	17
10924301	214092.YPO2028	54.2	36
10925397	214092.YPO3205	54.2	8
10922907	214092.YPO0547	54.0	19
10922738	214092.YPO0371	53.7	20
10922445	214092.YPO0060	53.3	12
10926074	214092.YPO3911	52.8	16
10924461	214092.YPO2201	52.8	8
10922578	214092.YPO0209	52.2	6
10925241	214092.YPO3033	52.2	6
10926031	214092.YPO3865	52.0	10
10926241	214092.YPO4102	51.8	15
10925222	214092.YPO3012	51.7	17
10924463	214092.YPO2203	51.6	4
10923848	214092.YPO1543	51.6	11
10922792	214092.YPO0427	51.1	11
10922823	214092.YPO0462	50.8	14
10925057	214092.YPO2829	50.7	8
10922803	214092.YPO0440	50.7	11
10926088	214092.YPO3927	50.7	10
10925457	214092.YPO3269	50.6	12
10924279	214092.YPO2005	50.3	6
10922593	214092.YPO0223	49.7	8
10922594	214092.YPO0224	49.5	9
10925376	214092.YPO3183	49.5	16
10924856	214092.YPO2612	49.4	7
10925917	214092.YPO3749	48.9	7
10922958	214092.YPO0597	48.4	9
10922941	214092.YPO0580	48.4	16
10922795	214092.YPO0430	47.8	17
10925789	214092.YPO3616	47.7	6
10926201	214092.YPO4054	47.5	19
10924321	214092.YPO2050	47.4	14
10925260	214092.YPO3052	47.3	6
10925133	214092.YPO2914	47.0	14
10925714	214092.YPO3537	46.4	3
10923270	214092.YPO0934	46.2	10
10922892	214092.YPO0531	46.1	18
10922741	214092.YPO0374	45.9	19
10925366	214092.YPO3173	45.9	22
10925678	214092.YPO3501	45.7	13
10922567	214092.YPO0196	45.5	10
10923890	214092.YPO1590	45.5	20
10925725	214092.YPO3550	45.1	4
10923380	214092.YPO1048	44.9	17
10925059	214092.YPO2833	44.9	15
10924889	214092.YPO2649	44.4	25
10925733	214092.YPO3558	44.4	22
10923604	214092.YPO1289	43.7	9
10923580	214092.YPO1262	43.6	10
10924268	214092.YPO1994	43.5	7
10925665	214092.YPO3488	43.3	27
10924951	214092.YPO2715___1	42.8	22
10924430	214092.YPO2166	42.7	4
10925577	214092.YPO3397	41.5	6
10924627	214092.YPO2372	41.4	8
10922402	214092.YPO0017	41.0	25
10926229	214092.YPO4089	40.8	6
10925690	214092.YPO3513	40.7	8
10924943	214092.YPO2708	40.7	13
10923697	214092.YPO1385	40.4	18
10924313	214092.YPO2042	39.6	17
10925864	214092.YPO3694	39.5	3
10922748	214092.YPO0381	39.5	6
10924870	214092.YPO2626	39.2	14
10924993	214092.YPO2758	39.1	6
10925795	214092.YPO3622	38.5	8
10923396	214092.YPO1064	37.7	3
10924638	214092.YPO2383	37.7	4
10925861	214092.YPO3691	37.6	7
10924981	214092.YPO2746	37.6	12
10925558	214092.YPO3378	37.2	6
10926098	214092.YPO3939	36.9	10
10923690	214092.YPO1378	36.8	20
10924818	214092.YPO2569	36.5	3
10926013	214092.YPO3847	35.7	4
10925266	214092.YPO3058	35.5	6
10922740	214092.YPO0373	35.2	4
10926214	214092.YPO4070	35.0	7
10923893	214092.YPO1593	34.9	3
10924194	214092.YPO1914	34.8	8
10925660	214092.YPO3483	34.7	15
10924064	214092.YPO1778	34.7	5
10923051	214092.YPO0698	34.5	20
10923520	214092.YPO1193	34.5	14
10923005	214092.YPO0648	34.2	3
10925752	214092.YPO3577	34.2	7
10923013	214092.YPO0656	34.2	4
10924468	214092.YPO2208	34.1	14
10925661	214092.YPO3484	34.1	7
10926006	214092.YPO3840	33.6	6
10923565	214092.YPO1247	33.6	8
10924807	214092.YPO2558	33.6	9
10922516	214092.YPO0141	33.5	7
10924265	214092.YPO1991	33.4	6
10922519	214092.YPO0144	33.3	7
10922424	214092.YPO0039	33.3	3
10925758	214092.YPO3585	33.3	6
10924658	214092.YPO2404	33.3	4
10925383	214092.YPO3190	33.1	2
10924600	214092.YPO2344	32.3	17
10924800	214092.YPO2551	32.3	15
10923800	214092.YPO1495	32.2	5
10924172	214092.YPO1893	32.2	8
10923393	214092.YPO1061	32.1	4
10924480	214092.YPO2219	32.0	8
10925852	214092.YPO3678	31.7	22
10926045	214092.YPO3881	31.7	7
10925546	214092.YPO3365	31.3	13
10923856	214092.YPO1551	31.2	8
10923725	214092.YPO1413	31.1	11
10925881	214092.YPO3712	31.1	15
10925631	214092.YPO3454	30.7	16
10925110	214092.YPO2888	30.7	5
10925891	214092.YPO3722	30.4	34
10922680	214092.YPO0310	30.3	5
10924474	214092.YPO2214	30.3	7
10923847	214092.YPO1542	29.8	2
10923867	214092.YPO1565	29.8	4
10924980	214092.YPO2745	29.7	3
10923437	214092.YPO1105	29.7	19
10922494	214092.YPO0117	29.6	10
10924872	214092.YPO2628	29.0	10
10925479	214092.YPO3295	28.5	2
10923698	214092.YPO1386	28.3	5
10925700	214092.YPO3523	28.1	25
10926001	214092.YPO3835	27.8	4
10922820	214092.YPO0459	27.8	23
10923613	214092.YPO1299	27.8	7
10924412	214092.YPO2147	27.6	11
10923863	214092.YPO1560	27.6	3
10925640	214092.YPO3463	27.5	3
10925675	214092.YPO3498	27.2	4
10925620	214092.YPO3441	27.1	16
10924608	214092.YPO2352	27.1	5
10923372	214092.YPO1040	26.9	5
10923253	214092.YPO0916	26.8	6
10925121	214092.YPO2899	26.4	9
10922577	214092.YPO0206	26.3	4
10922906	214092.YPO0546	26.2	4
10925679	214092.YPO3502	25.8	16
10925904	214092.YPO3736	25.8	7
10923810	214092.YPO1505	25.6	4
10924549	214092.YPO2293	25.2	7
10922916	214092.YPO0556	25.2	6
10922839	214092.YPO0477	25.1	7
10923927	214092.YPO1627	25.1	6
10923618	214092.YPO1304	25.0	6
10923905	214092.YPO1605	25.0	7
10922900	214092.YPO0539	24.9	12
10925608	214092.YPO3428	24.9	8
10923360	214092.YPO1028	24.9	7
10925113	214092.YPO2891	24.8	3
10925373	214092.YPO3180	24.6	5
10922609	214092.YPO0239	24.5	6
10922818	214092.YPO0457	24.4	3
10922830	214092.YPO0469	24.3	8
10924946	214092.YPO2711	24.1	3
10926213	214092.YPO4068	24.1	7
10925326	214092.YPO3133	24.0	12
10922894	214092.YPO0533	23.8	15
10922708	214092.YPO0341	23.8	4
10924464	214092.YPO2204	23.6	6
10925553	214092.YPO3373	23.4	4
10925791	214092.YPO3618	23.0	7
10924428	214092.YPO2164	23.0	4
10925837	214092.YPO3663	22.9	5
10923025	214092.YPO0668	22.8	23
10925979	214092.YPO3814	22.6	10
10922957	214092.YPO0596	22.4	5
10924803	214092.YPO2554	22.4	7
10924227	214092.YPO1949	22.3	5
10926112	214092.YPO3953	22.2	7
10923995	214092.YPO1703	22.0	3
10925936	214092.YPO3769	21.9	8
10924477	214092.YPO2217	21.8	3
10922870	214092.YPO0508	21.8	3
10924486	214092.YPO2225	21.8	5
10925384	214092.YPO3191	21.7	6
10926234	214092.YPO4094	21.6	18
10923965	214092.YPO1669	21.4	5
10922674	214092.YPO0303	21.3	6
10925950	214092.YPO3785	21.3	5
10925745	214092.YPO3570	21.2	2
10924422	214092.YPO2158	20.3	3
10923831	214092.YPO1526	20.3	6
10923837	214092.YPO1532	20.1	10
10924637	214092.YPO2382	19.9	2
10925658	214092.YPO3481	19.9	7
10924453	214092.YPO2191	19.8	2
10924058	214092.YPO1772	19.7	4
10925458	214092.YPO3270	19.7	3
10923917	214092.YPO1617	19.5	8
10925449	214092.YPO3261	19.3	5
10924824	214092.YPO2578	19.3	8
10924336	214092.YPO2065	19.1	5
10924717	214092.YPO2465	19.1	8
10923105	214092.YPO0758	19.0	3
10923256	214092.YPO0919	18.9	4
10925130	214092.YPO2908	18.9	5
10926268	214092.YPO4129	18.9	3
10922954	214092.YPO0593	18.8	10
10922689	214092.YPO0320	18.8	11
10924808	214092.YPO2559	18.8	3
10925573	214092.YPO3393	18.7	12
10925875	214092.YPO3706	18.7	6
10925495	214092.YPO3311	18.7	7
10923930	214092.YPO1630	18.6	4
10923468	214092.YPO1139	18.6	4
10924905	214092.YPO2668	18.3	4
10923584	214092.YPO1266	17.5	4
10924698	214092.YPO2446	17.4	5
10925105	214092.YPO2882	17.3	5
10924655	214092.YPO2401	17.3	5
10925637	214092.YPO3460	17.3	4
10924772	214092.YPO2522	17.2	4
10922388	214092.YPO0003	17.0	6
10924945	214092.YPO2710	16.8	9
10925804	214092.YPO3631	16.6	4
10922809	214092.YPO0448	16.3	3
10924864	214092.YPO2620	16.2	6
10924939	214092.YPO2704	16.0	4
10922739	214092.YPO0372	16.0	6
10923881	214092.YPO1579	16.0	5
10925539	214092.YPO3358	15.9	2
10923692	214092.YPO1380	15.9	5
10925757	214092.YPO3582	15.7	6
10923129	214092.YPO0785	15.6	8
10923845	214092.YPO1540	15.5	3
10924289	214092.YPO2014	15.2	4
10924838	214092.YPO2594	15.2	2
10922655	214092.YPO0284	15.1	3
10923003	214092.YPO0646	14.6	4
10926060	214092.YPO3896	14.5	9
10924290	214092.YPO2015	14.5	3
10922418	214092.YPO0033	14.3	3
10924228	214092.YPO1950	14.2	8
10923178	214092.YPO0838	14.0	3
10924175	214092.YPO1896	13.9	8
10923467	214092.YPO1138	13.8	4
10923721	214092.YPO1409	13.7	3
10923676	214092.YPO1364	13.6	5
10925003	214092.YPO2768	13.3	4
10926096	214092.YPO3937	13.1	8
10923875	214092.YPO1573	13.0	3
10923833	214092.YPO1528	13.0	2
10922698	214092.YPO0329	12.9	5
10924483	214092.YPO2222	12.8	3
10925999	214092.YPO3833	12.4	7
10925357	214092.YPO3164	12.3	2
10923470	214092.YPO1142	12.2	4
10923842	214092.YPO1537	12.0	6
10922539	214092.YPO0164	11.9	7
10923438	214092.YPO1106	11.9	3
10922686	214092.YPO0316	11.9	3
10924692	214092.YPO2440	11.8	2
10924954	214092.YPO2719	11.7	4
10922610	214092.YPO0240	11.6	3
10924292	214092.YPO2017	11.6	4
10925535	214092.YPO3354	11.5	7
10922975	214092.YPO0617	11.1	5
10925014	214092.YPO2779	11.0	2
10923197	214092.YPO0857	10.9	8
10923008	214092.YPO0651	10.8	2
10923484	214092.YPO1156	10.8	7
10925853	214092.YPO3681	10.7	7
10923799	214092.YPO1494	10.7	2
10922684	214092.YPO0314	10.6	3
10922650	214092.YPO0279	10.6	2
10925560	214092.YPO3380	10.6	8
10924016	214092.YPO1724	10.5	3
10922970	214092.YPO0612	10.5	4
10923001	214092.YPO0644	10.1	4
10922780	214092.YPO0415	9.86	4
10924524	214092.YPO2269	9.8	2
10925013	214092.YPO2778	9.68	2
10922504	214092.YPO0129	9.67	2
10924429	214092.YPO2165	9.45	5
10922878	214092.YPO0515	9.39	8
10922854	214092.YPO0492	9.35	2
10924214	214092.YPO1936	9.22	3
10923693	214092.YPO1381	9.1	2
10925160	214092.YPO2946	9.1	15
10925540	214092.YPO3359	9.02	2
10926007	214092.YPO3841	8.91	6
10925902	214092.YPO3734	8.85	3
10922466	214092.YPO0083	8.84	2
10922408	214092.YPO0023	8.84	2
10926079	214092.YPO3916	8.77	3
10925480	214092.YPO3296	8.73	3
10925302	214092.YPO3097	8.67	4
10925300	214092.YPO3095	8.59	4
10924869	214092.YPO2625	8.58	5
10922690	214092.YPO0321	8.49	2
10922913	214092.YPO0553	8.16	2
10924342	214092.YPO2071	8.13	5
10925611	214092.YPO3431	7.99	2
10923213	214092.YPO0874	7.95	3
10922451	214092.YPO0068	7.88	3
10924611	214092.YPO2355	7.63	4
10923277	214092.YPO0941	7.51	2
10925456	214092.YPO3268	7.29	2
10923925	214092.YPO1625	7.1	8
10924591	214092.YPO2335	7.05	2
10923594	214092.YPO1277	6.98	3
10924250	214092.YPO1974	6.97	2
10923391	214092.YPO1059	6.97	8
10922734	214092.YPO0367	6.8	3
10923139	214092.YPO0795	6.77	2
10923730	214092.YPO1418	6.75	4
10924059	214092.YPO1773	6.73	3
10922442	214092.YPO0057	6.52	3
10923057	214092.YPO0706	6.5	5
10923688	214092.YPO1376	6.45	4
10922812	214092.YPO0451	6.34	3
10923339	214092.YPO1005	6.07	4
10925928	214092.YPO3760	6.01	2
10924789	214092.YPO2540	5.98	3
10925103	214092.YPO2880	5.96	3
10923883	214092.YPO1581	5.84	3
10925996	214092.YPO3830	5.79	2
10923363	214092.YPO1031	5.42	2
10923341	214092.YPO1007	5.29	5
10923340	214092.YPO1006	4.91	2
10924982	214092.YPO2747	4.9	3
10925015	214092.YPO2780	4.84	1
10923012	214092.YPO0655	4.75	1
10925079	214092.YPO2855	4.72	3
10923707	214092.YPO1395	4.69	2
10923354	214092.YPO1021	4.64	3
10922324	214092.5832451	4.58	2
10925536	214092.YPO3355	4.35	2
10925847	214092.YPO3673	3.92	3
10925109	214092.YPO2886	3.89	4
10922500	214092.YPO0123	3.63	3
10926036	214092.YPO3872	3.4	2
10923717	214092.YPO1405	3.22	4
10922753	214092.YPO0387	3.18	2
10923758	214092.YPO1451	2.48	2
10923453	214092.YPO1121	2.0	1
10922709	214092.YPO0342	1.54	2
10923118	214092.YPO0773	1.45	1
10924539	214092.YPO2283	1.17	1
10922446	214092.YPO0063	0.792	1
10923804	214092.YPO1499	0.534	1
10923308	214092.YPO0971	0.301	1
10923778	214092.YPO1471	0.295	1
10925157	214092.YPO2942	0.177	2
10923921	214092.YPO1621	0.177	2
10926039	214092.YPO3875	0.177	2
10925029	214092.YPO2799	0.177	2
10924819	214092.YPO2571	0.177	2
10923798	214092.YPO1493	0.177	2
10925018	214092.YPO2783	0.177	2
10924434	214092.YPO2170	0.177	2
10924374	214092.YPO2104	0.177	2
10924403	214092.YPO2136	0.177	2
10924456	214092.YPO2194	0.177	2
10924262	214092.YPO1988	0.177	2
10924018	214092.YPO1727	0.177	2
10923884	214092.YPO1583	0.177	2
10922396	214092.YPO0011	0.177	2
10923889	214092.YPO1589	0.177	2
10924699	214092.YPO2447	0.177	2
10925085	214092.YPO2862	0.177	2
10923864	214092.YPO1561	0.177	2
10924895	214092.YPO2656	0.177	2
10923009	214092.YPO0652	0.099	1
