#id: 2675062832
#name: Cryptococcus neoformans var. neoformans JEC21 - Whole organism, Planktonic, SC (Santi,j_proteome_res,2014)
#score: 2.7
#description: abundance based on Spectral counting, planktonic, Interaction consistency score: 2.7, Coverage: 33
#organ: WHOLE_ORGANISM
#integrated: false
#coverage: 33
#link: http://pubs.acs.org/doi/abs/10.1021/pr401075f
#publication_year: 2014
#filename: 214684-Cryptococcus_planktonic_Santi_2014.txt
#
#internal_id	string_external_id	abundance	raw_spectral_count
63282181	214684.P40909	125174	2677
63286132	214684.Q5KJK9	79630	8401
63283724	214684.Q5KBS3	60761	6664
63281905	214684.P0CN30	43025	2651
63287296	214684.Q5KNC7	37269	2109
63282064	214684.P0CQ50	21992	12
63284522	214684.Q5KEE1	16039	301
63282914	214684.Q5K952	16022	2883
63287803	214684.Q5KPZ1	15175	1392
63282883	214684.Q5K918	12471	3397
63286702	214684.Q5KLF0	11750	210
63284662	214684.Q5KEV1	11261	774
63282965	214684.Q5K9A5	10353	1718
63282130	214684.P0CR82	10225	680
63285145	214684.Q5KGE3	9828	838
63286850	214684.Q5KLW6	9486	133
63282514	214684.Q5K7V2	8713	740
63284229	214684.Q5KDE9	8645	306
63283101	214684.Q5K9R3	8532	1641
63287035	214684.Q5KMH7	8522	386
63283011	214684.Q5K9F7	7777	527
63286203	214684.Q5KJU2	7713	544
63283763	214684.Q5KBW6	7670	286
63287148	214684.Q5KMW2	6807	1511
63282484	214684.Q5K7R6	6250	1273
63286065	214684.Q5KJD4	6038	151
63285426	214684.Q5KHA5	5859	2473
63284543	214684.Q5KEG5	5211	2406
63282940	214684.Q5K979	5184	431
63282038	214684.P0CP96	4857	305
63285230	214684.Q5KGN7	4793	388
63282419	214684.Q5K7J5	4620	714
63287362	214684.Q5KNK2	4522	219
63285131	214684.Q5KGC8	4496	1822
63285532	214684.Q5KHN7	4319	784
63285470	214684.Q5KHF9	4158	838
63283874	214684.Q5KC89	4136	359
63281843	214684.P0CM06	3951	341
63287301	214684.Q5KND2	3823	171
63284291	214684.Q5KDL9	3812	611
63281955	214684.P0CO30	3804	24
63287249	214684.Q5KN73	3680	11
63284824	214684.Q5KFD2	3680	121
63287206	214684.Q5KN25	3655	85
63284363	214684.Q5KDV9	3408	394
63282346	214684.Q5K7B2	3390	78
63284939	214684.Q5KFR2	3283	444
63285297	214684.Q5KGW3	3258	613
63286304	214684.Q5KK55	3195	84
63283418	214684.Q5KAR2	3191	1855
63284688	214684.Q5KEX8	3173	203
63285500	214684.Q5KHJ9	3015	801
63286390	214684.Q5KKE7	2975	667
63285643	214684.Q5KI23	2955	73
63283612	214684.Q5KBD5	2899	81
63287876	214684.Q5KQ70	2849	151
63283287	214684.Q5KAB9	2790	80
63284148	214684.Q5KD48	2599	516
63286716	214684.Q5KLG7	2595	105
63283404	214684.Q5KAP7	2579	902
63285964	214684.Q5KJ21	2524	643
63286037	214684.Q5KJA4	2511	731
63286675	214684.Q5KLC1	2498	270
63284641	214684.Q5KES7	2491	219
63286937	214684.Q5KM68	2433	67
63284823	214684.Q5KFD1	2354	33
63285796	214684.Q5KIJ0	2288	63
63283254	214684.Q5KA81	2288	168
63286664	214684.Q5KLA7	2255	320
63282717	214684.Q5K8H5	2213	13
63284758	214684.Q5KF57	2209	39
63281334	214684.A0A0S2LI04	2207	196
63282994	214684.Q5K9D7	2204	762
63286972	214684.Q5KMA6	2159	56
63284339	214684.Q5KDS7	2149	32
63283055	214684.Q5K9K9	2083	493
63287208	214684.Q5KN27	2069	10
63285079	214684.Q5KG69	2047	78
63286068	214684.Q5KJD9	2032	415
63282367	214684.Q5K7D6	2021	134
63285255	214684.Q5KGR6	2020	130
63282517	214684.Q5K7V6	2016	116
63287242	214684.Q5KN65	2012	17
63284034	214684.Q5KCS1	1997	174
63284792	214684.Q5KF96	1994	1002
63286351	214684.Q5KKA5	1988	492
63285677	214684.Q5KI60	1961	59
63285024	214684.Q5KG13	1946	60
63285990	214684.Q5KJ55	1921	293
63287519	214684.Q5KP24	1879	53
63284982	214684.Q5KFW0	1852	87
63283220	214684.Q5KA46	1815	76
63281830	214684.F5HFW5	1809	365
63286405	214684.Q5KKG2	1795	178
63287497	214684.Q5KP01	1752	273
63283196	214684.Q5KA19	1709	178
63284774	214684.Q5KF76	1703	59
63285527	214684.Q5KHN0	1656	78
63284205	214684.Q5KDC5	1615	611
63286296	214684.Q5KK46	1608	4
63284951	214684.Q5KFS5	1587	325
63282864	214684.Q5K8Z6	1574	193
63287866	214684.Q5KQ60	1567	196
63287218	214684.Q5KN39	1547	32
63284813	214684.Q5KFB9	1547	209
63285321	214684.Q5KGY9	1528	243
63281927	214684.P0CN74	1528	247
63282037	214684.P0CP94	1487	114
63284398	214684.Q5KE01	1470	397
63287412	214684.Q5KNQ9	1425	259
63283391	214684.Q5KAN3	1411	269
63285294	214684.Q5KGW0	1407	50
63287333	214684.Q5KNH2	1387	55
63283182	214684.Q5KA04	1377	549
63285135	214684.Q5KGD2	1374	345
63287647	214684.Q5KPH0	1309	367
63286124	214684.Q5KJK1	1308	286
63287792	214684.Q5KPY0	1284	256
63282057	214684.P0CQ34	1272	187
63286459	214684.Q5KKM4	1264	644
63281848	214684.P0CM16	1255	119
63286478	214684.Q5KKP4	1213	629
63287853	214684.Q5KQ45	1211	146
63286703	214684.Q5KLF1	1207	98
63286595	214684.Q5KL27	1202	102
63282862	214684.Q5K8Z3	1200	132
63282068	214684.P0CQ58	1195	136
63286282	214684.Q5KK31	1185	43
63285833	214684.Q5KIN2	1162	40
63286985	214684.Q5KMB9	1156	349
63282410	214684.Q5K7I5	1140	49
63284508	214684.Q5KEC4	1136	37
63285378	214684.Q5KH53	1119	70
63285580	214684.Q5KHU8	1090	205
63284683	214684.Q5KEX3	1081	344
63282067	214684.P0CQ56	1044	151
63284410	214684.Q5KE15	1029	73
63285710	214684.Q5KI95	1019	191
63284115	214684.Q5KD10	1017	224
63284232	214684.Q5KDF2	995	194
63284713	214684.Q5KF07	960	585
63287703	214684.Q5KPM8	956	39
63282549	214684.Q5K7Z3	954	177
63285670	214684.Q5KI51	952	25
63284620	214684.Q5KEQ3	944	234
63286391	214684.Q5KKE8	940	57
63286187	214684.Q5KJS4	936	187
63286020	214684.Q5KJ87	918	100
63283766	214684.Q5KBW9	913	35
63287268	214684.Q5KN95	908	168
63286647	214684.Q5KL89	889	40
63282074	214684.P0CQ70	889	150
63284107	214684.Q5KD02	881	228
63285885	214684.Q5KIT8	864	4
63284324	214684.Q5KDR0	863	98
63284770	214684.Q5KF72	861	50
63282526	214684.Q5K7W5	855	59
63282988	214684.Q5K9D1	852	156
63283577	214684.Q5KB93	836	136
63283128	214684.Q5K9U3	821	126
63284297	214684.Q5KDM7	816	102
63287633	214684.Q5KPF5	809	97
63287306	214684.Q5KNE0	800	22
63281994	214684.P0CP08	793	68
63285335	214684.Q5KH04	791	35
63287637	214684.Q5KPF9	778	90
63283606	214684.Q5KBC7	766	334
63283566	214684.Q5KB78	766	148
63286743	214684.Q5KLJ6	765	37
63283222	214684.Q5KA48	763	520
63285100	214684.Q5KG91	754	130
63286966	214684.Q5KMA0	754	47
63282840	214684.Q5K8W5	752	210
63284519	214684.Q5KED7	752	147
63283811	214684.Q5KC20	748	57
63284638	214684.Q5KES4	737	152
63283176	214684.Q5K9Z8	728	74
63283838	214684.Q5KC50	722	60
63286557	214684.Q5KKY5	720	30
63285788	214684.Q5KII0	716	219
63285300	214684.Q5KGW6	702	24
63284230	214684.Q5KDF0	702	48
63287068	214684.Q5KML4	702	138
63287617	214684.Q5KPD7	699	191
63287501	214684.Q5KP06	698	143
63287799	214684.Q5KPY7	694	200
63282349	214684.Q5K7B5	693	243
63285734	214684.Q5KIC5	692	33
63285565	214684.Q5KHT0	683	113
63283469	214684.Q5KAX0	674	59
63286931	214684.Q5KM62	666	217
63285887	214684.Q5KIU0	653	36
63287073	214684.Q5KMM0	646	137
63285142	214684.Q5KGD9	639	8
63287631	214684.Q5KPF3	637	34
63286851	214684.Q5KLW7	636	159
63285577	214684.Q5KHU5	629	41
63287747	214684.Q5KPS7	629	18
63282646	214684.Q5K899	628	140
63283473	214684.Q5KAX4	626	181
63286241	214684.Q5KJY4	625	109
63285494	214684.Q5KHJ2	623	123
63282657	214684.Q5K8B0	619	293
63284855	214684.Q5KFG9	612	8
63284958	214684.Q5KFT2	610	323
63285693	214684.Q5KI76	604	34
63285046	214684.Q5KG36	594	85
63286290	214684.Q5KK40	594	54
63282909	214684.Q5K947	589	32
63284973	214684.Q5KFU9	587	13
63286616	214684.Q5KL56	585	3
63287226	214684.Q5KN48	576	216
63283723	214684.Q5KBS2	561	63
63286369	214684.Q5KKC5	559	121
63282189	214684.Q5K6T3	558	77
63282220	214684.Q5K6W6	551	56
63282418	214684.Q5K7J3	542	29
63286651	214684.Q5KL93	541	19
63282885	214684.Q5K920	538	176
63286829	214684.Q5KLU5	534	140
63284113	214684.Q5KD08	528	229
63287036	214684.Q5KMH8	527	156
63283448	214684.Q5KAU8	520	91
63284321	214684.Q5KDQ7	518	105
63283965	214684.Q5KCJ5	515	44
63286137	214684.Q5KJL6	515	32
63287155	214684.Q5KMX2	509	28
63282119	214684.P0CR60	508	37
63285937	214684.Q5KIZ2	501	143
63283761	214684.Q5KBW4	497	62
63287554	214684.Q5KP63	497	173
63282246	214684.Q5K6Z6	497	171
63285222	214684.Q5KGM8	496	36
63281932	214684.P0CN84	491	82
63282030	214684.P0CP80	490	108
63282065	214684.P0CQ52	489	26
63283430	214684.Q5KAT0	485	80
63287409	214684.Q5KNQ6	474	14
63282998	214684.Q5K9E3	470	90
63284544	214684.Q5KEG6	467	189
63285635	214684.Q5KI15	461	14
63283963	214684.Q5KCJ3	449	82
63285809	214684.Q5KIK6	446	158
63283482	214684.Q5KAY4	441	45
63286123	214684.Q5KJK0	438	28
63282786	214684.Q5K8Q2	436	96
63282542	214684.Q5K7Y6	434	32
63281931	214684.P0CN82	433	117
63287365	214684.Q5KNK5	429	57
63284354	214684.Q5KDU6	428	12
63283869	214684.Q5KC84	426	28
63287347	214684.Q5KNI6	425	52
63283443	214684.Q5KAU3	420	213
63282529	214684.Q5K7W8	413	17
63282150	214684.P0CS22	412	171
63283583	214684.Q5KBA0	401	131
63287327	214684.Q5KNG6	396	74
63287128	214684.Q5KMT3	396	6
63281942	214684.P0CO04	396	6
63286345	214684.Q5KK99	393	37
63285588	214684.Q5KHV9	387	69
63286753	214684.Q5KLK8	386	151
63283665	214684.Q5KBK1	386	21
63287182	214684.Q5KMZ9	379	74
63286585	214684.Q5KL15	379	45
63283061	214684.Q5K9L7	373	54
63281738	214684.A0A0S2M614	372	26
63287004	214684.Q5KME1	372	70
63285219	214684.Q5KGM4	372	147
63287826	214684.Q5KQ15	364	51
63287698	214684.Q5KPM3	357	113
63283162	214684.Q5K9Y3	352	82
63283318	214684.Q5KAF2	351	52
63282578	214684.Q5K826	351	75
63285797	214684.Q5KIJ1	344	30
63283300	214684.Q5KAD2	343	24
63287514	214684.Q5KP19	342	1
63284097	214684.Q5KCZ2	339	79
63286589	214684.Q5KL19	337	138
63281920	214684.P0CN60	335	62
63282104	214684.P0CR30	335	39
63287537	214684.Q5KP44	333	100
63286770	214684.Q5KLM8	331	76
63285299	214684.Q5KGW5	330	45
63286696	214684.Q5KLE4	329	149
63286776	214684.Q5KLN8	323	48
63286428	214684.Q5KKI9	320	82
63286184	214684.Q5KJS1	314	11
63286306	214684.Q5KK57	313	63
63286804	214684.Q5KLR7	309	41
63283169	214684.Q5K9Z0	308	42
63286458	214684.Q5KKM3	308	8
63283244	214684.Q5KA71	308	124
63285457	214684.Q5KHE4	306	35
63286380	214684.Q5KKD6	305	7
63284786	214684.Q5KF90	302	10
63284501	214684.Q5KEB3	301	35
63282017	214684.P0CP54	301	45
63287666	214684.Q5KPJ0	298	47
63287116	214684.Q5KMR8	297	51
63285660	214684.Q5KI40	294	54
63284933	214684.Q5KFQ5	294	26
63283305	214684.Q5KAD7	292	45
63287198	214684.Q5KN16	291	20
63284286	214684.Q5KDL3	291	53
63286464	214684.Q5KKM9	291	55
63285293	214684.Q5KGV9	287	11
63287432	214684.Q5KNT0	286	19
63283392	214684.Q5KAN4	286	125
63282493	214684.Q5K7S6	285	13
63286375	214684.Q5KKD1	284	10
63285617	214684.Q5KHZ4	283	59
63284753	214684.Q5KF52	283	15
63282637	214684.Q5K890	283	31
63283484	214684.Q5KAY7	281	37
63285940	214684.Q5KIZ5	280	36
63287214	214684.Q5KN34	279	52
63285614	214684.Q5KHZ1	278	25
63286980	214684.Q5KMB4	277	9
63281821	214684.A0A0S2M6I4	276	25
63282838	214684.Q5K8W3	274	7
63284966	214684.Q5KFU0	274	93
63282855	214684.Q5K8Y6	273	21
63287567	214684.Q5KP78	273	185
63282219	214684.Q5K6W5	272	39
63287028	214684.Q5KMH0	260	122
63285107	214684.Q5KG99	260	200
63284571	214684.Q5KEJ6	260	34
63282087	214684.P0CQ96	259	83
63286988	214684.Q5KMC2	258	47
63286456	214684.Q5KKM1	255	12
63284013	214684.Q5KCP7	255	14
63286746	214684.Q5KLK0	254	29
63286712	214684.Q5KLG3	253	7
63286396	214684.Q5KKF3	253	26
63286811	214684.Q5KLS4	253	18
63286943	214684.Q5KM75	253	42
63282987	214684.Q5K9D0	253	57
63284271	214684.Q5KDJ7	250	10
63287171	214684.Q5KMY8	250	9
63283246	214684.Q5KA73	248	22
63282628	214684.Q5K879	248	42
63282999	214684.Q5K9E5	244	16
63284762	214684.Q5KF63	244	16
63284768	214684.Q5KF69	235	31
63282481	214684.Q5K7R3	232	50
63283557	214684.Q5KB67	231	27
63283316	214684.Q5KAE9	230	20
63286598	214684.Q5KL32	230	56
63286699	214684.Q5KLE7	228	29
63284796	214684.Q5KFA0	227	29
63282732	214684.Q5K8J0	227	3
63285927	214684.Q5KIY1	226	8
63282116	214684.P0CR54	225	20
63286408	214684.Q5KKG6	222	82
63287678	214684.Q5KPK3	222	9
63283170	214684.Q5K9Z1	221	21
63285289	214684.Q5KGV5	219	76
63285782	214684.Q5KIH4	218	23
63285947	214684.Q5KJ03	217	39
63285953	214684.Q5KJ09	216	24
63287553	214684.Q5KP62	213	46
63287013	214684.Q5KMF3	213	9
63286465	214684.Q5KKN0	212	8
63286989	214684.Q5KMC3	210	35
63283003	214684.Q5K9E9	210	69
63287416	214684.Q5KNR3	209	117
63282401	214684.Q5K7H6	209	42
63283686	214684.Q5KBM7	208	32
63285741	214684.Q5KID2	208	31
63284496	214684.Q5KEA8	206	75
63287200	214684.Q5KN18	205	23
63287732	214684.Q5KPR1	202	47
63284426	214684.Q5KE33	201	28
63287093	214684.Q5KMP3	200	17
63286916	214684.Q5KM46	200	39
63285493	214684.Q5KHJ1	199	48
63286950	214684.Q5KM82	199	107
63286129	214684.Q5KJK6	199	35
63282753	214684.Q5K8L4	199	45
63287659	214684.Q5KPI3	198	47
63283968	214684.Q5KCJ8	197	46
63286160	214684.Q5KJP2	196	24
63283462	214684.Q5KAW2	196	29
63282784	214684.Q5K8Q0	194	9
63286912	214684.Q5KM42	194	11
63285841	214684.Q5KIP0	192	38
63285354	214684.Q5KH24	190	36
63287823	214684.Q5KQ12	190	26
63284181	214684.Q5KD82	189	6
63284825	214684.Q5KFD3	188	16
63287751	214684.Q5KPT1	188	40
63283580	214684.Q5KB97	188	86
63284054	214684.Q5KCU2	188	5
63285083	214684.Q5KG73	187	46
63282013	214684.P0CP46	187	54
63283819	214684.Q5KC30	186	36
63286223	214684.Q5KJW4	185	26
63283569	214684.Q5KB81	185	16
63286189	214684.Q5KJS7	185	13
63281966	214684.P0CO52	184	34
63285714	214684.Q5KIA1	183	44
63285828	214684.Q5KIM6	183	77
63286050	214684.Q5KJB8	182	29
63282437	214684.Q5K7L8	182	45
63285730	214684.Q5KIC1	181	15
63284719	214684.Q5KF13	179	31
63287455	214684.Q5KNV6	178	14
63284904	214684.Q5KFM3	178	34
63284741	214684.Q5KF36	176	4
63283987	214684.Q5KCL8	174	43
63283433	214684.Q5KAT3	173	69
63283349	214684.Q5KAI5	171	9
63282878	214684.Q5K912	171	21
63282483	214684.Q5K7R5	169	8
63285010	214684.Q5KFZ6	169	13
63284742	214684.Q5KF38	169	37
63285657	214684.Q5KI37	167	41
63287322	214684.Q5KNF9	167	21
63281891	214684.P0CN02	166	13
63286261	214684.Q5KK08	165	38
63287897	214684.Q5KQ99	164	29
63281885	214684.P0CM90	164	38
63285704	214684.Q5KI89	162	29
63282625	214684.Q5K876	161	21
63281839	214684.P0CL98	160	40
63281924	214684.P0CN68	159	31
63286386	214684.Q5KKE2	158	47
63287348	214684.Q5KNI7	157	11
63282459	214684.Q5K7P0	157	29
63282991	214684.Q5K9D4	155	36
63282823	214684.Q5K8U4	155	28
63285093	214684.Q5KG83	153	15
63286016	214684.Q5KJ82	152	52
63287142	214684.Q5KMV5	151	25
63287528	214684.Q5KP35	149	34
63286167	214684.Q5KJP9	147	17
63285834	214684.Q5KIN3	147	9
63282652	214684.Q5K8A5	146	28
63283967	214684.Q5KCJ7	145	9
63286142	214684.Q5KJM3	145	68
63285771	214684.Q5KIG3	144	30
63287090	214684.Q5KMP0	143	46
63282533	214684.Q5K7X5	143	39
63286807	214684.Q5KLS0	143	23
63284231	214684.Q5KDF1	143	26
63285471	214684.Q5KHG0	142	15
63282544	214684.Q5K7Y8	141	25
63286535	214684.Q5KKV6	141	28
63283428	214684.Q5KAS7	141	21
63286347	214684.Q5KKA1	140	19
63287145	214684.Q5KMV9	140	4
63284548	214684.Q5KEH0	140	11
63287189	214684.Q5KN07	139	11
63287807	214684.Q5KPZ5	138	30
63282058	214684.P0CQ36	137	44
63287085	214684.Q5KMN3	137	53
63287201	214684.Q5KN19	137	31
63285692	214684.Q5KI75	137	80
63286348	214684.Q5KKA2	137	23
63281361	214684.A0A0S2LI48	137	15
63284610	214684.Q5KEP2	136	33
63284206	214684.Q5KDC6	135	4
63286205	214684.Q5KJU4	135	16
63281429	214684.A0A0S2LIE7	134	32
63285857	214684.Q5KIQ7	134	50
63286233	214684.Q5KJX4	134	8
63283950	214684.Q5KCI0	133	9
63282785	214684.Q5K8Q1	133	13
63286211	214684.Q5KJV0	132	43
63284631	214684.Q5KER7	132	7
63286844	214684.Q5KLW0	132	39
63284035	214684.Q5KCS2	132	1
63286866	214684.Q5KLY4	131	7
63282355	214684.Q5K7C2	131	30
63285318	214684.Q5KGY5	131	1
63285597	214684.Q5KHX0	130	25
63287557	214684.Q5KP66	130	33
63283531	214684.Q5KB39	130	22
63283670	214684.Q5KBK6	130	62
63284264	214684.Q5KDI7	130	4
63284070	214684.Q5KCW1	129	23
63286274	214684.Q5KK22	129	24
63287394	214684.Q5KNN5	129	26
63287856	214684.Q5KQ48	129	28
63285085	214684.Q5KG75	129	29
63285981	214684.Q5KJ46	129	23
63287405	214684.Q5KNQ2	128	9
63285596	214684.Q5KHW9	128	26
63287530	214684.Q5KP37	128	24
63281939	214684.P0CN98	128	12
63283756	214684.Q5KBV8	127	22
63282627	214684.Q5K878	126	2
63283559	214684.Q5KB69	124	39
63285784	214684.Q5KIH6	124	15
63281951	214684.P0CO22	124	13
63287674	214684.Q5KPJ8	124	24
63287817	214684.Q5KQ06	124	32
63284754	214684.Q5KF53	124	8
63284394	214684.Q5KDZ6	123	5
63284082	214684.Q5KCX5	123	26
63287882	214684.Q5KQ79	123	36
63282865	214684.Q5K8Z7	122	17
63287170	214684.Q5KMY7	122	24
63283601	214684.Q5KBC2	122	6
63286826	214684.Q5KLT9	121	21
63282256	214684.Q5K707	121	36
63283986	214684.Q5KCL7	121	48
63282504	214684.Q5K7U1	119	10
63287842	214684.Q5KQ34	119	25
63283023	214684.Q5K9H1	119	38
63282348	214684.Q5K7B4	118	51
63286537	214684.Q5KKV8	118	48
63285179	214684.Q5KGH9	118	46
63283090	214684.Q5K9Q0	117	12
63285173	214684.Q5KGH3	117	25
63287309	214684.Q5KNE3	115	53
63281962	214684.P0CO44	115	16
63283381	214684.Q5KAM1	115	15
63282917	214684.Q5K955	115	34
63286780	214684.Q5KLP2	114	3
63285897	214684.Q5KIV1	113	19
63287216	214684.Q5KN37	113	6
63287505	214684.Q5KP10	111	30
63284467	214684.Q5KE78	110	9
63286594	214684.Q5KL26	110	8
63285699	214684.Q5KI84	109	12
63286336	214684.Q5KK90	109	34
63283442	214684.Q5KAU2	108	14
63282311	214684.Q5K772	108	16
63282082	214684.P0CQ86	108	25
63282102	214684.P0CR26	108	36
63285938	214684.Q5KIZ3	107	6
63284680	214684.Q5KEX0	107	15
63285846	214684.Q5KIP5	107	24
63283461	214684.Q5KAW1	107	3
63284816	214684.Q5KFC3	106	43
63286915	214684.Q5KM45	106	11
63284526	214684.Q5KEE5	106	30
63285976	214684.Q5KJ40	105	12
63282543	214684.Q5K7Y7	105	19
63283480	214684.Q5KAY1	105	9
63287091	214684.Q5KMP1	105	8
63287098	214684.Q5KMP9	105	5
63284120	214684.Q5KD15	105	19
63282697	214684.Q5K8F5	104	30
63285367	214684.Q5KH41	104	14
63283425	214684.Q5KAS4	104	38
63285559	214684.Q5KHS3	104	29
63285825	214684.Q5KIM3	103	26
63284441	214684.Q5KE49	103	12
63285411	214684.Q5KH89	103	15
63287697	214684.Q5KPM2	103	41
63283358	214684.Q5KAJ5	103	16
63282811	214684.Q5K8T0	102	8
63286365	214684.Q5KKC1	102	16
63286704	214684.Q5KLF3	102	9
63283977	214684.Q5KCK7	100	16
63281961	214684.P0CO42	100	17
63285851	214684.Q5KIQ1	99.7	31
63283206	214684.Q5KA29	99.7	106
63283652	214684.Q5KBI4	99.5	15
63286643	214684.Q5KL85	99.1	3
63284555	214684.Q5KEH7	99.1	55
63284868	214684.Q5KFI3	99.0	5
63281867	214684.P0CM54	98.7	5
63287583	214684.Q5KP99	98.5	11
63283938	214684.Q5KCG5	98.5	23
63287428	214684.Q5KNS5	98.0	34
63284158	214684.Q5KD58	97.8	26
63283634	214684.Q5KBG2	97.1	22
63283334	214684.Q5KAG8	97.0	16
63282723	214684.Q5K8I1	97.0	19
63282202	214684.Q5K6U7	96.8	10
63287414	214684.Q5KNR1	95.8	10
63284072	214684.Q5KCW4	95.6	21
63287673	214684.Q5KPJ7	95.5	10
63287578	214684.Q5KP94	94.9	49
63286875	214684.Q5KLZ3	94.8	22
63282242	214684.Q5K6Z0	93.6	6
63283204	214684.Q5KA27	93.3	19
63286043	214684.Q5KJB0	92.5	16
63285279	214684.Q5KGU5	92.4	16
63283541	214684.Q5KB49	92.2	4
63287376	214684.Q5KNL6	92.0	9
63287682	214684.Q5KPK7	91.9	17
63284674	214684.Q5KEW3	91.6	42
63283878	214684.Q5KC94	91.6	26
63281690	214684.A0A0S2M5V1	91.4	1
63282505	214684.Q5K7U2	91.1	5
63282523	214684.Q5K7W2	90.7	9
63286973	214684.Q5KMA7	90.5	15
63283981	214684.Q5KCL1	90.5	29
63282164	214684.P0CS50	90.3	9
63286206	214684.Q5KJU5	90.0	6
63284369	214684.Q5KDW6	89.6	2
63284309	214684.Q5KDP3	89.3	27
63285439	214684.Q5KHC0	89.2	12
63285106	214684.Q5KG98	89.2	92
63283801	214684.Q5KC08	88.9	17
63287299	214684.Q5KND0	88.4	20
63287109	214684.Q5KMR1	88.4	5
63286646	214684.Q5KL88	88.3	21
63286640	214684.Q5KL82	88.2	16
63283578	214684.Q5KB94	88.0	20
63286025	214684.Q5KJ92	87.9	49
63283388	214684.Q5KAN0	87.6	3
63287787	214684.Q5KPX3	87.6	40
63283038	214684.Q5K9I6	87.6	5
63286680	214684.Q5KLC6	87.6	21
63283353	214684.Q5KAJ0	87.5	9
63285951	214684.Q5KJ07	87.5	12
63284091	214684.Q5KCY4	87.4	16
63284902	214684.Q5KFM1	86.7	3
63287848	214684.Q5KQ40	86.5	12
63282487	214684.Q5K7R9	86.0	5
63285783	214684.Q5KIH5	85.8	22
63284652	214684.Q5KEU0	85.6	10
63284313	214684.Q5KDP7	85.5	7
63282237	214684.Q5K6Y4	85.4	11
63283958	214684.Q5KCI8	85.1	2
63285190	214684.Q5KGJ2	85.0	6
63285008	214684.Q5KFZ4	84.3	28
63284566	214684.Q5KEJ1	84.0	16
63282354	214684.Q5K7C1	83.7	13
63281309	214684.A0A0S2LHV9	83.6	8
63286383	214684.Q5KKD9	83.6	47
63282794	214684.Q5K8R3	83.1	7
63285590	214684.Q5KHW1	82.9	15
63286528	214684.Q5KKU9	81.9	1
63285057	214684.Q5KG47	81.4	13
63287380	214684.Q5KNM0	81.3	21
63283758	214684.Q5KBW0	81.0	25
63284202	214684.Q5KDC2	80.3	20
63284327	214684.Q5KDR3	80.0	21
63287016	214684.Q5KMF6	80.0	33
63283807	214684.Q5KC16	79.3	3
63285120	214684.Q5KGB6	79.2	23
63282428	214684.Q5K7K5	79.2	33
63285943	214684.Q5KIZ9	79.0	43
63285655	214684.Q5KI35	79.0	8
63282872	214684.Q5K904	78.9	3
63282430	214684.Q5K7L0	78.5	47
63283795	214684.Q5KC01	78.1	31
63281940	214684.P0CO00	78.1	12
63286642	214684.Q5KL84	78.1	5
63282039	214684.P0CP98	77.6	6
63287612	214684.Q5KPD2	77.5	5
63285170	214684.Q5KGH0	77.1	4
63285102	214684.Q5KG94	77.1	14
63282180	214684.P0CS95	76.8	11
63284725	214684.Q5KF19	76.4	28
63286558	214684.Q5KKY6	76.3	17
63282096	214684.P0CR14	75.7	16
63285148	214684.Q5KGE7	75.6	8
63285313	214684.Q5KGY0	75.6	11
63282699	214684.Q5K8F7	75.3	24
63282109	214684.P0CR40	75.2	43
63285941	214684.Q5KIZ7	75.0	6
63284186	214684.Q5KD97	74.8	9
63282075	214684.P0CQ72	74.8	17
63282921	214684.Q5K959	74.6	9
63282465	214684.Q5K7P7	74.6	24
63283917	214684.Q5KCD9	74.5	12
63284905	214684.Q5KFM4	74.4	17
63283330	214684.Q5KAG4	74.3	18
63283653	214684.Q5KBI6	73.8	17
63283039	214684.Q5K9I8	73.5	18
63286790	214684.Q5KLQ2	73.2	10
63287780	214684.Q5KPW6	73.2	27
63282995	214684.Q5K9D8	72.8	11
63284009	214684.Q5KCP3	72.8	2
63284974	214684.Q5KFV0	72.6	7
63283290	214684.Q5KAC2	72.3	29
63284157	214684.Q5KD57	72.2	20
63286751	214684.Q5KLK6	72.2	3
63282519	214684.Q5K7V8	72.1	7
63283312	214684.Q5KAE4	72.1	15
63282715	214684.Q5K8H3	72.1	9
63287312	214684.Q5KNE6	72.0	20
63286426	214684.Q5KKI6	72.0	14
63283409	214684.Q5KAQ2	72.0	20
63285460	214684.Q5KHE7	71.9	9
63282761	214684.Q5K8M3	71.9	4
63283885	214684.Q5KCA3	71.8	10
63286789	214684.Q5KLQ1	71.4	22
63281950	214684.P0CO20	71.2	14
63286511	214684.Q5KKT1	70.9	8
63286113	214684.Q5KJI8	70.8	25
63285087	214684.Q5KG77	70.7	29
63283636	214684.Q5KBG4	70.6	8
63283447	214684.Q5KAU7	70.6	23
63283187	214684.Q5KA10	70.5	26
63286552	214684.Q5KKX8	69.9	17
63285349	214684.Q5KH19	69.9	21
63284371	214684.Q5KDW8	69.6	15
63284367	214684.Q5KDW3	69.6	17
63285774	214684.Q5KIG6	69.4	7
63287021	214684.Q5KMG2	69.3	8
63282152	214684.P0CS26	69.1	16
63286758	214684.Q5KLL4	68.6	8
63283178	214684.Q5KA00	68.5	9
63285566	214684.Q5KHT1	68.3	15
63283611	214684.Q5KBD4	68.1	9
63286519	214684.Q5KKU0	68.1	12
63281375	214684.A0A0S2LI74	68.1	20
63286625	214684.Q5KL66	68.0	10
63284804	214684.Q5KFA9	67.9	13
63285608	214684.Q5KHY4	67.8	17
63285398	214684.Q5KH74	67.6	39
63284983	214684.Q5KFW1	67.2	15
63287363	214684.Q5KNK3	66.9	5
63285334	214684.Q5KH03	66.9	13
63283691	214684.Q5KBN2	66.6	24
63284692	214684.Q5KEY3	66.6	16
63282934	214684.Q5K973	66.5	4
63284860	214684.Q5KFH4	66.0	7
63282735	214684.Q5K8J3	65.9	14
63285326	214684.Q5KGZ4	65.8	5
63285164	214684.Q5KGG3	65.7	42
63282136	214684.P0CR94	65.7	4
63287670	214684.Q5KPJ4	65.7	11
63284140	214684.Q5KD38	65.4	15
63287622	214684.Q5KPE2	65.2	3
63281841	214684.P0CM02	65.0	26
63283406	214684.Q5KAP9	65.0	11
63283486	214684.Q5KAY9	65.0	13
63285269	214684.Q5KGT2	64.9	23
63283948	214684.Q5KCH8	64.7	8
63281967	214684.P0CO54	64.5	7
63286946	214684.Q5KM78	64.4	9
63284319	214684.Q5KDQ5	64.3	6
63287137	214684.Q5KMU8	64.2	18
63283074	214684.Q5K9N4	64.1	5
63282495	214684.Q5K7S8	63.7	5
63287354	214684.Q5KNJ3	63.7	30
63285435	214684.Q5KHB5	63.6	21
63284226	214684.Q5KDE6	63.2	12
63287374	214684.Q5KNL4	63.1	4
63283283	214684.Q5KAB5	62.8	43
63283286	214684.Q5KAB8	62.7	16
63286800	214684.Q5KLR3	62.6	10
63285835	214684.Q5KIN4	62.4	19
63285905	214684.Q5KIV9	62.3	22
63281827	214684.F5HAV0	62.2	1
63285215	214684.Q5KGM0	62.2	11
63285198	214684.Q5KGK2	62.1	19
63284569	214684.Q5KEJ4	62.1	28
63287654	214684.Q5KPH8	61.8	16
63285586	214684.Q5KHV7	61.5	18
63286182	214684.Q5KJR9	60.5	15
63285338	214684.Q5KH08	60.0	6
63282280	214684.Q5K736	59.9	12
63284950	214684.Q5KFS4	59.5	10
63282467	214684.Q5K7P9	59.5	14
63282521	214684.Q5K7W0	58.9	11
63285440	214684.Q5KHC1	58.7	7
63287569	214684.Q5KP80	58.6	4
63287248	214684.Q5KN72	58.4	5
63282464	214684.Q5K7P6	58.1	8
63285666	214684.Q5KI46	57.8	24
63283001	214684.Q5K9E7	57.8	10
63287464	214684.Q5KNW6	57.6	15
63283592	214684.Q5KBB1	57.5	17
63285307	214684.Q5KGX3	56.8	4
63285383	214684.Q5KH58	56.7	22
63281906	214684.P0CN32	56.5	17
63283514	214684.Q5KB20	56.5	13
63283043	214684.Q5K9J5	56.2	26
63284483	214684.Q5KE94	56.1	13
63282147	214684.P0CS16	56.0	2
63283099	214684.Q5K9R1	56.0	11
63287141	214684.Q5KMV4	55.9	16
63286839	214684.Q5KLV5	55.8	19
63285163	214684.Q5KGG2	55.7	23
63282733	214684.Q5K8J1	55.5	38
63284062	214684.Q5KCV3	55.5	5
63287533	214684.Q5KP40	55.4	19
63287726	214684.Q5KPQ5	55.2	19
63282005	214684.P0CP30	54.9	15
63283671	214684.Q5KBK7	54.9	7
63286291	214684.Q5KK41	54.5	8
63281913	214684.P0CN46	54.4	26
63286473	214684.Q5KKN8	54.1	15
63287256	214684.Q5KN82	54.0	15
63282669	214684.Q5K8C5	53.9	13
63284632	214684.Q5KER8	53.8	7
63283398	214684.Q5KAP0	53.7	6
63285212	214684.Q5KGL7	53.6	44
63285227	214684.Q5KGN3	53.3	15
63283902	214684.Q5KCC0	53.3	9
63287207	214684.Q5KN26	53.3	5
63285193	214684.Q5KGJ6	53.1	5
63281916	214684.P0CN52	52.6	5
63285623	214684.Q5KI01	52.3	9
63282492	214684.Q5K7S5	52.3	6
63282241	214684.Q5K6Y9	52.0	10
63286933	214684.Q5KM64	52.0	29
63284005	214684.Q5KCN9	51.9	12
63284782	214684.Q5KF86	51.9	4
63286691	214684.Q5KLD7	51.6	26
63285910	214684.Q5KIW4	51.6	8
63284822	214684.Q5KFC9	51.4	70
63287440	214684.Q5KNU1	50.7	17
63281911	214684.P0CN42	50.6	22
63286868	214684.Q5KLY6	50.4	5
63286705	214684.Q5KLF4	50.4	6
63283739	214684.Q5KBU0	50.3	8
63282777	214684.Q5K8P2	50.3	11
63287076	214684.Q5KMM3	50.0	13
63287671	214684.Q5KPJ5	49.9	16
63282972	214684.Q5K9B2	49.8	18
63287135	214684.Q5KMU3	49.6	22
63286359	214684.Q5KKB4	49.4	11
63285364	214684.Q5KH38	49.4	15
63282125	214684.P0CR72	49.3	37
63286863	214684.Q5KLY1	49.2	6
63286467	214684.Q5KKN2	49.0	10
63282263	214684.Q5K716	49.0	7
63282028	214684.P0CP76	49.0	10
63284944	214684.Q5KFR7	48.9	7
63284067	214684.Q5KCV8	48.9	4
63281929	214684.P0CN78	48.7	2
63287865	214684.Q5KQ59	48.5	14
63287624	214684.Q5KPE4	48.5	14
63287825	214684.Q5KQ14	48.4	5
63287126	214684.Q5KMT1	48.3	4
63283195	214684.Q5KA18	48.3	10
63282713	214684.Q5K8H1	47.8	26
63282003	214684.P0CP26	47.8	17
63287804	214684.Q5KPZ2	47.3	9
63284682	214684.Q5KEX2	47.2	7
63284623	214684.Q5KEQ6	47.2	12
63283725	214684.Q5KBS4	47.0	10
63282409	214684.Q5K7I4	46.8	4
63281814	214684.A0A0S2M6D7	46.7	9
63282137	214684.P0CR96	46.7	2
63284793	214684.Q5KF97	46.7	22
63282083	214684.P0CQ88	46.6	12
63283498	214684.Q5KB03	46.5	11
63287349	214684.Q5KNI8	46.2	2
63284387	214684.Q5KDY7	46.2	38
63286221	214684.Q5KJW2	45.8	3
63282036	214684.P0CP92	45.7	13
63286576	214684.Q5KL05	45.7	16
63285795	214684.Q5KII9	45.6	12
63285141	214684.Q5KGD8	45.5	9
63285397	214684.Q5KH73	45.5	21
63286914	214684.Q5KM44	45.4	2
63284351	214684.Q5KDU2	45.4	32
63286448	214684.Q5KKL0	45.4	18
63286280	214684.Q5KK29	45.4	18
63286736	214684.Q5KLI8	45.3	9
63281739	214684.A0A0S2M615	45.2	9
63282363	214684.Q5K7D1	45.2	4
63284179	214684.Q5KD80	45.1	7
63286452	214684.Q5KKL5	45.0	20
63285121	214684.Q5KGB7	44.9	13
63281944	214684.P0CO08	44.6	22
63285908	214684.Q5KIW2	44.4	5
63284831	214684.Q5KFD9	44.4	12
63282081	214684.P0CQ84	44.0	16
63286438	214684.Q5KKJ9	43.9	9
63287642	214684.Q5KPG4	43.9	5
63286283	214684.Q5KK33	43.8	13
63287150	214684.Q5KMW4	43.8	7
63282515	214684.Q5K7V3	43.7	23
63283042	214684.Q5K9J3	43.6	16
63282337	214684.Q5K7A2	43.5	2
63285350	214684.Q5KH20	43.3	5
63283307	214684.Q5KAD9	43.2	7
63282139	214684.P0CS00	43.0	3
63285464	214684.Q5KHF1	43.0	9
63287005	214684.Q5KME2	42.9	5
63282898	214684.Q5K935	42.8	5
63284051	214684.Q5KCT9	42.8	6
63284956	214684.Q5KFT0	42.7	3
63283399	214684.Q5KAP1	42.7	2
63285648	214684.Q5KI28	42.6	4
63285201	214684.Q5KGK6	42.6	5
63283511	214684.Q5KB17	42.5	10
63285610	214684.Q5KHY6	42.5	11
63282138	214684.P0CR98	42.3	2
63282896	214684.Q5K932	42.3	5
63285114	214684.Q5KGA8	42.1	20
63282952	214684.Q5K991	41.9	6
63286578	214684.Q5KL07	41.9	3
63284077	214684.Q5KCX0	41.9	6
63285681	214684.Q5KI64	41.8	9
63287342	214684.Q5KNI1	41.8	8
63284960	214684.Q5KFT4	41.7	8
63287475	214684.Q5KNX7	41.6	7
63286739	214684.Q5KLJ1	41.6	6
63282108	214684.P0CR38	41.5	23
63287079	214684.Q5KMM7	41.5	13
63282079	214684.P0CQ80	41.5	15
63287745	214684.Q5KPS5	41.4	3
63287329	214684.Q5KNG8	41.1	6
63285261	214684.Q5KGS2	41.0	7
63284239	214684.Q5KDG0	40.4	8
63283098	214684.Q5K9R0	40.3	3
63282024	214684.P0CP68	40.1	9
63283400	214684.Q5KAP2	39.9	14
63285330	214684.Q5KGZ9	39.7	8
63285509	214684.Q5KHK8	39.7	13
63285325	214684.Q5KGZ3	39.7	10
63281837	214684.P0CL94	39.5	10
63283516	214684.Q5KB22	39.4	6
63282764	214684.Q5K8M7	39.4	5
63284278	214684.Q5KDK5	39.3	16
63286599	214684.Q5KL33	39.3	1
63286757	214684.Q5KLL3	39.1	5
63283991	214684.Q5KCM3	39.0	6
63285914	214684.Q5KIW8	38.9	7
63282303	214684.Q5K761	38.9	9
63285968	214684.Q5KJ25	38.6	16
63286492	214684.Q5KKR0	38.6	11
63285241	214684.Q5KGQ0	38.5	5
63284222	214684.Q5KDE2	38.5	7
63286619	214684.Q5KL60	38.5	17
63283237	214684.Q5KA63	38.4	44
63284352	214684.Q5KDU3	38.3	5
63286463	214684.Q5KKM8	38.3	11
63287452	214684.Q5KNV3	38.2	8
63284863	214684.Q5KFH8	37.9	13
63287560	214684.Q5KP70	37.9	7
63286324	214684.Q5KK78	37.7	11
63286609	214684.Q5KL46	37.7	14
63287262	214684.Q5KN88	37.4	10
63281311	214684.A0A0S2LHW3	37.3	1
63287855	214684.Q5KQ47	37.0	8
63287272	214684.Q5KNA0	36.9	13
63287154	214684.Q5KMX1	36.8	11
63286693	214684.Q5KLE0	36.7	7
63282683	214684.Q5K8E1	36.7	11
63284579	214684.Q5KEK6	36.4	33
63286225	214684.Q5KJW6	36.4	2
63282460	214684.Q5K7P1	36.3	19
63285422	214684.Q5KHA1	36.2	7
63283497	214684.Q5KB02	36.2	2
63287769	214684.Q5KPV3	36.0	15
63284337	214684.Q5KDS4	35.9	6
63284340	214684.Q5KDS9	35.8	9
63285423	214684.Q5KHA2	35.7	5
63282882	214684.Q5K917	35.4	8
63282756	214684.Q5K8L7	35.3	6
63284851	214684.Q5KFG4	35.1	5
63283068	214684.Q5K9M8	35.1	11
63283664	214684.Q5KBK0	35.0	9
63285777	214684.Q5KIG9	34.9	2
63285171	214684.Q5KGH1	34.8	9
63284877	214684.Q5KFJ4	34.8	12
63284017	214684.Q5KCQ1	34.4	6
63285472	214684.Q5KHG1	34.3	29
63286098	214684.Q5KJH2	34.3	13
63283548	214684.Q5KB56	34.2	12
63282769	214684.Q5K8N2	34.1	19
63283992	214684.Q5KCM4	34.1	12
63286938	214684.Q5KM69	33.9	5
63287164	214684.Q5KMY1	33.9	3
63281684	214684.A0A0S2M5U5	33.8	4
63281373	214684.A0A0S2LI70	33.7	1
63285745	214684.Q5KID6	33.6	7
63286593	214684.Q5KL25	33.6	9
63285942	214684.Q5KIZ8	33.6	5
63286297	214684.Q5KK47	33.6	13
63287858	214684.Q5KQ51	33.5	5
63287506	214684.Q5KP11	33.3	5
63284123	214684.Q5KD19	33.2	5
63283474	214684.Q5KAX5	33.1	17
63287071	214684.Q5KML8	33.0	5
63287066	214684.Q5KML2	33.0	12
63281355	214684.A0A0S2LI40	32.8	2
63284532	214684.Q5KEF1	32.8	1
63283459	214684.Q5KAV9	32.8	10
63281941	214684.P0CO02	32.5	1
63284390	214684.Q5KDZ1	32.4	13
63285569	214684.Q5KHT4	32.1	8
63282066	214684.P0CQ54	32.0	3
63287485	214684.Q5KNY9	32.0	6
63286590	214684.Q5KL20	32.0	6
63285076	214684.Q5KG66	31.9	4
63281996	214684.P0CP12	31.9	5
63287025	214684.Q5KMG7	31.9	8
63287776	214684.Q5KPW2	31.9	44
63284921	214684.Q5KFP2	31.9	3
63284654	214684.Q5KEU2	31.8	6
63283488	214684.Q5KAZ1	31.7	4
63284729	214684.Q5KF23	31.7	3
63282155	214684.P0CS32	31.7	9
63287058	214684.Q5KMK4	31.6	8
63284449	214684.Q5KE57	31.6	14
63284274	214684.Q5KDK0	31.3	18
63286309	214684.Q5KK60	31.2	12
63281491	214684.A0A0S2LIN4	30.9	4
63285555	214684.Q5KHR9	30.8	8
63282124	214684.P0CR70	30.8	13
63286139	214684.Q5KJL8	30.7	6
63285979	214684.Q5KJ44	30.7	3
63281997	214684.P0CP14	30.6	4
63283339	214684.Q5KAH4	30.5	13
63281420	214684.A0A0S2LID5	30.4	8
63285758	214684.Q5KIE9	30.3	6
63286181	214684.Q5KJR8	30.2	4
63285850	214684.Q5KIQ0	30.1	4
63286718	214684.Q5KLG9	30.1	7
63282850	214684.Q5K8Y0	30.0	6
63287246	214684.Q5KN70	30.0	12
63284582	214684.Q5KEK9	30.0	7
63286158	214684.Q5KJP0	29.8	4
63283361	214684.Q5KAJ9	29.7	7
63282213	214684.Q5K6V9	29.7	9
63281329	214684.A0A0S2LHZ7	29.6	5
63283259	214684.Q5KA86	29.6	4
63284829	214684.Q5KFD7	29.6	9
63285034	214684.Q5KG24	29.5	4
63286072	214684.Q5KJE3	29.5	7
63284764	214684.Q5KF65	29.4	8
63282852	214684.Q5K8Y3	29.4	3
63287711	214684.Q5KPN7	29.4	3
63287662	214684.Q5KPI6	29.2	5
63286698	214684.Q5KLE6	29.2	3
63287759	214684.Q5KPU2	29.2	7
63287832	214684.Q5KQ22	29.2	13
63282404	214684.Q5K7H9	29.1	4
63287426	214684.Q5KNS3	29.1	4
63286164	214684.Q5KJP6	29.0	9
63286222	214684.Q5KJW3	28.9	2
63282992	214684.Q5K9D5	28.9	6
63284379	214684.Q5KDX8	28.7	5
63286910	214684.Q5KM40	28.5	19
63283109	214684.Q5K9S1	28.3	2
63286809	214684.Q5KLS2	28.2	7
63284331	214684.Q5KDR8	28.2	9
63283784	214684.Q5KBZ0	28.2	13
63282048	214684.P0CQ16	28.1	17
63284897	214684.Q5KFL5	28.1	2
63284486	214684.Q5KE98	28.1	7
63282356	214684.Q5K7C3	28.1	6
63285264	214684.Q5KGS7	28.0	4
63282255	214684.Q5K705	28.0	9
63287279	214684.Q5KNA9	28.0	5
63281910	214684.P0CN40	28.0	2
63286295	214684.Q5KK45	27.9	5
63282144	214684.P0CS10	27.8	7
63287579	214684.Q5KP95	27.8	4
63285056	214684.Q5KG46	27.7	9
63287087	214684.Q5KMN7	27.7	8
63287801	214684.Q5KPY9	27.7	1
63287592	214684.Q5KPA9	27.7	5
63283837	214684.Q5KC49	27.6	4
63286737	214684.Q5KLI9	27.2	4
63282007	214684.P0CP34	27.2	14
63287101	214684.Q5KMQ2	27.2	13
63286639	214684.Q5KL81	27.0	5
63283364	214684.Q5KAK2	26.9	3
63284481	214684.Q5KE92	26.9	9
63282926	214684.Q5K964	26.9	10
63282157	214684.P0CS36	26.7	4
63287597	214684.Q5KPB4	26.6	4
63281914	214684.P0CN48	26.6	9
63283310	214684.Q5KAE2	26.4	2
63285718	214684.Q5KIA5	26.3	7
63287783	214684.Q5KPW9	26.3	4
63286755	214684.Q5KLL0	26.2	7
63283168	214684.Q5K9Y9	26.0	5
63286570	214684.Q5KKZ9	26.0	9
63286135	214684.Q5KJL2	25.9	3
63287784	214684.Q5KPX0	25.9	8
63282302	214684.Q5K760	25.8	5
63284032	214684.Q5KCR9	25.5	4
63285149	214684.Q5KGE8	25.2	3
63287690	214684.Q5KPL5	25.2	10
63283762	214684.Q5KBW5	25.1	11
63284143	214684.Q5KD43	25.1	10
63282738	214684.Q5K8J6	25.1	7
63281828	214684.F5HCX1	25.1	10
63286060	214684.Q5KJC9	25.1	2
63286561	214684.Q5KKZ0	25.0	5
63284103	214684.Q5KCZ8	25.0	5
63286441	214684.Q5KKK2	24.9	5
63286732	214684.Q5KLI3	24.9	10
63283141	214684.Q5K9V7	24.8	10
63282454	214684.Q5K7N5	24.8	11
63283719	214684.Q5KBR8	24.8	4
63282098	214684.P0CR18	24.7	4
63281588	214684.A0A0S2LJ04	24.7	2
63286366	214684.Q5KKC2	24.6	2
63281847	214684.P0CM14	24.6	4
63284550	214684.Q5KEH2	24.5	3
63282101	214684.P0CR24	24.5	1
63287706	214684.Q5KPN1	24.5	3
63286752	214684.Q5KLK7	24.4	6
63282775	214684.Q5K8P0	24.4	8
63282077	214684.P0CQ76	24.4	4
63287772	214684.Q5KPV8	24.2	5
63283340	214684.Q5KAH5	24.1	14
63284248	214684.Q5KDH0	24.1	2
63285844	214684.Q5KIP3	23.9	10
63285819	214684.Q5KIL7	23.8	6
63283125	214684.Q5K9T9	23.7	5
63282088	214684.P0CQ98	23.7	11
63283273	214684.Q5KAA3	23.7	1
63286116	214684.Q5KJJ1	23.5	13
63284046	214684.Q5KCT4	23.4	3
63282347	214684.Q5K7B3	23.4	4
63284114	214684.Q5KD09	23.3	4
63285695	214684.Q5KI79	23.3	8
63287294	214684.Q5KNC5	23.3	8
63287874	214684.Q5KQ68	23.2	8
63285226	214684.Q5KGN2	23.1	6
63286721	214684.Q5KLH2	23.1	2
63283649	214684.Q5KBI1	23.1	7
63283668	214684.Q5KBK4	23.0	4
63285224	214684.Q5KGN0	23.0	9
63281915	214684.P0CN50	23.0	7
63282558	214684.Q5K804	23.0	2
63286970	214684.Q5KMA4	23.0	10
63286121	214684.Q5KJJ7	23.0	2
63284937	214684.Q5KFR0	23.0	14
63282598	214684.Q5K848	23.0	4
63284575	214684.Q5KEK2	22.9	3
63284451	214684.Q5KE59	22.9	8
63286701	214684.Q5KLE9	22.9	7
63282632	214684.Q5K883	22.8	3
63285068	214684.Q5KG58	22.8	4
63282868	214684.Q5K900	22.8	2
63286553	214684.Q5KKX9	22.8	7
63284292	214684.Q5KDM0	22.8	3
63287813	214684.Q5KQ02	22.7	10
63285189	214684.Q5KGJ1	22.7	4
63284408	214684.Q5KE11	22.7	2
63283440	214684.Q5KAU0	22.5	7
63282902	214684.Q5K939	22.4	7
63287240	214684.Q5KN63	22.3	1
63286792	214684.Q5KLQ4	22.2	2
63284413	214684.Q5KE18	22.2	6
63286237	214684.Q5KJX8	22.1	16
63283540	214684.Q5KB48	22.0	3
63285184	214684.Q5KGI5	22.0	2
63286117	214684.Q5KJJ3	21.9	7
63282709	214684.Q5K8G7	21.9	6
63282749	214684.Q5K8L0	21.7	3
63282031	214684.P0CP82	21.7	2
63287831	214684.Q5KQ20	21.6	6
63286488	214684.Q5KKQ6	21.6	7
63286926	214684.Q5KM57	21.6	6
63283320	214684.Q5KAF4	21.5	3
63287006	214684.Q5KME4	21.4	5
63285757	214684.Q5KIE8	21.3	1
63283690	214684.Q5KBN1	21.2	2
63287559	214684.Q5KP68	21.2	7
63286093	214684.Q5KJG5	21.2	6
63287628	214684.Q5KPF0	21.2	1
63282361	214684.Q5K7C9	21.2	5
63284389	214684.Q5KDZ0	21.1	1
63287418	214684.Q5KNR5	21.1	2
63282126	214684.P0CR74	21.0	8
63286234	214684.Q5KJX5	21.0	3
63287781	214684.Q5KPW7	21.0	3
63284586	214684.Q5KEL5	20.9	6
63287895	214684.Q5KQ97	20.8	2
63287739	214684.Q5KPR8	20.8	3
63285662	214684.Q5KI42	20.8	3
63282000	214684.P0CP20	20.6	7
63285386	214684.Q5KH61	20.5	5
63286372	214684.Q5KKC8	20.5	4
63286882	214684.Q5KM04	20.5	6
63282640	214684.Q5K893	20.5	2
63285048	214684.Q5KG38	20.5	2
63286648	214684.Q5KL90	20.4	3
63286067	214684.Q5KJD8	20.2	2
63286387	214684.Q5KKE3	20.2	10
63287867	214684.Q5KQ61	20.2	4
63287053	214684.Q5KMJ6	20.2	2
63281987	214684.P0CO94	20.1	4
63285959	214684.Q5KJ16	20.1	4
63284377	214684.Q5KDX5	20.1	6
63285767	214684.Q5KIF8	20.1	2
63283013	214684.Q5K9F9	20.1	4
63283641	214684.Q5KBH0	20.0	2
63285436	214684.Q5KHB6	20.0	2
63282034	214684.P0CP88	20.0	3
63284192	214684.Q5KDB1	19.9	2
63284217	214684.Q5KDD7	19.8	5
63283383	214684.Q5KAM3	19.8	5
63282867	214684.Q5K8Z9	19.6	4
63283255	214684.Q5KA82	19.6	2
63287235	214684.Q5KN57	19.4	4
63282298	214684.Q5K756	19.4	5
63283389	214684.Q5KAN1	19.3	3
63285233	214684.Q5KGP1	19.3	3
63283582	214684.Q5KB99	19.3	5
63281630	214684.A0A0S2M5H8	19.2	1
63286764	214684.Q5KLM1	19.2	5
63285133	214684.Q5KGD0	19.2	3
63285220	214684.Q5KGM6	19.2	5
63285971	214684.Q5KJ33	19.1	9
63283375	214684.Q5KAL4	19.1	2
63281566	214684.A0A0S2LIX7	19.0	1
63287382	214684.Q5KNM2	19.0	29
63285619	214684.Q5KHZ6	19.0	2
63283800	214684.Q5KC07	18.9	14
63284659	214684.Q5KEU7	18.9	11
63282156	214684.P0CS34	18.9	5
63285387	214684.Q5KH62	18.9	4
63284802	214684.Q5KFA7	18.8	8
63282942	214684.Q5K981	18.7	5
63285236	214684.Q5KGP4	18.7	4
63282127	214684.P0CR76	18.6	2
63284849	214684.Q5KFG2	18.5	1
63284443	214684.Q5KE51	18.5	5
63283770	214684.Q5KBX5	18.5	1
63282288	214684.Q5K745	18.5	7
63283660	214684.Q5KBJ5	18.5	8
63282772	214684.Q5K8N7	18.5	4
63286779	214684.Q5KLP1	18.4	5
63282382	214684.Q5K7F2	18.4	2
63286153	214684.Q5KJN5	18.4	9
63281645	214684.A0A0S2M5M3	18.3	3
63287829	214684.Q5KQ18	18.2	2
63282331	214684.Q5K796	18.1	3
63283067	214684.Q5K9M6	18.1	4
63286857	214684.Q5KLX4	18.1	4
63282540	214684.Q5K7Y4	18.0	5
63281576	214684.A0A0S2LIY8	18.0	4
63282759	214684.Q5K8M0	18.0	3
63287572	214684.Q5KP83	18.0	5
63282011	214684.P0CP42	17.9	5
63286419	214684.Q5KKH8	17.9	10
63286111	214684.Q5KJI6	17.9	6
63285659	214684.Q5KI39	17.8	1
63287500	214684.Q5KP05	17.8	5
63287373	214684.Q5KNL3	17.8	10
63284470	214684.Q5KE81	17.7	3
63282634	214684.Q5K887	17.7	2
63282781	214684.Q5K8P7	17.5	2
63286802	214684.Q5KLR5	17.5	3
63282447	214684.Q5K7M8	17.5	4
63287815	214684.Q5KQ04	17.5	4
63284480	214684.Q5KE91	17.5	1
63285556	214684.Q5KHS0	17.5	7
63284648	214684.Q5KET5	17.4	20
63286876	214684.Q5KLZ6	17.4	2
63286945	214684.Q5KM77	17.4	4
63282153	214684.P0CS28	17.4	5
63287830	214684.Q5KQ19	17.3	8
63281934	214684.P0CN88	17.3	2
63283015	214684.Q5K9G2	17.3	4
63281448	214684.A0A0S2LIH9	17.2	2
63284068	214684.Q5KCV9	17.2	4
63285929	214684.Q5KIY3	17.2	5
63282792	214684.Q5K8Q9	17.1	8
63287778	214684.Q5KPW4	17.1	3
63283700	214684.Q5KBP3	17.1	5
63281386	214684.A0A0S2LI87	17.0	6
63286617	214684.Q5KL58	16.9	5
63284071	214684.Q5KCW2	16.8	5
63286919	214684.Q5KM49	16.8	5
63286662	214684.Q5KLA5	16.8	4
63287229	214684.Q5KN51	16.6	2
63285563	214684.Q5KHS8	16.6	3
63281982	214684.P0CO84	16.5	2
63282100	214684.P0CR22	16.5	16
63281298	214684.A0A0S2LHR3	16.5	1
63286596	214684.Q5KL28	16.5	4
63286862	214684.Q5KLY0	16.4	5
63283693	214684.Q5KBN4	16.4	5
63285839	214684.Q5KIN8	16.3	2
63282664	214684.Q5K8C0	16.2	5
63283893	214684.Q5KCB1	16.2	2
63285420	214684.Q5KH99	16.1	10
63282814	214684.Q5K8T4	16.0	3
63283543	214684.Q5KB51	16.0	1
63286860	214684.Q5KLX7	16.0	5
63286381	214684.Q5KKD7	15.9	3
63282635	214684.Q5K888	15.9	3
63282708	214684.Q5K8G6	15.7	2
63286412	214684.Q5KKH0	15.7	7
63287364	214684.Q5KNK4	15.7	6
63286845	214684.Q5KLW1	15.7	1
63283000	214684.Q5K9E6	15.7	2
63287041	214684.Q5KMI3	15.7	3
63282562	214684.Q5K809	15.6	9
63282703	214684.Q5K8G1	15.6	4
63286918	214684.Q5KM48	15.6	1
63284312	214684.Q5KDP6	15.6	3
63283966	214684.Q5KCJ6	15.5	2
63282380	214684.Q5K7F0	15.5	6
63284980	214684.Q5KFV8	15.5	4
63285437	214684.Q5KHB8	15.5	1
63283114	214684.Q5K9S7	15.5	5
63285042	214684.Q5KG32	15.5	2
63282522	214684.Q5K7W1	15.5	3
63281850	214684.P0CM20	15.5	4
63283792	214684.Q5KBZ8	15.4	2
63283523	214684.Q5KB31	15.4	3
63284621	214684.Q5KEQ4	15.3	4
63283945	214684.Q5KCH4	15.2	1
63287451	214684.Q5KNV2	15.2	1
63285804	214684.Q5KIJ9	15.2	6
63285309	214684.Q5KGX5	15.2	1
63287562	214684.Q5KP73	15.2	3
63283868	214684.Q5KC83	15.2	5
63281907	214684.P0CN34	15.2	2
63282317	214684.Q5K779	15.2	1
63284873	214684.Q5KFI9	15.1	4
63284852	214684.Q5KFG5	15.1	3
63282060	214684.P0CQ42	15.1	2
63281596	214684.A0A0S2LJ32	15.1	1
63283993	214684.Q5KCM6	15.0	2
63286141	214684.Q5KJM2	15.0	1
63284405	214684.Q5KE08	14.9	4
63282146	214684.P0CS14	14.9	3
63284972	214684.Q5KFU8	14.9	4
63286353	214684.Q5KKA7	14.9	7
63287454	214684.Q5KNV5	14.9	1
63287008	214684.Q5KME8	14.9	1
63285177	214684.Q5KGH7	14.8	2
63286782	214684.Q5KLP4	14.8	3
63285547	214684.Q5KHQ9	14.8	3
63284685	214684.Q5KEX5	14.8	4
63282663	214684.Q5K8B9	14.8	2
63286686	214684.Q5KLD2	14.8	3
63287039	214684.Q5KMI1	14.7	6
63286030	214684.Q5KJ97	14.7	8
63284350	214684.Q5KDU1	14.6	1
63283522	214684.Q5KB29	14.6	3
63284781	214684.Q5KF85	14.5	2
63281888	214684.P0CM96	14.5	4
63286606	214684.Q5KL42	14.5	5
63282961	214684.Q5K9A0	14.5	3
63286392	214684.Q5KKE9	14.5	7
63286109	214684.Q5KJI4	14.4	5
63284546	214684.Q5KEG8	14.4	3
63285302	214684.Q5KGW8	14.4	5
63282063	214684.P0CQ48	14.4	2
63286853	214684.Q5KLX0	14.4	10
63286451	214684.Q5KKL4	14.3	1
63287220	214684.Q5KN41	14.3	2
63283823	214684.Q5KC34	14.3	5
63285086	214684.Q5KG76	14.3	3
63286575	214684.Q5KL04	14.2	6
63287251	214684.Q5KN75	14.2	5
63283519	214684.Q5KB26	14.2	3
63284726	214684.Q5KF20	14.2	3
63287133	214684.Q5KMU1	14.0	5
63282513	214684.Q5K7V1	14.0	1
63287794	214684.Q5KPY2	13.9	4
63283266	214684.Q5KA94	13.8	2
63282018	214684.P0CP56	13.7	2
63281834	214684.P0CL88	13.7	4
63284660	214684.Q5KEU9	13.7	5
63285400	214684.Q5KH76	13.7	2
63287007	214684.Q5KME6	13.7	3
63287777	214684.Q5KPW3	13.7	3
63282548	214684.Q5K7Z2	13.6	5
63284152	214684.Q5KD52	13.5	3
63283794	214684.Q5KC00	13.5	6
63286658	214684.Q5KLA1	13.5	3
63284366	214684.Q5KDW2	13.5	10
63283982	214684.Q5KCL2	13.4	1
63285798	214684.Q5KIJ2	13.4	2
63287270	214684.Q5KN98	13.4	8
63282594	214684.Q5K844	13.4	2
63284177	214684.Q5KD78	13.4	2
63282870	214684.Q5K902	13.3	5
63283759	214684.Q5KBW1	13.3	2
63282210	214684.Q5K6V6	13.3	3
63285932	214684.Q5KIY7	13.3	8
63282707	214684.Q5K8G5	13.2	3
63287119	214684.Q5KMS2	13.2	1
63285160	214684.Q5KGF9	13.2	1
63285740	214684.Q5KID1	13.2	4
63287852	214684.Q5KQ44	13.2	5
63281475	214684.A0A0S2LIL5	13.2	4
63284307	214684.Q5KDN8	13.1	2
63286318	214684.Q5KK71	13.1	7
63283576	214684.Q5KB90	13.1	7
63282080	214684.P0CQ82	13.1	5
63287640	214684.Q5KPG2	13.0	3
63284627	214684.Q5KER1	12.9	1
63282412	214684.Q5K7I7	12.9	2
63283066	214684.Q5K9M5	12.9	3
63285713	214684.Q5KI99	12.9	2
63285702	214684.Q5KI87	12.9	14
63281368	214684.A0A0S2LI63	12.9	1
63284386	214684.Q5KDY6	12.8	3
63286748	214684.Q5KLK2	12.8	3
63283627	214684.Q5KBF4	12.8	2
63284208	214684.Q5KDC8	12.7	3
63284699	214684.Q5KEZ0	12.7	4
63283563	214684.Q5KB75	12.7	4
63286622	214684.Q5KL63	12.7	2
63282770	214684.Q5K8N4	12.7	2
63285810	214684.Q5KIK7	12.7	2
63283205	214684.Q5KA28	12.7	3
63285254	214684.Q5KGR5	12.6	3
63285275	214684.Q5KGU0	12.6	2
63287892	214684.Q5KQ94	12.5	1
63285738	214684.Q5KIC9	12.5	1
63286547	214684.Q5KKX0	12.5	1
63287027	214684.Q5KMG9	12.4	3
63285576	214684.Q5KHU3	12.4	1
63284154	214684.Q5KD54	12.3	2
63287573	214684.Q5KP84	12.3	3
63282132	214684.P0CR86	12.3	6
63282207	214684.Q5K6V3	12.3	1
63286334	214684.Q5KK88	12.3	3
63281851	214684.P0CM22	12.2	13
63284689	214684.Q5KEY0	12.2	3
63282678	214684.Q5K8D6	12.2	2
63283694	214684.Q5KBN5	12.2	3
63284144	214684.Q5KD44	12.2	2
63283556	214684.Q5KB65	12.2	4
63283851	214684.Q5KC64	12.2	3
63282188	214684.Q5K6T2	12.1	2
63284942	214684.Q5KFR5	12.1	3
63283171	214684.Q5K9Z2	12.1	1
63287196	214684.Q5KN14	12.0	2
63286669	214684.Q5KLB3	12.0	2
63282047	214684.P0CQ14	12.0	3
63282962	214684.Q5K9A1	11.9	4
63283019	214684.Q5K9G6	11.9	2
63282370	214684.Q5K7D9	11.9	9
63285124	214684.Q5KGC0	11.9	5
63284809	214684.Q5KFB5	11.8	6
63285639	214684.Q5KI19	11.8	5
63283687	214684.Q5KBM8	11.8	5
63286152	214684.Q5KJN4	11.8	5
63285557	214684.Q5KHS1	11.8	2
63287483	214684.Q5KNY7	11.8	1
63285637	214684.Q5KI17	11.8	6
63281446	214684.A0A0S2LIH7	11.8	1
63285793	214684.Q5KII7	11.8	4
63287323	214684.Q5KNG0	11.8	2
63286092	214684.Q5KJG4	11.7	2
63282271	214684.Q5K726	11.7	1
63281958	214684.P0CO36	11.6	1
63283727	214684.Q5KBS6	11.6	1
63286723	214684.Q5KLH4	11.6	1
63284124	214684.Q5KD20	11.5	3
63286965	214684.Q5KM99	11.5	15
63284547	214684.Q5KEG9	11.5	2
63284463	214684.Q5KE74	11.5	2
63285854	214684.Q5KIQ4	11.5	3
63285911	214684.Q5KIW5	11.5	2
63285626	214684.Q5KI04	11.4	2
63284755	214684.Q5KF54	11.4	4
63286960	214684.Q5KM94	11.4	1
63282744	214684.Q5K8K4	11.3	6
63286055	214684.Q5KJC4	11.3	3
63287520	214684.Q5KP26	11.3	4
63287166	214684.Q5KMY3	11.3	1
63283289	214684.Q5KAC1	11.1	2
63283973	214684.Q5KCK3	11.1	3
63286437	214684.Q5KKJ8	11.1	2
63286515	214684.Q5KKT5	11.1	3
63282503	214684.Q5K7U0	11.1	7
63287819	214684.Q5KQ08	11.1	2
63287886	214684.Q5KQ87	11.1	4
63285829	214684.Q5KIM7	11.0	1
63286899	214684.Q5KM27	11.0	4
63286434	214684.Q5KKJ5	10.9	2
63282849	214684.Q5K8X8	10.9	2
63286781	214684.Q5KLP3	10.9	1
63282593	214684.Q5K843	10.9	2
63284592	214684.Q5KEM2	10.9	4
63286194	214684.Q5KJT2	10.9	13
63282023	214684.P0CP66	10.9	4
63286089	214684.Q5KJG1	10.9	2
63284265	214684.Q5KDI8	10.8	1
63286425	214684.Q5KKI5	10.8	1
63283517	214684.Q5KB24	10.8	3
63283280	214684.Q5KAB1	10.7	5
63287791	214684.Q5KPX7	10.7	2
63284932	214684.Q5KFQ4	10.7	1
63282114	214684.P0CR50	10.7	2
63287868	214684.Q5KQ62	10.6	5
63285832	214684.Q5KIN0	10.6	4
63287022	214684.Q5KMG4	10.6	3
63284730	214684.Q5KF25	10.6	5
63283736	214684.Q5KBT7	10.6	1
63287470	214684.Q5KNX2	10.5	2
63282900	214684.Q5K937	10.5	2
63286260	214684.Q5KK07	10.5	3
63284163	214684.Q5KD64	10.4	2
63286812	214684.Q5KLS5	10.4	6
63286262	214684.Q5KK09	10.4	4
63284359	214684.Q5KDV3	10.4	5
63282688	214684.Q5K8E6	10.4	2
63287415	214684.Q5KNR2	10.4	2
63287340	214684.Q5KNH9	10.4	7
63284614	214684.Q5KEP7	10.4	3
63286379	214684.Q5KKD5	10.3	2
63287639	214684.Q5KPG1	10.3	3
63285175	214684.Q5KGH5	10.3	2
63283278	214684.Q5KAA8	10.3	2
63284150	214684.Q5KD50	10.3	4
63284589	214684.Q5KEL8	10.2	3
63287615	214684.Q5KPD5	10.2	5
63285058	214684.Q5KG48	10.2	3
63282322	214684.Q5K786	10.2	1
63283920	214684.Q5KCE2	10.2	1
63286786	214684.Q5KLP8	10.2	1
63285632	214684.Q5KI11	10.1	2
63284581	214684.Q5KEK8	10.1	2
63282243	214684.Q5K6Z1	10.1	2
63287478	214684.Q5KNY1	10.1	3
63281993	214684.P0CP06	10.1	2
63286930	214684.Q5KM61	10.1	1
63284055	214684.Q5KCU3	10.0	3
63282094	214684.P0CR10	10.0	3
63287461	214684.Q5KNW3	9.99	3
63282615	214684.Q5K866	9.98	2
63283768	214684.Q5KBX3	9.95	5
63287121	214684.Q5KMS5	9.9	3
63285319	214684.Q5KGY6	9.81	2
63286865	214684.Q5KLY3	9.8	2
63285615	214684.Q5KHZ2	9.78	3
63287431	214684.Q5KNS8	9.77	3
63281502	214684.A0A0S2LIP9	9.67	1
63285265	214684.Q5KGS8	9.66	1
63282120	214684.P0CR62	9.55	2
63281704	214684.A0A0S2M5X0	9.52	1
63286818	214684.Q5KLT1	9.41	3
63282069	214684.P0CQ60	9.4	1
63282084	214684.P0CQ90	9.39	2
63284511	214684.Q5KEC7	9.38	2
63283567	214684.Q5KB79	9.36	3
63286874	214684.Q5KLZ2	9.33	3
63285654	214684.Q5KI34	9.33	1
63285561	214684.Q5KHS6	9.3	2
63281863	214684.P0CM46	9.29	4
63284694	214684.Q5KEY5	9.27	1
63287900	214684.Q9HFU4	9.25	2
63286371	214684.Q5KKC7	9.25	2
63285253	214684.Q5KGR4	9.25	3
63287190	214684.Q5KN08	9.22	2
63285305	214684.Q5KGX1	9.18	1
63282984	214684.Q5K9C7	9.09	5
63284344	214684.Q5KDT3	9.05	3
63285755	214684.Q5KIE6	9.05	1
63284491	214684.Q5KEA3	9.04	2
63282743	214684.Q5K8K3	9.04	4
63284622	214684.Q5KEQ5	9.0	2
63282877	214684.Q5K911	8.99	6
63285211	214684.Q5KGL6	8.98	3
63286499	214684.Q5KKR7	8.98	3
63283145	214684.Q5K9W3	8.94	2
63286846	214684.Q5KLW2	8.92	2
63281871	214684.P0CM62	8.91	6
63286148	214684.Q5KJN0	8.84	2
63284879	214684.Q5KFJ6	8.83	4
63281531	214684.A0A0S2LIT6	8.83	1
63285499	214684.Q5KHJ8	8.81	2
63283750	214684.Q5KBV2	8.78	10
63285644	214684.Q5KI24	8.77	1
63284427	214684.Q5KE34	8.76	2
63287870	214684.Q5KQ64	8.73	3
63287730	214684.Q5KPQ9	8.71	4
63285153	214684.Q5KGF2	8.71	3
63284737	214684.Q5KF32	8.69	2
63284913	214684.Q5KFN4	8.69	1
63287472	214684.Q5KNX4	8.69	1
63283374	214684.Q5KAL3	8.68	1
63286147	214684.Q5KJM9	8.66	1
63285372	214684.Q5KH47	8.6	1
63282879	214684.Q5K913	8.57	1
63283886	214684.Q5KCA4	8.57	3
63283585	214684.Q5KBA4	8.57	1
63282366	214684.Q5K7D5	8.54	1
63285531	214684.Q5KHN6	8.53	4
63283839	214684.Q5KC51	8.53	2
63284342	214684.Q5KDT1	8.48	1
63281862	214684.P0CM44	8.47	4
63281946	214684.P0CO12	8.43	3
63284349	214684.Q5KDT8	8.43	1
63284187	214684.Q5KD98	8.42	6
63284022	214684.Q5KCQ7	8.41	1
63283510	214684.Q5KB16	8.4	1
63285345	214684.Q5KH15	8.39	5
63286760	214684.Q5KLL6	8.37	1
63282915	214684.Q5K953	8.34	1
63287060	214684.Q5KMK6	8.34	1
63287371	214684.Q5KNL1	8.26	13
63283777	214684.Q5KBY2	8.24	2
63283051	214684.Q5K9K4	8.24	1
63284245	214684.Q5KDG7	8.24	1
63281970	214684.P0CO60	8.22	1
63282113	214684.P0CR48	8.22	1
63287034	214684.Q5KMH6	8.21	1
63287610	214684.Q5KPD0	8.21	3
63286315	214684.Q5KK68	8.2	3
63281582	214684.A0A0S2LIZ6	8.19	1
63285552	214684.Q5KHR6	8.16	2
63285909	214684.Q5KIW3	8.09	2
63283071	214684.Q5K9N1	8.09	2
63282046	214684.P0CQ12	8.07	1
63282315	214684.Q5K777	8.06	2
63281706	214684.A0A0S2M5X2	8.05	1
63285503	214684.Q5KHK2	8.05	2
63282027	214684.P0CP74	8.04	1
63284200	214684.Q5KDC0	8.0	1
63287253	214684.Q5KN77	8.0	2
63283550	214684.Q5KB58	7.98	1
63283512	214684.Q5KB18	7.97	2
63284898	214684.Q5KFL6	7.95	1
63284096	214684.Q5KCZ1	7.95	2
63285223	214684.Q5KGM9	7.9	3
63285462	214684.Q5KHE9	7.88	1
63286896	214684.Q5KM24	7.85	1
63284531	214684.Q5KEF0	7.83	1
63284720	214684.Q5KF14	7.82	2
63284368	214684.Q5KDW4	7.79	2
63282552	214684.Q5K7Z6	7.75	2
63285945	214684.Q5KJ01	7.75	1
63287524	214684.Q5KP30	7.73	1
63285132	214684.Q5KGC9	7.65	2
63282649	214684.Q5K8A2	7.64	3
63281523	214684.A0A0S2LIS7	7.64	1
63282001	214684.P0CP22	7.6	2
63287051	214684.Q5KMJ4	7.55	7
63285579	214684.Q5KHU7	7.53	1
63283078	214684.Q5K9N8	7.52	3
63281933	214684.P0CN86	7.52	4
63284188	214684.Q5KDA3	7.52	4
63282874	214684.Q5K906	7.52	4
63285769	214684.Q5KIG1	7.5	2
63285893	214684.Q5KIU7	7.49	6
63286742	214684.Q5KLJ5	7.49	2
63285726	214684.Q5KIB7	7.49	5
63286607	214684.Q5KL43	7.47	1
63283735	214684.Q5KBT6	7.45	1
63281965	214684.P0CO50	7.42	2
63282511	214684.Q5K7U8	7.42	1
63286510	214684.Q5KKT0	7.41	1
63285123	214684.Q5KGB9	7.4	3
63284740	214684.Q5KF35	7.39	1
63282222	214684.Q5K6W9	7.39	3
63286204	214684.Q5KJU3	7.39	3
63287179	214684.Q5KMZ6	7.36	1
63282518	214684.Q5K7V7	7.33	1
63284821	214684.Q5KFC8	7.32	1
63287061	214684.Q5KMK7	7.31	2
63287293	214684.Q5KNC4	7.21	2
63283490	214684.Q5KAZ4	7.19	1
63283983	214684.Q5KCL3	7.19	2
63285792	214684.Q5KII6	7.18	1
63286363	214684.Q5KKB8	7.18	4
63284122	214684.Q5KD18	7.1	3
63286969	214684.Q5KMA3	7.07	1
63284624	214684.Q5KEQ7	7.07	2
63287303	214684.Q5KND5	7.01	2
63282970	214684.Q5K9B0	6.98	1
63287603	214684.Q5KPC1	6.98	3
63281835	214684.P0CL90	6.98	1
63283570	214684.Q5KB82	6.96	2
63284250	214684.Q5KDH2	6.93	2
63286100	214684.Q5KJH4	6.91	1
63286051	214684.Q5KJB9	6.89	2
63284643	214684.Q5KES9	6.88	1
63284865	214684.Q5KFI0	6.87	1
63281370	214684.A0A0S2LI66	6.85	1
63282372	214684.Q5K7E1	6.85	2
63285925	214684.Q5KIX9	6.84	2
63286567	214684.Q5KKZ6	6.72	2
63283903	214684.Q5KCC1	6.67	1
63286155	214684.Q5KJN7	6.66	1
63282171	214684.P0CS64	6.63	1
63285592	214684.Q5KHW3	6.62	4
63282727	214684.Q5K8I5	6.62	5
63284669	214684.Q5KEV8	6.59	3
63283684	214684.Q5KBM5	6.56	2
63285865	214684.Q5KIR5	6.53	2
63284529	214684.Q5KEE8	6.51	1
63282941	214684.Q5K980	6.48	1
63284565	214684.Q5KEJ0	6.48	1
63281354	214684.A0A0S2LI38	6.46	1
63282966	214684.Q5K9A6	6.45	1
63287387	214684.Q5KNM8	6.43	1
63284780	214684.Q5KF83	6.41	3
63284325	214684.Q5KDR1	6.41	2
63281909	214684.P0CN38	6.39	1
63286787	214684.Q5KLP9	6.38	3
63281960	214684.P0CO40	6.38	2
63286948	214684.Q5KM80	6.36	2
63283431	214684.Q5KAT1	6.35	12
63285033	214684.Q5KG23	6.35	1
63284395	214684.Q5KDZ7	6.35	1
63283136	214684.Q5K9V2	6.34	1
63287650	214684.Q5KPH4	6.34	2
63286198	214684.Q5KJT6	6.33	1
63282676	214684.Q5K8D2	6.31	2
63285280	214684.Q5KGU6	6.29	1
63287664	214684.Q5KPI8	6.28	1
63282974	214684.Q5K9B4	6.28	1
63285003	214684.Q5KFY6	6.27	2
63284583	214684.Q5KEL1	6.25	1
63283352	214684.Q5KAI8	6.25	1
63286012	214684.Q5KJ78	6.25	1
63284392	214684.Q5KDZ3	6.25	2
63284240	214684.Q5KDG1	6.24	1
63281857	214684.P0CM34	6.22	3
63282747	214684.Q5K8K8	6.22	1
63284705	214684.Q5KEZ7	6.2	1
63282779	214684.Q5K8P5	6.19	1
63287077	214684.Q5KMM5	6.16	3
63282165	214684.P0CS52	6.15	1
63284704	214684.Q5KEZ6	6.14	1
63283415	214684.Q5KAQ9	6.14	1
63286797	214684.Q5KLQ9	6.14	1
63285618	214684.Q5KHZ5	6.13	2
63285581	214684.Q5KHU9	6.09	4
63285197	214684.Q5KGK1	6.08	3
63284605	214684.Q5KEN7	6.06	1
63286656	214684.Q5KL98	6.06	4
63285178	214684.Q5KGH8	6.05	4
63286944	214684.Q5KM76	6.04	2
63285504	214684.Q5KHK3	5.99	1
63284837	214684.Q5KFE6	5.98	1
63284220	214684.Q5KDE0	5.98	1
63286472	214684.Q5KKN7	5.97	3
63285952	214684.Q5KJ08	5.97	1
63286763	214684.Q5KLM0	5.95	1
63286759	214684.Q5KLL5	5.95	1
63285977	214684.Q5KJ42	5.94	2
63287556	214684.Q5KP65	5.9	2
63282371	214684.Q5K7E0	5.9	1
63287351	214684.Q5KNJ0	5.89	1
63284237	214684.Q5KDF8	5.88	2
63282570	214684.Q5K818	5.86	1
63285872	214684.Q5KIS3	5.85	5
63283757	214684.Q5KBV9	5.84	1
63286436	214684.Q5KKJ7	5.84	1
63285136	214684.Q5KGD3	5.83	2
63286796	214684.Q5KLQ8	5.83	1
63286959	214684.Q5KM93	5.83	1
63285248	214684.Q5KGQ8	5.81	1
63281945	214684.P0CO10	5.8	2
63284104	214684.Q5KCZ9	5.79	5
63286768	214684.Q5KLM6	5.78	1
63285892	214684.Q5KIU5	5.75	1
63283506	214684.Q5KB12	5.75	1
63285409	214684.Q5KH87	5.73	1
63284099	214684.Q5KCZ4	5.73	2
63284991	214684.Q5KFX3	5.71	1
63283842	214684.Q5KC54	5.71	2
63284341	214684.Q5KDT0	5.68	1
63287435	214684.Q5KNT3	5.68	1
63285432	214684.Q5KHB2	5.67	1
63284076	214684.Q5KCW8	5.66	2
63287575	214684.Q5KP89	5.63	3
63285007	214684.Q5KFZ3	5.63	6
63284194	214684.Q5KDB3	5.62	2
63281646	214684.A0A0S2M5M4	5.62	1
63286904	214684.Q5KM34	5.62	1
63285888	214684.Q5KIU1	5.6	1
63283076	214684.Q5K9N6	5.59	1
63284775	214684.Q5KF77	5.57	4
63287295	214684.Q5KNC6	5.56	2
63285088	214684.Q5KG78	5.55	1
63287614	214684.Q5KPD4	5.54	1
63285882	214684.Q5KIT5	5.52	1
63283153	214684.Q5K9X2	5.52	3
63284087	214684.Q5KCY0	5.51	1
63287785	214684.Q5KPX1	5.51	1
63287250	214684.Q5KN74	5.5	3
63282121	214684.P0CR64	5.48	2
63282233	214684.Q5K6Y0	5.47	2
63285744	214684.Q5KID5	5.46	1
63282853	214684.Q5K8Y4	5.46	1
63285357	214684.Q5KH27	5.44	4
63282985	214684.Q5K9C8	5.43	1
63283882	214684.Q5KCA0	5.42	1
63283952	214684.Q5KCI2	5.39	4
63283909	214684.Q5KCD0	5.39	2
63286799	214684.Q5KLR2	5.37	1
63287339	214684.Q5KNH8	5.37	5
63284171	214684.Q5KD72	5.37	2
63287721	214684.Q5KPQ0	5.35	1
63285417	214684.Q5KH95	5.34	1
63287389	214684.Q5KNN0	5.34	3
63285270	214684.Q5KGT3	5.34	4
63284119	214684.Q5KD14	5.33	1
63282821	214684.Q5K8U2	5.32	1
63287264	214684.Q5KN90	5.28	1
63284722	214684.Q5KF16	5.28	4
63284538	214684.Q5KEF7	5.26	2
63286058	214684.Q5KJC7	5.24	1
63282836	214684.Q5K8W1	5.22	4
63286891	214684.Q5KM16	5.22	3
63285807	214684.Q5KIK2	5.17	1
63286229	214684.Q5KJX0	5.16	3
63281658	214684.A0A0S2M5Q2	5.15	1
63284876	214684.Q5KFJ3	5.15	2
63281990	214684.P0CP00	5.14	3
63287161	214684.Q5KMX8	5.14	1
63284289	214684.Q5KDL7	5.09	1
63284346	214684.Q5KDT5	5.06	1
63281983	214684.P0CO86	5.06	1
63284493	214684.Q5KEA5	5.05	1
63282689	214684.Q5K8E7	5.03	1
63286178	214684.Q5KJR4	5.02	2
63284870	214684.Q5KFI5	5.01	1
63281754	214684.A0A0S2M632	5.0	2
63283212	214684.Q5KA36	4.99	1
63285448	214684.Q5KHD2	4.99	2
63287131	214684.Q5KMT8	4.95	1
63287344	214684.Q5KNI3	4.93	2
63284630	214684.Q5KER6	4.93	3
63283336	214684.Q5KAH0	4.9	1
63287059	214684.Q5KMK5	4.87	3
63283518	214684.Q5KB25	4.85	1
63287123	214684.Q5KMS7	4.83	2
63285963	214684.Q5KJ20	4.82	2
63283873	214684.Q5KC88	4.82	1
63285736	214684.Q5KIC7	4.81	1
63285406	214684.Q5KH84	4.81	2
63284473	214684.Q5KE84	4.8	1
63286986	214684.Q5KMC0	4.8	1
63286346	214684.Q5KKA0	4.79	1
63285815	214684.Q5KIL3	4.77	1
63282530	214684.Q5K7X0	4.76	3
63285705	214684.Q5KI90	4.72	2
63287069	214684.Q5KML5	4.71	2
63283253	214684.Q5KA80	4.65	2
63287502	214684.Q5KP07	4.64	1
63286332	214684.Q5KK86	4.64	1
63284658	214684.Q5KEU6	4.61	1
63286482	214684.Q5KKQ0	4.6	1
63285706	214684.Q5KI91	4.59	1
63283656	214684.Q5KBI9	4.59	1
63286010	214684.Q5KJ75	4.57	1
63283281	214684.Q5KAB2	4.56	1
63287424	214684.Q5KNS1	4.55	1
63287194	214684.Q5KN12	4.55	2
63286000	214684.Q5KJ65	4.54	1
63283659	214684.Q5KBJ3	4.53	1
63285821	214684.Q5KIL9	4.52	3
63283615	214684.Q5KBD9	4.51	4
63283504	214684.Q5KB10	4.51	3
63287138	214684.Q5KMV0	4.49	1
63282248	214684.Q5K6Z8	4.48	2
63285408	214684.Q5KH86	4.47	1
63287894	214684.Q5KQ96	4.46	3
63284258	214684.Q5KDI0	4.46	1
63284255	214684.Q5KDH7	4.45	3
63287419	214684.Q5KNR6	4.42	2
63286410	214684.Q5KKG8	4.39	1
63287651	214684.Q5KPH5	4.39	1
63283782	214684.Q5KBY8	4.39	1
63282052	214684.P0CQ24	4.32	1
63282424	214684.Q5K7K1	4.32	1
63286984	214684.Q5KMB8	4.31	3
63287080	214684.Q5KMM8	4.31	4
63281726	214684.A0A0S2M600	4.29	1
63282881	214684.Q5K916	4.28	2
63282449	214684.Q5K7N0	4.27	1
63286909	214684.Q5KM39	4.25	1
63282232	214684.Q5K6X9	4.24	2
63281869	214684.P0CM58	4.24	1
63287358	214684.Q5KNJ7	4.23	1
63284450	214684.Q5KE58	4.2	2
63285558	214684.Q5KHS2	4.19	1
63283734	214684.Q5KBT5	4.18	1
63285672	214684.Q5KI54	4.17	1
63281709	214684.A0A0S2M5X6	4.16	1
63283956	214684.Q5KCI6	4.16	1
63285765	214684.Q5KIF6	4.15	3
63284537	214684.Q5KEF6	4.15	2
63282324	214684.Q5K788	4.13	1
63287392	214684.Q5KNN3	4.08	1
63284707	214684.Q5KEZ9	4.05	1
63286110	214684.Q5KJI5	4.04	1
63285627	214684.Q5KI05	4.01	1
63285243	214684.Q5KGQ3	4.01	1
63287324	214684.Q5KNG1	3.99	3
63282338	214684.Q5K7A3	3.98	1
63284242	214684.Q5KDG3	3.97	1
63285069	214684.Q5KG59	3.97	1
63282163	214684.P0CS48	3.97	1
63287014	214684.Q5KMF4	3.97	1
63285026	214684.Q5KG15	3.93	1
63287280	214684.Q5KNB0	3.93	1
63283907	214684.Q5KCC8	3.92	1
63283555	214684.Q5KB64	3.91	1
63284178	214684.Q5KD79	3.91	1
63284466	214684.Q5KE77	3.91	1
63282731	214684.Q5K8I9	3.9	1
63283020	214684.Q5K9G7	3.89	1
63287649	214684.Q5KPH3	3.88	1
63283733	214684.Q5KBT3	3.88	1
63285537	214684.Q5KHP3	3.87	1
63283765	214684.Q5KBW8	3.85	1
63285343	214684.Q5KH13	3.82	2
63285775	214684.Q5KIG7	3.82	1
63286884	214684.Q5KM08	3.8	1
63283984	214684.Q5KCL5	3.79	2
63287465	214684.Q5KNW7	3.76	1
63283658	214684.Q5KBJ2	3.73	1
63283354	214684.Q5KAJ1	3.72	3
63287898	214684.Q5KQA0	3.71	1
63283046	214684.Q5K9J9	3.69	1
63285991	214684.Q5KJ56	3.69	1
63286545	214684.Q5KKW8	3.69	1
63286864	214684.Q5KLY2	3.66	1
63284207	214684.Q5KDC7	3.66	1
63282089	214684.P0CR00	3.66	1
63284088	214684.Q5KCY1	3.62	2
63284510	214684.Q5KEC6	3.62	1
63287316	214684.Q5KNF1	3.6	1
63286883	214684.Q5KM06	3.59	1
63283017	214684.Q5K9G4	3.59	2
63284751	214684.Q5KF50	3.56	1
63284146	214684.Q5KD46	3.55	1
63287313	214684.Q5KNE7	3.55	3
63282445	214684.Q5K7M6	3.55	3
63286610	214684.Q5KL47	3.55	1
63282647	214684.Q5K8A0	3.55	1
63285291	214684.Q5KGV7	3.54	1
63285756	214684.Q5KIE7	3.54	1
63281963	214684.P0CO46	3.54	1
63284850	214684.Q5KFG3	3.53	1
63285562	214684.Q5KHS7	3.52	1
63284986	214684.Q5KFW8	3.52	1
63286256	214684.Q5KK03	3.51	2
63286714	214684.Q5KLG5	3.51	1
63282115	214684.P0CR52	3.5	1
63281748	214684.A0A0S2M624	3.47	1
63287491	214684.Q5KNZ5	3.45	1
63284644	214684.Q5KET0	3.45	1
63283142	214684.Q5K9V8	3.45	1
63285645	214684.Q5KI25	3.45	1
63282365	214684.Q5K7D4	3.45	1
63287561	214684.Q5KP72	3.44	1
63285823	214684.Q5KIM1	3.44	1
63285290	214684.Q5KGV6	3.43	1
63287626	214684.Q5KPE8	3.42	1
63283156	214684.Q5K9X5	3.42	1
63286806	214684.Q5KLR9	3.41	4
63285802	214684.Q5KIJ7	3.41	2
63283130	214684.Q5K9U6	3.41	1
63284981	214684.Q5KFV9	3.37	2
63287818	214684.Q5KQ07	3.37	2
63284221	214684.Q5KDE1	3.37	1
63286251	214684.Q5KJZ6	3.35	1
63284642	214684.Q5KES8	3.34	1
63285723	214684.Q5KIB2	3.34	1
63283087	214684.Q5K9P7	3.34	1
63286706	214684.Q5KLF5	3.34	1
63282420	214684.Q5K7J7	3.33	1
63287841	214684.Q5KQ33	3.32	1
63284081	214684.Q5KCX4	3.32	4
63282587	214684.Q5K836	3.32	1
63283268	214684.Q5KA97	3.31	1
63284827	214684.Q5KFD5	3.29	1
63284422	214684.Q5KE28	3.28	1
63281943	214684.P0CO06	3.28	1
63282143	214684.P0CS08	3.28	1
63283783	214684.Q5KBY9	3.22	1
63286319	214684.Q5KK72	3.22	1
63287263	214684.Q5KN89	3.22	2
63287627	214684.Q5KPE9	3.21	1
63284497	214684.Q5KEA9	3.21	2
63287199	214684.Q5KN17	3.2	1
63285884	214684.Q5KIT7	3.2	1
63286074	214684.Q5KJE5	3.2	1
63287775	214684.Q5KPW1	3.2	3
63282541	214684.Q5K7Y5	3.19	1
63282804	214684.Q5K8S3	3.18	2
63287177	214684.Q5KMZ4	3.17	1
63282117	214684.P0CR56	3.17	1
63281884	214684.P0CM88	3.16	1
63286725	214684.Q5KLH6	3.15	1
63283717	214684.Q5KBR5	3.15	1
63282095	214684.P0CR12	3.13	1
63281923	214684.P0CN66	3.12	1
63285636	214684.Q5KI16	3.09	2
63282041	214684.P0CQ02	3.09	1
63282863	214684.Q5K8Z4	3.08	1
63281959	214684.P0CO38	3.06	1
63282076	214684.P0CQ74	3.06	1
63284732	214684.Q5KF27	3.05	1
63282268	214684.Q5K721	3.05	2
63287532	214684.Q5KP39	3.05	1
63285616	214684.Q5KHZ3	3.04	2
63284411	214684.Q5KE16	3.03	1
63287847	214684.Q5KQ39	3.03	1
63283359	214684.Q5KAJ6	3.01	1
63282162	214684.P0CS46	3.0	1
63284696	214684.Q5KEY7	3.0	4
63284502	214684.Q5KEB5	2.98	1
63283831	214684.Q5KC42	2.97	1
63286294	214684.Q5KK44	2.97	1
63287685	214684.Q5KPL0	2.95	1
63283450	214684.Q5KAV0	2.95	1
63283622	214684.Q5KBE8	2.93	1
63285105	214684.Q5KG97	2.91	1
63283596	214684.Q5KBB6	2.89	2
63281860	214684.P0CM40	2.88	1
63285185	214684.Q5KGI6	2.87	1
63286064	214684.Q5KJD3	2.83	1
63286404	214684.Q5KKG1	2.83	2
63287893	214684.Q5KQ95	2.83	1
63287599	214684.Q5KPB6	2.79	2
63283111	214684.Q5K9S3	2.74	1
63286928	214684.Q5KM59	2.68	1
63287466	214684.Q5KNW8	2.67	2
63284063	214684.Q5KCV4	2.65	2
63287111	214684.Q5KMR3	2.64	1
63287719	214684.Q5KPP7	2.64	1
63286927	214684.Q5KM58	2.64	1
63286398	214684.Q5KKF5	2.63	1
63284106	214684.Q5KD01	2.63	1
63286506	214684.Q5KKS5	2.63	1
63282203	214684.Q5K6U9	2.62	1
63283463	214684.Q5KAW3	2.6	1
63283052	214684.Q5K9K5	2.6	1
63282368	214684.Q5K7D7	2.58	1
63284681	214684.Q5KEX1	2.58	1
63283581	214684.Q5KB98	2.57	1
63283534	214684.Q5KB42	2.57	1
63287743	214684.Q5KPS3	2.57	1
63282072	214684.P0CQ66	2.56	1
63286987	214684.Q5KMC1	2.56	1
63283413	214684.Q5KAQ7	2.56	1
63284657	214684.Q5KEU5	2.55	1
63282269	214684.Q5K722	2.51	1
63284848	214684.Q5KFG1	2.5	1
63287872	214684.Q5KQ66	2.49	1
63282990	214684.Q5K9D3	2.49	1
63283379	214684.Q5KAL8	2.48	1
63283252	214684.Q5KA79	2.47	1
63282128	214684.P0CR78	2.42	1
63287648	214684.Q5KPH1	2.39	1
63283446	214684.Q5KAU6	2.39	1
63282666	214684.Q5K8C2	2.39	1
63284031	214684.Q5KCR8	2.38	1
63284619	214684.Q5KEQ2	2.38	2
63284739	214684.Q5KF34	2.38	1
63284978	214684.Q5KFV6	2.37	1
63283213	214684.Q5KA37	2.36	1
63283545	214684.Q5KB53	2.34	1
63287725	214684.Q5KPQ4	2.33	1
63284145	214684.Q5KD45	2.33	1
63282631	214684.Q5K882	2.33	1
63286469	214684.Q5KKN4	2.3	1
63284089	214684.Q5KCY2	2.3	1
63282891	214684.Q5K926	2.3	1
63286327	214684.Q5KK81	2.29	1
63285040	214684.Q5KG30	2.29	1
63286555	214684.Q5KKY1	2.27	1
63286543	214684.Q5KKW5	2.27	1
63285458	214684.Q5KHE5	2.27	3
63286548	214684.Q5KKX2	2.26	2
63284896	214684.Q5KFL4	2.23	1
63285407	214684.Q5KH85	2.19	1
63285606	214684.Q5KHX9	2.17	1
63287457	214684.Q5KNV9	2.16	1
63282377	214684.Q5K7E6	2.13	1
63282316	214684.Q5K778	2.11	1
63282597	214684.Q5K847	2.11	1
63284370	214684.Q5KDW7	2.09	1
63283236	214684.Q5KA62	2.09	1
63283173	214684.Q5K9Z4	2.08	1
63284380	214684.Q5KDX9	2.08	1
63287534	214684.Q5KP41	2.07	1
63284880	214684.Q5KFJ7	2.07	1
63281655	214684.A0A0S2M5P5	2.06	1
63287564	214684.Q5KP75	2.06	1
63284002	214684.Q5KCN6	2.05	2
63283822	214684.Q5KC33	2.05	1
63282170	214684.P0CS62	2.05	1
63285817	214684.Q5KIL5	2.04	1
63286854	214684.Q5KLX1	2.03	1
63282479	214684.Q5K7R1	2.03	1
63285394	214684.Q5KH69	2.01	1
63285067	214684.Q5KG57	2.0	1
63283972	214684.Q5KCK2	1.99	1
63287404	214684.Q5KNQ1	1.97	1
63285174	214684.Q5KGH4	1.96	1
63286808	214684.Q5KLS1	1.96	1
63282158	214684.P0CS38	1.96	1
63285538	214684.Q5KHP4	1.95	2
63284527	214684.Q5KEE6	1.94	1
63283698	214684.Q5KBP1	1.94	1
63287217	214684.Q5KN38	1.91	1
63283598	214684.Q5KBB8	1.9	1
63284304	214684.Q5KDN4	1.88	1
63282667	214684.Q5K8C3	1.87	1
63283293	214684.Q5KAC5	1.86	1
63285806	214684.Q5KIK1	1.86	1
63282051	214684.P0CQ22	1.86	1
63287716	214684.Q5KPP4	1.85	1
63282953	214684.Q5K992	1.84	1
63286903	214684.Q5KM32	1.84	1
63286828	214684.Q5KLU4	1.8	1
63283642	214684.Q5KBH1	1.8	1
63286908	214684.Q5KM38	1.8	1
63282601	214684.Q5K851	1.8	1
63285194	214684.Q5KGJ7	1.79	1
63282204	214684.Q5K6V0	1.78	1
63285434	214684.Q5KHB4	1.77	1
63286981	214684.Q5KMB5	1.75	1
63284728	214684.Q5KF22	1.74	1
63284014	214684.Q5KCP8	1.73	1
63284267	214684.Q5KDJ1	1.72	1
63287234	214684.Q5KN56	1.72	1
63283165	214684.Q5K9Y6	1.71	1
63284275	214684.Q5KDK1	1.7	1
63287766	214684.Q5KPV0	1.69	1
63282924	214684.Q5K962	1.68	1
63283299	214684.Q5KAD1	1.67	1
63285883	214684.Q5KIT6	1.63	1
63286384	214684.Q5KKE0	1.62	1
63283028	214684.Q5K9H6	1.61	1
63284769	214684.Q5KF71	1.61	1
63285752	214684.Q5KIE3	1.6	1
63284554	214684.Q5KEH6	1.59	1
63287259	214684.Q5KN85	1.56	1
63284845	214684.Q5KFF7	1.56	1
63282444	214684.Q5K7M5	1.55	1
63285381	214684.Q5KH56	1.55	1
63285715	214684.Q5KIA2	1.5	2
63283960	214684.Q5KCJ0	1.49	1
63287029	214684.Q5KMH1	1.48	2
63284311	214684.Q5KDP5	1.47	1
63286146	214684.Q5KJM8	1.45	1
63285690	214684.Q5KI73	1.44	1
63283034	214684.Q5K9I2	1.42	1
63286104	214684.Q5KJH8	1.41	1
63286427	214684.Q5KKI8	1.41	1
63287887	214684.Q5KQ88	1.41	1
63283144	214684.Q5K9W1	1.41	1
63287367	214684.Q5KNK7	1.4	1
63283628	214684.Q5KBF6	1.4	1
63282939	214684.Q5K978	1.4	1
63282912	214684.Q5K950	1.39	1
63282967	214684.Q5K9A7	1.38	1
63282318	214684.Q5K780	1.36	1
63282757	214684.Q5K8L8	1.35	1
63286481	214684.Q5KKP9	1.34	4
63284329	214684.Q5KDR6	1.34	1
63284211	214684.Q5KDD1	1.32	1
63287134	214684.Q5KMU2	1.3	1
63282461	214684.Q5K7P2	1.29	1
63285352	214684.Q5KH22	1.26	1
63282648	214684.Q5K8A1	1.25	1
63283351	214684.Q5KAI7	1.23	1
63285159	214684.Q5KGF8	1.23	1
63285534	214684.Q5KHN9	1.23	1
63284455	214684.Q5KE64	1.21	2
63283412	214684.Q5KAQ6	1.17	1
63281855	214684.P0CM30	1.14	1
63287147	214684.Q5KMW1	1.13	1
63285169	214684.Q5KGG9	1.12	1
63287243	214684.Q5KN66	1.09	1
63287585	214684.Q5KPA1	1.01	1
63285467	214684.Q5KHF6	1.01	1
63285204	214684.Q5KGK9	0.987	1
63284859	214684.Q5KFH3	0.913	1
63281922	214684.P0CN64	0.871	1
63287072	214684.Q5KML9	0.867	1
63286002	214684.Q5KJ67	0.861	1
63282438	214684.Q5K7L9	0.859	1
63284406	214684.Q5KE09	0.743	1
63283632	214684.Q5KBG0	0.665	1
63283367	214684.Q5KAK5	0.455	1
