#id: 2577128170
#name: C.neoformans - Whole organism, Biofilm, SC (Santi,j_proteome_res,2014)
#score: 3.0
#weight:  100%
#description: abundance based on Spectral counting, biofilm, Interaction consistency score: 3.0, Coverage: 25
#organ: WHOLE_ORGANISM
#integrated: false
#coverage: 25
#link: http://pubs.acs.org/doi/abs/10.1021/pr401075f
#publication_year: 2014
#filename: 214684-Cryptococcus_biofilm_Santi_2014.txt
#
#internal_id	string_external_id	abundance	raw_spectral_count
63282181	214684.P40909	60349	795
63287296	214684.Q5KNC7	54361	1843
63286132	214684.Q5KJK9	39993	2652
63284229	214684.Q5KDE9	34266	668
63284508	214684.Q5KEC4	25384	694
63282419	214684.Q5K7J5	22734	1981
63287035	214684.Q5KMH7	21416	544
63282914	214684.Q5K952	20103	2586
63285145	214684.Q5KGE3	19337	1067
63283724	214684.Q5KBS3	18468	1424
63283287	214684.Q5KAB9	18184	307
63286850	214684.Q5KLW6	14262	121
63282064	214684.P0CQ50	13336	7
63281927	214684.P0CN74	12213	843
63286124	214684.Q5KJK1	11838	1085
63281905	214684.P0CN30	11459	485
63282883	214684.Q5K918	11446	2040
63284543	214684.Q5KEG5	11351	1733
63283874	214684.Q5KC89	11242	784
63287242	214684.Q5KN65	11190	49
63283101	214684.Q5K9R3	10415	1303
63283557	214684.Q5KB67	9921	605
63287148	214684.Q5KMW2	9260	1152
63286716	214684.Q5KLG7	9082	210
63283055	214684.Q5K9K9	7967	1107
63284641	214684.Q5KES7	7698	576
63281843	214684.P0CM06	6748	318
63281932	214684.P0CN84	6744	798
63284758	214684.Q5KF57	6740	73
63284363	214684.Q5KDV9	6620	461
63286261	214684.Q5KK08	6545	788
63286664	214684.Q5KLA7	6165	593
63281955	214684.P0CO30	5798	35
63285677	214684.Q5KI60	5593	100
63285565	214684.Q5KHT0	5511	583
63286345	214684.Q5KK99	5441	249
63284231	214684.Q5KDF1	5246	340
63282514	214684.Q5K7V2	4855	214
63283577	214684.Q5KB93	4400	417
63284291	214684.Q5KDL9	4327	445
63285635	214684.Q5KI15	4314	71
63287519	214684.Q5KP24	4270	70
63281830	214684.F5HFW5	4173	554
63281690	214684.A0A0S2M5V1	4056	28
63285532	214684.Q5KHN7	4055	457
63282988	214684.Q5K9D1	3924	467
63282382	214684.Q5K7F2	3804	201
63282130	214684.P0CR82	3705	166
63285470	214684.Q5KHF9	3684	423
63282864	214684.Q5K8Z6	3586	282
63285833	214684.Q5KIN2	3536	74
63281848	214684.P0CM16	3477	204
63283038	214684.Q5K9I6	3464	117
63282785	214684.Q5K8Q1	3344	191
63284824	214684.Q5KFD2	3289	71
63285500	214684.Q5KHJ9	3230	525
63286375	214684.Q5KKD1	3192	98
63285079	214684.Q5KG69	3150	91
63282246	214684.Q5K6Z6	3094	560
63285426	214684.Q5KHA5	3065	782
63281939	214684.P0CN98	3054	50
63286351	214684.Q5KKA5	2991	329
63286304	214684.Q5KK55	2816	58
63284398	214684.Q5KE01	2727	401
63285527	214684.Q5KHN0	2648	79
63284982	214684.Q5KFW0	2580	73
63286037	214684.Q5KJA4	2435	469
63286068	214684.Q5KJD9	2425	296
63283182	214684.Q5KA04	2422	645
63282065	214684.P0CQ52	2360	63
63287853	214684.Q5KQ45	2359	205
63283404	214684.Q5KAP7	2351	538
63286651	214684.Q5KL93	2296	47
63287501	214684.Q5KP06	2254	341
63286459	214684.Q5KKM4	2252	712
63287554	214684.Q5KP63	2195	362
63282965	214684.Q5K9A5	2165	357
63285135	214684.Q5KGD2	2147	314
63286123	214684.Q5KJK0	2145	79
63284774	214684.Q5KF76	2126	52
63284501	214684.Q5KEB3	2078	176
63287301	214684.Q5KND2	2076	76
63287249	214684.Q5KN73	2065	4
63286478	214684.Q5KKP4	2060	671
63282057	214684.P0CQ34	2018	235
63284339	214684.Q5KDS7	1999	19
63282505	214684.Q5K7U2	1979	64
63283766	214684.Q5KBW9	1979	36
63282038	214684.P0CP96	1972	83
63284823	214684.Q5KFD1	1926	27
63284741	214684.Q5KF36	1915	21
63286296	214684.Q5KK46	1894	4
63284230	214684.Q5KDF0	1877	76
63282349	214684.Q5K7B5	1856	284
63285964	214684.Q5KJ21	1846	302
63283254	214684.Q5KA81	1842	90
63282717	214684.Q5K8H5	1811	8
63283665	214684.Q5KBK1	1791	44
63283606	214684.Q5KBC7	1780	589
63282484	214684.Q5K7R6	1779	333
63285219	214684.Q5KGM4	1756	329
63283220	214684.Q5KA46	1657	37
63284115	214684.Q5KD10	1640	233
63286598	214684.Q5KL32	1618	249
63285887	214684.Q5KIU0	1612	55
63286599	214684.Q5KL33	1553	22
63283011	214684.Q5K9F7	1545	70
63286187	214684.Q5KJS4	1519	143
63282346	214684.Q5K7B2	1514	40
63283448	214684.Q5KAU8	1510	151
63283652	214684.Q5KBI4	1506	163
63281994	214684.P0CP08	1475	83
63287412	214684.Q5KNQ9	1463	155
63286179	214684.Q5KJR5	1456	3
63282517	214684.Q5K7V6	1445	66
63284205	214684.Q5KDC5	1416	358
63284939	214684.Q5KFR2	1412	118
63286020	214684.Q5KJ87	1410	118
63285495	214684.Q5KHJ3	1388	4
63283763	214684.Q5KBW6	1384	29
63285927	214684.Q5KIY1	1349	29
63285179	214684.Q5KGH9	1346	223
63283612	214684.Q5KBD5	1332	26
63283583	214684.Q5KBA0	1331	237
63282838	214684.Q5K8W3	1328	26
63283430	214684.Q5KAT0	1323	144
63287617	214684.Q5KPD7	1291	206
63283461	214684.Q5KAW1	1287	22
63284813	214684.Q5KFB9	1279	135
63282037	214684.P0CP94	1261	63
63287145	214684.Q5KMV9	1253	22
63286595	214684.Q5KL27	1246	67
63285809	214684.Q5KIK6	1212	265
63284951	214684.Q5KFS5	1206	154
63286702	214684.Q5KLF0	1193	18
63282017	214684.P0CP54	1176	115
63284638	214684.Q5KES4	1170	160
63285990	214684.Q5KJ55	1165	115
63283469	214684.Q5KAX0	1164	68
63287803	214684.Q5KPZ1	1160	61
63285024	214684.Q5KG13	1154	19
63283566	214684.Q5KB78	1142	123
63284410	214684.Q5KE15	1139	60
63287068	214684.Q5KML4	1135	136
63282940	214684.Q5K979	1119	59
63282367	214684.Q5K7D6	1115	51
63282885	214684.Q5K920	1096	174
63287206	214684.Q5KN25	1089	12
63282013	214684.P0CP46	1086	157
63287362	214684.Q5KNK2	1086	35
63286585	214684.Q5KL15	1061	76
63282934	214684.Q5K973	1056	32
63287073	214684.Q5KMM0	1052	135
63282840	214684.Q5K8W5	1050	185
63287218	214684.Q5KN39	1047	12
63287409	214684.Q5KNQ6	1045	29
63283965	214684.Q5KCJ5	1042	63
63283222	214684.Q5KA48	1038	424
63282994	214684.Q5K9D7	1008	209
63283761	214684.Q5KBW4	980	70
63286829	214684.Q5KLU5	980	147
63286966	214684.Q5KMA0	975	34
63282542	214684.Q5K7Y6	963	48
63287612	214684.Q5KPD2	958	36
63286137	214684.Q5KJL6	950	39
63282578	214684.Q5K826	921	101
63282401	214684.Q5K7H6	920	132
63285297	214684.Q5KGW3	916	138
63286851	214684.Q5KLW7	910	133
63281429	214684.A0A0S2LIE7	909	133
63285885	214684.Q5KIT8	909	3
63285852	214684.Q5KIQ2	906	24
63287306	214684.Q5KNE0	901	15
63285294	214684.Q5KGW0	891	15
63286065	214684.Q5KJD4	873	15
63284662	214684.Q5KEV1	868	41
63287182	214684.Q5KMZ9	867	148
63283869	214684.Q5KC84	854	44
63285230	214684.Q5KGN7	847	64
63287348	214684.Q5KNI7	833	39
63284522	214684.Q5KEE1	826	10
63284519	214684.Q5KED7	823	112
63283418	214684.Q5KAR2	818	319
63284321	214684.Q5KDQ7	801	125
63285300	214684.Q5KGW6	794	24
63286985	214684.Q5KMB9	789	129
63287128	214684.Q5KMT3	780	4
63281942	214684.P0CO04	780	4
63284097	214684.Q5KCZ2	767	91
63283443	214684.Q5KAU3	763	225
63285046	214684.Q5KG36	759	71
63284933	214684.Q5KFQ5	751	37
63287216	214684.Q5KN37	748	20
63284713	214684.Q5KF07	748	294
63284232	214684.Q5KDF2	747	88
63286369	214684.Q5KKC5	743	93
63283987	214684.Q5KCL8	742	74
63283542	214684.Q5KB50	733	42
63282067	214684.P0CQ56	730	59
63285947	214684.Q5KJ03	724	65
63285255	214684.Q5KGR6	717	29
63283162	214684.Q5K9Y3	704	100
63286408	214684.Q5KKG6	702	168
63284297	214684.Q5KDM7	695	67
63286463	214684.Q5KKM8	692	99
63286464	214684.Q5KKM9	691	81
63282625	214684.Q5K876	684	44
63285321	214684.Q5KGY9	669	67
63284966	214684.Q5KFU0	667	136
63287432	214684.Q5KNT0	664	30
63284324	214684.Q5KDR0	661	58
63284688	214684.Q5KEX8	661	27
63286943	214684.Q5KM75	660	67
63286589	214684.Q5KL19	648	159
63287091	214684.Q5KMP1	647	27
63285801	214684.Q5KIJ6	644	33
63287747	214684.Q5KPS7	643	11
63285796	214684.Q5KIJ0	642	12
63285100	214684.Q5KG91	641	59
63285784	214684.Q5KIH6	640	53
63285937	214684.Q5KIZ2	634	108
63282354	214684.Q5K7C1	624	61
63286770	214684.Q5KLM8	613	102
63286365	214684.Q5KKC1	610	59
63287703	214684.Q5KPM8	610	18
63286912	214684.Q5KM42	598	24
63285085	214684.Q5KG75	598	86
63285741	214684.Q5KID2	587	53
63283246	214684.Q5KA73	586	38
63287514	214684.Q5KP19	585	1
63283428	214684.Q5KAS7	569	47
63282074	214684.P0CQ70	566	60
63282669	214684.Q5K8C5	563	73
63286712	214684.Q5KLG3	554	11
63287025	214684.Q5KMG7	554	57
63282483	214684.Q5K7R5	553	18
63285131	214684.Q5KGC8	550	123
63286972	214684.Q5KMA6	550	12
63282999	214684.Q5K9E5	549	24
63282652	214684.Q5K8A5	546	65
63286348	214684.Q5KKA2	544	44
63287198	214684.Q5KN16	535	21
63287698	214684.Q5KPM3	533	103
63281941	214684.P0CO02	533	7
63286811	214684.Q5KLS4	532	21
63285378	214684.Q5KH53	527	27
63283514	214684.Q5KB20	524	77
63287826	214684.Q5KQ15	519	66
63282150	214684.P0CS22	517	116
63286876	214684.Q5KLZ6	510	28
63286390	214684.Q5KKE7	510	54
63287349	214684.Q5KNI8	509	15
63284855	214684.Q5KFG9	506	4
63287004	214684.Q5KME1	505	58
63283300	214684.Q5KAD2	504	23
63284072	214684.Q5KCW4	503	69
63281940	214684.P0CO00	503	23
63283569	214684.Q5KB81	499	34
63286111	214684.Q5KJI6	495	93
63285704	214684.Q5KI89	490	52
63282116	214684.P0CR54	490	22
63285660	214684.Q5KI40	489	60
63284580	214684.Q5KEK7	486	12
63285981	214684.Q5KJ46	486	58
63282786	214684.Q5K8Q2	486	64
63284034	214684.Q5KCS1	480	30
63286643	214684.Q5KL85	474	8
63286937	214684.Q5KM68	472	8
63286704	214684.Q5KLF3	470	25
63287817	214684.Q5KQ06	470	89
63283244	214684.Q5KA71	469	124
63286790	214684.Q5KLQ2	468	32
63287697	214684.Q5KPM2	467	118
63282646	214684.Q5K899	461	68
63286380	214684.Q5KKD6	460	11
63284481	214684.Q5KE92	460	75
63287028	214684.Q5KMH0	459	122
63282931	214684.Q5K970	459	46
63285215	214684.Q5KGM0	453	34
63285982	214684.Q5KJ47	453	25
63283811	214684.Q5KC20	452	31
63286391	214684.Q5KKE8	448	19
63285142	214684.Q5KGD9	438	6
63287673	214684.Q5KPJ7	427	28
63282104	214684.P0CR30	426	32
63285738	214684.Q5KIC9	421	27
63286780	214684.Q5KLP2	418	8
63284643	214684.Q5KES9	417	23
63285730	214684.Q5KIC1	416	35
63285471	214684.Q5KHG0	415	21
63282784	214684.Q5K8Q0	410	12
63283592	214684.Q5KBB1	409	61
63287792	214684.Q5KPY0	408	49
63282657	214684.Q5K8B0	404	173
63286511	214684.Q5KKT1	403	30
63287569	214684.Q5KP80	403	13
63285710	214684.Q5KI95	402	46
63285034	214684.Q5KG24	401	19
63286386	214684.Q5KKE2	400	68
63283320	214684.Q5KAF4	400	37
63287505	214684.Q5KP10	396	50
63283484	214684.Q5KAY7	393	31
63287309	214684.Q5KNE3	392	101
63282220	214684.Q5K6W6	390	20
63282697	214684.Q5K8F5	387	57
63282917	214684.Q5K955	383	54
63287557	214684.Q5KP66	382	65
63284868	214684.Q5KFI3	380	10
63283305	214684.Q5KAD7	379	37
63287751	214684.Q5KPT1	378	55
63283098	214684.Q5K9R0	373	20
63281951	214684.P0CO22	372	26
63284762	214684.Q5KF63	372	12
63285106	214684.Q5KG98	372	242
63287414	214684.Q5KNR1	368	22
63283099	214684.Q5K9R1	367	38
63284049	214684.Q5KCT7	367	7
63283725	214684.Q5KBS4	365	31
63283447	214684.Q5KAU7	361	71
63281961	214684.P0CO42	361	39
63285279	214684.Q5KGU5	359	39
63282410	214684.Q5K7I5	358	12
63284694	214684.Q5KEY5	352	33
63284849	214684.Q5KFG2	350	16
63282998	214684.Q5K9E3	348	42
63286465	214684.Q5KKN0	348	9
63287537	214684.Q5KP44	348	81
63284754	214684.Q5KF53	348	17
63281839	214684.P0CL98	346	62
63287322	214684.Q5KNF9	346	20
63284309	214684.Q5KDP3	345	55
63285734	214684.Q5KIC5	345	10
63287079	214684.Q5KMM7	344	63
63286050	214684.Q5KJB8	343	32
63285149	214684.Q5KGE8	338	11
63282030	214684.P0CP80	337	66
63283580	214684.Q5KB97	335	115
63286233	214684.Q5KJX4	333	12
63287208	214684.Q5KN27	332	1
63287866	214684.Q5KQ60	331	36
63283169	214684.Q5K9Z0	322	32
63286405	214684.Q5KKG2	320	20
63287416	214684.Q5KNR3	320	142
63287666	214684.Q5KPJ0	320	29
63284486	214684.Q5KE98	319	37
63283708	214684.Q5KBQ4	317	2
63284091	214684.Q5KCY4	313	35
63285938	214684.Q5KIZ3	313	8
63287405	214684.Q5KNQ2	312	10
63283838	214684.Q5KC50	310	16
63287678	214684.Q5KPK3	309	6
63281993	214684.P0CP06	305	34
63283578	214684.Q5KB94	304	31
63287633	214684.Q5KPF5	301	21
63282533	214684.Q5K7X5	297	43
63287226	214684.Q5KN48	297	43
63286916	214684.Q5KM46	296	34
63281361	214684.A0A0S2LI48	295	24
63285670	214684.Q5KI51	292	6
63282493	214684.Q5K7S6	292	10
63285494	214684.Q5KHJ2	290	49
63283482	214684.Q5KAY4	290	19
63284526	214684.Q5KEE5	290	33
63281738	214684.A0A0S2M614	289	10
63285010	214684.Q5KFZ6	288	15
63287856	214684.Q5KQ48	284	33
63287093	214684.Q5KMP3	283	19
63286988	214684.Q5KMC2	283	34
63282723	214684.Q5K8I1	282	31
63284408	214684.Q5KE11	281	11
63282991	214684.Q5K9D4	281	41
63281967	214684.P0CO54	280	18
63282189	214684.Q5K6T3	279	22
63281675	214684.A0A0S2M5T3	276	7
63287376	214684.Q5KNL6	276	16
63282495	214684.Q5K7S8	276	14
63287530	214684.Q5KP37	275	34
63287333	214684.Q5KNH2	274	7
63283197	214684.Q5KA20	272	8
63283541	214684.Q5KB49	270	9
63283392	214684.Q5KAN4	269	68
63285693	214684.Q5KI76	268	10
63286844	214684.Q5KLW0	268	53
63286931	214684.Q5KM62	267	53
63285941	214684.Q5KIZ7	266	16
63282242	214684.Q5K6Z0	266	5
63285457	214684.Q5KHE4	265	24
63285305	214684.Q5KGX1	265	13
63286025	214684.Q5KJ92	261	96
63282593	214684.Q5K843	259	50
63282882	214684.Q5K917	258	39
63286142	214684.Q5KJM3	256	95
63287171	214684.Q5KMY8	256	8
63282794	214684.Q5K8R3	254	13
63283334	214684.Q5KAG8	251	35
63285976	214684.Q5KJ40	251	18
63285588	214684.Q5KHV9	248	31
63282909	214684.Q5K947	248	11
63287897	214684.Q5KQ99	245	31
63286703	214684.Q5KLF1	245	12
63282464	214684.Q5K7P6	243	25
63285783	214684.Q5KIH5	241	37
63285788	214684.Q5KII0	240	51
63285349	214684.Q5KH19	238	41
63287848	214684.Q5KQ40	238	20
63284768	214684.Q5KF69	238	23
63281827	214684.F5HAV0	237	3
63286746	214684.Q5KLK0	236	18
63285841	214684.Q5KIP0	234	37
63285354	214684.Q5KH24	231	30
63282823	214684.Q5K8U4	231	22
63282753	214684.Q5K8L4	229	35
63283003	214684.Q5K9E9	227	48
63286736	214684.Q5KLI8	227	22
63281915	214684.P0CN50	227	20
63284206	214684.Q5KDC6	223	4
63285828	214684.Q5KIM6	221	57
63283671	214684.Q5KBK7	221	18
63287745	214684.Q5KPS5	221	12
63284631	214684.Q5KER7	219	7
63286158	214684.Q5KJP0	216	16
63287155	214684.Q5KMX2	215	8
63282637	214684.Q5K890	215	15
63284816	214684.Q5KFC3	211	38
63285910	214684.Q5KIW4	211	21
63284426	214684.Q5KE33	209	18
63285120	214684.Q5KGB6	208	32
63285293	214684.Q5KGV9	207	5
63285597	214684.Q5KHX0	206	24
63285782	214684.Q5KIH4	206	15
63283312	214684.Q5KAE4	205	23
63284904	214684.Q5KFM3	205	30
63286868	214684.Q5KLY6	204	12
63285102	214684.Q5KG94	203	21
63282302	214684.Q5K760	202	23
63284354	214684.Q5KDU6	201	4
63286753	214684.Q5KLK8	201	53
63285299	214684.Q5KGW5	201	16
63285057	214684.Q5KG47	200	23
63287787	214684.Q5KPX3	199	51
63287631	214684.Q5KPF3	199	10
63287170	214684.Q5KMY7	198	27
63284005	214684.Q5KCN9	198	27
63287876	214684.Q5KQ70	197	7
63286291	214684.Q5KK41	197	18
63285771	214684.Q5KIG3	197	23
63282632	214684.Q5K883	197	9
63281920	214684.P0CN60	195	23
63285173	214684.Q5KGH3	193	25
63281962	214684.P0CO44	193	15
63283981	214684.Q5KCL1	192	40
63284742	214684.Q5KF38	192	35
63286274	214684.Q5KK22	192	23
63287394	214684.Q5KNN5	191	25
63283531	214684.Q5KB39	191	20
63286980	214684.Q5KMB4	190	4
63284046	214684.Q5KCT4	189	14
63286875	214684.Q5KLZ3	189	18
63286647	214684.Q5KL89	189	6
63282481	214684.Q5K7R3	188	21
63285577	214684.Q5KHU5	188	8
63283968	214684.Q5KCJ8	187	27
63283756	214684.Q5KBV8	187	21
63284158	214684.Q5KD58	187	27
63287553	214684.Q5KP62	186	25
63282404	214684.Q5K7H9	186	17
63285825	214684.Q5KIM3	185	31
63287126	214684.Q5KMT1	185	12
63283967	214684.Q5KCJ7	185	4
63285411	214684.Q5KH89	185	17
63282855	214684.Q5K8Y6	185	7
63282529	214684.Q5K7W8	184	4
63287647	214684.Q5KPH0	183	41
63287654	214684.Q5KPH8	182	26
63287098	214684.Q5KMP9	182	6
63286456	214684.Q5KKM1	182	5
63282987	214684.Q5K9D0	180	29
63282119	214684.P0CR60	179	10
63287154	214684.Q5KMX1	179	25
63282487	214684.Q5K7R9	179	8
63285731	214684.Q5KIC2	179	8
63283801	214684.Q5KC08	178	20
63283310	214684.Q5KAE2	178	16
63287116	214684.Q5KMR8	175	22
63285193	214684.Q5KGJ6	175	14
63285042	214684.Q5KG32	174	19
63286820	214684.Q5KLT3	173	19
63284113	214684.Q5KD08	171	53
63286396	214684.Q5KKF3	171	12
63283061	214684.Q5K9L7	171	27
63287784	214684.Q5KPX0	168	23
63283794	214684.Q5KC00	167	40
63286691	214684.Q5KLD7	166	46
63283176	214684.Q5K9Z8	166	10
63282430	214684.Q5K7L0	166	61
63283758	214684.Q5KBW0	165	28
63286646	214684.Q5KL88	165	23
63283043	214684.Q5K9J5	164	45
63286696	214684.Q5KLE4	163	39
63281329	214684.A0A0S2LHZ7	162	15
63283917	214684.Q5KCD9	161	17
63286211	214684.Q5KJV0	161	37
63284792	214684.Q5KF96	161	53
63284271	214684.Q5KDJ7	160	4
63281375	214684.A0A0S2LI74	160	28
63286763	214684.Q5KLM0	159	22
63284394	214684.Q5KDZ6	158	4
63285107	214684.Q5KG99	157	67
63284379	214684.Q5KDX8	157	18
63284082	214684.Q5KCX5	155	18
63281924	214684.P0CN68	155	21
63287005	214684.Q5KME2	155	11
63285835	214684.Q5KIN4	155	26
63284958	214684.Q5KFT2	154	53
63287016	214684.Q5KMF6	153	44
63283442	214684.Q5KAU2	152	11
63283316	214684.Q5KAE9	152	8
63286699	214684.Q5KLE7	151	11
63285940	214684.Q5KIZ5	150	12
63283991	214684.Q5KCM3	149	19
63282237	214684.Q5K6Y4	148	9
63283474	214684.Q5KAX5	148	45
63283001	214684.Q5K9E7	147	15
63282138	214684.P0CR98	147	4
63286306	214684.Q5KK57	147	21
63284793	214684.Q5KF97	147	47
63284327	214684.Q5KDR3	147	21
63286016	214684.Q5KJ82	146	27
63281867	214684.P0CM54	146	4
63286473	214684.Q5KKN8	145	19
63282526	214684.Q5K7W5	145	6
63285648	214684.Q5KI28	144	8
63285269	214684.Q5KGT2	144	30
63281368	214684.A0A0S2LI63	144	7
63284921	214684.Q5KFP2	144	7
63286950	214684.Q5KM82	143	54
63284897	214684.Q5KFL5	143	6
63286290	214684.Q5KK40	142	10
63287142	214684.Q5KMV5	142	16
63284013	214684.Q5KCP7	141	6
63281950	214684.P0CO20	141	13
63283388	214684.Q5KAN0	139	4
63285335	214684.Q5KH04	139	6
63283723	214684.Q5KBS2	138	7
63287559	214684.Q5KP68	138	25
63284338	214684.Q5KDS6	137	1
63284054	214684.Q5KCU2	136	2
63287380	214684.Q5KNM0	136	20
63285714	214684.Q5KIA1	136	16
63286347	214684.Q5KKA1	135	12
63287567	214684.Q5KP78	135	60
63285325	214684.Q5KGZ3	135	19
63285364	214684.Q5KH38	135	21
63287248	214684.Q5KN72	135	7
63285977	214684.Q5KJ42	134	18
63281814	214684.A0A0S2M6D7	134	15
63282459	214684.Q5K7P0	134	23
63286800	214684.Q5KLR3	134	16
63287804	214684.Q5KPZ2	133	17
63285745	214684.Q5KID6	133	15
63286067	214684.Q5KJD8	133	10
63283105	214684.Q5K9R7	132	7
63286625	214684.Q5KL66	131	11
63286743	214684.Q5KLJ6	130	4
63285851	214684.Q5KIQ1	130	27
63286109	214684.Q5KJI4	130	27
63282872	214684.Q5K904	129	3
63287780	214684.Q5KPW6	129	24
63287135	214684.Q5KMU3	129	32
63285943	214684.Q5KIZ9	128	32
63286184	214684.Q5KJS1	128	4
63286528	214684.Q5KKU9	128	1
63283653	214684.Q5KBI6	127	18
63286222	214684.Q5KJW3	127	3
63287858	214684.Q5KQ51	126	10
63285439	214684.Q5KHC0	126	10
63285334	214684.Q5KH03	125	15
63284051	214684.Q5KCT9	125	9
63283462	214684.Q5KAW2	123	10
63285979	214684.Q5KJ44	123	6
63283067	214684.Q5K9M6	123	16
63284369	214684.Q5KDW6	123	3
63282418	214684.Q5K7J3	122	5
63286203	214684.Q5KJU2	122	5
63287021	214684.Q5KMG2	122	15
63286915	214684.Q5KM45	122	8
63284680	214684.Q5KEX0	121	14
63285008	214684.Q5KFZ4	121	21
63282136	214684.P0CR94	120	4
63283948	214684.Q5KCH8	120	11
63285559	214684.Q5KHS3	120	22
63283170	214684.Q5K9Z1	119	5
63285326	214684.Q5KGZ4	119	6
63287246	214684.Q5KN70	118	28
63285475	214684.Q5KHG4	117	1
63287622	214684.Q5KPE2	117	3
63281334	214684.A0A0S2LI04	117	8
63283600	214684.Q5KBC1	117	6
63283318	214684.Q5KAF2	116	11
63285614	214684.Q5KHZ1	115	8
63281966	214684.P0CO52	112	18
63287807	214684.Q5KPZ5	112	9
63283966	214684.Q5KCJ6	112	9
63284123	214684.Q5KD19	111	9
63284571	214684.Q5KEJ6	110	9
63285509	214684.Q5KHK8	110	22
63287637	214684.Q5KPF9	110	12
63287662	214684.Q5KPI6	110	11
63282179	214684.P0CS80	110	10
63286356	214684.Q5KKB1	110	15
63286181	214684.Q5KJR8	110	6
63283634	214684.Q5KBG2	109	15
63283128	214684.Q5K9U3	109	11
63286093	214684.Q5KJG5	109	8
63285586	214684.Q5KHV7	109	22
63287363	214684.Q5KNK3	109	5
63287842	214684.Q5KQ34	108	14
63282039	214684.P0CP98	108	6
63282046	214684.P0CQ12	108	7
63283381	214684.Q5KAM1	107	8
63287552	214684.Q5KP61	107	2
63282715	214684.Q5K8H3	107	9
63285093	214684.Q5KG83	106	8
63287674	214684.Q5KPJ8	106	15
63281892	214684.P0CN04	106	15
63283977	214684.Q5KCK7	106	13
63283670	214684.Q5KBK6	106	33
63285493	214684.Q5KHJ1	106	18
63285608	214684.Q5KHY4	106	16
63286607	214684.Q5KL43	105	9
63286406	214684.Q5KKG3	105	4
63284521	214684.Q5KEE0	104	12
63284719	214684.Q5KF13	104	12
63282298	214684.Q5K756	104	11
63285547	214684.Q5KHQ9	104	10
63284846	214684.Q5KFF8	104	3
63283986	214684.Q5KCL7	103	23
63284192	214684.Q5KDB1	103	5
63281841	214684.P0CM02	102	23
63287900	214684.Q9HFU4	102	11
63287562	214684.Q5KP73	102	13
63282219	214684.Q5K6W5	102	12
63286309	214684.Q5KK60	102	19
63284143	214684.Q5KD43	101	18
63286458	214684.Q5KKM3	101	2
63286366	214684.Q5KKC2	101	10
63282627	214684.Q5K878	99.9	1
63287579	214684.Q5KP95	99.6	5
63281891	214684.P0CN02	98.9	5
63285908	214684.Q5KIW2	98.0	7
63285462	214684.Q5KHE9	97.7	8
63282543	214684.Q5K7Y7	97.4	10
63284902	214684.Q5KFM1	97.2	2
63287013	214684.Q5KMF3	96.5	3
63287294	214684.Q5KNC5	95.9	15
63285605	214684.Q5KHX8	95.8	9
63287783	214684.Q5KPW9	95.2	8
63287496	214684.Q5KP00	95.2	6
63283733	214684.Q5KBT3	94.7	10
63284483	214684.Q5KE94	94.5	19
63284654	214684.Q5KEU2	94.4	6
63286223	214684.Q5KJW4	94.2	8
63284623	214684.Q5KEQ6	93.5	14
63284582	214684.Q5KEK9	93.2	13
63285440	214684.Q5KHC1	93.0	7
63284829	214684.Q5KFD7	92.9	23
63282109	214684.P0CR40	92.6	27
63286135	214684.Q5KJL2	92.3	7
63285550	214684.Q5KHR4	91.9	4
63284387	214684.Q5KDY7	91.8	44
63283823	214684.Q5KC34	91.7	12
63287628	214684.Q5KPF0	91.5	4
63281909	214684.P0CN38	91.3	10
63282100	214684.P0CR22	91.2	34
63284286	214684.Q5KDL3	90.6	13
63286594	214684.Q5KL26	90.6	4
63284550	214684.Q5KEH2	89.7	6
63283168	214684.Q5K9Y9	89.5	12
63287464	214684.Q5KNW6	89.4	13
63281997	214684.P0CP14	89.2	8
63287455	214684.Q5KNV6	89.0	4
63285617	214684.Q5KHZ4	88.9	13
63283885	214684.Q5KCA3	88.7	7
63284770	214684.Q5KF72	88.5	4
63284067	214684.Q5KCV8	88.2	4
63282108	214684.P0CR38	87.6	22
63285897	214684.Q5KIV1	87.4	9
63286542	214684.Q5KKW4	87.4	6
63282348	214684.Q5K7B4	87.1	27
63286295	214684.Q5KK45	86.4	13
63283938	214684.Q5KCG5	86.3	14
63285610	214684.Q5KHY6	86.3	16
63282862	214684.Q5K8Z3	86.2	10
63281929	214684.P0CN78	85.8	2
63282180	214684.P0CS95	85.6	6
63286864	214684.Q5KLY2	85.4	15
63283204	214684.Q5KA27	85.2	11
63282075	214684.P0CQ72	85.2	13
63286482	214684.Q5KKQ0	84.7	15
63286426	214684.Q5KKI6	84.5	12
63285189	214684.Q5KGJ1	84.3	8
63283384	214684.Q5KAM4	84.3	13
63285834	214684.Q5KIN3	84.0	3
63283178	214684.Q5KA00	83.5	6
63284579	214684.Q5KEK6	83.5	49
63282761	214684.Q5K8M3	83.3	3
63282628	214684.Q5K879	83.2	12
63283039	214684.Q5K9I8	83.2	14
63284441	214684.Q5KE49	83.0	6
63284944	214684.Q5KFR7	82.4	8
63284179	214684.Q5KD80	82.0	8
63285797	214684.Q5KIJ1	81.9	5
63282908	214684.Q5K946	81.9	9
63285040	214684.Q5KG30	81.9	20
63287769	214684.Q5KPV3	81.9	19
63286807	214684.Q5KLS0	81.9	8
63286098	214684.Q5KJH2	81.8	19
63286283	214684.Q5KK33	81.5	16
63285590	214684.Q5KHW1	81.2	13
63287071	214684.Q5KML8	81.0	8
63286732	214684.Q5KLI3	80.5	22
63285423	214684.Q5KHA2	80.5	5
63286241	214684.Q5KJY4	80.5	9
63282465	214684.Q5K7P7	80.5	15
63282137	214684.P0CR96	80.1	2
63283992	214684.Q5KCM4	80.1	14
63286989	214684.Q5KMC3	80.0	6
63286229	214684.Q5KJX0	79.6	22
63285774	214684.Q5KIG6	79.4	5
63284956	214684.Q5KFT0	79.0	3
63287109	214684.Q5KMR1	78.8	4
63285913	214684.Q5KIW7	78.6	4
63286535	214684.Q5KKV6	78.5	11
63282096	214684.P0CR14	78.2	9
63281769	214684.A0A0S2M650	77.4	1
63281370	214684.A0A0S2LI66	77.2	10
63287347	214684.Q5KNI6	76.7	5
63283109	214684.Q5K9S1	75.9	2
63284683	214684.Q5KEX3	75.7	14
63287150	214684.Q5KMW4	75.5	8
63286733	214684.Q5KLI4	75.0	10
63283206	214684.Q5KA29	74.5	43
63282865	214684.Q5K8Z7	74.3	7
63287342	214684.Q5KNI1	74.1	8
63284544	214684.Q5KEG6	74.0	20
63287262	214684.Q5KN88	74.0	10
63286826	214684.Q5KLT9	73.8	9
63282868	214684.Q5K900	73.7	2
63282750	214684.Q5K8L1	73.6	3
63286277	214684.Q5KK26	73.0	2
63282005	214684.P0CP30	73.0	13
63283237	214684.Q5KA63	72.7	45
63282157	214684.P0CS36	72.3	7
63283195	214684.Q5KA18	72.3	11
63283290	214684.Q5KAC2	71.1	16
63282523	214684.Q5K7W2	70.9	5
63285953	214684.Q5KJ09	70.7	5
63282102	214684.P0CR26	70.6	12
63285222	214684.Q5KGM8	70.4	4
63284796	214684.Q5KFA0	70.4	8
63282303	214684.Q5K761	70.3	13
63286204	214684.Q5KJU3	70.2	14
63283068	214684.Q5K9M8	70.1	13
63286395	214684.Q5KKF2	70.0	3
63285272	214684.Q5KGT6	69.8	9
63282366	214684.Q5K7D5	69.5	4
63284294	214684.Q5KDM3	69.5	4
63286822	214684.Q5KLT5	69.3	6
63286839	214684.Q5KLV5	69.1	14
63285868	214684.Q5KIR8	69.1	2
63286467	214684.Q5KKN2	69.0	9
63287189	214684.Q5KN07	68.6	3
63285083	214684.Q5KG73	68.5	11
63285211	214684.Q5KGL6	68.5	14
63283433	214684.Q5KAT3	67.7	16
63282521	214684.Q5K7W0	67.3	12
63286776	214684.Q5KLN8	67.2	7
63286792	214684.Q5KLQ4	67.0	7
63284496	214684.Q5KEA8	67.0	11
63282058	214684.P0CQ36	66.6	12
63283330	214684.Q5KAG4	66.2	10
63287671	214684.Q5KPJ5	65.9	14
63284163	214684.Q5KD64	65.7	5
63287682	214684.Q5KPK7	65.5	9
63281931	214684.P0CN82	65.4	18
63286698	214684.Q5KLE6	65.1	3
63285265	214684.Q5KGS8	64.9	4
63282504	214684.Q5K7U1	64.7	4
63286113	214684.Q5KJI8	64.4	11
63284148	214684.Q5KD48	64.4	9
63287365	214684.Q5KNK5	64.3	5
63285942	214684.Q5KIZ8	64.3	5
63286147	214684.Q5KJM9	64.3	3
63283473	214684.Q5KAX4	64.2	13
63286812	214684.Q5KLS5	64.0	17
63286262	214684.Q5KK09	63.9	15
63282428	214684.Q5K7K5	63.7	15
63282515	214684.Q5K7V3	63.6	19
63283563	214684.Q5KB75	63.5	7
63281837	214684.P0CL94	63.5	8
63282263	214684.Q5K716	63.5	5
63285832	214684.Q5KIN0	63.3	12
63284114	214684.Q5KD09	63.1	8
63282154	214684.P0CS30	62.8	5
63286675	214684.Q5KLC1	62.6	5
63282028	214684.P0CP76	62.2	8
63287272	214684.Q5KNA0	62.0	13
63282735	214684.Q5K8J3	61.8	10
63286946	214684.Q5KM78	61.7	8
63286933	214684.Q5KM64	61.0	21
63283187	214684.Q5KA10	60.9	24
63286379	214684.Q5KKD5	60.7	7
63284467	214684.Q5KE78	60.5	3
63284692	214684.Q5KEY3	60.4	10
63287424	214684.Q5KNS1	60.1	11
63282356	214684.Q5K7C3	60.1	9
63284877	214684.Q5KFJ4	60.0	12
63284292	214684.Q5KDM0	59.9	5
63287214	214684.Q5KN34	59.6	7
63287823	214684.Q5KQ12	59.3	4
63286558	214684.Q5KKY6	59.2	9
63286336	214684.Q5KK90	58.7	12
63282772	214684.Q5K8N7	58.6	8
63284140	214684.Q5KD38	58.3	7
63282101	214684.P0CR24	58.2	1
63284682	214684.Q5KEX2	57.9	5
63284443	214684.Q5KE51	57.7	7
63287652	214684.Q5KPH6	57.5	2
63287119	214684.Q5KMS2	57.4	1
63287788	214684.Q5KPX4	57.4	2
63283307	214684.Q5KAD9	57.0	6
63286282	214684.Q5KK31	57.0	1
63284548	214684.Q5KEH0	56.8	3
63284781	214684.Q5KF85	56.7	4
63284371	214684.Q5KDW8	56.4	7
63287268	214684.Q5KN95	56.3	7
63282699	214684.Q5K8F7	56.2	10
63284175	214684.Q5KD76	56.2	3
63287882	214684.Q5KQ79	55.7	13
63283792	214684.Q5KBZ8	55.7	4
63286789	214684.Q5KLQ1	55.1	11
63286145	214684.Q5KJM7	55.1	3
63282160	214684.P0CS42	55.0	7
63286428	214684.Q5KKI9	54.9	8
63284822	214684.Q5KFC9	54.7	43
63284313	214684.Q5KDP7	54.7	3
63284980	214684.Q5KFV8	54.7	6
63285118	214684.Q5KGB4	54.3	3
63286705	214684.Q5KLF4	54.0	3
63283795	214684.Q5KC01	53.7	16
63283409	214684.Q5KAQ2	53.6	11
63287829	214684.Q5KQ18	53.5	3
63282210	214684.Q5K6V6	53.0	7
63283340	214684.Q5KAH5	52.9	21
63286804	214684.Q5KLR7	52.9	6
63287130	214684.Q5KMT7	52.6	5
63281952	214684.P0CO24	52.5	1
63282549	214684.Q5K7Z3	52.4	6
63286737	214684.Q5KLI9	52.2	10
63287354	214684.Q5KNJ3	52.1	17
63285309	214684.Q5KGX5	51.8	2
63287659	214684.Q5KPI3	51.8	10
63287497	214684.Q5KP01	51.3	8
63285643	214684.Q5KI23	51.0	1
63286914	214684.Q5KM44	51.0	2
63284704	214684.Q5KEZ6	50.6	6
63284716	214684.Q5KF10	50.6	1
63282164	214684.P0CS50	50.5	5
63287090	214684.Q5KMP0	50.2	11
63285372	214684.Q5KH47	49.8	2
63284150	214684.Q5KD50	49.8	11
63286136	214684.Q5KJL4	49.7	2
63283042	214684.Q5K9J3	49.6	10
63284729	214684.Q5KF23	49.5	3
63285435	214684.Q5KHB5	49.5	10
63285857	214684.Q5KIQ7	49.3	11
63286140	214684.Q5KJM0	49.1	4
63286205	214684.Q5KJU4	49.0	6
63285657	214684.Q5KI37	48.8	7
63287506	214684.Q5KP11	48.8	6
63282024	214684.P0CP68	48.5	4
63285437	214684.Q5KHB8	48.3	2
63286578	214684.Q5KL07	48.2	2
63286324	214684.Q5KK78	48.0	8
63286760	214684.Q5KLL6	47.9	3
63285184	214684.Q5KGI5	47.9	2
63283205	214684.Q5KA28	47.8	8
63286030	214684.Q5KJ97	47.7	9
63287327	214684.Q5KNG6	47.6	6
63281913	214684.P0CN46	47.6	10
63287137	214684.Q5KMU8	47.1	9
63283902	214684.Q5KCC0	47.0	5
63283549	214684.Q5KB57	46.9	6
63285905	214684.Q5KIV9	46.8	6
63286055	214684.Q5KJC4	46.7	8
63284278	214684.Q5KDK5	46.7	13
63282538	214684.Q5K7Y2	46.6	3
63282756	214684.Q5K8L7	46.5	5
63283283	214684.Q5KAB5	46.5	29
63281944	214684.P0CO08	46.2	15
63286148	214684.Q5KJN0	45.9	6
63282878	214684.Q5K912	45.8	3
63285289	214684.Q5KGV5	45.6	10
63287649	214684.Q5KPH3	45.1	7
63286537	214684.Q5KKV8	44.4	12
63285846	214684.Q5KIP5	44.3	7
63281373	214684.A0A0S2LI70	43.9	1
63285460	214684.Q5KHE7	43.9	4
63281828	214684.F5HCX1	43.9	12
63285655	214684.Q5KI35	43.8	4
63285757	214684.Q5KIE8	43.6	1
63286757	214684.Q5KLL3	43.5	3
63284346	214684.Q5KDT5	43.5	4
63287222	214684.Q5KN43	43.1	1
63282380	214684.Q5K7F0	43.1	13
63286561	214684.Q5KKZ0	42.9	5
63281448	214684.A0A0S2LIH9	42.6	3
63287831	214684.Q5KQ20	42.4	6
63282745	214684.Q5K8K6	41.7	4
63282007	214684.P0CP34	41.7	14
63286752	214684.Q5KLK7	41.4	6
63285552	214684.Q5KHR6	41.4	4
63286609	214684.Q5KL46	41.4	10
63281481	214684.A0A0S2LIM1	41.3	2
63285637	214684.Q5KI17	41.2	14
63286424	214684.Q5KKI4	41.1	3
63287194	214684.Q5KN12	40.9	7
63283762	214684.Q5KBW5	40.2	9
63282733	214684.Q5K8J1	40.2	12
63284825	214684.Q5KFD3	39.8	2
63282311	214684.Q5K772	39.8	4
63282029	214684.P0CP78	39.4	4
63283390	214684.Q5KAN2	39.1	5
63282455	214684.Q5K7N6	38.5	2
63282689	214684.Q5K8E7	38.1	5
63286210	214684.Q5KJU9	38.1	4
63281914	214684.P0CN48	38.1	8
63282879	214684.Q5K913	37.9	3
63287164	214684.Q5KMY1	37.7	2
63286318	214684.Q5KK71	37.6	9
63286680	214684.Q5KLC6	37.5	6
63282751	214684.Q5K8L2	37.4	4
63282031	214684.P0CP82	37.2	2
63282324	214684.Q5K788	37.1	3
63287279	214684.Q5KNA9	36.9	4
63285387	214684.Q5KH62	36.8	5
63285596	214684.Q5KHW9	36.7	6
63282972	214684.Q5K9B2	36.2	8
63283510	214684.Q5KB16	35.8	2
63285360	214684.Q5KH32	35.7	12
63286167	214684.Q5KJP9	35.6	4
63284757	214684.Q5KF56	35.4	1
63284905	214684.Q5KFM4	35.2	6
63283488	214684.Q5KAZ1	35.1	3
63286860	214684.Q5KLX7	35.0	6
63282594	214684.Q5K844	34.9	3
63282731	214684.Q5K8I9	34.9	5
63283747	214684.Q5KBU8	34.9	2
63287711	214684.Q5KPN7	34.7	4
63286755	214684.Q5KLL0	34.3	5
63282068	214684.P0CQ58	34.3	2
63284674	214684.Q5KEW3	34.2	11
63283516	214684.Q5KB22	34.1	3
63286718	214684.Q5KLG9	34.1	5
63286516	214684.Q5KKT6	33.7	2
63287890	214684.Q5KQ92	33.7	1
63284973	214684.Q5KFU9	33.7	1
63284102	214684.Q5KCZ7	33.6	1
63282926	214684.Q5K964	33.6	8
63282985	214684.Q5K9C8	33.4	3
63285087	214684.Q5KG77	33.2	11
63283511	214684.Q5KB17	33.1	5
63285767	214684.Q5KIF8	33.1	2
63285338	214684.Q5KH08	33.0	3
63287830	214684.Q5KQ19	32.9	9
63285580	214684.Q5KHU8	32.9	5
63283878	214684.Q5KC94	32.8	10
63283361	214684.Q5KAJ9	32.8	5
63282530	214684.Q5K7X0	32.7	8
63285386	214684.Q5KH61	32.3	5
63285395	214684.Q5KH70	32.3	6
63282777	214684.Q5K8P2	32.2	5
63286043	214684.Q5KJB0	32.2	4
63287041	214684.Q5KMI3	31.7	6
63287039	214684.Q5KMI1	31.7	8
63281857	214684.P0CM34	31.7	5
63283831	214684.Q5KC42	31.6	8
63285201	214684.Q5KGK6	31.2	2
63286758	214684.Q5KLL4	31.2	2
63281906	214684.P0CN32	31.2	7
63284887	214684.Q5KFK4	31.1	6
63285615	214684.Q5KHZ2	31.1	6
63285644	214684.Q5KI24	31.0	2
63285666	214684.Q5KI46	31.0	8
63283358	214684.Q5KAJ5	31.0	3
63287066	214684.Q5KML2	30.6	7
63286569	214684.Q5KKZ8	30.6	4
63286929	214684.Q5KM60	30.6	1
63281739	214684.A0A0S2M615	30.5	4
63283339	214684.Q5KAH4	30.3	10
63285566	214684.Q5KHT1	30.2	4
63283548	214684.Q5KB56	30.2	7
63285058	214684.Q5KG48	30.1	5
63286945	214684.Q5KM77	30.0	4
63281780	214684.A0A0S2M663	30.0	1
63284427	214684.Q5KE34	29.9	5
63284555	214684.Q5KEH7	29.9	9
63287058	214684.Q5KMK4	29.6	4
63287732	214684.Q5KPR1	29.6	4
63286695	214684.Q5KLE3	29.5	5
63282935	214684.Q5K974	29.4	2
63283400	214684.Q5KAP2	29.4	5
63286866	214684.Q5KLY4	29.4	1
63284652	214684.Q5KEU0	29.3	2
63286686	214684.Q5KLD2	29.0	4
63287229	214684.Q5KN51	28.8	2
63287403	214684.Q5KNQ0	28.7	1
63286795	214684.Q5KLQ7	28.5	1
63285436	214684.Q5KHB6	28.4	2
63286973	214684.Q5KMA7	28.4	3
63282098	214684.P0CR18	28.4	3
63284733	214684.Q5KF28	28.4	1
63283945	214684.Q5KCH4	28.3	1
63283063	214684.Q5K9M0	28.0	2
63283425	214684.Q5KAS4	27.9	6
63282797	214684.Q5K8R6	27.8	6
63285819	214684.Q5KIL7	27.8	4
63283886	214684.Q5KCA4	27.8	6
63285350	214684.Q5KH20	27.7	2
63286129	214684.Q5KJK6	27.7	4
63282132	214684.P0CR86	27.7	8
63286751	214684.Q5KLK6	27.6	1
63284367	214684.Q5KDW3	27.6	5
63282764	214684.Q5K8M7	27.6	2
63283450	214684.Q5KAV0	27.5	5
63281420	214684.A0A0S2LID5	27.4	8
63285317	214684.Q5KGY4	27.4	3
63283378	214684.Q5KAL7	27.4	4
63286260	214684.Q5KK07	27.2	7
63284879	214684.Q5KFJ6	27.2	9
63282152	214684.P0CS26	27.2	4
63285798	214684.Q5KIJ2	27.1	2
63285086	214684.Q5KG76	27.1	3
63287578	214684.Q5KP94	27.1	8
63281916	214684.P0CN52	27.0	2
63284359	214684.Q5KDV3	26.9	12
63284863	214684.Q5KFH8	26.8	4
63285164	214684.Q5KGG3	26.5	12
63283391	214684.Q5KAN3	26.5	3
63285422	214684.Q5KHA1	26.3	3
63282706	214684.Q5K8G4	26.3	1
63282586	214684.Q5K835	26.3	2
63286970	214684.Q5KMA4	26.3	9
63282003	214684.P0CP26	26.3	5
63286791	214684.Q5KLQ3	26.2	1
63281684	214684.A0A0S2M5U5	26.2	2
63284972	214684.Q5KFU8	26.2	5
63284648	214684.Q5KET5	26.2	14
63286930	214684.Q5KM61	26.1	2
63287415	214684.Q5KNR2	26.0	3
63282811	214684.Q5K8T0	25.9	1
63286160	214684.Q5KJP2	25.8	2
63284202	214684.Q5KDC2	25.8	4
63282792	214684.Q5K8Q9	25.6	6
63286857	214684.Q5KLX4	25.5	4
63283259	214684.Q5KA86	25.4	2
63287722	214684.Q5KPQ1	25.4	1
63282738	214684.Q5K8J6	25.2	4
63282759	214684.Q5K8M0	25.2	3
63285681	214684.Q5KI64	25.1	4
63285224	214684.Q5KGN0	25.1	4
63282460	214684.Q5K7P1	25.0	7
63286077	214684.Q5KJE8	24.5	2
63287468	214684.Q5KNX0	24.3	4
63281785	214684.A0A0S2M670	23.8	1
63281911	214684.P0CN42	23.7	7
63286662	214684.Q5KLA5	23.6	3
63286557	214684.Q5KKY5	23.5	1
63282518	214684.Q5K7V7	23.5	2
63284802	214684.Q5KFA7	23.5	6
63283993	214684.Q5KCM6	23.4	2
63285178	214684.Q5KGH8	23.3	10
63285220	214684.Q5KGM6	23.2	4
63283524	214684.Q5KB32	23.2	2
63283459	214684.Q5KAV9	23.1	5
63283141	214684.Q5K9V7	23.1	7
63281488	214684.A0A0S2LIN0	23.0	2
63282202	214684.Q5K6U7	23.0	2
63285804	214684.Q5KIJ9	23.0	9
63286492	214684.Q5KKR0	22.9	4
63285954	214684.Q5KJ10	22.9	4
63285792	214684.Q5KII6	22.8	2
63284979	214684.Q5KFV7	22.7	1
63286239	214684.Q5KJY2	22.6	1
63286525	214684.Q5KKU6	22.5	3
63283739	214684.Q5KBU0	22.5	2
63281582	214684.A0A0S2LIZ6	22.5	1
63285399	214684.Q5KH75	22.4	3
63287777	214684.Q5KPW3	22.4	3
63281982	214684.P0CO84	22.3	1
63282952	214684.Q5K991	22.2	2
63283406	214684.Q5KAP9	22.2	3
63285290	214684.Q5KGV6	22.0	2
63287640	214684.Q5KPG2	22.0	4
63284083	214684.Q5KCX6	21.9	2
63286553	214684.Q5KKX9	21.8	4
63284449	214684.Q5KE57	21.7	6
63287691	214684.Q5KPL6	21.7	4
63287312	214684.Q5KNE6	21.6	5
63286166	214684.Q5KJP8	21.6	2
63284689	214684.Q5KEY0	21.5	4
63282942	214684.Q5K981	21.5	3
63286091	214684.Q5KJG3	21.4	1
63285190	214684.Q5KGJ2	21.3	1
63285307	214684.Q5KGX3	21.2	1
63282467	214684.Q5K7P9	21.2	3
63286596	214684.Q5KL28	20.9	3
63282995	214684.Q5K9D8	20.9	2
63287583	214684.Q5KP99	20.8	2
63284100	214684.Q5KCZ5	20.8	1
63282540	214684.Q5K7Y4	20.7	4
63286072	214684.Q5KJE3	20.6	3
63286748	214684.Q5KLK2	20.6	3
63286280	214684.Q5KK29	20.5	6
63287560	214684.Q5KP70	20.5	3
63286139	214684.Q5KJL8	20.5	3
63282082	214684.P0CQ86	20.5	4
63284451	214684.Q5KE59	20.3	4
63284157	214684.Q5KD57	20.2	4
63283536	214684.Q5KB44	20.2	3
63285702	214684.Q5KI87	20.1	13
63283522	214684.Q5KB29	20.1	2
63285952	214684.Q5KJ08	20.1	2
63285357	214684.Q5KH27	20.0	9
63286387	214684.Q5KKE3	19.9	8
63287125	214684.Q5KMT0	19.9	3
63282409	214684.Q5K7I4	19.9	1
63285817	214684.Q5KIL5	19.8	4
63287087	214684.Q5KMN7	19.8	3
63282274	214684.Q5K729	19.7	2
63282126	214684.P0CR74	19.7	4
63284669	214684.Q5KEV8	19.7	8
63287533	214684.Q5KP40	19.6	5
63286899	214684.Q5KM27	19.6	3
63282156	214684.P0CS34	19.6	3
63281596	214684.A0A0S2LJ32	19.5	1
63283718	214684.Q5KBR7	19.5	2
63283161	214684.Q5K9Y2	19.5	1
63283480	214684.Q5KAY1	19.4	1
63285198	214684.Q5KGK2	19.3	4
63287259	214684.Q5KN85	19.3	7
63283023	214684.Q5K9H1	19.3	4
63284854	214684.Q5KFG8	19.3	1
63284614	214684.Q5KEP7	19.2	4
63285088	214684.Q5KG78	19.2	2
63282239	214684.Q5K6Y6	19.2	3
63284950	214684.Q5KFS4	19.2	2
63282770	214684.Q5K8N4	19.1	2
63286433	214684.Q5KKJ4	19.0	1
63284782	214684.Q5KF86	19.0	1
63283498	214684.Q5KB03	18.9	3
63285795	214684.Q5KII9	18.9	4
63287006	214684.Q5KME4	18.8	4
63286116	214684.Q5KJJ1	18.7	7
63284239	214684.Q5KDG0	18.6	3
63287313	214684.Q5KNE7	18.6	8
63285012	214684.Q5KFZ8	18.5	2
63285623	214684.Q5KI01	18.5	2
63282544	214684.Q5K7Y8	18.5	2
63284226	214684.Q5KDE6	18.4	4
63284725	214684.Q5KF19	18.4	4
63284470	214684.Q5KE81	18.3	2
63286576	214684.Q5KL05	18.3	5
63283329	214684.Q5KAG3	17.9	1
63282018	214684.P0CP56	17.9	2
63281958	214684.P0CO36	17.9	1
63282036	214684.P0CP92	17.7	3
63284145	214684.Q5KD45	17.7	2
63283851	214684.Q5KC64	17.5	3
63283819	214684.Q5KC30	17.4	2
63286782	214684.Q5KLP4	17.3	2
63285367	214684.Q5KH41	17.2	1
63282027	214684.P0CP74	17.2	2
63282087	214684.P0CQ96	17.2	3
63283727	214684.Q5KBS6	17.1	1
63283431	214684.Q5KAT1	17.1	19
63284960	214684.Q5KFT4	17.1	2
63285170	214684.Q5KGH0	17.0	1
63283644	214684.Q5KBH3	17.0	1
63282749	214684.Q5K8L0	17.0	2
63284390	214684.Q5KDZ1	17.0	4
63281898	214684.P0CN16	16.8	1
63282558	214684.Q5K804	16.8	1
63287193	214684.Q5KN11	16.7	1
63282188	214684.Q5K6T2	16.7	2
63285345	214684.Q5KH15	16.6	5
63284780	214684.Q5KF83	16.6	4
63287387	214684.Q5KNM8	16.6	1
63285758	214684.Q5KIE9	16.6	2
63285153	214684.Q5KGF2	16.5	3
63285416	214684.Q5KH94	16.5	2
63284340	214684.Q5KDS9	16.5	3
63282877	214684.Q5K911	16.4	7
63283554	214684.Q5KB63	16.3	3
63286769	214684.Q5KLM7	16.1	1
63282992	214684.Q5K9D5	16.1	2
63283584	214684.Q5KBA1	16.1	1
63282347	214684.Q5K7B3	16.0	2
63283837	214684.Q5KC49	16.0	1
63287316	214684.Q5KNF1	15.9	3
63281870	214684.P0CM60	15.9	2
63283556	214684.Q5KB65	15.9	4
63286617	214684.Q5KL58	15.7	3
63287794	214684.Q5KPY2	15.7	2
63284187	214684.Q5KD98	15.7	7
63284413	214684.Q5KE18	15.7	3
63282077	214684.P0CQ76	15.7	2
63282503	214684.Q5K7U0	15.6	5
63285736	214684.Q5KIC7	15.5	2
63285391	214684.Q5KH66	15.5	1
63284598	214684.Q5KEM9	15.4	2
63285253	214684.Q5KGR4	15.4	3
63285408	214684.Q5KH86	15.4	2
63286640	214684.Q5KL82	15.4	1
63283839	214684.Q5KC51	15.3	2
63287207	214684.Q5KN26	15.3	1
63285755	214684.Q5KIE6	15.2	1
63284439	214684.Q5KE47	15.2	1
63281850	214684.P0CM20	15.1	2
63285400	214684.Q5KH76	15.1	2
63287502	214684.Q5KP07	15.1	2
63284860	214684.Q5KFH4	15.0	1
63283562	214684.Q5KB74	15.0	1
63286897	214684.Q5KM25	14.8	2
63285383	214684.Q5KH58	14.7	4
63287235	214684.Q5KN57	14.6	2
63285914	214684.Q5KIW8	14.6	2
63287726	214684.Q5KPQ5	14.6	3
63282412	214684.Q5K7I7	14.6	1
63282129	214684.P0CR80	14.5	1
63287101	214684.Q5KMQ2	14.4	5
63285632	214684.Q5KI11	14.4	2
63286253	214684.Q5KJZ9	14.4	1
63285949	214684.Q5KJ05	14.3	1
63287733	214684.Q5KPR2	14.1	1
63282850	214684.Q5K8Y0	14.1	2
63282856	214684.Q5K8Y7	14.1	2
63286419	214684.Q5KKH8	14.1	5
63287759	214684.Q5KPU2	14.0	2
63286552	214684.Q5KKX8	13.9	2
63283196	214684.Q5KA19	13.9	1
63283628	214684.Q5KBF6	13.9	4
63282891	214684.Q5K926	13.8	3
63287196	214684.Q5KN14	13.8	1
63287034	214684.Q5KMH6	13.7	1
63284331	214684.Q5KDR8	13.7	3
63284621	214684.Q5KEQ4	13.7	2
63283688	214684.Q5KBM9	13.7	1
63286270	214684.Q5KK18	13.7	1
63284077	214684.Q5KCX0	13.5	1
63285136	214684.Q5KGD3	13.5	1
63283926	214684.Q5KCE8	13.4	1
63286363	214684.Q5KKB8	13.3	4
63286809	214684.Q5KLS2	13.2	2
63287060	214684.Q5KMK6	13.1	1
63284058	214684.Q5KCU7	13.1	1
63287534	214684.Q5KP41	12.8	3
63283765	214684.Q5KBW8	12.8	1
63282849	214684.Q5K8X8	12.8	3
63282328	214684.Q5K792	12.7	1
63287739	214684.Q5KPR8	12.7	1
63282437	214684.Q5K7L8	12.6	2
63282032	214684.P0CP84	12.5	1
63284701	214684.Q5KEZ3	12.4	2
63287529	214684.Q5KP36	12.4	1
63287123	214684.Q5KMS7	12.3	3
63284055	214684.Q5KCU3	12.3	2
63287075	214684.Q5KMM2	12.2	2
63282248	214684.Q5K6Z8	12.2	4
63287728	214684.Q5KPQ7	12.1	1
63282841	214684.Q5K8W6	12.1	1
63284828	214684.Q5KFD6	12.0	7
63283153	214684.Q5K9X2	12.0	5
63282271	214684.Q5K726	12.0	1
63287776	214684.Q5KPW2	11.9	9
63282683	214684.Q5K8E1	11.9	2
63281315	214684.A0A0S2LHW7	11.8	1
63286882	214684.Q5KM04	11.8	2
63281895	214684.P0CN10	11.7	1
63283664	214684.Q5KBK0	11.7	2
63282562	214684.Q5K809	11.7	4
63287874	214684.Q5KQ68	11.7	3
63282447	214684.Q5K7M8	11.6	2
63285384	214684.Q5KH59	11.5	1
63282000	214684.P0CP20	11.5	2
63284251	214684.Q5KDH3	11.3	3
63286739	214684.Q5KLJ1	11.3	1
63282241	214684.Q5K6Y9	11.3	2
63281965	214684.P0CO50	11.2	2
63283915	214684.Q5KCD7	11.1	1
63285130	214684.Q5KGC7	11.1	1
63283899	214684.Q5KCB7	11.0	1
63285907	214684.Q5KIW1	11.0	1
63283181	214684.Q5KA03	11.0	1
63286883	214684.Q5KM06	10.8	2
63284983	214684.Q5KFW1	10.8	2
63284260	214684.Q5KDI3	10.8	2
63287573	214684.Q5KP84	10.7	2
63283693	214684.Q5KBN4	10.7	2
63287426	214684.Q5KNS3	10.7	1
63287719	214684.Q5KPP7	10.7	2
63282519	214684.Q5K7V8	10.7	1
63283166	214684.Q5K9Y7	10.6	2
63282485	214684.Q5K7R7	10.6	2
63283719	214684.Q5KBR8	10.6	1
63282011	214684.P0CP42	10.6	2
63287832	214684.Q5KQ22	10.5	3
63286938	214684.Q5KM69	10.5	1
63285639	214684.Q5KI19	10.5	2
63287433	214684.Q5KNT1	10.4	2
63284245	214684.Q5KDG7	10.4	1
63285432	214684.Q5KHB2	10.3	1
63282939	214684.Q5K978	10.3	5
63284222	214684.Q5KDE2	10.3	1
63283591	214684.Q5KBB0	10.3	1
63286437	214684.Q5KKJ8	10.3	1
63284392	214684.Q5KDZ3	10.3	2
63283280	214684.Q5KAB1	10.2	3
63283517	214684.Q5KB24	10.2	2
63284274	214684.Q5KDK0	10.2	4
63281893	214684.P0CN06	10.2	1
63287841	214684.Q5KQ33	10.2	2
63285163	214684.Q5KGG2	10.1	3
63284873	214684.Q5KFI9	10.1	2
63282976	214684.Q5K9B7	9.98	1
63286531	214684.Q5KKV2	9.96	1
63285793	214684.Q5KII7	9.96	2
63281851	214684.P0CM22	9.95	7
63283627	214684.Q5KBF4	9.9	1
63282023	214684.P0CP66	9.9	2
63283996	214684.Q5KCN0	9.84	2
63286679	214684.Q5KLC5	9.8	1
63287355	214684.Q5KNJ4	9.79	1
63281508	214684.A0A0S2LIQ7	9.72	1
63284325	214684.Q5KDR1	9.67	1
63284240	214684.Q5KDG1	9.67	1
63284032	214684.Q5KCR9	9.64	1
63281831	214684.F5HGW3	9.63	1
63286639	214684.Q5KL81	9.54	1
63287664	214684.Q5KPI8	9.52	1
63283544	214684.Q5KB52	9.45	1
63287531	214684.Q5KP38	9.45	1
63282015	214684.P0CP50	9.41	1
63282921	214684.Q5K959	9.35	1
63287440	214684.Q5KNU1	9.33	2
63286150	214684.Q5KJN2	9.25	2
63282406	214684.Q5K7I1	9.19	1
63285077	214684.Q5KG67	9.16	2
63284935	214684.Q5KFQ7	9.12	1
63282081	214684.P0CQ84	9.1	2
63287290	214684.Q5KNC0	9.04	1
63287190	214684.Q5KN08	9.0	1
63283684	214684.Q5KBM5	9.0	1
63287201	214684.Q5KN19	8.98	2
63285241	214684.Q5KGQ0	8.98	1
63285740	214684.Q5KID1	8.96	2
63284455	214684.Q5KE64	8.96	9
63287871	214684.Q5KQ65	8.91	3
63285581	214684.Q5KHU9	8.82	2
63282053	214684.P0CQ26	8.74	1
63284660	214684.Q5KEU9	8.71	2
63286601	214684.Q5KL36	8.66	1
63287886	214684.Q5KQ87	8.66	2
63282966	214684.Q5K9A6	8.54	1
63282280	214684.Q5K736	8.54	1
63281847	214684.P0CM14	8.51	1
63283788	214684.Q5KBZ4	8.48	1
63285402	214684.Q5KH78	8.47	1
63283784	214684.Q5KBZ0	8.45	3
63283669	214684.Q5KBK5	8.44	2
63283030	214684.Q5K9H8	8.34	5
63283035	214684.Q5K9I3	8.34	2
63284103	214684.Q5KCZ8	8.27	1
63282744	214684.Q5K8K4	8.26	3
63287103	214684.Q5KMQ5	8.24	1
63287592	214684.Q5KPA9	8.23	1
63282365	214684.Q5K7D4	8.2	1
63283127	214684.Q5K9U1	8.11	1
63282355	214684.Q5K7C2	8.11	1
63281933	214684.P0CN86	8.08	3
63287624	214684.Q5KPE4	8.08	1
63284791	214684.Q5KF95	8.07	1
63282853	214684.Q5K8Y4	8.06	1
63285698	214684.Q5KI82	8.02	1
63285280	214684.Q5KGU6	8.01	1
63284804	214684.Q5KFA9	8.0	1
63287428	214684.Q5KNS5	7.95	2
63285123	214684.Q5KGB9	7.89	1
63285261	214684.Q5KGS2	7.88	1
63287033	214684.Q5KMH5	7.83	2
63285177	214684.Q5KGH7	7.81	1
63283383	214684.Q5KAM3	7.8	1
63282816	214684.Q5K8T6	7.76	1
63286010	214684.Q5KJ75	7.74	1
63285911	214684.Q5KIW5	7.67	1
63287746	214684.Q5KPS6	7.56	1
63286316	214684.Q5KK69	7.52	1
63284763	214684.Q5KF64	7.39	1
63283519	214684.Q5KB26	7.39	1
63285959	214684.Q5KJ16	7.37	1
63282163	214684.P0CS48	7.33	1
63284658	214684.Q5KEU6	7.33	1
63282703	214684.Q5K8G1	7.26	1
63282896	214684.Q5K932	7.24	1
63281990	214684.P0CP00	7.1	3
63287138	214684.Q5KMV0	7.09	1
63284809	214684.Q5KFB5	7.08	2
63285434	214684.Q5KHB4	7.05	3
63286986	214684.Q5KMC0	7.05	1
63287157	214684.Q5KMX4	7.03	1
63282775	214684.Q5K8P0	6.99	2
63285330	214684.Q5KGZ9	6.98	1
63285561	214684.Q5KHS6	6.97	1
63283659	214684.Q5KBJ3	6.96	1
63286448	214684.Q5KKL0	6.95	2
63285555	214684.Q5KHR9	6.94	1
63286658	214684.Q5KLA1	6.91	1
63285503	214684.Q5KHK2	6.87	1
63285968	214684.Q5KJ25	6.86	2
63283020	214684.Q5K9G7	6.86	1
63286441	214684.Q5KKK2	6.84	1
63287452	214684.Q5KNV3	6.81	1
63287775	214684.Q5KPW1	6.78	2
63282747	214684.Q5K8K8	6.75	1
63284878	214684.Q5KFJ5	6.74	1
63286711	214684.Q5KLG2	6.69	1
63284242	214684.Q5KDG3	6.69	1
63282867	214684.Q5K8Z9	6.66	1
63284676	214684.Q5KEW6	6.61	1
63283066	214684.Q5K9M5	6.51	1
63287029	214684.Q5KMH1	6.41	2
63287867	214684.Q5KQ61	6.41	1
63284659	214684.Q5KEU7	6.39	2
63286294	214684.Q5KK44	6.35	2
63285775	214684.Q5KIG7	6.35	1
63284620	214684.Q5KEQ3	6.34	1
63285427	214684.Q5KHA6	6.34	1
63281436	214684.A0A0S2LIF7	6.29	1
63283687	214684.Q5KBM8	6.22	1
63286593	214684.Q5KL25	6.22	1
63284068	214684.Q5KCV9	6.21	1
63287085	214684.Q5KMN3	6.19	2
63283734	214684.Q5KBT5	6.11	1
63282338	214684.Q5K7A3	6.08	1
63282709	214684.Q5K8G7	6.08	1
63286606	214684.Q5KL42	6.03	1
63287799	214684.Q5KPY7	6.0	1
63287855	214684.Q5KQ47	6.0	1
63287022	214684.Q5KMG4	5.99	1
63284573	214684.Q5KEJ8	5.99	1
63285199	214684.Q5KGK3	5.98	2
63287081	214684.Q5KMM9	5.97	1
63285569	214684.Q5KHT4	5.96	1
63286297	214684.Q5KK47	5.92	2
63287884	214684.Q5KQ84	5.91	1
63283691	214684.Q5KBN2	5.9	2
63286183	214684.Q5KJS0	5.74	1
63284986	214684.Q5KFW8	5.74	2
63282696	214684.Q5K8F4	5.65	1
63287009	214684.Q5KME9	5.61	2
63284028	214684.Q5KCR3	5.56	1
63284107	214684.Q5KD02	5.55	1
63285068	214684.Q5KG58	5.52	1
63285227	214684.Q5KGN3	5.46	1
63283694	214684.Q5KBN5	5.42	1
63281928	214684.P0CN76	5.41	1
63284527	214684.Q5KEE6	5.41	1
63285243	214684.Q5KGQ3	5.39	1
63284099	214684.Q5KCZ4	5.37	1
63285252	214684.Q5KGR3	5.32	1
63285892	214684.Q5KIU5	5.31	1
63287077	214684.Q5KMM5	5.31	2
63285901	214684.Q5KIV5	5.28	1
63282353	214684.Q5K7B9	5.27	1
63283703	214684.Q5KBP8	5.26	1
63281987	214684.P0CO94	5.26	1
63282370	214684.Q5K7D9	5.25	2
63282791	214684.Q5K8Q8	5.24	1
63287427	214684.Q5KNS4	5.22	1
63284589	214684.Q5KEL8	5.2	1
63285896	214684.Q5KIV0	5.19	1
63287651	214684.Q5KPH5	5.14	1
63287256	214684.Q5KN82	5.13	1
63287806	214684.Q5KPZ4	5.11	1
63282073	214684.P0CQ68	5.01	1
63283304	214684.Q5KAD6	4.97	1
63283700	214684.Q5KBP3	4.97	1
63282536	214684.Q5K7Y0	4.92	2
63286062	214684.Q5KJD1	4.92	1
63282256	214684.Q5K707	4.91	1
63282522	214684.Q5K7W1	4.89	1
63287133	214684.Q5KMU1	4.84	1
63281475	214684.A0A0S2LIL5	4.83	1
63282076	214684.P0CQ74	4.76	1
63282079	214684.P0CQ80	4.75	1
63286656	214684.Q5KL98	4.74	2
63282051	214684.P0CQ22	4.71	2
63284755	214684.Q5KF54	4.7	1
63284644	214684.Q5KET0	4.65	1
63287295	214684.Q5KNC6	4.64	1
63287045	214684.Q5KMI7	4.6	1
63285991	214684.Q5KJ56	4.54	1
63282671	214684.Q5K8C7	4.53	1
63284592	214684.Q5KEM2	4.45	1
63287690	214684.Q5KPL5	4.44	1
63287303	214684.Q5KND5	4.41	1
63284696	214684.Q5KEY7	4.4	2
63284642	214684.Q5KES8	4.38	1
63284707	214684.Q5KEZ9	4.37	1
63282762	214684.Q5K8M4	4.37	1
63282912	214684.Q5K950	4.35	1
63281904	214684.P0CN28	4.35	1
63286762	214684.Q5KLL8	4.35	1
63284188	214684.Q5KDA3	4.34	1
63282874	214684.Q5K906	4.34	1
63283342	214684.Q5KAH7	4.33	2
63283111	214684.Q5K9S3	4.32	1
63283359	214684.Q5KAJ6	4.32	1
63285448	214684.Q5KHD2	4.28	1
63283415	214684.Q5KAQ9	4.27	1
63282649	214684.Q5K8A2	4.23	1
63286164	214684.Q5KJP6	4.21	1
63281862	214684.P0CM44	4.2	1
63286927	214684.Q5KM58	4.19	1
63286152	214684.Q5KJN4	4.17	1
63286126	214684.Q5KJK3	4.15	1
63283919	214684.Q5KCE1	4.12	1
63282203	214684.Q5K6U9	4.07	1
63287384	214684.Q5KNM5	4.06	1
63287639	214684.Q5KPG1	4.05	1
63284542	214684.Q5KEG3	4.05	1
63282128	214684.P0CR78	4.01	1
63286506	214684.Q5KKS5	3.97	1
63285692	214684.Q5KI75	3.94	1
63287161	214684.Q5KMX8	3.94	1
63283033	214684.Q5K9I1	3.94	1
63282049	214684.P0CQ18	3.93	1
63283828	214684.Q5KC39	3.93	1
63284569	214684.Q5KEJ4	3.89	1
63282095	214684.P0CR12	3.88	1
63286570	214684.Q5KKZ9	3.86	1
63285124	214684.Q5KGC0	3.84	1
63284937	214684.Q5KFR0	3.81	2
63284351	214684.Q5KDU2	3.78	2
63283570	214684.Q5KB82	3.76	1
63286146	214684.Q5KJM8	3.72	1
63283741	214684.Q5KBU2	3.71	1
63287344	214684.Q5KNI3	3.71	1
63282125	214684.P0CR72	3.63	2
63284739	214684.Q5KF34	3.59	1
63283649	214684.Q5KBI1	3.59	1
63282268	214684.Q5K721	3.56	1
63284120	214684.Q5KD15	3.52	1
63286627	214684.Q5KL68	3.51	1
63284366	214684.Q5KDW2	3.48	2
63287069	214684.Q5KML5	3.46	1
63283236	214684.Q5KA62	3.43	1
63287766	214684.Q5KPV0	3.42	1
63284393	214684.Q5KDZ5	3.42	1
63283768	214684.Q5KBX3	3.38	1
63282117	214684.P0CR56	3.38	1
63282153	214684.P0CS28	3.38	1
63285752	214684.Q5KIE3	3.37	1
63284076	214684.Q5KCW8	3.36	1
63287339	214684.Q5KNH8	3.35	2
63287834	214684.Q5KQ25	3.35	1
63283293	214684.Q5KAC5	3.28	1
63285837	214684.Q5KIN6	3.25	1
63287575	214684.Q5KP89	3.21	1
63285351	214684.Q5KH21	3.18	1
63287244	214684.Q5KN67	3.08	1
63284586	214684.Q5KEL5	3.06	1
63286443	214684.Q5KKK5	3.06	1
63286828	214684.Q5KLU4	3.06	1
63282925	214684.Q5K963	3.05	1
63284730	214684.Q5KF25	3.04	1
63285197	214684.Q5KGK1	2.95	1
63285114	214684.Q5KGA8	2.88	1
63286104	214684.Q5KJH8	2.86	1
63287894	214684.Q5KQ96	2.76	1
63282713	214684.Q5K8H1	2.74	1
63284728	214684.Q5KF22	2.73	1
63282548	214684.Q5K7Z2	2.7	1
63287778	214684.Q5KPW4	2.7	1
63284061	214684.Q5KCV2	2.67	1
63286548	214684.Q5KKX2	2.64	1
63284775	214684.Q5KF77	2.59	1
63283660	214684.Q5KBJ5	2.57	1
63284184	214684.Q5KD87	2.53	1
63282887	214684.Q5K922	2.53	1
63282204	214684.Q5K6V0	2.47	1
63285398	214684.Q5KH74	2.37	1
63286384	214684.Q5KKE0	2.37	1
63286953	214684.Q5KM85	2.32	1
63287623	214684.Q5KPE3	2.27	1
63283299	214684.Q5KAD1	2.25	1
63284084	214684.Q5KCX7	2.2	1
63282804	214684.Q5K8S3	2.17	1
63287382	214684.Q5KNM2	2.12	2
63283325	214684.Q5KAF9	2.03	1
63287599	214684.Q5KPB6	2.02	1
63285872	214684.Q5KIS3	1.96	1
63286853	214684.Q5KLX0	1.87	1
63287243	214684.Q5KN66	1.81	1
63282836	214684.Q5K8W1	1.76	1
63282445	214684.Q5K7M6	1.75	1
63282299	214684.Q5K757	1.66	1
63285467	214684.Q5KHF6	1.52	1
63281871	214684.P0CM62	1.5	1
63285007	214684.Q5KFZ3	1.38	1
63286220	214684.Q5KJW0	1.37	1
63285765	214684.Q5KIF6	1.36	1
