#id: 3452104403
#name: Bacillus subtilis - Whole organism, iBAQ (Eymard-vernainetal,scirep2018)
#score: 7.1
#description: abundance based on iBAQ, Interaction consistency score: 7.1, Coverage: 44
#organ: WHOLE_ORGANISM
#integrated: false
#coverage: 44
#link: http://www.ncbi.nlm.nih.gov/pubmed/29445231
#publication_year: 2018
#filename: 224308-PXD006444_control.txt
#
#internal_id	string_external_id	abundance
11138187	224308.BSU35360	104524	77707966793
11137411	224308.BSU27700	26821	2813718043
11138664	224308.BSU40090	25156	9654039476
11135474	224308.BSU08820	18784	15126951609
11135669	224308.BSU10770	18702	29499100615
11138334	224308.BSU36830	17356	18332024483
11138029	224308.BSU33780	17060	2417600000
11136962	224308.BSU23250	16247	5718812569
11134722	224308.BSU01400	15354	324013853
11134715	224308.BSU01340	14407	1230756251
11138358	224308.BSU37070	14309	2128091997
11137129	224308.BSU24900	13762	1028481000
11136915	224308.BSU22790	12269	2820581451
11138336	224308.BSU36850	11755	4085578106
11137719	224308.BSU30770	11669	9135373488
11138332	224308.BSU36810	11510	12800970282
11136214	224308.BSU15990	10879	1498160367
11135612	224308.BSU10200	10147	6949997089
11134708	224308.BSU01270	10026	944494816
11137750	224308.BSU31080	9866	5034828398
11135735	224308.BSU11430	9242	11779380903
11136145	224308.BSU15300	9032	18485038775
11137144	224308.BSU25050	8648	4296011333
11137437	224308.BSU27940	8637	1433786666
11136219	224308.BSU16040	7819	1025324900
11137181	224308.BSU25410	7751	274586389
11136556	224308.BSU19310	7025	7303164357
11136244	224308.BSU16290	6850	3655715790
11136893	224308.BSU22560	6791	3068805867
11134694	224308.BSU01130	6735	6376972367
11136892	224308.BSU22550	6421	2365031433
11137544	224308.BSU29020	6268	4086671892
11137101	224308.BSU24620	6221	4249562789
11134701	224308.BSU01200	6118	1365929128
11137698	224308.BSU30560	5841	6866279762
11138041	224308.BSU33900	5750	3810018210
11138333	224308.BSU36820	5624	3277463699
11138363	224308.BSU37110	5195	3453506668
11134590	224308.BSU00090	4982	5037817777
11136909	224308.BSU22730	4800	1401273234
11138461	224308.BSU38090	4796	6500617668
11137554	224308.BSU29120	4570	2456806526
11134650	224308.BSU00690	4488	5059377247
11138212	224308.BSU35620	4320	4469584183
11136284	224308.BSU16680	4231	316729833
11135779	224308.BSU11850	4169	1346394135
11136103	224308.BSU14890	3988	2779624500
11138045	224308.BSU33940	3969	2953874717
11136827	224308.BSU21930	3948	428302326
11135503	224308.BSU09100	3920	246139420
11135196	224308.BSU06030	3893	6301074044
11138335	224308.BSU36840	3839	1281813399
11134705	224308.BSU01240	3836	487614834
11137837	224308.BSU31930	3762	3917645860
11137985	224308.BSU33340	3715	171423167
11136561	224308.BSU19360	3677	3009179587
11136074	224308.BSU14610	3668	3053451123
11138469	224308.BSU38170	3619	1658191867
11136359	224308.BSU17460	3450	3654375166
11134691	224308.BSU01100	3450	1034353200
11134699	224308.BSU01180	3444	334861634
11138166	224308.BSU35150	3376	1737206518
11137555	224308.BSU29130	3330	2809192280
11134709	224308.BSU01280	3271	1176320107
11134703	224308.BSU01220	3193	1052720161
11134731	224308.BSU01490	3193	602482827
11134710	224308.BSU01290	3179	27407567
11134714	224308.BSU01330	2993	956302334
11137929	224308.BSU32820	2937	4198443059
11137585	224308.BSU29410	2911	1480745151
11136076	224308.BSU14629	2853	136023966
11134692	224308.BSU01110	2789	737633596
11138338	224308.BSU36870	2715	866142967
11135102	224308.BSU05120	2700	491102633
11134902	224308.BSU03210	2687	2573522801
11138665	224308.BSU40100	2686	2359852633
11137457	224308.BSU28130	2623	1721870246
11137593	224308.BSU29490	2569	873050400
11135615	224308.BSU10230	2525	104373467
11137556	224308.BSU29140	2499	1763055702
11138364	224308.BSU37120	2458	1184160401
11136347	224308.BSU17340	2450	676140233
11135746	224308.BSU11540	2318	2950105892
11137195	224308.BSU25550	2297	195791000
11136207	224308.BSU15920	2254	279387667
11137780	224308.BSU31350	2251	1803409366
11138500	224308.BSU38470	2223	1380935901
11138037	224308.BSU33860	2208	1081676642
11136073	224308.BSU14600	2161	1940715131
11136834	224308.BSU22000	2155	47456400
11137488	224308.BSU28440	2136	2612544191
11138468	224308.BSU38160	2124	1357388167
11134685	224308.BSU01040	2100	551300233
11137439	224308.BSU27960	2065	362769400
11138430	224308.BSU37780	2052	1825712617
11135586	224308.BSU09950	2036	993393454
11135457	224308.BSU08660	2035	130388133
11135954	224308.BSU13490	1974	750057733
11137621	224308.BSU29770	1970	527277563
11135739	224308.BSU11470	1916	1111001563
11138623	224308.BSU39690	1897	1624370430
11134702	224308.BSU01210	1881	241377067
11135738	224308.BSU11460	1872	1545329363
11138419	224308.BSU37670	1863	1336350253
11135861	224308.BSU12610	1820	1010547266
11135592	224308.BSU10000	1796	278331932
11137141	224308.BSU25020	1772	871029589
11134696	224308.BSU01150	1735	299491126
11134723	224308.BSU01410	1733	367681533
11134711	224308.BSU01300	1728	380507285
11135770	224308.BSU11770	1726	177082037
11136313	224308.BSU17000	1719	1513806136
11134745	224308.BSU01630	1718	973615210
11137991	224308.BSU33400	1718	1000703053
11136224	224308.BSU16090	1682	1592526340
11136104	224308.BSU14900	1671	1227043390
11137047	224308.BSU24080	1671	1273783922
11136316	224308.BSU17030	1669	682273967
11136311	224308.BSU16980	1665	222118000
11137178	224308.BSU25380	1651	1172088299
11136942	224308.BSU23040	1631	124064034
11135867	224308.BSU12650	1627	1069495554
11137610	224308.BSU29660	1597	709123405
11134726	224308.BSU01440	1584	330155833
11138690	224308.BSU40320	1578	663912905
11135376	224308.BSU07840	1544	4425337713
11135737	224308.BSU11450	1517	896650234
11137920	224308.BSU32730	1478	788145640
11138341	224308.BSU36900	1477	1104351950
11137487	224308.BSU28430	1456	1046339300
11136123	224308.BSU15080	1451	100871933
11136913	224308.BSU22770	1440	327807129
11137529	224308.BSU28860	1397	134182824
11134712	224308.BSU01310	1387	413089166
11138044	224308.BSU33930	1384	1085880788
11135216	224308.BSU06240	1371	845186552
11137913	224308.BSU32670	1355	1326788811
11136100	224308.BSU14860	1324	3359173706
11134871	224308.BSU02900	1324	914290000
11136926	224308.BSU22880	1320	1067386383
11134894	224308.BSU03130	1313	420987126
11136266	224308.BSU16500	1310	800697434
11136155	224308.BSU15400	1304	263182667
11137718	224308.BSU30760	1303	793291867
11136225	224308.BSU16100	1276	410449099
11137916	224308.BSU32700	1267	883778301
11134724	224308.BSU01420	1260	356337201
11136265	224308.BSU16490	1256	573501215
11135845	224308.BSU12470	1229	274096567
11136157	224308.BSU15420	1225	577377217
11134717	224308.BSU01360	1207	648899334
11138104	224308.BSU34540	1197	434188147
11136072	224308.BSU14590	1195	834783843
11136587	224308.BSU19610	1187	83222333
11136385	224308.BSU17700	1159	51964532
11136404	224308.BSU17890	1140	1669525068
11137042	224308.BSU24030	1135	1045739593
11134654	224308.BSU00730	1123	759364572
11138576	224308.BSU39230	1117	5159204431
11137946	224308.BSU32990	1103	392230500
11136527	224308.BSU19030	1100	1701056958
11138200	224308.BSU35490	1095	697027504
11138612	224308.BSU39580	1088	199705504
11135526	224308.BSU09340	1086	353696400
11137952	224308.BSU33040	1082	699129775
11137598	224308.BSU29540	1081	462755941
11135957	224308.BSU13510	1080	78001967
11134667	224308.BSU00860	1079	2016216218
11134872	224308.BSU02910	1074	570906165
11137706	224308.BSU30650	1074	459900199
11138043	224308.BSU33920	1060	695297120
11137917	224308.BSU32710	1053	773577007
11134725	224308.BSU01430	1042	609920700
11137495	224308.BSU28520	1035	651213268
11134684	224308.BSU01030	1035	494622933
11134713	224308.BSU01320	1031	162830401
11138692	224308.BSU40340	1024	941398377
11135359	224308.BSU07660	1014	88546000
11136924	224308.BSU22869	1008	32530000
11137456	224308.BSU28120	1008	927366729
11137525	224308.BSU28820	1000	551329562
11138217	224308.BSU35670	994	687682273
11137473	224308.BSU28290	994	574046902
11136071	224308.BSU14580	992	602658359
11136844	224308.BSU22080	989	950426364
11137493	224308.BSU28500	961	294561201
11136105	224308.BSU14910	957	273337667
11134686	224308.BSU01050	937	203769894
11134693	224308.BSU01120	931	1339317588
11137560	224308.BSU29180	931	908962944
11135905	224308.BSU13010	930	584613364
11135168	224308.BSU05740	930	441498524
11134697	224308.BSU01160	927	257827397
11136934	224308.BSU22960	925	667674264
11136301	224308.BSU16860	921	791771035
11134732	224308.BSU01500	898	192117312
11135517	224308.BSU09250	887	900714468
11138630	224308.BSU39760	880	863146624
11137612	224308.BSU29680	877	947811993
11136452	224308.BSU18350	875	744690215
11134640	224308.BSU00590	874	86432253
11136383	224308.BSU17690	870	652060207
11134706	224308.BSU01250	867	96022566
11135340	224308.BSU07450	855	546983068
11136562	224308.BSU19370	855	1401717534
11134698	224308.BSU01170	837	251241723
11138624	224308.BSU39700	832	586949498
11136108	224308.BSU14940	832	324112086
11137025	224308.BSU23860	824	867977722
11136312	224308.BSU16990	821	361797872
11138002	224308.BSU33510	805	150278867
11135636	224308.BSU10440	802	108025200
11137159	224308.BSU25200	788	228973301
11137030	224308.BSU23910	781	763145276
11135195	224308.BSU06020	775	142665633
11138546	224308.BSU38920	771	655055362
11134649	224308.BSU00680	770	320094729
11137722	224308.BSU30800	766	375405699
11136307	224308.BSU16940	764	545329467
11136415	224308.BSU18000	754	1175954791
11138632	224308.BSU39780	753	469420613
11134700	224308.BSU01190	749	347775925
11137697	224308.BSU30550	747	450258572
11134875	224308.BSU02940	740	640618937
11136986	224308.BSU23490	730	316075634
11135924	224308.BSU13190	718	521571732
11137999	224308.BSU33480	716	293353582
11138042	224308.BSU33910	715	842854830
11135736	224308.BSU11440	712	213669166
11137514	224308.BSU28710	699	382784967
11138343	224308.BSU36920	697	267222161
11134689	224308.BSU01080	691	1745643588
11135558	224308.BSU09670	684	539961268
11136424	224308.BSU18080	675	124468830
11134683	224308.BSU01020	670	270738334
11138467	224308.BSU38150	669	94697200
11135868	224308.BSU12660	666	331820663
11134716	224308.BSU01350	661	125042834
11134618	224308.BSU00370	639	117705133
11137747	224308.BSU31050	637	386625167
11134591	224308.BSU00100	629	429990365
11136783	224308.BSU21490	628	174345333
11134760	224308.BSU01780	613	997374515
11136272	224308.BSU16560	604	448361695
11135597	224308.BSU10040	603	254536901
11136972	224308.BSU23360	601	210157200
11136300	224308.BSU16845	595	458001200
11135775	224308.BSU11810	594	55764966
11137709	224308.BSU30670	585	120885787
11137849	224308.BSU32050	584	658551534
11137743	224308.BSU31010	579	532526642
11138312	224308.BSU36610	578	27131667
11137745	224308.BSU31030	570	155676744
11134885	224308.BSU03040	558	661569480
11138444	224308.BSU37920	548	60500599
11134592	224308.BSU00110	547	406039345
11136144	224308.BSU15290	534	372256275
11137931	224308.BSU32840	528	839111620
11136230	224308.BSU16150	518	177105132
11137619	224308.BSU29750	511	291905457
11138764	224308.BSU41040	510	296581734
11136403	224308.BSU17880	505	44656000
11137024	224308.BSU23850	501	526035288
11135046	224308.BSU04590	500	119034266
11135999	224308.BSU13900	496	145544999
11138650	224308.BSU39960	493	111086500
11135022	224308.BSU04360	491	292542560
11137467	224308.BSU28230	486	359858539
11135441	224308.BSU08500	486	30473000
11134688	224308.BSU01070	485	1184449403
11134629	224308.BSU00480	485	129399437
11137021	224308.BSU23820	483	328169129
11135263	224308.BSU06680	481	425915546
11137497	224308.BSU28540	478	269208403
11136914	224308.BSU22780	477	125709273
11136262	224308.BSU16460	476	106939333
11135705	224308.BSU11130	476	138444466
11136994	224308.BSU23560	470	294600666
11134707	224308.BSU01260	468	104957833
11136309	224308.BSU16960	467	452730257
11134663	224308.BSU00820	466	497915606
11136045	224308.BSU14340	464	78337667
11135213	224308.BSU06210	462	353804623
11137187	224308.BSU25470	462	578639730
11137622	224308.BSU29780	456	179521770
11135790	224308.BSU11940	456	176806852
11134804	224308.BSU02240	454	423872354
11137915	224308.BSU32690	453	399312106
11135923	224308.BSU13180	449	678125495
11137084	224308.BSU24450	449	82807053
11136285	224308.BSU16690	446	641468740
11136232	224308.BSU16170	444	204305887
11136211	224308.BSU15960	443	114285734
11137043	224308.BSU24040	440	351258574
11137045	224308.BSU24060	434	323122142
11136414	224308.BSU17990	434	34048333
11137641	224308.BSU29980	434	421569637
11136206	224308.BSU15910	428	195434133
11138431	224308.BSU37790	428	486397726
11137530	224308.BSU28870	426	130281301
11135596	224308.BSU10030	422	167522022
11138181	224308.BSU35310	422	127946999
11137489	224308.BSU28450	419	210550001
11135518	224308.BSU09260	410	390121072
11135566	224308.BSU09750	409	88575200
11137496	224308.BSU28530	408	160453976
11138340	224308.BSU36890	407	196800269
11136031	224308.BSU14200	404	25020233
11137630	224308.BSU29870	397	80090583
11135886	224308.BSU12820	395	23718667
11138749	224308.BSU40900	394	138351357
11135598	224308.BSU10050	393	204224267
11134759	224308.BSU01770	389	320603171
11138361	224308.BSU37090	387	208974167
11138549	224308.BSU38950	379	272245743
11136589	224308.BSU19630	379	178115178
11138150	224308.BSU34990	378	163977767
11136949	224308.BSU23120	371	222993330
11136458	224308.BSU18410	371	362721096
11137774	224308.BSU31310	370	162357166
11134632	224308.BSU00510	369	286307100
11135701	224308.BSU11090	368	35543000
11135511	224308.BSU09190	366	864235416
11137044	224308.BSU24050	365	244497877
11138535	224308.BSU38810	364	351443027
11138365	224308.BSU37130	364	100191093
11138629	224308.BSU39750	364	185061626
11135839	224308.BSU12410	363	179441667
11136064	224308.BSU14530	361	574052455
11137782	224308.BSU31370	361	304988303
11136293	224308.BSU16770	361	291743400
11137601	224308.BSU29570	360	79904433
11136279	224308.BSU16630	359	580494092
11136891	224308.BSU22540	358	241078232
11134588	224308.BSU00070	355	561430972
11135989	224308.BSU13810	355	74285700
11137629	224308.BSU29860	355	229155502
11136967	224308.BSU23310	354	179149875
11138748	224308.BSU40890	354	43574107
11138418	224308.BSU37660	352	194937678
11135410	224308.BSU08180	351	362812860
11137715	224308.BSU30739	350	27744100
11138005	224308.BSU33540	348	187479078
11134967	224308.BSU03830	347	239788205
11137466	224308.BSU28220	345	352525769
11136555	224308.BSU19300	343	23403165
11136656	224308.BSU20270	340	93414000
11138331	224308.BSU36800	338	71715520
11138385	224308.BSU37330	338	364291459
11135230	224308.BSU06360	337	446798468
11135312	224308.BSU07150	337	82010867
11135264	224308.BSU06690	333	393504750
11135616	224308.BSU10240	332	145260899
11138213	224308.BSU35630	330	506474212
11137930	224308.BSU32830	330	247831834
11138595	224308.BSU39410	329	337379334
11137319	224308.BSU26820	325	220767066
11137072	224308.BSU24330	322	114360233
11136969	224308.BSU23328	320	68402334
11136987	224308.BSU23500	318	236973221
11134610	224308.BSU00290	317	59462001
11135220	224308.BSU06270	317	56293767
11138714	224308.BSU40550	316	262960643
11138712	224308.BSU40530	315	117403199
11137528	224308.BSU28850	313	31924887
11137052	224308.BSU24130	312	158501527
11135372	224308.BSU07800	312	201444836
11135033	224308.BSU04470	311	247432067
11136453	224308.BSU18360	310	203866386
11138249	224308.BSU35990	304	138954299
11137869	224308.BSU32250	301	194624644
11138318	224308.BSU36670	301	5583090
11134978	224308.BSU03940	301	92539834
11135157	224308.BSU05630	300	128805069
11135765	224308.BSU11720	298	234558011
11135618	224308.BSU10260	297	184094634
11135694	224308.BSU11020	296	77001091
11137085	224308.BSU24460	295	250949533
11137563	224308.BSU29210	295	182007958
11136016	224308.BSU14060	291	189175500
11135521	224308.BSU09290	291	316572347
11137094	224308.BSU24550	289	239516535
11138578	224308.BSU39250	286	131824267
11135501	224308.BSU09080	286	171177296
11138406	224308.BSU37540	285	14378666
11135534	224308.BSU09420	284	224779436
11136236	224308.BSU16210	282	259707229
11136294	224308.BSU16780	281	408739913
11138125	224308.BSU34740	278	41313433
11138475	224308.BSU38229	277	30529534
11135464	224308.BSU08730	277	84257467
11138466	224308.BSU38140	274	29717333
11137500	224308.BSU28570	274	55932332
11136566	224308.BSU19410	272	304742863
11134975	224308.BSU03910	271	220031198
11136860	224308.BSU22230	270	44728237
11134673	224308.BSU00920	268	280525304
11134704	224308.BSU01230	268	52155711
11135523	224308.BSU09310	266	341042496
11135363	224308.BSU07700	265	182345964
11137341	224308.BSU27020	264	110056777
11136291	224308.BSU16750	263	165434091
11135668	224308.BSU10760	262	81075180
11138628	224308.BSU39740	259	143742370
11136305	224308.BSU16920	259	100672000
11138463	224308.BSU38110	256	100328846
11135406	224308.BSU08140	255	106762396
11138590	224308.BSU39360	253	235614798
11137095	224308.BSU24560	252	123524914
11136035	224308.BSU14240	250	46574816
11136767	224308.BSU21330	248	92661387
11136125	224308.BSU15100	246	60377433
11137227	224308.BSU25870	246	80405736
11138098	224308.BSU34480	245	138596684
11136455	224308.BSU18380	244	116893134
11138510	224308.BSU38560	242	245642735
11135600	224308.BSU10070	242	174156032
11136820	224308.BSU21860	242	74765093
11136964	224308.BSU23270	240	129755454
11138674	224308.BSU40180	240	16831434
11137245	224308.BSU26060	239	216503640
11135400	224308.BSU08080	238	132847267
11136106	224308.BSU14920	238	21717400
11137148	224308.BSU25090	237	82905657
11135045	224308.BSU04580	236	209902380
11135456	224308.BSU08650	234	186696557
11136406	224308.BSU17910	234	29332850
11134680	224308.BSU00990	233	16273153
11137760	224308.BSU31180	233	218579972
11136277	224308.BSU16610	231	36055543
11137086	224308.BSU24470	230	75753250
11134601	224308.BSU00200	229	63916696
11138560	224308.BSU39070	226	125501500
11137994	224308.BSU33430	225	278236426
11135520	224308.BSU09280	224	77281667
11136039	224308.BSU14280	224	197047911
11138413	224308.BSU37610	224	33564568
11137627	224308.BSU29840	223	57299120
11136590	224308.BSU19639	221	7506800
11137867	224308.BSU32230	221	315836757
11138472	224308.BSU38200	218	164079736
11136855	224308.BSU22180	217	21971080
11136538	224308.BSU19140	215	127433333
11135026	224308.BSU04400	213	22195834
11137564	224308.BSU29220	213	109841709
11137596	224308.BSU29520	212	77231400
11136268	224308.BSU16520	212	47280267
11138579	224308.BSU39260	212	236771681
11136990	224308.BSU23520	211	31669837
11135795	224308.BSU11990	211	39855500
11135614	224308.BSU10220	211	164628267
11134990	224308.BSU04040	210	72917984
11134682	224308.BSU01010	209	70040517
11134736	224308.BSU01540	209	111819891
11137061	224308.BSU24220	206	127392003
11135238	224308.BSU06440	206	211396384
11135578	224308.BSU09880	205	115469508
11136231	224308.BSU16160	204	190296427
11136056	224308.BSU14450	204	124857900
11135330	224308.BSU07350	203	220031991
11137599	224308.BSU29550	203	311068344
11135803	224308.BSU12069	202	29112366
11137838	224308.BSU31945	202	89641437
11136584	224308.BSU19580	201	108364167
11136817	224308.BSU21830	201	49234207
11136052	224308.BSU14410	201	109004919
11137855	224308.BSU32110	201	190086433
11135467	224308.BSU08760	200	96039533
11137074	224308.BSU24350	200	24832677
11138218	224308.BSU35680	200	395729159
11135827	224308.BSU12290	200	133033341
11137379	224308.BSU27400	199	38109333
11138072	224308.BSU34210	196	47342943
11135682	224308.BSU10900	195	132340304
11138167	224308.BSU35160	193	336470360
11138192	224308.BSU35410	192	173786387
11137628	224308.BSU29850	191	89604499
11136273	224308.BSU16570	191	217976389
11138594	224308.BSU39400	191	151429256
11137561	224308.BSU29190	190	122328733
11135730	224308.BSU11370	190	130733895
11137562	224308.BSU29200	188	115823199
11136952	224308.BSU23150	187	75713038
11138540	224308.BSU38860	187	146648223
11138221	224308.BSU35710	186	92231065
11135900	224308.BSU12960	186	562360794
11137327	224308.BSU26890	186	83439760
11135530	224308.BSU09380	185	71760151
11137515	224308.BSU28720	183	196236607
11135925	224308.BSU13200	182	129013032
11138627	224308.BSU39730	182	188689777
11138556	224308.BSU39020	180	101165667
11137620	224308.BSU29760	179	61331374
11136874	224308.BSU22370	179	102308701
11137459	224308.BSU28150	178	103423964
11137671	224308.BSU30300	176	209845667
11135463	224308.BSU08720	176	60009273
11137173	224308.BSU25330	175	234604374
11137096	224308.BSU24570	175	166912103
11136984	224308.BSU23470	174	63026015
11135489	224308.BSU08960	171	96608374
11135276	224308.BSU06811	170	74790201
11138224	224308.BSU35740	170	57596854
11135998	224308.BSU13890	170	266260126
11138191	224308.BSU35400	168	106031851
11138420	224308.BSU37680	167	76497212
11134748	224308.BSU01660	167	226718648
11135440	224308.BSU08490	166	15488157
11135595	224308.BSU10020	166	115556867
11138130	224308.BSU34790	165	84649632
11134880	224308.BSU02990	165	22240280
11137983	224308.BSU33320	165	84628632
11138163	224308.BSU35120	164	131792732
11136062	224308.BSU14510	163	77583737
11134851	224308.BSU02700	162	104131732
11135968	224308.BSU13620	162	64135234
11136162	224308.BSU15470	162	76311443
11136803	224308.BSU21690	160	48381800
11134619	224308.BSU00380	159	265678465
11134721	224308.BSU01390	159	20876600
11138128	224308.BSU34770	159	131162624
11135768	224308.BSU11750	157	46380797
11135727	224308.BSU11340	155	115340675
11136608	224308.BSU19780	154	23010167
11137048	224308.BSU24090	154	110348564
11134931	224308.BSU03490	154	942835188
11136000	224308.BSU13910	153	195011177
11138194	224308.BSU35430	152	28983376
11138040	224308.BSU33890	152	51740206
11137611	224308.BSU29670	152	170384362
11136795	224308.BSU21600	152	120976453
11137001	224308.BSU23620	152	89476900
11135055	224308.BSU04680	151	41497333
11138758	224308.BSU40980	150	49643500
11138708	224308.BSU40500	150	63169400
11136428	224308.BSU18120	149	94052600
11134811	224308.BSU02310	148	128660817
11138324	224308.BSU36730	148	55090047
11136276	224308.BSU16600	148	95343374
11137073	224308.BSU24340	147	126179001
11134587	224308.BSU00060	147	127864815
11134942	224308.BSU03610	147	101773353
11138185	224308.BSU35340	147	142151966
11136210	224308.BSU15950	147	92288967
11137396	224308.BSU27550	146	190641997
11135622	224308.BSU10300	145	79948897
11134652	224308.BSU00710	145	69242132
11138201	224308.BSU35500	144	134005610
11135001	224308.BSU04150	143	118875501
11135049	224308.BSU04620	143	49049550
11138699	224308.BSU40410	142	45980579
11134805	224308.BSU02250	142	62537903
11137870	224308.BSU32260	142	107342440
11137485	224308.BSU28410	139	18159847
11134594	224308.BSU00130	139	111845567
11138367	224308.BSU37150	138	156016202
11134633	224308.BSU00520	136	33617430
11137711	224308.BSU30690	136	56800497
11134941	224308.BSU03600	136	39198733
11136201	224308.BSU15860	136	68143364
11134974	224308.BSU03900	135	151922931
11136963	224308.BSU23260	131	149732909
11136213	224308.BSU15980	131	119273948
11136916	224308.BSU22800	131	140077497
11136983	224308.BSU23460	130	35784567
11138471	224308.BSU38190	130	120795246
11135490	224308.BSU08970	129	218206181
11134665	224308.BSU00840	128	62327247
11134846	224308.BSU02650	128	32748209
11136184	224308.BSU15690	128	24855006
11135729	224308.BSU11360	128	86609025
11135896	224308.BSU12920	127	82962633
11135731	224308.BSU11390	127	90762134
11138682	224308.BSU40250	127	66615290
11137625	224308.BSU29820	127	63550701
11136965	224308.BSU23280	127	104380434
11136873	224308.BSU22360	125	140461089
11137757	224308.BSU31150	125	106010633
11137841	224308.BSU31970	125	91598763
11137961	224308.BSU33120	124	44368174
11134659	224308.BSU00780	124	34707933
11134881	224308.BSU03000	124	54141763
11138255	224308.BSU36050	124	52909378
11138750	224308.BSU40910	123	26641637
11136315	224308.BSU17020	121	19516033
11135266	224308.BSU06710	121	161734497
11137331	224308.BSU26930	121	17516833
11137486	224308.BSU28420	121	30635170
11135439	224308.BSU08480	121	51059142
11138284	224308.BSU36330	121	46301233
11135459	224308.BSU08680	120	68248622
11138622	224308.BSU39680	120	81537495
11137927	224308.BSU32800	120	36810637
11136344	224308.BSU17310	119	19369497
11137614	224308.BSU29700	118	49953264
11138089	224308.BSU34390	118	107496477
11137569	224308.BSU29250	117	55358342
11138751	224308.BSU40920	117	99213562
11137866	224308.BSU32220	117	30856666
11135522	224308.BSU09300	116	148382081
11137673	224308.BSU30320	115	180165447
11138405	224308.BSU37530	115	26739800
11135449	224308.BSU08580	115	21847000
11136417	224308.BSU18019	114	10639923
11134672	224308.BSU00910	114	45405552
11136849	224308.BSU22130	113	92368286
11135801	224308.BSU12050	113	31747137
11135054	224308.BSU04670	113	71901501
11138591	224308.BSU39370	112	79104218
11136065	224308.BSU14540	112	11050134
11137156	224308.BSU25170	111	82291197
11137911	224308.BSU32660	110	20595667
11135891	224308.BSU12870	110	75837153
11135038	224308.BSU04520	110	85682120
11135166	224308.BSU05720	110	64483046
11137759	224308.BSU31170	109	44906167
11138288	224308.BSU36370	109	39852933
11137017	224308.BSU23780	108	105663600
11138344	224308.BSU36930	108	32477883
11134903	224308.BSU03220	108	58899433
11137768	224308.BSU31260	107	194692771
11136029	224308.BSU14180	107	55493874
11137406	224308.BSU27650	107	131461747
11138448	224308.BSU37960	107	377358133
11134886	224308.BSU03050	107	56511567
11136821	224308.BSU21870	106	96716643
11136158	224308.BSU15430	106	166353236
11138753	224308.BSU40939	105	12406053
11138014	224308.BSU33630	104	18904733
11136142	224308.BSU15270	104	2214473
11136866	224308.BSU22290	104	793750
11136101	224308.BSU14870	103	44803500
11135251	224308.BSU06560	103	123118393
11138118	224308.BSU34680	103	48342699
11135753	224308.BSU11600	103	36001027
11135605	224308.BSU10120	102	67702458
11135375	224308.BSU07830	102	61874827
11136950	224308.BSU23130	102	76203700
11136493	224308.BSU18730	102	34332933
11138640	224308.BSU39860	102	376313333
11136467	224308.BSU18500	101	55132637
11138111	224308.BSU34610	101	79562853
11138180	224308.BSU35300	101	182556427
11136267	224308.BSU16510	101	48417020
11137852	224308.BSU32080	101	17689933
11136580	224308.BSU19550	101	57490183
11135407	224308.BSU08150	101	65709804
11135703	224308.BSU11110	100	38128933
11138509	224308.BSU38550	100	102051506
11136886	224308.BSU22490	100	52133877
11138257	224308.BSU36070	99.9	13009710
11137507	224308.BSU28640	99.6	54442145
11135667	224308.BSU10750	99.4	62359127
11138070	224308.BSU34190	99.4	78749468
11134814	224308.BSU02340	99.3	76519167
11137937	224308.BSU32880	98.9	77628033
11135042	224308.BSU04550	98.6	28226167
11135043	224308.BSU04560	98.5	65994891
11138173	224308.BSU35220	98.5	83775434
11138512	224308.BSU38580	98.2	73579933
11134815	224308.BSU02350	97.8	121521485
11136227	224308.BSU16120	96.9	128187827
11136198	224308.BSU15830	96.6	24457834
11137699	224308.BSU30570	96.3	21002034
11135117	224308.BSU05270	95.8	23926872
11135889	224308.BSU12850	94.6	46734804
11136200	224308.BSU15850	94.4	59523237
11134867	224308.BSU02860	94.4	43099503
11135995	224308.BSU13860	94.2	88111871
11135058	224308.BSU04710	92.6	22904922
11136051	224308.BSU14400	92.1	88742197
11137046	224308.BSU24070	92.0	75691751
11137853	224308.BSU32090	91.5	12364966
11135939	224308.BSU13340	91.1	30777971
11136553	224308.BSU19280	90.8	13958800
11137712	224308.BSU30700	90.5	18632933
11134630	224308.BSU00490	90.4	28664100
11136290	224308.BSU16740	90.1	43005145
11135435	224308.BSU08440	90.0	49856406
11135994	224308.BSU13850	89.0	94266341
11138177	224308.BSU35270	88.5	22982923
11135466	224308.BSU08750	88.4	76239094
11138151	224308.BSU35000	88.1	90877096
11137124	224308.BSU24850	88.0	40301670
11136194	224308.BSU15790	87.6	26328433
11136009	224308.BSU14000	87.5	69947913
11135192	224308.BSU05990	87.2	25705337
11138729	224308.BSU40700	86.8	51316600
11135554	224308.BSU09630	86.7	4602030
11136974	224308.BSU23380	86.3	81254408
11136554	224308.BSU19290	86.0	26727277
11137298	224308.BSU26610	85.3	65900459
11137002	224308.BSU23630	85.3	4308267
11137158	224308.BSU25190	85.2	16304800
11136249	224308.BSU16330	85.2	26600000
11137152	224308.BSU25130	85.1	43951934
11136354	224308.BSU17410	85.1	46937934
11138678	224308.BSU40220	85.0	84563767
11135549	224308.BSU09570	84.9	81765481
11138315	224308.BSU36640	84.5	72720821
11138391	224308.BSU37390	83.8	75775891
11138292	224308.BSU36410	83.8	47835017
11136418	224308.BSU18020	82.6	6702767
11137799	224308.BSU31540	82.6	66204190
11138342	224308.BSU36910	82.5	43547933
11135050	224308.BSU04630	81.8	52542203
11137463	224308.BSU28190	81.7	29503688
11137506	224308.BSU28630	81.5	156112534
11136907	224308.BSU22710	81.0	54222366
11136443	224308.BSU18260	80.7	61098147
11135462	224308.BSU08710	80.3	81837708
11135209	224308.BSU06170	79.5	61199480
11137464	224308.BSU28200	79.0	114924326
11138316	224308.BSU36650	78.9	26963967
11138402	224308.BSU37500	78.8	36025620
11134979	224308.BSU03950	78.8	105700205
11137343	224308.BSU27040	78.3	44217733
11136081	224308.BSU14670	77.7	53515206
11135399	224308.BSU08070	77.7	72039777
11134607	224308.BSU00260	77.6	79921120
11138215	224308.BSU35650	77.6	56853290
11137675	224308.BSU30340	77.3	39787306
11138010	224308.BSU33590	77.3	30625639
11138179	224308.BSU35290	76.9	61144650
11135035	224308.BSU04490	76.4	79975344
11136260	224308.BSU16440	74.9	36288600
11136853	224308.BSU22169	74.6	7501900
11135253	224308.BSU06580	74.4	19403598
11137877	224308.BSU32330	74.4	57304171
11137446	224308.BSU28030	74.3	54158086
11134626	224308.BSU00450	73.7	8833210
11136250	224308.BSU16340	73.0	15715633
11134583	224308.BSU00020	72.5	59179688
11137600	224308.BSU29560	72.3	105282429
11137795	224308.BSU31500	72.1	14716061
11137165	224308.BSU25260	72.0	94746957
11137835	224308.BSU31910	71.9	8904400
11136127	224308.BSU15120	71.4	94045126
11137605	224308.BSU29610	71.0	66687173
11135291	224308.BSU06940	70.9	18027533
11136400	224308.BSU17850	70.9	16014334
11136304	224308.BSU16910	70.7	30955449
11135362	224308.BSU07690	70.5	30992139
11135766	224308.BSU11730	70.3	16601030
11137442	224308.BSU27990	70.2	55631533
11135584	224308.BSU09930	70.1	51020324
11137412	224308.BSU27710	69.7	49647313
11136993	224308.BSU23550	69.6	61316201
11137380	224308.BSU27410	69.6	114841346
11135780	224308.BSU11860	69.5	29920231
11135231	224308.BSU06370	69.3	25698600
11136067	224308.BSU14560	69.1	37065987
11136025	224308.BSU14140	68.8	62224723
11138003	224308.BSU33520	68.8	10265033
11134614	224308.BSU00330	68.7	25190450
11135732	224308.BSU11400	68.7	46231913
11137494	224308.BSU28510	68.3	81820066
11134988	224308.BSU04030	67.9	11490694
11134968	224308.BSU03840	67.9	37575300
11137649	224308.BSU30070	67.6	15649533
11137186	224308.BSU25460	67.4	34753362
11134749	224308.BSU01670	67.4	31850414
11136281	224308.BSU16650	66.7	15347700
11136944	224308.BSU23070	66.5	70268306
11134982	224308.BSU03981	66.2	22705933
11136673	224308.BSU20440	65.9	13772438
11137397	224308.BSU27560	65.3	65643168
11136919	224308.BSU22830	65.1	49453920
11137151	224308.BSU25120	65.1	15615834
11136804	224308.BSU21700	65.1	25506833
11138153	224308.BSU35020	64.6	30259006
11135920	224308.BSU13160	64.3	15170000
11138258	224308.BSU36080	63.9	18583593
11137874	224308.BSU32300	63.5	23467100
11137285	224308.BSU26470	62.9	19517670
11137552	224308.BSU29100	62.8	66065080
11137206	224308.BSU25650	62.7	8556440
11137748	224308.BSU31060	62.6	51625639
11135915	224308.BSU13110	62.4	17694010
11135976	224308.BSU13700	62.3	160348340
11134985	224308.BSU04000	62.3	41687832
11137207	224308.BSU25660	62.2	41111726
11137758	224308.BSU31160	62.1	67285260
11136251	224308.BSU16350	61.6	28402934
11134675	224308.BSU00940	61.6	75067596
11134628	224308.BSU00470	61.5	32921799
11138575	224308.BSU39220	61.5	22398960
11136220	224308.BSU16050	61.0	26318907
11137537	224308.BSU28950	60.8	70712816
11136809	224308.BSU21750	60.5	21609630
11136558	224308.BSU19330	60.2	55481066
11137524	224308.BSU28810	59.8	44342294
11135390	224308.BSU07990	59.8	32763499
11134949	224308.BSU03670	59.7	54133233
11137038	224308.BSU23990	59.6	32522690
11137402	224308.BSU27610	59.5	25644213
11137618	224308.BSU29740	59.3	46043081
11136093	224308.BSU14790	59.1	8627303
11137036	224308.BSU23970	58.6	26923467
11135709	224308.BSU11160	58.5	8193500
11137177	224308.BSU25370	58.5	11002840
11135617	224308.BSU10250	58.5	56639443
11135039	224308.BSU04530	58.4	6685566
11137479	224308.BSU28350	57.9	29771724
11136607	224308.BSU19770	57.8	14374333
11138483	224308.BSU38300	57.7	26260053
11138101	224308.BSU34510	57.6	18053713
11138229	224308.BSU35790	57.3	45492081
11138454	224308.BSU38020	57.0	29444903
11137395	224308.BSU27540	56.8	28854947
11136143	224308.BSU15280	56.8	50089780
11134874	224308.BSU02930	56.3	65013986
11134625	224308.BSU00440	56.3	4555570
11135692	224308.BSU11000	56.2	13535574
11135508	224308.BSU09150	56.2	16294769
11138227	224308.BSU35770	56.2	66461657
11136292	224308.BSU16760	56.2	39062781
11136897	224308.BSU22600	55.8	49229227
11138505	224308.BSU38510	55.6	37841293
11136982	224308.BSU23450	55.1	15508800
11136454	224308.BSU18370	55.1	22673450
11138550	224308.BSU38960	55.1	51605281
11137708	224308.BSU30660	54.7	15015067
11136199	224308.BSU15840	54.6	44599216
11134940	224308.BSU03590	54.6	28979897
11136906	224308.BSU22700	54.4	41367656
11137100	224308.BSU24610	54.3	17687900
11137693	224308.BSU30510	54.2	31734327
11137875	224308.BSU32310	54.0	15130433
11134664	224308.BSU00830	53.8	11366307
11138287	224308.BSU36360	53.8	8522367
11136951	224308.BSU23140	53.4	54585630
11135820	224308.BSU12229	53.4	6766100
11135981	224308.BSU13750	53.4	19934400
11137035	224308.BSU23960	53.3	17244788
11135488	224308.BSU08950	53.3	28504113
11137499	224308.BSU28560	53.3	62180897
11137897	224308.BSU32520	53.2	43482851
11138476	224308.BSU38230	53.0	3981367
11137523	224308.BSU28800	52.5	52250834
11136790	224308.BSU21550	52.5	24292337
11135223	224308.BSU06300	52.3	56046788
11135619	224308.BSU10270	52.2	58148143
11136802	224308.BSU21680	52.2	13997083
11135011	224308.BSU04250	52.0	22452317
11136781	224308.BSU21470	51.9	85864563
11138401	224308.BSU37490	51.8	27873466
11137452	224308.BSU28090	51.7	93722242
11138103	224308.BSU34530	51.3	38098228
11138354	224308.BSU37030	51.1	18858800
11137914	224308.BSU32680	51.1	18960580
11135579	224308.BSU09889	50.8	1558000
11138586	224308.BSU39330	50.8	54966268
11135506	224308.BSU09130	50.7	29092467
11138038	224308.BSU33870	50.4	17628617
11135333	224308.BSU07380	50.3	22823867
11137297	224308.BSU26600	50.3	16761623
11138596	224308.BSU39420	50.2	28039266
11135056	224308.BSU04690	49.8	20377067
11136624	224308.BSU19950	49.8	10967300
11138106	224308.BSU34560	49.8	72193886
11137170	224308.BSU25300	49.8	17834861
11137366	224308.BSU27270	49.8	20784397
11137391	224308.BSU27500	49.7	39741161
11138582	224308.BSU39290	49.7	16451000
11138757	224308.BSU40970	49.6	17916767
11136579	224308.BSU19540	49.2	15608567
11136846	224308.BSU22100	49.2	20871250
11136532	224308.BSU19080	49.1	15352920
11137293	224308.BSU26560	49.1	10347203
11135000	224308.BSU04140	49.0	53006121
11138152	224308.BSU35010	48.6	26271724
11135888	224308.BSU12840	48.6	8394867
11134879	224308.BSU02980	48.6	24314836
11137666	224308.BSU30250	48.4	36241290
11136824	224308.BSU21900	48.3	9945607
11138176	224308.BSU35260	48.2	25614447
11135450	224308.BSU08590	48.2	36740289
11136837	224308.BSU22020	48.1	6141726
11137900	224308.BSU32550	48.0	70065350
11135603	224308.BSU10100	48.0	14192034
11135408	224308.BSU08160	47.5	54150174
11138742	224308.BSU40830	47.4	18144967
11135948	224308.BSU13430	47.2	21445733
11136435	224308.BSU18190	47.0	6536300
11135821	224308.BSU12230	46.9	33616656
11135678	224308.BSU10860	46.7	23152466
11137481	224308.BSU28370	46.7	27802967
11136807	224308.BSU21730	46.3	19966727
11136365	224308.BSU17520	46.3	20021000
11137166	224308.BSU25270	46.3	31304474
11135346	224308.BSU07520	46.2	25828033
11136547	224308.BSU19230	45.9	13073463
11135569	224308.BSU09780	45.9	36449267
11136880	224308.BSU22430	45.8	21409654
11135529	224308.BSU09370	45.8	64997854
11138700	224308.BSU40420	45.8	40843247
11138615	224308.BSU39610	45.6	33769393
11138386	224308.BSU37340	45.3	16079801
11136041	224308.BSU14300	45.0	20246761
11134718	224308.BSU01370	45.0	21220573
11137093	224308.BSU24540	44.8	11285920
11137371	224308.BSU27320	44.6	9704010
11135541	224308.BSU09490	44.5	18757734
11134908	224308.BSU03270	44.5	34995860
11137060	224308.BSU24210	44.4	26887820
11137738	224308.BSU30960	44.4	43690667
11138721	224308.BSU40620	44.3	27743512
11136174	224308.BSU15590	44.2	49354889
11134794	224308.BSU02140	44.2	38630293
11136306	224308.BSU16930	44.0	30689365
11136581	224308.BSU19560	43.9	19731374
11134620	224308.BSU00390	43.8	26190100
11135626	224308.BSU10340	43.8	22432334
11136523	224308.BSU18990	43.7	19075130
11136128	224308.BSU15130	43.6	19464882
11134992	224308.BSU04060	43.6	17980269
11135048	224308.BSU04610	43.5	8985400
11137717	224308.BSU30750	43.4	36569407
11137191	224308.BSU25510	43.3	52421599
11137253	224308.BSU26140	43.2	109213600
11138676	224308.BSU40200	43.1	63824531
11137860	224308.BSU32160	43.0	12969336
11138308	224308.BSU36570	42.9	4119400
11138222	224308.BSU35720	42.8	85000903
11138223	224308.BSU35730	42.8	57314412
11138506	224308.BSU38520	42.6	7603870
11135917	224308.BSU13130	42.6	50825904
11136137	224308.BSU15220	42.4	29313503
11135960	224308.BSU13540	42.1	20045650
11135606	224308.BSU10130	42.0	25906997
11137262	224308.BSU26230	41.9	23639017
11138407	224308.BSU37550	41.8	7256726
11135533	224308.BSU09410	41.7	56568147
11136811	224308.BSU21770	41.7	28581231
11136792	224308.BSU21570	41.7	10844297
11136481	224308.BSU18630	41.6	14727674
11134666	224308.BSU00850	41.5	32653760
11134827	224308.BSU02470	41.4	44289555
11135754	224308.BSU11610	41.3	29394160
11135624	224308.BSU10320	41.3	33782296
11137188	224308.BSU25480	41.2	6967967
11135711	224308.BSU11180	41.2	6946400
11135044	224308.BSU04570	40.9	35824547
11138293	224308.BSU36420	40.8	5783316
11136879	224308.BSU22420	40.4	14418519
11135719	224308.BSU11260	40.4	4563867
11138359	224308.BSU37080	40.2	42841841
11134882	224308.BSU03010	40.0	40796516
11136055	224308.BSU14440	39.9	38433432
11135398	224308.BSU08060	39.9	25845086
11137821	224308.BSU31760	39.8	19804837
11137808	224308.BSU31630	39.8	41398287
11137163	224308.BSU25240	39.7	26321860
11137995	224308.BSU33440	39.4	57618796
11134674	224308.BSU00930	39.4	17280666
11134763	224308.BSU01820	39.4	13271001
11137118	224308.BSU24790	39.4	12010433
11136021	224308.BSU14100	39.4	6724800
11138175	224308.BSU35250	39.2	19763800
11136004	224308.BSU13950	39.0	57468291
11138148	224308.BSU34970	38.8	18945434
11136054	224308.BSU14430	38.8	46883484
11136504	224308.BSU18840	38.8	17765490
11135767	224308.BSU11740	38.6	9684567
11137088	224308.BSU24490	38.4	25614603
11137971	224308.BSU33221	38.2	18033153
11138112	224308.BSU34620	37.9	45480440
11136466	224308.BSU18490	37.8	6077704
11137209	224308.BSU25680	37.7	14337190
11135131	224308.BSU05400	37.6	12755783
11138603	224308.BSU39490	37.4	23501003
11136234	224308.BSU16190	37.4	13287767
11137608	224308.BSU29640	36.4	19774604
11134970	224308.BSU03860	36.4	11557500
11136078	224308.BSU14640	36.3	3020100
11136033	224308.BSU14220	36.1	14035666
11136182	224308.BSU15670	36.1	9085400
11136885	224308.BSU22480	36.1	15656466
11134966	224308.BSU03820	36.0	16229033
11138636	224308.BSU39820	36.0	45887089
11138648	224308.BSU39940	35.8	21509410
11136953	224308.BSU23160	35.7	16050376
11134627	224308.BSU00460	35.5	16288200
11135415	224308.BSU08230	35.5	11662220
11136995	224308.BSU23570	35.5	29310320
11136046	224308.BSU14350	35.3	24518368
11136869	224308.BSU22320	35.2	52540318
11138303	224308.BSU36520	35.1	9780034
11136005	224308.BSU13960	35.0	20958887
11137204	224308.BSU25630	34.7	13360433
11134631	224308.BSU00500	34.1	30029828
11137786	224308.BSU31410	33.9	14518873
11136822	224308.BSU21880	33.8	18385996
11138538	224308.BSU38840	33.6	16097330
11136437	224308.BSU18210	33.5	29893994
11137056	224308.BSU24170	33.4	21373102
11137133	224308.BSU24940	33.3	7607367
11138114	224308.BSU34640	33.2	8248401
11137053	224308.BSU24140	33.2	30882313
11137201	224308.BSU25600	33.1	21995289
11136149	224308.BSU15340	33.1	24370785
11135734	224308.BSU11420	33.0	19897973
11134597	224308.BSU00160	33.0	29714994
11135563	224308.BSU09720	32.9	42374704
11138608	224308.BSU39540	32.6	14942417
11138004	224308.BSU33530	32.5	20355573
11136116	224308.BSU15020	32.2	11330701
11135052	224308.BSU04650	32.2	4357734
11136339	224308.BSU17260	32.2	21640457
11137813	224308.BSU31680	32.0	17535410
11136138	224308.BSU15230	31.8	24037450
11137502	224308.BSU28590	31.8	38358644
11136498	224308.BSU18780	31.6	17575068
11135281	224308.BSU06840	31.6	11325300
11136160	224308.BSU15450	31.5	4447133
11138320	224308.BSU36690	31.3	32303594
11138127	224308.BSU34760	31.2	16397647
11137820	224308.BSU31750	31.2	44493427
11138102	224308.BSU34520	30.9	31110324
11135837	224308.BSU12390	30.9	50563928
11137426	224308.BSU27830	30.8	9802274
11135190	224308.BSU05970	30.7	17650847
11138425	224308.BSU37730	30.5	13104834
11137317	224308.BSU26800	30.5	21495617
11137435	224308.BSU27920	30.4	30907595
11135202	224308.BSU06100	30.2	25895723
11137568	224308.BSU29249	29.5	2349590
11138093	224308.BSU34430	29.4	10194537
11135883	224308.BSU12790	29.4	6554767
11135047	224308.BSU04600	29.4	38354692
11135495	224308.BSU09020	29.4	15482767
11137683	224308.BSU30420	29.1	9658734
11138604	224308.BSU39500	29.1	12668340
11138662	224308.BSU40070	29.0	25498367
11134901	224308.BSU03200	29.0	16601043
11138136	224308.BSU34850	28.9	15296697
11135438	224308.BSU08470	28.9	18410744
11136973	224308.BSU23370	28.9	15204267
11138735	224308.BSU40760	28.9	9193431
11138307	224308.BSU36560	28.6	18542510
11137480	224308.BSU28360	28.4	9648497
11136204	224308.BSU15890	28.3	29891460
11138362	224308.BSU37100	28.3	21714329
11134840	224308.BSU02600	28.3	6470010
11135288	224308.BSU06910	28.2	7423950
11138663	224308.BSU40080	28.1	66193040
11135782	224308.BSU11880	28.1	18804157
11136175	224308.BSU15600	28.1	9871207
11135118	224308.BSU05280	28.0	8760167
11136895	224308.BSU22580	27.8	12286797
11137146	224308.BSU25070	27.8	33438400
11138558	224308.BSU39050	27.8	32500679
11137330	224308.BSU26920	27.7	8284967
11138490	224308.BSU38370	27.7	6621200
11138760	224308.BSU41000	27.7	16188332
11137016	224308.BSU23770	27.6	30947530
11136079	224308.BSU14650	27.5	11187963
11134641	224308.BSU00600	27.4	6050515
11134920	224308.BSU03380	27.2	12285703
11137203	224308.BSU25620	27.1	6128400
11137626	224308.BSU29830	27.1	15557240
11137092	224308.BSU24530	27.0	19089869
11137393	224308.BSU27520	27.0	6747564
11137672	224308.BSU30310	26.8	4643483
11137798	224308.BSU31530	26.8	15125530
11134899	224308.BSU03180	26.8	23305004
11136475	224308.BSU18580	26.4	8998831
11135051	224308.BSU04640	26.3	21337690
11137594	224308.BSU29500	26.3	10213634
11137180	224308.BSU25400	26.3	6717400
11136351	224308.BSU17380	26.2	38029978
11138369	224308.BSU37170	26.2	23464783
11138621	224308.BSU39670	26.2	17058160
11137369	224308.BSU27300	26.2	4050259
11134873	224308.BSU02920	26.1	14215853
11138389	224308.BSU37370	26.0	38368323
11136572	224308.BSU19470	26.0	6638953
11137591	224308.BSU29470	25.9	31063899
11135859	224308.BSU12590	25.9	33521674
11135358	224308.BSU07650	25.6	12422533
11135607	224308.BSU10140	25.6	24349066
11135373	224308.BSU07810	25.6	41603190
11134999	224308.BSU04130	25.6	6731234
11138756	224308.BSU40960	25.4	19492946
11136598	224308.BSU19690	25.4	29088634
11137633	224308.BSU29900	25.4	10685339
11136096	224308.BSU14820	25.3	6312587
11136084	224308.BSU14700	25.3	24910031
11135726	224308.BSU11330	25.2	15098063
11137037	224308.BSU23980	25.1	17288177
11135059	224308.BSU04720	25.1	10900204
11137597	224308.BSU29530	25.1	13757221
11134670	224308.BSU00890	25.1	26624777
11134803	224308.BSU02230	25.0	18032237
11136985	224308.BSU23480	25.0	24230807
11136852	224308.BSU22160	25.0	2450667
11135222	224308.BSU06290	24.8	23433063
11135815	224308.BSU12180	24.8	9437851
11136091	224308.BSU14770	24.5	23737563
11135401	224308.BSU08090	24.4	14244234
11135879	224308.BSU12750	24.3	34420501
11136545	224308.BSU19210	24.3	13373155
11135744	224308.BSU11520	24.3	8091720
11135630	224308.BSU10380	24.1	18693757
11135227	224308.BSU06330	24.0	22453087
11134669	224308.BSU00880	24.0	26792651
11136522	224308.BSU18980	24.0	17795132
11136441	224308.BSU18240	24.0	22010308
11137498	224308.BSU28550	23.9	7992367
11134799	224308.BSU02190	23.9	15162007
11135904	224308.BSU13000	23.9	33807360
11137415	224308.BSU27730	23.9	33210177
11136933	224308.BSU22950	23.9	14435223
11135159	224308.BSU05650	23.8	27396631
11138404	224308.BSU37520	23.6	3560926
11137854	224308.BSU32100	23.5	25358469
11136269	224308.BSU16530	23.4	15513733
11138631	224308.BSU39770	23.4	14353784
11136259	224308.BSU16430	23.3	29513631
11137051	224308.BSU24120	23.2	14661693
11136066	224308.BSU14550	23.1	13459620
11137383	224308.BSU27440	23.0	8885730
11135246	224308.BSU06520	22.9	32564659
11138368	224308.BSU37160	22.8	7025467
11134617	224308.BSU00360	22.8	10512537
11135570	224308.BSU09790	22.8	26285858
11136571	224308.BSU19460	22.7	11767530
11138446	224308.BSU37940	22.5	21040333
11134639	224308.BSU00580	22.4	24685893
11137873	224308.BSU32290	22.3	7774130
11136352	224308.BSU17390	22.2	16639623
11137455	224308.BSU28110	21.8	21791700
11137844	224308.BSU32000	21.7	11453800
11134595	224308.BSU00140	21.6	11881754
11136422	224308.BSU18060	21.6	1631413
11136585	224308.BSU19590	21.5	19278921
11135060	224308.BSU04730	21.4	12753120
11138482	224308.BSU38290	21.4	12094733
11137805	224308.BSU31600	21.4	26054970
11137246	224308.BSU26075	21.3	60519100
11137829	224308.BSU31840	21.2	12379183
11136133	224308.BSU15180	21.1	19619003
11135781	224308.BSU11870	21.0	16849951
11135287	224308.BSU06900	21.0	3531633
11138602	224308.BSU39480	21.0	10811037
11137842	224308.BSU31980	20.9	19543964
11134582	224308.BSU00010	20.6	23117185
11137070	224308.BSU24310	20.6	11855227
11135997	224308.BSU13880	20.3	15039463
11137550	224308.BSU29080	20.2	14185270
11138551	224308.BSU38970	20.2	10717500
11137516	224308.BSU28730	20.2	13458247
11136722	224308.BSU20928	20.1	4684700
11136878	224308.BSU22410	20.0	5752914
11138071	224308.BSU34200	20.0	24273380
11137922	224308.BSU32750	19.8	19188213
11138064	224308.BSU34130	19.7	32277251
11138370	224308.BSU37180	19.7	29098772
11136310	224308.BSU16970	19.6	14280485
11135034	224308.BSU04480	19.6	9206867
11137964	224308.BSU33150	19.5	5400130
11138675	224308.BSU40190	19.3	25043117
11137963	224308.BSU33140	19.3	12523299
11135580	224308.BSU09890	19.2	14854698
11137028	224308.BSU23890	19.2	4537233
11134719	224308.BSU01380	19.1	9630930
11134613	224308.BSU00320	19.0	16097517
11137639	224308.BSU29960	19.0	6044733
11135894	224308.BSU12900	18.9	20596453
11137825	224308.BSU31800	18.9	8897667
11137169	224308.BSU25290	18.9	12087418
11137153	224308.BSU25140	18.8	19265239
11137907	224308.BSU32620	18.8	9420616
11136020	224308.BSU14090	18.8	18689527
11137419	224308.BSU27770	18.7	13828377
11136899	224308.BSU22620	18.7	14710075
11134859	224308.BSU02780	18.7	17325300
11137781	224308.BSU31360	18.6	17373399
11134852	224308.BSU02710	18.6	3857533
11137809	224308.BSU31640	18.6	3680274
11137975	224308.BSU33240	18.5	13449222
11138561	224308.BSU39080	18.4	11158167
11135160	224308.BSU05660	18.4	11424100
11135154	224308.BSU05600	18.4	8902651
11138588	224308.BSU39340	18.3	7836423
11135786	224308.BSU11920	18.3	5645446
11135841	224308.BSU12430	18.2	16423373
11136030	224308.BSU14190	18.2	9133496
11135493	224308.BSU09000	18.1	4387433
11137255	224308.BSU26160	18.0	10709966
11136999	224308.BSU23610	18.0	8400953
11136888	224308.BSU22510	17.9	12613500
11136172	224308.BSU15570	17.8	6017240
11137149	224308.BSU25100	17.8	6397866
11135331	224308.BSU07360	17.7	10491556
11136388	224308.BSU17730	17.7	7020333
11137784	224308.BSU31390	17.6	3072900
11137208	224308.BSU25670	17.4	12310994
11135252	224308.BSU06570	17.4	11551104
11135386	224308.BSU07940	17.4	7608633
11135657	224308.BSU10650	17.3	30020349
11135188	224308.BSU05950	17.1	23563129
11135392	224308.BSU08010	17.0	11683264
11137592	224308.BSU29480	16.9	13622841
11135221	224308.BSU06280	16.8	12313397
11134634	224308.BSU00530	16.8	8605026
11136798	224308.BSU21630	16.8	8053417
11136707	224308.BSU20780	16.7	3695384
11135844	224308.BSU12460	16.7	11362640
11137445	224308.BSU28020	16.7	7516747
11134744	224308.BSU01620	16.6	14429333
11136328	224308.BSU17150	16.5	13088246
11136180	224308.BSU15650	16.5	21232501
11138759	224308.BSU40990	16.5	10422866
11136413	224308.BSU17980	16.4	1348448
11135901	224308.BSU12970	16.4	8532327
11137368	224308.BSU27290	16.4	4110147
11138107	224308.BSU34570	16.4	28546936
11137041	224308.BSU24020	16.3	10650421
11135562	224308.BSU09710	16.3	23918037
11135560	224308.BSU09690	16.2	3849900
11137947	224308.BSU33000	16.2	5984439
11135122	224308.BSU05320	16.2	6119647
11135194	224308.BSU06010	16.2	10156733
11138671	224308.BSU40150	16.2	9081130
11137812	224308.BSU31670	16.2	4344334
11136325	224308.BSU17120	16.1	22519784
11137376	224308.BSU27370	16.0	16098233
11137553	224308.BSU29110	16.0	11363087
11138592	224308.BSU39380	15.9	10775087
11134777	224308.BSU01970	15.9	4151377
11137732	224308.BSU30900	15.9	15825140
11138126	224308.BSU34750	15.7	8477440
11135519	224308.BSU09270	15.7	9727093
11135429	224308.BSU08370	15.7	5358033
11138553	224308.BSU38990	15.7	4813053
11138730	224308.BSU40710	15.6	4001867
11137392	224308.BSU27510	15.6	12329966
11135556	224308.BSU09650	15.5	9847263
11138691	224308.BSU40330	15.5	12158750
11136894	224308.BSU22570	15.4	5474137
11136024	224308.BSU14130	15.4	5520433
11137325	224308.BSU26870	15.4	10709917
11138423	224308.BSU37710	15.4	17859000
11138464	224308.BSU38120	15.4	6075853
11137623	224308.BSU29790	15.3	14092070
11136850	224308.BSU22140	15.3	5857760
11135087	224308.BSU04990	15.2	4839322
11136588	224308.BSU19620	15.2	6484500
11137404	224308.BSU27630	15.0	2143697
11135185	224308.BSU05920	15.0	10890997
11136570	224308.BSU19450	14.8	10217553
11136107	224308.BSU14930	14.8	6052774
11134832	224308.BSU02520	14.8	9490837
11137518	224308.BSU28750	14.7	12464137
11136335	224308.BSU17220	14.7	63008384
11137968	224308.BSU33190	14.7	8616500
11135412	224308.BSU08200	14.6	11440300
11136778	224308.BSU21440	14.5	5042767
11137694	224308.BSU30520	14.3	3416300
11137734	224308.BSU30920	14.3	10005742
11138133	224308.BSU34820	14.2	15780194
11136317	224308.BSU17040	14.2	27537493
11136463	224308.BSU18460	14.2	11308870
11137921	224308.BSU32740	14.2	3225260
11136248	224308.BSU16320	14.0	4231674
11138374	224308.BSU37220	13.9	2712767
11135819	224308.BSU12220	13.9	9627800
11136314	224308.BSU17010	13.8	14171900
11134936	224308.BSU03540	13.7	6130164
11136816	224308.BSU21820	13.6	7818990
11135613	224308.BSU10210	13.6	4728867
11134858	224308.BSU02770	13.5	11368967
11137020	224308.BSU23810	13.5	22336666
11136102	224308.BSU14880	13.5	6281267
11135007	224308.BSU04210	13.3	5158343
11135332	224308.BSU07370	13.3	14839816
11135385	224308.BSU07930	13.3	8975423
11138290	224308.BSU36390	13.3	6615406
11137551	224308.BSU29090	13.3	25960998
11136165	224308.BSU15500	13.3	15669166
11137704	224308.BSU30630	13.2	4240867
11137519	224308.BSU28760	13.2	13560239
11138489	224308.BSU38360	13.0	11601303
11135207	224308.BSU06150	13.0	7448570
11138763	224308.BSU41030	12.9	5821163
11135571	224308.BSU09800	12.9	4037906
11135573	224308.BSU09830	12.9	6490036
11136908	224308.BSU22720	12.8	7660410
11137443	224308.BSU28000	12.5	5361533
11138734	224308.BSU40750	12.5	3376267
11137484	224308.BSU28400	12.5	3546497
11134791	224308.BSU02110	12.4	3749266
11134750	224308.BSU01680	12.4	8131033
11135959	224308.BSU13530	12.4	37445000
11135430	224308.BSU08380	12.3	5735334
11136904	224308.BSU22680	12.3	10847000
11135012	224308.BSU04260	12.3	20249741
11137219	224308.BSU25790	12.3	7265270
11134758	224308.BSU01760	12.3	8779224
11135783	224308.BSU11890	12.2	6421723
11135189	224308.BSU05960	12.1	6124047
11137864	224308.BSU32200	12.1	10172183
11135885	224308.BSU12810	12.1	12042556
11135215	224308.BSU06230	12.1	8318843
11138609	224308.BSU39550	12.0	3080317
11137766	224308.BSU31240	12.0	16145761
11134792	224308.BSU02120	12.0	11369200
11138352	224308.BSU37010	12.0	9857346
11137979	224308.BSU33280	11.9	4125780
11137695	224308.BSU30530	11.8	8696854
11137174	224308.BSU25340	11.8	7797910
11134593	224308.BSU00120	11.8	8418033
11135902	224308.BSU12980	11.8	9816930
11135177	224308.BSU05830	11.6	6575767
11136205	224308.BSU15900	11.4	8274310
11134951	224308.BSU03690	11.4	7161967
11136228	224308.BSU16130	11.4	10564213
11136124	224308.BSU15090	11.4	5690430
11137386	224308.BSU27468	11.3	1253707
11135169	224308.BSU05750	11.3	4260816
11136287	224308.BSU16710	11.3	12259474
11137015	224308.BSU23760	11.3	9173333
11137345	224308.BSU27060	11.2	4234120
11137055	224308.BSU24160	11.2	6480793
11136092	224308.BSU14780	11.2	1944390
11136334	224308.BSU17210	11.1	105852924
11135165	224308.BSU05710	11.1	6340713
11136171	224308.BSU15560	11.1	3138673
11138236	224308.BSU35860	11.0	8845951
11138563	224308.BSU39100	11.0	2583300
11138235	224308.BSU35850	10.9	8328424
11138677	224308.BSU40210	10.9	4940100
11137615	224308.BSU29710	10.9	7788466
11135543	224308.BSU09510	10.9	6838230
11135794	224308.BSU11980	10.9	2946530
11137005	224308.BSU23660	10.9	1992150
11138280	224308.BSU36290	10.8	6699046
11138049	224308.BSU33980	10.8	6554744
11135155	224308.BSU05610	10.7	9636043
11137342	224308.BSU27030	10.7	11131147
11137006	224308.BSU23670	10.6	15015953
11134963	224308.BSU03790	10.6	8213844
11135671	224308.BSU10790	10.6	23430860
11138170	224308.BSU35190	10.5	14179086
11137850	224308.BSU32060	10.5	2184555
11137522	224308.BSU28790	10.4	10163101
11137696	224308.BSU30540	10.4	20255253
11138110	224308.BSU34600	10.3	4930967
11135919	224308.BSU13150	10.3	4477547
11136378	224308.BSU17640	9.99	5931406
11134761	224308.BSU01800	9.99	5408546
11135411	224308.BSU08190	9.98	9176874
11137315	224308.BSU26780	9.98	2308433
11138536	224308.BSU38820	9.93	6354096
11137640	224308.BSU29970	9.93	6949823
11136332	224308.BSU17190	9.91	63604793
11136996	224308.BSU23580	9.86	5998680
11135752	224308.BSU11590	9.84	2514134
11138047	224308.BSU33960	9.84	6531167
11135546	224308.BSU09540	9.84	5143100
11137945	224308.BSU32980	9.8	4750453
11138013	224308.BSU33620	9.8	8030040
11135379	224308.BSU07870	9.72	1966263
11135088	224308.BSU05000	9.66	4233580
11134930	224308.BSU03480	9.63	231619517
11134755	224308.BSU01730	9.63	2308600
11134986	224308.BSU04010	9.57	17215833
11135625	224308.BSU10330	9.56	6407037
11134793	224308.BSU02130	9.54	6571667
11137590	224308.BSU29460	9.5	5314400
11136336	224308.BSU17230	9.4	11000753
11138124	224308.BSU34730	9.36	4002316
11137444	224308.BSU28010	9.36	2771436
11138679	224308.BSU40230	9.3	2981316
11138693	224308.BSU40350	9.28	4815327
11137742	224308.BSU31000	9.14	3360420
11138492	224308.BSU38390	9.09	8526900
11137978	224308.BSU33270	9.07	4974737
11137733	224308.BSU30910	9.07	9244406
11135816	224308.BSU12190	9.02	3969267
11138178	224308.BSU35280	9.0	5773233
11136910	224308.BSU22740	8.94	6461527
11138428	224308.BSU37760	8.84	5666867
11138661	224308.BSU40060	8.84	12889586
11137928	224308.BSU32810	8.81	1946986
11137057	224308.BSU24180	8.78	5846340
11135952	224308.BSU13470	8.76	2253107
11135963	224308.BSU13570	8.72	4840573
11136577	224308.BSU19520	8.71	6694487
11136135	224308.BSU15200	8.7	6667740
11137401	224308.BSU27600	8.69	13325998
11138046	224308.BSU33950	8.64	6564887
11137935	224308.BSU32860	8.62	1127860
11138762	224308.BSU41020	8.62	8128042
11136122	224308.BSU15070	8.57	3453634
11135329	224308.BSU07340	8.56	3805967
11138129	224308.BSU34780	8.55	3169686
11135334	224308.BSU07390	8.46	2571027
11138457	224308.BSU38050	8.38	3629943
11138589	224308.BSU39350	8.38	10105127
11135951	224308.BSU13460	8.34	9927621
11136567	224308.BSU19420	8.34	5742034
11137785	224308.BSU31400	8.31	7729647
11137413	224308.BSU27720	8.3	6873191
11136948	224308.BSU23110	8.28	13411303
11136927	224308.BSU22890	8.27	5320666
11135172	224308.BSU05780	8.27	6359896
11138761	224308.BSU41010	8.25	9229458
11135591	224308.BSU09990	8.23	3067567
11135436	224308.BSU08450	8.23	6660646
11136280	224308.BSU16640	8.21	2287433
11136326	224308.BSU17130	8.17	1837216
11134977	224308.BSU03930	8.12	4710433
11136905	224308.BSU22690	8.05	1946000
11136717	224308.BSU20880	8.05	4469659
11137184	224308.BSU25440	8.03	7726500
11137607	224308.BSU29630	7.98	4304533
11135975	224308.BSU13690	7.92	4349637
11135908	224308.BSU13040	7.86	5594544
11137361	224308.BSU27220	7.84	14236016
11136188	224308.BSU15730	7.8	5340080
11137434	224308.BSU27910	7.76	1921070
11135581	224308.BSU09900	7.75	4329297
11138246	224308.BSU35960	7.75	5414134
11136372	224308.BSU17580	7.74	7592277
11135111	224308.BSU05210	7.7	2592830
11136854	224308.BSU22170	7.7	6283244
11138268	224308.BSU36180	7.64	1265367
11136410	224308.BSU17950	7.58	3447133
11135289	224308.BSU06920	7.55	3992267
11137075	224308.BSU24360	7.53	2777708
11135211	224308.BSU06190	7.51	8061656
11136769	224308.BSU21350	7.48	26180503
11136318	224308.BSU17050	7.48	11507640
11136917	224308.BSU22810	7.48	3652667
11136063	224308.BSU14520	7.47	5476149
11138432	224308.BSU37800	7.47	2632367
11135967	224308.BSU13610	7.44	3051067
11138199	224308.BSU35480	7.41	4111057
11138054	224308.BSU34030	7.32	4179116
11135420	224308.BSU08280	7.31	4490291
11135708	224308.BSU11150	7.21	3840253
11135516	224308.BSU09240	7.15	2713300
11135826	224308.BSU12280	7.14	3371166
11135806	224308.BSU12090	7.09	1173400
11135377	224308.BSU07850	7.09	3367967
11137313	224308.BSU26760	7.07	2295623
11137008	224308.BSU23690	7.03	2105103
11137427	224308.BSU27840	7.02	1495237
11136129	224308.BSU15140	6.97	4087916
11135828	224308.BSU12300	6.8	7467838
11138220	224308.BSU35700	6.78	6294000
11136163	224308.BSU15480	6.72	5976867
11138722	224308.BSU40630	6.68	4666296
11136353	224308.BSU17400	6.64	2124467
11137501	224308.BSU28580	6.63	9804360
11136911	224308.BSU22750	6.61	3503537
11135547	224308.BSU09550	6.55	7142563
11138306	224308.BSU36550	6.47	3246287
11135551	224308.BSU09600	6.46	1058223
11135065	224308.BSU04780	6.45	12081450
11135258	224308.BSU06630	6.45	7593643
11137150	224308.BSU25110	6.39	2256133
11134784	224308.BSU02040	6.31	3718507
11136080	224308.BSU14660	6.28	326617
11138698	224308.BSU40400	6.27	16321233
11135233	224308.BSU06390	6.23	509843
11138186	224308.BSU35350	6.22	2228400
11134636	224308.BSU00550	6.13	18424540
11135872	224308.BSU12690	6.1	2524493
11138262	224308.BSU36120	6.07	671117
11135201	224308.BSU06090	6.06	2924417
11136153	224308.BSU15380	6.06	1968900
11137303	224308.BSU26650	6.04	1452353
11136255	224308.BSU16390	6.01	5604067
11135339	224308.BSU07440	5.96	3177363
11136884	224308.BSU22470	5.9	4980333
11135818	224308.BSU12210	5.88	4789566
11136432	224308.BSU18160	5.84	4327467
11136709	224308.BSU20800	5.84	8114068
11138094	224308.BSU34440	5.76	5871493
11136289	224308.BSU16730	5.72	3139577
11138189	224308.BSU35380	5.71	1521350
11138443	224308.BSU37910	5.69	3149197
11136271	224308.BSU16550	5.57	4984530
11136185	224308.BSU15700	5.57	5733943
11137103	224308.BSU24640	5.55	2084733
11138659	224308.BSU40040	5.48	3488944
11136947	224308.BSU23100	5.48	2203530
11137316	224308.BSU26790	5.45	2718300
11136341	224308.BSU17280	5.43	1179700
11138131	224308.BSU34800	5.42	4582834
11137390	224308.BSU27490	5.41	2350010
11137517	224308.BSU28740	5.41	2284967
11137364	224308.BSU27250	5.38	4468760
11137934	224308.BSU32859	5.37	1636400
11135405	224308.BSU08130	5.34	1200233
11138297	224308.BSU36460	5.34	4038800
11136275	224308.BSU16590	5.33	2987433
11135882	224308.BSU12780	5.25	3421097
11137210	224308.BSU25690	5.24	955067
11136492	224308.BSU18720	5.21	1919745
11136442	224308.BSU18250	5.19	4887613
11137226	224308.BSU25860	5.19	4826153
11134959	224308.BSU03770	5.17	7620628
11136426	224308.BSU18100	5.15	9581934
11138311	224308.BSU36600	5.12	4274836
11138012	224308.BSU33610	5.07	8650158
11135274	224308.BSU06790	5.06	561343
11136283	224308.BSU16670	5.04	4039374
11134863	224308.BSU02820	4.99	4863233
11135655	224308.BSU10630	4.96	12349353
11136920	224308.BSU22840	4.88	4773700
11137667	224308.BSU30260	4.88	3069090
11136930	224308.BSU22920	4.84	5056100
11138514	224308.BSU38600	4.83	6054602
11135256	224308.BSU06610	4.83	8387430
11136241	224308.BSU16260	4.8	1934166
11134789	224308.BSU02090	4.78	2312850
11136898	224308.BSU22610	4.76	2885727
11138687	224308.BSU40290	4.74	2091127
11136515	224308.BSU18910	4.71	5530497
11137155	224308.BSU25160	4.67	4427967
11136358	224308.BSU17450	4.66	1251133
11136361	224308.BSU17480	4.64	3622567
11136708	224308.BSU20790	4.63	4320133
11138626	224308.BSU39720	4.63	3077540
11136274	224308.BSU16580	4.59	15626626
11138270	224308.BSU36200	4.58	283300
11137644	224308.BSU30010	4.57	2441033
11135648	224308.BSU10560	4.55	3673634
11138204	224308.BSU35530	4.55	3301850
11138226	224308.BSU35760	4.52	4499741
11138477	224308.BSU38240	4.5	3149034
11135313	224308.BSU07160	4.49	790200
11137407	224308.BSU27660	4.49	1067933
11135691	224308.BSU10990	4.47	3008170
11137861	224308.BSU32170	4.43	1648220
11137992	224308.BSU33410	4.43	1224163
11137196	224308.BSU25560	4.42	3571329
11137040	224308.BSU24010	4.42	3281533
11134896	224308.BSU03150	4.4	1071350
11136438	224308.BSU18220	4.38	2681557
11134586	224308.BSU00050	4.37	1491150
11137831	224308.BSU31860	4.36	10337053
11136181	224308.BSU15660	4.36	4603180
11138741	224308.BSU40820	4.32	7409707
11136998	224308.BSU23600	4.3	2956663
11136858	224308.BSU22210	4.29	5067300
11136470	224308.BSU18530	4.27	2495467
11134958	224308.BSU03760	4.25	2386337
11135337	224308.BSU07420	4.25	3860511
11137190	224308.BSU25500	4.24	2683296
11135257	224308.BSU06620	4.24	9664600
11136825	224308.BSU21910	4.19	3547167
11137586	224308.BSU29420	4.17	1672680
11135532	224308.BSU09400	4.17	5753208
11134868	224308.BSU02870	4.17	842270
11134677	224308.BSU00960	4.15	3026133
11135143	224308.BSU05500	4.14	1080590
11136233	224308.BSU16180	4.13	1051393
11135953	224308.BSU13480	4.08	2591570
11137126	224308.BSU24870	4.05	3109760
11136449	224308.BSU18320	4.03	25574136
11134887	224308.BSU03060	4.02	2713844
11134965	224308.BSU03810	4.0	3415100
11134922	224308.BSU03400	4.0	967900
11137970	224308.BSU33210	3.95	8453947
11136331	224308.BSU17180	3.95	58749250
11138702	224308.BSU40440	3.9	4031944
11134757	224308.BSU01750	3.89	2458304
11135391	224308.BSU08000	3.8	3102407
11137260	224308.BSU26210	3.78	1470450
11137185	224308.BSU25450	3.76	2595940
11136743	224308.BSU21110	3.73	6016600
11138055	224308.BSU34040	3.7	3701173
11138317	224308.BSU36660	3.7	1298467
11136447	224308.BSU18300	3.7	9088690
11136179	224308.BSU15640	3.69	5838353
11137482	224308.BSU28380	3.63	2847683
11137054	224308.BSU24150	3.62	2644614
11135974	224308.BSU13680	3.6	1717590
11134813	224308.BSU02330	3.57	4165787
11135653	224308.BSU10610	3.55	1330700
11134948	224308.BSU03660	3.55	3604066
11137257	224308.BSU26180	3.47	7014880
11135824	224308.BSU12260	3.47	1711910
11137833	224308.BSU31890	3.47	4238466
11136247	224308.BSU16310	3.47	2038380
11138613	224308.BSU39590	3.44	369500
11138709	224308.BSU40510	3.43	4916800
11137565	224308.BSU29230	3.43	8122014
11138242	224308.BSU35920	3.39	1501514
11138412	224308.BSU37600	3.39	4394063
11135677	224308.BSU10850	3.35	2622530
11136508	224308.BSU18870	3.34	623910
11136419	224308.BSU18030	3.33	480743
11135785	224308.BSU11910	3.32	2751007
11137362	224308.BSU27230	3.3	1614160
11137394	224308.BSU27530	3.29	3983140
11135008	224308.BSU04220	3.27	448500
11135978	224308.BSU13720	3.26	2359167
11138562	224308.BSU39090	3.26	1947510
11135483	224308.BSU08900	3.25	2198951
11137769	224308.BSU31270	3.25	1533100
11135633	224308.BSU10410	3.24	497233
11134831	224308.BSU02510	3.23	4217777
11136208	224308.BSU15930	3.23	1685186
11137749	224308.BSU31070	3.22	1736180
11137816	224308.BSU31710	3.19	1630487
11138327	224308.BSU36760	3.19	2356453
11137350	224308.BSU27110	3.19	1434986
11137789	224308.BSU31440	3.19	2474600
11135510	224308.BSU09180	3.17	2455583
11135903	224308.BSU12990	3.17	2385300
11136833	224308.BSU21990	3.15	837107
11136161	224308.BSU15460	3.15	1446727
11136333	224308.BSU17200	3.14	30424566
11136377	224308.BSU17630	3.14	2641967
11135232	224308.BSU06380	3.14	1168497
11135210	224308.BSU06180	3.1	1280196
11138552	224308.BSU38980	3.1	1347153
11138601	224308.BSU39470	3.07	1726000
11135654	224308.BSU10620	3.07	7930711
11135320	224308.BSU07250	3.06	11077300
11136119	224308.BSU15050	3.04	2301133
11137648	224308.BSU30060	3.04	2251254
11136011	224308.BSU14010	3.03	2533957
11135897	224308.BSU12930	3.02	2326310
11135259	224308.BSU06640	3.02	2751073
11136189	224308.BSU15740	2.99	3921069
11135972	224308.BSU13660	2.98	4090033
11137143	224308.BSU25040	2.97	2183233
11137631	224308.BSU29880	2.96	6515086
11137981	224308.BSU33300	2.95	1725067
11136402	224308.BSU17870	2.91	1042737
11136727	224308.BSU20960	2.82	3746840
11137157	224308.BSU25180	2.82	1533363
11138397	224308.BSU37450	2.8	1555960
11137471	224308.BSU28270	2.79	1841200
11137993	224308.BSU33420	2.78	5258317
11136859	224308.BSU22220	2.77	6049454
11138275	224308.BSU36250	2.74	1825210
11137800	224308.BSU31550	2.74	2819386
11137531	224308.BSU28890	2.73	1558914
11135279	224308.BSU06830	2.71	2620503
11138429	224308.BSU37770	2.71	3503697
11135426	224308.BSU08340	2.7	1694173
11136047	224308.BSU14360	2.7	1513360
11135002	224308.BSU04160	2.66	4990573
11138337	224308.BSU36860	2.65	390957
11136938	224308.BSU23000	2.62	292813
11136324	224308.BSU17110	2.6	1480137
11138392	224308.BSU37400	2.53	2932107
11136254	224308.BSU16380	2.53	1798397
11134946	224308.BSU03651	2.52	376713
11136788	224308.BSU21540	2.51	535333
11137772	224308.BSU31290	2.48	8450167
11135171	224308.BSU05770	2.47	1280653
11136451	224308.BSU18340	2.47	19161255
11136847	224308.BSU22110	2.46	1485587
11135620	224308.BSU10280	2.46	864667
11136521	224308.BSU18970	2.42	4510599
11136371	224308.BSU17570	2.41	1651890
11136546	224308.BSU19220	2.41	3923873
11138625	224308.BSU39710	2.41	912067
11136448	224308.BSU18310	2.4	24876246
11134668	224308.BSU00870	2.39	3049633
11137378	224308.BSU27390	2.38	720630
11134964	224308.BSU03800	2.35	1435747
11137840	224308.BSU31960	2.34	13809600
11138366	224308.BSU37140	2.34	1372273
11137202	224308.BSU25610	2.3	816567
11136883	224308.BSU22460	2.28	1993123
11138502	224308.BSU38490	2.26	845467
11134926	224308.BSU03440	2.24	1297516
11135808	224308.BSU12110	2.22	936441
11137063	224308.BSU24240	2.19	2459236
11136838	224308.BSU22030	2.19	5249646
11134997	224308.BSU04110	2.18	1606350
11137645	224308.BSU30020	2.17	238137
11138642	224308.BSU39880	2.17	1180717
11136718	224308.BSU20890	2.12	1290513
11138061	224308.BSU34100	2.08	897646
11134921	224308.BSU03390	2.08	2574767
11136445	224308.BSU18280	2.04	1747590
11135742	224308.BSU11500	2.01	882627
11135187	224308.BSU05940	1.97	1318793
11138314	224308.BSU36630	1.95	568267
11135393	224308.BSU08020	1.93	2237800
11136936	224308.BSU22980	1.92	833167
11138109	224308.BSU34590	1.86	1279133
11136635	224308.BSU20060	1.84	7849710
11134919	224308.BSU03370	1.83	1082190
11138697	224308.BSU40390	1.8	983920
11134621	224308.BSU00400	1.8	3273433
11137942	224308.BSU32930	1.78	421780
11136474	224308.BSU18570	1.78	2487753
11137796	224308.BSU31510	1.77	482107
11137682	224308.BSU30410	1.76	1451026
11134829	224308.BSU02490	1.75	1171700
11137924	224308.BSU32770	1.75	433777
11134826	224308.BSU02460	1.74	1539953
11136633	224308.BSU20040	1.7	2904006
11138450	224308.BSU37980	1.7	1088173
11134624	224308.BSU00430	1.66	1982304
11137213	224308.BSU25720	1.66	862877
11137548	224308.BSU29060	1.65	972770
11134728	224308.BSU01460	1.65	947833
11137664	224308.BSU30230	1.64	1202516
11136007	224308.BSU13980	1.64	1910050
11135434	224308.BSU08425	1.64	3876647
11135323	224308.BSU07280	1.64	1507417
11134957	224308.BSU03750	1.64	446150
11137179	224308.BSU25390	1.63	973533
11136779	224308.BSU21450	1.62	1244840
11135082	224308.BSU04940	1.61	2769133
11137230	224308.BSU25900	1.58	2601100
11135899	224308.BSU12950	1.58	803323
11136600	224308.BSU19710	1.55	560913
11136190	224308.BSU15750	1.53	1414900
11138015	224308.BSU33640	1.5	783760
11134800	224308.BSU02200	1.49	2017800
11136263	224308.BSU16470	1.49	665667
11136815	224308.BSU21810	1.46	472760
11136503	224308.BSU18830	1.44	2852786
11138053	224308.BSU34020	1.43	1615767
11135414	224308.BSU08220	1.41	1382900
11135247	224308.BSU06530	1.41	1302454
11137010	224308.BSU23710	1.38	1318333
11138000	224308.BSU33490	1.37	2505306
11137958	224308.BSU33090	1.37	1357771
11137007	224308.BSU23680	1.37	459963
11134615	224308.BSU00340	1.34	897370
11136193	224308.BSU15780	1.32	1002710
11135427	224308.BSU08350	1.3	2073300
11135099	224308.BSU05100	1.3	1107530
11135559	224308.BSU09680	1.28	447623
11135876	224308.BSU12730	1.28	732100
11137989	224308.BSU33380	1.26	761060
11138548	224308.BSU38940	1.25	256047
11136582	224308.BSU19570	1.25	1358467
11136765	224308.BSU21320	1.25	1107530
11135229	224308.BSU06350	1.22	3209800
11135178	224308.BSU05840	1.2	2429034
11136725	224308.BSU20940	1.17	1179130
11136008	224308.BSU13990	1.13	2205914
11135684	224308.BSU10920	1.11	2900800
11136110	224308.BSU14960	1.09	642053
11138216	224308.BSU35660	1.09	1007553
11134660	224308.BSU00790	1.07	540203
11135460	224308.BSU08690	1.07	1148293
11137814	224308.BSU31690	1.06	1770807
11136139	224308.BSU15240	1.05	392527
11136912	224308.BSU22760	1.05	828587
11136450	224308.BSU18330	1.0	6457606
11137948	224308.BSU33010	1.0	670233
11137344	224308.BSU27050	0.988	354200
11134637	224308.BSU00560	0.979	393267
11135673	224308.BSU10810	0.961	965537
11137023	224308.BSU23840	0.956	593580
11138157	224308.BSU35060	0.934	850896
11134933	224308.BSU03510	0.934	1488342
11136603	224308.BSU19740	0.931	1183090
11135325	224308.BSU07300	0.929	698270
11135961	224308.BSU13550	0.919	1085030
11135840	224308.BSU12420	0.904	438704
11137160	224308.BSU25210	0.878	601483
11136060	224308.BSU14490	0.86	914800
11135182	224308.BSU05880	0.831	725907
11136295	224308.BSU16790	0.777	241570
11136382	224308.BSU17680	0.775	623937
11137967	224308.BSU33180	0.763	819064
11137819	224308.BSU31740	0.75	1362503
11135338	224308.BSU07430	0.745	874600
11138435	224308.BSU37830	0.733	686263
11137765	224308.BSU31230	0.721	3636363
11137470	224308.BSU28260	0.718	823790
11135112	224308.BSU05220	0.713	199740
11135402	224308.BSU08100	0.71	729433
11135873	224308.BSU12700	0.702	227697
11135513	224308.BSU09210	0.697	501600
11136761	224308.BSU21280	0.679	303357
11135107	224308.BSU05170	0.642	387230
11135621	224308.BSU10290	0.607	731167
11138356	224308.BSU37050	0.591	1372843
11135990	224308.BSU13819	0.572	60597
11135311	224308.BSU07140	0.572	322633
11137767	224308.BSU31250	0.568	3636363
11136531	224308.BSU19070	0.559	332540
11137069	224308.BSU24300	0.555	645723
11135067	224308.BSU04800	0.554	451217
11138620	224308.BSU39660	0.544	395567
11137643	224308.BSU30000	0.527	604290
11134774	224308.BSU01935	0.503	649977
11135181	224308.BSU05870	0.457	868660
11138439	224308.BSU37870	0.444	421220
11135297	224308.BSU07000	0.414	242017
11137503	224308.BSU28600	0.41	160060
11135568	224308.BSU09770	0.312	389450
11134762	224308.BSU01810	0.306	164286
11138274	224308.BSU36240	0.302	252061
11135349	224308.BSU07560	0.291	162563
11137242	224308.BSU26020	0.265	255353
11137347	224308.BSU27080	0.262	771027
11134605	224308.BSU00240	0.258	47153
11136941	224308.BSU23030	0.252	100287
11138203	224308.BSU35520	0.247	68177
11138272	224308.BSU36220	0.244	64720
11136500	224308.BSU18800	0.233	139597
11138228	224308.BSU35780	0.232	451650
11137176	224308.BSU25360	0.22	52790
11135687	224308.BSU10950	0.187	109383
11136429	224308.BSU18130	0.14	149567
11138440	224308.BSU37880	0.119	101187
11138034	224308.BSU33830	0.105	207103
11138024	224308.BSU33730	0.09	207103
11137403	224308.BSU27620	0.087	237387
11136877	224308.BSU22400	0.06	182747
11138067	224308.BSU34160	0.053	38743
11137355	224308.BSU27160	0.047	130493
11137194	224308.BSU25540	0.034	31045
11137668	224308.BSU30270	0.007	7645
