#id: 3515123087
#name: B.burgdorferi - Whole organism, SC (Peptideatlas,feb,2021)
#score: 9.8
#weight: 100%
#description: abundance based on Spectral counting, Interaction consistency score: 9.8, Coverage: 94
#organ: WHOLE_ORGANISM
#integrated: false
#coverage: 94
#link: http://www.peptideatlas.org/
#publication_year: 2021
#filename: 224326-Borreliella-burgdorferi_PA_2021-2.txt
#
#internal_id	string_external_id	abundance	raw_spectral_count
63487357	224326.BB_0741	88889	31906
63486830	224326.BB_0147	46755	167396
63487274	224326.BB_0649	40746	272294
63487124	224326.BB_0476	26818	124648
63486923	224326.BB_0256	23794	467
63486749	224326.BB_0057	22090	100247
63487315	224326.BB_0690	18239	33765
63487232	224326.BB_0603	16785	138672
63486729	224326.BB_0034	15781	34991
63486999	224326.BB_0337	13343	86447
63487024	224326.BB_0365	11697	37743
63487135	224326.BB_0487	11535	1462
63486901	224326.BB_0233	11179	380
63487025	224326.BB_0366	10362	52267
63487048	224326.BB_0390	10320	8051
63487320	224326.BB_0696	9903	3640
63487042	224326.BB_0383	9127	41517
63487396	224326.BB_0785	9072	9956
63487095	224326.BB_0445	8826	44432
63487188	224326.BB_0557	8750	5242
63487160	224326.BB_0518	8590	64181
63486774	224326.BB_0087	7876	22123
63487190	224326.BB_0559	7842	18804
63487133	224326.BB_0485	7600	7151
63486800	224326.BB_0115	7489	8387
63487150	224326.BB_0502	7428	28073
63486992	224326.BB_0328	7280	42731
63487360	224326.BB_0744	7216	34671
63487414	224326.BB_0804	6916	3664
63486827	224326.BB_0144	6906	19937
63486993	224326.BB_0330	6879	49905
63486906	224326.BB_0238	6796	17691
63487086	224326.BB_0435	6743	57435
63486747	224326.BB_0055	6696	26921
63487010	224326.BB_0348	6660	36170
63487174	224326.BB_0540	6659	41607
63486909	224326.BB_0241	6574	38024
63486798	224326.BB_0113	6392	805
63487000	224326.BB_0338	6381	7136
63487151	224326.BB_0503	6364	1932
63486748	224326.BB_0056	6341	35300
63487044	224326.BB_0385	6142	28210
63487148	224326.BB_0500	5406	2762
63487293	224326.BB_0668	5334	29754
63487045	224326.BB_0386	5311	5294
63487191	224326.BB_0560	5216	33126
63487142	224326.BB_0494	4959	2934
63486911	224326.BB_0243	4802	17397
63486789	224326.BB_0104	4754	29159
63487323	224326.BB_0699	4737	3187
63487283	224326.BB_0658	4659	11099
63487132	224326.BB_0484	4343	6702
63486753	224326.BB_0061	4296	8378
63487127	224326.BB_0479	4266	6272
63487137	224326.BB_0489	4152	1263
63486807	224326.BB_0123	4117	9135
63486897	224326.BB_0229	4111	1418
63487125	224326.BB_0477	4060	2971
63486781	224326.BB_0096	3982	6853
63487397	224326.BB_0786	3911	6638
63487415	224326.BB_0805	3653	19537
63486987	224326.BB_0323	3581	11062
63487136	224326.BB_0488	3524	4430
63486797	224326.BB_0112	3513	3716
63487161	224326.BB_0519	3497	4270
63487050	224326.BB_0392	3452	7291
63487034	224326.BB_0375	3430	10336
63487049	224326.BB_0391	3399	4487
63487131	224326.BB_0483	3352	1813
63487079	224326.BB_0426	3345	4690
63487126	224326.BB_0478	3211	5998
63487389	224326.BB_0778	3193	1862
63487201	224326.BB_0570	3133	4869
63487391	224326.BB_0780	3129	376
63487138	224326.BB_0490	3092	6638
63487134	224326.BB_0486	3054	1228
63487145	224326.BB_0497	3050	2293
63486943	224326.BB_0277	2795	4007
63487243	224326.BB_0615	2783	6091
63486805	224326.BB_0121	2776	2792
63487144	224326.BB_0496	2685	2080
63487297	224326.BB_0672	2664	4042
63487001	224326.BB_0339	2662	2634
63486806	224326.BB_0122	2654	6438
63487149	224326.BB_0501	2632	5572
63487012	224326.BB_0350	2628	605
63487051	224326.BB_0393	2541	3141
63487334	224326.BB_0713	2537	5865
63487265	224326.BB_0639	2537	9861
63486811	224326.BB_0127	2510	15115
63487175	224326.BB_0543	2500	6612
63486740	224326.BB_0047	2494	2530
63487189	224326.BB_0558	2491	17698
63486877	224326.BB_0204	2458	3685
63487093	224326.BB_0443	2454	3715
63487140	224326.BB_0492	2436	2444
63487319	224326.BB_0695	2310	866
63486849	224326.BB_0169	2306	680
63487047	224326.BB_0388	2273	36283
63487063	224326.BB_0405	2273	7561
63487143	224326.BB_0495	2264	3891
63487336	224326.BB_0715	2231	7472
63486799	224326.BB_0114	2132	3349
63487147	224326.BB_0499	2113	18
63487222	224326.BB_0593	2103	17144
63487428	224326.BB_0820	2073	2720
63487129	224326.BB_0481	2064	5693
63487052	224326.BB_0394	2060	5920
63487130	224326.BB_0482	2052	2350
63487054	224326.BB_0396	2005	1189
63487366	224326.BB_0751	1995	7155
63486779	224326.BB_0093	1961	9459
63487046	224326.BB_0387	1945	1697
63486760	224326.BB_0069	1933	7780
63487367	224326.BB_0754	1931	5899
63487112	224326.BB_0463	1887	3241
63487238	224326.BB_0610	1876	8924
63486831	224326.BB_0151	1866	9682
63487141	224326.BB_0493	1864	2659
63487218	224326.BB_0588	1856	7181
63486865	224326.BB_0189	1847	243
63487230	224326.BB_0601	1832	7439
63487091	224326.BB_0440	1826	13
63487082	224326.BB_0429	1824	2512
63487296	224326.BB_0671	1807	4573
63487237	224326.BB_0608	1782	10883
63486848	224326.BB_0168	1779	2411
63486721	224326.BB_0026	1741	6388
63486816	224326.BB_0132	1634	17422
63486833	224326.BB_0153	1618	5450
63487139	224326.BB_0491	1615	274
63486885	224326.BB_0215	1542	5410
63487128	224326.BB_0480	1538	1436
63487255	224326.BB_0628	1517	2466
63486793	224326.BB_0108	1502	5485
63486870	224326.BB_0195	1482	6942
63487348	224326.BB_0730	1411	8534
63486810	224326.BB_0126	1406	2764
63487345	224326.BB_0727	1371	7385
63486876	224326.BB_0203	1360	3913
63486997	224326.BB_0334	1351	4855
63486961	224326.BB_0295	1346	5197
63486956	224326.BB_0290	1340	6020
63487094	224326.BB_0444	1331	6064
63487170	224326.BB_0536	1321	16245
63486723	224326.BB_0028	1311	7259
63487111	224326.BB_0462	1306	1553
63487328	224326.BB_0705	1305	3175
63487276	224326.BB_0651	1299	2220
63486777	224326.BB_0090	1242	994
63486955	224326.BB_0289	1209	2939
63486965	224326.BB_0299	1205	5933
63487410	224326.BB_0800	1198	8398
63487239	224326.BB_0611	1153	3763
63487308	224326.BB_0683	1147	4117
63487370	224326.BB_0757	1133	2769
63486788	224326.BB_0103	1126	2760
63486733	224326.BB_0039	1119	6596
63487249	224326.BB_0621	1115	3584
63486756	224326.BB_0064	1112	4463
63487317	224326.BB_0693	1094	5266
63486895	224326.BB_0227	1093	2506
63486900	224326.BB_0232	1085	716
63487060	224326.BB_0402	1070	5691
63486771	224326.BB_0084	1070	7706
63486945	224326.BB_0279	1057	3102
63487250	224326.BB_0622	1049	4887
63487400	224326.BB_0789	1047	7202
63487121	224326.BB_0472	1038	4144
63487099	224326.BB_0449	1035	557
63486991	224326.BB_0327	1024	3570
63486832	224326.BB_0152	1021	2929
63487223	224326.BB_0594	1016	7516
63487163	224326.BB_0525	1012	742
63487388	224326.BB_0777	1005	2750
63486757	224326.BB_0065	1003	2108
63487027	224326.BB_0368	993	4791
63487087	224326.BB_0436	991	8447
63487326	224326.BB_0703	969	636
63487023	224326.BB_0364	962	910
63487277	224326.BB_0652	961	4991
63486949	224326.BB_0283	942	5821
63486984	224326.BB_0319	940	3538
63487235	224326.BB_0606	931	1580
63486920	224326.BB_0253	928	7835
63487318	224326.BB_0694	905	3964
63487387	224326.BB_0776	894	1374
63486916	224326.BB_0248	886	6096
63486855	224326.BB_0176	875	3713
63487284	224326.BB_0659	872	5523
63486966	224326.BB_0300	862	3797
63486898	224326.BB_0230	851	5282
63486962	224326.BB_0296	836	1412
63487257	224326.BB_0630	835	2248
63486834	224326.BB_0154	831	8324
63487031	224326.BB_0372	824	4875
63486947	224326.BB_0281	822	2358
63487041	224326.BB_0382	822	4345
63487240	224326.BB_0612	822	3492
63486998	224326.BB_0335	819	4013
63486907	224326.BB_0239	811	2288
63486759	224326.BB_0068	800	2762
63486790	224326.BB_0105	781	2771
63487035	224326.BB_0376	779	3628
63487301	224326.BB_0676	778	1440
63486794	224326.BB_0109	770	3963
63487065	224326.BB_0407	767	4138
63487282	224326.BB_0657	752	2409
63487152	224326.BB_0504	744	3292
63486821	224326.BB_0137	739	5840
63487365	224326.BB_0749	732	3463
63487405	224326.BB_0795	726	8253
63487440	224326.BB_0833	714	8581
63486838	224326.BB_0158	708	2187
63487358	224326.BB_0742	708	4931
63486819	224326.BB_0135	696	3835
63486882	224326.BB_0212	695	1416
63487412	224326.BB_0802	693	592
63486720	224326.BB_0025	690	1457
63487333	224326.BB_0712	682	4394
63487192	224326.BB_0561	672	4059
63487183	224326.BB_0551	666	1021
63486866	224326.BB_0190	660	1442
63487225	224326.BB_0596	659	4730
63487166	224326.BB_0528	657	1902
63486815	224326.BB_0131	656	2898
63486873	224326.BB_0200	655	3525
63487089	224326.BB_0438	655	3392
63487007	224326.BB_0345	653	2730
63487036	224326.BB_0377	651	784
63486944	224326.BB_0278	622	3144
63487256	224326.BB_0629	622	5066
63487316	224326.BB_0691	620	4575
63486735	224326.BB_0042	619	1671
63487038	224326.BB_0379	612	588
63487013	224326.BB_0351	610	3097
63487104	224326.BB_0454	601	2054
63487272	224326.BB_0646	596	2111
63487205	224326.BB_0575	595	3721
63486824	224326.BB_0141	595	2026
63486860	224326.BB_0183	592	628
63487026	224326.BB_0367	589	553
63487159	224326.BB_0517	589	2592
63486903	224326.BB_0235	588	2688
63487438	224326.BB_0831	587	3639
63487004	224326.BB_0342	573	3499
63486755	224326.BB_0063	570	934
63486896	224326.BB_0228	567	5899
63486751	224326.BB_0059	565	832
63487270	224326.BB_0644	551	2216
63486989	224326.BB_0325	550	2533
63487411	224326.BB_0801	549	4826
63487178	224326.BB_0546	540	1404
63487247	224326.BB_0619	538	2331
63487289	224326.BB_0664	537	1272
63486936	224326.BB_0270	536	1843
63487066	224326.BB_0408	532	4603
63487017	224326.BB_0355	527	932
63486919	224326.BB_0251	524	4233
63487171	224326.BB_0537	523	1227
63486872	224326.BB_0198	516	3635
63487327	224326.BB_0704	515	581
63487353	224326.BB_0735	510	1250
63487226	224326.BB_0597	500	5058
63487030	224326.BB_0371	500	3332
63487449	224326.BB_0842	500	1690
63486817	224326.BB_0133	495	1698
63486952	224326.BB_0286	494	861
63486890	224326.BB_0220	492	3882
63486786	224326.BB_0101	492	3715
63486977	224326.BB_0312	491	945
63487294	224326.BB_0669	486	5365
63487373	224326.BB_0760	484	587
63487351	224326.BB_0733	477	1270
63486829	224326.BB_0146	477	2058
63487217	224326.BB_0587	470	3354
63487434	224326.BB_0827	468	3918
63486709	224326.BB_0011	468	1146
63487096	224326.BB_0446	462	2314
63486933	224326.BB_0267	460	2294
63487448	224326.BB_0841	457	2455
63487378	224326.BB_0768	456	1256
63486894	224326.BB_0226	450	2372
63487003	224326.BB_0341	449	2521
63486869	224326.BB_0194	447	2037
63486775	224326.BB_0088	447	3313
63487431	224326.BB_0824	434	1190
63487406	224326.BB_0796	430	1249
63487172	224326.BB_0538	428	443
63486988	224326.BB_0324	426	853
63486957	224326.BB_0291	422	2069
63486722	224326.BB_0027	416	1328
63487344	224326.BB_0726	406	1437
63487203	224326.BB_0572	405	2504
63486964	224326.BB_0298	405	1574
63487343	224326.BB_0725	403	1263
63486954	224326.BB_0288	402	2391
63487040	224326.BB_0381	401	1572
63487426	224326.BB_0818	399	1194
63487158	224326.BB_0514	399	2870
63487325	224326.BB_0702	396	817
63487450	224326.BB_0843	390	2104
63487252	224326.BB_0624	390	1270
63486857	224326.BB_0178	389	2392
63487194	224326.BB_0563	388	811
63487212	224326.BB_0582	386	921
63486914	224326.BB_0246	384	1214
63487207	224326.BB_0577	384	801
63487275	224326.BB_0650	383	489
63486842	224326.BB_0162	380	21
63486703	224326.BB_0005	375	1447
63487085	224326.BB_0434	375	877
63486803	224326.BB_0118	373	1282
63487245	224326.BB_0617	371	676
63487302	224326.BB_0677	370	2225
63487208	224326.BB_0578	360	2006
63487005	224326.BB_0343	360	237
63486778	224326.BB_0092	358	518
63486780	224326.BB_0095	353	973
63486995	224326.BB_0332	340	1289
63487064	224326.BB_0406	338	910
63486884	224326.BB_0214	336	783
63487324	224326.BB_0701	334	380
63486719	224326.BB_0024	334	1243
63487443	224326.BB_0837	330	3540
63486946	224326.BB_0280	329	1282
63486892	224326.BB_0222	327	1335
63487228	224326.BB_0599	322	2125
63487198	224326.BB_0567	319	2862
63487421	224326.BB_0811	319	1666
63486839	224326.BB_0159	314	1021
63486727	224326.BB_0032	313	1974
63486878	224326.BB_0205	311	1062
63487346	224326.BB_0728	311	1666
63487021	224326.BB_0362	311	1612
63487295	224326.BB_0670	309	2162
63486904	224326.BB_0236	306	3252
63486926	224326.BB_0260	305	1320
63487117	224326.BB_0468	302	717
63487300	224326.BB_0675	301	757
63486888	224326.BB_0218	299	981
63486730	224326.BB_0035	295	2333
63486908	224326.BB_0240	290	1066
63487262	224326.BB_0636	290	1759
63486731	224326.BB_0036	284	2094
63486825	224326.BB_0142	283	1822
63486766	224326.BB_0076	283	765
63486770	224326.BB_0083	282	165
63487280	224326.BB_0655	278	851
63487314	224326.BB_0689	277	533
63486750	224326.BB_0058	272	2292
63487072	224326.BB_0416	272	1048
63487196	224326.BB_0565	270	429
63487424	224326.BB_0816	270	857
63487273	224326.BB_0647	269	502
63487155	224326.BB_0508	268	988
63487115	224326.BB_0466	268	796
63487200	224326.BB_0569	267	2347
63487306	224326.BB_0681	265	1632
63486746	224326.BB_0054	263	235
63487176	224326.BB_0544	256	1639
63487211	224326.BB_0581	255	2347
63486996	224326.BB_0333	255	854
63487108	224326.BB_0459	250	1228
63487055	224326.BB_0397	250	680
63486899	224326.BB_0231	248	530
63487427	224326.BB_0819	248	472
63486927	224326.BB_0261	247	1324
63487355	224326.BB_0738	247	2732
63486925	224326.BB_0259	246	2524
63486809	224326.BB_0125	245	819
63486764	224326.BB_0074	242	737
63487008	224326.BB_0346	240	592
63487209	224326.BB_0579	239	3494
63486812	224326.BB_0128	239	393
63487241	224326.BB_0613	236	2179
63487084	224326.BB_0431	234	379
63487350	224326.BB_0732	230	2690
63486929	224326.BB_0263	224	68
63487425	224326.BB_0817	223	1823
63486714	224326.BB_0016	219	315
63486761	224326.BB_0070	216	315
63487305	224326.BB_0680	212	1985
63486758	224326.BB_0066	204	318
63487088	224326.BB_0437	200	1119
63487402	224326.BB_0791	200	604
63486937	224326.BB_0271	199	1373
63487074	224326.BB_0418	197	1107
63487020	224326.BB_0361	195	930
63487271	224326.BB_0645	195	1489
63486726	224326.BB_0031	191	912
63487279	224326.BB_0654	189	718
63487242	224326.BB_0614	187	28
63486935	224326.BB_0269	186	583
63486881	224326.BB_0211	185	1536
63487073	224326.BB_0417	185	322
63487349	224326.BB_0731	185	134
63487029	224326.BB_0370	182	903
63486773	224326.BB_0086	182	793
63487383	224326.BB_0772	181	655
63487347	224326.BB_0729	181	976
63487278	224326.BB_0653	177	1031
63486948	224326.BB_0282	175	63
63487332	224326.BB_0709	173	900
63486843	224326.BB_0163	173	993
63487197	224326.BB_0566	171	133
63486959	224326.BB_0293	171	346
63487180	224326.BB_0548	169	1671
63486804	224326.BB_0120	166	526
63487268	224326.BB_0642	166	810
63487168	224326.BB_0534	163	763
63486891	224326.BB_0221	163	450
63487269	224326.BB_0643	160	282
63486744	224326.BB_0052	160	441
63487077	224326.BB_0421	159	496
63487352	224326.BB_0734	157	474
63486837	224326.BB_0157	155	298
63486791	224326.BB_0106	154	842
63487233	224326.BB_0604	150	935
63486792	224326.BB_0107	150	199
63486823	224326.BB_0139	148	286
63487435	224326.BB_0828	143	1152
63486979	224326.BB_0314	142	503
63487167	224326.BB_0533	141	541
63487290	224326.BB_0665	141	441
63487394	224326.BB_0783	141	615
63486874	224326.BB_0201	140	789
63486859	224326.BB_0180	138	175
63486840	224326.BB_0160	138	531
63486880	224326.BB_0209	134	288
63487116	224326.BB_0467	133	440
63486990	224326.BB_0326	133	1348
63486930	224326.BB_0264	132	786
63487169	224326.BB_0535	132	385
63487385	224326.BB_0774	130	586
63487307	224326.BB_0682	128	539
63487075	224326.BB_0419	123	353
63487199	224326.BB_0568	123	652
63486705	224326.BB_0007	123	346
63486856	224326.BB_0177	122	141
63487033	224326.BB_0374	121	577
63487246	224326.BB_0618	121	163
63487413	224326.BB_0803	120	343
63486707	224326.BB_0009	119	398
63487377	224326.BB_0767	117	334
63486921	224326.BB_0254	117	1129
63487109	224326.BB_0460	115	405
63487157	224326.BB_0512	114	2579
63486858	224326.BB_0179	110	694
63486713	224326.BB_0015	109	335
63486796	224326.BB_0111	107	506
63487416	224326.BB_0806	106	871
63486728	224326.BB_0033	105	88
63486864	224326.BB_0187	105	97
63486813	224326.BB_0129	104	84
63487409	224326.BB_0799	97.5	177
63487368	224326.BB_0755	96.9	376
63487392	224326.BB_0781	96.4	415
63487202	224326.BB_0571	96.0	246
63487120	224326.BB_0471	89.3	239
63487401	224326.BB_0790	87.8	549
63487215	224326.BB_0585	85.9	398
63487447	224326.BB_0840	85.7	472
63486975	224326.BB_0309	85.3	287
63487342	224326.BB_0722	84.6	443
63486776	224326.BB_0089	84.0	428
63487110	224326.BB_0461	83.0	538
63487395	224326.BB_0784	82.8	96
63487441	224326.BB_0834	82.3	418
63487219	224326.BB_0590	82.1	219
63487361	224326.BB_0745	81.5	142
63487014	224326.BB_0352	81.5	352
63487261	224326.BB_0635	81.2	357
63486702	224326.BB_0004	80.6	660
63486769	224326.BB_0082	79.8	357
63486710	224326.BB_0012	77.7	191
63487173	224326.BB_0539	76.6	325
63487312	224326.BB_0687	75.3	264
63487452	224326.BB_0852	74.3	270
63487002	224326.BB_0340	73.8	211
63487146	224326.BB_0498	72.6	424
63487156	224326.BB_0509	68.8	374
63487193	224326.BB_0562	67.5	314
63487393	224326.BB_0782	66.6	235
63486818	224326.BB_0134	65.6	262
63486934	224326.BB_0268	64.6	120
63486958	224326.BB_0292	63.7	63
63487337	224326.BB_0716	61.4	221
63486887	224326.BB_0217	61.1	288
63487321	224326.BB_0697	60.5	105
63487153	224326.BB_0505	59.2	313
63486915	224326.BB_0247	59.1	130
63486983	224326.BB_0318	58.2	181
63487015	224326.BB_0353	57.9	509
63487386	224326.BB_0775	55.4	226
63487288	224326.BB_0663	55.3	74
63487118	224326.BB_0469	53.9	160
63486762	224326.BB_0072	52.8	496
63486767	224326.BB_0080	52.7	144
63487374	224326.BB_0764	52.5	181
63486718	224326.BB_0023	51.1	81
63487287	224326.BB_0662	50.0	56
63487016	224326.BB_0354	48.5	140
63487285	224326.BB_0660	48.4	112
63487259	224326.BB_0632	48.2	252
63486783	224326.BB_0098	47.9	334
63486752	224326.BB_0060	47.3	108
63486835	224326.BB_0155	46.8	168
63486963	224326.BB_0297	46.1	136
63487058	224326.BB_0400	45.8	276
63487404	224326.BB_0793	45.5	77
63487442	224326.BB_0835	44.6	354
63487380	224326.BB_0770	42.7	100
63487164	224326.BB_0526	42.0	384
63487227	224326.BB_0598	41.6	139
63487076	224326.BB_0420	40.7	992
63487354	224326.BB_0737	40.1	154
63486704	224326.BB_0006	40.0	122
63486913	224326.BB_0245	40.0	106
63487264	224326.BB_0638	39.6	144
63487039	224326.BB_0380	39.5	214
63487253	224326.BB_0625	38.8	329
63486972	224326.BB_0306	38.8	169
63486828	224326.BB_0145	38.1	115
63486738	224326.BB_0045	37.4	283
63486795	224326.BB_0110	37.1	259
63486980	224326.BB_0315	36.2	63
63487231	224326.BB_0602	36.0	75
63487061	224326.BB_0403	35.1	86
63487339	224326.BB_0718	34.3	192
63486711	224326.BB_0013	33.3	61
63486854	224326.BB_0175	32.2	119
63487304	224326.BB_0679	32.0	129
63487444	224326.BB_0838	32.0	504
63487335	224326.BB_0714	31.9	122
63487251	224326.BB_0623	31.8	317
63486862	224326.BB_0185	31.8	81
63486765	224326.BB_0075	31.5	138
63486850	224326.BB_0170	31.5	251
63486905	224326.BB_0237	31.0	202
63487379	224326.BB_0769	31.0	175
63487071	224326.BB_0415	30.4	114
63486931	224326.BB_0265	29.2	79
63487244	224326.BB_0616	29.1	176
63487056	224326.BB_0398	29.0	184
63487286	224326.BB_0661	28.5	46
63487422	224326.BB_0812	28.4	113
63487439	224326.BB_0832	28.3	112
63487043	224326.BB_0384	28.1	135
63487210	224326.BB_0580	28.1	131
63486967	224326.BB_0301	27.8	45
63487330	224326.BB_0707	27.3	221
63487309	224326.BB_0684	26.8	164
63487184	224326.BB_0552	26.8	218
63486879	224326.BB_0206	26.6	63
63486893	224326.BB_0225	26.5	97
63486784	224326.BB_0099	26.0	130
63487229	224326.BB_0600	25.5	215
63487081	224326.BB_0428	25.2	69
63486845	224326.BB_0165	24.2	174
63486978	224326.BB_0313	24.2	46
63487254	224326.BB_0626	24.0	22
63486785	224326.BB_0100	23.8	89
63486706	224326.BB_0008	23.8	91
63487446	224326.BB_0839	23.6	50
63487182	224326.BB_0550	23.5	36
63486889	224326.BB_0219	23.5	57
63487216	224326.BB_0586	23.5	56
63486841	224326.BB_0161	22.9	151
63486986	224326.BB_0322	22.8	101
63487299	224326.BB_0674	22.3	123
63487037	224326.BB_0378	22.2	52
63486745	224326.BB_0053	22.2	43
63487059	224326.BB_0401	22.1	120
63486737	224326.BB_0044	21.0	44
63487006	224326.BB_0344	20.5	197
63486701	224326.BB_0002	20.1	93
63486863	224326.BB_0186	20.1	24
63487399	224326.BB_0788	19.5	100
63487298	224326.BB_0673	19.4	38
63486716	224326.BB_0019	19.2	53
63486712	224326.BB_0014	18.5	150
63487032	224326.BB_0373	18.4	83
63487022	224326.BB_0363	18.1	136
63487107	224326.BB_0457	17.6	114
63487437	224326.BB_0830	17.5	207
63486782	224326.BB_0097	17.5	35
63487187	224326.BB_0556	17.2	67
63486853	224326.BB_0174	16.8	54
63486960	224326.BB_0294	16.5	21
63487311	224326.BB_0686	16.3	63
63486868	224326.BB_0193	16.1	35
63487103	224326.BB_0453	15.5	67
63487011	224326.BB_0349	15.4	47
63486725	224326.BB_0030	15.0	48
63487303	224326.BB_0678	14.0	87
63487407	224326.BB_0797	13.9	200
63486715	224326.BB_0017	13.6	34
63487429	224326.BB_0821	13.3	31
63487398	224326.BB_0787	13.2	45
63487260	224326.BB_0633	13.2	162
63487080	224326.BB_0427	13.0	37
63487028	224326.BB_0369	12.8	140
63487114	224326.BB_0465	12.8	39
63487419	224326.BB_0809	12.6	53
63487258	224326.BB_0631	12.3	10
63487375	224326.BB_0765	12.0	44
63486847	224326.BB_0167	11.7	47
63486732	224326.BB_0037	11.5	44
63486974	224326.BB_0308	11.5	37
63486772	224326.BB_0085	11.4	28
63486883	224326.BB_0213	10.7	35
63486787	224326.BB_0102	10.4	7
63487018	224326.BB_0358	10.4	32
63486851	224326.BB_0171	10.1	41
63487106	224326.BB_0456	9.97	25
63487310	224326.BB_0685	9.83	61
63487097	224326.BB_0447	9.83	77
63487376	224326.BB_0766	9.78	34
63487053	224326.BB_0395	9.66	13
63486912	224326.BB_0244	9.61	27
63487292	224326.BB_0667	9.02	31
63487154	224326.BB_0507	8.88	39
63487113	224326.BB_0464	8.67	18
63487322	224326.BB_0698	8.6	29
63487445	224326.BB_0838a	8.41	18
63486736	224326.BB_0043	8.3	60
63486953	224326.BB_0287	8.15	6
63487070	224326.BB_0414	7.96	24
63487067	224326.BB_0409	7.85	43
63486836	224326.BB_0156	7.35	13
63486942	224326.BB_0276	7.1	20
63487165	224326.BB_0527	7.0	21
63486739	224326.BB_0046	6.99	14
63486717	224326.BB_0022	6.79	47
63487177	224326.BB_0545	6.63	51
63487430	224326.BB_0823	6.3	7
63487090	224326.BB_0439	6.1	6
63486820	224326.BB_0136	5.88	44
63487185	224326.BB_0554	5.8	56
63487291	224326.BB_0666	5.8	22
63487356	224326.BB_0740	5.62	13
63486852	224326.BB_0172	5.17	18
63486973	224326.BB_0307	5.13	21
63487263	224326.BB_0637	4.96	17
63486814	224326.BB_0130	4.93	18
63486971	224326.BB_0305	4.78	10
63487381	224326.BB_0771	4.71	6
63487329	224326.BB_0706	4.2	9
63486941	224326.BB_0275	4.11	14
63486917	224326.BB_0249	4.01	19
63487432	224326.BB_0825	3.9	8
63486970	224326.BB_0304	3.72	21
63487417	224326.BB_0807	3.46	14
63486886	224326.BB_0216	3.45	17
63487186	224326.BB_0555	3.35	8
63487224	224326.BB_0595	3.05	11
63486875	224326.BB_0202	3.0	18
63486754	224326.BB_0062	2.91	10
63487384	224326.BB_0773	2.89	6
63486871	224326.BB_0197	2.84	9
63486708	224326.BB_0010	2.75	2
63487105	224326.BB_0455	2.73	13
63486922	224326.BB_0255	2.45	13
63486861	224326.BB_0184	2.43	1
63487078	224326.BB_0422	2.33	7
63487206	224326.BB_0576	2.25	7
63487204	224326.BB_0574	2.25	20
63486724	224326.BB_0029	2.21	3
63487236	224326.BB_0607	2.17	23
63486924	224326.BB_0258	2.08	7
63487390	224326.BB_0779	2.08	2
63487195	224326.BB_0564	1.88	7
63487179	224326.BB_0547	1.84	2
63487359	224326.BB_0743	1.8	9
63487369	224326.BB_0756	1.77	5
63487098	224326.BB_0448	1.75	1
63486928	224326.BB_0262	1.6	7
63486802	224326.BB_0117	1.57	9
63487009	224326.BB_0347	1.55	7
63487266	224326.BB_0640	1.55	3
63487340	224326.BB_0719	1.54	7
63486734	224326.BB_0040	1.53	4
63487313	224326.BB_0688	1.51	5
63487418	224326.BB_0808	1.5	7
63487101	224326.BB_0451	1.43	5
63487403	224326.BB_0792	1.4	4
63487436	224326.BB_0829	1.39	10
63487068	224326.BB_0412	1.32	7
63487019	224326.BB_0360	1.29	4
63487362	224326.BB_0746	1.24	4
63486768	224326.BB_0081	1.13	7
63487364	224326.BB_0748	1.09	1
63486846	224326.BB_0166	1.08	12
63486844	224326.BB_0164	0.967	4
63486939	224326.BB_0273	0.936	3
63486801	224326.BB_0116	0.935	6
63486822	224326.BB_0138	0.847	1
63487234	224326.BB_0605	0.795	3
63486968	224326.BB_0302	0.761	2
63487248	224326.BB_0620	0.719	4
63486867	224326.BB_0192	0.691	4
63486918	224326.BB_0250	0.633	2
63487451	224326.BB_0844	0.553	2
63487162	224326.BB_0524	0.537	2
63487083	224326.BB_0430	0.446	1
63487267	224326.BB_0641	0.377	2
63486902	224326.BB_0234	0.244	1
63486700	224326.BB_0001	0.175	1
63487363	224326.BB_0747	0.142	1
63487213	224326.BB_0583	0.095	1
