#id: 3013685409
#name: B.anthracis - Whole organism, SC (Gpm,aug,2014)
#score: 5.8
#weight: 100%
#description: abundance based on Spectral counting, Interaction consistency score: 5.8, Coverage: 26
#organ: WHOLE_ORGANISM
#integrated: false
#coverage: 26
#link: http://www.thegpm.org/
#publication_year: 2014
#filename: 260799-GPM_201408.txt
#
#internal_id	string_external_id	abundance	raw_spectral_count
11669594	260799.BAS3333	41268	17360
11670795	260799.BAS4544	36606	19554
11671232	260799.BAS4989	33868	30264
11667095	260799.BAS0815	27067	14227
11669914	260799.BAS3659	24798	3489
11666413	260799.BAS0123	20422	9
11666351	260799.BAS0060	20353	3726
11666426	260799.BAS0136	19959	7374
11667122	260799.BAS0842	18658	54231
11667693	260799.BAS1420	17964	6437
11666390	260799.BAS0100	17803	7451
11666398	260799.BAS0108	16844	39351
11666402	260799.BAS0112	15383	697
11668112	260799.BAS1844	13458	11446
11666395	260799.BAS0105	13154	4241
11670805	260799.BAS4554	12589	7119
11666541	260799.BAS0253	12458	28215
11666614	260799.BAS0330	11701	9916
11669170	260799.BAS2908	11540	13795
11669831	260799.BAS3574	11448	4088
11666404	260799.BAS0114	10960	3368
11666433	260799.BAS0143	10671	3716
11671228	260799.BAS4985	10334	25657
11671568	260799.BAS5327	9206	3290
11666410	260799.BAS0120	8467	1113
11670430	260799.BAS4177	8216	6684
11666678	260799.BAS0394	7855	2464
11668303	260799.BAS2036	7526	2088
11666419	260799.BAS0129	7487	2302
11666540	260799.BAS0252	6978	1999
11671002	260799.BAS4754	6919	2833
11666412	260799.BAS0122	6685	2749
11666407	260799.BAS0117	6580	1542
11671282	260799.BAS5039	6481	3372
11666415	260799.BAS0125	6035	3308
11670465	260799.BAS4213	5842	10344
11670213	260799.BAS3959	5768	2095
11666411	260799.BAS0121	5526	1351
11668478	260799.BAS2213	5287	2419
11666405	260799.BAS0115	5179	2094
11666396	260799.BAS0106	5093	2115
11666418	260799.BAS0128	5056	390
11669933	260799.BAS3678	5051	3274
11666401	260799.BAS0111	4969	2563
11670721	260799.BAS4470	4648	505
11666400	260799.BAS0110	4486	3916
11669932	260799.BAS3677	4465	4215
11666408	260799.BAS0118	4367	546
11671197	260799.BAS4953	4226	4340
11666425	260799.BAS0135	4140	798
11666406	260799.BAS0116	4117	1485
11667665	260799.BAS1392	4102	212
11670324	260799.BAS4070	4095	3446
11666397	260799.BAS0107	4073	11462
11670137	260799.BAS3883	4042	5658
11669946	260799.BAS3691	3845	480
11671398	260799.BAS5155	3530	7847
11666399	260799.BAS0109	3460	1183
11666307	260799.BAS0015	3401	4524
11666777	260799.BAS0493	3354	1198
11666417	260799.BAS0127	3343	1892
11670473	260799.BAS4221	3324	522
11666414	260799.BAS0124	3295	937
11666388	260799.BAS0098	3287	2150
11669950	260799.BAS3695	3242	743
11666403	260799.BAS0113	3222	2684
11671116	260799.BAS4870	3220	466
11666579	260799.BAS0295	3132	5852
11671231	260799.BAS4988	3074	5161
11666389	260799.BAS0099	3058	1568
11670739	260799.BAS4487	3041	2560
11667498	260799.BAS1225	3036	754
11666387	260799.BAS0097	2943	1425
11668378	260799.BAS2111	2933	4346
11670774	260799.BAS4523	2902	1771
11670669	260799.BAS4418	2811	2965
11667681	260799.BAS1408	2805	3941
11669890	260799.BAS3634	2771	1034
11666416	260799.BAS0126	2723	1271
11670668	260799.BAS4417	2718	1080
11671014	260799.BAS4767	2563	4026
11671427	260799.BAS5184	2546	3379
11667698	260799.BAS1425	2535	1304
11669669	260799.BAS3409	2533	193
11671541	260799.BAS5300	2526	2347
11670744	260799.BAS4492	2500	4075
11670136	260799.BAS3882	2474	3579
11670135	260799.BAS3881	2472	3183
11671408	260799.BAS5165	2388	3062
11670593	260799.BAS4342	2362	713
11666371	260799.BAS0081	2274	6631
11667326	260799.BAS1050	2131	1184
11666428	260799.BAS0138	2113	519
11666434	260799.BAS0144	2084	468
11670720	260799.BAS4469	2069	160
11671230	260799.BAS4987	2049	2611
11666303	260799.BAS0011	2004	5241
11669941	260799.BAS3686	1950	2394
11666409	260799.BAS0119	1937	269
11666423	260799.BAS0133	1925	569
11669898	260799.BAS3643	1910	2186
11670002	260799.BAS3747	1909	908
11670383	260799.BAS4130	1905	2063
11667424	260799.BAS1148	1890	1340
11666340	260799.BAS0049	1870	2127
11667502	260799.BAS1229	1816	529
11671171	260799.BAS4926	1800	1138
11670562	260799.BAS4311	1776	577
11666327	260799.BAS0036	1767	661
11670675	260799.BAS4424	1764	2358
11670621	260799.BAS4370	1732	3443
11669907	260799.BAS3652	1679	2022
11670786	260799.BAS4535	1660	2446
11671484	260799.BAS5242	1660	722
11668373	260799.BAS2106	1638	499
11670535	260799.BAS4283	1630	452
11668275	260799.BAS2008	1628	673
11669225	260799.BAS2964	1624	2048
11670211	260799.BAS3957	1607	544
11666338	260799.BAS0047	1597	839
11671036	260799.BAS4789	1587	1792
11671159	260799.BAS4914	1556	1521
11670226	260799.BAS3972	1533	1126
11669882	260799.BAS3625	1498	892
11667420	260799.BAS1144	1494	1079
11666765	260799.BAS0481	1481	5077
11669010	260799.BAS2748	1480	2331
11669934	260799.BAS3679	1459	1622
11670745	260799.BAS4493	1444	1354
11669173	260799.BAS2911	1435	1020
11670591	260799.BAS4340	1413	283
11671179	260799.BAS4934	1391	842
11671423	260799.BAS5180	1387	503
11667783	260799.BAS1512	1383	650
11670575	260799.BAS4324	1366	1625
11666670	260799.BAS0386	1356	1137
11669663	260799.BAS3403	1348	184
11666305	260799.BAS0013	1331	1836
11671400	260799.BAS5157	1326	2088
11667251	260799.BAS0974	1302	562
11666569	260799.BAS0285	1291	2912
11670341	260799.BAS4087	1290	683
11666613	260799.BAS0329	1281	2355
11671236	260799.BAS4993	1237	413
11671566	260799.BAS5325	1209	109
11666480	260799.BAS0191	1198	637
11666355	260799.BAS0064	1194	2650
11666542	260799.BAS0254	1160	2463
11669609	260799.BAS3348	1125	2372
11666314	260799.BAS0022	1100	283
11666427	260799.BAS0137	1095	833
11670134	260799.BAS3880	1095	2680
11669942	260799.BAS3687	1075	1604
11667380	260799.BAS1104	1075	1368
11671250	260799.BAS5007	1069	1024
11668139	260799.BAS1871	1063	735
11671083	260799.BAS4836	1054	814
11667121	260799.BAS0841	1036	2942
11670382	260799.BAS4129	1012	1552
11666358	260799.BAS0067	1002	1142
11667046	260799.BAS0766	999	621
11670176	260799.BAS3922	975	1266
11671469	260799.BAS5226	962	105
11671121	260799.BAS4875	956	1856
11671031	260799.BAS4784	955	1864
11669930	260799.BAS3675	928	291
11667500	260799.BAS1227	920	763
11669096	260799.BAS2834	920	997
11666393	260799.BAS0103	918	3516
11666561	260799.BAS0277	916	1669
11669729	260799.BAS3470	913	2146
11671243	260799.BAS5000	901	860
11668038	260799.BAS1770	899	443
11671117	260799.BAS4871	895	248
11670601	260799.BAS4350	895	1000
11670788	260799.BAS4537	894	718
11666559	260799.BAS0275	877	851
11671010	260799.BAS4762	865	1840
11667390	260799.BAS1114	843	1755
11670113	260799.BAS3859	840	3969
11666449	260799.BAS0160	834	2432
11666563	260799.BAS0279	828	194
11671561	260799.BAS5320	825	1019
11668394	260799.BAS2128	820	181
11671399	260799.BAS5156	808	846
11670574	260799.BAS4323	800	492
11671098	260799.BAS4851	797	966
11671407	260799.BAS5164	796	554
11668418	260799.BAS2153	795	510
11667381	260799.BAS1105	793	1091
11669386	260799.BAS3125	792	169
11667740	260799.BAS1467	790	82
11670729	260799.BAS4478	776	1166
11666589	260799.BAS0305	773	124
11667233	260799.BAS0955	770	789
11669589	260799.BAS3328	769	270
11668080	260799.BAS1812	767	1654
11669956	260799.BAS3701	753	486
11670671	260799.BAS4420	751	791
11670738	260799.BAS4486	744	1010
11671068	260799.BAS4821	737	411
11670384	260799.BAS4131	719	1097
11667100	260799.BAS0820	715	320
11670306	260799.BAS4052	702	1161
11670527	260799.BAS4275	697	349
11669905	260799.BAS3650	692	1086
11667470	260799.BAS1196	692	57
11667503	260799.BAS1230	685	846
11670620	260799.BAS4369	670	1115
11671435	260799.BAS5192	670	779
11667674	260799.BAS1401	660	1056
11668578	260799.BAS2313	660	475
11670320	260799.BAS4066	651	937
11671360	260799.BAS5117	649	2035
11671097	260799.BAS4850	647	946
11671291	260799.BAS5048	646	2029
11668817	260799.BAS2554	644	843
11667570	260799.BAS1297	644	495
11670339	260799.BAS4085	641	691
11668195	260799.BAS1928	641	332
11670727	260799.BAS4476	636	97
11666625	260799.BAS0341	635	376
11670321	260799.BAS4067	634	679
11670893	260799.BAS4645	633	262
11669807	260799.BAS3549	632	1006
11667347	260799.BAS1071	630	1103
11671412	260799.BAS5169	629	400
11671229	260799.BAS4986	621	1020
11670996	260799.BAS4748	621	532
11668127	260799.BAS1859	615	734
11666444	260799.BAS0155	603	329
11669668	260799.BAS3408	600	2247
11668454	260799.BAS2189	588	1449
11670719	260799.BAS4468	578	305
11667324	260799.BAS1048	573	524
11668079	260799.BAS1811	572	352
11670705	260799.BAS4454	569	916
11670166	260799.BAS3912	566	1656
11667651	260799.BAS1378	566	506
11671180	260799.BAS4935	562	1300
11666392	260799.BAS0102	555	2569
11670728	260799.BAS4477	553	177
11668108	260799.BAS1840	552	929
11671094	260799.BAS4847	550	962
11668458	260799.BAS2193	549	1649
11670012	260799.BAS3757	548	783
11666789	260799.BAS0505	545	265
11669354	260799.BAS3093	545	1166
11670147	260799.BAS3893	539	348
11668453	260799.BAS2188	538	800
11669087	260799.BAS2825	538	258
11669921	260799.BAS3666	537	78
11669935	260799.BAS3680	537	984
11668352	260799.BAS2085	531	590
11667255	260799.BAS0978	529	369
11670948	260799.BAS4700	528	306
11670908	260799.BAS4660	527	1005
11671480	260799.BAS5238	526	649
11667048	260799.BAS0768	526	168
11667010	260799.BAS0730	522	480
11667890	260799.BAS1620	518	224
11666918	260799.BAS0637	515	705
11670460	260799.BAS4208	513	8
11671402	260799.BAS5159	510	284
11669172	260799.BAS2910	497	380
11667701	260799.BAS1428	496	765
11666671	260799.BAS0387	495	478
11668635	260799.BAS2370	495	1076
11667782	260799.BAS1511	491	146
11666904	260799.BAS0623	490	988
11666800	260799.BAS0518	488	1258
11670772	260799.BAS4521	486	1921
11668457	260799.BAS2192	486	620
11670709	260799.BAS4458	477	188
11670740	260799.BAS4488	473	779
11669880	260799.BAS3623	472	958
11670760	260799.BAS4508	467	767
11670670	260799.BAS4419	467	572
11669440	260799.BAS3179	466	794
11668548	260799.BAS2283	466	189
11666567	260799.BAS0283	465	724
11669919	260799.BAS3664	464	1153
11671106	260799.BAS4859	464	209
11671431	260799.BAS5188	460	405
11667460	260799.BAS1186	457	136
11666522	260799.BAS0233	456	629
11670249	260799.BAS3995	453	692
11668110	260799.BAS1842	453	375
11668898	260799.BAS2635	446	597
11668522	260799.BAS2257	444	160
11669596	260799.BAS3335	441	129
11666370	260799.BAS0080	440	680
11666354	260799.BAS0063	439	391
11667450	260799.BAS1176	432	550
11666842	260799.BAS0561	432	1637
11666565	260799.BAS0281	430	1110
11670722	260799.BAS4471	430	227
11668472	260799.BAS2207	429	432
11670466	260799.BAS4214	423	315
11670319	260799.BAS4065	412	604
11667443	260799.BAS1169	407	354
11670519	260799.BAS4267	404	1475
11671283	260799.BAS5040	399	268
11666344	260799.BAS0053	396	233
11669911	260799.BAS3656	395	628
11666570	260799.BAS0286	391	445
11666447	260799.BAS0158	388	559
11668634	260799.BAS2369	387	671
11668107	260799.BAS1839	386	1008
11667357	260799.BAS1081	378	138
11670356	260799.BAS4102	378	672
11666377	260799.BAS0087	378	744
11670186	260799.BAS3932	375	939
11670883	260799.BAS4634	374	90
11668439	260799.BAS2174	371	53
11670718	260799.BAS4467	369	436
11669655	260799.BAS3395	364	475
11669038	260799.BAS2776	362	105
11670664	260799.BAS4413	357	997
11668286	260799.BAS2019	357	269
11671425	260799.BAS5182	355	379
11667189	260799.BAS0910	354	219
11669922	260799.BAS3667	354	516
11667352	260799.BAS1076	354	782
11667047	260799.BAS0767	353	63
11666591	260799.BAS0307	351	677
11669000	260799.BAS2738	350	696
11670330	260799.BAS4076	349	300
11671483	260799.BAS5241	348	257
11670610	260799.BAS4359	346	383
11667907	260799.BAS1637	346	597
11668111	260799.BAS1843	346	285
11671569	260799.BAS5328	343	495
11671100	260799.BAS4853	343	377
11669847	260799.BAS3590	341	166
11666859	260799.BAS0578	340	89
11668123	260799.BAS1855	337	244
11668220	260799.BAS1953	334	343
11670520	260799.BAS4268	333	398
11668052	260799.BAS1784	330	1098
11670545	260799.BAS4293	328	215
11670522	260799.BAS4270	327	368
11669662	260799.BAS3402	326	542
11670606	260799.BAS4355	326	958
11669671	260799.BAS3411	325	97
11666590	260799.BAS0306	322	727
11670909	260799.BAS4661	321	824
11666598	260799.BAS0314	321	407
11667736	260799.BAS1463	320	37
11670663	260799.BAS4412	314	343
11667542	260799.BAS1269	313	740
11667415	260799.BAS1139	313	412
11669913	260799.BAS3658	312	980
11669529	260799.BAS3268	307	256
11671401	260799.BAS5158	303	149
11666560	260799.BAS0276	302	531
11669899	260799.BAS3644	297	256
11668456	260799.BAS2191	297	759
11671397	260799.BAS5154	296	162
11670536	260799.BAS4284	293	971
11667952	260799.BAS1682	293	691
11668460	260799.BAS2195	293	332
11666379	260799.BAS0089	290	484
11669885	260799.BAS3629	290	481
11670825	260799.BAS4575	290	436
11671414	260799.BAS5171	289	247
11668474	260799.BAS2209	289	81
11670001	260799.BAS3746	283	993
11671403	260799.BAS5160	283	87
11667131	260799.BAS0851	281	580
11668442	260799.BAS2177	281	28
11667527	260799.BAS1254	279	587
11667943	260799.BAS1673	275	289
11670528	260799.BAS4276	274	152
11669043	260799.BAS2781	274	351
11670701	260799.BAS4450	274	96
11667372	260799.BAS1096	273	475
11666339	260799.BAS0048	273	352
11666421	260799.BAS0131	272	276
11666527	260799.BAS0238	271	543
11668226	260799.BAS1959	269	635
11667748	260799.BAS1475	268	223
11668455	260799.BAS2190	267	370
11670549	260799.BAS4297	266	483
11669332	260799.BAS3071	265	299
11667379	260799.BAS1103	264	177
11670624	260799.BAS4373	264	242
11670013	260799.BAS3758	264	395
11671127	260799.BAS4881	262	93
11667744	260799.BAS1471	261	347
11666807	260799.BAS0525	260	396
11671096	260799.BAS4849	259	472
11666486	260799.BAS0197	257	396
11669441	260799.BAS3180	256	334
11670145	260799.BAS3891	256	297
11669454	260799.BAS3193	253	499
11666386	260799.BAS0096	251	177
11670839	260799.BAS4589	249	139
11668903	260799.BAS2640	248	659
11668639	260799.BAS2375	247	551
11670150	260799.BAS3896	245	174
11671247	260799.BAS5004	244	281
11671430	260799.BAS5187	244	487
11671508	260799.BAS5266	244	271
11667692	260799.BAS1419	241	517
11670885	260799.BAS4637	241	685
11669333	260799.BAS3072	240	304
11669997	260799.BAS3742	240	69
11667366	260799.BAS1090	239	1387
11666367	260799.BAS0076	237	466
11667642	260799.BAS1369	236	77
11670238	260799.BAS3984	233	153
11670251	260799.BAS3997	232	348
11671071	260799.BAS4824	231	207
11669909	260799.BAS3654	230	312
11670250	260799.BAS3996	229	110
11671481	260799.BAS5239	229	273
11671123	260799.BAS4877	229	581
11671181	260799.BAS4936	227	520
11666689	260799.BAS0405	225	167
11667639	260799.BAS1366	225	107
11666624	260799.BAS0340	224	229
11667543	260799.BAS1270	224	313
11668533	260799.BAS2268	224	471
11669936	260799.BAS3681	223	99
11666381	260799.BAS0091	222	168
11667895	260799.BAS1625	219	612
11667116	260799.BAS0836	219	36
11666922	260799.BAS0641	218	244
11667630	260799.BAS1357	218	291
11671037	260799.BAS4790	217	623
11667362	260799.BAS1086	217	115
11667504	260799.BAS1231	216	331
11666758	260799.BAS0474	216	29
11670723	260799.BAS4472	216	610
11666376	260799.BAS0086	215	89
11667298	260799.BAS1021	213	281
11670218	260799.BAS3964	212	247
11670122	260799.BAS3868	211	577
11670749	260799.BAS4497	210	411
11670446	260799.BAS4194	210	217
11669978	260799.BAS3723	208	63
11671456	260799.BAS5213	208	514
11669963	260799.BAS3708	206	113
11671044	260799.BAS4797	206	310
11667088	260799.BAS0808	205	463
11667598	260799.BAS1325	204	255
11668955	260799.BAS2693	203	242
11666334	260799.BAS0043	200	14
11670325	260799.BAS4071	197	257
11670486	260799.BAS4234	197	111
11670841	260799.BAS4591	197	407
11671277	260799.BAS5034	196	195
11667583	260799.BAS1310	195	220
11670706	260799.BAS4455	194	740
11669062	260799.BAS2800	193	95
11670492	260799.BAS4240	192	24
11670421	260799.BAS4168	192	24
11668891	260799.BAS2628	191	195
11667468	260799.BAS1194	189	226
11670448	260799.BAS4196	187	152
11666615	260799.BAS0331	187	263
11670828	260799.BAS4578	186	124
11669376	260799.BAS3115	185	58
11666562	260799.BAS0278	184	204
11670789	260799.BAS4538	183	158
11667528	260799.BAS1255	182	206
11670024	260799.BAS3769	180	212
11669884	260799.BAS3627	180	299
11670464	260799.BAS4212	179	302
11667540	260799.BAS1267	179	261
11671281	260799.BAS5038	179	479
11670533	260799.BAS4281	179	42
11670257	260799.BAS4003	178	163
11670285	260799.BAS4031	178	586
11671164	260799.BAS4919	176	61
11666867	260799.BAS0586	176	255
11670440	260799.BAS4187	174	227
11666328	260799.BAS0037	174	546
11668551	260799.BAS2286	174	182
11669944	260799.BAS3689	174	164
11669089	260799.BAS2827	173	54
11668636	260799.BAS2371	173	73
11667107	260799.BAS0827	172	84
11670618	260799.BAS4367	172	404
11670212	260799.BAS3958	172	528
11670138	260799.BAS3884	169	117
11666564	260799.BAS0280	169	225
11671107	260799.BAS4860	169	110
11669176	260799.BAS2914	168	93
11671467	260799.BAS5224	168	70
11667469	260799.BAS1195	167	36
11666848	260799.BAS0567	167	346
11671371	260799.BAS5128	166	189
11669903	260799.BAS3648	166	444
11670282	260799.BAS4028	166	322
11666571	260799.BAS0287	165	15
11669957	260799.BAS3702	164	155
11670628	260799.BAS4377	161	169
11670104	260799.BAS3850	160	69
11669251	260799.BAS2990	160	46
11670935	260799.BAS4687	159	148
11667727	260799.BAS1454	158	290
11670140	260799.BAS3886	158	33
11670677	260799.BAS4426	156	111
11667687	260799.BAS1414	156	287
11670577	260799.BAS4326	155	194
11669879	260799.BAS3622	154	211
11667325	260799.BAS1049	154	139
11669227	260799.BAS2966	154	197
11671428	260799.BAS5185	152	60
11668269	260799.BAS2002	152	159
11667688	260799.BAS1415	151	216
11667704	260799.BAS1431	150	141
11666834	260799.BAS0552	150	96
11670609	260799.BAS4358	150	266
11668162	260799.BAS1894	150	285
11667645	260799.BAS1372	147	238
11666782	260799.BAS0498	146	828
11666950	260799.BAS0669	145	190
11668470	260799.BAS2205	145	252
11669906	260799.BAS3651	144	263
11671550	260799.BAS5309	144	175
11668585	260799.BAS2320	144	67
11666572	260799.BAS0288	143	168
11671039	260799.BAS4792	142	221
11670154	260799.BAS3900	142	48
11670811	260799.BAS4560	142	368
11670315	260799.BAS4061	142	147
11669992	260799.BAS3737	141	557
11670585	260799.BAS4334	141	144
11667330	260799.BAS1054	140	50
11671462	260799.BAS5219	139	130
11667790	260799.BAS1519	138	205
11666621	260799.BAS0337	138	156
11669976	260799.BAS3721	138	39
11666907	260799.BAS0626	133	90
11668632	260799.BAS2367	133	53
11670219	260799.BAS3965	133	265
11666620	260799.BAS0336	133	172
11671567	260799.BAS5326	133	138
11669024	260799.BAS2762	132	220
11666337	260799.BAS0046	131	20
11667533	260799.BAS1260	131	75
11670525	260799.BAS4273	131	88
11667451	260799.BAS1177	130	482
11666348	260799.BAS0057	130	44
11666837	260799.BAS0555	130	94
11669204	260799.BAS2942	129	101
11670433	260799.BAS4180	126	176
11668182	260799.BAS1915	126	121
11668238	260799.BAS1971	126	21
11670563	260799.BAS4312	125	152
11670918	260799.BAS4670	124	165
11669701	260799.BAS3441	123	194
11669951	260799.BAS3696	123	214
11671162	260799.BAS4917	123	114
11670252	260799.BAS3998	123	75
11667253	260799.BAS0976	122	85
11666694	260799.BAS0410	122	241
11667375	260799.BAS1099	122	132
11669962	260799.BAS3707	122	250
11666674	260799.BAS0390	121	123
11670829	260799.BAS4579	120	220
11668348	260799.BAS2081	119	254
11670833	260799.BAS4583	117	195
11670470	260799.BAS4218	115	280
11668203	260799.BAS1936	115	185
11666798	260799.BAS0516	114	81
11668477	260799.BAS2212	113	90
11667238	260799.BAS0960	112	182
11666362	260799.BAS0071	111	137
11671087	260799.BAS4840	111	87
11671424	260799.BAS5181	110	166
11668228	260799.BAS1961	110	103
11671523	260799.BAS5281	110	201
11670845	260799.BAS4595	109	85
11668823	260799.BAS2560	109	84
11671246	260799.BAS5003	107	150
11670255	260799.BAS4001	107	51
11670597	260799.BAS4346	107	146
11670746	260799.BAS4494	106	87
11669990	260799.BAS3735	106	122
11666529	260799.BAS0240	106	40
11668166	260799.BAS1898	106	70
11670580	260799.BAS4329	106	90
11667589	260799.BAS1316	105	74
11670445	260799.BAS4193	104	83
11667294	260799.BAS1017	104	125
11666537	260799.BAS0249	104	91
11671346	260799.BAS5103	104	53
11666575	260799.BAS0291	103	281
11670933	260799.BAS4685	103	50
11667219	260799.BAS0941	102	31
11669994	260799.BAS3739	101	163
11666693	260799.BAS0409	100	18
11670451	260799.BAS4199	100	111
11670209	260799.BAS3955	99.4	136
11667130	260799.BAS0850	99.3	123
11668027	260799.BAS1759	99.0	15
11667738	260799.BAS1465	99.0	39
11668031	260799.BAS1763	98.8	162
11670322	260799.BAS4068	98.2	111
11670010	260799.BAS3755	97.6	44
11667659	260799.BAS1386	97.3	63
11667220	260799.BAS0942	96.9	12
11671200	260799.BAS4956	96.8	283
11668712	260799.BAS2448	96.5	218
11667413	260799.BAS1137	96.4	145
11671020	260799.BAS4773	96.0	135
11671574	260799.BAS5333	96.0	77
11670472	260799.BAS4220	95.5	127
11671201	260799.BAS4957	94.7	134
11671288	260799.BAS5045	94.6	49
11670666	260799.BAS4415	94.6	64
11671421	260799.BAS5178	94.6	115
11667225	260799.BAS0947	93.4	152
11670355	260799.BAS4101	92.7	58
11667277	260799.BAS1000	92.4	168
11666357	260799.BAS0066	92.3	69
11670937	260799.BAS4689	91.9	72
11669893	260799.BAS3637	91.9	190
11670554	260799.BAS4303	91.9	45
11671447	260799.BAS5204	91.0	54
11670439	260799.BAS4186	89.5	105
11666296	260799.BAS0001	89.3	175
11667958	260799.BAS1688	89.0	48
11670753	260799.BAS4501	88.5	79
11670414	260799.BAS4161	88.2	34
11669203	260799.BAS2941	87.4	90
11668926	260799.BAS2663	87.3	26
11668599	260799.BAS2334	86.7	612
11667992	260799.BAS1723	86.6	159
11667694	260799.BAS1421	86.4	77
11671380	260799.BAS5137	86.1	157
11671176	260799.BAS4931	86.1	300
11669876	260799.BAS3619	85.9	158
11669931	260799.BAS3676	85.9	96
11670791	260799.BAS4540	85.3	99
11668542	260799.BAS2277	85.3	126
11668191	260799.BAS1924	84.7	57
11668640	260799.BAS2376	84.6	248
11666783	260799.BAS0499	84.0	126
11670275	260799.BAS4021	82.6	65
11668311	260799.BAS2044	82.2	32
11670304	260799.BAS4050	81.9	43
11670217	260799.BAS3963	81.8	81
11670793	260799.BAS4542	81.5	33
11669972	260799.BAS3717	80.8	155
11670110	260799.BAS3856	80.1	123
11670239	260799.BAS3985	79.5	56
11670837	260799.BAS4587	79.2	85
11670214	260799.BAS3960	79.0	213
11668351	260799.BAS2084	77.9	87
11669640	260799.BAS3379	77.7	166
11671461	260799.BAS5218	77.5	100
11669908	260799.BAS3653	77.2	84
11670117	260799.BAS3863	77.2	141
11666676	260799.BAS0392	76.9	18
11669878	260799.BAS3621	76.3	152
11668367	260799.BAS2100	76.2	73
11669009	260799.BAS2747	75.9	135
11670245	260799.BAS3991	75.9	44
11670807	260799.BAS4556	75.9	110
11671001	260799.BAS4753	75.6	88
11667377	260799.BAS1101	75.3	97
11667411	260799.BAS1135	75.0	62
11671357	260799.BAS5114	74.9	194
11669324	260799.BAS3063	74.6	54
11670550	260799.BAS4298	74.5	148
11670483	260799.BAS4231	74.2	20
11670129	260799.BAS3875	74.1	131
11670337	260799.BAS4083	73.3	56
11671359	260799.BAS5116	72.8	15
11667293	260799.BAS1016	72.8	90
11667523	260799.BAS1250	72.7	75
11668904	260799.BAS2641	72.5	72
11671078	260799.BAS4831	72.3	9
11669925	260799.BAS3670	72.2	150
11667312	260799.BAS1036	72.2	64
11668403	260799.BAS2138	71.7	67
11670589	260799.BAS4338	71.5	140
11667274	260799.BAS0997	71.4	54
11669654	260799.BAS3394	71.0	26
11667705	260799.BAS1432	70.5	53
11671258	260799.BAS5015	70.3	191
11667476	260799.BAS1202	70.2	102
11667229	260799.BAS0951	70.2	123
11666888	260799.BAS0607	70.2	65
11667194	260799.BAS0915	70.0	65
11668473	260799.BAS2208	69.9	780
11669938	260799.BAS3683	69.5	93
11668471	260799.BAS2206	69.5	177
11669727	260799.BAS3468	69.2	39
11666566	260799.BAS0282	69.0	148
11667239	260799.BAS0961	68.7	147
11667491	260799.BAS1217	68.6	76
11668717	260799.BAS2453	68.4	63
11669722	260799.BAS3463	68.3	134
11667276	260799.BAS0999	67.5	89
11671514	260799.BAS5272	67.5	75
11666323	260799.BAS0032	66.9	36
11671363	260799.BAS5120	66.8	143
11666599	260799.BAS0315	66.8	99
11666862	260799.BAS0581	66.7	78
11668336	260799.BAS2069	66.2	50
11670688	260799.BAS4437	66.0	33
11671055	260799.BAS4808	65.7	102
11667489	260799.BAS1215	65.6	45
11671099	260799.BAS4852	65.4	95
11667590	260799.BAS1317	65.1	44
11668771	260799.BAS2507	64.4	116
11666962	260799.BAS0681	64.3	57
11667699	260799.BAS1426	63.7	88
11670141	260799.BAS3887	63.6	208
11668106	260799.BAS1838	63.4	156
11671125	260799.BAS4879	63.3	89
11669532	260799.BAS3271	63.1	24
11670862	260799.BAS4612	62.7	94
11671032	260799.BAS4785	62.3	25
11667471	260799.BAS1197	62.0	159
11666336	260799.BAS0045	61.9	103
11668288	260799.BAS2021	61.7	110
11668711	260799.BAS2447	61.6	50
11667700	260799.BAS1427	61.4	78
11671102	260799.BAS4855	61.4	78
11670442	260799.BAS4190	61.4	66
11670576	260799.BAS4325	61.3	138
11671278	260799.BAS5035	61.0	24
11670391	260799.BAS4138	60.3	73
11670258	260799.BAS4004	60.3	31
11669845	260799.BAS3588	60.2	108
11667328	260799.BAS1052	60.2	104
11670438	260799.BAS4185	60.0	16
11671090	260799.BAS4843	59.5	22
11668388	260799.BAS2122	59.5	40
11666967	260799.BAS0687	59.1	41
11667117	260799.BAS0837	59.0	55
11666568	260799.BAS0284	58.6	66
11669476	260799.BAS3215	58.1	19
11669449	260799.BAS3188	58.0	48
11666576	260799.BAS0292	57.8	152
11668350	260799.BAS2083	57.7	48
11670016	260799.BAS3761	57.0	57
11671575	260799.BAS5334	56.9	78
11666301	260799.BAS0006	56.8	132
11666992	260799.BAS0712	56.8	87
11670240	260799.BAS3986	56.3	84
11668271	260799.BAS2004	56.2	37
11670449	260799.BAS4197	56.2	38
11667585	260799.BAS1312	56.2	81
11669283	260799.BAS3022	56.2	46
11670579	260799.BAS4328	56.0	104
11666521	260799.BAS0232	55.7	72
11669738	260799.BAS3479	55.6	36
11670287	260799.BAS4033	55.5	45
11667558	260799.BAS1285	55.1	23
11666865	260799.BAS0584	54.9	51
11669658	260799.BAS3398	54.8	136
11671259	260799.BAS5016	54.8	108
11669311	260799.BAS3050	54.8	121
11670064	260799.BAS3810	54.5	65
11670699	260799.BAS4448	54.2	82
11668362	260799.BAS2095	54.1	99
11666792	260799.BAS0510	53.8	54
11670179	260799.BAS3925	53.7	95
11669700	260799.BAS3440	53.7	97
11667296	260799.BAS1019	53.5	160
11669165	260799.BAS2903	53.5	56
11666530	260799.BAS0241	53.2	113
11670105	260799.BAS3851	53.0	72
11669902	260799.BAS3647	52.9	59
11671239	260799.BAS4996	52.8	62
11671551	260799.BAS5310	52.8	134
11668996	260799.BAS2734	52.7	45
11666637	260799.BAS0353	52.3	47
11667417	260799.BAS1141	51.8	61
11669693	260799.BAS3433	51.7	34
11670418	260799.BAS4165	51.5	56
11666910	260799.BAS0629	51.0	15
11670195	260799.BAS3941	50.8	56
11668568	260799.BAS2303	50.8	53
11667025	260799.BAS0745	50.8	30
11671046	260799.BAS4799	50.7	33
11668236	260799.BAS1969	50.7	129
11668145	260799.BAS1877	50.6	31
11668785	260799.BAS2521	50.5	27
11668410	260799.BAS2145	50.4	109
11667711	260799.BAS1438	50.2	38
11669816	260799.BAS3559	50.1	22
11668906	260799.BAS2643	49.8	84
11669442	260799.BAS3181	49.8	93
11670342	260799.BAS4088	49.7	88
11667050	260799.BAS0770	49.6	67
11666300	260799.BAS0005	49.1	146
11670411	260799.BAS4158	48.9	61
11668641	260799.BAS2377	48.8	20
11670177	260799.BAS3923	48.7	124
11671115	260799.BAS4869	48.4	79
11669958	260799.BAS3703	48.3	68
11666437	260799.BAS0147	48.1	84
11667327	260799.BAS1051	48.1	110
11668584	260799.BAS2319	48.1	129
11666844	260799.BAS0563	47.9	27
11670685	260799.BAS4434	47.8	9
11666850	260799.BAS0569	47.7	24
11671183	260799.BAS4938	47.6	12
11671577	260799.BAS5336	47.6	110
11670521	260799.BAS4269	47.5	62
11667092	260799.BAS0812	47.1	47
11671194	260799.BAS4949	47.1	75
11667650	260799.BAS1377	47.1	31
11667946	260799.BAS1676	47.0	72
11670523	260799.BAS4271	46.8	52
11670300	260799.BAS4046	46.4	24
11666455	260799.BAS0166	46.2	105
11669998	260799.BAS3743	46.1	34
11670323	260799.BAS4069	45.6	66
11670973	260799.BAS4725	45.5	38
11668450	260799.BAS2185	45.3	82
11667554	260799.BAS1281	45.0	39
11667580	260799.BAS1307	44.9	88
11670566	260799.BAS4315	44.7	43
11670827	260799.BAS4577	44.6	15
11670832	260799.BAS4582	44.6	30
11670708	260799.BAS4457	44.6	65
11671560	260799.BAS5319	44.6	42
11666885	260799.BAS0604	44.5	44
11667490	260799.BAS1216	44.5	81
11668552	260799.BAS2287	44.3	37
11668284	260799.BAS2017	44.2	51
11671500	260799.BAS5258	44.1	51
11666913	260799.BAS0632	43.6	48
11669778	260799.BAS3520	43.3	5
11668462	260799.BAS2197	43.3	12
11670299	260799.BAS4045	43.2	41
11670979	260799.BAS4731	43.1	39
11671199	260799.BAS4955	43.0	12
11671563	260799.BAS5322	43.0	14
11671471	260799.BAS5229	42.5	36
11669617	260799.BAS3356	42.3	9
11666686	260799.BAS0402	42.0	122
11667408	260799.BAS1132	42.0	43
11669939	260799.BAS3684	41.7	87
11670803	260799.BAS4552	41.7	30
11670834	260799.BAS4584	41.5	52
11666650	260799.BAS0366	41.4	17
11670020	260799.BAS3765	41.3	117
11670480	260799.BAS4228	41.2	15
11666872	260799.BAS0591	40.9	59
11671276	260799.BAS5033	40.8	79
11666466	260799.BAS0177	40.8	40
11671529	260799.BAS5287	40.7	57
11671122	260799.BAS4876	40.6	88
11666422	260799.BAS0132	40.5	33
11668941	260799.BAS2679	40.2	35
11671532	260799.BAS5290	40.1	51
11668905	260799.BAS2642	40.1	54
11670128	260799.BAS3874	40.0	90
11666766	260799.BAS0482	39.7	37
11670617	260799.BAS4366	39.2	23
11669875	260799.BAS3618	38.8	100
11671492	260799.BAS5250	38.8	36
11666306	260799.BAS0014	38.6	37
11667444	260799.BAS1170	38.3	75
11666359	260799.BAS0068	38.2	94
11668878	260799.BAS2615	38.0	65
11671436	260799.BAS5193	38.0	87
11667722	260799.BAS1449	38.0	33
11667741	260799.BAS1468	37.7	49
11669892	260799.BAS3636	37.7	76
11669993	260799.BAS3738	37.5	60
11670529	260799.BAS4277	37.4	60
11668102	260799.BAS1834	37.2	45
11671579	260799.BAS5338	37.2	18
11668048	260799.BAS1780	37.1	33
11666788	260799.BAS0504	37.0	21
11668245	260799.BAS1978	36.7	62
11666908	260799.BAS0627	36.5	42
11669966	260799.BAS3711	36.5	36
11670221	260799.BAS3967	36.4	31
11670693	260799.BAS4442	36.2	84
11667635	260799.BAS1362	36.2	31
11668699	260799.BAS2435	36.0	54
11670118	260799.BAS3864	35.7	22
11667557	260799.BAS1284	35.7	33
11667338	260799.BAS1062	35.7	12
11667037	260799.BAS0757	35.5	67
11666485	260799.BAS0196	35.5	30
11666611	260799.BAS0327	35.5	66
11670798	260799.BAS4547	35.1	60
11670636	260799.BAS4385	34.1	4
11669743	260799.BAS3484	33.5	41
11668049	260799.BAS1781	33.4	33
11666363	260799.BAS0072	33.4	18
11670553	260799.BAS4302	33.3	81
11670343	260799.BAS4089	32.9	27
11671244	260799.BAS5001	32.8	6
11668361	260799.BAS2094	32.8	16
11671573	260799.BAS5332	32.2	19
11671434	260799.BAS5191	31.9	43
11668022	260799.BAS1754	31.9	29
11667365	260799.BAS1089	31.8	8
11667756	260799.BAS1483	31.8	52
11670627	260799.BAS4376	31.8	19
11667421	260799.BAS1145	31.8	47
11668402	260799.BAS2137	31.8	47
11667462	260799.BAS1188	31.6	14
11670227	260799.BAS3973	31.6	36
11669551	260799.BAS3290	31.6	9
11669897	260799.BAS3642	31.5	77
11670542	260799.BAS4290	31.5	42
11669244	260799.BAS2983	31.3	18
11666603	260799.BAS0319	31.3	36
11667186	260799.BAS0907	31.3	61
11666468	260799.BAS0179	31.3	24
11670485	260799.BAS4233	31.1	32
11666374	260799.BAS0084	31.1	44
11666533	260799.BAS0245	30.6	24
11669284	260799.BAS3023	30.4	52
11670759	260799.BAS4507	30.3	38
11667371	260799.BAS1095	30.3	42
11668962	260799.BAS2700	30.2	40
11668024	260799.BAS1756	30.1	76
11669382	260799.BAS3121	30.0	54
11669819	260799.BAS3562	30.0	62
11670517	260799.BAS4265	29.6	33
11666596	260799.BAS0312	29.5	54
11668953	260799.BAS2691	29.4	8
11667128	260799.BAS0848	29.1	11
11669687	260799.BAS3427	29.0	12
11670277	260799.BAS4023	28.9	30
11670410	260799.BAS4157	28.8	75
11671182	260799.BAS4937	28.7	30
11666949	260799.BAS0668	28.4	53
11670735	260799.BAS4484	28.2	25
11669530	260799.BAS3269	28.2	18
11670405	260799.BAS4152	28.1	21
11670698	260799.BAS4447	28.1	56
11670172	260799.BAS3918	28.1	66
11666574	260799.BAS0290	27.8	42
11667473	260799.BAS1199	27.7	36
11667953	260799.BAS1683	27.6	65
11667812	260799.BAS1541	27.5	11
11666592	260799.BAS0308	27.4	34
11671409	260799.BAS5166	27.3	18
11668668	260799.BAS2404	27.2	27
11670109	260799.BAS3855	27.2	49
11666577	260799.BAS0293	27.1	33
11670544	260799.BAS4292	26.9	43
11667004	260799.BAS0724	26.8	27
11669443	260799.BAS3182	26.6	48
11667995	260799.BAS1726	26.4	68
11670548	260799.BAS4296	26.3	20
11671417	260799.BAS5174	26.2	51
11670971	260799.BAS4723	25.9	22
11666847	260799.BAS0566	25.8	26
11668538	260799.BAS2273	25.7	35
11670733	260799.BAS4482	25.7	90
11668087	260799.BAS1819	25.6	24
11669359	260799.BAS3098	25.6	53
11667967	260799.BAS1697	25.5	42
11670333	260799.BAS4079	25.4	17
11669651	260799.BAS3390	25.3	23
11667272	260799.BAS0995	25.2	18
11667847	260799.BAS1576	25.0	44
11669771	260799.BAS3513	25.0	18
11670463	260799.BAS4211	24.7	13
11670335	260799.BAS4081	24.6	114
11667536	260799.BAS1263	24.2	27
11670259	260799.BAS4005	24.2	33
11666308	260799.BAS0016	24.1	14
11670582	260799.BAS4331	24.1	18
11666669	260799.BAS0385	24.0	21
11669205	260799.BAS2943	24.0	31
11666356	260799.BAS0065	23.9	20
11666297	260799.BAS0002	23.9	25
11666978	260799.BAS0698	23.8	15
11671490	260799.BAS5248	23.7	18
11666536	260799.BAS0248	23.7	42
11670087	260799.BAS3833	23.6	9
11670543	260799.BAS4291	23.6	34
11669211	260799.BAS2950	23.5	33
11666580	260799.BAS0296	23.5	23
11670307	260799.BAS4053	23.3	9
11668638	260799.BAS2374	23.2	29
11667560	260799.BAS1287	23.0	60
11669665	260799.BAS3405	23.0	21
11670931	260799.BAS4683	22.8	18
11668159	260799.BAS1891	22.8	69
11666695	260799.BAS0411	22.8	27
11669339	260799.BAS3078	22.7	40
11671026	260799.BAS4779	22.7	9
11670301	260799.BAS4047	22.6	24
11666630	260799.BAS0346	22.6	6
11670796	260799.BAS4545	22.4	34
11670165	260799.BAS3911	22.3	9
11671544	260799.BAS5303	22.3	16
11671095	260799.BAS4848	22.0	12
11670416	260799.BAS4163	21.9	28
11669815	260799.BAS3557	21.9	16
11667370	260799.BAS1094	21.9	6
11670142	260799.BAS3888	21.6	36
11666600	260799.BAS0316	21.6	42
11669460	260799.BAS3199	21.6	15
11669137	260799.BAS2875	21.5	21
11667998	260799.BAS1729	21.2	34
11670612	260799.BAS4361	21.2	27
11667378	260799.BAS1102	21.1	37
11666304	260799.BAS0012	21.1	30
11669340	260799.BAS3079	21.1	36
11667118	260799.BAS0838	20.9	57
11666857	260799.BAS0576	20.8	39
11668421	260799.BAS2156	20.8	21
11671555	260799.BAS5314	20.8	18
11670730	260799.BAS4479	20.8	18
11670564	260799.BAS4313	20.7	46
11669122	260799.BAS2860	20.6	21
11670458	260799.BAS4206	20.6	8
11666846	260799.BAS0565	20.6	41
11666756	260799.BAS0472	20.4	34
11667200	260799.BAS0922	20.3	10
11668408	260799.BAS2143	20.3	30
11671170	260799.BAS4925	20.1	25
11667716	260799.BAS1443	20.0	9
11669397	260799.BAS3136	20.0	16
11666526	260799.BAS0237	19.9	30
11670139	260799.BAS3885	19.9	29
11670797	260799.BAS4546	19.8	39
11667891	260799.BAS1621	19.5	29
11667622	260799.BAS1349	19.4	14
11670007	260799.BAS3752	19.3	18
11668972	260799.BAS2710	19.3	15
11669639	260799.BAS3378	19.2	64
11668092	260799.BAS1824	19.1	16
11671296	260799.BAS5053	19.1	18
11669433	260799.BAS3172	19.0	26
11671325	260799.BAS5082	18.8	31
11669330	260799.BAS3069	18.8	33
11670630	260799.BAS4379	18.7	27
11670600	260799.BAS4349	18.4	18
11670454	260799.BAS4202	18.3	13
11668860	260799.BAS2597	18.0	27
11668401	260799.BAS2136	18.0	9
11669147	260799.BAS2885	17.5	24
11666776	260799.BAS0492	17.4	10
11670237	260799.BAS3983	17.3	9
11668094	260799.BAS1826	17.3	29
11669044	260799.BAS2782	17.2	27
11669396	260799.BAS3135	17.2	3
11669977	260799.BAS3722	17.2	16
11669508	260799.BAS3247	17.1	5
11671254	260799.BAS5011	17.1	21
11667342	260799.BAS1066	17.0	9
11669458	260799.BAS3197	16.9	15
11670634	260799.BAS4383	16.8	14
11669694	260799.BAS3434	16.8	36
11669889	260799.BAS3633	16.8	22
11666383	260799.BAS0093	16.7	12
11668423	260799.BAS2158	16.5	8
11666320	260799.BAS0029	16.4	15
11669078	260799.BAS2816	16.3	27
11669877	260799.BAS3620	16.2	9
11670271	260799.BAS4017	16.2	9
11669981	260799.BAS3726	16.2	34
11670178	260799.BAS3924	16.1	39
11669091	260799.BAS2829	16.1	16
11668518	260799.BAS2253	16.1	21
11669112	260799.BAS2850	16.0	9
11669850	260799.BAS3593	16.0	9
11670415	260799.BAS4162	15.8	13
11669534	260799.BAS3273	15.8	10
11666644	260799.BAS0360	15.7	42
11668012	260799.BAS1744	15.7	15
11668142	260799.BAS1874	15.6	24
11668360	260799.BAS2093	15.6	12
11669202	260799.BAS2940	15.4	44
11667601	260799.BAS1328	15.3	10
11668658	260799.BAS2394	15.3	21
11670366	260799.BAS4112	15.3	12
11671433	260799.BAS5190	15.3	34
11671074	260799.BAS4827	15.2	19
11667426	260799.BAS1150	14.9	20
11671299	260799.BAS5056	14.9	31
11668779	260799.BAS2515	14.8	6
11666634	260799.BAS0350	14.8	33
11667715	260799.BAS1442	14.7	27
11666608	260799.BAS0324	14.7	30
11669973	260799.BAS3718	14.6	12
11670412	260799.BAS4159	14.6	18
11668400	260799.BAS2135	14.4	16
11666373	260799.BAS0083	14.4	33
11670018	260799.BAS3763	14.3	27
11670198	260799.BAS3944	14.3	13
11670747	260799.BAS4495	14.3	16
11669923	260799.BAS3668	14.2	15
11671013	260799.BAS4766	14.2	9
11666535	260799.BAS0247	14.2	39
11670158	260799.BAS3904	14.1	21
11671077	260799.BAS4830	14.1	24
11668754	260799.BAS2490	14.1	29
11667094	260799.BAS0814	14.0	7
11669955	260799.BAS3700	14.0	18
11670616	260799.BAS4365	13.9	13
11666326	260799.BAS0035	13.8	9
11667351	260799.BAS1075	13.8	27
11669886	260799.BAS3630	13.8	27
11668257	260799.BAS1990	13.7	8
11668055	260799.BAS1787	13.6	68
11670694	260799.BAS4443	13.5	18
11671410	260799.BAS5167	13.4	6
11668626	260799.BAS2361	13.4	31
11670557	260799.BAS4306	13.4	39
11667169	260799.BAS0890	13.4	4
11668262	260799.BAS1995	13.3	27
11666622	260799.BAS0338	13.3	6
11669988	260799.BAS3733	13.3	13
11670836	260799.BAS4586	13.3	9
11671005	260799.BAS4757	13.1	46
11669401	260799.BAS3140	13.1	12
11670399	260799.BAS4146	13.0	18
11666779	260799.BAS0495	13.0	15
11667737	260799.BAS1464	13.0	7
11670716	260799.BAS4465	13.0	9
11669917	260799.BAS3662	12.8	9
11670672	260799.BAS4421	12.8	17
11671120	260799.BAS4874	12.7	18
11670340	260799.BAS4086	12.6	4
11669065	260799.BAS2803	12.5	22
11670263	260799.BAS4009	12.4	19
11667793	260799.BAS1522	12.3	28
11666333	260799.BAS0042	12.3	9
11671286	260799.BAS5043	12.2	21
11670794	260799.BAS4543	12.1	16
11669547	260799.BAS3286	12.0	25
11667363	260799.BAS1087	12.0	24
11668358	260799.BAS2091	12.0	9
11671043	260799.BAS4796	11.9	28
11669915	260799.BAS3660	11.8	27
11671349	260799.BAS5106	11.7	15
11668368	260799.BAS2101	11.5	11
11669982	260799.BAS3727	11.5	28
11670115	260799.BAS3861	11.4	10
11669495	260799.BAS3234	11.2	12
11667492	260799.BAS1218	11.2	18
11668412	260799.BAS2147	11.2	3
11666346	260799.BAS0055	11.1	27
11670107	260799.BAS3853	11.1	4
11670532	260799.BAS4280	11.1	18
11669635	260799.BAS3374	11.0	4
11669161	260799.BAS2899	10.9	36
11669943	260799.BAS3688	10.8	9
11671571	260799.BAS5330	10.8	12
11670639	260799.BAS4388	10.8	36
11668277	260799.BAS2010	10.6	18
11667078	260799.BAS0798	10.6	9
11670820	260799.BAS4569	10.5	7
11667245	260799.BAS0968	10.5	9
11669342	260799.BAS3081	10.4	12
11666438	260799.BAS0148	10.4	5
11670494	260799.BAS4242	10.3	9
11670467	260799.BAS4215	10.2	11
11667499	260799.BAS1226	10.2	8
11667747	260799.BAS1474	10.2	9
11668014	260799.BAS1746	10.1	14
11670455	260799.BAS4203	10.1	27
11670091	260799.BAS3837	10.0	27
11669638	260799.BAS3377	10.0	21
11670702	260799.BAS4451	10.0	9
11669391	260799.BAS3130	9.92	12
11671073	260799.BAS4826	9.88	9
11668109	260799.BAS1841	9.85	9
11668825	260799.BAS2562	9.64	19
11666795	260799.BAS0513	9.57	15
11668501	260799.BAS2236	9.57	12
11669995	260799.BAS3740	9.52	15
11668349	260799.BAS2082	9.39	9
11670443	260799.BAS4191	9.32	18
11668920	260799.BAS2657	9.18	24
11668299	260799.BAS2032	9.11	13
11671303	260799.BAS5060	9.03	26
11669970	260799.BAS3715	9.03	15
11666343	260799.BAS0052	9.02	56
11670408	260799.BAS4155	9.01	9
11667112	260799.BAS0832	8.96	15
11667576	260799.BAS1303	8.94	8
11666329	260799.BAS0038	8.89	9
11669975	260799.BAS3720	8.81	6
11668850	260799.BAS2587	8.75	15
11666378	260799.BAS0088	8.7	9
11669542	260799.BAS3281	8.69	3
11670514	260799.BAS4262	8.6	9
11669018	260799.BAS2756	8.57	9
11667040	260799.BAS0760	8.55	15
11669543	260799.BAS3282	8.49	7
11666980	260799.BAS0700	8.46	8
11670814	260799.BAS4563	8.38	6
11666484	260799.BAS0195	8.38	18
11669554	260799.BAS3293	8.35	33
11671426	260799.BAS5183	8.35	14
11667530	260799.BAS1257	8.31	9
11667083	260799.BAS0803	8.29	21
11670216	260799.BAS3962	8.17	21
11669779	260799.BAS3521	8.17	9
11667612	260799.BAS1339	8.15	12
11668265	260799.BAS1998	7.99	9
11671033	260799.BAS4786	7.96	9
11668093	260799.BAS1825	7.94	16
11670444	260799.BAS4192	7.9	9
11670546	260799.BAS4294	7.86	15
11669968	260799.BAS3713	7.84	27
11668147	260799.BAS1879	7.82	10
11666313	260799.BAS0021	7.79	18
11666773	260799.BAS0489	7.77	3
11670986	260799.BAS4738	7.76	9
11666626	260799.BAS0342	7.73	5
11671482	260799.BAS5240	7.71	18
11667993	260799.BAS1724	7.71	9
11669948	260799.BAS3693	7.68	9
11667581	260799.BAS1308	7.68	20
11666976	260799.BAS0696	7.67	10
11667595	260799.BAS1322	7.66	3
11668682	260799.BAS2418	7.6	8
11671576	260799.BAS5335	7.47	9
11669606	260799.BAS3345	7.43	8
11667547	260799.BAS1274	7.42	15
11668914	260799.BAS2651	7.41	9
11668076	260799.BAS1808	7.38	4
11667582	260799.BAS1309	7.29	3
11669588	260799.BAS3327	7.27	9
11669006	260799.BAS2744	7.27	12
11671485	260799.BAS5243	7.17	5
11667597	260799.BAS1324	7.16	9
11669576	260799.BAS3315	7.15	14
11669344	260799.BAS3083	7.11	3
11669117	260799.BAS2855	7.09	12
11669047	260799.BAS2785	7.06	9
11669927	260799.BAS3672	7.04	13
11669636	260799.BAS3375	6.98	5
11667065	260799.BAS0785	6.95	9
11667731	260799.BAS1458	6.92	30
11667743	260799.BAS1470	6.87	16
11668443	260799.BAS2178	6.85	9
11668054	260799.BAS1786	6.67	9
11669488	260799.BAS3227	6.67	8
11667261	260799.BAS0984	6.66	18
11667285	260799.BAS1008	6.53	3
11671195	260799.BAS4951	6.52	9
11668852	260799.BAS2589	6.5	3
11671333	260799.BAS5090	6.49	16
11668907	260799.BAS2644	6.44	12
11668425	260799.BAS2160	6.43	47
11667345	260799.BAS1069	6.31	10
11668464	260799.BAS2199	6.3	30
11667103	260799.BAS0823	6.22	18
11667569	260799.BAS1296	6.21	4
11671358	260799.BAS5115	6.2	9
11670496	260799.BAS4244	6.19	12
11667844	260799.BAS1573	6.17	4
11670357	260799.BAS4103	6.16	9
11669924	260799.BAS3669	6.15	42
11668947	260799.BAS2685	6.05	5
11667228	260799.BAS0950	5.94	8
11669652	260799.BAS3391	5.91	12
11670941	260799.BAS4693	5.9	6
11669481	260799.BAS3220	5.84	14
11668294	260799.BAS2027	5.8	18
11667466	260799.BAS1192	5.73	4
11667279	260799.BAS1002	5.71	16
11667011	260799.BAS0731	5.67	5
11666915	260799.BAS0634	5.65	13
11667718	260799.BAS1445	5.62	12
11667679	260799.BAS1406	5.57	12
11669980	260799.BAS3725	5.57	20
11670423	260799.BAS4170	5.55	7
11669888	260799.BAS3632	5.44	9
11670608	260799.BAS4357	5.44	9
11669809	260799.BAS3551	5.44	4
11668244	260799.BAS1977	5.43	23
11666646	260799.BAS0362	5.39	4
11667584	260799.BAS1311	5.33	13
11667655	260799.BAS1382	5.31	3
11670757	260799.BAS4505	5.28	12
11667405	260799.BAS1129	5.25	8
11670511	260799.BAS4259	5.22	4
11671458	260799.BAS5215	5.19	9
11668566	260799.BAS2301	5.18	9
11671081	260799.BAS4834	5.12	3
11667779	260799.BAS1508	5.11	10
11668486	260799.BAS2221	5.1	4
11669582	260799.BAS3321	5.09	19
11670748	260799.BAS4496	5.06	3
11669158	260799.BAS2896	5.04	4
11668942	260799.BAS2680	5.0	4
11666932	260799.BAS0651	4.99	12
11669947	260799.BAS3692	4.97	3
11670555	260799.BAS4304	4.91	21
11667064	260799.BAS0784	4.87	6
11669007	260799.BAS2745	4.86	12
11668254	260799.BAS1987	4.85	15
11668404	260799.BAS2139	4.85	11
11666638	260799.BAS0354	4.65	3
11671280	260799.BAS5037	4.6	8
11670223	260799.BAS3969	4.56	3
11670835	260799.BAS4585	4.53	12
11669820	260799.BAS3563	4.49	15
11669782	260799.BAS3524	4.46	18
11669874	260799.BAS3617	4.41	9
11671578	260799.BAS5337	4.4	9
11666616	260799.BAS0332	4.39	9
11667680	260799.BAS1407	4.38	3
11670963	260799.BAS4715	4.31	9
11669653	260799.BAS3392	4.29	12
11667448	260799.BAS1174	4.17	12
11666594	260799.BAS0310	4.04	8
11668144	260799.BAS1876	4.0	9
11669447	260799.BAS3186	3.94	12
11667749	260799.BAS1476	3.87	12
11670665	260799.BAS4414	3.82	4
11667602	260799.BAS1329	3.78	12
11668363	260799.BAS2096	3.72	3
11667706	260799.BAS1433	3.69	4
11666341	260799.BAS0050	3.68	3
11666372	260799.BAS0082	3.64	12
11670477	260799.BAS4225	3.59	3
11668246	260799.BAS1979	3.44	3
11670124	260799.BAS3870	3.42	3
11666879	260799.BAS0598	3.41	4
11669610	260799.BAS3349	3.35	5
11668225	260799.BAS1958	3.23	5
11668788	260799.BAS2524	3.22	8
11669926	260799.BAS3671	3.2	9
11667396	260799.BAS1120	3.19	3
11667593	260799.BAS1320	3.16	3
11668386	260799.BAS2120	3.16	7
11667321	260799.BAS1045	3.14	9
11667985	260799.BAS1716	3.11	8
11668006	260799.BAS1738	3.02	3
11670203	260799.BAS3949	2.99	3
11666998	260799.BAS0718	2.97	4
11668407	260799.BAS2142	2.97	8
11667658	260799.BAS1385	2.95	9
11670924	260799.BAS4676	2.94	4
11669242	260799.BAS2981	2.94	3
11670461	260799.BAS4209	2.88	9
11670022	260799.BAS3767	2.85	12
11667400	260799.BAS1124	2.84	3
11670783	260799.BAS4532	2.82	4
11669959	260799.BAS3704	2.74	6
11671009	260799.BAS4761	2.73	15
11669437	260799.BAS3176	2.66	6
11670260	260799.BAS4006	2.64	3
11668230	260799.BAS1963	2.58	3
11671053	260799.BAS4806	2.5	4
11671437	260799.BAS5194	2.44	3
11669681	260799.BAS3421	2.4	4
11669881	260799.BAS3624	2.38	3
11667752	260799.BAS1479	2.35	10
11668830	260799.BAS2567	2.34	3
11667051	260799.BAS0771	2.33	3
11669587	260799.BAS3326	2.26	5
11666974	260799.BAS0694	2.24	4
11669421	260799.BAS3160	2.23	3
11666744	260799.BAS0460	2.19	8
11667374	260799.BAS1098	2.17	3
11669784	260799.BAS3526	2.13	3
11666515	260799.BAS0226	2.08	3
11670328	260799.BAS4074	2.05	3
11667299	260799.BAS1022	2.02	17
11667358	260799.BAS1082	1.98	3
11670961	260799.BAS4713	1.95	3
11668986	260799.BAS2724	1.95	5
11670870	260799.BAS4620	1.94	3
11670462	260799.BAS4210	1.93	4
11666996	260799.BAS0716	1.9	3
11670813	260799.BAS4562	1.72	3
11668302	260799.BAS2035	1.72	12
11670640	260799.BAS4389	1.59	9
11668927	260799.BAS2664	1.55	3
11669584	260799.BAS3323	1.22	6
11666517	260799.BAS0228	1.15	3
11667336	260799.BAS1060	1.1	9
11669601	260799.BAS3340	1.02	5
11669702	260799.BAS3442	0.914	3
11667919	260799.BAS1649	0.791	6
