#id: 2596730017
#name: K. pneumoniae - Whole organism, iBAQ (Museliusetal,frontmicrobiol2020)
#score: 14.2
#weight:  10%
#description: abundance based on iBAQ, Interaction consistency score: 14.2, Coverage: 48
#organ: WHOLE_ORGANISM
#integrated: false
#coverage: 48
#link: http://www.ncbi.nlm.nih.gov/pubmed/32390954
#publication_year: 2020
#filename: 272620-PXD015623_replete1.txt
#
#internal_id	string_external_id	abundance
64270665	272620.KPN_04533	12222	458130873000
64269646	272620.KPN_03472	12222	32743262500
64267490	272620.KPN_01279	10713	2651535000
64269879	272620.KPN_03714	10256	68858923750
64267200	272620.KPN_00986	9834	312869628000
64267303	272620.KPN_01092	9649	38861817500
64270267	272620.KPN_04106	9395	11636526750
64267408	272620.KPN_01197	9300	248350715000
64268949	272620.KPN_02761	9130	178988710000
64269871	272620.KPN_03706	8775	14251779250
64269872	272620.KPN_03707	8611	118191642500
64269302	272620.KPN_03123	8502	228017436250
64270139	272620.KPN_03976	8441	16172300000
64269867	272620.KPN_03702	8287	117935232500
64269865	272620.KPN_03700	8121	84921137000
64269881	272620.KPN_03716	7777	147800673250
64268340	272620.KPN_02134	7697	63036110428
64270519	272620.KPN_04382	7550	50541350000
64269746	272620.KPN_03573	7345	23169128750
64269090	272620.KPN_02902	7097	81059856500
64270494	272620.KPN_04357	7086	466278980750
64269889	272620.KPN_03724	7086	466278980750
64269878	272620.KPN_03713	6992	86391964800
64269064	272620.KPN_02876	6470	167342883500
64270501	272620.KPN_04364	6429	58149175000
64268383	272620.KPN_02177	6310	45783144875
64270140	272620.KPN_03977	6220	33012244250
64269800	272620.KPN_03629	6090	57116517250
64270664	272620.KPN_04532	5999	62119141000
64269859	272620.KPN_03694	5984	45830442500
64270500	272620.KPN_04363	5762	66951762500
64270171	272620.KPN_04008	5588	151179993250
64269891	272620.KPN_03726	5557	58772059250
64270498	272620.KPN_04361	5488	108147786250
64266878	272620.KPN_00650	5473	76294637500
64266257	272620.KPN_00018	5270	26442680750
64269892	272620.KPN_03727	5243	35527580000
64269861	272620.KPN_03696	5226	91015684500
64268407	272620.KPN_02201	5099	62505551500
64269869	272620.KPN_03704	4964	75246571000
64269116	272620.KPN_02932	4934	23098795000
64266632	272620.KPN_00402	4927	17942675000
64268952	272620.KPN_02764	4915	51386736750
64269801	272620.KPN_03630	4897	51880597000
64270723	272620.KPN_04594	4815	50737432000
64269880	272620.KPN_03715	4796	36904712500
64270726	272620.KPN_04597	4720	76168397250
64269874	272620.KPN_03709	4690	42805490000
64269113	272620.KPN_02929	4672	45039391250
64269529	272620.KPN_03354	4622	84501029750
64267055	272620.KPN_00841	4566	73976564750
64267355	272620.KPN_01144	4533	142384027000
64269890	272620.KPN_03725	4520	229011051425
64269875	272620.KPN_03710	4483	10907038600
64269866	272620.KPN_03701	4466	18250602750
64269863	272620.KPN_03698	4369	51968080000
64270388	272620.KPN_04231	4338	26472308750
64269530	272620.KPN_03355	4331	113507118500
64268831	272620.KPN_02636	4198	159609572500
64266421	272620.KPN_00183	4148	138013329250
64269873	272620.KPN_03708	4113	31317778500
64270172	272620.KPN_04009	4000	20089525000
64267152	272620.KPN_00938	3867	140601123900
64269885	272620.KPN_03720	3867	37184481250
64268408	272620.KPN_02202	3785	67101329750
64268695	272620.KPN_02499	3772	130283995750
64269884	272620.KPN_03719	3744	69650229450
64269876	272620.KPN_03711	3732	14138835000
64270374	272620.KPN_04217	3589	51245133000
64266420	272620.KPN_00182	3588	70925605750
64270512	272620.KPN_04375	3579	66130888000
64269877	272620.KPN_03712	3549	27258400750
64266529	272620.KPN_00299	3527	71921730000
64266884	272620.KPN_00656	3449	26356405000
64270725	272620.KPN_04596	3445	15010437500
64270497	272620.KPN_04360	3401	39943152750
64269523	272620.KPN_03348	3370	63793671750
64268950	272620.KPN_02762	3349	15050060000
64270432	272620.KPN_04282	3302	37744431750
64268405	272620.KPN_02199	3294	216486338500
64266429	272620.KPN_00191	3286	39741072500
64267298	272620.KPN_01087	3273	10408250000
64269883	272620.KPN_03718	3253	47241649475
64268544	272620.KPN_02340	3200	26593562500
64270168	272620.KPN_04005	3145	45649924750
64266358	272620.KPN_00120	3141	90934833250
64266597	272620.KPN_00367	3138	27456906500
64266982	272620.KPN_00768	3114	58528758750
64269862	272620.KPN_03697	3090	31656227500
64268201	272620.KPN_01992	2978	28357875000
64269320	272620.KPN_03141	2968	65452960500
64266646	272620.KPN_00416	2930	5774180000
64269767	272620.KPN_03596	2927	26034850925
64269699	272620.KPN_03526	2903	14751612750
64269860	272620.KPN_03695	2885	86261188250
64267057	272620.KPN_00843	2832	35676057750
64269868	272620.KPN_03703	2802	24883147500
64269870	272620.KPN_03705	2801	37159914000
64270298	272620.KPN_04137	2774	99557834000
64270300	272620.KPN_04139	2766	103003740975
64269550	272620.KPN_03375	2745	79495226000
64266869	272620.KPN_00641	2711	39210791750
64268745	272620.KPN_02549	2696	53618240750
64266253	272620.KPN_00014	2662	117311567550
64266356	272620.KPN_00118	2622	162247370325
64268661	272620.KPN_02465	2586	12642262750
64270423	272620.KPN_04273	2579	101655534500
64266544	272620.KPN_00314	2576	35536112000
64266541	272620.KPN_00311	2473	51371069500
64268358	272620.KPN_02152	2457	74555171500
64267495	272620.KPN_01284	2441	44461390000
64268711	272620.KPN_02515	2418	63581735000
64267911	272620.KPN_01702	2398	55325057500
64266449	272620.KPN_00211	2387	50943398000
64270789	272620.KPN_04660	2378	4735942250
64266725	272620.KPN_00497	2357	10402850000
64266417	272620.KPN_00179	2350	52333330000
64266247	272620.KPN_00008	2350	85216953750
64267145	272620.KPN_00931	2328	141275211175
64267135	272620.KPN_00921	2266	38074781250
64270750	272620.KPN_04621	2206	32131784000
64269887	272620.KPN_03722	2162	25304675575
64269185	272620.KPN_03001	2087	12003200000
64270471	272620.KPN_04325	2070	104815663625
64269298	272620.KPN_03119	2065	63566543250
64268619	272620.KPN_02418	2032	66991356305
64266629	272620.KPN_00399	2030	18400455750
64267863	272620.KPN_01654	1994	39225319000
64266710	272620.KPN_00481	1978	24067262500
64268220	272620.KPN_02014	1956	29307603000
64269964	272620.KPN_03799	1955	31028461500
64269036	272620.KPN_02848	1949	21209403250
64268188	272620.KPN_01979	1926	18350633000
64267440	272620.KPN_01229	1901	12946032500
64266628	272620.KPN_00398	1853	73336620750
64270509	272620.KPN_04372	1851	34267266750
64267736	272620.KPN_01527	1850	35423093250
64269766	272620.KPN_03595	1825	14755461250
64270546	272620.KPN_04413	1821	69235506500
64268998	272620.KPN_02810	1814	28218273250
64267735	272620.KPN_01526	1794	49814394500
64270117	272620.KPN_03954	1792	12547323250
64266357	272620.KPN_00119	1764	86780957500
64266852	272620.KPN_00624	1764	44554927500
64268787	272620.KPN_02591	1745	29288275000
64269202	272620.KPN_03018	1739	23187208250
64269107	272620.KPN_02923	1731	42783707500
64266584	272620.KPN_00354	1726	39216862250
64267149	272620.KPN_00935	1714	43112264750
64268882	272620.KPN_02687	1712	32385526500
64268747	272620.KPN_02551	1708	28198473750
64268671	272620.KPN_02475	1700	32360690250
64270677	272620.KPN_04545	1681	15022817500
64270705	272620.KPN_04576	1634	44536799000
64268040	272620.KPN_01831	1626	9869724750
64268814	272620.KPN_02618	1611	15267695500
64266243	272620.KPN_00004	1610	41849349000
64268062	272620.KPN_01853	1606	41790431750
64268746	272620.KPN_02550	1581	24333717500
64269292	272620.KPN_03113	1577	50111667500
64266423	272620.KPN_00185	1576	16457650500
64266362	272620.KPN_00124	1544	115485521250
64268339	272620.KPN_02133	1542	50357229750
64269022	272620.KPN_02834	1541	41983094925
64266588	272620.KPN_00358	1534	12633825000
64270513	272620.KPN_04376	1533	70310647750
64269002	272620.KPN_02814	1530	20167914250
64268951	272620.KPN_02763	1495	55215576250
64270415	272620.KPN_04265	1461	15197727000
64268961	272620.KPN_02773	1453	43905949750
64269745	272620.KPN_03572	1423	61176296750
64268442	272620.KPN_02238	1396	29978194500
64268635	272620.KPN_02436	1394	39702406500
64270335	272620.KPN_04178	1381	51187150150
64269293	272620.KPN_03114	1378	22922595250
64269795	272620.KPN_03624	1344	123728606550
64269000	272620.KPN_02812	1344	24037808500
64269103	272620.KPN_02919	1324	10312061750
64266948	272620.KPN_00727	1320	40727923500
64267153	272620.KPN_00939	1300	6559740000
64270503	272620.KPN_04366	1271	135850930775
64267465	272620.KPN_01254	1255	25621545750
64267350	272620.KPN_01139	1238	30312383500
64267169	272620.KPN_00955	1237	39282679250
64270755	272620.KPN_04626	1229	24453529000
64266972	272620.KPN_00758	1228	32786535750
64270390	272620.KPN_04233	1221	24854796000
64266686	272620.KPN_00456	1196	20759710900
64268569	272620.KPN_02365	1194	22859461675
64270402	272620.KPN_04245	1191	76879171750
64270699	272620.KPN_04570	1185	8964520750
64269946	272620.KPN_03781	1182	11196782250
64268203	272620.KPN_01994	1171	19413327750
64269908	272620.KPN_03743	1147	25621686750
64269734	272620.KPN_03561	1146	15382546500
64270297	272620.KPN_04136	1140	5105592750
64266337	272620.KPN_00099	1134	37274022500
64270502	272620.KPN_04365	1133	102611031000
64270396	272620.KPN_04239	1129	29454383000
64266317	272620.KPN_00079	1127	28603934500
64269296	272620.KPN_03117	1126	22746989490
64269966	272620.KPN_03801	1126	7910305000
64266320	272620.KPN_00082	1117	24776912750
64269050	272620.KPN_02862	1116	40756787250
64268393	272620.KPN_02187	1109	4401963500
64270380	272620.KPN_04223	1105	29237419250
64270302	272620.KPN_04141	1104	16227767500
64270496	272620.KPN_04359	1101	14311029500
64266932	272620.KPN_00711	1101	44857790750
64270761	272620.KPN_04632	1082	6949019750
64268689	272620.KPN_02493	1077	28348701500
64266609	272620.KPN_00379	1068	15809592250
64268385	272620.KPN_02179	1062	8565460000
64269120	272620.KPN_02936	1040	9685802325
64267134	272620.KPN_00920	1032	18805984250
64270511	272620.KPN_04374	1031	16658856000
64269206	272620.KPN_03022	1030	9778967500
64270160	272620.KPN_03997	1022	8182286750
64268359	272620.KPN_02153	1019	22126463250
64270527	272620.KPN_04394	1012	20761678750
64267301	272620.KPN_01090	1004	16611346250
64266956	272620.KPN_00735	999	19238843500
64270419	272620.KPN_04269	998	18426109750
64266318	272620.KPN_00080	988	40441142000
64268380	272620.KPN_02174	986	8345683250
64270977	272620.KPN_04856	977	14787903000
64269796	272620.KPN_03625	961	34116095750
64270420	272620.KPN_04270	956	39608162250
64266871	272620.KPN_00643	951	7249150000
64266436	272620.KPN_00198	944	21624487250
64266345	272620.KPN_00107	941	15052669750
64268673	272620.KPN_02477	939	26169222250
64269752	272620.KPN_03580	935	32379689500
64267107	272620.KPN_00893	925	16913984000
64269882	272620.KPN_03717	924	7064848750
64266316	272620.KPN_00078	920	27152147750
64267824	272620.KPN_01615	919	27829529000
64269532	272620.KPN_03357	919	64555534250
64266987	272620.KPN_00773	915	17223341500
64268596	272620.KPN_02392	913	28555126750
64268023	272620.KPN_01814	911	10527043750
64267130	272620.KPN_00916	909	4385292500
64270299	272620.KPN_04138	896	23069753750
64267175	272620.KPN_00961	895	30747893000
64267724	272620.KPN_01515	894	13852412250
64267464	272620.KPN_01253	880	13652357500
64269899	272620.KPN_03734	870	5354612750
64269012	272620.KPN_02824	864	10351817500
64267310	272620.KPN_01099	859	18162982575
64270025	272620.KPN_03860	853	4153871250
64269210	272620.KPN_03031	842	22632906250
64269526	272620.KPN_03351	841	10566092500
64268374	272620.KPN_02168	840	15536877500
64266854	272620.KPN_00626	837	18722948250
64268582	272620.KPN_02378	836	12525900500
64270336	272620.KPN_04179	833	27466226000
64268986	272620.KPN_02798	827	31108048500
64270116	272620.KPN_03953	818	6920181250
64270784	272620.KPN_04655	817	6727863000
64266954	272620.KPN_00733	816	18696655250
64268674	272620.KPN_02478	815	18465428250
64266278	272620.KPN_00040	814	15887647500
64267404	272620.KPN_01193	813	35189317000
64267338	272620.KPN_01127	803	62028390250
64267077	272620.KPN_00863	803	27036750500
64270574	272620.KPN_04441	803	22600771750
64269049	272620.KPN_02861	798	9868757750
64266279	272620.KPN_00041	796	54825653750
64270967	272620.KPN_04846	796	38881981675
64267242	272620.KPN_01029	792	10967770500
64268008	272620.KPN_01799	789	11428894500
64268551	272620.KPN_02347	786	11516464750
64268677	272620.KPN_02481	782	17716582500
64269856	272620.KPN_03691	779	6539282750
64268199	272620.KPN_01990	779	6864587750
64266955	272620.KPN_00734	772	28184545750
64266873	272620.KPN_00645	770	13986725250
64270433	272620.KPN_04283	761	29213283525
64268523	272620.KPN_02319	753	16250354225
64269749	272620.KPN_03576	749	41544436075
64267139	272620.KPN_00925	742	24428969750
64269021	272620.KPN_02833	740	26968165750
64268184	272620.KPN_01975	731	17945055000
64266416	272620.KPN_00178	722	8150422750
64267799	272620.KPN_01590	722	10626728500
64267421	272620.KPN_01210	722	25710988500
64270301	272620.KPN_04140	721	9343377500
64266849	272620.KPN_00621	719	17356883750
64269815	272620.KPN_03644	710	14094652500
64270405	272620.KPN_04248	709	13695372500
64270295	272620.KPN_04134	708	22667720300
64266685	272620.KPN_00455	691	36663280800
64266565	272620.KPN_00335	690	3799240000
64269910	272620.KPN_03745	690	13115929500
64268182	272620.KPN_01973	686	11562375750
64269106	272620.KPN_02922	686	18890370500
64269829	272620.KPN_03659	684	15678316000
64268570	272620.KPN_02366	681	14655668250
64267967	272620.KPN_01758	674	8182778750
64268373	272620.KPN_02167	673	11850507750
64266315	272620.KPN_00077	672	6730808000
64267467	272620.KPN_01256	671	17625617250
64267054	272620.KPN_00840	665	13104274000
64270377	272620.KPN_04220	659	7231099250
64268381	272620.KPN_02175	659	32605106000
64266422	272620.KPN_00184	658	9488539250
64268943	272620.KPN_02755	656	14058477850
64266241	272620.KPN_00002	655	39607680250
64266891	272620.KPN_00663	655	3440485000
64266480	272620.KPN_00249	655	18602408250
64268606	272620.KPN_02402	654	5746194250
64269987	272620.KPN_03822	651	10213747250
64268573	272620.KPN_02369	651	19192057250
64269750	272620.KPN_03577	650	24980225500
64270729	272620.KPN_04600	647	8813699250
64269005	272620.KPN_02817	645	4217620000
64269623	272620.KPN_03449	643	23789357000
64268382	272620.KPN_02176	642	20036933250
64270028	272620.KPN_03863	640	28658866750
64269733	272620.KPN_03560	638	8954505250
64270083	272620.KPN_03919	635	4553007500
64266285	272620.KPN_00047	634	6408354500
64269208	272620.KPN_03029	634	45403472000
64266321	272620.KPN_00083	631	9508537750
64270794	272620.KPN_04665	629	19157832500
64269852	272620.KPN_03687	625	8093259500
64268571	272620.KPN_02367	624	31833081725
64269835	272620.KPN_03665	620	22305560500
64266624	272620.KPN_00394	620	14377152500
64268908	272620.KPN_02713	619	13336829750
64266467	272620.KPN_00236	619	6339798250
64266383	272620.KPN_00145	618	6877951000
64268647	272620.KPN_02451	606	10456095750
64270406	272620.KPN_04249	605	18809487000
64268434	272620.KPN_02230	603	12509669075
64268958	272620.KPN_02770	598	16438156750
64266305	272620.KPN_00067	583	14072449000
64270086	272620.KPN_03922	573	32031620750
64270702	272620.KPN_04573	570	12228522000
64270404	272620.KPN_04247	569	12293178500
64266872	272620.KPN_00644	564	9204646140
64268584	272620.KPN_02380	561	25437862250
64266707	272620.KPN_00478	557	4019780500
64266598	272620.KPN_00368	556	4394250500
64266995	272620.KPN_00781	555	9459565750
64270953	272620.KPN_04832	555	8554405500
64269009	272620.KPN_02821	552	10516363500
64268675	272620.KPN_02479	551	7163896500
64269799	272620.KPN_03628	550	9033618250
64269784	272620.KPN_03613	549	2111311250
64269897	272620.KPN_03732	546	10275712000
64269834	272620.KPN_03664	544	9025406250
64269524	272620.KPN_03349	544	5335938000
64266649	272620.KPN_00419	543	3200207500
64267302	272620.KPN_01091	543	8264267500
64270571	272620.KPN_04438	542	12428764500
64269840	272620.KPN_03670	542	1442895000
64269803	272620.KPN_03632	541	6639900500
64268161	272620.KPN_01952	531	12617213825
64267238	272620.KPN_01025	531	10215825000
64270961	272620.KPN_04840	526	11664487250
64267241	272620.KPN_01028	525	2879487500
64268537	272620.KPN_02333	525	11196627750
64269569	272620.KPN_03394	523	6355594250
64267934	272620.KPN_01725	515	8312062500
64266966	272620.KPN_00745	514	6586406000
64268120	272620.KPN_01911	513	3315162250
64270003	272620.KPN_03838	513	6743162500
64268901	272620.KPN_02706	512	8687123500
64267659	272620.KPN_01449	511	8627185250
64266242	272620.KPN_00003	508	6324022500
64268465	272620.KPN_02261	499	9792440000
64266412	272620.KPN_00174	495	9250364250
64269099	272620.KPN_02915	494	33059738000
64269748	272620.KPN_03575	490	4897690000
64266446	272620.KPN_00208	489	18809432325
64268883	272620.KPN_02688	488	24446253750
64269034	272620.KPN_02846	486	6014847250
64269428	272620.KPN_03252	483	12029889500
64268987	272620.KPN_02799	482	24426900762
64269648	272620.KPN_03474	478	16725394750
64268910	272620.KPN_02715	477	1426930250
64269922	272620.KPN_03757	475	4912106500
64269066	272620.KPN_02878	474	6250043750
64270508	272620.KPN_04371	473	13405377750
64269080	272620.KPN_02892	470	8900794750
64266749	272620.KPN_00521	470	2564156975
64270788	272620.KPN_04659	467	10810220000
64270525	272620.KPN_04388	467	21929343250
64267439	272620.KPN_01228	466	13889105500
64266928	272620.KPN_00707	465	4722856750
64270118	272620.KPN_03955	461	4696250500
64269949	272620.KPN_03784	461	5278030750
64266593	272620.KPN_00363	460	10356665750
64268366	272620.KPN_02160	460	24971473750
64266920	272620.KPN_00699	456	6527863000
64270383	272620.KPN_04226	456	14573644150
64266674	272620.KPN_00444	455	11866382000
64266431	272620.KPN_00193	454	6520289500
64269070	272620.KPN_02882	453	38501095250
64270473	272620.KPN_04327	452	5297795000
64268897	272620.KPN_02702	448	13643405000
64269584	272620.KPN_03410	445	8101976000
64269528	272620.KPN_03353	445	10494166500
64268894	272620.KPN_02699	444	8144136250
64267304	272620.KPN_01093	443	7784182000
64267063	272620.KPN_00849	441	6775499278
64269762	272620.KPN_03591	435	7090838650
64269617	272620.KPN_03443	435	2461257500
64266277	272620.KPN_00039	434	7634887500
64268678	272620.KPN_02482	432	3427592000
64268942	272620.KPN_02750	427	14835541925
64266481	272620.KPN_00250	426	5531935000
64266810	272620.KPN_00582	425	11579343100
64268932	272620.KPN_02738	423	7717863500
64267112	272620.KPN_00898	422	4643978250
64266902	272620.KPN_00674	420	24548811250
64267207	272620.KPN_00993	420	5337413250
64267466	272620.KPN_01255	416	14027915250
64269303	272620.KPN_03124	415	15596629500
64266862	272620.KPN_00634	414	7743890500
64268676	272620.KPN_02480	414	8954402500
64269632	272620.KPN_03458	412	11488172250
64267416	272620.KPN_01205	410	6109237250
64268672	272620.KPN_02476	406	7710184000
64267311	272620.KPN_01100	406	4526349000
64270327	272620.KPN_04170	404	7886750000
64267468	272620.KPN_01257	402	14272770250
64268753	272620.KPN_02557	397	1325380000
64266927	272620.KPN_00706	396	4360203250
64269770	272620.KPN_03599	393	14828178750
64266623	272620.KPN_00393	391	7980826250
64266432	272620.KPN_00194	391	2356166000
64266922	272620.KPN_00701	391	16067936500
64268708	272620.KPN_02512	391	8039561750
64268412	272620.KPN_02206	390	7216200500
64269920	272620.KPN_03755	390	7926161750
64270391	272620.KPN_04234	389	21644489250
64269102	272620.KPN_02918	389	8140042500
64269924	272620.KPN_03759	384	7524824250
64268011	272620.KPN_01802	382	12810237930
64268999	272620.KPN_02811	382	8288854000
64267285	272620.KPN_01074	382	7787041500
64270080	272620.KPN_03916	381	5459916500
64269493	272620.KPN_03318	377	25004541500
64269771	272620.KPN_03600	374	1399342500
64268905	272620.KPN_02710	373	8990922500
64266259	272620.KPN_00021	372	28048607750
64268880	272620.KPN_02685	372	2184950000
64269759	272620.KPN_03588	371	18019150725
64268915	272620.KPN_02720	370	3383787000
64270792	272620.KPN_04663	369	25718899750
64269089	272620.KPN_02901	368	13022597250
64270744	272620.KPN_04615	367	5806233500
64268213	272620.KPN_02004	366	4487602500
64268618	272620.KPN_02417	366	8264510000
64270424	272620.KPN_04274	363	2719600500
64270701	272620.KPN_04572	363	15815670500
64266559	272620.KPN_00329	362	5657982750
64267734	272620.KPN_01525	360	8380303250
64269743	272620.KPN_03570	360	16825690750
64270126	272620.KPN_03963	360	12064895000
64267488	272620.KPN_01277	360	4683060000
64268869	272620.KPN_02674	359	11414988750
64266864	272620.KPN_00636	357	7540787000
64268524	272620.KPN_02320	357	4220088000
64267158	272620.KPN_00944	356	1060261750
64269032	272620.KPN_02844	356	12388968000
64270566	272620.KPN_04433	353	2300341500
64269773	272620.KPN_03602	346	5578632500
64266951	272620.KPN_00730	345	14727865250
64270284	272620.KPN_04123	344	5983445000
64270545	272620.KPN_04412	343	11246031225
64268447	272620.KPN_02243	342	9387115750
64269043	272620.KPN_02855	341	12985612000
64266553	272620.KPN_00323	341	11147567500
64267317	272620.KPN_01106	338	12068024000
64269761	272620.KPN_03590	338	2012754000
64267294	272620.KPN_01083	338	20363426825
64269896	272620.KPN_03731	336	4428498750
64266931	272620.KPN_00710	335	5353337750
64269629	272620.KPN_03455	332	3439700000
64270119	272620.KPN_03956	331	11684382750
64268530	272620.KPN_02326	329	2431015000
64267493	272620.KPN_01282	328	14841264525
64270263	272620.KPN_04102	324	15923858550
64270262	272620.KPN_04101	322	6639143150
64266288	272620.KPN_00050	322	10105949250
64266781	272620.KPN_00553	318	5337567000
64268190	272620.KPN_01981	318	4186326250
64270389	272620.KPN_04232	317	2891504250
64267405	272620.KPN_01194	316	4873192500
64267906	272620.KPN_01697	316	2434375000
64268386	272620.KPN_02180	316	16063639200
64269926	272620.KPN_03761	316	5043700500
64266451	272620.KPN_00213	315	6816987750
64269606	272620.KPN_03432	314	6297175500
64266340	272620.KPN_00102	314	21843255475
64267347	272620.KPN_01136	314	6081685000
64270579	272620.KPN_04446	313	4035458750
64269291	272620.KPN_03112	311	5243910750
64269287	272620.KPN_03108	308	2356569750
64270472	272620.KPN_04326	306	4739712075
64266855	272620.KPN_00627	306	5064479000
64270866	272620.KPN_04738	306	1509097500
64267197	272620.KPN_00983	305	4470146000
64266371	272620.KPN_00133	304	4171168000
64269555	272620.KPN_03380	303	7555212000
64267268	272620.KPN_01057	303	6755817000
64268580	272620.KPN_02376	303	1254460000
64270960	272620.KPN_04839	303	8522558000
64266712	272620.KPN_00483	303	3292517925
64266916	272620.KPN_00695	301	13013779500
64268871	272620.KPN_02676	301	15270111500
64266953	272620.KPN_00732	300	17884590250
64270381	272620.KPN_04224	300	3968012500
64269418	272620.KPN_03242	299	923134500
64268756	272620.KPN_02560	299	16809801000
64268643	272620.KPN_02445	295	8025791000
64266631	272620.KPN_00401	295	16292931450
64266448	272620.KPN_00210	294	4030044000
64270191	272620.KPN_04030	294	5727375000
64269533	272620.KPN_03358	293	4618646500
64267447	272620.KPN_01236	293	14597060175
64270532	272620.KPN_04399	293	28179898750
64266336	272620.KPN_00098	293	5897930225
64268799	272620.KPN_02603	293	3364377500
64267793	272620.KPN_01584	292	2580921250
64269077	272620.KPN_02889	291	3586312000
64269045	272620.KPN_02857	291	2242448750
64270417	272620.KPN_04267	291	5587141250
64270431	272620.KPN_04281	287	8641003250
64267483	272620.KPN_01272	287	16149309025
64266379	272620.KPN_00141	285	2866260000
64267738	272620.KPN_01529	285	4557690475
64268209	272620.KPN_02000	285	4474190500
64266370	272620.KPN_00132	285	14105793750
64269317	272620.KPN_03138	285	11134159000
64269593	272620.KPN_03419	284	5884508000
64269419	272620.KPN_03243	284	4696301000
64268520	272620.KPN_02316	284	3515783750
64266254	272620.KPN_00015	283	6436938000
64269921	272620.KPN_03756	282	3198453750
64270310	272620.KPN_04149	282	5748549000
64269563	272620.KPN_03388	279	3205201250
64269207	272620.KPN_03028	278	1008520000
64266699	272620.KPN_00470	278	5486746500
64268833	272620.KPN_02638	277	4060844250
64268947	272620.KPN_02759	277	3100514750
64268888	272620.KPN_02693	276	2808551500
64270308	272620.KPN_04147	275	1272228250
64267437	272620.KPN_01226	272	3470327500
64269602	272620.KPN_03428	268	6173428250
64268597	272620.KPN_02393	268	5381457825
64266683	272620.KPN_00453	268	2662832750
64269203	272620.KPN_03019	268	6795478500
64269082	272620.KPN_02894	267	10266054250
64266280	272620.KPN_00042	266	782768250
64267117	272620.KPN_00903	265	7091375750
64268363	272620.KPN_02157	263	1758855250
64270021	272620.KPN_03856	263	4778580250
64270087	272620.KPN_03923	263	5158082000
64267182	272620.KPN_00968	262	13842432675
64268552	272620.KPN_02348	262	3689625000
64268879	272620.KPN_02684	261	3141654500
64270896	272620.KPN_04772	261	7704893500
64266879	272620.KPN_00651	261	8651109250
64270689	272620.KPN_04557	259	4242898250
64266630	272620.KPN_00400	258	10165665250
64270296	272620.KPN_04135	257	5022788500
64269925	272620.KPN_03760	257	6181456250
64270109	272620.KPN_03946	256	1676426000
64269294	272620.KPN_03115	256	7435727250
64267085	272620.KPN_00871	256	8868741000
64268225	272620.KPN_02019	255	9578830500
64267170	272620.KPN_00956	254	12612468500
64269864	272620.KPN_03699	252	4259322000
64267110	272620.KPN_00896	251	5249052000
64268549	272620.KPN_02345	251	2319808500
64270010	272620.KPN_03845	251	11414041000
64268127	272620.KPN_01918	250	8963728250
64269117	272620.KPN_02933	250	8025555750
64270153	272620.KPN_03990	250	6875481075
64270478	272620.KPN_04332	250	1169765275
64268763	272620.KPN_02567	248	4550971750
64266952	272620.KPN_00731	248	4729894500
64269816	272620.KPN_03645	248	1512342500
64269092	272620.KPN_02904	247	4428554500
64266414	272620.KPN_00176	247	7424940000
64269175	272620.KPN_02991	247	10039389500
64266706	272620.KPN_00477	246	5678875500
64269500	272620.KPN_03325	245	841667500
64270484	272620.KPN_04338	245	4541179000
64270483	272620.KPN_04337	244	8144717950
64268556	272620.KPN_02352	243	978212500
64269501	272620.KPN_03326	242	4070264000
64269985	272620.KPN_03820	242	6694209000
64268568	272620.KPN_02364	242	6376992000
64268835	272620.KPN_02640	241	14906141000
64268389	272620.KPN_02183	241	4869924250
64268167	272620.KPN_01958	240	6322625000
64266962	272620.KPN_00741	239	3080421525
64270147	272620.KPN_03984	238	2715563000
64270475	272620.KPN_04329	237	3976532750
64268055	272620.KPN_01846	237	495735500
64269164	272620.KPN_02980	237	4781610500
64266419	272620.KPN_00181	237	5018656000
64266407	272620.KPN_00169	237	6030152250
64269051	272620.KPN_02863	236	2631495500
64268539	272620.KPN_02335	236	5025783500
64268012	272620.KPN_01803	234	7860217500
64270785	272620.KPN_04656	233	2766345025
64267508	272620.KPN_01297	233	3287837250
64268837	272620.KPN_02642	233	11954226250
64266711	272620.KPN_00482	233	7758634000
64266510	272620.KPN_00280	233	8357140000
64270760	272620.KPN_04631	232	7435807500
64266892	272620.KPN_00664	232	8140251250
64266563	272620.KPN_00333	232	602603000
64268824	272620.KPN_02629	231	7679613250
64267005	272620.KPN_00791	230	6713741500
64270640	272620.KPN_04507	229	4995416750
64267723	272620.KPN_01514	228	9335327450
64267012	272620.KPN_00798	228	1618660500
64267159	272620.KPN_00945	227	3501348500
64268651	272620.KPN_02455	227	15333997000
64270079	272620.KPN_03915	225	3704712500
64267099	272620.KPN_00885	224	5517729000
64267168	272620.KPN_00954	222	2083669250
64266409	272620.KPN_00171	222	1783596750
64266681	272620.KPN_00451	222	2725298250
64270403	272620.KPN_04246	221	5873688250
64266957	272620.KPN_00736	220	5293798000
64268056	272620.KPN_01847	220	7621919250
64269630	272620.KPN_03456	220	8511110750
64266450	272620.KPN_00212	220	2144865750
64266753	272620.KPN_00525	219	4705613450
64268838	272620.KPN_02643	219	7335438250
64270146	272620.KPN_03983	219	4334594500
64269521	272620.KPN_03346	217	1820507500
64269994	272620.KPN_03829	216	2525080250
64267693	272620.KPN_01483	216	2511030000
64267017	272620.KPN_00803	215	2698677500
64269515	272620.KPN_03340	215	1222984250
64269030	272620.KPN_02842	214	4268230250
64267407	272620.KPN_01196	214	3667248500
64266428	272620.KPN_00190	214	13920933000
64266542	272620.KPN_00312	213	3970380750
64267531	272620.KPN_01321	213	2068116250
64266713	272620.KPN_00484	213	4591932750
64266349	272620.KPN_00111	211	5841140500
64269592	272620.KPN_03418	210	2571461000
64268592	272620.KPN_02388	210	10341910250
64267150	272620.KPN_00936	209	7953634000
64267470	272620.KPN_01259	209	2962312250
64270421	272620.KPN_04271	207	8939718250
64268709	272620.KPN_02513	207	5642670500
64269033	272620.KPN_02845	205	7269672250
64268688	272620.KPN_02492	204	3720797500
64270737	272620.KPN_04608	203	3701823250
64268028	272620.KPN_01819	203	11482804750
64269297	272620.KPN_03118	203	8730563000
64269838	272620.KPN_03668	200	2399342500
64266633	272620.KPN_00403	200	9229286750
64267409	272620.KPN_01198	199	1755337000
64268550	272620.KPN_02346	199	9554378500
64267655	272620.KPN_01445	199	23245575000
64270708	272620.KPN_04579	198	3264470250
64269600	272620.KPN_03426	197	2055442500
64266626	272620.KPN_00396	196	3088154250
64266589	272620.KPN_00359	195	13465559650
64269914	272620.KPN_03749	191	2528368000
64268868	272620.KPN_02673	191	10748065675
64268962	272620.KPN_02774	190	4171443250
64266730	272620.KPN_00502	190	18312121750
64270958	272620.KPN_04837	190	4360754000
64270265	272620.KPN_04104	189	4066018250
64266540	272620.KPN_00310	189	3658854750
64269039	272620.KPN_02851	189	3656915250
64268614	272620.KPN_02413	188	1533022500
64267725	272620.KPN_01516	188	9028375250
64268122	272620.KPN_01913	188	3775545000
64267966	272620.KPN_01757	188	4236071500
64269104	272620.KPN_02920	187	4356986500
64268421	272620.KPN_02217	186	2001218250
64270407	272620.KPN_04250	186	3168649250
64266942	272620.KPN_00721	186	3017009500
64270064	272620.KPN_03899	186	6970807250
64267094	272620.KPN_00880	186	1837724250
64268194	272620.KPN_01985	185	1055720250
64266365	272620.KPN_00127	185	2450472250
64266673	272620.KPN_00443	185	10915140400
64270759	272620.KPN_04630	185	1887958375
64269757	272620.KPN_03586	184	5264790500
64270448	272620.KPN_04302	184	6147137500
64267274	272620.KPN_01063	184	5327697000
64269624	272620.KPN_03450	183	2890537500
64269001	272620.KPN_02813	183	1570573000
64269520	272620.KPN_03345	183	1237544000
64269804	272620.KPN_03633	182	4935190500
64269053	272620.KPN_02865	182	4483369000
64269548	272620.KPN_03373	182	2777129250
64267418	272620.KPN_01207	182	3876331000
64267726	272620.KPN_01517	179	5034267250
64268566	272620.KPN_02362	179	2952321500
64267147	272620.KPN_00933	177	4915611250
64270971	272620.KPN_04850	177	3158533250
64269633	272620.KPN_03459	177	2619730750
64268859	272620.KPN_02664	176	1668511750
64268305	272620.KPN_02099	176	3692016250
64266909	272620.KPN_00681	176	3920199825
64268185	272620.KPN_01976	175	2727724500
64269087	272620.KPN_02899	175	6443732475
64270487	272620.KPN_04341	175	4184460500
64269525	272620.KPN_03350	174	2165316750
64269126	272620.KPN_02942	174	1429967500
64269182	272620.KPN_02998	174	6146849750
64267297	272620.KPN_01086	173	2178500000
64267206	272620.KPN_00992	173	1069462500
64267300	272620.KPN_01089	173	3166013000
64268875	272620.KPN_02680	172	3975150250
64267838	272620.KPN_01629	172	1903224750
64268609	272620.KPN_02405	172	1195659725
64267492	272620.KPN_01281	172	881457750
64270964	272620.KPN_04843	172	4530242000
64268547	272620.KPN_02343	172	4653699250
64268819	272620.KPN_02623	172	4806926250
64266511	272620.KPN_00281	171	4463825500
64268886	272620.KPN_02691	171	2452447450
64267118	272620.KPN_00904	170	6105157750
64266327	272620.KPN_00089	169	5874548250
64269781	272620.KPN_03610	169	1499907500
64270948	272620.KPN_04827	169	3595866000
64268914	272620.KPN_02719	168	3772042750
64268729	272620.KPN_02533	168	2882862000
64266378	272620.KPN_00140	168	3953489250
64269412	272620.KPN_03236	167	2939939500
64269961	272620.KPN_03796	167	4272894750
64269907	272620.KPN_03742	167	2126406750
64267482	272620.KPN_01271	167	4244176000
64267711	272620.KPN_01502	165	3299392000
64269514	272620.KPN_03339	164	9021377975
64269760	272620.KPN_03589	164	1418040500
64266328	272620.KPN_00090	164	4756098750
64267352	272620.KPN_01141	164	3036456750
64269937	272620.KPN_03772	161	2851484250
64267779	272620.KPN_01570	161	6065557250
64267654	272620.KPN_01444	160	1729963000
64270578	272620.KPN_04445	160	10033961750
64268403	272620.KPN_02197	160	6738656500
64268884	272620.KPN_02689	160	1476788000
64267003	272620.KPN_00789	159	1692377750
64267025	272620.KPN_00811	159	2630881250
64269015	272620.KPN_02827	159	7077944500
64269940	272620.KPN_03775	159	2806352750
64267476	272620.KPN_01265	158	2939071250
64268230	272620.KPN_02024	158	1054695000
64266595	272620.KPN_00365	158	1592660000
64268714	272620.KPN_02518	158	1932576750
64267417	272620.KPN_01206	157	1622113000
64269283	272620.KPN_03104	157	3760329925
64268521	272620.KPN_02317	156	1284248250
64267822	272620.KPN_01613	156	747508000
64269737	272620.KPN_03564	155	1179057500
64270384	272620.KPN_04227	155	1593894250
64266919	272620.KPN_00698	155	3382993750
64267137	272620.KPN_00923	154	3757938200
64268866	272620.KPN_02671	154	2118312000
64267271	272620.KPN_01060	154	2052183500
64270125	272620.KPN_03962	154	3548450250
64270447	272620.KPN_04301	153	4045710150
64270756	272620.KPN_04627	153	3661477250
64268195	272620.KPN_01986	153	1838522750
64267316	272620.KPN_01105	153	2683992250
64269918	272620.KPN_03753	152	901590000
64268991	272620.KPN_02803	152	8226956750
64269756	272620.KPN_03585	152	1056595000
64269782	272620.KPN_03611	152	2577900750
64270452	272620.KPN_04306	152	1077540000
64268929	272620.KPN_02735	151	4632361500
64268872	272620.KPN_02677	151	3216820750
64266963	272620.KPN_00742	151	1290061250
64268870	272620.KPN_02675	151	1590201750
64267429	272620.KPN_01218	150	4553975000
64270524	272620.KPN_04387	150	4937296250
64270644	272620.KPN_04511	150	3676908750
64270577	272620.KPN_04444	150	967036250
64268904	272620.KPN_02709	149	3201348800
64266283	272620.KPN_00045	148	966070750
64266441	272620.KPN_00203	148	927710750
64270470	272620.KPN_04324	147	2982594750
64266561	272620.KPN_00331	147	1455871250
64270972	272620.KPN_04851	147	3481977750
64266868	272620.KPN_00640	147	4254030250
64266627	272620.KPN_00397	146	950902250
64266289	272620.KPN_00051	145	9334326550
64270457	272620.KPN_04311	145	2832073250
64270734	272620.KPN_04605	145	2181833125
64269194	272620.KPN_03010	145	2283334750
64270142	272620.KPN_03979	145	2943440250
64269963	272620.KPN_03798	145	6648917000
64270331	272620.KPN_04174	144	1304415000
64270514	272620.KPN_04377	144	1480830000
64268873	272620.KPN_02678	142	1168462500
64268585	272620.KPN_02381	142	1953759250
64266546	272620.KPN_00316	142	2929751500
64266261	272620.KPN_00023	142	1500759750
64268631	272620.KPN_02430	141	16402989500
64269789	272620.KPN_03618	141	2140976500
64269823	272620.KPN_03653	141	3929731250
64268481	272620.KPN_02277	140	1301287500
64268429	272620.KPN_02225	140	962597500
64268440	272620.KPN_02236	139	2026821750
64270031	272620.KPN_03866	138	2893389000
64270235	272620.KPN_04074	137	4110552500
64266911	272620.KPN_00683	137	3007041000
64269952	272620.KPN_03787	137	8164714425
64269494	272620.KPN_03319	137	2418575000
64268959	272620.KPN_02771	136	1570276250
64267431	272620.KPN_01220	136	3719324500
64270461	272620.KPN_04315	136	2158047000
64269567	272620.KPN_03392	134	1239832500
64267337	272620.KPN_01126	134	9680780000
64270234	272620.KPN_04073	134	1274561250
64269731	272620.KPN_03558	134	2218600750
64266645	272620.KPN_00415	133	2777627750
64269566	272620.KPN_03391	133	1358708000
64267313	272620.KPN_01102	133	1722285000
64269703	272620.KPN_03530	133	3138840250
64267129	272620.KPN_00915	132	7702284500
64269774	272620.KPN_03603	131	2283553000
64267459	272620.KPN_01248	131	1264368750
64270707	272620.KPN_04578	131	8668707000
64270270	272620.KPN_04109	129	4660515250
64268133	272620.KPN_01924	129	4165635750
64269031	272620.KPN_02843	129	2211052000
64270790	272620.KPN_04661	128	2047475750
64266590	272620.KPN_00360	128	1979190750
64268864	272620.KPN_02669	127	399062000
64270572	272620.KPN_04439	127	4931487600
64266888	272620.KPN_00660	127	2825061000
64268867	272620.KPN_02672	126	1885614500
64270337	272620.KPN_04180	126	2705045750
64270114	272620.KPN_03951	126	2154283250
64268836	272620.KPN_02641	126	2381698000
64269942	272620.KPN_03777	126	7574632250
64269115	272620.KPN_02931	125	2228902000
64269402	272620.KPN_03226	125	4876011750
64268849	272620.KPN_02654	124	2774263000
64270969	272620.KPN_04848	124	981815750
64267269	272620.KPN_01058	123	1660595750
64269625	272620.KPN_03451	123	3764548250
64268755	272620.KPN_02559	122	2142865250
64268545	272620.KPN_02341	121	621714000
64267755	272620.KPN_01546	120	7110327000
64266324	272620.KPN_00086	120	2232803250
64270747	272620.KPN_04618	119	787749750
64269778	272620.KPN_03607	119	1873944250
64267286	272620.KPN_01075	118	1522734250
64267195	272620.KPN_00981	117	1081121000
64268780	272620.KPN_02584	117	1271666500
64268267	272620.KPN_02061	117	2263873250
64268205	272620.KPN_01996	117	3783416250
64266558	272620.KPN_00328	117	1497727500
64266901	272620.KPN_00673	116	2232665000
64268876	272620.KPN_02681	116	1412407000
64266903	272620.KPN_00675	116	1296258225
64266440	272620.KPN_00202	115	793550250
64269698	272620.KPN_03525	115	718583750
64268960	272620.KPN_02772	115	751129000
64266913	272620.KPN_00685	114	3283097125
64269081	272620.KPN_02893	114	2719200750
64269013	272620.KPN_02825	114	2149272450
64267400	272620.KPN_01189	113	700358500
64266967	272620.KPN_00746	113	942312000
64268397	272620.KPN_02191	112	395266500
64267420	272620.KPN_01209	112	2321893750
64266870	272620.KPN_00642	112	7194389075
64266604	272620.KPN_00374	111	523642500
64267151	272620.KPN_00937	111	1534498250
64269933	272620.KPN_03768	111	1854516750
64270695	272620.KPN_04566	111	1085063000
64267509	272620.KPN_01298	110	920726000
64269197	272620.KPN_03013	110	667684250
64267288	272620.KPN_01077	110	2686173500
64268954	272620.KPN_02766	110	1994744000
64268632	272620.KPN_02432	110	729691500
64268922	272620.KPN_02727	110	2141018250
64269046	272620.KPN_02858	110	5090852500
64267351	272620.KPN_01140	109	1594420500
64266438	272620.KPN_00200	109	601937250
64270137	272620.KPN_03974	109	1274137000
64269589	272620.KPN_03415	109	2570006750
64267800	272620.KPN_01591	109	4306830750
64268812	272620.KPN_02616	109	1543250225
64269672	272620.KPN_03499	109	1429018250
64266332	272620.KPN_00094	108	2425448750
64270657	272620.KPN_04525	108	2071587450
64269981	272620.KPN_03816	108	2307555500
64269622	272620.KPN_03448	108	1991300500
64269052	272620.KPN_02864	108	1756333750
64269995	272620.KPN_03830	107	2555087125
64268364	272620.KPN_02158	107	8329915500
64266991	272620.KPN_00777	106	3275502250
64268515	272620.KPN_02311	106	2494423525
64266566	272620.KPN_00336	106	2302974000
64270450	272620.KPN_04304	104	2779058500
64268525	272620.KPN_02321	104	4516918500
64269786	272620.KPN_03615	104	1973152600
64267452	272620.KPN_01241	104	1826579750
64270558	272620.KPN_04425	103	3886736750
64270691	272620.KPN_04559	103	1670835000
64268670	272620.KPN_02474	103	2322435500
64268009	272620.KPN_01800	103	2691728500
64266958	272620.KPN_00737	103	1240716250
64266965	272620.KPN_00744	103	3561785750
64268345	272620.KPN_02139	103	2297385750
64269785	272620.KPN_03614	102	1312460500
64266483	272620.KPN_00252	101	1743469000
64268795	272620.KPN_02599	101	2274642500
64268507	272620.KPN_02303	101	4461076750
64268496	272620.KPN_02292	101	13099405500
64268621	272620.KPN_02420	101	1194903250
64269549	272620.KPN_03374	101	3656036000
64266245	272620.KPN_00006	101	1979865000
64268639	272620.KPN_02441	100	2273246500
64270329	272620.KPN_04172	99.6	5478913750
64267253	272620.KPN_01040	98.3	635740250
64266893	272620.KPN_00665	98.2	1501526000
64266897	272620.KPN_00669	98.1	789649000
64270786	272620.KPN_04657	98.1	3003534250
64267188	272620.KPN_00974	97.9	3386720000
64268153	272620.KPN_01944	97.8	4244414250
64269229	272620.KPN_03050	97.7	3854008250
64266457	272620.KPN_00225	97.6	1841230250
64270408	272620.KPN_04251	97.4	2885592000
64270325	272620.KPN_04168	97.2	642763500
64270330	272620.KPN_04173	97.1	1666430250
64268957	272620.KPN_02769	96.9	2063322250
64269105	272620.KPN_02921	96.9	2428993750
64269516	272620.KPN_03341	96.9	2373196500
64269014	272620.KPN_02826	96.3	6230956250
64270290	272620.KPN_04129	96.2	1610963500
64268658	272620.KPN_02462	96.2	2288050500
64268878	272620.KPN_02683	95.5	930079500
64269086	272620.KPN_02898	95.4	1123474750
64270952	272620.KPN_04831	95.1	3766120175
64266562	272620.KPN_00332	94.8	1699801250
64270124	272620.KPN_03961	94.8	1576040750
64269312	272620.KPN_03133	94.7	772728000
64270143	272620.KPN_03980	94.6	453264675
64269560	272620.KPN_03385	94.3	1856194500
64270012	272620.KPN_03847	94.1	2318114500
64269764	272620.KPN_03593	93.8	1828533175
64270685	272620.KPN_04553	93.7	5053804750
64270412	272620.KPN_04255	93.4	5197022250
64270294	272620.KPN_04133	92.9	2807264250
64267392	272620.KPN_01181	92.8	1008355500
64266472	272620.KPN_00241	92.2	798133250
64267185	272620.KPN_00971	92.2	2513064100
64269959	272620.KPN_03794	92.1	5704718825
64270077	272620.KPN_03913	92.1	3497463500
64269848	272620.KPN_03683	91.8	977801750
64266691	272620.KPN_00462	91.6	1069683000
64268531	272620.KPN_02327	91.5	490303500
64268367	272620.KPN_02161	91.4	1613850000
64270023	272620.KPN_03858	91.4	1294986000
64266880	272620.KPN_00652	91.4	877426000
64269029	272620.KPN_02841	90.9	3574110500
64270562	272620.KPN_04429	90.8	4899668000
64266717	272620.KPN_00489	90.7	1533106750
64269956	272620.KPN_03791	90.7	1016502500
64269471	272620.KPN_03295	90.7	435287500
64267798	272620.KPN_01589	90.4	1946450000
64269982	272620.KPN_03817	90.3	2120334050
64267074	272620.KPN_00860	90.2	1476555500
64266881	272620.KPN_00653	89.8	490702000
64267344	272620.KPN_01133	89.5	2317599000
64269616	272620.KPN_03442	89.4	1048409250
64269853	272620.KPN_03688	89.1	2186868250
64266914	272620.KPN_00686	89.1	3671562000
64268917	272620.KPN_02722	89.0	865944000
64266393	272620.KPN_00155	89.0	1272679500
64269628	272620.KPN_03454	89.0	1422381750
64269798	272620.KPN_03627	88.5	791789500
64270112	272620.KPN_03949	88.5	3118410000
64267732	272620.KPN_01523	88.0	1521937750
64267164	272620.KPN_00950	88.0	1209115250
64266886	272620.KPN_00658	87.9	2382529250
64267478	272620.KPN_01267	87.8	2209227000
64268148	272620.KPN_01939	87.7	1205612250
64267340	272620.KPN_01129	87.5	2819373250
64269845	272620.KPN_03680	87.5	1948099750
64266444	272620.KPN_00206	87.5	1792156500
64270518	272620.KPN_04381	87.4	1844263000
64266867	272620.KPN_00639	87.4	1034309750
64268560	272620.KPN_02356	87.2	449232500
64269101	272620.KPN_02917	87.0	1512450000
64270011	272620.KPN_03846	86.7	1549429000
64268041	272620.KPN_01832	86.5	449757500
64267477	272620.KPN_01266	86.4	1347306250
64267325	272620.KPN_01114	86.3	1147256300
64267345	272620.KPN_01134	85.6	1346242500
64266887	272620.KPN_00659	85.6	691910250
64266586	272620.KPN_00356	85.4	1511168000
64270598	272620.KPN_04465	84.9	693985250
64270059	272620.KPN_03894	84.7	1220856000
64267046	272620.KPN_00832	84.5	2055047000
64268257	272620.KPN_02051	84.4	305487750
64270862	272620.KPN_04734	84.2	1716209250
64268626	272620.KPN_02425	84.0	851838000
64269100	272620.KPN_02916	83.9	926926750
64267516	272620.KPN_01305	83.8	3135648750
64268796	272620.KPN_02600	83.7	1129461250
64268921	272620.KPN_02726	83.6	1944897500
64267076	272620.KPN_00862	82.7	3130302750
64267806	272620.KPN_01597	82.6	525625750
64267481	272620.KPN_01270	82.3	5144664750
64268391	272620.KPN_02185	81.8	1262754000
64269316	272620.KPN_03137	81.6	2012369750
64266487	272620.KPN_00256	81.6	2368298250
64269496	272620.KPN_03321	81.6	1178057500
64266372	272620.KPN_00134	81.2	749262000
64266988	272620.KPN_00774	81.2	3010866000
64266338	272620.KPN_00100	81.1	1552167750
64269986	272620.KPN_03821	81.1	1017265550
64270039	272620.KPN_03874	81.0	1071337500
64266811	272620.KPN_00583	81.0	1665435250
64269960	272620.KPN_03795	80.9	2335660250
64270271	272620.KPN_04110	80.7	2656889250
64270642	272620.KPN_04509	80.6	1487002250
64266258	272620.KPN_00020	80.5	1721946500
64268993	272620.KPN_02805	80.3	2102218500
64269671	272620.KPN_03498	80.3	2696326500
64268727	272620.KPN_02531	80.1	1281582500
64268963	272620.KPN_02775	79.8	566329250
64267220	272620.KPN_01006	79.8	419157250
64269517	272620.KPN_03342	79.7	1351704750
64266333	272620.KPN_00095	79.7	2102283000
64267919	272620.KPN_01710	79.3	8432150000
64270962	272620.KPN_04841	79.2	966572250
64268946	272620.KPN_02758	79.1	5409445250
64266402	272620.KPN_00164	79.0	5353021000
64266459	272620.KPN_00227	78.9	1074428250
64268885	272620.KPN_02690	78.6	1081746250
64266716	272620.KPN_00488	78.6	545284500
64270317	272620.KPN_04156	78.3	1919760250
64267233	272620.KPN_01020	77.8	2113880500
64267982	272620.KPN_01773	77.8	1425365000
64266330	272620.KPN_00092	77.6	1755496000
64270159	272620.KPN_03996	77.3	1095390250
64269898	272620.KPN_03733	77.2	541705000
64266373	272620.KPN_00135	76.9	1660575500
64268655	272620.KPN_02459	76.8	1328812750
64268348	272620.KPN_02142	76.7	419325000
64266643	272620.KPN_00413	76.7	1111210000
64267585	272620.KPN_01375	76.2	1441031750
64269035	272620.KPN_02847	76.1	2607494500
64268483	272620.KPN_02279	75.9	1064783000
64270030	272620.KPN_03865	75.8	1617850500
64267309	272620.KPN_01098	75.5	1067569000
64268820	272620.KPN_02624	75.4	299450000
64270700	272620.KPN_04571	75.3	2724777250
64267986	272620.KPN_01777	75.0	1307915000
64268900	272620.KPN_02705	74.9	2225116000
64270743	272620.KPN_04614	74.9	2139313000
64267084	272620.KPN_00870	74.7	1280883500
64270164	272620.KPN_04001	74.7	2123445750
64266587	272620.KPN_00357	74.6	2013232500
64268788	272620.KPN_02592	74.5	1300477500
64266355	272620.KPN_00117	73.7	990901000
64267275	272620.KPN_01064	73.7	3015146900
64267215	272620.KPN_01001	73.6	2014911750
64268764	272620.KPN_02568	73.6	4328298500
64267256	272620.KPN_01043	73.5	745272500
64267262	272620.KPN_01050	73.2	949805500
64268538	272620.KPN_02334	73.0	399700250
64266403	272620.KPN_00165	72.7	3789038000
64268855	272620.KPN_02660	72.5	803681000
64268620	272620.KPN_02419	72.5	2093753250
64266985	272620.KPN_00771	72.4	1205638750
64268438	272620.KPN_02234	72.1	1799855000
64267520	272620.KPN_01310	72.0	3372584350
64267080	272620.KPN_00866	71.7	2205670750
64269519	272620.KPN_03344	71.6	2593799750
64268707	272620.KPN_02511	71.6	1049152500
64266945	272620.KPN_00724	71.6	927705500
64267484	272620.KPN_01273	70.9	1325107250
64268430	272620.KPN_02226	70.6	382607000
64268742	272620.KPN_02546	70.6	775215000
64268985	272620.KPN_02797	70.4	3711642000
64269802	272620.KPN_03631	70.1	2175039000
64268417	272620.KPN_02213	70.0	2938419250
64266377	272620.KPN_00139	69.8	310438750
64266364	272620.KPN_00126	69.7	1257501750
64269917	272620.KPN_03752	69.7	4842758750
64270435	272620.KPN_04285	69.6	1937875250
64270556	272620.KPN_04423	69.3	2010700000
64266943	272620.KPN_00722	69.3	856055000
64268514	272620.KPN_02310	69.2	1708428250
64267144	272620.KPN_00930	68.5	1909252000
64270429	272620.KPN_04279	68.2	1579240250
64269551	272620.KPN_03376	67.9	996355750
64270611	272620.KPN_04478	67.8	3299474000
64267049	272620.KPN_00835	67.7	741494250
64266452	272620.KPN_00214	67.6	1199274500
64267014	272620.KPN_00800	67.4	1528075525
64270115	272620.KPN_03952	67.2	1472954500
64266921	272620.KPN_00700	67.2	2035663750
64268616	272620.KPN_02415	67.1	1229371750
64267165	272620.KPN_00951	67.0	7913544150
64266381	272620.KPN_00143	66.8	2980809000
64269561	272620.KPN_03386	66.7	611653750
64269605	272620.KPN_03431	65.9	1571418175
64269847	272620.KPN_03682	65.8	1083376000
64270307	272620.KPN_04146	65.7	2510345250
64268020	272620.KPN_01811	65.5	2240316500
64270950	272620.KPN_04829	65.5	645760000
64269728	272620.KPN_03555	65.2	2547686750
64268589	272620.KPN_02385	65.2	1680286750
64270567	272620.KPN_04434	64.8	455258750
64267782	272620.KPN_01573	64.8	1921475000
64266946	272620.KPN_00725	64.6	813935000
64269044	272620.KPN_02856	64.6	269671500
64267259	272620.KPN_01046	64.4	2141609750
64266342	272620.KPN_00104	64.4	461287500
64269693	272620.KPN_03520	64.4	2469598500
64268895	272620.KPN_02700	64.1	1535818250
64268617	272620.KPN_02416	64.0	853022250
64269215	272620.KPN_03036	63.9	1346975000
64270454	272620.KPN_04308	63.9	543743000
64266248	272620.KPN_00009	63.7	955882250
64270344	272620.KPN_04187	63.6	1548815750
64270943	272620.KPN_04819	63.6	184370750
64269299	272620.KPN_03120	63.5	753622500
64267044	272620.KPN_00830	63.4	2366941000
64266684	272620.KPN_00454	63.0	523777750
64267187	272620.KPN_00973	63.0	747835250
64267052	272620.KPN_00838	62.9	906577500
64267691	272620.KPN_01481	62.8	881001500
64269684	272620.KPN_03511	62.8	1716464750
64270712	272620.KPN_04583	62.7	788590000
64268341	272620.KPN_02135	62.3	1162013500
64267666	272620.KPN_01456	62.2	1237788000
64270516	272620.KPN_04379	62.2	1240576750
64267581	272620.KPN_01371	62.2	1224213000
64270814	272620.KPN_04685	62.0	449197000
64267415	272620.KPN_01204	61.8	1953797250
64269205	272620.KPN_03021	61.8	817985750
64268794	272620.KPN_02598	61.8	1455085500
64269184	272620.KPN_03000	61.7	686144250
64267018	272620.KPN_00804	61.6	3120527500
64270001	272620.KPN_03836	61.5	385460750
64267111	272620.KPN_00897	61.5	665790250
64266917	272620.KPN_00696	61.1	922411750
64269674	272620.KPN_03501	61.1	1740986750
64269993	272620.KPN_03828	60.8	1873761250
64270564	272620.KPN_04431	60.6	980819750
64269413	272620.KPN_03237	60.4	883270000
64269611	272620.KPN_03437	60.4	2707614250
64268793	272620.KPN_02597	60.1	1156781250
64269079	272620.KPN_02891	60.0	1347784675
64268522	272620.KPN_02318	59.9	1194954500
64266296	272620.KPN_00058	59.9	4048980750
64270636	272620.KPN_04503	59.9	976904425
64270690	272620.KPN_04558	59.8	1243980750
64269903	272620.KPN_03738	59.6	3533325030
64270459	272620.KPN_04313	59.5	857553750
64267065	272620.KPN_00851	59.5	2127869250
64267323	272620.KPN_01112	59.5	5176590250
64266571	272620.KPN_00341	59.3	2946721750
64268097	272620.KPN_01888	58.9	601181500
64270074	272620.KPN_03910	58.9	758570000
64269273	272620.KPN_03094	58.7	3821368250
64268579	272620.KPN_02375	58.7	1610380250
64266930	272620.KPN_00709	58.7	1117506500
64266465	272620.KPN_00234	58.3	1349707500
64267267	272620.KPN_01056	58.3	1595708250
64268255	272620.KPN_02049	58.3	299080250
64268576	272620.KPN_02372	58.1	1276508250
64270865	272620.KPN_04737	58.1	1996254625
64266602	272620.KPN_00372	57.8	1910938500
64269996	272620.KPN_03831	57.0	656926000
64266964	272620.KPN_00743	57.0	1057133500
64269048	272620.KPN_02860	56.7	643149250
64268630	272620.KPN_02429	56.6	1229056750
64269448	272620.KPN_03272	56.6	842390250
64269744	272620.KPN_03571	56.4	1221164000
64267987	272620.KPN_01778	56.3	470040750
64269085	272620.KPN_02897	56.3	727550750
64270441	272620.KPN_04291	56.3	1313369900
64268200	272620.KPN_01991	56.1	526337250
64269631	272620.KPN_03457	56.0	3318796250
64267280	272620.KPN_01069	55.6	1349506000
64269913	272620.KPN_03748	55.5	146297500
64267296	272620.KPN_01085	55.5	556114500
64266286	272620.KPN_00048	55.5	833208000
64267491	272620.KPN_01280	55.2	1419104500
64268042	272620.KPN_01833	54.9	447255250
64270488	272620.KPN_04342	54.8	1607100000
64269047	272620.KPN_02859	54.6	323579750
64269430	272620.KPN_03254	54.4	523802750
64268938	272620.KPN_02744	54.2	1329125500
64266850	272620.KPN_00622	54.2	3096063500
64268446	272620.KPN_02242	54.1	1113041250
64268574	272620.KPN_02370	54.1	715261750
64268368	272620.KPN_02162	53.8	1539061125
64270105	272620.KPN_03942	53.8	1324510275
64269300	272620.KPN_03121	53.7	716045750
64267194	272620.KPN_00980	53.6	1933113250
64270542	272620.KPN_04409	53.3	1148612500
64266287	272620.KPN_00049	53.3	1225984750
64270559	272620.KPN_04426	53.1	817164750
64269599	272620.KPN_03425	53.0	372025750
64269096	272620.KPN_02908	52.5	1978771500
64267319	272620.KPN_01108	52.5	3080165250
64267155	272620.KPN_00941	52.4	2482671500
64270266	272620.KPN_04105	52.2	1801259500
64270515	272620.KPN_04378	52.0	1102132500
64268395	272620.KPN_02189	51.9	168779000
64269768	272620.KPN_03597	51.8	1017360000
64268344	272620.KPN_02138	51.7	2192608250
64268765	272620.KPN_02569	51.5	2680790000
64267739	272620.KPN_01530	51.2	488307250
64266818	272620.KPN_00590	51.1	543194250
64267489	272620.KPN_01278	51.0	212999750
64266599	272620.KPN_00369	50.9	1138162500
64268231	272620.KPN_02025	50.7	577398500
64266848	272620.KPN_00620	50.7	1030867750
64267896	272620.KPN_01687	50.6	747792000
64267328	272620.KPN_01117	50.5	707480500
64268913	272620.KPN_02718	50.4	957930250
64270597	272620.KPN_04464	50.4	992580500
64269730	272620.KPN_03557	50.3	422807750
64266863	272620.KPN_00635	50.3	1492587000
64270796	272620.KPN_04667	50.3	977734500
64270479	272620.KPN_04333	50.2	774509125
64270968	272620.KPN_04847	50.1	2801736000
64268051	272620.KPN_01842	50.0	831605500
64267362	272620.KPN_01151	50.0	655275250
64267353	272620.KPN_01142	50.0	786529750
64267059	272620.KPN_00845	50.0	910107500
64270409	272620.KPN_04252	50.0	622492750
64268295	272620.KPN_02089	49.9	791796000
64269645	272620.KPN_03471	49.9	1164700950
64268889	272620.KPN_02694	49.8	955299500
64268979	272620.KPN_02791	49.5	542000750
64269341	272620.KPN_03162	49.5	962215325
64269978	272620.KPN_03813	49.3	1644497000
64267403	272620.KPN_01192	49.3	1485480500
64267181	272620.KPN_00967	49.0	1827577000
64269833	272620.KPN_03663	48.9	353680500
64268706	272620.KPN_02510	48.7	4040691750
64266456	272620.KPN_00224	48.4	854123500
64269181	272620.KPN_02997	48.4	1083661250
64269965	272620.KPN_03800	48.2	791948425
64267307	272620.KPN_01096	47.9	1080296500
64270476	272620.KPN_04330	47.7	643568000
64266851	272620.KPN_00623	47.6	431366250
64269211	272620.KPN_03032	47.5	943218150
64270965	272620.KPN_04844	47.5	2229606000
64268418	272620.KPN_02214	47.5	4318280925
64270549	272620.KPN_04416	47.4	972850000
64266865	272620.KPN_00637	47.4	1078247250
64270492	272620.KPN_04351	47.3	1003733250
64266437	272620.KPN_00199	46.8	2559923000
64267569	272620.KPN_01359	46.7	744935750
64269916	272620.KPN_03751	46.7	1190976000
64266944	272620.KPN_00723	46.6	772334575
64266482	272620.KPN_00251	46.6	1944433750
64269222	272620.KPN_03043	46.5	1564144925
64267070	272620.KPN_00856	46.4	927050250
64270385	272620.KPN_04228	46.3	1004410500
64268121	272620.KPN_01912	46.3	667310000
64267289	272620.KPN_01078	46.1	900513000
64269084	272620.KPN_02896	46.0	918529250
64269825	272620.KPN_03655	45.8	1980441750
64269305	272620.KPN_03126	45.5	3020740950
64268646	272620.KPN_02450	45.2	977154000
64266900	272620.KPN_00672	45.2	1741254750
64269950	272620.KPN_03785	45.2	1525365000
64269610	272620.KPN_03436	45.2	704812000
64267494	272620.KPN_01283	45.1	1569822750
64266262	272620.KPN_00024	45.1	1000902500
64266343	272620.KPN_00105	44.9	853728250
64269649	272620.KPN_03475	44.9	747909000
64269284	272620.KPN_03105	44.8	730098000
64267792	272620.KPN_01583	44.8	867944000
64268052	272620.KPN_01843	44.7	355713000
64270517	272620.KPN_04380	44.7	795538250
64270291	272620.KPN_04130	44.6	702820000
64270453	272620.KPN_04307	44.4	181542500
64270698	272620.KPN_04569	44.2	1141387075
64270252	272620.KPN_04091	44.0	667722000
64267441	272620.KPN_01230	44.0	271535500
64266322	272620.KPN_00084	44.0	977968000
64270934	272620.KPN_04810	43.9	352774000
64270495	272620.KPN_04358	43.9	659388250
64269705	272620.KPN_03532	43.7	1098835500
64270437	272620.KPN_04287	43.6	1281217500
64270135	272620.KPN_03972	43.4	1248157750
64266986	272620.KPN_00772	43.2	1086559250
64269758	272620.KPN_03587	43.2	915985750
64270568	272620.KPN_04435	43.1	398849500
64270036	272620.KPN_03871	42.8	959386000
64270889	272620.KPN_04765	42.6	1346956500
64270174	272620.KPN_04011	42.4	2025145750
64268186	272620.KPN_01977	42.3	350370750
64267746	272620.KPN_01537	42.3	1027509250
64267867	272620.KPN_01658	42.1	716663000
64266636	272620.KPN_00406	42.0	844221250
64266380	272620.KPN_00142	42.0	591487500
64267190	272620.KPN_00976	41.9	1043472250
64268863	272620.KPN_02668	41.8	1045569500
64267518	272620.KPN_01308	41.8	878073500
64268965	272620.KPN_02777	41.6	587813500
64267349	272620.KPN_01138	41.6	605447250
64266696	272620.KPN_00467	41.6	843326750
64266430	272620.KPN_00192	41.3	714819000
64266877	272620.KPN_00649	41.3	1159517000
64268823	272620.KPN_02628	41.3	707928750
64269042	272620.KPN_02854	41.1	571751000
64266323	272620.KPN_00085	41.1	619089000
64270127	272620.KPN_03964	40.9	1023751500
64269893	272620.KPN_03728	40.8	346947500
64270106	272620.KPN_03943	40.7	831927750
64270386	272620.KPN_04229	40.7	776570750
64266564	272620.KPN_00334	40.6	421915250
64270341	272620.KPN_04184	40.6	801193450
64269947	272620.KPN_03782	40.6	463377750
64270097	272620.KPN_03933	40.4	1260035500
64267100	272620.KPN_00886	40.4	1082916000
64269763	272620.KPN_03592	40.3	900415500
64267290	272620.KPN_01079	40.1	837727250
64268634	272620.KPN_02435	40.1	1294612528
64266369	272620.KPN_00131	40.0	1453468750
64270170	272620.KPN_04007	40.0	786938000
64266311	272620.KPN_00073	39.9	985274500
64268803	272620.KPN_02607	39.7	485450000
64266290	272620.KPN_00052	39.6	1071285775
64269565	272620.KPN_03390	39.2	645961750
64269315	272620.KPN_03136	39.1	429442250
64268317	272620.KPN_02111	39.1	862349500
64269004	272620.KPN_02816	39.0	791014750
64269969	272620.KPN_03804	39.0	1264885500
64269343	272620.KPN_03164	38.8	751095500
64267315	272620.KPN_01104	38.8	1072823500
64268848	272620.KPN_02653	38.6	2926925000
64269556	272620.KPN_03381	38.6	612958500
64268208	272620.KPN_01999	38.4	1194253000
64269954	272620.KPN_03789	38.4	840398250
64266883	272620.KPN_00655	38.3	268497750
64270491	272620.KPN_04350	38.3	934075000
64267282	272620.KPN_01071	38.0	1126656500
64268966	272620.KPN_02778	37.8	654552250
64268992	272620.KPN_02804	37.8	554092500
64269091	272620.KPN_02903	37.7	1004570000
64268902	272620.KPN_02707	37.7	304938000
64270973	272620.KPN_04852	37.6	415360000
64267037	272620.KPN_00823	37.6	1085945000
64267075	272620.KPN_00861	37.6	841466750
64269187	272620.KPN_03003	37.5	389877000
64270797	272620.KPN_04668	37.4	1620081750
64269741	272620.KPN_03568	37.4	687650750
64266325	272620.KPN_00087	37.2	352984000
64267760	272620.KPN_01551	37.1	2262780000
64267026	272620.KPN_00812	37.0	395542500
64268891	272620.KPN_02696	37.0	656132750
64269421	272620.KPN_03245	36.8	2009296750
64269636	272620.KPN_03462	36.5	492144250
64270531	272620.KPN_04398	36.3	946497500
64268757	272620.KPN_02561	36.3	611476400
64267053	272620.KPN_00839	36.0	1006701000
64270666	272620.KPN_04534	36.0	212812750
64270398	272620.KPN_04241	36.0	548160225
64267910	272620.KPN_01701	36.0	933436750
64270706	272620.KPN_04577	35.8	434456500
64266783	272620.KPN_00555	35.8	279288500
64268527	272620.KPN_02323	35.7	669269000
64270526	272620.KPN_04393	35.6	298281500
64267697	272620.KPN_01487	35.5	1243521500
64270042	272620.KPN_03877	35.5	1148445500
64267751	272620.KPN_01542	35.3	612401250
64270819	272620.KPN_04691	35.3	1231117500
64267218	272620.KPN_01004	35.3	256495750
64270661	272620.KPN_04529	35.2	792817250
64270413	272620.KPN_04256	35.2	617248750
64270569	272620.KPN_04436	35.0	1034458000
64269962	272620.KPN_03797	35.0	1233267250
64270161	272620.KPN_03998	34.9	1816370750
64268297	272620.KPN_02091	34.8	666290500
64268198	272620.KPN_01989	34.7	1581416500
64267192	272620.KPN_00978	34.5	1602882250
64270970	272620.KPN_04849	34.4	327114750
64270312	272620.KPN_04151	34.4	1191996000
64269518	272620.KPN_03343	34.4	693352250
64268347	272620.KPN_02141	34.4	131027750
64268149	272620.KPN_01940	34.3	623839250
64267665	272620.KPN_01455	34.3	2035061250
64270306	272620.KPN_04145	34.3	389913750
64269618	272620.KPN_03444	34.1	1539478125
64270376	272620.KPN_04219	34.1	1331620750
64268118	272620.KPN_01909	34.0	1758238250
64270193	272620.KPN_04032	34.0	302218500
64266281	272620.KPN_00043	34.0	310598500
64268666	272620.KPN_02470	34.0	2404815625
64270477	272620.KPN_04331	33.9	1117567750
64266344	272620.KPN_00106	33.8	469254500
64270340	272620.KPN_04183	33.8	812531500
64268489	272620.KPN_02285	33.7	1695408000
64269288	272620.KPN_03109	33.6	654186250
64269790	272620.KPN_03619	33.5	1923523250
64267453	272620.KPN_01242	33.5	313050250
64266890	272620.KPN_00662	33.4	550509250
64267330	272620.KPN_01119	33.4	728130750
64268370	272620.KPN_02164	33.2	1013596500
64268093	272620.KPN_01884	33.1	806364250
64266690	272620.KPN_00461	33.1	1461875750
64270506	272620.KPN_04369	33.0	322466500
64269775	272620.KPN_03604	32.9	578038500
64268896	272620.KPN_02701	32.8	697229250
64269498	272620.KPN_03323	32.8	265383500
64268346	272620.KPN_02140	32.6	1375081900
64267133	272620.KPN_00919	32.6	937049500
64267797	272620.KPN_01588	32.5	329017500
64267191	272620.KPN_00977	32.4	2002629750
64266539	272620.KPN_00309	32.3	644335250
64270966	272620.KPN_04845	32.2	1345641000
64269336	272620.KPN_03157	32.2	925192000
64270134	272620.KPN_03971	32.2	805800750
64270694	272620.KPN_04565	32.1	1115419250
64268713	272620.KPN_02517	32.1	1641711000
64270313	272620.KPN_04152	31.9	1319864500
64269900	272620.KPN_03735	31.8	193626250
64267078	272620.KPN_00864	31.8	583898000
64269590	272620.KPN_03416	31.6	1497844750
64269038	272620.KPN_02850	31.6	3429840000
64266912	272620.KPN_00684	31.6	156231500
64266601	272620.KPN_00371	31.4	966858500
64269176	272620.KPN_02992	31.3	1166423250
64268715	272620.KPN_02519	31.0	601192750
64268642	272620.KPN_02444	31.0	244330500
64268517	272620.KPN_02313	30.9	321475750
64270321	272620.KPN_04160	30.9	198362250
64267406	272620.KPN_01195	30.9	552142250
64270791	272620.KPN_04662	30.9	262081750
64269401	272620.KPN_03225	30.9	1034332000
64266570	272620.KPN_00340	30.8	362066000
64269620	272620.KPN_03446	30.8	453501750
64269951	272620.KPN_03786	30.7	1288301250
64269123	272620.KPN_02939	30.6	169784975
64266486	272620.KPN_00255	30.6	801463750
64267361	272620.KPN_01150	30.5	334577500
64267204	272620.KPN_00990	30.5	205693500
64270458	272620.KPN_04312	30.3	1763003500
64269278	272620.KPN_03099	30.2	345808750
64269710	272620.KPN_03537	30.2	800183750
64270543	272620.KPN_04410	30.2	84606000
64266654	272620.KPN_00424	30.0	292337250
64268510	272620.KPN_02306	29.7	633437800
64266424	272620.KPN_00186	29.7	815458250
64266688	272620.KPN_00459	29.6	751428500
64270333	272620.KPN_04176	29.5	956423000
64270165	272620.KPN_04002	29.4	459578000
64267127	272620.KPN_00913	29.4	62390250
64266354	272620.KPN_00116	29.3	455882500
64268591	272620.KPN_02387	29.3	486465750
64268748	272620.KPN_02552	29.3	401753750
64266351	272620.KPN_00113	29.1	589460750
64267410	272620.KPN_01199	29.0	197775000
64270339	272620.KPN_04182	29.0	241402000
64270445	272620.KPN_04295	28.9	784186250
64267479	272620.KPN_01268	28.9	733574500
64268439	272620.KPN_02235	28.8	587429250
64269943	272620.KPN_03778	28.7	176875000
64269783	272620.KPN_03612	28.7	749592625
64270100	272620.KPN_03936	28.4	915778000
64268588	272620.KPN_02384	28.4	495020250
64269932	272620.KPN_03767	28.1	1549855250
64266664	272620.KPN_00434	28.1	535176750
64267295	272620.KPN_01084	28.0	868356325
64266466	272620.KPN_00235	27.9	1048467150
64270286	272620.KPN_04125	27.8	495885550
64266671	272620.KPN_00441	27.7	159213500
64266453	272620.KPN_00221	27.6	665854250
64268593	272620.KPN_02389	27.5	517059000
64268563	272620.KPN_02359	27.5	162430250
64267939	272620.KPN_01730	27.3	451955750
64269067	272620.KPN_02879	27.3	749202625
64270867	272620.KPN_04739	27.3	1157895500
64267784	272620.KPN_01575	27.3	309296750
64268663	272620.KPN_02467	27.1	272172750
64269990	272620.KPN_03825	27.1	624866500
64269668	272620.KPN_03495	27.0	582644000
64270430	272620.KPN_04280	27.0	867179750
64270204	272620.KPN_04043	26.9	377571500
64267454	272620.KPN_01243	26.9	154554500
64266734	272620.KPN_00506	26.9	1320572250
64270047	272620.KPN_03882	26.8	1623427500
64269340	272620.KPN_03161	26.8	563913275
64268802	272620.KPN_02606	26.8	668097250
64268832	272620.KPN_02637	26.3	1425027250
64268315	272620.KPN_02109	26.3	1061042000
64270963	272620.KPN_04842	26.3	482449000
64267690	272620.KPN_01480	26.2	337334750
64269609	272620.KPN_03435	26.2	1171030000
64266694	272620.KPN_00465	26.2	256089750
64266994	272620.KPN_00780	26.1	361025750
64268728	272620.KPN_02532	26.1	768676475
64266856	272620.KPN_00628	25.9	922604000
64267327	272620.KPN_01116	25.8	455064750
64266929	272620.KPN_00708	25.8	137043000
64270493	272620.KPN_04352	25.8	630308750
64266603	272620.KPN_00373	25.7	267043250
64266968	272620.KPN_00754	25.6	415255000
64270177	272620.KPN_04014	25.6	1131553375
64266303	272620.KPN_00065	25.5	381357500
64266740	272620.KPN_00512	25.5	510365250
64269406	272620.KPN_03230	25.4	1693477750
64266915	272620.KPN_00687	25.3	690386575
64269915	272620.KPN_03750	25.2	291346000
64269826	272620.KPN_03656	25.1	480418750
64267064	272620.KPN_00850	25.1	371121250
64270959	272620.KPN_04838	24.9	971310000
64269285	272620.KPN_03106	24.9	314127750
64266454	272620.KPN_00222	24.9	659894500
64270468	272620.KPN_04322	24.8	650902750
64268567	272620.KPN_02363	24.8	101327750
64270378	272620.KPN_04221	24.7	252527250
64270199	272620.KPN_04038	24.7	201424500
64267089	272620.KPN_00875	24.7	267806500
64268997	272620.KPN_02809	24.5	314437500
64267086	272620.KPN_00872	24.4	306250750
64269779	272620.KPN_03608	24.4	233968250
64267013	272620.KPN_00799	24.2	653720000
64269286	272620.KPN_03107	24.2	676385500
64270876	272620.KPN_04752	24.2	422457000
64267326	272620.KPN_01115	24.2	298613250
64268183	272620.KPN_01974	24.1	424904250
64268416	272620.KPN_02212	24.1	562121000
64268152	272620.KPN_01943	24.1	455662000
64266961	272620.KPN_00740	23.9	323499000
64270242	272620.KPN_04081	23.9	510646750
64269919	272620.KPN_03754	23.8	733500250
64267709	272620.KPN_01500	23.8	304684000
64268528	272620.KPN_02324	23.8	386075750
64269586	272620.KPN_03412	23.8	257033250
64267136	272620.KPN_00922	23.7	1590755750
64266813	272620.KPN_00585	23.6	521632500
64266701	272620.KPN_00472	23.5	427740000
64270425	272620.KPN_04275	23.5	165776750
64270730	272620.KPN_04601	23.5	478274500
64270449	272620.KPN_04303	23.2	401362250
64269912	272620.KPN_03747	23.1	280738750
64270411	272620.KPN_04254	23.0	487591500
64267583	272620.KPN_01373	23.0	411377000
64267109	272620.KPN_00895	23.0	270929500
64267198	272620.KPN_00984	22.9	732935250
64267656	272620.KPN_01446	22.9	1452505500
64269747	272620.KPN_03574	22.8	445770000
64269198	272620.KPN_03014	22.7	801968500
64267138	272620.KPN_00924	22.7	936393750
64269968	272620.KPN_03803	22.6	336437000
64268159	272620.KPN_01950	22.6	573283500
64270144	272620.KPN_03981	22.5	397466000
64270557	272620.KPN_04424	22.5	510114250
64270032	272620.KPN_03867	22.5	557689000
64270684	272620.KPN_04552	22.5	292451000
64270915	272620.KPN_04791	22.3	620298500
64266605	272620.KPN_00375	22.3	632095550
64270871	272620.KPN_04743	22.2	213850750
64269414	272620.KPN_03238	22.2	1184667750
64268899	272620.KPN_02704	22.1	444744500
64268533	272620.KPN_02329	22.1	229094000
64266607	272620.KPN_00377	22.1	225884750
64267346	272620.KPN_01135	22.0	939335500
64266771	272620.KPN_00543	22.0	867897750
64266596	272620.KPN_00366	22.0	669777000
64267909	272620.KPN_01700	21.9	344704500
64269503	272620.KPN_03328	21.9	149776500
64266918	272620.KPN_00697	21.9	925756500
64268948	272620.KPN_02760	21.7	172396750
64266284	272620.KPN_00046	21.6	458358500
64266468	272620.KPN_00237	21.5	592223000
64268409	272620.KPN_02203	21.4	598881000
64266894	272620.KPN_00666	21.3	406662750
64266866	272620.KPN_00638	21.2	350212750
64270793	272620.KPN_04664	21.2	191139000
64269513	272620.KPN_03338	21.1	373911000
64266697	272620.KPN_00468	21.0	443654750
64270490	272620.KPN_04344	21.0	452825500
64267845	272620.KPN_01636	20.9	439320525
64270439	272620.KPN_04289	20.9	401774000
64267272	272620.KPN_01061	20.9	378378750
64269967	272620.KPN_03802	20.9	943415250
64268852	272620.KPN_02657	20.8	222528250
64267324	272620.KPN_01113	20.8	535002750
64266896	272620.KPN_00668	20.7	320776750
64268338	272620.KPN_02132	20.6	136401750
64268410	272620.KPN_02204	20.6	487106750
64266908	272620.KPN_00680	20.6	258111000
64267414	272620.KPN_01203	20.5	390065250
64270071	272620.KPN_03907	20.4	263468500
64269727	272620.KPN_03554	20.2	411859500
64266425	272620.KPN_00187	20.2	316474000
64269701	272620.KPN_03528	20.2	242845500
64267855	272620.KPN_01646	20.1	308009750
64270634	272620.KPN_04501	20.1	239256250
64270189	272620.KPN_04028	20.1	234825250
64269934	272620.KPN_03769	20.0	995719750
64266969	272620.KPN_00755	19.9	183402250
64268304	272620.KPN_02098	19.9	372243750
64266989	272620.KPN_00775	19.8	406718500
64267004	272620.KPN_00790	19.8	1408175750
64270936	272620.KPN_04812	19.6	201126000
64269751	272620.KPN_03578	19.6	243402500
64269738	272620.KPN_03565	19.5	307143500
64267343	272620.KPN_01132	19.5	619356500
64270696	272620.KPN_04567	19.5	699802500
64270013	272620.KPN_03848	19.5	469401500
64269776	272620.KPN_03605	19.5	486774750
64268392	272620.KPN_02186	19.4	186761000
64268116	272620.KPN_01907	19.4	117379000
64268232	272620.KPN_02026	19.4	493187500
64267510	272620.KPN_01299	19.3	92744000
64267132	272620.KPN_00918	19.1	579549500
64267161	272620.KPN_00947	19.1	341272000
64267513	272620.KPN_01302	19.1	364715250
64269065	272620.KPN_02877	19.0	515211000
64266263	272620.KPN_00025	19.0	213887500
64268288	272620.KPN_02082	18.9	559712000
64267737	272620.KPN_01528	18.8	111753500
64270121	272620.KPN_03958	18.7	428199375
64270061	272620.KPN_03896	18.6	525777500
64267257	272620.KPN_01044	18.6	463197500
64267883	272620.KPN_01674	18.6	253645750
64268935	272620.KPN_02741	18.5	478521000
64269850	272620.KPN_03685	18.4	194167500
64270914	272620.KPN_04790	18.4	131442750
64268303	272620.KPN_02097	18.3	340161250
64269492	272620.KPN_03317	18.3	115995500
64267306	272620.KPN_01095	18.2	428754000
64269644	272620.KPN_03470	18.2	398371500
64266702	272620.KPN_00473	18.2	264496250
64268342	272620.KPN_02136	18.1	196289750
64269121	272620.KPN_02937	18.1	409341500
64268406	272620.KPN_02200	18.1	241281250
64270229	272620.KPN_04068	18.1	202063250
64269531	272620.KPN_03356	17.9	469811500
64269906	272620.KPN_03741	17.9	296147250
64268821	272620.KPN_02625	17.9	504251750
64268394	272620.KPN_02188	17.8	258995250
64269256	272620.KPN_03077	17.8	328042250
64266334	272620.KPN_00096	17.8	440496750
64266368	272620.KPN_00130	17.8	166737000
64268613	272620.KPN_02412	17.7	359292750
64270033	272620.KPN_03868	17.7	411935000
64269805	272620.KPN_03634	17.7	411323000
64269074	272620.KPN_02886	17.6	331490750
64266608	272620.KPN_00378	17.6	495429000
64269973	272620.KPN_03808	17.5	154436500
64266984	272620.KPN_00770	17.5	330863000
64266682	272620.KPN_00452	17.5	1037014500
64268652	272620.KPN_02456	17.5	221608750
64268177	272620.KPN_01968	17.5	321625750
64268559	272620.KPN_02355	17.5	422842500
64268887	272620.KPN_02692	17.4	198788500
64266329	272620.KPN_00091	17.4	392241750
64266693	272620.KPN_00464	17.4	713835500
64270034	272620.KPN_03869	17.4	557408750
64267844	272620.KPN_01635	17.3	389671250
64270576	272620.KPN_04443	17.3	190070250
64266676	272620.KPN_00446	17.3	1179027000
64270528	272620.KPN_04395	17.2	712541000
64267584	272620.KPN_01374	17.1	465644750
64269828	272620.KPN_03658	17.1	445610000
64268129	272620.KPN_01920	17.1	231799500
64270692	272620.KPN_04560	17.0	326217000
64270795	272620.KPN_04666	17.0	370567500
64270911	272620.KPN_04787	17.0	398380250
64267383	272620.KPN_01172	16.9	557581750
64270812	272620.KPN_04683	16.9	304459500
64269972	272620.KPN_03807	16.9	557954750
64267480	272620.KPN_01269	16.9	162891500
64267312	272620.KPN_01101	16.8	120168250
64269704	272620.KPN_03531	16.8	149020750
64270422	272620.KPN_04272	16.7	285581500
64269673	272620.KPN_03500	16.7	241257000
64268604	272620.KPN_02400	16.5	274055750
64267320	272620.KPN_01109	16.4	246930250
64267163	272620.KPN_00949	16.3	863713250
64266803	272620.KPN_00575	16.2	414060000
64268893	272620.KPN_02698	16.2	157570000
64269125	272620.KPN_02941	16.0	154035000
64268989	272620.KPN_02801	15.9	259694500
64267752	272620.KPN_01543	15.9	197821250
64267702	272620.KPN_01492	15.7	413035450
64270040	272620.KPN_03875	15.6	1069975500
64266326	272620.KPN_00088	15.6	689120250
64269557	272620.KPN_03382	15.6	173434250
64268179	272620.KPN_01970	15.5	178572000
64266698	272620.KPN_00469	15.5	233406750
64269289	272620.KPN_03110	15.5	139860000
64269971	272620.KPN_03806	15.5	233772250
64270131	272620.KPN_03968	15.5	432027250
64268441	272620.KPN_02237	15.5	225592750
64268554	272620.KPN_02350	15.4	872040500
64268790	272620.KPN_02594	15.4	228632000
64267028	272620.KPN_00814	15.3	177677500
64270254	272620.KPN_04093	15.3	473711250
64268171	272620.KPN_01962	15.3	116632625
64266906	272620.KPN_00678	15.2	176680500
64267385	272620.KPN_01174	15.2	196004000
64270259	272620.KPN_04098	15.1	272333750
64270462	272620.KPN_04316	15.1	283328750
64268396	272620.KPN_02190	15.1	409411800
64267021	272620.KPN_00807	15.0	123306000
64267519	272620.KPN_01309	15.0	223757500
64269855	272620.KPN_03690	14.9	303140500
64270102	272620.KPN_03938	14.9	593769500
64269282	272620.KPN_03103	14.9	491813750
64270046	272620.KPN_03881	14.9	387853250
64269370	272620.KPN_03194	14.8	229501500
64266700	272620.KPN_00471	14.8	237011250
64268071	272620.KPN_01862	14.7	338490750
64267096	272620.KPN_00882	14.7	225855500
64266560	272620.KPN_00330	14.6	188293500
64266433	272620.KPN_00195	14.6	371307000
64268772	272620.KPN_02576	14.5	673898500
64270136	272620.KPN_03973	14.5	213482500
64268919	272620.KPN_02724	14.5	401793000
64269695	272620.KPN_03522	14.5	406138250
64269938	272620.KPN_03773	14.5	834184000
64268010	272620.KPN_01801	14.4	220528750
64266470	272620.KPN_00239	14.4	470570750
64270547	272620.KPN_04414	14.4	106791000
64268861	272620.KPN_02666	14.3	294244750
64268903	272620.KPN_02708	14.3	288723250
64266335	272620.KPN_00097	14.3	258228000
64269634	272620.KPN_03460	14.3	550009500
64269342	272620.KPN_03163	14.2	196340500
64270485	272620.KPN_04339	14.2	426527500
64270436	272620.KPN_04286	14.2	429492975
64267438	272620.KPN_01227	14.1	331239750
64270745	272620.KPN_04616	14.1	748993750
64268162	272620.KPN_01953	14.0	74828000
64270529	272620.KPN_04396	14.0	404975000
64269374	272620.KPN_03198	14.0	213014500
64269007	272620.KPN_02819	14.0	220325500
64269114	272620.KPN_02930	14.0	253705750
64268586	272620.KPN_02382	13.8	357713500
64270746	272620.KPN_04617	13.8	1195235500
64269304	272620.KPN_03125	13.8	199400250
64269667	272620.KPN_03494	13.7	366654250
64269192	272620.KPN_03008	13.7	311628000
64267694	272620.KPN_01484	13.6	1631367000
64270686	272620.KPN_04554	13.5	250976250
64266543	272620.KPN_00313	13.5	306173250
64267322	272620.KPN_01111	13.4	290480750
64267512	272620.KPN_01301	13.4	383312350
64270868	272620.KPN_04740	13.4	130754500
64270599	272620.KPN_04466	13.4	446183250
64268743	272620.KPN_02547	13.4	793167500
64267912	272620.KPN_01703	13.3	405773000
64267115	272620.KPN_00901	13.3	282441250
64266568	272620.KPN_00338	13.3	899186000
64266484	272620.KPN_00253	13.3	266625000
64267331	272620.KPN_01120	13.2	171456250
64269619	272620.KPN_03445	13.2	87317750
64267050	272620.KPN_00836	13.2	279660775
64267502	272620.KPN_01291	13.0	644016250
64268532	272620.KPN_02328	13.0	379351500
64268512	272620.KPN_02308	13.0	301634575
64267663	272620.KPN_01453	13.0	96131000
64269813	272620.KPN_03642	13.0	214837750
64267891	272620.KPN_01682	13.0	730546500
64269495	272620.KPN_03320	12.8	532738750
64270167	272620.KPN_04004	12.8	168713000
64267254	272620.KPN_01041	12.8	1171603500
64268210	272620.KPN_02001	12.7	237784000
64270897	272620.KPN_04773	12.7	139779750
64268168	272620.KPN_01959	12.6	259060750
64267386	272620.KPN_01175	12.6	145744250
64270455	272620.KPN_04309	12.6	181095000
64268906	272620.KPN_02711	12.6	249371000
64266784	272620.KPN_00556	12.5	169447500
64266567	272620.KPN_00337	12.5	254645750
64267125	272620.KPN_00911	12.5	372540250
64270162	272620.KPN_03999	12.5	226130500
64266549	272620.KPN_00319	12.5	193992750
64268143	272620.KPN_01934	12.5	568387000
64266528	272620.KPN_00298	12.4	161879250
64269558	272620.KPN_03383	12.4	129162000
64267027	272620.KPN_00813	12.4	81784000
64269983	272620.KPN_03818	12.3	364324250
64266642	272620.KPN_00412	12.3	725856500
64270073	272620.KPN_03909	12.3	622934775
64268766	272620.KPN_02570	12.3	194493500
64266934	272620.KPN_00713	12.2	295508000
64270697	272620.KPN_04568	12.2	447633500
64268415	272620.KPN_02211	12.1	168269000
64268175	272620.KPN_01966	12.0	754546000
64269110	272620.KPN_02926	12.0	152742750
64270922	272620.KPN_04798	11.9	394992000
64270375	272620.KPN_04218	11.9	228717750
64266895	272620.KPN_00667	11.9	626146000
64270751	272620.KPN_04622	11.8	298699000
64267299	272620.KPN_01088	11.8	206667250
64266413	272620.KPN_00175	11.7	453848250
64268289	272620.KPN_02083	11.6	494936250
64269328	272620.KPN_03149	11.6	184581250
64270613	272620.KPN_04480	11.6	96781000
64270688	272620.KPN_04556	11.6	642167750
64268791	272620.KPN_02595	11.6	196277750
64269554	272620.KPN_03379	11.5	251043750
64268053	272620.KPN_01844	11.5	247069750
64269669	272620.KPN_03496	11.5	164660500
64267968	272620.KPN_01759	11.5	425552000
64268722	272620.KPN_02526	11.5	333138750
64270935	272620.KPN_04811	11.4	245744250
64270683	272620.KPN_04551	11.4	121017750
64270184	272620.KPN_04022	11.3	389638750
64268266	272620.KPN_02060	11.3	419817500
64270713	272620.KPN_04584	11.3	244482750
64268115	272620.KPN_01906	11.3	256631000
64266669	272620.KPN_00439	11.3	148781000
64270130	272620.KPN_03967	11.3	324695250
64270163	272620.KPN_04000	11.2	548771500
64267205	272620.KPN_00991	11.2	659996375
64268810	272620.KPN_02614	11.2	102584750
64268224	272620.KPN_02018	11.1	114171750
64269822	272620.KPN_03652	11.1	267952750
64269894	272620.KPN_03729	11.1	87731000
64269309	272620.KPN_03130	11.0	237887750
64270008	272620.KPN_03843	11.0	260622000
64266692	272620.KPN_00463	11.0	158415250
64268970	272620.KPN_02782	11.0	101233500
64267449	272620.KPN_01238	10.9	257346500
64269707	272620.KPN_03534	10.9	112908750
64266807	272620.KPN_00579	10.9	352146750
64270614	272620.KPN_04481	10.9	165012000
64269023	272620.KPN_02835	10.8	444602500
64267575	272620.KPN_01365	10.8	1178120000
64269941	272620.KPN_03776	10.7	139863750
64267730	272620.KPN_01521	10.6	206044500
64269641	272620.KPN_03467	10.6	233027750
64270418	272620.KPN_04268	10.6	91321000
64270474	272620.KPN_04328	10.5	478225250
64267720	272620.KPN_01511	10.5	474572500
64270009	272620.KPN_03844	10.5	225888750
64270332	272620.KPN_04175	10.5	373584500
64269155	272620.KPN_02971	10.4	164043000
64270060	272620.KPN_03895	10.4	198973750
64267728	272620.KPN_01519	10.3	463570500
64268860	272620.KPN_02665	10.3	315065000
64268595	272620.KPN_02391	10.3	190229000
64267907	272620.KPN_01698	10.3	87292750
64269814	272620.KPN_03643	10.3	161716250
64266461	272620.KPN_00229	10.2	130002500
64269686	272620.KPN_03513	10.2	117349500
64270573	272620.KPN_04440	10.2	338145000
64269483	272620.KPN_03307	10.2	165048000
64270801	272620.KPN_04672	10.1	203199000
64268488	272620.KPN_02284	10.0	179310000
64268513	272620.KPN_02309	9.95	333796250
64267124	272620.KPN_00910	9.85	365937750
64270951	272620.KPN_04830	9.84	154834000
64270728	272620.KPN_04599	9.81	124803250
64270864	272620.KPN_04736	9.75	733391000
64270022	272620.KPN_03857	9.73	285993250
64266427	272620.KPN_00189	9.69	327404500
64270132	272620.KPN_03969	9.69	271387525
64267823	272620.KPN_01614	9.67	231084750
64270027	272620.KPN_03862	9.62	179488750
64266882	272620.KPN_00654	9.59	140333750
64269422	272620.KPN_03246	9.48	266386500
64270103	272620.KPN_03939	9.47	335005000
64267402	272620.KPN_01191	9.46	68614750
64267098	272620.KPN_00884	9.45	124084500
64269093	272620.KPN_02905	9.45	131903750
64266791	272620.KPN_00563	9.42	286342850
64270662	272620.KPN_04530	9.41	26436500
64267422	272620.KPN_01211	9.41	133506250
64268038	272620.KPN_01829	9.35	156182250
64266997	272620.KPN_00783	9.34	150299000
64269635	272620.KPN_03461	9.32	202106000
64266386	272620.KPN_00148	9.29	829803250
64267499	272620.KPN_01288	9.29	167928250
64269404	272620.KPN_03228	9.28	457588250
64267128	272620.KPN_00914	9.27	162214500
64269306	272620.KPN_03127	9.26	383477000
64267305	272620.KPN_01094	9.25	222937000
64266763	272620.KPN_00535	9.09	1273575000
64270138	272620.KPN_03975	9.08	220586500
64268424	272620.KPN_02220	9.07	1426056750
64268413	272620.KPN_02209	9.07	114946775
64267105	272620.KPN_00891	9.06	204544000
64266787	272620.KPN_00559	9.04	723818500
64266610	272620.KPN_00380	9.03	140008750
64268526	272620.KPN_02322	9.01	493104250
64267186	272620.KPN_00972	9.0	174512500
64268400	272620.KPN_02194	8.98	209307500
64267625	272620.KPN_01415	8.98	238785250
64268741	272620.KPN_02545	8.93	198242250
64268444	272620.KPN_02240	8.9	199481750
64267079	272620.KPN_00865	8.85	109819500
64270049	272620.KPN_03884	8.69	157396500
64268781	272620.KPN_02585	8.59	150691250
64268830	272620.KPN_02635	8.59	175693750
64270912	272620.KPN_04788	8.55	180158000
64268090	272620.KPN_01881	8.48	879900000
64267166	272620.KPN_00952	8.44	311990000
64269491	272620.KPN_03316	8.39	198119500
64267015	272620.KPN_00801	8.39	215585000
64269381	272620.KPN_03205	8.34	371422500
64268834	272620.KPN_02639	8.3	592475750
64270736	272620.KPN_04607	8.28	365171000
64270426	272620.KPN_04276	8.25	354805200
64270438	272620.KPN_04288	8.2	240950500
64267073	272620.KPN_00859	8.14	151616425
64268990	272620.KPN_02802	8.02	636460000
64267864	272620.KPN_01655	7.98	189673725
64268995	272620.KPN_02807	7.84	100524500
64269842	272620.KPN_03672	7.8	675257500
64268931	272620.KPN_02737	7.77	144805500
64267390	272620.KPN_01179	7.76	139816750
64269366	272620.KPN_03190	7.76	109061500
64268516	272620.KPN_02312	7.73	185008250
64269911	272620.KPN_03746	7.73	84604250
64266809	272620.KPN_00581	7.7	137788750
64267413	272620.KPN_01202	7.69	108781750
64266282	272620.KPN_00044	7.69	392454500
64269427	272620.KPN_03251	7.68	223567750
64268800	272620.KPN_02604	7.64	207265000
64268827	272620.KPN_02632	7.62	237998050
64268187	272620.KPN_01978	7.6	191719750
64266834	272620.KPN_00606	7.55	190984000
64270861	272620.KPN_04733	7.53	219489250
64266830	272620.KPN_00602	7.48	551998750
64268066	272620.KPN_01857	7.38	668573250
64268918	272620.KPN_02723	7.37	493528500
64270563	272620.KPN_04430	7.35	73188750
64268982	272620.KPN_02794	7.3	152488000
64267507	272620.KPN_01296	7.3	183177250
64268740	272620.KPN_02544	7.3	206460000
64268229	272620.KPN_02023	7.29	140255000
64269088	272620.KPN_02900	7.28	107951250
64269068	272620.KPN_02880	7.27	116814675
64268717	272620.KPN_02521	7.25	249200250
64267658	272620.KPN_01448	7.25	93629750
64266462	272620.KPN_00230	7.21	108241250
64266899	272620.KPN_00671	7.18	107087000
64268577	272620.KPN_02373	7.17	130149750
64267104	272620.KPN_00890	7.15	98173250
64266594	272620.KPN_00364	7.13	97808500
64268337	272620.KPN_02131	7.12	136089000
64270600	272620.KPN_04467	7.1	108593500
64266331	272620.KPN_00093	7.1	219955250
64269953	272620.KPN_03788	7.07	690396250
64270560	272620.KPN_04427	7.01	73896750
64267498	272620.KPN_01287	6.97	190114250
64270978	272620.KPN_04857	6.95	69185250
64266841	272620.KPN_00613	6.95	147448500
64268665	272620.KPN_02469	6.89	271636750
64268752	272620.KPN_02556	6.87	217942250
64269839	272620.KPN_03669	6.77	144751000
64270076	272620.KPN_03912	6.75	99466500
64268536	272620.KPN_02332	6.74	237650000
64268399	272620.KPN_02193	6.7	165947275
64268419	272620.KPN_02215	6.68	123567750
64266949	272620.KPN_00728	6.66	38152250
64270347	272620.KPN_04190	6.61	379772000
64267199	272620.KPN_00985	6.59	46400250
64270041	272620.KPN_03876	6.49	134119750
64270898	272620.KPN_04774	6.47	231956000
64269308	272620.KPN_03129	6.47	190645000
64267696	272620.KPN_01486	6.43	305735250
64270309	272620.KPN_04148	6.39	102396250
64270443	272620.KPN_04293	6.37	285950750
64268657	272620.KPN_02461	6.36	82270750
64270334	272620.KPN_04177	6.33	161564750
64270326	272620.KPN_04169	6.32	179423000
64268923	272620.KPN_02728	6.31	83199000
64269473	272620.KPN_03297	6.3	202269750
64270044	272620.KPN_03879	6.28	324955250
64270676	272620.KPN_04544	6.21	153133250
64269642	272620.KPN_03468	6.21	72946250
64267759	272620.KPN_01550	6.19	93220250
64270128	272620.KPN_03965	6.15	172555250
64266526	272620.KPN_00296	6.15	73885750
64266418	272620.KPN_00180	6.14	415857500
64269735	272620.KPN_03562	6.12	62341500
64269676	272620.KPN_03503	6.03	204428500
64267148	272620.KPN_00934	6.02	128758750
64267856	272620.KPN_01647	6.02	33435500
64266366	272620.KPN_00128	6.0	280165500
64268784	272620.KPN_02588	5.94	147711750
64266382	272620.KPN_00144	5.92	102473750
64267745	272620.KPN_01536	5.91	98583000
64268972	272620.KPN_02784	5.87	218687250
64268971	272620.KPN_02783	5.82	131399000
64268572	272620.KPN_02368	5.81	111942750
64269522	272620.KPN_03347	5.8	88370750
64266640	272620.KPN_00410	5.8	69406750
64268977	272620.KPN_02789	5.79	149467250
64268343	272620.KPN_02137	5.77	149629500
64267140	272620.KPN_00926	5.75	507856750
64266635	272620.KPN_00405	5.7	75686000
64269348	272620.KPN_03172	5.61	157984250
64266291	272620.KPN_00053	5.57	87397500
64270738	272620.KPN_04609	5.56	73825250
64268564	272620.KPN_02360	5.55	95461750
64267265	272620.KPN_01053	5.52	78652750
64269572	272620.KPN_03397	5.51	249272175
64268857	272620.KPN_02662	5.46	185073250
64269772	272620.KPN_03601	5.39	71222500
64267862	272620.KPN_01653	5.39	134388500
64267432	272620.KPN_01221	5.38	150144350
64267886	272620.KPN_01677	5.36	235590500
64266770	272620.KPN_00542	5.34	187065000
64270467	272620.KPN_04321	5.32	166267250
64270133	272620.KPN_03970	5.3	144423750
64269076	272620.KPN_02888	5.28	76737000
64268934	272620.KPN_02740	5.26	162183250
64268612	272620.KPN_02411	5.26	235182750
64270647	272620.KPN_04514	5.22	353160000
64269318	272620.KPN_03139	5.19	71942775
64266350	272620.KPN_00112	5.17	64873250
64266775	272620.KPN_00547	5.17	105748000
64266294	272620.KPN_00056	5.16	76547000
64267384	272620.KPN_01173	5.1	29671750
64269923	272620.KPN_03758	5.08	163994500
64269991	272620.KPN_03826	5.07	136683750
64268750	272620.KPN_02554	5.06	212287750
64269405	272620.KPN_03229	5.01	476912250
64266491	272620.KPN_00260	4.99	52861750
64268016	272620.KPN_01807	4.97	107033750
64270194	272620.KPN_04033	4.97	112231500
64268967	272620.KPN_02779	4.97	72749250
64268068	272620.KPN_01859	4.94	106283750
64268511	272620.KPN_02307	4.93	121408000
64267849	272620.KPN_01640	4.93	193612750
64270782	272620.KPN_04653	4.9	125762750
64269441	272620.KPN_03265	4.9	117187750
64268610	272620.KPN_02406	4.89	31228250
64269248	272620.KPN_03069	4.87	170171000
64270400	272620.KPN_04243	4.84	95213750
64270045	272620.KPN_03880	4.84	366808350
64270346	272620.KPN_04189	4.84	123283000
64268402	272620.KPN_02196	4.8	78206000
64268197	272620.KPN_01988	4.77	74724500
64270075	272620.KPN_03911	4.75	78069000
64270869	272620.KPN_04741	4.74	105167500
64269424	272620.KPN_03248	4.71	77910500
64268565	272620.KPN_02361	4.7	343384500
64268909	272620.KPN_02714	4.7	196152000
64267976	272620.KPN_01767	4.61	94776750
64268318	272620.KPN_02112	4.6	72578000
64269843	272620.KPN_03673	4.56	502149750
64270246	272620.KPN_04085	4.55	154498250
64269326	272620.KPN_03147	4.49	158418750
64268060	272620.KPN_01851	4.47	87073500
64267487	272620.KPN_01276	4.46	185700750
64267763	272620.KPN_01554	4.46	175190500
64266547	272620.KPN_00317	4.46	75150000
64268916	272620.KPN_02721	4.4	67807750
64267051	272620.KPN_00837	4.4	188989500
64267703	272620.KPN_01493	4.38	467587750
64266947	272620.KPN_00726	4.36	61230000
64270533	272620.KPN_04400	4.34	131311500
64270775	272620.KPN_04646	4.31	176144000
64266569	272620.KPN_00339	4.26	150880000
64267860	272620.KPN_01651	4.26	71257500
64268777	272620.KPN_02581	4.22	167647500
64269831	272620.KPN_03661	4.2	135994750
64270923	272620.KPN_04799	4.18	44652500
64268718	272620.KPN_02522	4.17	215912500
64269479	272620.KPN_03303	4.15	92161500
64268493	272620.KPN_02289	4.14	170723250
64268769	272620.KPN_02573	4.13	101036250
64268874	272620.KPN_02679	4.11	109598000
64268773	272620.KPN_02577	4.08	94162000
64266806	272620.KPN_00578	4.07	90646750
64268154	272620.KPN_01945	4.07	59185750
64270288	272620.KPN_04127	4.06	46323500
64267196	272620.KPN_00982	4.06	17516500
64266679	272620.KPN_00449	4.05	61508250
64270888	272620.KPN_04764	4.04	65012000
64268119	272620.KPN_01910	4.04	262163000
64266752	272620.KPN_00524	4.03	114006000
64266728	272620.KPN_00500	4.0	223069500
64269476	272620.KPN_03300	3.98	29717250
64268789	272620.KPN_02593	3.94	276720000
64266940	272620.KPN_00719	3.94	144769500
64268508	272620.KPN_02304	3.92	157542000
64269974	272620.KPN_03809	3.91	87207250
64270054	272620.KPN_03889	3.89	80914000
64268712	272620.KPN_02516	3.88	118189250
64270000	272620.KPN_03835	3.87	162355000
64268801	272620.KPN_02605	3.85	166279500
64267023	272620.KPN_00809	3.84	77784000
64266475	272620.KPN_00244	3.82	130946750
64267965	272620.KPN_01756	3.81	106677300
64269416	272620.KPN_03240	3.8	110738000
64270892	272620.KPN_04768	3.76	108730750
64267363	272620.KPN_01152	3.76	69797000
64266434	272620.KPN_00196	3.74	55806250
64266726	272620.KPN_00498	3.71	103526000
64270315	272620.KPN_04154	3.63	163779250
64268004	272620.KPN_01795	3.62	84603500
64267957	272620.KPN_01748	3.61	84236750
64267108	272620.KPN_00894	3.6	44531500
64266460	272620.KPN_00228	3.6	58813500
64267008	272620.KPN_00794	3.59	79037250
64270585	272620.KPN_04452	3.57	503493000
64268377	272620.KPN_02171	3.55	94638000
64269647	272620.KPN_03473	3.55	174294250
64266665	272620.KPN_00435	3.52	39052400
64269944	272620.KPN_03779	3.48	165186750
64269247	272620.KPN_03068	3.45	138340000
64268555	272620.KPN_02351	3.44	109497750
64269939	272620.KPN_03774	3.38	131725750
64267805	272620.KPN_01596	3.36	39417250
64267727	272620.KPN_01518	3.28	114917250
64267971	272620.KPN_01762	3.28	144351000
64269338	272620.KPN_03159	3.25	115418250
64269497	272620.KPN_03322	3.24	86249750
64269400	272620.KPN_03224	3.22	101253000
64269257	272620.KPN_03078	3.2	65851500
64270586	272620.KPN_04453	3.19	84883000
64266648	272620.KPN_00418	3.18	45782500
64268431	272620.KPN_02227	3.17	51237250
64270092	272620.KPN_03928	3.17	116443000
64266260	272620.KPN_00022	3.16	25500250
64269505	272620.KPN_03330	3.12	178513000
64269307	272620.KPN_03128	3.11	227441250
64266641	272620.KPN_00411	3.11	145357500
64270104	272620.KPN_03940	3.1	55436000
64268818	272620.KPN_02622	3.1	61188500
64266256	272620.KPN_00017	3.09	89019250
64267501	272620.KPN_01290	3.08	37756500
64269902	272620.KPN_03737	3.07	45085250
64267572	272620.KPN_01362	3.06	87088000
64270451	272620.KPN_04305	3.06	118598000
64269322	272620.KPN_03143	3.03	83457500
64268809	272620.KPN_02613	3.02	189615250
64266404	272620.KPN_00166	3.0	56080750
64267689	272620.KPN_01479	2.97	83047500
64268716	272620.KPN_02520	2.96	77059250
64266638	272620.KPN_00408	2.96	86416750
64268667	272620.KPN_02471	2.96	32170000
64266435	272620.KPN_00197	2.95	334242750
64267750	272620.KPN_01541	2.95	76464750
64266910	272620.KPN_00682	2.95	94372500
64268629	272620.KPN_02428	2.93	140430000
64268089	272620.KPN_01880	2.92	638353675
64266385	272620.KPN_00147	2.91	171597500
64268749	272620.KPN_02553	2.88	73722700
64270113	272620.KPN_03950	2.83	51034000
64268969	272620.KPN_02781	2.83	21949000
64270555	272620.KPN_04422	2.8	78292250
64270192	272620.KPN_04031	2.79	87281000
64266703	272620.KPN_00474	2.78	109860750
64266816	272620.KPN_00588	2.77	75690250
64269407	272620.KPN_03231	2.76	151513500
64267000	272620.KPN_00786	2.75	116057250
64266796	272620.KPN_00568	2.74	253392500
64270359	272620.KPN_04202	2.73	89976250
64268128	272620.KPN_01919	2.72	73714500
64270463	272620.KPN_04317	2.66	101193250
64270956	272620.KPN_04835	2.59	54058000
64267878	272620.KPN_01669	2.58	75256750
64266488	272620.KPN_00257	2.57	126812500
64267469	272620.KPN_01258	2.57	58789000
64269690	272620.KPN_03517	2.52	46431250
64266705	272620.KPN_00476	2.51	88282000
64270414	272620.KPN_04264	2.44	45617500
64269570	272620.KPN_03395	2.43	76912000
64270658	272620.KPN_04526	2.4	83471250
64270776	272620.KPN_04647	2.38	33237500
64268420	272620.KPN_02216	2.37	137296250
64267032	272620.KPN_00818	2.28	52424000
64268490	272620.KPN_02286	2.28	77315250
64269221	272620.KPN_03042	2.27	63156250
64270884	272620.KPN_04760	2.27	101293750
64268590	272620.KPN_02386	2.27	45445250
64266249	272620.KPN_00010	2.25	66038000
64268808	272620.KPN_02612	2.25	28566000
64268806	272620.KPN_02610	2.22	121896750
64269824	272620.KPN_03654	2.22	200644250
64268067	272620.KPN_01858	2.21	55117750
64268542	272620.KPN_02338	2.21	66456750
64267996	272620.KPN_01787	2.18	45045500
64267092	272620.KPN_00878	2.18	77893750
64268826	272620.KPN_02631	2.18	41065750
64269258	272620.KPN_03079	2.12	38042750
64267106	272620.KPN_00892	2.12	89185250
64266361	272620.KPN_00123	2.12	61355750
64267156	272620.KPN_00942	2.1	66396000
64270111	272620.KPN_03948	2.09	42921000
64266723	272620.KPN_00495	2.04	53051000
64270304	272620.KPN_04143	2.04	8925250
64267767	272620.KPN_01558	2.03	33418250
64270921	272620.KPN_04797	2.03	24258000
64269119	272620.KPN_02935	2.0	69467750
64270063	272620.KPN_03898	1.95	35572750
64267203	272620.KPN_00989	1.95	77183250
64269688	272620.KPN_03515	1.95	51721000
64268138	272620.KPN_01929	1.94	57911250
64268761	272620.KPN_02565	1.94	71209500
64268890	272620.KPN_02695	1.93	34817500
64267668	272620.KPN_01458	1.93	50911500
64267937	272620.KPN_01728	1.92	46390250
64270387	272620.KPN_04230	1.91	128993500
64269267	272620.KPN_03088	1.87	68918250
64266840	272620.KPN_00612	1.86	65597250
64269010	272620.KPN_02822	1.81	67814000
64269670	272620.KPN_03497	1.78	39861925
64269069	272620.KPN_02881	1.77	84286250
64267116	272620.KPN_00902	1.74	96732500
64270486	272620.KPN_04340	1.73	75122000
64268290	272620.KPN_02084	1.71	48991250
64270768	272620.KPN_04639	1.7	40847500
64267504	272620.KPN_01293	1.61	112538000
64270038	272620.KPN_03873	1.59	29920000
64268622	272620.KPN_02421	1.57	41002750
64270909	272620.KPN_04785	1.55	21569500
64270319	272620.KPN_04158	1.53	28304500
64267232	272620.KPN_01019	1.53	34113750
64269475	272620.KPN_03299	1.51	68777500
64267308	272620.KPN_01097	1.5	45784000
64267788	272620.KPN_01579	1.49	52463000
64267141	272620.KPN_00927	1.49	52463000
64266557	272620.KPN_00327	1.47	62144250
64267715	272620.KPN_01506	1.43	27987500
64269095	272620.KPN_02907	1.37	58107500
64270656	272620.KPN_04524	1.36	70152750
64267397	272620.KPN_01186	1.35	29155750
64270933	272620.KPN_04809	1.3	62557750
64267291	272620.KPN_01080	1.3	46678750
64268955	272620.KPN_02767	1.3	37646750
64266304	272620.KPN_00066	1.29	32665500
64270874	272620.KPN_04750	1.29	122927500
64267221	272620.KPN_01007	1.29	173225000
64267528	272620.KPN_01318	1.29	46660250
64270802	272620.KPN_04673	1.29	76232500
64267686	272620.KPN_01476	1.26	34994250
64269683	272620.KPN_03510	1.25	72541750
64266405	272620.KPN_00167	1.19	51049500
64267789	272620.KPN_01580	1.17	209935750
64270211	272620.KPN_04050	1.13	34135500
64268114	272620.KPN_01905	1.07	21310750
64267445	272620.KPN_01234	1.04	57682500
64268294	272620.KPN_02088	1.04	44392750
64266907	272620.KPN_00679	0.99	48447250
64268228	272620.KPN_02022	0.972	21382750
64267434	272620.KPN_01223	0.946	26130000
64269223	272620.KPN_03044	0.923	48923000
64270014	272620.KPN_03849	0.911	28374000
64267001	272620.KPN_00787	0.904	29589750
64266306	272620.KPN_00068	0.899	30189500
64269324	272620.KPN_03145	0.898	61405000
64269153	272620.KPN_02969	0.885	27678000
64268018	272620.KPN_01809	0.879	38878250
64267485	272620.KPN_01274	0.833	14698500
64268371	272620.KPN_02165	0.796	16280000
64267701	272620.KPN_01491	0.779	35117500
64269687	272620.KPN_03514	0.769	12125275
64269166	272620.KPN_02982	0.755	22244250
64270757	272620.KPN_04628	0.719	5575000
64269358	272620.KPN_03182	0.718	23130250
64268730	272620.KPN_02534	0.706	29950500
64268085	272620.KPN_01876	0.679	57260000
64270507	272620.KPN_04370	0.659	25950500
64266993	272620.KPN_00779	0.645	16068475
64269655	272620.KPN_03482	0.612	8562250
64267260	272620.KPN_01047	0.597	22289500
64270895	272620.KPN_04771	0.585	9628400
64268155	272620.KPN_01946	0.567	19656250
64270456	272620.KPN_04310	0.543	15544750
64269212	272620.KPN_03033	0.505	8336750
64269740	272620.KPN_03567	0.495	7677250
64269830	272620.KPN_03660	0.485	28199000
64267688	272620.KPN_01478	0.479	15893500
64266737	272620.KPN_00509	0.461	10090250
64268264	272620.KPN_02058	0.444	11877500
64267525	272620.KPN_01315	0.443	12927500
64267368	272620.KPN_01157	0.417	9848250
64267179	272620.KPN_00965	0.403	12405250
64267661	272620.KPN_01451	0.394	31049750
64267796	272620.KPN_01587	0.388	31809750
64266656	272620.KPN_00426	0.362	25602250
64266833	272620.KPN_00605	0.358	34475475
64268076	272620.KPN_01867	0.345	80431250
64269167	272620.KPN_02983	0.328	23453500
64267419	272620.KPN_01208	0.326	22049250
64269327	272620.KPN_03148	0.316	16591250
64267819	272620.KPN_01610	0.308	42011750
64268246	272620.KPN_02040	0.282	11642000
64269583	272620.KPN_03409	0.218	10595750
64268411	272620.KPN_02205	0.21	7659975
64267016	272620.KPN_00802	0.179	3368750
64267231	272620.KPN_01018	0.069	2755750
