#id: 376124386
#name: Lactococcus lactis Il1403 - Whole organism, SC (Gpm,aug,2014)
#score: 10.6
#description: abundance based on Spectral counting, Interaction consistency score: 10.6, Coverage: 55
#organ: WHOLE_ORGANISM
#integrated: false
#coverage: 55
#link: http://www.thegpm.org/
#publication_year: 2014
#filename: 272623-GPM_201408.txt
#
#internal_id	string_external_id	abundance	raw_spectral_count
11937479	272623.L102317	36250	9650
11937671	272623.L120335	32035	7867
11937344	272623.L0371	15991	18728
11939097	272623.L85575	14020	6537
11937758	272623.L128695	13861	17750
11938359	272623.L193031	13209	1511
11936980	272623.L0005	11732	9279
11936982	272623.L0007	11333	15104
11937378	272623.L0405	10646	4070
11937073	272623.L0096	10606	271
11937356	272623.L0383	10244	2038
11937377	272623.L0404	9974	4680
11937016	272623.L0039	9744	1865
11936984	272623.L0009	9684	7312
11937393	272623.L0420	9162	933
11938316	272623.L18872	9063	2197
11937381	272623.L0408	8004	2006
11937159	272623.L0183	7948	508
11938190	272623.L1762179	7388	6783
11937389	272623.L0416	7207	1017
11937368	272623.L0395	7182	867
11937387	272623.L0414	7044	1134
11937369	272623.L0396	6923	1975
11937359	272623.L0386	6833	1568
11938981	272623.L7226	6826	2801
11936986	272623.L0010	6789	7888
11937894	272623.L142733	6678	2568
11938152	272623.L172505	6352	849
11937383	272623.L0410	6230	1589
11937365	272623.L0392	6211	1042
11938214	272623.L178206	6116	9102
11937374	272623.L0401	6071	1997
11937358	272623.L0385	6068	1843
11937397	272623.L0424	5979	838
11937366	272623.L0393	5831	661
11937391	272623.L0418	5782	1747
11937202	272623.L0227	5582	2497
11939213	272623.L96658	5551	4794
11937459	272623.L1010	5530	2304
11937355	272623.L0382	5296	2647
11937380	272623.L0407	5119	2066
11937357	272623.L0384	4855	1704
11937877	272623.L141485	4816	1291
11937388	272623.L0415	4756	1600
11936994	272623.L0017	4727	2978
11937398	272623.L0425	4723	971
11938356	272623.L19292	4636	1448
11937376	272623.L0403	4626	2254
11937354	272623.L0381	4573	2775
11938505	272623.L27865	4552	4914
11937018	272623.L0040	4545	3860
11937791	272623.L13145	4537	10738
11936981	272623.L0006	4491	2512
11937171	272623.L0195	4409	1364
11937392	272623.L0419	4295	1264
11939085	272623.L84477	4266	2296
11936978	272623.L0003	4256	6267
11937396	272623.L0423	4234	371
11937367	272623.L0394	4223	766
11937351	272623.L0378	4097	4724
11937360	272623.L0387	4092	1053
11937353	272623.L0380	3981	2328
11937691	272623.L12227	3939	2338
11937395	272623.L0422	3894	436
11937019	272623.L0041	3839	5091
11937362	272623.L0389	3824	750
11937349	272623.L0376	3809	3461
11937364	272623.L0391	3803	128
11937352	272623.L0379	3676	3059
11937386	272623.L0413	3620	969
11937384	272623.L0411	3610	1103
11938540	272623.L3227	3588	2983
11937011	272623.L0034	3574	2896
11937218	272623.L0243	3555	2505
11938447	272623.L21264	3532	5000
11938541	272623.L32389	3499	1601
11936987	272623.L0011	3480	2489
11937400	272623.L0430	3477	34
11937385	272623.L0412	3470	688
11937370	272623.L0397	3378	293
11938677	272623.L45002	3258	3571
11938186	272623.L175538	3227	1996
11937310	272623.L0336	3213	3970
11937121	272623.L0143	3191	2880
11938421	272623.L198893	3163	5353
11937382	272623.L0409	3078	1666
11938088	272623.L165449	3060	2244
11939053	272623.L80411	3010	1929
11937184	272623.L0208	3005	2972
11937341	272623.L0368	3003	7233
11938158	272623.L173045	2959	776
11937361	272623.L0388	2951	593
11937371	272623.L0398	2868	174
11937475	272623.L102051	2841	816
11937390	272623.L0417	2767	710
11937373	272623.L0400	2751	1820
11937372	272623.L0399	2737	1734
11936988	272623.L0012	2728	2675
11937010	272623.L0033	2706	2421
11937375	272623.L0402	2698	1367
11937114	272623.L0136	2643	2158
11937350	272623.L0377	2588	771
11937103	272623.L0125	2511	1876
11936977	272623.L0002	2499	1913
11937932	272623.L147466	2494	2925
11938850	272623.L60543	2489	675
11937248	272623.L0273	2456	914
11939202	272623.L95240	2415	393
11938864	272623.L61620	2384	2809
11938206	272623.L177590	2375	1965
11938843	272623.L59867	2341	2599
11938418	272623.L198515	2298	746
11937013	272623.L0036	2285	2657
11937982	272623.L153863	2281	115
11937379	272623.L0406	2238	749
11937835	272623.L135351	2211	1370
11937070	272623.L0093	2160	1529
11937012	272623.L0035	2155	2844
11938852	272623.L60596	2142	2117
11938979	272623.L72115	2140	225
11937697	272623.L122849	2114	383
11937119	272623.L0141	2096	879
11937915	272623.L145267	2080	2929
11936985	272623.L00096	2079	152
11938929	272623.L6768	2071	639
11937944	272623.L149295	1904	379
11938004	272623.L156559	1888	1289
11937599	272623.L113864	1870	1107
11937118	272623.L0140	1853	760
11939099	272623.L85764	1841	544
11938028	272623.L158972	1829	692
11937644	272623.L117685	1820	1681
11937686	272623.L12179	1811	2526
11937096	272623.L0118	1795	2389
11937990	272623.L154925	1771	2155
11938275	272623.L184708	1722	449
11937363	272623.L0390	1721	580
11937161	272623.L0185	1719	1225
11937340	272623.L0367	1711	732
11938227	272623.L179409	1706	1798
11938978	272623.L71932	1696	741
11938111	272623.L16806	1683	1601
11938857	272623.L60959	1660	862
11937991	272623.L155040	1629	403
11937538	272623.L107797	1604	1553
11939105	272623.L86338	1585	560
11939007	272623.L75803	1564	582
11938389	272623.L196017	1532	432
11937321	272623.L0347	1519	2112
11937394	272623.L0421	1512	467
11937181	272623.L0205	1503	1031
11937162	272623.L0186	1494	1175
11938665	272623.L43866	1490	882
11938467	272623.L2385	1478	982
11938022	272623.L158343	1471	1457
11938531	272623.L31280	1465	588
11938411	272623.L198033	1464	4490
11938248	272623.L181692	1453	1204
11938570	272623.L34806	1450	1211
11939065	272623.L82250	1436	616
11938289	272623.L186107	1432	890
11937318	272623.L0344	1426	2739
11938982	272623.L72391	1411	880
11937480	272623.L102360	1405	3275
11938477	272623.L25115	1400	735
11937063	272623.L0086	1393	1393
11938863	272623.L61397	1383	250
11938010	272623.L157316	1377	913
11938899	272623.L65029	1370	633
11939057	272623.L81189	1352	1621
11937230	272623.L0255	1345	358
11937109	272623.L0131	1337	917
11938727	272623.L49741	1318	1942
11937477	272623.L102093	1313	762
11937117	272623.L0139	1294	1264
11937595	272623.L113060	1286	321
11937683	272623.L121426	1265	2092
11938904	272623.L6563	1255	1937
11937676	272623.L120628	1253	2327
11937116	272623.L0138	1252	4371
11938873	272623.L62663	1250	1312
11937969	272623.L152419	1250	957
11938203	272623.L177350	1244	1069
11937333	272623.L0359	1242	1229
11937319	272623.L0345	1223	1463
11938080	272623.L164604	1219	908
11937870	272623.L140690	1216	995
11938018	272623.L158071	1200	100
11939021	272623.L7722	1197	2076
11937830	272623.L134450	1183	1515
11937276	272623.L0302	1183	1042
11938050	272623.L161132	1172	996
11937566	272623.L110467	1171	608
11937852	272623.L137630	1171	2176
11937506	272623.L104681	1168	218
11937782	272623.L130687	1164	1945
11939157	272623.L91273	1161	217
11939125	272623.L88187	1139	1473
11937604	272623.L114099	1139	101
11938384	272623.L195348	1122	429
11938902	272623.L65440	1106	302
11937471	272623.L101699	1097	578
11938547	272623.L3272	1085	622
11938399	272623.L197041	1069	890
11938445	272623.L210	1049	1785
11937890	272623.L142410	1043	228
11937556	272623.L109335	1041	1051
11937235	272623.L0260	1027	1320
11938506	272623.L28204	1018	450
11937731	272623.L126409	1012	221
11937339	272623.L0366	1011	199
11937059	272623.L0082	1000	1244
11938416	272623.L198323	996	679
11937871	272623.L140714	983	767
11937330	272623.L0356	975	1938
11937183	272623.L0207	973	1227
11937348	272623.L0375	965	127
11938063	272623.L162604	962	964
11939214	272623.L96847	953	1076
11939144	272623.L8990	934	1013
11937926	272623.L146623	934	397
11937613	272623.L114740	927	520
11937024	272623.L0046	924	1532
11938815	272623.L57408	913	2007
11939171	272623.L9255	902	487
11938703	272623.L47257	893	308
11938910	272623.L66199	873	870
11939038	272623.L79267	872	523
11938637	272623.L41335	869	1752
11937065	272623.L0088	866	706
11937166	272623.L0190	863	736
11938487	272623.L26054	859	147
11937336	272623.L0362	856	884
11937980	272623.L153665	850	650
11937586	272623.L112263	849	305
11937872	272623.L140754	845	394
11936993	272623.L0016	843	839
11938480	272623.L25614	837	992
11938881	272623.L63310	834	710
11936979	272623.L0004	832	1268
11937649	272623.L118079	827	2043
11937323	272623.L0349	826	1430
11937584	272623.L11208	824	507
11938026	272623.L158834	816	387
11937115	272623.L0137	815	2822
11937965	272623.L151700	814	263
11938187	272623.L175712	811	430
11937639	272623.L117205	806	325
11937015	272623.L0038	806	662
11938197	272623.L176579	793	509
11938308	272623.L187771	789	589
11937180	272623.L0204	782	1335
11937842	272623.L135991	781	688
11938997	272623.L74195	776	924
11938017	272623.L157995	774	1041
11938102	272623.L166912	772	553
11939150	272623.L90622	770	187
11937149	272623.L0171	765	795
11939081	272623.L84096	765	871
11937021	272623.L0044	760	1269
11938167	272623.L173813	753	847
11937139	272623.L0161	751	937
11938893	272623.L64373	750	876
11937320	272623.L0346	750	1277
11937163	272623.L0187	745	254
11938025	272623.L158710	744	1434
11937514	272623.L105533	744	320
11937629	272623.L115968	743	1273
11937196	272623.L0221	738	2003
11938905	272623.L65637	725	398
11939167	272623.L92295	724	256
11938057	272623.L162009	721	777
11937250	272623.L0275	719	738
11938087	272623.L165279	715	1111
11938784	272623.L54546	713	866
11937020	272623.L0043	713	1342
11939093	272623.L85091	710	317
11938083	272623.L165	708	1399
11937831	272623.L134453	703	666
11937172	272623.L0196	699	696
11937561	272623.L109882	698	741
11937979	272623.L153408	698	741
11938967	272623.L70624	695	527
11937345	272623.L0372	694	1456
11937655	272623.L11851	693	665
11937440	272623.L0474	678	1036
11937179	272623.L0203	678	577
11939103	272623.L86251	674	708
11938118	272623.L168484	666	420
11938179	272623.L174788	664	336
11938176	272623.L174389	660	909
11937955	272623.L150515	653	722
11937327	272623.L0353	646	1686
11938408	272623.L197697	646	104
11937165	272623.L0189	644	717
11937343	272623.L0370	640	1079
11938200	272623.L177031	640	267
11938878	272623.L63227	633	407
11938489	272623.L26400	632	207
11937299	272623.L0325	630	1649
11937519	272623.L106356	627	184
11938809	272623.L56431	619	378
11937942	272623.L148976	617	405
11937989	272623.L154885	615	434
11937681	272623.L121253	614	589
11937920	272623.L145739	614	1127
11937040	272623.L0062	613	472
11938414	272623.L19816	607	254
11938943	272623.L68759	603	228
11938115	272623.L168282	601	55
11938388	272623.L195751	600	451
11937136	272623.L0158	597	835
11938293	272623.L186490	592	738
11937666	272623.L119731	585	292
11938797	272623.L55584	581	457
11937810	272623.L132712	575	695
11938536	272623.L320	574	583
11938168	272623.L173848	574	176
11938883	272623.L63684	569	616
11938006	272623.L157023	566	195
11938170	272623.L173921	564	1364
11938993	272623.L73818	564	665
11939223	272623.L98109	562	917
11938372	272623.L193909	560	566
11937316	272623.L0342	558	867
11938987	272623.L73210	556	951
11939086	272623.L84494	556	92
11938256	272623.L182555	556	379
11938882	272623.L63652	555	1958
11937951	272623.L150031	555	605
11939127	272623.L88252	554	759
11937296	272623.L0322	553	348
11937919	272623.L145420	549	356
11937160	272623.L0184	548	562
11936992	272623.L00157	545	382
11937539	272623.L107870	543	593
11937580	272623.L111484	543	370
11937062	272623.L0085	543	375
11937901	272623.L143791	541	424
11938266	272623.L183563	541	409
11937113	272623.L0135	540	401
11938172	272623.L174251	531	228
11939231	272623.L9876	531	278
11938720	272623.L48504	530	300
11938193	272623.L176360	526	366
11937469	272623.L101678	525	764
11938261	272623.L183012	514	398
11937490	272623.L103212	512	258
11937182	272623.L0206	510	643
11937806	272623.L132585	507	220
11937534	272623.L10754	505	293
11938151	272623.L172471	504	493
11937673	272623.L120396	504	258
11938353	272623.L192589	502	384
11937075	272623.L0098	501	637
11937199	272623.L0224	501	690
11938341	272623.L191486	496	309
11937328	272623.L0354	494	368
11938317	272623.L188798	493	434
11937738	272623.L127223	492	792
11939229	272623.L98583	486	478
11937646	272623.L1178	480	142
11938150	272623.L172073	480	68
11937963	272623.L151330	474	623
11937441	272623.L0475	472	219
11938035	272623.L15964	471	376
11937002	272623.L0024	467	586
11938699	272623.L46694	464	245
11937314	272623.L0340	463	648
11938169	272623.L173881	461	468
11937061	272623.L0084	461	683
11938822	272623.L58125	458	374
11937439	272623.L0473	457	837
11938564	272623.L34138	457	179
11938431	272623.L2	452	494
11937948	272623.L149828	452	350
11937138	272623.L0160	452	494
11938887	272623.L63811	451	364
11938267	272623.L183602	451	319
11937308	272623.L0334	450	1130
11938315	272623.L188550	450	482
11938327	272623.L189448	445	109
11937650	272623.L118271	445	262
11938802	272623.L5610	442	168
11937759	272623.L128696	440	459
11938686	272623.L45583	439	89
11938177	272623.L174407	433	211
11939226	272623.L98310	431	551
11937760	272623.L128697	430	375
11937164	272623.L0188	429	231
11938542	272623.L324	429	798
11938157	272623.L172964	428	422
11938196	272623.L17654	428	330
11938913	272623.L66233	426	330
11938425	272623.L199221	426	539
11938393	272623.L196216	422	230
11938175	272623.L174321	421	312
11937798	272623.L13187	418	446
11938095	272623.L166370	418	662
11937087	272623.L0109	417	433
11937157	272623.L0181	415	465
11938242	272623.L180805	413	189
11938597	272623.L37338	411	236
11937739	272623.L127411	407	118
11938556	272623.L33412	404	439
11938840	272623.L5953	403	117
11938034	272623.L159505	403	639
11939173	272623.L92665	401	337
11939191	272623.L94534	399	180
11937994	272623.L155408	399	342
11938891	272623.L64175	398	627
11939031	272623.L78434	396	292
11938606	272623.L37916	394	288
11938114	272623.L168265	391	160
11938470	272623.L24228	389	494
11937219	272623.L0244	388	274
11939217	272623.L9737	387	61
11937084	272623.L0106	386	591
11937041	272623.L0063	386	534
11937274	272623.L0300	385	511
11937332	272623.L0358	382	422
11937863	272623.L139276	381	315
11937072	272623.L0095	381	835
11938040	272623.L160425	378	201
11938041	272623.L160442	376	237
11938287	272623.L18600	376	651
11937899	272623.L143459	375	146
11938391	272623.L196178	374	115
11938713	272623.L4822	372	406
11938075	272623.L164012	372	228
11938072	272623.L163602	370	681
11937970	272623.L152487	370	202
11938395	272623.L196579	367	534
11938343	272623.L191704	366	128
11937247	272623.L0272	365	361
11937258	272623.L0283	365	636
11938284	272623.L185517	364	257
11938160	272623.L173068	364	313
11937467	272623.L101560	362	311
11938366	272623.L193593	362	533
11938183	272623.L175147	362	170
11937017	272623.L00396	357	659
11937068	272623.L0091	353	287
11937270	272623.L0295	352	336
11937156	272623.L0180	349	325
11937657	272623.L118696	347	306
11937957	272623.L150593	347	476
11938745	272623.L5126	346	49
11938942	272623.L68758	343	425
11937532	272623.L107468	342	519
11938184	272623.L175357	340	389
11937526	272623.L10679	337	224
11937331	272623.L0357	337	662
11937071	272623.L0094	336	319
11937933	272623.L147936	335	241
11937324	272623.L0350	334	1008
11938202	272623.L177346	334	59
11937037	272623.L0059	331	396
11938221	272623.L178908	331	148
11937828	272623.L134243	331	437
11937325	272623.L0351	329	965
11937329	272623.L0355	328	812
11937905	272623.L14408	327	135
11938810	272623.L56488	325	327
11937094	272623.L0116	325	500
11938162	272623.L173230	322	98
11938346	272623.L192043	322	334
11937093	272623.L0115	322	323
11938096	272623.L166407	321	1017
11938375	272623.L194226	320	255
11937295	272623.L0321	316	169
11937619	272623.L115113	316	209
11937042	272623.L0064	315	520
11938459	272623.L22687	315	258
11937713	272623.L124252	315	415
11938020	272623.L158188	313	234
11939025	272623.L77482	312	234
11937497	272623.L104007	311	161
11938559	272623.L33556	311	788
11937173	272623.L0197	309	469
11938867	272623.L61727	306	510
11938986	272623.L73160	303	187
11938243	272623.L181168	301	172
11937239	272623.L0264	301	524
11938944	272623.L6876	300	119
11937641	272623.L117444	300	439
11938268	272623.L183902	299	78
11937502	272623.L104285	299	178
11937174	272623.L0198	296	90
11937317	272623.L0343	296	911
11937848	272623.L136968	295	112
11938521	272623.L29875	294	309
11938912	272623.L66222	294	209
11937069	272623.L0092	293	559
11939006	272623.L75718	292	276
11937257	272623.L0282	291	716
11938212	272623.L178172	290	270
11938601	272623.L37651	290	197
11937450	272623.L1005	288	207
11937658	272623.L119013	287	181
11938084	272623.L16514	282	376
11938894	272623.L64445	277	62
11938879	272623.L6328	277	76
11938180	272623.L174946	276	362
11938876	272623.L62955	276	146
11938577	272623.L35545	275	71
11937133	272623.L0155	273	315
11938143	272623.L171350	272	395
11937038	272623.L0060	272	281
11939128	272623.L883	269	340
11938090	272623.L165684	268	150
11938679	272623.L45035	268	57
11938808	272623.L56416	267	390
11938742	272623.L51032	265	251
11938511	272623.L2866	265	769
11938572	272623.L35068	264	482
11937085	272623.L0107	263	237
11937326	272623.L0352	262	627
11937198	272623.L0223	261	109
11937855	272623.L138452	259	341
11938785	272623.L54580	258	151
11938413	272623.L198056	257	283
11938983	272623.L72477	256	514
11937137	272623.L0159	255	517
11937074	272623.L0097	255	460
11937541	272623.L108008	251	208
11938931	272623.L67726	250	243
11937812	272623.L132777	249	155
11938061	272623.L16252	249	124
11937307	272623.L0333	247	169
11937060	272623.L0083	246	206
11937642	272623.L11745	243	273
11937682	272623.L121289	241	231
11938009	272623.L157237	241	100
11939176	272623.L92886	239	258
11937513	272623.L105494	238	73
11938664	272623.L43680	237	35
11937134	272623.L0156	236	302
11938181	272623.L175101	236	299
11939174	272623.L92686	234	294
11937653	272623.L118475	231	354
11938014	272623.L157841	230	132
11937977	272623.L153005	227	323
11938780	272623.L54040	226	40
11938270	272623.L184033	226	248
11937334	272623.L0360	223	454
11938921	272623.L67226	223	173
11937624	272623.L115551	222	182
11937606	272623.L114363	222	48
11938371	272623.L193873	222	367
11937883	272623.L141766	221	363
11937082	272623.L0104	220	235
11938947	272623.L6907	220	140
11938163	272623.L173313	220	193
11937212	272623.L0237	220	328
11938659	272623.L4342	219	325
11937178	272623.L0202	219	161
11939071	272623.L82539	218	57
11937574	272623.L110960	218	89
11937304	272623.L0330	217	163
11938616	272623.L39365	216	197
11939143	272623.L89418	216	477
11939056	272623.L8105	215	215
11937975	272623.L152977	214	129
11937986	272623.L154481	213	213
11937022	272623.L0045	212	233
11938927	272623.L67527	212	81
11938462	272623.L22900	211	271
11939192	272623.L94552	211	46
11937960	272623.L151062	210	476
11938781	272623.L54059	209	211
11938700	272623.L4702	209	64
11938519	272623.L29491	207	342
11937817	272623.L133416	207	249
11937950	272623.L150017	206	71
11938066	272623.L162872	206	117
11937189	272623.L0213	206	503
11939037	272623.L7894	206	462
11937840	272623.L135954	205	333
11939160	272623.L91510	205	298
11937997	272623.L155602	205	108
11939047	272623.L80045	202	82
11937101	272623.L0123	201	190
11938690	272623.L45702	201	58
11938545	272623.L32653	200	173
11937083	272623.L0105	200	322
11937736	272623.L126998	200	132
11937088	272623.L0110	199	112
11938930	272623.L67708	197	103
11938417	272623.L198485	196	247
11939149	272623.L90422	196	207
11937521	272623.L106425	195	143
11939117	272623.L87107	194	489
11937669	272623.L119891	193	334
11939123	272623.L87561	193	169
11939017	272623.L76582	192	140
11937197	272623.L0222	192	346
11939212	272623.L96605	191	143
11937129	272623.L0151	190	129
11938495	272623.L26998	188	152
11937505	272623.L104552	187	66
11937337	272623.L0363	186	204
11939087	272623.L84502	186	440
11939239	272623.L99869	186	90
11937968	272623.L152305	182	130
11938367	272623.L193644	182	58
11938974	272623.L71425	181	82
11937444	272623.L1001	180	27
11938085	272623.L165202	180	183
11937536	272623.L107724	178	113
11938003	272623.L156445	178	149
11939159	272623.L91456	178	245
11938962	272623.L70400	178	485
11937626	272623.L115671	177	103
11936976	272623.L0001	177	56
11938078	272623.L164312	176	109
11938032	272623.L159396	176	106
11936983	272623.L0008	176	382
11937607	272623.L114370	175	122
11937774	272623.L129431	175	218
11937723	272623.L125485	174	166
11938875	272623.L62931	174	71
11938254	272623.L182026	174	81
11938672	272623.L44542	174	87
11937158	272623.L0182	173	181
11938973	272623.L71174	171	188
11938326	272623.L189428	171	222
11937245	272623.L0270	171	521
11938148	272623.L17182	170	61
11937983	272623.L153973	168	53
11939133	272623.L88643	168	506
11938898	272623.L64833	167	104
11937311	272623.L0337	167	95
11937772	272623.L129403	166	179
11938612	272623.L38650	165	105
11937554	272623.L109162	165	337
11938592	272623.L36841	164	114
11938139	272623.L170990	164	100
11939152	272623.L90693	164	30
11937614	272623.L114827	163	307
11939208	272623.L96217	163	150
11939113	272623.L86881	162	230
11938347	272623.L192122	161	80
11937213	272623.L0238	161	206
11937170	272623.L0194	161	152
11937472	272623.L101706	158	267
11938077	272623.L164222	158	73
11939155	272623.L90946	154	131
11937283	272623.L0309	154	290
11937461	272623.L101209	153	47
11938613	272623.L38687	153	88
11937105	272623.L0127	151	134
11937501	272623.L104221	151	131
11937577	272623.L111159	148	40
11937097	272623.L0119	148	693
11937711	272623.L123851	147	169
11937025	272623.L0047	147	128
11938801	272623.L55836	146	25
11937128	272623.L0150	146	143
11938896	272623.L64737	146	101
11938239	272623.L180469	146	142
11937300	272623.L0326	145	106
11938888	272623.L63900	145	83
11938777	272623.L53929	144	232
11938046	272623.L160937	142	184
11939136	272623.L88730	142	39
11938706	272623.L4747	140	97
11937242	272623.L0267	140	140
11938903	272623.L65498	138	99
11938044	272623.L160560	138	42
11937879	272623.L141547	138	168
11937909	272623.L144535	137	22
11939004	272623.L75633	137	63
11938919	272623.L67158	135	53
11937551	272623.L108994	134	92
11938333	272623.L190226	132	165
11938716	272623.L48417	132	167
11937860	272623.L1389	132	189
11939018	272623.L76755	130	130
11937790	272623.L131443	130	43
11937249	272623.L0274	130	219
11937135	272623.L0157	129	188
11938055	272623.L161888	129	59
11939091	272623.L84937	128	86
11938515	272623.L29171	127	19
11938217	272623.L178329	126	156
11938596	272623.L37085	126	89
11937966	272623.L152002	125	140
11939108	272623.L86471	125	38
11938334	272623.L190278	125	109
11937928	272623.L147009	125	84
11938492	272623.L26721	125	86
11937256	272623.L0281	125	133
11937269	272623.L0294	123	294
11937645	272623.L117718	123	120
11936991	272623.L0015	122	73
11938451	272623.L21717	122	80
11937781	272623.L130682	121	268
11937705	272623.L12335	121	97
11937122	272623.L0144	121	128
11939060	272623.L81441	119	91
11939083	272623.L84257	119	108
11937009	272623.L0032	119	127
11937766	272623.L128951	119	96
11938461	272623.L22735	118	70
11939211	272623.L96595	117	153
11937549	272623.L108967	117	74
11937503	272623.L10433	117	123
11937576	272623.L111126	114	128
11937547	272623.L108801	114	68
11938107	272623.L167675	114	80
11938814	272623.L57401	114	61
11937251	272623.L0276	114	258
11937322	272623.L0348	113	165
11937706	272623.L123365	112	179
11939000	272623.L74935	112	12
11937600	272623.L113931	111	77
11938255	272623.L18206	111	92
11938062	272623.L162597	111	194
11938094	272623.L166082	111	94
11937111	272623.L0133	111	74
11937225	272623.L0250	111	85
11937700	272623.L123116	111	126
11939230	272623.L98749	110	97
11938435	272623.L20397	110	53
11937066	272623.L0089	109	96
11939153	272623.L9089	108	111
11938789	272623.L54803	108	61
11938280	272623.L185031	107	174
11938655	272623.L42784	106	88
11937854	272623.L138230	105	242
11937268	272623.L0293	104	245
11938330	272623.L189883	104	67
11938529	272623.L31137	104	43
11937272	272623.L0298	103	211
11937605	272623.L114325	103	62
11939019	272623.L76848	103	38
11939121	272623.L87453	101	146
11938804	272623.L56232	101	47
11938491	272623.L26628	101	125
11938282	272623.L185224	100	161
11938909	272623.L6615	100	68
11937006	272623.L0028	100	152
11938604	272623.L37880	100	183
11938406	272623.L19745	100	68
11938071	272623.L163307	100	39
11937186	272623.L0210	99.9	85
11939040	272623.L79329	99.9	42
11938376	272623.L194765	98.6	74
11937636	272623.L117074	98.1	72
11937592	272623.L11285	96.6	62
11937638	272623.L117145	96.6	64
11937508	272623.L104789	96.3	133
11937039	272623.L0061	96.1	104
11938565	272623.L3425	95.2	72
11937278	272623.L0304	95.0	206
11937861	272623.L139168	95.0	108
11938019	272623.L158186	94.7	99
11938339	272623.L191431	93.9	204
11937452	272623.L100575	93.4	34
11938999	272623.L74738	93.4	102
11937714	272623.L124415	92.1	124
11938105	272623.L167426	91.6	92
11939045	272623.L79833	91.5	13
11938321	272623.L188985	91.3	56
11938228	272623.L179531	91.0	98
11938517	272623.L29321	90.4	277
11937593	272623.L112952	89.7	107
11937612	272623.L114717	89.3	130
11938310	272623.L187918	89.0	103
11938125	272623.L169230	88.7	39
11937067	272623.L0090	88.6	109
11938340	272623.L191436	88.4	15
11938567	272623.L34494	87.8	59
11937936	272623.L148513	86.3	43
11936989	272623.L0013	86.2	189
11937099	272623.L0121	85.9	117
11937769	272623.L129183	84.7	174
11937478	272623.L102100	84.1	67
11937262	272623.L0287	83.5	211
11937095	272623.L0117	83.2	87
11937035	272623.L0057	83.1	128
11938328	272623.L189822	83.1	23
11938161	272623.L173151	82.5	36
11937544	272623.L108430	82.2	57
11938681	272623.L45109	81.9	50
11937876	272623.L141260	81.6	128
11937572	272623.L110899	81.4	133
11938023	272623.L158463	81.1	59
11938757	272623.L52034	81.0	107
11939141	272623.L89194	80.7	150
11938503	272623.L27646	80.4	36
11938523	272623.L30285	80.1	68
11938292	272623.L18647	79.3	57
11938322	272623.L189090	79.3	86
11938069	272623.L163056	79.2	83
11937487	272623.L102979	79.1	143
11938146	272623.L171588	78.7	59
11939101	272623.L85895	78.5	31
11937882	272623.L141748	78.4	50
11939090	272623.L84767	78.3	81
11938205	272623.L177520	78.2	98
11938250	272623.L181858	78.1	105
11938349	272623.L192240	78.1	43
11937232	272623.L0257	77.4	186
11937565	272623.L110441	77.3	48
11937824	272623.L133825	77.2	66
11937654	272623.L118481	77.2	60
11939106	272623.L86424	76.3	88
11938623	272623.L39857	76.3	117
11938392	272623.L196206	76.2	46
11937677	272623.L120883	76.0	40
11938182	272623.L175136	75.6	22
11938101	272623.L166804	75.5	75
11937305	272623.L0331	75.3	52
11937659	272623.L119032	75.2	10
11937993	272623.L155396	75.2	59
11937313	272623.L0339	74.9	92
11939048	272623.L80177	74.8	96
11937338	272623.L0365	74.7	51
11936997	272623.L00196	74.6	106
11938708	272623.L47650	72.9	62
11937537	272623.L107726	72.9	93
11938424	272623.L199206	72.7	39
11938029	272623.L159324	72.6	64
11937821	272623.L133761	71.9	44
11938331	272623.L190009	71.6	99
11938257	272623.L182559	71.2	71
11937819	272623.L133490	70.2	18
11937098	272623.L0120	69.1	78
11937104	272623.L0126	68.5	59
11937147	272623.L0169	68.3	104
11937342	272623.L0369	67.8	105
11938007	272623.L157055	67.1	64
11938859	272623.L6128	66.8	47
11937608	272623.L114402	66.8	29
11938192	272623.L176316	66.7	76
11937992	272623.L155044	66.7	45
11937515	272623.L106031	66.7	47
11937573	272623.L110933	66.7	33
11937210	272623.L0235	66.5	23
11938079	272623.L164461	65.9	57
11938307	272623.L187716	65.8	29
11937347	272623.L0374	65.6	59
11939035	272623.L7866	65.4	82
11939049	272623.L80191	64.6	85
11939059	272623.L81319	64.2	32
11939234	272623.L99272	64.0	82
11937488	272623.L103086	62.7	49
11937590	272623.L112616	61.4	34
11937252	272623.L0277	61.4	146
11939080	272623.L83865	60.9	18
11937284	272623.L0310	60.8	77
11938520	272623.L29672	60.7	26
11937034	272623.L0056	60.7	36
11938298	272623.L186875	60.6	84
11938934	272623.L68066	60.4	34
11939206	272623.L95975	59.8	52
11937246	272623.L0271	59.7	40
11937275	272623.L0301	59.7	98
11938760	272623.L52207	58.6	90
11938208	272623.L177685	56.8	49
11937583	272623.L111950	55.4	41
11938117	272623.L16848	55.4	54
11937765	272623.L12887	55.3	55
11938365	272623.L193421	55.2	11
11937220	272623.L0245	55.0	40
11937303	272623.L0329	55.0	76
11937447	272623.L100263	54.9	79
11937922	272623.L145850	54.9	36
11939181	272623.L93420	54.6	84
11938764	272623.L52568	54.0	89
11937841	272623.L135972	54.0	107
11938423	272623.L198940	52.6	20
11937987	272623.L154512	52.4	45
11938765	272623.L52644	52.2	27
11938906	272623.L65675	52.1	61
11937504	272623.L104437	52.1	62
11937260	272623.L0285	51.6	44
11937008	272623.L0031	51.6	34
11938963	272623.L7043	51.2	42
11937954	272623.L150333	50.8	57
11939215	272623.L96903	50.6	44
11938652	272623.L42499	50.1	19
11938067	272623.L162952	49.7	28
11938790	272623.L54944	49.6	57
11938260	272623.L182916	49.3	47
11938001	272623.L156302	49.2	30
11938539	272623.L32195	49.0	44
11937231	272623.L0256	48.8	143
11939107	272623.L86448	48.6	46
11938546	272623.L32666	48.0	77
11938537	272623.L32072	47.7	21
11937512	272623.L105256	47.5	48
11939154	272623.L9094	47.5	58
11938915	272623.L66407	47.4	8
11939162	272623.L91807	47.3	40
11937254	272623.L0279	47.1	86
11937917	272623.L145357	46.8	24
11937794	272623.L131778	46.5	34
11938291	272623.L186258	46.4	60
11938357	272623.L192996	46.4	19
11938386	272623.L195415	46.2	73
11938453	272623.L21952	46.0	18
11938008	272623.L157144	45.9	30
11937215	272623.L0240	45.8	35
11938319	272623.L1889160	45.7	26
11937217	272623.L0242	45.5	69
11938348	272623.L192192	45.0	38
11937783	272623.L130713	44.9	32
11937688	272623.L121994	44.5	14
11937734	272623.L126819	44.1	24
11938283	272623.L185472	44.1	20
11938772	272623.L53427	43.8	17
11938486	272623.L2599	43.2	35
11937151	272623.L0175	42.3	53
11939219	272623.L97777	41.9	69
11938634	272623.L41072	41.8	20
11938747	272623.L51368	41.8	20
11938027	272623.L15884	41.3	40
11937100	272623.L0122	41.2	75
11938514	272623.L29089	41.1	43
11937916	272623.L145301	41.1	29
11938263	272623.L183216	40.8	14
11937643	272623.L11749	40.7	111
11938454	272623.L22059	40.7	11
11937458	272623.L1009	40.6	23
11937145	272623.L0167	40.2	49
11937520	272623.L106374	39.9	20
11938938	272623.L68401	39.8	43
11938235	272623.L180241	39.8	65
11938129	272623.L169610	39.2	25
11938914	272623.L66281	39.2	31
11939054	272623.L80459	39.0	44
11937826	272623.L133932	39.0	11
11938687	272623.L45616	39.0	32
11938342	272623.L191500	38.9	32
11937264	272623.L0289	38.9	29
11937902	272623.L143879	38.9	37
11938544	272623.L3255	38.8	71
11939158	272623.L91444	38.7	25
11938210	272623.L1778	38.4	41
11938812	272623.L57113	38.4	51
11938420	272623.L198787	38.2	48
11938354	272623.L19272	38.2	43
11938136	272623.L170617	38.1	20
11938387	272623.L195720	37.9	7
11939201	272623.L95210	37.8	25
11938432	272623.L200264	37.6	15
11938817	272623.L57608	37.6	31
11937265	272623.L0290	37.2	88
11938052	272623.L161441	36.9	45
11937465	272623.L1015	36.5	21
11937709	272623.L123581	35.9	55
11939062	272623.L81616	35.8	29
11938710	272623.L47971	35.5	29
11937938	272623.L148778	35.4	244
11938185	272623.L175450	35.4	11
11938694	272623.L46118	35.2	51
11938198	272623.L176724	35.0	15
11938278	272623.L184871	34.9	24
11937862	272623.L13927	34.7	81
11937194	272623.L0219	34.6	32
11937140	272623.L0162	33.4	37
11939132	272623.L88637	33.1	15
11937253	272623.L0278	33.1	152
11938024	272623.L158566	32.6	53
11938984	272623.L72609	32.4	14
11938818	272623.L5776	32.1	33
11937152	272623.L0176	32.0	45
11938767	272623.L52686	32.0	29
11937236	272623.L0261	31.7	37
11938994	272623.L73853	31.6	15
11939050	272623.L80315	31.6	21
11937036	272623.L0058	31.4	38
11937346	272623.L0373	30.9	35
11937596	272623.L113067	30.7	32
11937795	272623.L131803	30.4	14
11938750	272623.L51690	29.9	13
11937108	272623.L0130	29.9	69
11937309	272623.L0335	29.7	16
11938991	272623.L73435	29.6	26
11937188	272623.L0212	29.5	29
11938048	272623.L161059	29.5	17
11937621	272623.L115302	29.1	23
11938925	272623.L67463	28.8	6
11939118	272623.L87113	28.5	35
11939216	272623.L97131	28.3	37
11937491	272623.L103246	28.0	21
11936995	272623.L0018	27.6	32
11939198	272623.L94890	27.3	72
11937563	272623.L110351	27.2	26
11939001	272623.L75267	26.9	32
11937640	272623.L11729	26.9	14
11937226	272623.L0251	26.8	93
11938100	272623.L166614	26.8	28
11937266	272623.L0291	26.7	73
11939168	272623.L92414	26.6	16
11937153	272623.L0177	26.4	42
11937696	272623.L122632	26.4	17
11938247	272623.L181494	26.3	43
11938610	272623.L3846	25.6	18
11938404	272623.L19721	25.5	20
11937555	272623.L109201	25.3	16
11938795	272623.L5532	25.3	15
11937089	272623.L0111	25.1	72
11939120	272623.L87336	25.0	24
11936990	272623.L0014	24.8	47
11938823	272623.L582	24.7	30
11937818	272623.L133446	24.7	11
11937722	272623.L125244	24.6	13
11938222	272623.L17893	24.3	31
11937560	272623.L109747	24.2	16
11938303	272623.L187315	24.0	28
11937033	272623.L0055	23.7	26
11938106	272623.L167555	23.0	20
11937660	272623.L119452	23.0	21
11937110	272623.L0132	22.9	16
11937868	272623.L140288	22.5	37
11938099	272623.L16653	22.2	33
11938779	272623.L54021	21.9	52
11939183	272623.L93500	21.9	37
11938758	272623.L52064	21.8	46
11938305	272623.L187450	21.4	7
11937721	272623.L125196	21.3	17
11938296	272623.L186839	21.2	10
11939218	272623.L97415	21.0	21
11939122	272623.L87497	21.0	22
11938657	272623.L43222	20.6	12
11938231	272623.L179660	20.4	12
11938773	272623.L53699	20.3	25
11938971	272623.L70979	20.2	27
11937057	272623.L0080	20.1	24
11939096	272623.L85514	20.1	42
11939227	272623.L98347	20.1	34
11937282	272623.L0308	20.0	58
11937007	272623.L0029	19.9	21
11937571	272623.L11083	19.8	26
11938482	272623.L25787	19.7	23
11937757	272623.L128694	19.6	33
11937483	272623.L102634	18.9	7
11938870	272623.L6208	18.8	8
11938216	272623.L178303	18.8	6
11937281	272623.L0307	18.7	72
11938396	272623.L196779	18.5	16
11938698	272623.L46679	18.5	24
11938524	272623.L30663	18.3	4
11937086	272623.L0108	18.2	22
11938549	272623.L3279	18.2	13
11937482	272623.L102491	18.1	15
11937564	272623.L110431	18.1	15
11938711	272623.L47979	18.0	3
11938110	272623.L168057	18.0	10
11938886	272623.L63770	17.9	11
11937672	272623.L120355	17.7	9
11938379	272623.L19516	17.3	12
11937335	272623.L0361	17.1	22
11937947	272623.L149781	17.0	8
11938608	272623.L38177	16.9	19
11939092	272623.L84992	16.9	15
11938159	272623.L173048	16.9	72
11938499	272623.L27434	16.9	72
11938787	272623.L54760	16.9	72
11938988	272623.L73239	16.6	33
11937026	272623.L0048	16.5	11
11938805	272623.L56236	16.3	21
11938643	272623.L41779	16.2	19
11938309	272623.L187815	15.8	17
11938803	272623.L56208	15.7	39
11938458	272623.L22498	15.5	12
11937229	272623.L0254	15.4	23
11937570	272623.L110588	15.2	14
11939142	272623.L89201	15.1	12
11937569	272623.L110564	15.1	6
11937468	272623.L101577	15.1	12
11938426	272623.L199247	15.0	72
11938590	272623.L36774	15.0	72
11938611	272623.L38510	15.0	72
11937849	272623.L137335	15.0	72
11937995	272623.L155471	15.0	72
11937874	272623.L140905	15.0	72
11938554	272623.L33187	14.9	17
11939184	272623.L93826	14.8	14
11937684	272623.L121483	14.8	35
11938587	272623.L36404	14.5	14
11937710	272623.L123777	14.1	32
11937455	272623.L100735	14.0	5
11939014	272623.L76216	13.9	11
11939024	272623.L77437	13.8	18
11937591	272623.L112776	13.7	17
11937804	272623.L132251	13.6	12
11937244	272623.L0269	13.1	32
11938015	272623.L157908	12.9	22
11937670	272623.L120334	12.9	66
11937864	272623.L13958	12.9	4
11937124	272623.L0146	12.8	19
11938089	272623.L165490	12.8	5
11937889	272623.L142355	12.8	22
11938924	272623.L67370	12.7	8
11939027	272623.L77627	12.7	15
11937545	272623.L108503	12.6	7
11938119	272623.L168650	12.4	26
11937742	272623.L127611	12.0	4
11937155	272623.L0179	11.9	27
11938329	272623.L189881	11.9	7
11938005	272623.L156674	11.9	4
11938138	272623.L170983	11.8	15
11938533	272623.L31393	11.7	20
11937559	272623.L109527	11.7	11
11938142	272623.L171116	11.6	9
11937939	272623.L148897	11.4	14
11939175	272623.L92850	11.2	8
11937224	272623.L0249	11.1	4
11937930	272623.L14736	11.0	20
11938485	272623.L25961	11.0	28
11938382	272623.L195271	11.0	17
11937498	272623.L104021	11.0	33
11937227	272623.L0252	10.8	51
11937929	272623.L147291	10.6	11
11937796	272623.L131805	10.5	14
11937652	272623.L118462	10.4	26
11937934	272623.L148007	10.2	3
11939061	272623.L81453	10.1	14
11937886	272623.L142310	9.79	24
11938134	272623.L169971	9.61	9
11939112	272623.L86826	9.58	3
11938729	272623.L49937	9.56	10
11939029	272623.L7798	9.55	44
11938518	272623.L29477	9.5	16
11937259	272623.L0284	9.43	30
11937651	272623.L118350	9.41	7
11937228	272623.L0253	9.28	5
11939139	272623.L89079	9.17	31
11939193	272623.L9458	9.1	38
11937763	272623.L128737	8.99	5
11937820	272623.L133547	8.96	4
11938620	272623.L39593	8.94	17
11939100	272623.L85854	8.93	4
11937014	272623.L0037	8.93	9
11937567	272623.L110479	8.74	12
11937053	272623.L0076	8.73	9
11938834	272623.L58914	8.72	16
11937958	272623.L150744	8.69	10
11937550	272623.L108989	8.63	7
11937187	272623.L0211	8.59	17
11937543	272623.L108425	8.46	4
11937495	272623.L103661	8.36	8
11939178	272623.L92987	8.32	16
11938618	272623.L39484	8.27	10
11937893	272623.L142722	8.13	7
11937725	272623.L125707	8.01	9
11938953	272623.L69383	8.0	24
11938344	272623.L191765	8.0	3
11938060	272623.L162229	7.98	6
11938207	272623.L177593	7.93	11
11937978	272623.L153086	7.89	4
11938381	272623.L195257	7.72	3
11938444	272623.L20937	7.63	9
11937476	272623.L102062	7.41	9
11937853	272623.L137682	7.24	13
11938798	272623.L55605	7.21	9
11938936	272623.L68137	7.19	11
11937816	272623.L133367	7.08	6
11938632	272623.L40973	7.07	4
11937647	272623.L117821	6.98	18
11938213	272623.L178204	6.93	3
11938042	272623.L160485	6.89	16
11937956	272623.L150584	6.79	10
11937112	272623.L0134	6.31	11
11937668	272623.L11986	6.17	3
11938516	272623.L29314	6.11	3
11938977	272623.L71879	6.06	4
11937617	272623.L115025	6.01	3
11938831	272623.L58790	5.97	4
11937234	272623.L0259	5.81	9
11938970	272623.L70961	5.62	3
11938932	272623.L67760	5.59	6
11937027	272623.L0049	5.58	6
11937267	272623.L0292	5.58	20
11937297	272623.L0323	5.57	21
11938675	272623.L44747	5.53	3
11938109	272623.L167877	5.47	5
11937634	272623.L116532	5.44	10
11937237	272623.L0262	5.44	14
11938314	272623.L188472	5.33	8
11937784	272623.L130944	5.23	3
11937185	272623.L0209	5.22	10
11937168	272623.L0192	5.14	8
11938928	272623.L67624	5.12	3
11937712	272623.L124107	5.07	7
11937753	272623.L128690	5.05	10
11939222	272623.L98095	4.97	6
11938271	272623.L184159	4.94	10
11937445	272623.L10014	4.68	4
11938215	272623.L178227	4.64	4
11937500	272623.L104115	4.64	16
11938259	272623.L182799	4.62	6
11938385	272623.L195366	4.6	4
11937588	272623.L112353	4.58	5
11937107	272623.L0129	4.54	4
11938361	272623.L193121	4.34	4
11938588	272623.L36511	4.18	3
11938448	272623.L21300	4.16	3
11937130	272623.L0152	4.11	4
11939236	272623.L99502	4.1	3
11938253	272623.L182020	4.01	4
11938884	272623.L63697	3.96	13
11937255	272623.L0280	3.75	4
11938507	272623.L2829	3.75	4
11937528	272623.L106965	3.62	18
11937648	272623.L117867	3.35	3
11938230	272623.L179659	3.35	6
11937453	272623.L1006	3.35	3
11938149	272623.L171943	3.29	5
11936998	272623.L0020	3.28	6
11937302	272623.L0328	3.08	4
11937055	272623.L0078	3.05	3
11937952	272623.L15012	3.05	3
11937091	272623.L0113	2.97	4
11937102	272623.L0124	2.95	4
11938743	272623.L51063	2.89	3
11937081	272623.L0103	2.87	4
11937770	272623.L129283	2.85	6
11937054	272623.L0077	2.74	4
11937587	272623.L112352	2.69	4
11938856	272623.L6094	2.45	8
11937829	272623.L134394	2.41	5
11938897	272623.L64811	2.33	3
11937792	272623.L13150	2.16	5
11939135	272623.L88729	2.05	3
11937261	272623.L0286	1.75	4
11938332	272623.L190126	1.74	4
11937756	272623.L128693	1.61	4
11937277	272623.L0303	1.54	3
11937092	272623.L0114	1.5	4
11939205	272623.L95846	1.45	6
11939210	272623.L9639	1.22	3
11938455	272623.L22116	1.13	3
11938481	272623.L25762	1.09	3
11937900	272623.L143624	1.09	10
11937815	272623.L13324	1.08	8
11938961	272623.L70239	1.07	4
11937207	272623.L0232	0.95	5
11937466	272623.L10155	0.897	3
11938033	272623.L159400	0.831	4
11937291	272623.L0317	0.471	9
11939039	272623.L79277	0.301	4
11937177	272623.L0201	0.121	4
11937051	272623.L0074	0.11	4
11938550	272623.L32812	0.064	4
