#id: 1693104356
#name: K. pneumoniae - Whole organism, iBAQ (Museliusetal,frontmicrobiol2020)
#score: 13.2
#weight:  100%
#description: abundance based on iBAQ, Interaction consistency score: 13.2, Coverage: 48
#organ: WHOLE_ORGANISM
#integrated: false
#coverage: 48
#link: http://www.ncbi.nlm.nih.gov/pubmed/32390954
#publication_year: 2020
#filename: 272620-PXD015623_iron_limit.txt
#
#internal_id	string_external_id	abundance
64267490	272620.KPN_01279	15308	3810332500
64268949	272620.KPN_02761	11556	239170060000
64270665	272620.KPN_04533	10950	445167524250
64269646	272620.KPN_03472	10915	27396192500
64269879	272620.KPN_03714	10268	68690445250
64270267	272620.KPN_04106	10091	11520602500
64267408	272620.KPN_01197	9524	256923279750
64269871	272620.KPN_03706	9475	15236958500
64267303	272620.KPN_01092	9133	37870367500
64268340	272620.KPN_02134	9044	77445889750
64269302	272620.KPN_03123	8863	248892072750
64267200	272620.KPN_00986	8557	299083466450
64269872	272620.KPN_03707	8142	110092377750
64270139	272620.KPN_03976	8025	16616400000
64270171	272620.KPN_04008	7537	210457573550
64269878	272620.KPN_03713	7486	96159216750
64270519	272620.KPN_04382	7070	50509736250
64269865	272620.KPN_03700	6921	73236154000
64269889	272620.KPN_03724	6825	463685142250
64270494	272620.KPN_04357	6825	463685142250
64269881	272620.KPN_03716	6757	131666806500
64266878	272620.KPN_00650	6426	96586200000
64269867	272620.KPN_03702	6419	91968467500
64270501	272620.KPN_04364	6396	59980929750
64270664	272620.KPN_04532	6280	66226138000
64268407	272620.KPN_02201	6213	79802153000
64269746	272620.KPN_03573	5964	18526203500
64270140	272620.KPN_03977	5818	29242915750
64268383	272620.KPN_02177	5731	39406149750
64268952	272620.KPN_02764	5481	55600656550
64269800	272620.KPN_03629	5456	49809531750
64269891	272620.KPN_03726	5253	55251847250
64269699	272620.KPN_03526	5239	28026110800
64269064	272620.KPN_02876	5023	138657722250
64270388	272620.KPN_04231	4940	30485481250
64270500	272620.KPN_04363	4914	58409447750
64270432	272620.KPN_04282	4891	56103976000
64269116	272620.KPN_02932	4875	24843535000
64269866	272620.KPN_03701	4847	19079536000
64269892	272620.KPN_03727	4835	31856304000
64269874	272620.KPN_03709	4813	48833025000
64269861	272620.KPN_03696	4795	81633422500
64266529	272620.KPN_00299	4754	97997062500
64269869	272620.KPN_03704	4735	70926957750
64269859	272620.KPN_03694	4676	34107110000
64266632	272620.KPN_00402	4661	17786885750
64266257	272620.KPN_00018	4602	23095822500
64267055	272620.KPN_00841	4563	76057586750
64269876	272620.KPN_03711	4561	18800000250
64269875	272620.KPN_03710	4344	11082329300
64269801	272620.KPN_03630	4313	47306762500
64267355	272620.KPN_01144	4296	133348237750
64270723	272620.KPN_04594	4278	49700908250
64270498	272620.KPN_04361	4210	87589593500
64270726	272620.KPN_04597	4194	69282373828
64270172	272620.KPN_04009	4193	21435906250
64270374	272620.KPN_04217	4169	63498419250
64269529	272620.KPN_03354	4154	83731172750
64269320	272620.KPN_03141	4128	95216222750
64268745	272620.KPN_02549	3984	82661992250
64268950	272620.KPN_02762	3981	17376600250
64269863	272620.KPN_03698	3953	48136600000
64269880	272620.KPN_03715	3873	30979277500
64269873	272620.KPN_03708	3832	30957045750
64269113	272620.KPN_02929	3821	36304354500
64269530	272620.KPN_03355	3805	108738587925
64268544	272620.KPN_02340	3791	34455040000
64270725	272620.KPN_04596	3774	15052815000
64266884	272620.KPN_00656	3699	28368830000
64267911	272620.KPN_01702	3693	83326485500
64269890	272620.KPN_03725	3663	197799185300
64268695	272620.KPN_02499	3655	134427275750
64270168	272620.KPN_04005	3652	58247258000
64269523	272620.KPN_03348	3586	71339369500
64266541	272620.KPN_00311	3566	78755738250
64266869	272620.KPN_00641	3560	52338087250
64270512	272620.KPN_04375	3545	68560826500
64268831	272620.KPN_02636	3446	144043060750
64269550	272620.KPN_03375	3423	98253995750
64266421	272620.KPN_00183	3396	110282465000
64266982	272620.KPN_00768	3392	66997242000
64269884	272620.KPN_03719	3356	63137950725
64269885	272620.KPN_03720	3270	32929317750
64268619	272620.KPN_02418	3243	104378138540
64269090	272620.KPN_02902	3238	36157599500
64268408	272620.KPN_02202	3190	58386208000
64267152	272620.KPN_00938	3171	119233651750
64266597	272620.KPN_00367	3155	32019017750
64266544	272620.KPN_00314	3149	49270894750
64268201	272620.KPN_01992	3123	30321200000
64266420	272620.KPN_00182	3085	62875799250
64266358	272620.KPN_00120	3074	92920974000
64266449	272620.KPN_00211	3046	67702734500
64269883	272620.KPN_03718	2956	44954367250
64266646	272620.KPN_00416	2953	6880850000
64268661	272620.KPN_02465	2792	14205582250
64267057	272620.KPN_00843	2768	36538570750
64266429	272620.KPN_00191	2750	34013600000
64267298	272620.KPN_01087	2716	9306742500
64269887	272620.KPN_03722	2651	33972425750
64270300	272620.KPN_04139	2634	100009485000
64269877	272620.KPN_03712	2615	21266409500
64269298	272620.KPN_03119	2559	84590556000
64270298	272620.KPN_04137	2555	97940458000
64268220	272620.KPN_02014	2505	39307734750
64266356	272620.KPN_00118	2501	163439773750
64269860	272620.KPN_03695	2497	77020632500
64266253	272620.KPN_00014	2488	114241812000
64269870	272620.KPN_03705	2472	33158655750
64270497	272620.KPN_04360	2448	29293970000
64269185	272620.KPN_03001	2430	14306740000
64269767	272620.KPN_03596	2419	20510990500
64267863	272620.KPN_01654	2385	48747828250
64266710	272620.KPN_00481	2357	29008802500
64266417	272620.KPN_00179	2348	51889720000
64269862	272620.KPN_03697	2335	25784528250
64267135	272620.KPN_00921	2312	38732516500
64266247	272620.KPN_00008	2311	85883074000
64268711	272620.KPN_02515	2296	63138979000
64269868	272620.KPN_03703	2292	20032955000
64267495	272620.KPN_01284	2265	44210657500
64269292	272620.KPN_03113	2237	71871485500
64266852	272620.KPN_00624	2223	54444248750
64267440	272620.KPN_01229	2198	15300346500
64268635	272620.KPN_02436	2164	61628975750
64270423	272620.KPN_04273	2111	82607433332
64268188	272620.KPN_01979	2090	21708843250
64268040	272620.KPN_01831	2043	14150437000
64269036	272620.KPN_02848	2028	22810791000
64266629	272620.KPN_00399	2012	21503052500
64270750	272620.KPN_04621	2009	29387624050
64270789	272620.KPN_04660	2002	4120276500
64267736	272620.KPN_01527	1942	37434075250
64269002	272620.KPN_02814	1941	26252926750
64269202	272620.KPN_03018	1940	25905760000
64268961	272620.KPN_02773	1933	60522101500
64269293	272620.KPN_03114	1891	32424561000
64269964	272620.KPN_03799	1886	31917889000
64266725	272620.KPN_00497	1868	8390300000
64267149	272620.KPN_00935	1821	46778451500
64266871	272620.KPN_00643	1804	14920900000
64266357	272620.KPN_00119	1792	90717386500
64270117	272620.KPN_03954	1776	12312381750
64270509	272620.KPN_04372	1763	32676320500
64268998	272620.KPN_02810	1759	28011409250
64270546	272620.KPN_04413	1750	70491663000
64269107	272620.KPN_02923	1743	45675090500
64267735	272620.KPN_01526	1742	48814063000
64268062	272620.KPN_01853	1729	49601199750
64266584	272620.KPN_00354	1723	41791179750
64268747	272620.KPN_02551	1710	30703541750
64268746	272620.KPN_02550	1689	28597062500
64266243	272620.KPN_00004	1642	45290675000
64269766	272620.KPN_03595	1639	13359073250
64270513	272620.KPN_04376	1629	77333398500
64268787	272620.KPN_02591	1626	28549725750
64268339	272620.KPN_02133	1622	55543988975
64270705	272620.KPN_04576	1616	45440645250
64266423	272620.KPN_00185	1602	16264921250
64270471	272620.KPN_04325	1560	80684915850
64267153	272620.KPN_00939	1529	7835579000
64270699	272620.KPN_04570	1512	12234112000
64270677	272620.KPN_04545	1502	14026310000
64268442	272620.KPN_02238	1492	33635902250
64266628	272620.KPN_00398	1485	58573429750
64270390	272620.KPN_04233	1482	33878320250
64268023	272620.KPN_01814	1443	18184083000
64268405	272620.KPN_02199	1437	99454409000
64266948	272620.KPN_00727	1429	44007290500
64269022	272620.KPN_02834	1422	40815447000
64269050	272620.KPN_02862	1387	51247528750
64266588	272620.KPN_00358	1376	11163150000
64268882	272620.KPN_02687	1375	30762721250
64268951	272620.KPN_02763	1371	52057143975
64269734	272620.KPN_03561	1371	18861667000
64270415	272620.KPN_04265	1364	13887671750
64269296	272620.KPN_03117	1353	28548474750
64267169	272620.KPN_00955	1348	43358295750
64269000	272620.KPN_02812	1332	24662057000
64267145	272620.KPN_00931	1322	80709979175
64269908	272620.KPN_03743	1318	30533675000
64268358	272620.KPN_02152	1298	41220355500
64270396	272620.KPN_04239	1291	33307676000
64267465	272620.KPN_01254	1290	28142047750
64269745	272620.KPN_03572	1273	57600342000
64270302	272620.KPN_04141	1246	19730161000
64268814	272620.KPN_02618	1245	12869927500
64266849	272620.KPN_00621	1233	30243192500
64270977	272620.KPN_04856	1214	18985709250
64266609	272620.KPN_00379	1210	18262385250
64268689	272620.KPN_02493	1203	33812087500
64266317	272620.KPN_00079	1197	31816719500
64270503	272620.KPN_04366	1183	130564317500
64270761	272620.KPN_04632	1179	7845177500
64268203	272620.KPN_01994	1170	19991548500
64266337	272620.KPN_00099	1166	40054650750
64270527	272620.KPN_04394	1163	25987566250
64268671	272620.KPN_02475	1162	23663651500
64270160	272620.KPN_03997	1159	9322046000
64266972	272620.KPN_00758	1153	32501088750
64268986	272620.KPN_02798	1151	40477584665
64270511	272620.KPN_04374	1149	17732837250
64269120	272620.KPN_02936	1146	10597553000
64266854	272620.KPN_00626	1143	27278750750
64266686	272620.KPN_00456	1142	20198900900
64266362	272620.KPN_00124	1138	89951731500
64269206	272620.KPN_03022	1133	10821180250
64270496	272620.KPN_04359	1129	14010257250
64270502	272620.KPN_04365	1125	105877284975
64266318	272620.KPN_00080	1103	47319662500
64267134	272620.KPN_00920	1098	20456786225
64269795	272620.KPN_03624	1095	105420543500
64268385	272620.KPN_02179	1077	8773836250
64267175	272620.KPN_00961	1069	36785164500
64268393	272620.KPN_02187	1067	4421480250
64270402	272620.KPN_04245	1059	71708856990
64269946	272620.KPN_03781	1054	9863077500
64267824	272620.KPN_01615	1054	32644148500
64267077	272620.KPN_00863	1039	37170645250
64270755	272620.KPN_04626	1033	22149782250
64270297	272620.KPN_04136	1027	5218773750
64267242	272620.KPN_01029	1008	15307717200
64266416	272620.KPN_00178	969	10518333500
64267350	272620.KPN_01139	965	25176950000
64269526	272620.KPN_03351	964	12059419500
64270025	272620.KPN_03860	963	5812071750
64266932	272620.KPN_00711	963	42066693500
64266345	272620.KPN_00107	959	16756359000
64270419	272620.KPN_04269	956	18457499250
64266873	272620.KPN_00645	954	17735687875
64269210	272620.KPN_03031	953	25931086250
64267404	272620.KPN_01193	942	42450860500
64270299	272620.KPN_04138	938	23545475750
64267464	272620.KPN_01253	938	15795241275
64270433	272620.KPN_04283	934	35664764500
64269049	272620.KPN_02861	933	11702123250
64269103	272620.KPN_02919	927	7565911750
64267301	272620.KPN_01090	920	15924348000
64270335	272620.KPN_04178	917	37560292775
64268374	272620.KPN_02168	903	17441772500
64268184	272620.KPN_01975	899	23983190250
64267724	272620.KPN_01515	897	15939911250
64267238	272620.KPN_01025	877	18129733250
64266954	272620.KPN_00733	876	20701820000
64266436	272620.KPN_00198	871	21521331400
64269012	272620.KPN_02824	869	11043100500
64270380	272620.KPN_04223	864	24786145000
64266320	272620.KPN_00082	862	21754117750
64269815	272620.KPN_03644	862	17306550750
64266316	272620.KPN_00078	856	25051154500
64267130	272620.KPN_00916	845	4349448750
64268182	272620.KPN_01973	844	15193463250
64269882	272620.KPN_03717	843	6876065000
64270784	272620.KPN_04655	831	6686300000
64268373	272620.KPN_02167	831	14678439000
64266956	272620.KPN_00735	825	16970930750
64269796	272620.KPN_03625	822	30631703000
64267934	272620.KPN_01725	811	13453035000
64268582	272620.KPN_02378	806	12709737500
64269287	272620.KPN_03108	804	5177547750
64268523	272620.KPN_02319	803	17880632600
64268958	272620.KPN_02770	800	22835767750
64270377	272620.KPN_04220	797	9126812500
64270574	272620.KPN_04441	797	23572200800
64268596	272620.KPN_02392	796	27654542000
64269749	272620.KPN_03576	795	43408251168
64268465	272620.KPN_02261	785	16385250000
64269899	272620.KPN_03734	784	4799325750
64270420	272620.KPN_04270	779	33300787000
64266565	272620.KPN_00335	779	4204967500
64270336	272620.KPN_04179	779	27437390125
64270473	272620.KPN_04327	769	9383172500
64266321	272620.KPN_00083	764	11534784000
64267799	272620.KPN_01590	760	12264208750
64267906	272620.KPN_01697	759	6292531750
64270967	272620.KPN_04846	754	38894877750
64269532	272620.KPN_03357	752	58837173250
64268380	272620.KPN_02174	750	6367589500
64267139	272620.KPN_00925	747	25773099575
64266966	272620.KPN_00745	743	10321554000
64267467	272620.KPN_01256	742	20549503250
64268569	272620.KPN_02365	739	14855480000
64266480	272620.KPN_00249	728	21075594625
64268199	272620.KPN_01990	723	5612639250
64270566	272620.KPN_04433	715	4558077500
64267338	272620.KPN_01127	713	57523588500
64268551	272620.KPN_02347	707	10385342750
64268647	272620.KPN_02451	703	12252637000
64270028	272620.KPN_03863	701	32361999750
64266987	272620.KPN_00773	699	15415988250
64269005	272620.KPN_02817	697	4847227500
64270116	272620.KPN_03953	696	6123019275
64266241	272620.KPN_00002	687	44066994250
64268571	272620.KPN_02367	684	33844194250
64266624	272620.KPN_00394	680	15908995000
64269829	272620.KPN_03659	680	15447010000
64269733	272620.KPN_03560	680	9780420500
64270794	272620.KPN_04665	678	20833828000
64266862	272620.KPN_00634	678	11790773500
64270301	272620.KPN_04140	670	8912440000
64269208	272620.KPN_03029	668	48947276850
64269750	272620.KPN_03577	667	25290777750
64270295	272620.KPN_04134	664	23016983500
64268434	272620.KPN_02230	660	13704750250
64268382	272620.KPN_02176	659	20950605250
64269752	272620.KPN_03580	657	25035956750
64267310	272620.KPN_01099	653	13737944375
64266315	272620.KPN_00077	653	6928257000
64270003	272620.KPN_03838	648	9519240000
64268008	272620.KPN_01799	647	9894263750
64268161	272620.KPN_01952	643	15658780722
64266285	272620.KPN_00047	641	6541886500
64269856	272620.KPN_03691	641	5313895750
64266649	272620.KPN_00419	641	3917520000
64268381	272620.KPN_02175	638	33825997750
64269852	272620.KPN_03687	637	8789060500
64266955	272620.KPN_00734	635	23799267750
64269966	272620.KPN_03801	634	4692807500
64267967	272620.KPN_01758	633	6499327750
64266685	272620.KPN_00455	632	34524336025
64270961	272620.KPN_04840	631	14075815000
64269106	272620.KPN_02922	629	17250172250
64268987	272620.KPN_02799	629	31663350500
64267107	272620.KPN_00893	627	12533306000
64266305	272620.KPN_00067	614	15453892500
64267659	272620.KPN_01449	610	10653828750
64266995	272620.KPN_00781	610	10298447750
64266891	272620.KPN_00663	606	3428955000
64266412	272620.KPN_00174	601	12951791250
64266810	272620.KPN_00582	598	17244089250
64269784	272620.KPN_03613	598	2400095750
64266280	272620.KPN_00042	597	1969476000
64269021	272620.KPN_02833	597	23739814700
64270571	272620.KPN_04438	595	13912633500
64266383	272620.KPN_00145	592	7407297500
64266467	272620.KPN_00236	590	6222392500
64268673	272620.KPN_02477	590	17058268000
64269803	272620.KPN_03632	589	7416319500
64269034	272620.KPN_02846	580	7818325000
64270702	272620.KPN_04573	578	13427840250
64267207	272620.KPN_00993	577	7365160000
64268674	272620.KPN_02478	572	13793134750
64267302	272620.KPN_01091	570	8422197500
64270405	272620.KPN_04248	569	11488355000
64269291	272620.KPN_03112	568	10284833000
64268120	272620.KPN_01911	565	3720807250
64269623	272620.KPN_03449	564	22322227065
64267439	272620.KPN_01228	563	17443377250
64266674	272620.KPN_00444	562	15408670250
64269799	272620.KPN_03628	562	9406585000
64268943	272620.KPN_02755	558	12489435000
64269987	272620.KPN_03822	557	8838114250
64270424	272620.KPN_04274	556	3805947750
64268901	272620.KPN_02706	554	8821500500
64270729	272620.KPN_04600	551	8234193000
64270953	272620.KPN_04832	549	8334999750
64269949	272620.KPN_03784	547	6721096000
64268908	272620.KPN_02713	540	11949064750
64270086	272620.KPN_03922	539	32007440000
64268359	272620.KPN_02153	538	11593490750
64268677	272620.KPN_02481	531	13328942000
64269835	272620.KPN_03665	531	19542188150
64269009	272620.KPN_02821	530	10238824400
64269632	272620.KPN_03458	524	14888606000
64267241	272620.KPN_01028	523	3061107500
64270083	272620.KPN_03919	522	4196066250
64266279	272620.KPN_00041	517	38661366000
64268573	272620.KPN_02369	515	15849042500
64270389	272620.KPN_04232	515	4489081750
64266598	272620.KPN_00368	512	4441627750
64266927	272620.KPN_00706	509	5709415000
64270866	272620.KPN_04738	508	2700736500
64269910	272620.KPN_03745	507	9745316250
64269099	272620.KPN_02915	506	36363920855
64266242	272620.KPN_00003	506	6620917500
64266872	272620.KPN_00644	505	9738787250
64268584	272620.KPN_02380	504	24401308668
64269897	272620.KPN_03732	502	9558102500
64270391	272620.KPN_04234	501	29964660250
64268579	272620.KPN_02375	500	9678540500
64267112	272620.KPN_00898	496	5996892000
64269834	272620.KPN_03664	496	8547187175
64266446	272620.KPN_00208	495	20950597000
64266422	272620.KPN_00184	483	7629523000
64267311	272620.KPN_01100	477	5667930750
64270404	272620.KPN_04247	475	11086774750
64267416	272620.KPN_01205	475	7523130500
64267508	272620.KPN_01297	475	7115001000
64266553	272620.KPN_00323	475	18195451500
64267421	272620.KPN_01210	471	17929413000
64269748	272620.KPN_03575	469	4974087175
64269648	272620.KPN_03474	467	16067604000
64267437	272620.KPN_01226	467	6020634500
64269524	272620.KPN_03349	466	5284807250
64268999	272620.KPN_02811	463	9672638500
64267468	272620.KPN_01257	463	16843696000
64270118	272620.KPN_03955	463	5177134750
64267063	272620.KPN_00849	460	7108332000
64266278	272620.KPN_00040	454	10654847000
64266855	272620.KPN_00627	453	7390269000
64267054	272620.KPN_00840	453	9663818250
64269606	272620.KPN_03432	449	8952571250
64266749	272620.KPN_00521	448	2638782400
64267483	272620.KPN_01272	447	26053855750
64268606	272620.KPN_02402	446	4174599000
64269051	272620.KPN_02863	443	4803022250
64266336	272620.KPN_00098	442	9046126250
64267447	272620.KPN_01236	441	22769007050
64268883	272620.KPN_02688	440	24004647000
64270896	272620.KPN_04772	430	13149183860
64266928	272620.KPN_00707	426	4613147500
64270406	272620.KPN_04249	426	14074579250
64267466	272620.KPN_01255	424	15131813750
64269070	272620.KPN_02882	423	37958733750
64270327	272620.KPN_04170	422	8590330250
64270383	272620.KPN_04226	422	13863733750
64268556	272620.KPN_02352	422	1873520000
64266920	272620.KPN_00699	420	6459403250
64269920	272620.KPN_03755	420	8389904750
64268675	272620.KPN_02479	417	5706298000
64268190	272620.KPN_01981	412	5605805000
64269102	272620.KPN_02918	411	8731247500
64269924	272620.KPN_03759	411	8592835000
64267738	272620.KPN_01529	411	7128301500
64266951	272620.KPN_00730	410	18552233250
64268209	272620.KPN_02000	410	6557291000
64269207	272620.KPN_03028	410	1568050000
64269066	272620.KPN_02878	408	5398724500
64268618	272620.KPN_02417	408	9698497750
64269303	272620.KPN_03124	406	16216580500
64266902	272620.KPN_00674	406	24626509875
64268905	272620.KPN_02710	405	10214690000
64266623	272620.KPN_00393	405	8164461750
64266593	272620.KPN_00363	405	10151005000
64266431	272620.KPN_00193	403	6208417750
64269528	272620.KPN_03353	403	10124988250
64268225	272620.KPN_02019	402	14914674000
64270744	272620.KPN_04615	401	6814217000
64269617	272620.KPN_03443	400	2136136250
64268366	272620.KPN_02160	399	23172799750
64266631	272620.KPN_00401	398	22885655750
64269569	272620.KPN_03394	397	4949777250
64266451	272620.KPN_00213	397	9346929000
64266542	272620.KPN_00312	396	7971374750
64269926	272620.KPN_03761	395	6659534500
64266922	272620.KPN_00701	394	16734440500
64266370	272620.KPN_00132	393	21412837375
64269922	272620.KPN_03757	392	4625246500
64270960	272620.KPN_04839	391	10955910000
64270508	272620.KPN_04371	391	11888924500
64268894	272620.KPN_02699	391	7023511000
64268910	272620.KPN_02715	390	1305854750
64266481	272620.KPN_00250	386	5206248250
64270525	272620.KPN_04388	385	18974462500
64269762	272620.KPN_03591	382	6322362000
64268942	272620.KPN_02750	381	13893413250
64268753	272620.KPN_02557	379	1465150000
64268537	272620.KPN_02333	379	9177961750
64270381	272620.KPN_04224	378	5677520000
64269419	272620.KPN_03243	376	6536409750
64268897	272620.KPN_02702	375	12103918250
64269743	272620.KPN_03570	375	19181818250
64266931	272620.KPN_00710	374	6338437250
64269493	272620.KPN_03318	372	24415188750
64269759	272620.KPN_03588	370	18998687825
64269164	272620.KPN_02980	369	7015142500
64270284	272620.KPN_04123	368	6077322000
64267294	272620.KPN_01083	365	23408435000
64267734	272620.KPN_01525	364	8906688500
64268524	272620.KPN_02320	362	4341604750
64269080	272620.KPN_02892	361	7269995500
64270701	272620.KPN_04572	361	16485624650
64269840	272620.KPN_03670	360	1066085000
64267317	272620.KPN_01106	358	13967313500
64268869	272620.KPN_02674	358	11688663750
64270792	272620.KPN_04663	357	25945244250
64267493	272620.KPN_01282	357	17244143762
64268915	272620.KPN_02720	357	3472418500
64268447	272620.KPN_02243	355	10420373250
64266432	272620.KPN_00194	354	2244552000
64270080	272620.KPN_03916	353	4466741000
64269032	272620.KPN_02844	353	12801001000
64269428	272620.KPN_03252	351	9250391250
64268708	272620.KPN_02512	348	7763231050
64267268	272620.KPN_01057	347	8752730250
64269770	272620.KPN_03599	344	13557097250
64266259	272620.KPN_00021	344	27571653250
64270308	272620.KPN_04147	343	1806995000
64268932	272620.KPN_02738	342	7240317000
64269761	272620.KPN_03590	342	1956002500
64268676	272620.KPN_02480	341	7637016250
64268055	272620.KPN_01846	340	785890000
64266288	272620.KPN_00050	339	11358096000
64266707	272620.KPN_00478	338	2804818500
64269077	272620.KPN_02889	337	4412985500
64270263	272620.KPN_04102	337	17413068200
64268643	272620.KPN_02445	335	10007941750
64270126	272620.KPN_03963	333	11829427250
64266953	272620.KPN_00732	331	20300580000
64270431	272620.KPN_04281	330	10261350275
64266414	272620.KPN_00176	329	9968812750
64267304	272620.KPN_01093	329	6397519500
64269771	272620.KPN_03600	328	1255550000
64267285	272620.KPN_01074	327	6742756850
64269555	272620.KPN_03380	327	8829955000
64270472	272620.KPN_04326	326	5400024000
64268011	272620.KPN_01802	326	11388008200
64269294	272620.KPN_03115	325	9971934500
64268389	272620.KPN_02183	322	6590046625
64269602	272620.KPN_03428	322	8025114000
64269043	272620.KPN_02855	322	13113692000
64270532	272620.KPN_04399	322	32367710900
64266753	272620.KPN_00525	319	7242317000
64267117	272620.KPN_00903	319	8084417250
64270191	272620.KPN_04030	316	6458322750
64268520	272620.KPN_02316	315	4209250750
64270579	272620.KPN_04446	314	4387643000
64270262	272620.KPN_04101	314	6825542250
64266630	272620.KPN_00400	313	11686737500
64268213	272620.KPN_02004	313	4351103750
64270689	272620.KPN_04557	311	5286421500
64266448	272620.KPN_00210	308	5047408750
64268833	272620.KPN_02638	307	5086462750
64269896	272620.KPN_03731	303	4101053250
64269501	272620.KPN_03326	303	4767802000
64268549	272620.KPN_02345	302	3014501250
64268386	272620.KPN_02180	301	15158721557
64266371	272620.KPN_00133	300	4311783750
64267531	272620.KPN_01321	300	3095882750
64270788	272620.KPN_04659	298	7352288675
64266559	272620.KPN_00329	297	4728842500
64269203	272620.KPN_03019	297	8088533500
64267182	272620.KPN_00968	296	15779206925
64268566	272620.KPN_02362	294	5067415750
64268799	272620.KPN_02603	294	3604603750
64267793	272620.KPN_01584	294	2754052500
64267017	272620.KPN_00803	293	3440688250
64266864	272620.KPN_00636	293	7630930000
64268127	272620.KPN_01918	293	11017982000
64267347	272620.KPN_01136	292	6069587500
64266379	272620.KPN_00141	291	3085156750
64269175	272620.KPN_02991	291	12542484750
64269593	272620.KPN_03419	290	6482218250
64267417	272620.KPN_01206	289	3524622750
64266563	272620.KPN_00333	288	819467500
64266683	272620.KPN_00453	288	3434609500
64269533	272620.KPN_03358	288	5115496500
64269994	272620.KPN_03829	285	3428502750
64268871	272620.KPN_02676	284	15792292750
64266254	272620.KPN_00015	283	6437991500
64267409	272620.KPN_01198	283	2819011250
64267158	272620.KPN_00944	282	880909250
64266879	272620.KPN_00651	282	10398614250
64268412	272620.KPN_02206	280	5563100750
64270545	272620.KPN_04412	280	9794969525
64268267	272620.KPN_02061	279	5228746500
64268597	272620.KPN_02393	278	5672707250
64268756	272620.KPN_02560	278	16817553500
64267693	272620.KPN_01483	278	3049750000
64270447	272620.KPN_04301	278	9457698000
64268678	272620.KPN_02482	277	2321592650
64268167	272620.KPN_01958	275	7864804750
64269629	272620.KPN_03455	275	2807512500
64266277	272620.KPN_00039	273	5164410275
64266711	272620.KPN_00482	273	9821313750
64266781	272620.KPN_00553	272	4698983000
64268763	272620.KPN_02567	272	4787688500
64266957	272620.KPN_00736	271	7098909750
64269563	272620.KPN_03388	270	3264345000
64269082	272620.KPN_02894	270	10861958750
64267110	272620.KPN_00896	268	5459698075
64266440	272620.KPN_00202	267	1786488250
64268530	272620.KPN_02326	267	2012422500
64270079	272620.KPN_03915	266	4994058250
64268947	272620.KPN_02759	265	3301728750
64269921	272620.KPN_03756	265	3320582250
64268363	272620.KPN_02157	265	2161557500
64267405	272620.KPN_01194	264	4408813750
64268880	272620.KPN_02685	263	1503510000
64267099	272620.KPN_00885	262	6904427000
64267003	272620.KPN_00789	260	2761745000
64269985	272620.KPN_03820	257	6904087000
64270760	272620.KPN_04631	257	9298003000
64267654	272620.KPN_01444	255	3026755750
64266952	272620.KPN_00731	255	5018544000
64266510	272620.KPN_00280	254	9395234250
64267459	272620.KPN_01248	254	2311757000
64267170	272620.KPN_00956	253	12233077750
64269092	272620.KPN_02904	253	4324555750
64269816	272620.KPN_03645	253	1667870000
64267085	272620.KPN_00871	253	8516274250
64269317	272620.KPN_03138	252	10928360000
64266699	272620.KPN_00470	251	5115107000
64269089	272620.KPN_02901	250	9130579500
64270296	272620.KPN_04135	249	5084348250
64267726	272620.KPN_01517	247	7236330500
64268888	272620.KPN_02693	247	2746106000
64269925	272620.KPN_03760	247	6491016500
64268879	272620.KPN_02684	246	3089482250
64268122	272620.KPN_01913	246	5130818500
64270109	272620.KPN_03946	246	1723443750
64269418	272620.KPN_03242	246	832715000
64268552	272620.KPN_02348	245	3354852500
64267012	272620.KPN_00798	244	1965231250
64266712	272620.KPN_00483	242	2833991200
64269592	272620.KPN_03418	242	3188716500
64269104	272620.KPN_02920	240	6012880000
64270010	272620.KPN_03845	239	11275577750
64268056	272620.KPN_01847	238	8088937800
64266349	272620.KPN_00111	238	6807414000
64269914	272620.KPN_03749	237	3129142500
64269045	272620.KPN_02857	236	2175956250
64266327	272620.KPN_00089	235	8824526150
64266419	272620.KPN_00181	235	5162047675
64268672	272620.KPN_02476	234	4433931000
64267723	272620.KPN_01514	234	10541487625
64266340	272620.KPN_00102	232	15027471750
64266916	272620.KPN_00695	232	10478518300
64269030	272620.KPN_02842	231	4529437250
64267168	272620.KPN_00954	231	2259564250
64270737	272620.KPN_04608	231	4213448500
64268012	272620.KPN_01803	230	7905010000
64266713	272620.KPN_00484	230	5491690500
64266892	272620.KPN_00664	229	7931766750
64267470	272620.KPN_01259	229	3405987250
64266626	272620.KPN_00396	229	4025776000
64268568	272620.KPN_02364	229	6140560500
64270087	272620.KPN_03923	229	4600273250
64269117	272620.KPN_02933	228	7445139500
64266450	272620.KPN_00212	227	2308636000
64268859	272620.KPN_02664	227	2339362000
64270958	272620.KPN_04837	226	5463535250
64269600	272620.KPN_03426	226	2662196500
64270484	272620.KPN_04338	225	4383459250
64270265	272620.KPN_04104	225	4890084750
64266673	272620.KPN_00443	224	14056718500
64269804	272620.KPN_03633	224	6481232000
64266428	272620.KPN_00190	223	15285121000
64266561	272620.KPN_00331	223	2495519075
64266407	272620.KPN_00169	222	5960389750
64266962	272620.KPN_00741	222	3176551150
64267482	272620.KPN_01271	221	6063111000
64267711	272620.KPN_01502	219	4857094250
64267025	272620.KPN_00811	218	3588374750
64266409	272620.KPN_00171	217	1958352500
64268835	272620.KPN_02640	217	14193248250
64269624	272620.KPN_03450	217	3510936500
64269737	272620.KPN_03564	217	1640092250
64268837	272620.KPN_02642	216	11955972500
64270417	272620.KPN_04267	216	4588175750
64267822	272620.KPN_01613	215	997988500
64266540	272620.KPN_00310	215	4384262250
64267197	272620.KPN_00983	214	3305669500
64268028	272620.KPN_01819	213	12208583750
64269633	272620.KPN_03459	212	3098866000
64268194	272620.KPN_01985	212	1210161000
64268570	272620.KPN_02366	212	4745579300
64268884	272620.KPN_02689	212	1954929500
64267118	272620.KPN_00904	211	7569918500
64269630	272620.KPN_03456	211	8124384500
64270971	272620.KPN_04850	210	4047634250
64267418	272620.KPN_01207	210	4787770750
64270146	272620.KPN_03983	210	3980609250
64268547	272620.KPN_02343	209	5758722750
64268886	272620.KPN_02691	209	3028904500
64266909	272620.KPN_00681	207	4738440825
64269514	272620.KPN_03339	205	12093297600
64268929	272620.KPN_02735	205	5925966500
64268688	272620.KPN_02492	205	3976682250
64269520	272620.KPN_03345	205	1509590500
64269515	272620.KPN_03340	204	1225335000
64267005	272620.KPN_00791	204	5529662500
64270475	272620.KPN_04329	204	3758563500
64269194	272620.KPN_03010	204	3337285500
64268580	272620.KPN_02376	204	948590750
64269961	272620.KPN_03796	203	5573190000
64267297	272620.KPN_01086	203	2651330000
64266706	272620.KPN_00477	203	4882569750
64270235	272620.KPN_04074	202	6239441000
64268550	272620.KPN_02346	202	9957422000
64267407	272620.KPN_01196	202	3896332360
64269760	272620.KPN_03589	200	1740978500
64270147	272620.KPN_03984	200	2671112250
64266880	272620.KPN_00652	199	2117608000
64266378	272620.KPN_00140	199	4626137750
64270331	272620.KPN_04174	199	1700496700
64269773	272620.KPN_03602	198	3388542500
64268824	272620.KPN_02629	198	6968309500
64269838	272620.KPN_03668	198	2452952500
64269182	272620.KPN_02998	197	6794486250
64269864	272620.KPN_03699	196	3635715750
64268539	272620.KPN_02335	196	4591308250
64270577	272620.KPN_04444	196	1327651500
64270310	272620.KPN_04149	193	4471766000
64269087	272620.KPN_02899	193	7312638975
64269500	272620.KPN_03325	193	726205250
64267655	272620.KPN_01445	193	23937000000
64266633	272620.KPN_00403	193	9193001000
64268230	272620.KPN_02024	193	1390125000
64269001	272620.KPN_02813	192	1757413250
64270640	272620.KPN_04507	192	4242140250
64268133	272620.KPN_01924	192	6345759250
64267476	272620.KPN_01265	192	3540997250
64266681	272620.KPN_00451	191	2719006000
64266511	272620.KPN_00281	191	5114365000
64270708	272620.KPN_04579	190	3241703000
64270125	272620.KPN_03962	190	4827914750
64267454	272620.KPN_01243	189	2231220500
64268838	272620.KPN_02643	189	6390717250
64267966	272620.KPN_01757	189	4293086000
64266942	272620.KPN_00721	189	3292368750
64268592	272620.KPN_02388	189	9239944000
64268421	272620.KPN_02217	188	1855652750
64267352	272620.KPN_01141	185	3667369500
64269521	272620.KPN_03346	185	1642550500
64270153	272620.KPN_03990	185	4901875408
64269033	272620.KPN_02845	185	6818783000
64267725	272620.KPN_01516	185	9936640750
64268709	272620.KPN_02513	185	5178226000
64268185	272620.KPN_01976	184	3072521975
64270064	272620.KPN_03899	184	7356531250
64270403	272620.KPN_04246	184	5383587000
64267150	272620.KPN_00936	184	7431074000
64269782	272620.KPN_03611	184	3260404000
64267271	272620.KPN_01060	183	2430910500
64270470	272620.KPN_04324	183	3658788000
64268959	272620.KPN_02771	183	1666512000
64266919	272620.KPN_00698	182	4464935250
64270457	272620.KPN_04311	181	3670287250
64267492	272620.KPN_01281	180	1137385000
64269940	272620.KPN_03775	180	3566010250
64269525	272620.KPN_03350	180	2413679500
64270785	272620.KPN_04656	180	2259031875
64269039	272620.KPN_02851	179	3718302500
64270234	272620.KPN_04073	179	1760457000
64270407	272620.KPN_04250	178	3531505000
64268819	272620.KPN_02623	178	5328743500
64270077	272620.KPN_03913	177	7676381750
64267137	272620.KPN_00923	177	4622899200
64270448	272620.KPN_04302	177	5911070750
64268729	272620.KPN_02533	177	3025556250
64266261	272620.KPN_00023	176	1938253750
64266589	272620.KPN_00359	176	12625982375
64270578	272620.KPN_04445	176	11420041250
64270021	272620.KPN_03856	176	3484602750
64269283	272620.KPN_03104	175	4211024250
64267206	272620.KPN_00992	175	1128713500
64270964	272620.KPN_04843	175	5090573250
64269412	272620.KPN_03236	174	3166142750
64269757	272620.KPN_03586	173	5248181500
64270408	272620.KPN_04251	171	6928478750
64270734	272620.KPN_04605	171	2738305100
64266595	272620.KPN_00365	170	1893603500
64267316	272620.KPN_01105	170	3066580000
64269693	272620.KPN_03520	169	6661571000
64269548	272620.KPN_03373	169	2726034000
64266730	272620.KPN_00502	169	17018728000
64270421	272620.KPN_04271	169	7498786000
64267159	272620.KPN_00945	169	2570281750
64269703	272620.KPN_03530	168	4060682125
64270948	272620.KPN_04827	168	4097090000
64268875	272620.KPN_02680	168	4004005000
64266365	272620.KPN_00127	168	2405930750
64270487	272620.KPN_04341	166	3866554750
64269297	272620.KPN_03118	165	7081752000
64270137	272620.KPN_03974	165	2023870000
64270142	272620.KPN_03979	164	3465247750
64268585	272620.KPN_02381	164	2078479500
64268979	272620.KPN_02791	164	1909842000
64269907	272620.KPN_03742	163	2196382500
64267300	272620.KPN_01089	162	3214487000
64266328	272620.KPN_00090	161	5113724250
64270759	272620.KPN_04630	161	1668083000
64268521	272620.KPN_02317	160	1218632250
64269981	272620.KPN_03816	158	3434455500
64269933	272620.KPN_03768	158	2933821750
64269015	272620.KPN_02827	158	7233820500
64266487	272620.KPN_00256	157	4595934750
64267779	272620.KPN_01570	157	6552612000
64270452	272620.KPN_04306	157	1168497250
64266868	272620.KPN_00640	156	5215204250
64267274	272620.KPN_01063	155	4683091750
64267014	272620.KPN_00800	155	3950682125
64268876	272620.KPN_02681	154	1939719500
64269622	272620.KPN_03448	154	3187956750
64268868	272620.KPN_02673	153	8821858500
64267286	272620.KPN_01075	153	2083902000
64269566	272620.KPN_03391	153	1691650000
64266441	272620.KPN_00203	152	1053052500
64266393	272620.KPN_00155	152	2444792750
64268609	272620.KPN_02405	152	1169348000
64268305	272620.KPN_02099	151	3338105750
64268870	272620.KPN_02675	151	1602299500
64267838	272620.KPN_01629	151	1802696750
64269599	272620.KPN_03425	150	922124750
64270384	272620.KPN_04227	150	1629977250
64270124	272620.KPN_03961	149	2702709750
64267188	272620.KPN_00974	148	6000999750
64269625	272620.KPN_03451	147	4768927750
64268866	272620.KPN_02671	146	1918924500
64266289	272620.KPN_00051	145	10116549600
64270972	272620.KPN_04851	145	3569572750
64270707	272620.KPN_04578	145	10001911250
64269823	272620.KPN_03653	145	4295990750
64266645	272620.KPN_00415	144	3143719500
64270642	272620.KPN_04509	144	2436469500
64266893	272620.KPN_00665	143	2028748225
64268507	272620.KPN_02303	142	6332749250
64267129	272620.KPN_00915	142	8410121500
64270691	272620.KPN_04559	142	2211632500
64268960	272620.KPN_02772	142	1061283500
64268985	272620.KPN_02797	141	7676299750
64266911	272620.KPN_00683	141	3171781000
64266903	272620.KPN_00675	141	1625062375
64269053	272620.KPN_02865	141	3606090250
64269494	272620.KPN_03319	140	2566870750
64269952	272620.KPN_03787	140	9464376425
64268632	272620.KPN_02432	140	888160750
64269789	272620.KPN_03618	139	2391386500
64268780	272620.KPN_02584	138	1820281000
64269781	272620.KPN_03610	138	1404621500
64267147	272620.KPN_00933	138	3913551500
64266283	272620.KPN_00045	137	923884250
64269756	272620.KPN_03585	137	1081042500
64268904	272620.KPN_02709	137	3019427550
64267431	272620.KPN_01220	136	3846142500
64269516	272620.KPN_03341	136	3712094750
64268440	272620.KPN_02236	136	2080129250
64268481	272620.KPN_02277	135	1280194750
64266958	272620.KPN_00737	135	1791973950
64269126	272620.KPN_02942	135	1144429500
64267185	272620.KPN_00971	134	3446055775
64270337	272620.KPN_04180	132	2982299000
64268836	272620.KPN_02641	132	2634396500
64268714	272620.KPN_02518	132	1823599750
64270524	272620.KPN_04387	132	4546548250
64267313	272620.KPN_01102	131	1874417000
64270031	272620.KPN_03866	131	2962204000
64269774	272620.KPN_03603	131	2361470500
64269995	272620.KPN_03830	131	3207986250
64269786	272620.KPN_03615	130	2683219500
64267187	272620.KPN_00973	130	1414619000
64267400	272620.KPN_01189	130	833087500
64268429	272620.KPN_02225	130	972817500
64266438	272620.KPN_00200	129	790660750
64267094	272620.KPN_00880	129	1266592250
64270969	272620.KPN_04848	129	1080827750
64268957	272620.KPN_02769	129	2949293450
64268631	272620.KPN_02430	128	15928177500
64267420	272620.KPN_01209	128	2797080250
64270514	272620.KPN_04377	127	1445450500
64269785	272620.KPN_03614	127	1753201500
64270114	272620.KPN_03951	126	2336430250
64270478	272620.KPN_04332	126	691387950
64267345	272620.KPN_01134	126	1942298000
64266913	272620.KPN_00685	126	3785827025
64269937	272620.KPN_03772	126	2303734500
64266546	272620.KPN_00316	126	2742345000
64268755	272620.KPN_02559	125	2132598750
64269105	272620.KPN_02921	125	3309338000
64266330	272620.KPN_00092	125	3239153950
64270112	272620.KPN_03949	125	5360361000
64268849	272620.KPN_02654	125	2931449750
64269549	272620.KPN_03374	124	4799904500
64268914	272620.KPN_02719	124	3197465350
64268345	272620.KPN_02139	123	2678333750
64267195	272620.KPN_00981	123	1290351750
64266888	272620.KPN_00660	123	3104982000
64268391	272620.KPN_02185	123	1995490500
64267806	272620.KPN_01597	122	762576500
64267755	272620.KPN_01546	122	7980114750
64267262	272620.KPN_01050	122	1290215750
64269031	272620.KPN_02843	122	2190340000
64266338	272620.KPN_00100	121	2368573250
64266897	272620.KPN_00669	121	1146777000
64268639	272620.KPN_02441	121	2844654500
64267269	272620.KPN_01058	121	1738225500
64267452	272620.KPN_01241	121	2288774000
64267732	272620.KPN_01523	120	2097928250
64269963	272620.KPN_03798	120	6914709750
64268796	272620.KPN_02600	119	1560753250
64268872	272620.KPN_02677	119	2607877750
64266566	272620.KPN_00336	118	2486249500
64269959	272620.KPN_03794	118	7552038250
64270756	272620.KPN_04627	118	3084915000
64266901	272620.KPN_00673	118	2355020250
64267800	272620.KPN_01591	118	5174642750
64268873	272620.KPN_02678	118	1054375500
64268097	272620.KPN_01888	117	1195945500
64268670	272620.KPN_02474	117	2785129250
64270747	272620.KPN_04618	117	789340750
64268614	272620.KPN_02413	116	1012875000
64268917	272620.KPN_02722	116	998468750
64268962	272620.KPN_02774	115	2684315000
64270685	272620.KPN_04553	115	6424325000
64270329	272620.KPN_04172	115	6411513000
64268403	272620.KPN_02197	115	4918230500
64270290	272620.KPN_04129	115	1984922250
64270036	272620.KPN_03871	114	2425460000
64266332	272620.KPN_00094	114	2601684000
64266558	272620.KPN_00328	113	1431880000
64266245	272620.KPN_00006	113	2186439000
64270644	272620.KPN_04511	113	2745482275
64270270	272620.KPN_04109	113	4325176250
64267478	272620.KPN_01267	113	3021556000
64269013	272620.KPN_02825	112	2184906500
64267429	272620.KPN_01218	112	3770100000
64270657	272620.KPN_04525	112	2191222450
64266324	272620.KPN_00086	111	2142367000
64268922	272620.KPN_02727	111	2358891500
64268991	272620.KPN_02803	111	6455587750
64267151	272620.KPN_00937	110	1492201000
64270865	272620.KPN_04737	110	4067929875
64269778	272620.KPN_03607	110	1888844000
64269316	272620.KPN_03137	110	2852732000
64269046	272620.KPN_02858	109	5401511500
64268041	272620.KPN_01832	109	574916750
64268651	272620.KPN_02455	109	7814576500
64266867	272620.KPN_00639	109	1321892000
64269960	272620.KPN_03795	108	3350595750
64269081	272620.KPN_02893	108	2610155250
64270695	272620.KPN_04566	108	1199566500
64270572	272620.KPN_04439	108	4544659500
64269430	272620.KPN_03254	108	963770750
64268626	272620.KPN_02425	107	1087626000
64270862	272620.KPN_04734	107	2181345000
64268153	272620.KPN_01944	106	4804942500
64267337	272620.KPN_01126	106	7608332000
64268545	272620.KPN_02341	106	573768750
64266886	272620.KPN_00658	106	3074993250
64268205	272620.KPN_01996	105	3466190750
64269115	272620.KPN_02931	105	1910195000
64266590	272620.KPN_00360	105	1786724500
64269942	272620.KPN_03777	104	6370823250
64267477	272620.KPN_01266	104	1736174250
64270598	272620.KPN_04465	104	847337500
64266457	272620.KPN_00225	103	2193909250
64269982	272620.KPN_03817	103	2446951150
64266691	272620.KPN_00462	102	1286161750
64266985	272620.KPN_00771	102	1630996250
64269731	272620.KPN_03558	102	1701453750
64268867	272620.KPN_02672	102	1715644500
64270012	272620.KPN_03847	101	2665083250
64270450	272620.KPN_04304	101	2713786000
64268397	272620.KPN_02191	101	361894500
64268812	272620.KPN_02616	100	1439718750
64266991	272620.KPN_00777	100	3203997750
64266627	272620.KPN_00397	99.7	737008000
64269014	272620.KPN_02826	99.5	6610718000
64267691	272620.KPN_01481	99.4	1030403500
64267325	272620.KPN_01114	99.3	1327024200
64269029	272620.KPN_02841	98.8	4054536250
64269898	272620.KPN_03733	98.7	717094750
64268367	272620.KPN_02161	98.6	1791208000
64268515	272620.KPN_02311	98.5	2408224500
64267351	272620.KPN_01140	98.3	1531566250
64270330	272620.KPN_04173	98.3	1776266750
64269052	272620.KPN_02864	98.1	1629249750
64268954	272620.KPN_02766	97.9	1943154250
64270294	272620.KPN_04133	97.5	2867281000
64267516	272620.KPN_01305	97.2	3459688250
64270059	272620.KPN_03894	96.5	1700353000
64267798	272620.KPN_01589	96.4	2042161500
64267484	272620.KPN_01273	96.3	1641706250
64266604	272620.KPN_00374	96.0	491788000
64266811	272620.KPN_00583	95.3	2051058750
64266483	272620.KPN_00252	95.1	1730398250
64269197	272620.KPN_03013	95.0	607973750
64269086	272620.KPN_02898	94.9	1131031250
64266988	272620.KPN_00774	94.6	3737185750
64266870	272620.KPN_00642	94.4	6320243625
64266943	272620.KPN_00722	93.9	1270892500
64267666	272620.KPN_01456	93.3	2011298250
64268820	272620.KPN_02624	93.1	407711000
64267253	272620.KPN_01040	93.1	663368250
64269628	272620.KPN_03454	92.7	1525707250
64268344	272620.KPN_02138	92.7	3910606750
64270790	272620.KPN_04661	92.6	1511623250
64267481	272620.KPN_01270	92.2	5858359000
64269671	272620.KPN_03498	91.9	3303079000
64270952	272620.KPN_04831	91.7	3744566382
64266967	272620.KPN_00746	91.6	921041000
64266444	272620.KPN_00206	91.6	1988012000
64266946	272620.KPN_00725	91.2	1245852500
64269853	272620.KPN_03688	91.0	2326838000
64266333	272620.KPN_00095	90.9	2541684750
64269764	272620.KPN_03593	90.9	1902056170
64268658	272620.KPN_02462	90.4	2403302250
64268560	272620.KPN_02356	90.0	476928000
64268364	272620.KPN_02158	90.0	7369529750
64268148	272620.KPN_01939	89.9	1398566250
64269798	272620.KPN_03627	89.5	851714250
64266963	272620.KPN_00742	89.5	828333750
64269047	272620.KPN_02859	89.4	631048000
64270023	272620.KPN_03858	89.3	1145061750
64267919	272620.KPN_01710	89.1	10183775000
64270518	272620.KPN_04381	89.0	1897427500
64268764	272620.KPN_02568	88.6	5195737750
64270921	272620.KPN_04797	88.4	743122750
64270030	272620.KPN_03865	88.1	2137601000
64267164	272620.KPN_00950	87.9	1235277500
64266459	272620.KPN_00227	87.8	1098334750
64267585	272620.KPN_01375	87.8	1637162000
64268993	272620.KPN_02805	87.7	2480294500
64268885	272620.KPN_02690	87.6	1249182000
64270700	272620.KPN_04571	87.5	3303714750
64269956	272620.KPN_03791	87.3	1194553750
64269768	272620.KPN_03597	86.7	1529059750
64269903	272620.KPN_03738	86.6	6030067725
64269589	272620.KPN_03415	86.4	2160850500
64267340	272620.KPN_01129	85.6	2728560500
64270516	272620.KPN_04379	85.5	1773144250
64267488	272620.KPN_01277	85.4	1278875000
64266945	272620.KPN_00724	85.0	1144804250
64269496	272620.KPN_03321	84.7	1263180250
64267084	272620.KPN_00870	84.6	1327895000
64268946	272620.KPN_02758	83.9	6098529750
64270119	272620.KPN_03956	83.8	3248780250
64267046	272620.KPN_00832	83.6	2176386500
64268992	272620.KPN_02804	83.5	856820000
64270105	272620.KPN_03942	82.9	2215168750
64269605	272620.KPN_03431	82.3	2037453250
64266562	272620.KPN_00332	82.1	1627774750
64266258	272620.KPN_00020	82.0	1863593000
64267349	272620.KPN_01138	81.9	1156315500
64267797	272620.KPN_01588	81.7	814849500
64269560	272620.KPN_03385	81.3	1651145750
64267215	272620.KPN_01001	81.2	2227369000
64266921	272620.KPN_00700	81.0	2381843250
64267581	272620.KPN_01371	80.9	1600284500
64268707	272620.KPN_02511	80.8	1080477500
64269833	272620.KPN_03663	80.8	561770000
64266965	272620.KPN_00744	80.6	2841413750
64269101	272620.KPN_02917	80.6	1465665500
64267330	272620.KPN_01119	80.6	1515951500
64266403	272620.KPN_00165	80.4	4249032100
64267494	272620.KPN_01283	80.3	2844251250
64270159	272620.KPN_03996	80.1	1359132250
64269567	272620.KPN_03392	80.0	886688000
64267867	272620.KPN_01658	79.8	1652160000
64269847	272620.KPN_03682	79.6	1404007250
64270412	272620.KPN_04255	79.5	4919768000
64268620	272620.KPN_02419	79.2	2279383250
64267782	272620.KPN_01573	78.9	2477398250
64270562	272620.KPN_04429	78.5	4447009250
64268864	272620.KPN_02669	78.5	280649500
64269698	272620.KPN_03525	78.4	496128750
64269312	272620.KPN_03133	78.4	719137750
64266372	272620.KPN_00134	78.2	728182250
64267275	272620.KPN_01064	78.2	3263632700
64266342	272620.KPN_00104	78.1	629948750
64268727	272620.KPN_02531	77.9	1363807250
64268878	272620.KPN_02683	77.9	823944750
64266586	272620.KPN_00356	77.6	1459117500
64266402	272620.KPN_00164	77.4	5514451000
64269205	272620.KPN_03021	77.3	1127395750
64269519	272620.KPN_03344	77.2	2693549750
64270435	272620.KPN_04285	76.9	2223598150
64266452	272620.KPN_00214	76.3	1437816250
64268655	272620.KPN_02459	76.2	1408344000
64269035	272620.KPN_02847	76.1	2690773750
64269672	272620.KPN_03499	75.8	1143211250
64268795	272620.KPN_02599	75.7	1696165500
64267296	272620.KPN_01085	75.7	766709250
64270454	272620.KPN_04308	75.4	684046500
64270271	272620.KPN_04110	75.4	2643756675
64270461	272620.KPN_04315	75.3	1208411500
64268317	272620.KPN_02111	74.5	1779739750
64269845	272620.KPN_03680	74.3	1739237000
64270743	272620.KPN_04614	74.2	2069004000
64270164	272620.KPN_04001	74.2	2128575500
64269674	272620.KPN_03501	74.1	2159510250
64266850	272620.KPN_00622	74.0	4218914000
64269084	272620.KPN_02896	73.8	1505864618
64266381	272620.KPN_00143	73.6	3507047000
64269616	272620.KPN_03442	73.5	922673000
64269728	272620.KPN_03555	73.5	3108549500
64270307	272620.KPN_04146	73.4	2790101750
64267267	272620.KPN_01056	73.4	1911224250
64267309	272620.KPN_01098	73.3	1130684750
64268483	272620.KPN_02279	73.0	946707000
64266930	272620.KPN_00709	72.7	1314336000
64267018	272620.KPN_00804	72.7	3787627225
64268616	272620.KPN_02415	72.5	1437560250
64267259	272620.KPN_01046	72.3	2370651500
64266587	272620.KPN_00357	72.1	2075872750
64270483	272620.KPN_04337	71.9	2190347400
64270786	272620.KPN_04657	71.9	2137958250
64270344	272620.KPN_04187	71.8	1937320500
64269993	272620.KPN_03828	71.8	2071657000
64267344	272620.KPN_01133	71.6	1851623250
64267319	272620.KPN_01108	71.3	4483090500
64270115	272620.KPN_03952	71.1	1701809750
64269517	272620.KPN_03342	70.8	1556838000
64267415	272620.KPN_01204	70.7	2388140750
64269916	272620.KPN_03751	70.7	1879846750
64266248	272620.KPN_00009	70.7	1146562250
64267353	272620.KPN_01142	70.1	1095661500
64268438	272620.KPN_02234	69.6	1759529625
64268347	272620.KPN_02141	69.5	303479750
64269631	272620.KPN_03457	69.3	4275971500
64270517	272620.KPN_04380	69.1	1203645000
64270011	272620.KPN_03846	68.8	1342965500
64270611	272620.KPN_04478	68.7	3440583500
64269305	272620.KPN_03126	68.4	5018922250
64268042	272620.KPN_01833	68.3	585498000
64267392	272620.KPN_01181	68.3	751766750
64266373	272620.KPN_00135	68.3	1596337750
64270911	272620.KPN_04787	68.1	1721790250
64268348	272620.KPN_02142	68.0	404670750
64269986	272620.KPN_03821	68.0	927678675
64267220	272620.KPN_01006	67.9	389251750
64268195	272620.KPN_01986	67.9	1144770000
64267165	272620.KPN_00951	67.8	8292233175
64266881	272620.KPN_00653	67.6	431698250
64267074	272620.KPN_00860	67.4	1202812250
64269802	272620.KPN_03631	67.4	2157935250
64266716	272620.KPN_00488	67.3	517987500
64268921	272620.KPN_02726	67.1	1626305000
64266482	272620.KPN_00251	67.0	2693133750
64267986	272620.KPN_01777	66.7	1549437750
64270039	272620.KPN_03874	66.5	1033462500
64266355	272620.KPN_00117	66.5	1051236500
64268009	272620.KPN_01800	66.2	1651280000
64270106	272620.KPN_03943	66.2	1407619500
64267044	272620.KPN_00830	65.7	2451076500
64267289	272620.KPN_01078	65.7	1258674500
64268765	272620.KPN_02569	65.6	3323171500
64269471	272620.KPN_03295	65.6	275527450
64269730	272620.KPN_03557	65.6	671788000
64267509	272620.KPN_01298	65.4	422912500
64269048	272620.KPN_02860	65.1	740126250
64266322	272620.KPN_00084	65.0	1492719000
64266684	272620.KPN_00454	64.9	571551000
64270567	272620.KPN_04434	64.9	439783250
64270970	272620.KPN_04849	64.5	684633250
64268963	272620.KPN_02775	64.5	487787750
64267111	272620.KPN_00897	64.1	747351250
64267982	272620.KPN_01773	64.1	1271339250
64268617	272620.KPN_02416	64.0	893714000
64267491	272620.KPN_01280	63.9	1752134975
64267520	272620.KPN_01310	63.9	3195600175
64268589	272620.KPN_02385	63.7	1684046500
64270950	272620.KPN_04829	63.6	651435250
64270867	272620.KPN_04739	63.5	2640148250
64267987	272620.KPN_01778	63.4	555110000
64267181	272620.KPN_00967	63.4	2170571500
64270459	272620.KPN_04313	63.3	935324000
64267328	272620.KPN_01117	63.1	951601750
64268200	272620.KPN_01991	63.0	765155250
64268794	272620.KPN_02598	63.0	1618131500
64268368	272620.KPN_02162	62.8	1926806500
64270690	272620.KPN_04558	62.8	1338290000
64268121	272620.KPN_01912	62.6	1015400500
64270174	272620.KPN_04011	62.6	3011667500
64268889	272620.KPN_02694	62.6	1239823250
64270506	272620.KPN_04369	62.6	647517750
64266643	272620.KPN_00413	62.3	968812750
64268913	272620.KPN_02718	62.2	1210918000
64269744	272620.KPN_03571	61.9	1320898500
64266917	272620.KPN_00696	61.9	1036132050
64267323	272620.KPN_01112	61.7	5583697500
64267076	272620.KPN_00862	61.5	2827914000
64268531	272620.KPN_02327	61.3	347054750
64267144	272620.KPN_00930	61.1	1791380750
64268895	272620.KPN_02700	61.1	1380700750
64269978	272620.KPN_03813	61.0	2128449250
64269551	272620.KPN_03376	61.0	941896250
64268788	272620.KPN_02592	60.9	1167750750
64269215	272620.KPN_03036	60.9	1334241250
64269284	272620.KPN_03105	60.7	1069776750
64268938	272620.KPN_02744	60.3	1629321500
64268823	272620.KPN_02628	60.2	1095068250
64270170	272620.KPN_04007	59.7	1392867500
64266323	272620.KPN_00085	59.5	869289250
64269611	272620.KPN_03437	59.5	2982042500
64267256	272620.KPN_01043	59.5	638872750
64270515	272620.KPN_04378	59.5	1349975000
64270962	272620.KPN_04841	59.4	905603500
64269668	272620.KPN_03495	59.1	1340626750
64266287	272620.KPN_00049	59.0	1523062000
64267049	272620.KPN_00835	58.8	621408000
64268630	272620.KPN_02429	58.5	1317468000
64268965	272620.KPN_02777	58.5	845097500
64269848	272620.KPN_03683	58.1	653809250
64266863	272620.KPN_00635	57.9	1833807000
64270143	272620.KPN_03980	57.7	322425050
64267233	272620.KPN_01020	57.7	1711139250
64267910	272620.KPN_01701	57.7	1472395000
64266486	272620.KPN_00255	57.7	1719008000
64269273	272620.KPN_03094	57.5	3989190750
64267896	272620.KPN_01687	57.4	920898500
64269211	272620.KPN_03032	57.2	1113280750
64267086	272620.KPN_00872	57.2	713776000
64269448	272620.KPN_03272	57.0	949396250
64268446	272620.KPN_02242	56.8	1059075750
64267489	272620.KPN_01278	56.7	230803250
64266369	272620.KPN_00131	56.5	2060176775
64270531	272620.KPN_04398	56.3	1562238000
64268742	272620.KPN_02546	56.1	639385750
64270698	272620.KPN_04569	56.1	1486172750
64267070	272620.KPN_00856	56.0	1241973250
64268257	272620.KPN_02051	55.9	243825575
64269996	272620.KPN_03831	55.9	633845000
64270492	272620.KPN_04351	55.6	1256158000
64266364	272620.KPN_00126	55.5	1094156250
64267362	272620.KPN_01151	55.1	736315250
64268186	272620.KPN_01977	54.9	498337500
64266465	272620.KPN_00234	54.9	1412069500
64266564	272620.KPN_00334	54.8	584617250
64268198	272620.KPN_01989	54.7	2958159250
64270317	272620.KPN_04156	54.4	1417946750
64267218	272620.KPN_01004	54.2	434505000
64270543	272620.KPN_04410	54.1	150863250
64266818	272620.KPN_00590	54.0	560716150
64270564	272620.KPN_04431	53.7	883631750
64266887	272620.KPN_00659	53.7	460917500
64266602	272620.KPN_00372	53.6	1938777750
64269044	272620.KPN_02856	53.6	244866750
64270165	272620.KPN_04002	53.5	1090430250
64268855	272620.KPN_02660	53.2	649613500
64268514	272620.KPN_02310	53.2	1482448000
64266472	272620.KPN_00241	53.1	494598500
64267196	272620.KPN_00982	53.1	205524250
64269184	272620.KPN_03000	53.0	565034750
64266865	272620.KPN_00637	52.8	1255473250
64270386	272620.KPN_04229	52.7	955467500
64266311	272620.KPN_00073	52.6	1416343750
64267569	272620.KPN_01359	52.4	869152250
64268341	272620.KPN_02135	52.4	1014537250
64269705	272620.KPN_03532	51.7	1310242250
64266690	272620.KPN_00461	51.7	2325372000
64269079	272620.KPN_02891	51.6	1124111750
64266848	272620.KPN_00620	51.5	1111752750
64270441	272620.KPN_04291	51.5	1240908500
64270943	272620.KPN_04819	51.5	202243000
64270796	272620.KPN_04667	51.5	1092233000
64268900	272620.KPN_02705	51.2	1708829000
64269299	272620.KPN_03120	51.1	668788750
64270135	272620.KPN_03972	51.1	1445089250
64270266	272620.KPN_04105	50.5	1740578250
64268863	272620.KPN_02668	50.4	1275582000
64268346	272620.KPN_02140	50.3	2168582250
64268621	272620.KPN_02420	50.3	639806250
64270074	272620.KPN_03910	50.1	678519750
64267065	272620.KPN_00851	49.6	1757570500
64266437	272620.KPN_00199	49.6	2637935500
64268646	272620.KPN_02450	49.2	1187845750
64266944	272620.KPN_00723	49.1	845589250
64270325	272620.KPN_04168	49.1	382527250
64266914	272620.KPN_00686	48.9	2242404250
64266964	272620.KPN_00743	48.9	927650750
64266296	272620.KPN_00058	48.9	3361539000
64267864	272620.KPN_01655	48.5	1305394500
64268496	272620.KPN_02292	48.4	6379705000
64269825	272620.KPN_03655	48.3	2204916525
64270712	272620.KPN_04583	48.1	584198250
64269096	272620.KPN_02908	48.0	1957592500
64270488	272620.KPN_04342	47.9	1530200000
64268430	272620.KPN_02226	47.9	284636250
64269894	272620.KPN_03729	47.7	313128250
64269645	272620.KPN_03471	47.7	1191411750
64270797	272620.KPN_04668	47.6	2217135275
64269413	272620.KPN_03237	47.5	768039250
64270526	272620.KPN_04393	47.5	406920500
64269181	272620.KPN_02997	47.4	1069089750
64268051	272620.KPN_01842	47.3	915477500
64267037	272620.KPN_00823	47.2	1301106000
64270042	272620.KPN_03877	47.2	1530597500
64270636	272620.KPN_04503	47.2	719369750
64267013	272620.KPN_00799	47.0	1207667250
64267155	272620.KPN_00941	46.9	2364790500
64266737	272620.KPN_00509	46.8	1722423000
64269913	272620.KPN_03748	46.8	141268750
64269741	272620.KPN_03568	46.8	955475000
64268902	272620.KPN_02707	46.7	411259250
64268489	272620.KPN_02285	46.7	2357974000
64267403	272620.KPN_01192	46.6	1305350750
64270814	272620.KPN_04685	46.4	362292000
64267518	272620.KPN_01308	46.4	1065070500
64269004	272620.KPN_02816	46.3	964548500
64267194	272620.KPN_00980	46.3	1775214000
64267190	272620.KPN_00976	46.2	1201957250
64269610	272620.KPN_03436	46.1	740222750
64266671	272620.KPN_00441	46.1	264182500
64266696	272620.KPN_00467	45.9	1047526250
64267080	272620.KPN_00866	45.8	1439176000
64270476	272620.KPN_04330	45.7	816049000
64267739	272620.KPN_01530	45.6	412621500
64266543	272620.KPN_00313	45.5	1147181000
64267026	272620.KPN_00812	45.3	506391750
64268149	272620.KPN_01940	45.3	838004000
64270968	272620.KPN_04847	45.2	2524851500
64268793	272620.KPN_02597	45.2	1000076625
64267361	272620.KPN_01150	45.2	515669500
64270568	272620.KPN_04435	45.2	430463000
64268576	272620.KPN_02372	44.9	966399750
64270694	272620.KPN_04565	44.9	1549902750
64266286	272620.KPN_00048	44.9	728599250
64270385	272620.KPN_04228	44.8	985384500
64269763	272620.KPN_03592	44.6	1108104000
64267410	272620.KPN_01199	44.6	341359000
64267746	272620.KPN_01537	44.3	1125849750
64268295	272620.KPN_02089	44.2	711321500
64266325	272620.KPN_00087	44.2	446683000
64269085	272620.KPN_02897	44.1	567180500
64269649	272620.KPN_03475	44.1	720573250
64269402	272620.KPN_03226	44.0	1470209750
64269300	272620.KPN_03121	44.0	601422500
64268538	272620.KPN_02334	43.8	285843250
64269340	272620.KPN_03161	43.8	1041972500
64270306	272620.KPN_04145	43.8	561970500
64266456	272620.KPN_00224	43.6	814898750
64268395	272620.KPN_02189	43.5	145001750
64269100	272620.KPN_02916	43.5	534688000
64268297	272620.KPN_02091	43.5	894282000
64267100	272620.KPN_00886	43.2	1292923000
64270199	272620.KPN_04038	43.0	396060750
64266968	272620.KPN_00754	43.0	577116500
64270542	272620.KPN_04409	42.9	972737500
64267282	272620.KPN_01071	42.9	1385693250
64268522	272620.KPN_02318	42.8	882628750
64266262	272620.KPN_00024	42.7	1046226500
64270341	272620.KPN_04184	42.7	944604750
64267307	272620.KPN_01096	42.5	1000716750
64266430	272620.KPN_00192	42.4	763891750
64270934	272620.KPN_04810	42.4	340199000
64267792	272620.KPN_01583	42.3	866283500
64269518	272620.KPN_03343	42.3	914505500
64266601	272620.KPN_00371	42.2	1412424500
64270252	272620.KPN_04091	42.1	706442500
64266290	272620.KPN_00052	42.1	1202933500
64266636	272620.KPN_00406	41.9	904509000
64270127	272620.KPN_03964	41.8	1166433250
64268567	272620.KPN_02363	41.7	142859500
64266986	272620.KPN_00772	41.5	1116862500
64270791	272620.KPN_04662	41.3	345932750
64269584	272620.KPN_03410	41.3	1045589750
64269421	272620.KPN_03245	41.2	2239640750
64270959	272620.KPN_04838	41.2	1700221000
64270047	272620.KPN_03882	41.2	2472151000
64267280	272620.KPN_01069	41.2	1000491750
64266281	272620.KPN_00043	41.1	439508500
64269315	272620.KPN_03136	40.9	499881750
64266377	272620.KPN_00139	40.7	185204250
64267078	272620.KPN_00864	40.4	808700000
64270437	272620.KPN_04287	40.3	1241105000
64269042	272620.KPN_02854	39.9	606427750
64268370	272620.KPN_02164	39.8	1242437500
64268757	272620.KPN_02561	39.8	749827250
64267665	272620.KPN_01455	39.6	1260024000
64270413	272620.KPN_04256	39.3	787170500
64267583	272620.KPN_01373	39.3	742225250
64267138	272620.KPN_00924	39.2	1603141000
64268093	272620.KPN_01884	39.1	965754750
64266343	272620.KPN_00105	38.8	871742000
64270097	272620.KPN_03933	38.7	1283320250
64270291	272620.KPN_04130	38.7	688374000
64270666	272620.KPN_04534	38.6	254803500
64267315	272620.KPN_01104	38.5	1094132500
64267909	272620.KPN_01700	38.3	676328750
64266851	272620.KPN_00623	38.3	397148000
64270032	272620.KPN_03867	38.1	952525750
64266539	272620.KPN_00309	38.0	778732250
64269790	272620.KPN_03619	38.0	2343928175
64270321	272620.KPN_04160	37.6	322909000
64269556	272620.KPN_03381	37.5	669085500
64266900	272620.KPN_00672	37.5	1490375500
64268052	272620.KPN_01843	37.5	295993250
64268715	272620.KPN_02519	37.5	714622000
64270819	272620.KPN_04691	37.4	1358208250
64267192	272620.KPN_00978	37.4	1795854750
64270479	272620.KPN_04333	37.1	601593975
64270340	272620.KPN_04183	37.1	958379250
64270001	272620.KPN_03836	37.0	258841000
64269565	272620.KPN_03390	36.8	622488750
64267441	272620.KPN_01230	36.8	244535250
64270661	272620.KPN_04529	36.7	889353250
64269962	272620.KPN_03797	36.6	1408755750
64268517	272620.KPN_02313	36.5	410810000
64266351	272620.KPN_00113	36.5	811781250
64267939	272620.KPN_01730	36.5	661097500
64270013	272620.KPN_03848	36.3	875642500
64269278	272620.KPN_03099	36.3	420597000
64267052	272620.KPN_00838	36.2	568459000
64266599	272620.KPN_00369	36.1	917205250
64268574	272620.KPN_02370	36.0	599732000
64269636	272620.KPN_03462	35.9	503636250
64270411	272620.KPN_04254	35.8	791327050
64268342	272620.KPN_02136	35.7	362103250
64269954	272620.KPN_03789	35.6	827356000
64270312	272620.KPN_04151	35.5	1265456500
64269969	272620.KPN_03804	35.5	1204166250
64268152	272620.KPN_01943	35.4	770775000
64270491	272620.KPN_04350	35.4	876069250
64268706	272620.KPN_02510	35.4	3152302250
64267075	272620.KPN_00861	35.4	844871250
64269783	272620.KPN_03612	35.3	909725725
64268231	272620.KPN_02025	35.3	436726500
64268510	272620.KPN_02306	35.3	797884600
64270398	272620.KPN_04241	35.3	567601750
64270376	272620.KPN_04219	35.2	1479998500
64270458	272620.KPN_04312	35.1	2113413250
64270965	272620.KPN_04844	35.0	1452501000
64269401	272620.KPN_03225	35.0	1203422000
64270242	272620.KPN_04081	34.8	801624250
64268527	272620.KPN_02323	34.7	714022500
64270409	272620.KPN_04252	34.6	522177500
64268713	272620.KPN_02517	34.5	1806593500
64269747	272620.KPN_03574	34.2	652993750
64270453	272620.KPN_04307	33.9	145698250
64269758	272620.KPN_03587	33.8	764544500
64270378	272620.KPN_04221	33.7	385902000
64269561	272620.KPN_03386	33.6	340508500
64267702	272620.KPN_01492	33.3	930002975
64269938	272620.KPN_03773	33.2	1731448000
64267406	272620.KPN_01195	33.2	606977750
64270134	272620.KPN_03971	33.2	827100500
64269406	272620.KPN_03230	33.2	2302159000
64266717	272620.KPN_00489	33.1	628832750
64267290	272620.KPN_01079	33.1	743339750
64266693	272620.KPN_00464	32.8	1300161750
64267453	272620.KPN_01242	32.8	332197000
64267862	272620.KPN_01653	32.8	802497500
64269336	272620.KPN_03157	32.7	979788250
64266344	272620.KPN_00106	32.7	481385495
64269222	272620.KPN_03043	32.5	1132707735
64270495	272620.KPN_04358	32.4	534046500
64266694	272620.KPN_00465	32.3	295132500
64269943	272620.KPN_03778	32.3	204564750
64268591	272620.KPN_02387	32.2	580389500
64267690	272620.KPN_01480	32.2	484925250
64270193	272620.KPN_04032	32.2	280908000
64266912	272620.KPN_00684	32.1	160794500
64269893	272620.KPN_03728	32.0	310569250
64266688	272620.KPN_00459	32.0	795448250
64267327	272620.KPN_01116	32.0	579215000
64269947	272620.KPN_03782	31.9	390825500
64270439	272620.KPN_04289	31.8	547800450
64268159	272620.KPN_01950	31.7	917727000
64268255	272620.KPN_02049	31.6	201579500
64268970	272620.KPN_02782	31.4	313749750
64266994	272620.KPN_00780	31.3	447127000
64269684	272620.KPN_03511	31.3	867355250
64268634	272620.KPN_02435	31.2	1196932000
64270161	272620.KPN_03998	31.2	1733829000
64266841	272620.KPN_00613	31.1	748907000
64268919	272620.KPN_02724	30.9	844234750
64269775	272620.KPN_03604	30.9	592815750
64268948	272620.KPN_02760	30.6	242379250
64268896	272620.KPN_02701	30.5	699457250
64268533	272620.KPN_02329	30.5	305288500
64269498	272620.KPN_03323	30.5	274863500
64268803	272620.KPN_02607	30.5	420932500
64270204	272620.KPN_04043	30.4	450508750
64267751	272620.KPN_01542	30.4	586968250
64268666	272620.KPN_02470	30.3	1996892875
64266354	272620.KPN_00116	30.3	524742500
64269091	272620.KPN_02903	30.2	850452250
64270286	272620.KPN_04125	30.1	573748500
64270973	272620.KPN_04852	29.9	350385500
64266784	272620.KPN_00556	29.8	523850000
64266603	272620.KPN_00373	29.7	338926000
64269341	272620.KPN_03162	29.6	551331400
64268997	272620.KPN_02809	29.6	405263000
64269951	272620.KPN_03786	29.5	1240307250
64267191	272620.KPN_00977	29.2	1978799500
64270914	272620.KPN_04790	29.1	214106000
64268642	272620.KPN_02444	29.1	234945750
64269704	272620.KPN_03531	29.1	318514250
64268802	272620.KPN_02606	29.1	748435250
64270549	272620.KPN_04416	29.0	654357500
64270597	272620.KPN_04464	29.0	666470500
64268409	272620.KPN_02203	28.9	823735750
64270490	272620.KPN_04344	28.8	478569500
64266813	272620.KPN_00585	28.8	664294750
64266890	272620.KPN_00662	28.8	523677500
64270259	272620.KPN_04098	28.8	601663750
64269618	272620.KPN_03444	28.7	1427385250
64267326	272620.KPN_01115	28.7	369630500
64267133	272620.KPN_00919	28.7	891352000
64269805	272620.KPN_03634	28.7	701593500
64268743	272620.KPN_02547	28.6	1775080250
64269727	272620.KPN_03554	28.4	489682250
64270477	272620.KPN_04331	28.4	1110752300
64266701	272620.KPN_00472	28.4	554979750
64268528	272620.KPN_02324	28.3	403231250
64269710	272620.KPN_03537	28.3	778825825
64266425	272620.KPN_00187	28.1	300284250
64270177	272620.KPN_04014	28.1	1370369100
64266783	272620.KPN_00555	27.9	270909250
64268593	272620.KPN_02389	27.8	558590000
64269669	272620.KPN_03496	27.8	409607750
64270966	272620.KPN_04845	27.6	1176348000
64269932	272620.KPN_03767	27.5	1542751250
64267855	272620.KPN_01646	27.5	408967500
64266607	272620.KPN_00377	27.4	256409500
64269590	272620.KPN_03416	27.4	1427641500
64268171	272620.KPN_01962	27.3	192448850
64267760	272620.KPN_01551	26.9	1923892500
64270313	272620.KPN_04152	26.7	1277120500
64266969	272620.KPN_00755	26.7	273348500
64266468	272620.KPN_00237	26.7	788824500
64269038	272620.KPN_02850	26.6	3084895225
64268935	272620.KPN_02741	26.5	707710000
64267186	272620.KPN_00972	26.5	582039500
64269343	272620.KPN_03164	26.4	512653250
64267161	272620.KPN_00947	26.4	463996250
64270449	272620.KPN_04303	26.3	507697500
64268118	272620.KPN_01909	26.3	1431929750
64267658	272620.KPN_01448	26.1	352950500
64270558	272620.KPN_04425	26.1	1242183000
64266702	272620.KPN_00473	26.0	347587500
64268588	272620.KPN_02384	25.8	481883000
64269286	272620.KPN_03107	25.8	757406250
64269187	272620.KPN_03003	25.8	300344500
64270430	272620.KPN_04280	25.7	888459000
64267295	272620.KPN_01084	25.6	738196750
64270144	272620.KPN_03981	25.5	462583250
64270569	272620.KPN_04436	25.5	781166000
64266594	272620.KPN_00364	25.5	302468750
64270100	272620.KPN_03936	25.5	861143250
64266596	272620.KPN_00366	25.4	804455250
64270130	272620.KPN_03967	25.2	669643500
64269229	272620.KPN_03050	25.1	1006154250
64270864	272620.KPN_04736	25.1	1898488750
64266915	272620.KPN_00687	25.0	691066000
64269609	272620.KPN_03435	24.9	1184385250
64269972	272620.KPN_03807	24.8	961938500
64266654	272620.KPN_00424	24.8	258600750
64266883	272620.KPN_00655	24.7	184089000
64268563	272620.KPN_02359	24.7	143896500
64266895	272620.KPN_00667	24.7	1357655750
64269619	272620.KPN_03445	24.6	180542750
64270339	272620.KPN_04182	24.6	200978500
64269285	272620.KPN_03106	24.5	320713750
64269967	272620.KPN_03802	24.5	1148034500
64269067	272620.KPN_02879	24.4	698473000
64268525	272620.KPN_02321	24.3	739693500
64268162	272620.KPN_01953	24.3	138117000
64266334	272620.KPN_00096	24.3	676222000
64267709	272620.KPN_01500	24.1	337262250
64270333	272620.KPN_04176	24.1	813178250
64267089	272620.KPN_00875	24.1	266694500
64269855	272620.KPN_03690	24.1	509556250
64266570	272620.KPN_00340	24.1	359351250
64269198	272620.KPN_03014	24.0	774492250
64269900	272620.KPN_03735	23.9	151585250
64267136	272620.KPN_00922	23.9	1583800000
64267004	272620.KPN_00790	23.8	1534865500
64267907	272620.KPN_01698	23.8	225385000
64267064	272620.KPN_00850	23.8	404635250
64270706	272620.KPN_04577	23.7	300428500
64268663	272620.KPN_02467	23.6	273551750
64268392	272620.KPN_02186	23.5	224936750
64267883	272620.KPN_01674	23.5	333373000
64266454	272620.KPN_00222	23.5	675330750
64266918	272620.KPN_00697	23.5	1058632250
64270528	272620.KPN_04395	23.4	1149214000
64267059	272620.KPN_00845	23.4	442033500
64269007	272620.KPN_02819	23.3	342179250
64270730	272620.KPN_04601	23.2	511730500
64268800	272620.KPN_02604	23.1	704619000
64267479	272620.KPN_01268	23.0	603595000
64266877	272620.KPN_00649	22.9	647394750
64269065	272620.KPN_02877	22.8	732036000
64270425	272620.KPN_04275	22.6	166589500
64269557	272620.KPN_03382	22.6	246043000
64268406	272620.KPN_02200	22.5	276269250
64268832	272620.KPN_02637	22.4	1295233500
64266894	272620.KPN_00666	22.4	490330250
64269414	272620.KPN_03238	22.4	1270986150
64266856	272620.KPN_00628	22.4	828082500
64269125	272620.KPN_02941	22.4	232418500
64269934	272620.KPN_03769	22.3	1140265000
64268559	272620.KPN_02355	22.3	549955000
64266453	272620.KPN_00221	22.3	572845000
64268748	272620.KPN_02552	22.2	322763500
64269074	272620.KPN_02886	22.2	353650000
64269620	272620.KPN_03446	22.1	378474500
64266896	272620.KPN_00668	22.0	344927250
64270189	272620.KPN_04028	21.9	287510250
64269176	272620.KPN_02992	21.9	821885250
64267204	272620.KPN_00990	21.9	149347500
64268891	272620.KPN_02696	21.9	411903750
64270468	272620.KPN_04322	21.8	518011250
64268177	272620.KPN_01968	21.7	406072250
64266664	272620.KPN_00434	21.7	478052250
64267324	272620.KPN_01113	21.7	570214250
64267053	272620.KPN_00839	21.6	673206250
64268396	272620.KPN_02190	21.6	573465750
64269288	272620.KPN_03109	21.4	340300250
64267312	272620.KPN_01101	21.2	131728000
64267513	272620.KPN_01302	21.0	442202250
64266961	272620.KPN_00740	21.0	317792000
64267115	272620.KPN_00901	20.9	424972750
64269513	272620.KPN_03338	20.9	400581500
64270793	272620.KPN_04664	20.8	191235750
64267510	272620.KPN_01299	20.7	104768250
64268554	272620.KPN_02350	20.7	1284493000
64269990	272620.KPN_03825	20.6	491372500
64266682	272620.KPN_00452	20.5	1186780750
64268208	272620.KPN_01999	20.5	660178750
64269971	272620.KPN_03806	20.5	337302750
64270529	272620.KPN_04396	20.5	617677750
64269779	272620.KPN_03608	20.3	236110000
64270935	272620.KPN_04811	20.3	429314750
64270071	272620.KPN_03907	20.3	261580750
64267109	272620.KPN_00895	20.3	267240250
64269676	272620.KPN_03503	20.3	588299000
64267385	272620.KPN_01174	20.2	265247000
64269826	272620.KPN_03656	20.1	395351000
64267752	272620.KPN_01543	20.0	231308750
64267254	272620.KPN_01041	19.9	1926435000
64268512	272620.KPN_02308	19.8	455535250
64269695	272620.KPN_03522	19.8	565339250
64267272	272620.KPN_01061	19.7	344853250
64268394	272620.KPN_02188	19.7	303811250
64270485	272620.KPN_04339	19.6	543851750
64266984	272620.KPN_00770	19.6	446858000
64267132	272620.KPN_00918	19.6	538072500
64267414	272620.KPN_01203	19.6	426109000
64269422	272620.KPN_03246	19.6	527966250
64268410	272620.KPN_02204	19.5	446297250
64269965	272620.KPN_03800	19.4	344394200
64268266	272620.KPN_02060	19.3	747822890
64266368	272620.KPN_00130	19.3	179045250
64270576	272620.KPN_04443	19.2	216848750
64270493	272620.KPN_04352	19.2	495390500
64266433	272620.KPN_00195	19.2	520227650
64268971	272620.KPN_02783	19.2	377758750
64270963	272620.KPN_04842	19.2	367234750
64269289	272620.KPN_03110	19.2	197755250
64269088	272620.KPN_02900	19.2	516982750
64266803	272620.KPN_00575	19.2	509135000
64267845	272620.KPN_01636	19.1	434826050
64266568	272620.KPN_00338	19.1	1396303000
64269121	272620.KPN_02937	19.1	433736000
64268728	272620.KPN_02532	18.9	584604125
64266528	272620.KPN_00298	18.8	250222000
64268966	272620.KPN_02778	18.7	348512500
64269492	272620.KPN_03317	18.7	128115000
64267438	272620.KPN_01227	18.7	469601500
64268899	272620.KPN_02704	18.7	420758500
64270634	272620.KPN_04501	18.6	233425500
64267823	272620.KPN_01614	18.6	448719250
64267656	272620.KPN_01446	18.5	1243407500
64270876	272620.KPN_04752	18.5	343281250
64267023	272620.KPN_00809	18.5	318895250
64270696	272620.KPN_04567	18.4	725122000
64269304	272620.KPN_03125	18.4	292783250
64269828	272620.KPN_03658	18.4	499009500
64266424	272620.KPN_00186	18.4	595852000
64266303	272620.KPN_00065	18.3	314106250
64270683	272620.KPN_04551	18.2	202893000
64267257	272620.KPN_01044	18.2	496750000
64269667	272620.KPN_03494	18.0	531580250
64268989	272620.KPN_02801	18.0	287740000
64270692	272620.KPN_04560	17.9	369397250
64267519	272620.KPN_01309	17.9	250029250
64266934	272620.KPN_00713	17.8	395546500
64266335	272620.KPN_00097	17.8	352715000
64270936	272620.KPN_04812	17.8	214057250
64266700	272620.KPN_00471	17.8	285241750
64270061	272620.KPN_03896	17.7	459752250
64270912	272620.KPN_04788	17.7	401951000
64267198	272620.KPN_00984	17.7	579446250
64267021	272620.KPN_00807	17.7	148075750
64270897	272620.KPN_04773	17.6	194537250
64267480	272620.KPN_01269	17.5	191127250
64266380	272620.KPN_00142	17.5	201526750
64269258	272620.KPN_03079	17.5	622872250
64267584	272620.KPN_01374	17.5	509084250
64266669	272620.KPN_00439	17.3	240787250
64269586	272620.KPN_03412	17.2	176572000
64268289	272620.KPN_02083	17.2	725074250
64269673	272620.KPN_03500	17.1	255937500
64270462	272620.KPN_04316	17.0	346903750
64266329	272620.KPN_00091	16.9	413233500
64267299	272620.KPN_01088	16.9	310548000
64270422	272620.KPN_04272	16.9	308935000
64267096	272620.KPN_00882	16.7	270936750
64267205	272620.KPN_00991	16.6	987549125
64270040	272620.KPN_03875	16.5	1162161500
64269906	272620.KPN_03741	16.4	329233750
64266326	272620.KPN_00088	16.3	730496250
64270812	272620.KPN_04683	16.3	279447500
64269495	272620.KPN_03320	16.2	618222250
64267163	272620.KPN_00949	16.2	935478250
64269114	272620.KPN_02930	16.2	297844000
64267663	272620.KPN_01453	16.1	132781000
64268610	272620.KPN_02406	16.0	128327750
64266263	272620.KPN_00025	16.0	195730500
64267383	272620.KPN_01172	16.0	532853000
64269634	272620.KPN_03460	16.0	636250250
64267028	272620.KPN_00814	15.9	192663000
64268315	272620.KPN_02109	15.9	505078000
64266791	272620.KPN_00563	15.9	465250600
64266839	272620.KPN_00611	15.9	353918500
64270131	272620.KPN_03968	15.9	486554500
64266989	272620.KPN_00775	15.9	377913250
64266549	272620.KPN_00319	15.8	258383750
64268229	272620.KPN_02023	15.8	344406250
64266405	272620.KPN_00167	15.8	415511000
64266284	272620.KPN_00046	15.8	383817250
64268791	272620.KPN_02595	15.7	231957000
64269912	272620.KPN_03747	15.7	187538500
64267512	272620.KPN_01301	15.6	443994700
64270688	272620.KPN_04556	15.5	912001750
64269918	272620.KPN_03753	15.5	104945500
64270868	272620.KPN_04740	15.5	173481250
64270229	272620.KPN_04068	15.5	180068500
64269342	272620.KPN_03163	15.5	222861250
64267320	272620.KPN_01109	15.5	198128000
64267502	272620.KPN_01291	15.5	774768000
64268513	272620.KPN_02309	15.5	507374500
64270121	272620.KPN_03958	15.4	359994125
64268887	272620.KPN_02692	15.3	205404500
64269503	272620.KPN_03328	15.2	95173000
64268931	272620.KPN_02737	15.2	288706500
64269751	272620.KPN_03578	15.1	200530750
64266775	272620.KPN_00547	15.1	306861500
64270547	272620.KPN_04414	15.1	125772250
64267305	272620.KPN_01094	15.1	386117000
64269917	272620.KPN_03752	14.9	1112890500
64266635	272620.KPN_00405	14.9	197519750
64268116	272620.KPN_01907	14.9	99481500
64269644	272620.KPN_03470	14.8	321201500
64268555	272620.KPN_02351	14.8	567422000
64267499	272620.KPN_01288	14.7	280696250
64270923	272620.KPN_04799	14.7	149027000
64266676	272620.KPN_00446	14.7	1117468250
64269256	272620.KPN_03077	14.7	265609500
64268224	272620.KPN_02018	14.7	162285000
64269701	272620.KPN_03528	14.7	170617000
64269110	272620.KPN_02926	14.7	196526000
64267737	272620.KPN_01528	14.6	92352500
64267996	272620.KPN_01787	14.6	246464000
64270795	272620.KPN_04666	14.6	347281750
64269915	272620.KPN_03750	14.6	188544500
64266830	272620.KPN_00602	14.5	830657000
64270034	272620.KPN_03869	14.5	671834750
64269282	272620.KPN_03103	14.4	425444750
64269968	272620.KPN_03803	14.4	244458250
64268441	272620.KPN_02237	14.4	246081500
64267306	272620.KPN_01095	14.4	350849750
64267386	272620.KPN_01175	14.4	179144500
64270254	272620.KPN_04093	14.3	479801000
64268595	272620.KPN_02391	14.3	282303500
64270697	272620.KPN_04568	14.2	541101500
64268893	272620.KPN_02698	14.2	148985000
64268071	272620.KPN_01862	14.2	337939850
64266692	272620.KPN_00463	14.1	222496750
64268038	272620.KPN_01829	14.1	263810750
64269814	272620.KPN_03643	14.0	240760500
64270746	272620.KPN_04617	14.0	1237416500
64270713	272620.KPN_04584	14.0	323600000
64266697	272620.KPN_00468	13.9	323630000
64268977	272620.KPN_02789	13.9	385394000
64267720	272620.KPN_01511	13.9	665407500
64267322	272620.KPN_01111	13.9	332061750
64270102	272620.KPN_03938	13.8	605364750
64266526	272620.KPN_00296	13.8	168793750
64268972	272620.KPN_02784	13.7	528873250
64266771	272620.KPN_00543	13.6	574869425
64269822	272620.KPN_03652	13.6	352994000
64270046	272620.KPN_03881	13.6	325865500
64268604	272620.KPN_02400	13.5	222103250
64269404	272620.KPN_03228	13.5	642331000
64266605	272620.KPN_00375	13.5	393162250
64267805	272620.KPN_01596	13.5	172481500
64269950	272620.KPN_03785	13.5	457328000
64270738	272620.KPN_04609	13.4	181865000
64267008	272620.KPN_00794	13.4	311727500
64267449	272620.KPN_01238	13.4	343081000
64268068	272620.KPN_01859	13.3	277955000
64269641	272620.KPN_03467	13.3	308619750
64266807	272620.KPN_00579	13.2	443416750
64268508	272620.KPN_02304	13.2	617784250
64270978	272620.KPN_04857	13.2	141741500
64268852	272620.KPN_02657	13.1	151480500
64268168	272620.KPN_01959	13.1	269228250
64268766	272620.KPN_02570	13.1	240231750
64267432	272620.KPN_01221	13.0	347408250
64268304	272620.KPN_02098	13.0	229236500
64269155	272620.KPN_02971	12.9	206356250
64270347	272620.KPN_04190	12.9	784485000
64267697	272620.KPN_01487	12.8	410522250
64268303	272620.KPN_02097	12.8	228484000
64266648	272620.KPN_00418	12.7	149259000
64267343	272620.KPN_01132	12.6	417981500
64267745	272620.KPN_01536	12.6	204607250
64267128	272620.KPN_00914	12.6	199524250
64268848	272620.KPN_02653	12.5	1025687500
64266882	272620.KPN_00654	12.4	195853000
64269813	272620.KPN_03642	12.4	212447500
64266806	272620.KPN_00578	12.4	275018500
64269531	272620.KPN_03356	12.3	361327375
64268613	272620.KPN_02412	12.3	265221000
64270728	272620.KPN_04599	12.2	163469750
64269328	272620.KPN_03149	12.2	218177000
64267015	272620.KPN_00801	12.2	336824750
64270455	272620.KPN_04309	12.2	197287250
64270922	272620.KPN_04798	12.2	446614750
64268772	272620.KPN_02576	12.1	565681250
64268532	272620.KPN_02328	12.0	366709750
64267784	272620.KPN_01575	12.0	166512500
64268657	272620.KPN_02461	11.9	135247750
64270073	272620.KPN_03909	11.9	648441250
64270600	272620.KPN_04467	11.9	185386750
64268652	272620.KPN_02456	11.8	150871500
64267125	272620.KPN_00911	11.8	395652900
64267728	272620.KPN_01519	11.7	572602500
64269152	272620.KPN_02968	11.7	352425000
64268020	272620.KPN_01811	11.7	305002250
64270436	272620.KPN_04286	11.6	412558250
64269483	272620.KPN_03307	11.5	215614750
64268010	272620.KPN_01801	11.5	192922500
64269554	272620.KPN_03379	11.5	274566000
64270751	272620.KPN_04622	11.4	319243000
64270426	272620.KPN_04276	11.4	803033730
64266740	272620.KPN_00512	11.3	238687500
64268417	272620.KPN_02213	11.3	641769000
64270022	272620.KPN_03857	11.3	387545750
64268918	272620.KPN_02723	11.2	732963500
64268722	272620.KPN_02526	11.2	357141000
64266610	272620.KPN_00380	11.2	182005000
64269309	272620.KPN_03130	11.1	291951000
64269735	272620.KPN_03562	11.1	128547750
64268343	272620.KPN_02137	11.1	329333500
64270599	272620.KPN_04466	11.1	418085500
64268830	272620.KPN_02635	11.0	273251000
64270033	272620.KPN_03868	10.9	308333750
64268995	272620.KPN_02807	10.9	133915500
64268801	272620.KPN_02605	10.8	406911500
64267689	272620.KPN_01479	10.8	316628500
64268004	272620.KPN_01795	10.8	347605000
64270915	272620.KPN_04791	10.8	344659250
64268906	272620.KPN_02711	10.7	222589500
64268586	272620.KPN_02382	10.7	278277500
64268418	272620.KPN_02214	10.7	1058838200
64270163	272620.KPN_04000	10.7	555103500
64268781	272620.KPN_02585	10.7	197269750
64267844	272620.KPN_01635	10.7	300383500
64267730	272620.KPN_01521	10.6	202079500
64266866	272620.KPN_00638	10.5	171787500
64269023	272620.KPN_02835	10.5	435865500
64266908	272620.KPN_00680	10.5	139955250
64267507	272620.KPN_01296	10.5	258048750
64268424	272620.KPN_02220	10.4	1752182500
64269076	272620.KPN_02888	10.4	145927500
64266640	272620.KPN_00410	10.4	106517250
64268183	272620.KPN_01974	10.3	210709750
64267199	272620.KPN_00985	10.3	83284750
64267105	272620.KPN_00891	10.2	251475250
64270909	272620.KPN_04785	10.2	158679250
64268860	272620.KPN_02665	10.2	325651325
64268903	272620.KPN_02708	10.2	207058250
64268789	272620.KPN_02593	10.1	630174500
64267422	272620.KPN_01211	10.1	155690000
64267166	272620.KPN_00952	10.1	354799000
64269707	272620.KPN_03534	10.1	113758000
64269911	272620.KPN_03746	10.1	116102250
64268444	272620.KPN_02240	10.0	250343000
64266413	272620.KPN_00175	9.97	412215750
64267688	272620.KPN_01478	9.94	378757000
64268784	272620.KPN_02588	9.92	238647750
64269902	272620.KPN_03737	9.91	156679250
64267694	272620.KPN_01484	9.91	1204227675
64266386	272620.KPN_00148	9.9	917418500
64269919	272620.KPN_03754	9.86	429119250
64268810	272620.KPN_02614	9.84	93341750
64270684	272620.KPN_04552	9.82	190151750
64266484	272620.KPN_00253	9.76	213260575
64268439	272620.KPN_02235	9.73	250131000
64266840	272620.KPN_00612	9.72	360653750
64270686	272620.KPN_04554	9.67	194245250
64270375	272620.KPN_04218	9.67	209916750
64270533	272620.KPN_04400	9.66	287512250
64269522	272620.KPN_03347	9.64	154464250
64267346	272620.KPN_01135	9.63	328284500
64267027	272620.KPN_00813	9.61	67252500
64270167	272620.KPN_04004	9.59	130678500
64269326	272620.KPN_03147	9.54	288459100
64270443	272620.KPN_04293	9.54	436276250
64270467	272620.KPN_04321	9.51	403878750
64269686	272620.KPN_03513	9.51	113721500
64267402	272620.KPN_01191	9.51	51978500
64268982	272620.KPN_02794	9.48	204100000
64266427	272620.KPN_00189	9.47	324399500
64268288	272620.KPN_02082	9.46	264841250
64269941	272620.KPN_03776	9.45	131362500
64269923	272620.KPN_03758	9.42	303614000
64266906	272620.KPN_00678	9.4	118294750
64270008	272620.KPN_03843	9.36	253150000
64266560	272620.KPN_00330	9.25	118673000
64266491	272620.KPN_00260	9.25	107832500
64270745	272620.KPN_04616	9.23	530712750
64266608	272620.KPN_00378	9.22	237267750
64266899	272620.KPN_00671	9.2	145764250
64268773	272620.KPN_02577	9.19	264236000
64270614	272620.KPN_04481	9.18	165278250
64268750	272620.KPN_02554	9.15	315850000
64268834	272620.KPN_02639	9.14	679085750
64266734	272620.KPN_00506	9.02	719565000
64270782	272620.KPN_04653	8.95	218494750
64267068	272620.KPN_00854	8.83	453975000
64267148	272620.KPN_00934	8.8	189841750
64270162	272620.KPN_03999	8.8	167677000
64270445	272620.KPN_04295	8.77	159090250
64269370	272620.KPN_03194	8.73	157650750
64270326	272620.KPN_04169	8.66	257388250
64266470	272620.KPN_00239	8.65	280393500
64269973	272620.KPN_03808	8.64	65849000
64267696	272620.KPN_01486	8.59	423158250
64270132	272620.KPN_03969	8.54	252066050
64267759	272620.KPN_01550	8.53	114565250
64270027	272620.KPN_03862	8.49	167774250
64268488	272620.KPN_02284	8.49	155382250
64267124	272620.KPN_00910	8.49	350469250
64266929	272620.KPN_00708	8.49	54998500
64266947	272620.KPN_00726	8.48	122045500
64268431	272620.KPN_02227	8.46	153954750
64270801	272620.KPN_04672	8.38	206109250
64266728	272620.KPN_00500	8.37	488561000
64267390	272620.KPN_01179	8.33	154404750
64268861	272620.KPN_02666	8.33	198783750
64269776	272620.KPN_03605	8.3	200707250
64266567	272620.KPN_00337	8.29	199994750
64269842	272620.KPN_03672	8.23	750785000
64270009	272620.KPN_03844	8.21	180538250
64268741	272620.KPN_02545	8.13	191935000
64269983	272620.KPN_03818	8.05	257503000
64270334	272620.KPN_04177	8.0	217950250
64270136	272620.KPN_03973	7.99	123355000
64270563	272620.KPN_04430	7.99	85609750
64267686	272620.KPN_01476	7.96	251383500
64270898	272620.KPN_04774	7.94	297362250
64266461	272620.KPN_00229	7.94	115843750
64270309	272620.KPN_04148	7.94	134379750
64269192	272620.KPN_03008	7.92	211671250
64267073	272620.KPN_00859	7.91	154011875
64268154	272620.KPN_01945	7.84	122429250
64267079	272620.KPN_00865	7.79	96809750
64268821	272620.KPN_02625	7.78	287557000
64267498	272620.KPN_01287	7.77	159864750
64268115	272620.KPN_01906	7.72	188694750
64270332	272620.KPN_04175	7.67	290992750
64269427	272620.KPN_03251	7.64	215920750
64269308	272620.KPN_03129	7.61	237437000
64269306	272620.KPN_03127	7.6	353346500
64269974	272620.KPN_03809	7.6	166096500
64266997	272620.KPN_00783	7.58	130348500
64269257	272620.KPN_03078	7.58	169009500
64268934	272620.KPN_02740	7.52	263895375
64268232	272620.KPN_02026	7.44	210316975
64270474	272620.KPN_04328	7.38	348858250
64270736	272620.KPN_04607	7.31	309241250
64270400	272620.KPN_04243	7.3	141329250
64268667	272620.KPN_02471	7.29	76307750
64270138	272620.KPN_03975	7.14	171197500
64268752	272620.KPN_02556	7.14	248116750
64270573	272620.KPN_04440	7.1	259695000
64269850	272620.KPN_03685	7.08	65273500
64266282	272620.KPN_00044	7.08	369541250
64270045	272620.KPN_03880	7.06	508352250
64270184	272620.KPN_04022	7.05	251321750
64270060	272620.KPN_03895	7.01	146143250
64269635	272620.KPN_03461	6.98	166906250
64269642	272620.KPN_03468	6.96	88570500
64268740	272620.KPN_02544	6.84	213832500
64270128	272620.KPN_03965	6.79	211108750
64268572	272620.KPN_02368	6.72	143421250
64267575	272620.KPN_01365	6.63	784517500
64269068	272620.KPN_02880	6.57	108008500
64270560	272620.KPN_04427	6.55	75846500
64267413	272620.KPN_01202	6.55	94337500
64270613	272620.KPN_04480	6.54	52600750
64268067	272620.KPN_01858	6.49	159619000
64270438	272620.KPN_04288	6.48	212551500
64268318	272620.KPN_02112	6.46	106058250
64266679	272620.KPN_00449	6.45	111675250
64268536	272620.KPN_02332	6.41	259732250
64266291	272620.KPN_00053	6.39	116441000
64268197	272620.KPN_01988	6.37	111126500
64268420	272620.KPN_02216	6.37	594677500
64267127	272620.KPN_00913	6.31	14215000
64268128	272620.KPN_01919	6.24	188769500
64268665	272620.KPN_02469	6.15	272208000
64267763	272620.KPN_01554	6.15	269533000
64270044	272620.KPN_03879	6.15	339327500
64268827	272620.KPN_02632	6.11	203403225
64269839	272620.KPN_03669	6.1	149830250
64270194	272620.KPN_04033	6.08	147034750
64268129	272620.KPN_01920	6.08	92532500
64266940	272620.KPN_00719	6.01	187758000
64270041	272620.KPN_03876	5.88	148659250
64268967	272620.KPN_02779	5.87	85131000
64267050	272620.KPN_00836	5.84	124948500
64270951	272620.KPN_04830	5.8	104059500
64266703	272620.KPN_00474	5.8	251301250
64268413	272620.KPN_02209	5.79	67058525
64267856	272620.KPN_01647	5.79	36911000
64268790	272620.KPN_02594	5.71	112768000
64266787	272620.KPN_00559	5.69	420714000
64268179	272620.KPN_01970	5.68	61674250
64268716	272620.KPN_02520	5.67	156829000
64270586	272620.KPN_04453	5.63	153573500
64266571	272620.KPN_00341	5.63	141016250
64266294	272620.KPN_00056	5.61	92813750
64266770	272620.KPN_00542	5.58	192146500
64269655	272620.KPN_03482	5.55	74557250
64270486	272620.KPN_04340	5.52	240897000
64269572	272620.KPN_03397	5.51	213203000
64269248	272620.KPN_03069	5.42	219608250
64266834	272620.KPN_00606	5.41	137957750
64270556	272620.KPN_04423	5.4	165615250
64268612	272620.KPN_02411	5.35	249499250
64269374	272620.KPN_03198	5.33	92484000
64269322	272620.KPN_03143	5.31	159494750
64266382	272620.KPN_00144	5.29	80099500
64270861	272620.KPN_04733	5.28	131202500
64267912	272620.KPN_01703	5.25	164860750
64269093	272620.KPN_02905	5.25	68947250
64268923	272620.KPN_02728	5.23	78428500
64267965	272620.KPN_01756	5.18	173431500
64266642	272620.KPN_00412	5.16	290542000
64266460	272620.KPN_00228	5.1	60129750
64267487	272620.KPN_01276	5.09	231151000
64268577	272620.KPN_02373	5.04	96341500
64268916	272620.KPN_02721	5.03	87475500
64270288	272620.KPN_04127	5.03	64756500
64267051	272620.KPN_00837	5.02	228926500
64267957	272620.KPN_01748	5.01	115811500
64270000	272620.KPN_03835	4.98	237259750
64270103	272620.KPN_03939	4.95	187493000
64268909	272620.KPN_02714	4.88	190676250
64267976	272620.KPN_01767	4.87	105111750
64266462	272620.KPN_00230	4.86	69056250
64268016	272620.KPN_01807	4.86	116596500
64268516	272620.KPN_02312	4.84	136984500
64267625	272620.KPN_01415	4.83	129257750
64270757	272620.KPN_04628	4.83	82163500
64269424	272620.KPN_03248	4.77	87894750
64268187	272620.KPN_01978	4.77	117294250
64266331	272620.KPN_00093	4.75	158226250
64269843	272620.KPN_03673	4.72	567514000
64266698	272620.KPN_00469	4.69	84718750
64266475	272620.KPN_00244	4.69	160181250
64268718	272620.KPN_02522	4.68	301293000
64266404	272620.KPN_00166	4.67	93761500
64268228	272620.KPN_02022	4.67	98963500
64269267	272620.KPN_03088	4.66	174373750
64266726	272620.KPN_00498	4.59	133475250
64267849	272620.KPN_01640	4.56	187104250
64269247	272620.KPN_03068	4.51	198402250
64269338	272620.KPN_03159	4.49	170718500
64269939	272620.KPN_03774	4.48	184382500
64270113	272620.KPN_03950	4.43	64860500
64269348	272620.KPN_03172	4.42	148759250
64268143	272620.KPN_01934	4.39	195564525
64270133	272620.KPN_03970	4.34	122688000
64267116	272620.KPN_00902	4.29	214720000
64267767	272620.KPN_01558	4.28	69674750
64270913	272620.KPN_04789	4.24	26873000
64267727	272620.KPN_01518	4.18	143543000
64269441	272620.KPN_03265	4.16	102272300
64270676	272620.KPN_04544	4.15	98008000
64266418	272620.KPN_00180	4.13	376068750
64270892	272620.KPN_04768	4.12	135010750
64270359	272620.KPN_04202	4.11	139479750
64268717	272620.KPN_02521	4.06	151935500
64270768	272620.KPN_04639	4.05	72831250
64268749	272620.KPN_02553	4.04	95839875
64270414	272620.KPN_04264	4.01	79579500
64269491	272620.KPN_03316	3.96	95659250
64269381	272620.KPN_03205	3.96	187042500
64269366	272620.KPN_03190	3.95	62003750
64268246	272620.KPN_02040	3.93	82225750
64267108	272620.KPN_00894	3.88	52299000
64268777	272620.KPN_02581	3.82	152448250
64269407	272620.KPN_03231	3.79	216895250
64268415	272620.KPN_02211	3.79	63257250
64270776	272620.KPN_04647	3.67	55074000
64269831	272620.KPN_03661	3.64	112532000
64266569	272620.KPN_00339	3.62	131104250
64267501	272620.KPN_01290	3.59	43380250
64269327	272620.KPN_03148	3.58	176033500
64270092	272620.KPN_03928	3.57	147697000
64267098	272620.KPN_00884	3.57	51770000
64269991	272620.KPN_03826	3.55	96963200
64266910	272620.KPN_00682	3.55	119628500
64270246	272620.KPN_04085	3.54	126357750
64267860	272620.KPN_01651	3.54	65929250
64267968	272620.KPN_01759	3.49	130681000
64267308	272620.KPN_01097	3.47	101748750
64270075	272620.KPN_03911	3.45	53819750
64269473	272620.KPN_03297	3.43	96686750
64270315	272620.KPN_04154	3.42	148830750
64269307	272620.KPN_03128	3.41	268589250
64268210	272620.KPN_02001	3.4	57872000
64268808	272620.KPN_02612	3.4	46032250
64268400	272620.KPN_02194	3.39	104486000
64266435	272620.KPN_00197	3.38	353134000
64268629	272620.KPN_02428	3.36	151456000
64267668	272620.KPN_01458	3.35	94983000
64267937	272620.KPN_01728	3.32	88151750
64268874	272620.KPN_02679	3.3	84218000
64267032	272620.KPN_00818	3.3	75482000
64268857	272620.KPN_02662	3.25	139278750
64266434	272620.KPN_00196	3.23	51097000
64266816	272620.KPN_00588	3.23	92848500
64268542	272620.KPN_02338	3.23	96737250
64267461	272620.KPN_01250	3.22	191189975
64268338	272620.KPN_02132	3.21	19061500
64268511	272620.KPN_02307	3.21	94038250
64266641	272620.KPN_00411	3.2	164524500
64268809	272620.KPN_02613	3.2	205802750
64270585	272620.KPN_04452	3.17	463572250
64267572	272620.KPN_01362	3.16	91762500
64269497	272620.KPN_03322	3.15	89088750
64267232	272620.KPN_01019	3.1	41133000
64270662	272620.KPN_04530	3.08	9346000
64266466	272620.KPN_00235	3.07	169045000
64269069	272620.KPN_02881	3.06	157581000
64268493	272620.KPN_02289	3.06	136783250
64269772	272620.KPN_03601	3.05	51298500
64269647	272620.KPN_03473	3.01	147724250
64267156	272620.KPN_00942	2.95	110987750
64268769	272620.KPN_02573	2.94	89243650
64266809	272620.KPN_00581	2.92	54334000
64268402	272620.KPN_02196	2.92	52322250
64269416	272620.KPN_03240	2.91	95109250
64268138	272620.KPN_01929	2.88	74648250
64266833	272620.KPN_00605	2.87	264427250
64269505	272620.KPN_03330	2.85	175355500
64268053	272620.KPN_01844	2.82	64471500
64267434	272620.KPN_01223	2.82	82733750
64269318	272620.KPN_03139	2.8	40843750
64269405	272620.KPN_03229	2.8	318569975
64268060	272620.KPN_01851	2.78	71683000
64268399	272620.KPN_02193	2.78	77817032
64267288	272620.KPN_01077	2.75	56781000
64268175	272620.KPN_01966	2.7	136114500
64269479	272620.KPN_03303	2.7	60576750
64269583	272620.KPN_03409	2.68	125557000
64269944	272620.KPN_03779	2.66	128161000
64269953	272620.KPN_03788	2.66	319648500
64267140	272620.KPN_00926	2.64	288120250
64270054	272620.KPN_03889	2.63	60534750
64270874	272620.KPN_04750	2.6	228012500
64269119	272620.KPN_02935	2.59	94875250
64269824	272620.KPN_03654	2.59	248618750
64267104	272620.KPN_00890	2.56	34757750
64270014	272620.KPN_03849	2.56	86352000
64268018	272620.KPN_01809	2.54	100552000
64268090	272620.KPN_01881	2.53	305544500
64268416	272620.KPN_02212	2.51	44829250
64269738	272620.KPN_03565	2.48	41332250
64269476	272620.KPN_03300	2.48	19886000
64267331	272620.KPN_01120	2.45	47231500
64268119	272620.KPN_01910	2.45	167110750
64269400	272620.KPN_03224	2.44	86718000
64270869	272620.KPN_04741	2.43	74831500
64268818	272620.KPN_02622	2.42	59461000
64267469	272620.KPN_01258	2.38	59709000
64266547	272620.KPN_00317	2.35	49057750
64270346	272620.KPN_04189	2.34	64275000
64269166	272620.KPN_02982	2.33	74823000
64267886	272620.KPN_01677	2.33	109541500
64270451	272620.KPN_04305	2.31	140937500
64267715	272620.KPN_01506	2.31	48560000
64266723	272620.KPN_00495	2.3	62964250
64266665	272620.KPN_00435	2.25	25062000
64268590	272620.KPN_02386	2.25	49243750
64268990	272620.KPN_02802	2.24	185758750
64270889	272620.KPN_04765	2.2	89809250
64268371	272620.KPN_02165	2.19	37402000
64266752	272620.KPN_00524	2.18	66779250
64267016	272620.KPN_00802	2.17	28473250
64269010	272620.KPN_02822	2.14	78233000
64268337	272620.KPN_02131	2.11	35896250
64266350	272620.KPN_00112	2.1	25088750
64270871	272620.KPN_04743	2.1	26718250
64270387	272620.KPN_04230	2.09	142936500
64268806	272620.KPN_02610	2.08	128085500
64266256	272620.KPN_00017	2.08	65625500
64269212	272620.KPN_03033	2.07	42014898
64266361	272620.KPN_00123	2.04	62947750
64266366	272620.KPN_00128	2.04	77402750
64267265	272620.KPN_01053	2.01	33471000
64267106	272620.KPN_00892	1.99	91980500
64269153	272620.KPN_02969	1.99	61330250
64267528	272620.KPN_01318	1.98	77818750
64267445	272620.KPN_01234	1.95	59343750
64266260	272620.KPN_00022	1.93	17469750
64267504	272620.KPN_01293	1.91	147374250
64267971	272620.KPN_01762	1.91	78323325
64267092	272620.KPN_00878	1.91	78992750
64268564	272620.KPN_02360	1.88	32995750
64270557	272620.KPN_04424	1.87	42758250
64268969	272620.KPN_02781	1.86	26360250
64268761	272620.KPN_02565	1.81	70338500
64268826	272620.KPN_02631	1.81	36363750
64268114	272620.KPN_01905	1.81	35510500
64269221	272620.KPN_03042	1.79	50228750
64269475	272620.KPN_03299	1.76	84908250
64266304	272620.KPN_00066	1.76	52084000
64268712	272620.KPN_02516	1.74	88610000
64266796	272620.KPN_00568	1.72	165627500
64268526	272620.KPN_02322	1.72	45741500
64270049	272620.KPN_03884	1.7	51959500
64270370	272620.KPN_04213	1.7	108970000
64267703	272620.KPN_01493	1.7	167633500
64269690	272620.KPN_03517	1.69	30930750
64270063	272620.KPN_03898	1.66	32301500
64267750	272620.KPN_01541	1.66	48530500
64268264	272620.KPN_02058	1.65	33213750
64270076	272620.KPN_03912	1.64	21292000
64270658	272620.KPN_04526	1.62	64780500
64267525	272620.KPN_01315	1.62	55990250
64270038	272620.KPN_03873	1.58	35881000
64266385	272620.KPN_00147	1.51	95096500
64269570	272620.KPN_03395	1.47	52091000
64269683	272620.KPN_03510	1.47	91003650
64270775	272620.KPN_04646	1.47	57298000
64269957	272620.KPN_03792	1.45	69345500
64270956	272620.KPN_04835	1.44	30420250
64266249	272620.KPN_00010	1.43	48207750
64270647	272620.KPN_04514	1.42	137952500
64266705	272620.KPN_00476	1.41	55436000
64266488	272620.KPN_00257	1.41	69694750
64270429	272620.KPN_04279	1.4	29690750
64269223	272620.KPN_03044	1.39	40786750
64266638	272620.KPN_00408	1.39	39673250
64269687	272620.KPN_03514	1.38	15898350
64266557	272620.KPN_00327	1.37	51541500
64267260	272620.KPN_01047	1.34	47378575
64268377	272620.KPN_02171	1.34	35881750
64267701	272620.KPN_01491	1.24	60043750
64266949	272620.KPN_00728	1.23	7909500
64267221	272620.KPN_01007	1.22	174737500
64270211	272620.KPN_04050	1.09	31885000
64267788	272620.KPN_01579	1.09	41617000
64267141	272620.KPN_00927	1.09	41617000
64268565	272620.KPN_02361	1.08	72547000
64267397	272620.KPN_01186	1.06	20212250
64267363	272620.KPN_01152	1.06	22080500
64268294	272620.KPN_02088	1.04	47830250
64268490	272620.KPN_02286	1.04	31445500
64270933	272620.KPN_04809	1.02	51398000
64267162	272620.KPN_00948	1.0	20696000
64268290	272620.KPN_02084	0.99	29373000
64270507	272620.KPN_04370	0.97	38543750
64268076	272620.KPN_01867	0.968	241372500
64267000	272620.KPN_00786	0.939	62329000
64268730	272620.KPN_02534	0.916	42708000
64267001	272620.KPN_00787	0.907	26021500
64267203	272620.KPN_00989	0.891	38592250
64266993	272620.KPN_00779	0.888	23749750
64270111	272620.KPN_03948	0.884	18221500
64267368	272620.KPN_01157	0.843	21042250
64267891	272620.KPN_01682	0.837	33087750
64270319	272620.KPN_04158	0.833	16369750
64269688	272620.KPN_03515	0.828	24249750
64266842	272620.KPN_00614	0.82	10640750
64268089	272620.KPN_01880	0.81	204157700
64267384	272620.KPN_01173	0.779	5057500
64270192	272620.KPN_04031	0.766	24776000
64267878	272620.KPN_01669	0.765	23037750
64268137	272620.KPN_01928	0.736	18849250
64268890	272620.KPN_02695	0.712	13513750
64268955	272620.KPN_02767	0.71	19300000
64267789	272620.KPN_01580	0.694	151322500
64267819	272620.KPN_01610	0.665	96227500
64269670	272620.KPN_03497	0.613	27493125
64267291	272620.KPN_01080	0.593	20997500
64270802	272620.KPN_04673	0.562	41448250
64270456	272620.KPN_04310	0.533	18004750
64269167	272620.KPN_02983	0.529	39366750
64270656	272620.KPN_04524	0.491	32658750
64266306	272620.KPN_00068	0.478	15962750
64267419	272620.KPN_01208	0.474	31048500
64270559	272620.KPN_04426	0.444	9616250
64270104	272620.KPN_03940	0.432	8223750
64268419	272620.KPN_02215	0.431	9370750
64268155	272620.KPN_01946	0.42	15667250
64267179	272620.KPN_00965	0.409	12939500
64270884	272620.KPN_04760	0.394	13027750
64270895	272620.KPN_04771	0.335	4734925
64269830	272620.KPN_03660	0.325	21726475
64268117	272620.KPN_01908	0.322	10767650
64267485	272620.KPN_01274	0.283	5566750
64269740	272620.KPN_03567	0.211	3326075
64268066	272620.KPN_01857	0.176	13068000
64267796	272620.KPN_01587	0.176	15301250
64270555	272620.KPN_04422	0.169	5343750
64266907	272620.KPN_00679	0.092	5002250
64268222	272620.KPN_02016	0.091	4625250
64270463	272620.KPN_04317	0.079	4724250
