#id: 3850228659
#name: Arabidopsis thaliana - Leaf, Short day mild water deficit, SC (Baerenfaller,mol_syst_bio,2012)
#score: 5.4
#description: abundance based on Spectral counting SWD, Short Day Mild Water Deficit, Interaction consistency score: 5.4, Coverage: 7
#organ: LEAF
#integrated: false
#coverage: 7
#link: http://www.ncbi.nlm.nih.gov/pmc/articles/PMC3435506/
#publication_year: 2012
#filename: 3702-2.2ArabidopsisLeaf_waterDefict_SWD.txt
#
#internal_id	string_external_id	abundance	raw_spectral_count
635073	3702.ATCG00490.1	76424	14483
618258	3702.AT2G39730.1	31594	5699
609886	3702.AT1G20340.1	25249	314
635072	3702.ATCG00480.1	21730	5908
635050	3702.ATCG00120.1	18885	2841
635117	3702.ATCG01060.1	15160	650
626591	3702.AT4G20360.1	10868	2495
612091	3702.AT1G52230.1	10512	325
624438	3702.AT3G62030.2	10500	1684
612825	3702.AT1G60950.1	9777	184
619085	3702.AT2G47400.1	9717	223
613487	3702.AT1G67090.1	8479	835
628603	3702.AT4G38970.1	8303	1065
611429	3702.AT1G42970.1	8282	1812
608442	3702.AT1G06680.1	7695	721
629604	3702.AT5G09660.4	7635	866
622854	3702.AT3G47070.1	7597	401
625377	3702.AT4G09650.1	7215	1090
631599	3702.AT5G35630.1	6781	1068
611014	3702.AT1G32060.1	6692	1259
619229	3702.AT3G01500.2	6559	1237
635071	3702.ATCG00470.1	6265	389
631214	3702.AT5G26000.1	5970	1653
608726	3702.AT1G09340.1	5945	1175
620418	3702.AT3G12780.1	5856	1331
620123	3702.AT3G10090.1	5507	134
629032	3702.AT5G03850.1	5507	134
620598	3702.AT3G14210.1	5177	960
617999	3702.AT2G37220.1	5134	412
609854	3702.AT1G20020.1	4978	705
608577	3702.AT1G07940.2	4932	3280
608575	3702.AT1G07920.1	4932	3280
634263	3702.AT5G60390.1	4932	3280
608576	3702.AT1G07930.1	4932	3280
624981	3702.AT4G03280.1	4770	543
617000	3702.AT2G28000.1	4679	1232
616310	3702.AT2G21330.1	4657	536
626681	3702.AT4G21280.2	4574	635
634886	3702.AT5G66190.1	4470	705
608121	3702.AT1G03680.1	4330	473
623790	3702.AT3G55800.1	4318	800
625072	3702.AT4G04640.1	4256	748
624478	3702.AT3G62410.1	4213	171
608571	3702.AT1G07890.8	3925	372
618136	3702.AT2G38540.1	3881	128
631212	3702.AT5G25980.2	3816	879
619588	3702.AT3G04790.1	3767	528
624290	3702.AT3G60750.1	3748	1177
616291	3702.AT2G21170.1	3639	535
615572	3702.AT2G13360.1	3539	584
626947	3702.AT4G23670.1	3511	292
622651	3702.AT3G45140.1	3492	1485
613587	3702.AT1G68010.2	3467	703
623601	3702.AT3G54050.1	3431	644
609536	3702.AT1G16880.1	3404	364
610205	3702.AT1G23310.1	3398	619
617296	3702.AT2G30860.1	3375	451
623746	3702.AT3G55440.1	3365	468
612896	3702.AT1G61520.1	3362	219
632365	3702.AT5G42980.1	3333	254
634370	3702.AT5G61410.1	3257	347
625139	3702.AT4G05180.1	3100	414
608195	3702.AT1G04410.1	3053	414
624555	3702.AT3G63140.1	3045	700
612200	3702.AT1G53240.1	3007	319
617918	3702.AT2G36530.1	3002	593
619216	3702.AT3G01390.2	2955	69
635051	3702.ATCG00130.1	2872	132
627065	3702.AT4G24770.1	2841	211
631870	3702.AT5G38430.1	2830	223
630724	3702.AT5G20630.1	2792	208
615805	3702.AT2G16600.1	2772	229
624885	3702.AT4G02450.1	2769	135
628497	3702.AT4G37930.1	2751	798
619119	3702.AT2G47730.1	2719	250
609005	3702.AT1G11860.3	2679	512
630097	3702.AT5G14740.1	2628	473
635100	3702.ATCG00780.1	2599	155
620727	3702.AT3G15360.1	2563	277
630431	3702.AT5G17920.1	2560	764
630734	3702.AT5G20720.3	2551	338
634656	3702.AT5G64140.1	2548	31
621899	3702.AT3G26060.2	2520	268
634925	3702.AT5G66570.1	2478	389
629603	3702.AT5G09650.1	2369	328
630224	3702.AT5G15970.1	2365	77
623085	3702.AT3G49305.1	2363	14
611121	3702.AT1G33120.1	2312	318
611122	3702.AT1G33140.1	2312	318
617021	3702.AT2G28190.1	2282	161
614772	3702.AT1G79550.2	2263	382
610943	3702.AT1G31330.1	2256	240
613364	3702.AT1G65930.1	2251	437
629064	3702.AT5G04140.2	2239	1759
628146	3702.AT4G34620.1	2231	98
631503	3702.AT5G30510.1	2191	473
618044	3702.AT2G37660.1	2188	246
631694	3702.AT5G36700.1	2178	786
631704	3702.AT5G36790.1	2178	786
611465	3702.AT1G43670.1	2140	246
608114	3702.AT1G03600.1	2131	170
616343	3702.AT2G21660.1	2122	217
608908	3702.AT1G10960.1	2121	40
618571	3702.AT2G42540.2	2109	142
627968	3702.AT4G33010.1	2094	842
634646	3702.AT5G64040.2	2088	214
624590	3702.AT3G63490.1	2063	344
625298	3702.AT4G08870.1	2029	201
628194	3702.AT4G35090.1	1995	337
619363	3702.AT3G02730.1	1984	155
609811	3702.AT1G19570.1	1973	213
620622	3702.AT3G14415.2	1938	385
623483	3702.AT3G52960.1	1919	284
625008	3702.AT4G03520.1	1902	228
615512	3702.AT2G10940.2	1891	317
609226	3702.AT1G13930.3	1858	154
625451	3702.AT4G10340.1	1855	342
632323	3702.AT5G42650.1	1844	469
616974	3702.AT2G27710.1	1803	122
609443	3702.AT1G15930.1	1801	130
617148	3702.AT2G29450.1	1783	167
626940	3702.AT4G23600.1	1769	320
623973	3702.AT3G57610.1	1766	339
630607	3702.AT5G19510.1	1761	113
614036	3702.AT1G72370.1	1757	178
621613	3702.AT3G23400.1	1750	193
630111	3702.AT5G14910.1	1737	136
612110	3702.AT1G52400.3	1723	306
614725	3702.AT1G79040.1	1711	91
621276	3702.AT3G20390.1	1711	182
622823	3702.AT3G46780.1	1711	357
630302	3702.AT5G16710.1	1708	204
635102	3702.ATCG00800.1	1688	130
622994	3702.AT3G48420.1	1664	287
628170	3702.AT4G34870.1	1649	156
621976	3702.AT3G26740.1	1635	48
623254	3702.AT3G50820.1	1623	287
613022	3702.AT1G62750.1	1620	558
624895	3702.AT4G02530.1	1578	230
609914	3702.AT1G20620.1	1573	277
627353	3702.AT4G27440.1	1571	242
610465	3702.AT1G26630.1	1545	118
632914	3702.AT5G47930.1	1532	43
612508	3702.AT1G56070.1	1513	579
629971	3702.AT5G13510.1	1511	127
623398	3702.AT3G52150.1	1510	239
629495	3702.AT5G08280.1	1472	281
610245	3702.AT1G23740.1	1464	289
627568	3702.AT4G29350.1	1454	69
625964	3702.AT4G14880.4	1435	212
611107	3702.AT1G32990.1	1426	164
627259	3702.AT4G26530.2	1402	221
627883	3702.AT4G32260.1	1401	163
624595	3702.AT3G63540.1	1399	78
625344	3702.AT4G09320.1	1399	141
609343	3702.AT1G14980.1	1398	80
610272	3702.AT1G24020.2	1392	144
617629	3702.AT2G33800.1	1389	138
622888	3702.AT3G47470.1	1389	138
613368	3702.AT1G65980.1	1382	149
625833	3702.AT4G13940.1	1378	302
608672	3702.AT1G08830.1	1378	99
632070	3702.AT5G40370.2	1366	87
621967	3702.AT3G26650.1	1365	217
622625	3702.AT3G44890.1	1351	78
614059	3702.AT1G72610.1	1344	77
620295	3702.AT3G11630.1	1326	198
622893	3702.AT3G47520.1	1321	231
620866	3702.AT3G16640.1	1310	143
616264	3702.AT2G20890.1	1304	105
635104	3702.ATCG00820.1	1278	37
612464	3702.AT1G55670.1	1267	138
634040	3702.AT5G58250.1	1265	164
608281	3702.AT1G05190.1	1257	117
608723	3702.AT1G09310.1	1253	65
619952	3702.AT3G08030.1	1243	150
624074	3702.AT3G58610.3	1240	328
623414	3702.AT3G52300.1	1237	108
629965	3702.AT5G13450.1	1212	144
616608	3702.AT2G24270.4	1200	293
618700	3702.AT2G43750.1	1184	256
616363	3702.AT2G21870.1	1184	145
609661	3702.AT1G18080.1	1176	167
608506	3702.AT1G07320.1	1156	146
614411	3702.AT1G76080.1	1154	165
635093	3702.ATCG00710.1	1146	14
628796	3702.AT5G01650.2	1143	62
623479	3702.AT3G52930.1	1138	281
626580	3702.AT4G20260.4	1130	102
619227	3702.AT3G01480.1	1125	178
614650	3702.AT1G78370.1	1115	161
611668	3702.AT1G48030.2	1115	237
625832	3702.AT4G13930.1	1114	206
617297	3702.AT2G30870.1	1104	116
615213	3702.AT2G04030.1	1101	391
633921	3702.AT5G57170.2	1083	45
612371	3702.AT1G54780.1	1058	122
618799	3702.AT2G44650.1	1057	48
628639	3702.AT4G39330.1	1052	145
618103	3702.AT2G38230.1	1043	86
627535	3702.AT4G29060.1	1033	396
625316	3702.AT4G09010.1	1023	142
615726	3702.AT2G15620.1	1013	324
620812	3702.AT3G16140.1	1009	28
617804	3702.AT2G35490.1	1006	126
608006	3702.AT1G02560.1	1003	170
614707	3702.AT1G78900.2	1000	272
618350	3702.AT2G40490.1	995	151
612442	3702.AT1G55480.1	982	137
619963	3702.AT3G08580.2	979	129
634048	3702.AT5G58330.1	977	211
607850	3702.AT1G01090.1	973	153
622564	3702.AT3G44310.1	972	150
633662	3702.AT5G54770.1	967	192
632474	3702.AT5G43940.2	963	156
613025	3702.AT1G62780.1	944	107
618680	3702.AT2G43560.1	943	84
626076	3702.AT4G15802.1	931	50
619092	3702.AT2G47470.1	920	128
616693	3702.AT2G25080.1	917	106
610988	3702.AT1G31812.1	916	26
620623	3702.AT3G14420.1	906	211
623541	3702.AT3G53460.4	903	152
628633	3702.AT4G39260.1	885	81
630131	3702.AT5G15090.2	882	117
627017	3702.AT4G24280.1	878	263
633246	3702.AT5G50920.1	873	420
616975	3702.AT2G27720.2	865	49
622907	3702.AT3G47650.1	862	77
614651	3702.AT1G78380.1	862	134
618570	3702.AT2G42530.1	859	70
629109	3702.AT5G04590.1	856	97
613771	3702.AT1G69740.1	854	128
627854	3702.AT4G31990.3	852	212
620092	3702.AT3G09820.1	845	115
612522	3702.AT1G56190.1	843	201
620927	3702.AT3G17210.1	839	34
630408	3702.AT5G17710.2	838	125
625537	3702.AT4G11150.1	836	100
608955	3702.AT1G11430.1	835	73
611894	3702.AT1G50320.1	832	93
623904	3702.AT3G56940.1	831	161
616583	3702.AT2G24020.1	830	99
618718	3702.AT2G43910.2	829	82
631568	3702.AT5G35360.3	827	238
609360	3702.AT1G15140.1	827	96
609430	3702.AT1G15820.1	823	105
628097	3702.AT4G34200.1	816	163
624490	3702.AT3G62530.1	814	101
627318	3702.AT4G27090.1	812	37
608104	3702.AT1G03475.1	806	152
631478	3702.AT5G28840.2	805	133
628852	3702.AT5G02160.1	802	39
629289	3702.AT5G06290.1	797	120
627103	3702.AT4G25130.1	780	66
620031	3702.AT3G09200.1	780	52
627096	3702.AT4G25050.2	778	42
620457	3702.AT3G13120.2	774	57
615334	3702.AT2G05520.1	773	30
621832	3702.AT3G25530.1	771	112
615365	3702.AT2G05990.2	765	105
609459	3702.AT1G16080.1	762	128
613149	3702.AT1G63940.2	762	193
620385	3702.AT3G12490.2	757	62
633907	3702.AT5G57040.1	754	45
622640	3702.AT3G45030.1	750	92
634463	3702.AT5G62300.1	750	92
628860	3702.AT5G02240.1	749	53
624560	3702.AT3G63190.1	748	90
623026	3702.AT3G48730.1	747	104
633519	3702.AT5G53490.3	747	85
611337	3702.AT1G35720.1	746	116
625825	3702.AT4G13850.1	743	50
609174	3702.AT1G13440.1	743	90
612902	3702.AT1G61570.1	740	28
634210	3702.AT5G59880.1	736	48
623473	3702.AT3G52880.2	736	166
614413	3702.AT1G76100.1	735	12
624212	3702.AT3G59980.1	731	66
610865	3702.AT1G30580.1	728	134
625315	3702.AT4G09000.2	724	101
617382	3702.AT2G31570.1	721	28
609559	3702.AT1G17100.1	719	67
619222	3702.AT3G01440.1	718	32
634580	3702.AT5G63400.1	718	75
630913	3702.AT5G23120.1	713	186
628231	3702.AT4G35450.5	706	75
618577	3702.AT2G42600.1	704	296
626885	3702.AT4G23100.3	703	120
633130	3702.AT5G49910.1	700	206
623127	3702.AT3G49680.1	700	88
633712	3702.AT5G55220.1	696	219
609003	3702.AT1G11840.6	693	117
609326	3702.AT1G14810.1	691	91
628915	3702.AT5G02790.1	687	72
621550	3702.AT3G22890.1	687	144
627072	3702.AT4G24830.1	672	127
612596	3702.AT1G57720.1	660	111
632638	3702.AT5G45390.1	657	67
629984	3702.AT5G13650.2	656	133
620675	3702.AT3G14930.2	651	104
627909	3702.AT4G32470.1	648	30
635099	3702.ATCG00770.1	642	37
610771	3702.AT1G29670.1	637	114
608196	3702.AT1G04420.1	633	132
613134	3702.AT1G63770.5	631	243
609875	3702.AT1G20225.1	629	51
631446	3702.AT5G28500.1	629	117
608044	3702.AT1G02930.1	626	64
611581	3702.AT1G47128.1	625	98
624894	3702.AT4G02520.1	622	84
611153	3702.AT1G33590.1	621	143
608117	3702.AT1G03630.1	618	118
631276	3702.AT5G26742.2	617	265
629512	3702.AT5G08410.1	615	63
622113	3702.AT3G27925.1	613	77
624372	3702.AT3G61470.1	610	46
628041	3702.AT4G33680.1	608	124
609011	3702.AT1G11910.1	607	131
619478	3702.AT3G03780.1	606	179
628496	3702.AT4G37925.1	602	69
633327	3702.AT5G51720.1	600	43
631876	3702.AT5G38480.1	598	60
623688	3702.AT3G54890.1	592	35
624753	3702.AT4G01310.1	590	86
621900	3702.AT3G26070.1	588	74
610098	3702.AT1G22300.1	586	56
619292	3702.AT3G02080.1	585	22
623423	3702.AT3G52380.1	584	72
621628	3702.AT3G23570.1	579	57
617957	3702.AT2G36880.2	568	100
626742	3702.AT4G21860.1	567	49
623938	3702.AT3G57260.1	555	64
614855	3702.AT1G80380.2	554	154
614449	3702.AT1G76450.1	552	73
614677	3702.AT1G78630.1	550	87
629931	3702.AT5G13120.1	545	63
617797	3702.AT2G35410.1	539	49
617912	3702.AT2G36460.1	535	101
634921	3702.AT5G66530.2	534	71
619293	3702.AT3G02090.2	528	106
632951	3702.AT5G48300.1	527	153
628885	3702.AT5G02500.1	527	147
621943	3702.AT3G26450.1	524	40
623360	3702.AT3G51800.2	523	69
621631	3702.AT3G23600.1	522	43
610830	3702.AT1G30230.2	521	61
634504	3702.AT5G62690.1	519	168
634505	3702.AT5G62700.1	519	168
614342	3702.AT1G75350.1	517	37
629042	3702.AT5G03940.1	513	129
614698	3702.AT1G78830.1	512	99
634573	3702.AT5G63310.1	510	53
630089	3702.AT5G14660.1	509	46
633445	3702.AT5G52840.1	508	36
635087	3702.ATCG00650.1	505	9
623968	3702.AT3G57560.1	502	58
611701	3702.AT1G48350.1	496	42
616181	3702.AT2G20260.1	495	21
634285	3702.AT5G60600.1	494	153
613291	3702.AT1G65260.1	486	58
616198	3702.AT2G20420.1	482	84
625034	3702.AT4G04020.1	478	91
621144	3702.AT3G19170.1	478	257
618290	3702.AT2G39990.1	477	77
618733	3702.AT2G44050.1	476	34
624727	3702.AT4G01050.1	475	81
624618	3702.AT4G00165.1	474	30
616453	3702.AT2G22780.1	471	66
627620	3702.AT4G29840.1	471	113
608487	3702.AT1G07140.1	470	30
618576	3702.AT2G42590.3	469	47
608558	3702.AT1G07770.1	469	58
634207	3702.AT5G59850.1	469	58
632736	3702.AT5G46290.3	468	79
623689	3702.AT3G54900.1	465	30
635090	3702.ATCG00680.1	464	55
608667	3702.AT1G08780.1	462	31
623735	3702.AT3G55330.1	461	63
618107	3702.AT2G38270.1	459	69
608775	3702.AT1G09780.1	456	112
617542	3702.AT2G33040.1	456	43
634868	3702.AT5G66040.1	455	29
614257	3702.AT1G74470.1	451	134
629622	3702.AT5G09810.1	449	82
612354	3702.AT1G54580.1	446	16
613294	3702.AT1G65290.1	446	15
630574	3702.AT5G19220.1	446	141
610794	3702.AT1G29900.1	444	201
626970	3702.AT4G23890.1	444	56
620055	3702.AT3G09440.1	442	166
617436	3702.AT2G32060.1	440	27
624369	3702.AT3G61440.1	438	89
616552	3702.AT2G23670.1	437	28
635078	3702.ATCG00540.1	435	78
634778	3702.AT5G65220.1	430	21
613152	3702.AT1G63970.1	427	45
624211	3702.AT3G59970.3	422	119
624901	3702.AT4G02580.1	419	39
614306	3702.AT1G74970.1	415	39
611282	3702.AT1G35160.2	414	60
608772	3702.AT1G09750.1	413	65
631350	3702.AT5G27470.1	412	79
630393	3702.AT5G17560.1	410	29
616330	3702.AT2G21530.1	407	50
625253	3702.AT4G08390.1	407	56
623941	3702.AT3G57290.1	406	102
612443	3702.AT1G55490.2	404	111
621877	3702.AT3G25860.1	404	102
623486	3702.AT3G52990.1	401	60
628710	3702.AT4G39970.1	400	68
626387	3702.AT4G18480.1	396	62
614334	3702.AT1G75270.1	395	47
607851	3702.AT1G01100.2	394	16
619741	3702.AT3G06050.1	393	44
627098	3702.AT4G25080.5	390	71
628080	3702.AT4G34050.1	388	50
611058	3702.AT1G32470.1	388	30
613839	3702.AT1G70410.2	387	46
608467	3702.AT1G06950.1	385	196
630634	3702.AT5G19770.1	384	132
630635	3702.AT5G19780.1	384	132
608839	3702.AT1G10370.1	380	33
634923	3702.AT5G66550.1	377	20
622878	3702.AT3G47370.1	375	22
620780	3702.AT3G15840.1	375	48
613506	3702.AT1G67280.1	374	75
612121	3702.AT1G52510.1	369	64
632836	3702.AT5G47190.1	367	35
629691	3702.AT5G10450.4	367	40
619090	3702.AT2G47450.1	367	78
629819	3702.AT5G11670.1	364	74
609554	3702.AT1G17050.1	364	60
617308	3702.AT2G30950.1	363	159
623858	3702.AT3G56490.1	361	27
611719	3702.AT1G48520.1	361	92
625782	3702.AT4G13430.1	358	105
633169	3702.AT5G50250.1	358	28
628494	3702.AT4G37910.1	358	108
627602	3702.AT4G29670.2	357	50
617697	3702.AT2G34460.1	357	20
629526	3702.AT5G08530.1	355	69
622844	3702.AT3G46970.1	355	140
632133	3702.AT5G40950.1	354	25
613650	3702.AT1G68590.1	350	16
619515	3702.AT3G04120.1	347	37
617552	3702.AT2G33150.1	347	69
622943	3702.AT3G48000.1	346	66
617794	3702.AT2G35370.1	344	26
620947	3702.AT3G17390.1	344	78
620364	3702.AT3G12260.1	343	42
616151	3702.AT2G19940.2	343	83
613212	3702.AT1G64510.1	340	26
620765	3702.AT3G15690.2	333	20
617290	3702.AT2G30790.1	332	13
613366	3702.AT1G65960.2	331	65
625711	3702.AT4G12800.1	331	24
621558	3702.AT3G22960.1	330	61
623874	3702.AT3G56650.1	330	45
631555	3702.AT5G35170.1	328	83
614864	3702.AT1G80480.1	326	66
616680	3702.AT2G24940.1	326	14
626382	3702.AT4G18440.1	324	44
620367	3702.AT3G12290.1	324	54
618267	3702.AT2G39800.1	321	85
613392	3702.AT1G66200.3	321	27
621646	3702.AT3G23700.1	319	54
634345	3702.AT5G61170.1	318	11
609112	3702.AT1G12840.1	316	49
635089	3702.ATCG00670.1	314	42
625733	3702.AT4G13010.1	314	28
627361	3702.AT4G27520.1	314	55
609895	3702.AT1G20440.1	311	41
608888	3702.AT1G10760.1	308	150
618963	3702.AT2G46280.1	308	45
634629	3702.AT5G63890.2	307	40
619561	3702.AT3G04550.1	307	47
623618	3702.AT3G54210.1	304	21
611751	3702.AT1G48830.1	304	10
633934	3702.AT5G57290.1	304	15
619233	3702.AT3G01520.1	303	31
623301	3702.AT3G51260.1	302	26
609448	3702.AT1G15980.1	301	51
634044	3702.AT5G58290.1	299	43
618734	3702.AT2G44060.1	298	55
630915	3702.AT5G23140.1	297	32
633461	3702.AT5G52970.1	295	31
623834	3702.AT3G56240.1	295	17
616802	3702.AT2G26080.1	294	150
609066	3702.AT1G12410.1	292	46
624155	3702.AT3G59400.1	290	19
621939	3702.AT3G26420.1	290	18
630188	3702.AT5G15650.1	290	60
609050	3702.AT1G12250.1	289	34
611370	3702.AT1G36390.2	287	21
630948	3702.AT5G23440.1	286	20
634514	3702.AT5G62790.2	286	73
632904	3702.AT5G47840.1	284	30
627129	3702.AT4G25370.1	284	41
627050	3702.AT4G24620.1	284	74
611027	3702.AT1G32200.1	282	49
632519	3702.AT5G44340.1	282	36
609381	3702.AT1G15340.1	279	30
615157	3702.AT2G03440.1	279	24
624941	3702.AT4G02930.1	276	50
614941	3702.AT2G01250.1	273	16
616599	3702.AT2G24200.1	272	71
608645	3702.AT1G08550.1	270	39
631875	3702.AT5G38470.1	269	32
629740	3702.AT5G10920.1	268	52
617168	3702.AT2G29630.2	268	65
616546	3702.AT2G23600.1	266	40
617386	3702.AT2G31610.1	266	26
619345	3702.AT3G02560.2	265	10
618914	3702.AT2G45770.2	263	40
629096	3702.AT5G04430.2	263	58
619193	3702.AT3G01280.1	259	34
622923	3702.AT3G47800.1	258	36
623586	3702.AT3G53900.2	257	38
629766	3702.AT5G11170.1	256	118
618695	3702.AT2G43710.1	253	91
626790	3702.AT4G22240.1	253	39
623583	3702.AT3G53870.1	252	26
616191	3702.AT2G20360.1	252	55
634822	3702.AT5G65620.1	252	87
608229	3702.AT1G04690.1	249	34
635122	3702.ATCG01110.1	247	44
634596	3702.AT5G63570.1	246	52
612358	3702.AT1G54630.1	246	8
635054	3702.ATCG00160.1	244	19
614305	3702.AT1G74960.2	242	36
631949	3702.AT5G39210.1	242	21
620170	3702.AT3G10520.1	242	19
620609	3702.AT3G14310.1	239	48
618826	3702.AT2G44920.2	238	20
616828	3702.AT2G26340.2	237	34
610770	3702.AT1G29660.1	235	30
633997	3702.AT5G57850.1	234	29
612069	3702.AT1G51980.1	233	43
619803	3702.AT3G06610.1	232	8
627004	3702.AT4G24190.1	232	83
608627	3702.AT1G08380.1	231	4
611864	3702.AT1G49970.1	231	54
627256	3702.AT4G26500.1	230	38
620037	3702.AT3G09260.1	229	31
623051	3702.AT3G48990.1	229	39
618915	3702.AT2G45790.1	227	23
610928	3702.AT1G31180.1	226	32
630329	3702.AT5G16970.1	226	63
624346	3702.AT3G61220.2	224	29
611951	3702.AT1G50900.1	224	10
620847	3702.AT3G16470.2	224	49
618883	3702.AT2G45470.1	223	27
621240	3702.AT3G20050.1	221	54
611728	3702.AT1G48600.2	221	41
612987	3702.AT1G62380.1	221	23
625523	3702.AT4G11010.1	220	33
631081	3702.AT5G24650.1	220	24
616132	3702.AT2G19760.1	220	19
634277	3702.AT5G60540.1	220	41
608700	3702.AT1G09130.3	219	58
613829	3702.AT1G70310.1	219	50
634800	3702.AT5G65430.3	218	23
609120	3702.AT1G12900.1	218	32
615954	3702.AT2G18020.1	217	15
623662	3702.AT3G54660.1	216	51
624795	3702.AT4G01690.1	216	46
623553	3702.AT3G53580.1	214	45
610562	3702.AT1G27450.3	213	26
631988	3702.AT5G39570.1	213	40
608262	3702.AT1G05010.1	213	26
616989	3702.AT2G27860.1	213	47
621733	3702.AT3G24503.1	213	57
630563	3702.AT5G19140.1	212	26
631410	3702.AT5G28050.2	212	20
633339	3702.AT5G51820.1	211	52
614840	3702.AT1G80230.1	211	20
623595	3702.AT3G53990.1	211	8
629982	3702.AT5G13630.1	210	141
631064	3702.AT5G24490.1	210	27
630591	3702.AT5G19370.1	210	44
625466	3702.AT4G10480.1	210	24
629769	3702.AT5G11200.2	209	118
633632	3702.AT5G54500.2	209	16
620506	3702.AT3G13470.1	208	49
619868	3702.AT3G07230.1	208	2
622785	3702.AT3G46430.1	206	16
634184	3702.AT5G59613.1	206	16
616735	3702.AT2G25450.1	206	36
624737	3702.AT4G01150.1	205	20
623643	3702.AT3G54470.1	205	36
616129	3702.AT2G19730.3	205	8
630690	3702.AT5G20290.1	204	15
621659	3702.AT3G23810.1	204	37
619964	3702.AT3G08590.2	203	40
623113	3702.AT3G49560.1	203	23
630042	3702.AT5G14200.1	201	38
619399	3702.AT3G03070.1	201	4
632495	3702.AT5G44130.1	200	25
633595	3702.AT5G54160.1	200	34
627503	3702.AT4G28750.1	199	10
625585	3702.AT4G11600.1	199	18
619617	3702.AT3G05020.1	198	7
634260	3702.AT5G60360.3	197	22
619273	3702.AT3G01910.1	196	45
622143	3702.AT3G28220.1	196	45
612732	3702.AT1G59900.1	196	31
614877	3702.AT1G80600.1	195	31
612506	3702.AT1G56050.1	194	34
620769	3702.AT3G15730.1	194	56
630747	3702.AT5G20890.1	194	37
623817	3702.AT3G56070.1	194	27
623009	3702.AT3G48560.1	194	46
618083	3702.AT2G38040.1	194	61
611193	3702.AT1G34000.1	193	18
609582	3702.AT1G17290.1	193	41
633238	3702.AT5G50850.1	193	27
610718	3702.AT1G29150.1	193	31
611453	3702.AT1G43560.1	192	13
628784	3702.AT5G01530.1	190	28
608778	3702.AT1G09795.1	189	27
629528	3702.AT5G08540.1	189	25
619417	3702.AT3G03250.1	188	43
631250	3702.AT5G26360.1	188	44
626226	3702.AT4G17040.1	188	27
614561	3702.AT1G77510.1	188	42
611753	3702.AT1G48850.1	187	17
634876	3702.AT5G66090.1	186	39
634290	3702.AT5G60640.1	186	36
622540	3702.AT3G44100.1	186	6
624828	3702.AT4G01940.1	186	19
621622	3702.AT3G23490.1	184	21
629793	3702.AT5G11420.1	184	20
616315	3702.AT2G21385.4	184	36
629363	3702.AT5G07020.1	184	13
623040	3702.AT3G48870.1	184	82
632838	3702.AT5G47210.1	184	24
628036	3702.AT4G33640.1	183	9
625447	3702.AT4G10300.1	183	15
608598	3702.AT1G08110.4	183	15
627592	3702.AT4G29590.1	183	22
630101	3702.AT5G14780.1	182	38
608980	3702.AT1G11650.2	182	26
608089	3702.AT1G03330.1	181	7
616971	3702.AT2G27680.1	181	34
619701	3702.AT3G05730.1	181	4
617087	3702.AT2G28790.1	180	23
610843	3702.AT1G30380.1	179	6
627384	3702.AT4G27700.1	179	19
625636	3702.AT4G12060.1	178	25
614013	3702.AT1G72150.1	178	41
610253	3702.AT1G23820.1	178	39
612111	3702.AT1G52410.2	177	47
628021	3702.AT4G33510.1	177	34
619027	3702.AT2G46820.1	176	9
630048	3702.AT5G14260.1	176	37
627992	3702.AT4G33250.1	176	13
615963	3702.AT2G18110.1	176	24
630082	3702.AT5G14590.1	176	42
612274	3702.AT1G53850.1	175	21
611029	3702.AT1G32220.1	175	20
635060	3702.ATCG00270.1	174	11
626046	3702.AT4G15545.1	174	36
633609	3702.AT5G54270.1	172	18
620682	3702.AT3G14990.1	172	34
611519	3702.AT1G44790.1	171	18
630269	3702.AT5G16400.1	171	14
629152	3702.AT5G05010.1	170	33
608642	3702.AT1G08520.1	170	45
616564	3702.AT2G23820.2	169	12
629123	3702.AT5G04740.1	168	35
623434	3702.AT3G52500.1	168	43
618622	3702.AT2G43030.1	168	33
623713	3702.AT3G55120.1	166	23
618745	3702.AT2G44160.1	166	32
610110	3702.AT1G22450.1	165	16
617758	3702.AT2G35040.1	165	45
627694	3702.AT4G30530.1	164	16
624297	3702.AT3G60820.1	164	15
613955	3702.AT1G71500.1	163	24
623823	3702.AT3G56130.1	163	9
624808	3702.AT4G01800.2	163	81
609642	3702.AT1G17880.1	163	8
628184	3702.AT4G35000.1	161	26
622924	3702.AT3G47810.2	161	16
620760	3702.AT3G15640.1	161	13
624905	3702.AT4G02620.1	161	8
613872	3702.AT1G70730.3	160	48
634041	3702.AT5G58260.1	160	19
619499	3702.AT3G03960.1	160	37
629961	3702.AT5G13410.1	160	28
628397	3702.AT4G37000.1	160	29
635044	3702.ATCG00020.1	157	16
635123	3702.ATCG01120.1	156	4
623705	3702.AT3G55040.1	156	28
624557	3702.AT3G63160.1	155	6
611910	3702.AT1G50480.1	154	58
609157	3702.AT1G13270.1	154	15
624014	3702.AT3G58010.1	154	15
617279	3702.AT2G30695.2	153	20
616303	3702.AT2G21250.1	153	15
617560	3702.AT2G33210.1	152	34
621951	3702.AT3G26520.1	152	3
620190	3702.AT3G10670.1	151	18
617132	3702.AT2G29290.2	148	13
613124	3702.AT1G63660.1	146	39
627309	3702.AT4G27000.1	146	16
608371	3702.AT1G06000.1	145	35
613120	3702.AT1G63610.2	145	23
612552	3702.AT1G56450.1	144	18
627528	3702.AT4G29010.1	144	28
621475	3702.AT3G22200.2	142	23
615277	3702.AT2G04700.1	141	8
628771	3702.AT5G01410.1	141	18
617139	3702.AT2G29360.1	140	14
624973	3702.AT4G03205.2	140	32
614208	3702.AT1G74030.1	140	34
618232	3702.AT2G39470.1	140	13
630985	3702.AT5G23820.1	139	12
632789	3702.AT5G46800.1	139	16
620151	3702.AT3G10350.2	139	33
630653	3702.AT5G19940.1	139	18
628579	3702.AT4G38740.1	138	13
617310	3702.AT2G30970.1	138	22
607974	3702.AT1G02280.1	138	17
633644	3702.AT5G54600.1	137	14
631806	3702.AT5G37850.1	137	25
617097	3702.AT2G28900.1	137	11
610792	3702.AT1G29880.1	136	37
609844	3702.AT1G19920.1	136	27
618481	3702.AT2G41680.1	136	33
613418	3702.AT1G66430.1	136	22
626475	3702.AT4G19210.1	135	33
615496	3702.AT2G09990.1	135	9
620303	3702.AT3G11710.1	135	31
611477	3702.AT1G43800.1	134	58
613397	3702.AT1G66240.1	134	8
610035	3702.AT1G21750.1	133	43
628968	3702.AT5G03300.1	133	19
630168	3702.AT5G15450.1	132	48
620797	3702.AT3G16000.1	132	33
620327	3702.AT3G11930.3	132	15
629856	3702.AT5G12040.1	132	25
631287	3702.AT5G26830.1	129	47
633012	3702.AT5G48790.1	129	15
610996	3702.AT1G31860.1	129	15
614109	3702.AT1G73110.1	129	23
627603	3702.AT4G29680.1	129	21
627100	3702.AT4G25100.1	128	17
623053	3702.AT3G49010.3	128	7
620317	3702.AT3G11830.1	128	31
623726	3702.AT3G55250.1	126	19
612649	3702.AT1G58290.1	126	33
630351	3702.AT5G17170.1	126	14
626697	3702.AT4G21445.1	126	7
609853	3702.AT1G20010.1	125	30
633666	3702.AT5G54810.1	124	21
611865	3702.AT1G49975.1	124	8
619586	3702.AT3G04770.1	124	46
620218	3702.AT3G10920.1	124	13
614104	3702.AT1G73060.1	123	19
611588	3702.AT1G47260.1	123	14
615886	3702.AT2G17390.1	122	22
630232	3702.AT5G16050.1	122	10
616792	3702.AT2G25970.1	122	12
633822	3702.AT5G56260.1	122	15
627777	3702.AT4G31300.2	121	9
620580	3702.AT3G14067.1	121	31
629597	3702.AT5G09590.1	121	47
630712	3702.AT5G20500.1	121	6
621323	3702.AT3G20820.1	120	24
617698	3702.AT2G34470.2	120	15
618853	3702.AT2G45180.1	120	7
629234	3702.AT5G05780.1	120	16
628276	3702.AT4G35830.1	120	25
611608	3702.AT1G47420.1	120	15
621885	3702.AT3G25920.1	119	13
626964	3702.AT4G23850.1	119	27
615956	3702.AT2G18040.1	119	5
629840	3702.AT5G11880.1	119	36
627467	3702.AT4G28440.1	119	9
612478	3702.AT1G55805.1	119	10
614931	3702.AT2G01140.1	118	13
623274	3702.AT3G51000.1	117	9
616260	3702.AT2G20860.1	117	15
626838	3702.AT4G22670.1	116	12
620745	3702.AT3G15520.1	116	34
620897	3702.AT3G16910.1	115	20
622275	3702.AT3G29360.1	115	16
630337	3702.AT5G17050.1	114	14
615198	3702.AT2G03870.2	114	4
630933	3702.AT5G23310.1	114	14
632670	3702.AT5G45680.1	114	12
612071	3702.AT1G52000.1	114	26
617585	3702.AT2G33430.1	113	10
629867	3702.AT5G12140.1	113	7
632351	3702.AT5G42890.1	112	4
608610	3702.AT1G08200.1	112	30
632923	3702.AT5G48020.1	112	14
613468	3702.AT1G66900.1	111	20
617159	3702.AT2G29550.1	111	21
634879	3702.AT5G66120.2	111	16
615326	3702.AT2G05380.1	111	6
632243	3702.AT5G41970.1	110	22
630644	3702.AT5G19860.1	109	9
610191	3702.AT1G23190.1	109	24
607960	3702.AT1G02140.1	109	11
611335	3702.AT1G35680.1	109	11
617739	3702.AT2G34860.2	109	7
633355	3702.AT5G51970.1	109	18
611841	3702.AT1G49750.1	109	24
633676	3702.AT5G54900.1	109	12
621062	3702.AT3G18420.1	108	15
614802	3702.AT1G79850.1	108	5
620566	3702.AT3G13930.1	108	26
628251	3702.AT4G35630.1	108	19
622410	3702.AT3G42050.1	108	16
634640	3702.AT5G63980.1	108	21
630783	3702.AT5G21430.1	107	14
632747	3702.AT5G46390.2	106	18
619578	3702.AT3G04720.1	106	5
634940	3702.AT5G66680.1	106	26
632944	3702.AT5G48220.1	106	27
614515	3702.AT1G77060.1	105	16
609963	3702.AT1G21065.1	105	16
622786	3702.AT3G46440.2	105	8
632255	3702.AT5G42070.1	104	8
614123	3702.AT1G73230.1	104	4
631587	3702.AT5G35530.1	104	9
630273	3702.AT5G16440.1	102	11
608283	3702.AT1G05205.1	102	2
629734	3702.AT5G10860.1	102	18
621699	3702.AT3G24170.1	102	12
628974	3702.AT5G03350.1	101	15
632293	3702.AT5G42390.1	101	51
616861	3702.AT2G26670.1	101	16
623299	3702.AT3G51240.1	100	19
631039	3702.AT5G24300.1	99.9	23
629035	3702.AT5G03880.1	99.8	18
632817	3702.AT5G47030.1	99.7	18
634948	3702.AT5G66760.1	99.1	22
632256	3702.AT5G42080.1	99.0	35
613882	3702.AT1G70820.1	99.0	30
626048	3702.AT4G15560.1	98.5	16
609647	3702.AT1G17940.1	98.3	123
610613	3702.AT1G27970.2	98.2	7
612564	3702.AT1G56580.1	98.1	6
614140	3702.AT1G73390.3	97.8	123
615313	3702.AT2G05220.2	97.7	1
634410	3702.AT5G61780.1	97.1	37
608443	3702.AT1G06690.1	97.1	13
620120	3702.AT3G10060.1	96.8	12
610329	3702.AT1G24510.1	96.5	25
631773	3702.AT5G37510.2	96.2	32
632210	3702.AT5G41670.2	96.1	17
631008	3702.AT5G24020.1	95.2	15
626118	3702.AT4G16143.2	95.1	20
614743	3702.AT1G79230.1	95.0	23
630660	3702.AT5G20010.1	94.9	6
630907	3702.AT5G23060.1	94.5	13
618656	3702.AT2G43360.1	94.4	12
609619	3702.AT1G17650.1	94.0	13
623538	3702.AT3G53430.1	93.9	6
628211	3702.AT4G35250.1	93.6	23
628621	3702.AT4G39150.1	93.1	9
621022	3702.AT3G18080.1	93.1	12
612263	3702.AT1G53750.1	93.0	18
634468	3702.AT5G62350.1	92.7	4
614517	3702.AT1G77090.1	91.8	10
620209	3702.AT3G10850.1	91.5	8
624813	3702.AT4G01850.1	91.5	14
619674	3702.AT3G05530.1	90.3	17
632972	3702.AT5G48480.1	89.7	8
628689	3702.AT4G39800.1	89.7	14
625379	3702.AT4G09670.1	89.3	14
623660	3702.AT3G54640.1	88.9	9
614214	3702.AT1G74070.1	88.2	11
633455	3702.AT5G52920.1	87.9	20
619655	3702.AT3G05350.1	87.9	40
620824	3702.AT3G16250.1	87.8	6
618389	3702.AT2G40840.1	87.7	46
618766	3702.AT2G44350.2	87.5	23
622489	3702.AT3G43540.1	87.4	9
619980	3702.AT3G08740.1	87.4	13
612624	3702.AT1G58080.1	87.1	12
618732	3702.AT2G44040.1	86.9	13
616497	3702.AT2G23120.1	86.4	1
622153	3702.AT3G28300.1	86.4	20
622151	3702.AT3G28290.1	86.4	20
609047	3702.AT1G12230.2	86.4	15
630639	3702.AT5G19820.1	86.0	55
612205	3702.AT1G53280.1	85.9	15
634446	3702.AT5G62140.1	85.6	11
621724	3702.AT3G24430.1	85.4	18
626633	3702.AT4G20850.1	85.3	55
623022	3702.AT3G48690.1	85.3	8
608000	3702.AT1G02500.1	84.0	12
628087	3702.AT4G34120.1	83.8	10
618530	3702.AT2G42130.4	83.5	9
620477	3702.AT3G13235.1	83.3	14
628058	3702.AT4G33865.1	83.3	6
622529	3702.AT3G43980.1	83.3	6
622532	3702.AT3G44010.1	83.3	6
633868	3702.AT5G56680.1	83.2	19
625320	3702.AT4G09040.1	83.2	9
608563	3702.AT1G07820.1	82.9	24
622734	3702.AT3G45930.1	82.9	24
617083	3702.AT2G28740.1	82.9	24
622774	3702.AT3G46320.1	82.9	24
608544	3702.AT1G07660.1	82.9	24
634190	3702.AT5G59690.1	82.9	24
634219	3702.AT5G59970.1	82.9	24
623569	3702.AT3G53730.1	82.9	24
621672	3702.AT3G23940.1	82.6	48
628086	3702.AT4G34110.1	82.3	18
613444	3702.AT1G66670.1	82.2	11
611974	3702.AT1G51110.1	81.7	14
613783	3702.AT1G69830.1	81.3	43
628158	3702.AT4G34740.1	81.0	20
609660	3702.AT1G18070.3	80.8	20
617214	3702.AT2G30060.1	80.7	8
626423	3702.AT4G18810.2	80.4	20
634754	3702.AT5G65010.2	80.3	26
620565	3702.AT3G13920.2	80.3	8
611842	3702.AT1G49760.1	79.8	23
611428	3702.AT1G42960.1	79.7	6
629879	3702.AT5G12250.1	79.5	13
630054	3702.AT5G14320.1	79.1	7
615356	3702.AT2G05830.1	79.1	18
622256	3702.AT3G29185.2	78.6	15
614207	3702.AT1G74020.1	78.6	12
622149	3702.AT3G28270.1	78.4	12
610587	3702.AT1G27680.1	78.4	10
611884	3702.AT1G50200.1	78.2	34
618763	3702.AT2G44310.1	77.6	4
611535	3702.AT1G45000.1	77.4	10
621174	3702.AT3G19450.1	77.2	10
623066	3702.AT3G49120.1	77.0	14
614645	3702.AT1G78300.1	76.9	9
614697	3702.AT1G78820.1	76.6	15
630750	3702.AT5G20920.3	76.5	5
618418	3702.AT2G41100.4	76.5	12
628526	3702.AT4G38220.2	76.1	20
624027	3702.AT3G58140.1	75.3	20
610314	3702.AT1G24360.1	75.2	11
630303	3702.AT5G16715.1	75.2	16
633558	3702.AT5G53850.2	75.2	16
635094	3702.ATCG00720.1	75.2	5
616219	3702.AT2G20580.1	74.9	28
633265	3702.AT5G51110.1	74.7	8
613962	3702.AT1G71695.1	74.2	14
625995	3702.AT4G15110.1	73.9	23
622954	3702.AT3G48110.1	73.9	30
610929	3702.AT1G31190.1	73.9	12
611239	3702.AT1G34430.1	73.8	14
626042	3702.AT4G15510.1	73.7	9
628676	3702.AT4G39710.1	73.6	7
619084	3702.AT2G47390.1	73.4	33
628709	3702.AT4G39960.1	73.1	14
626122	3702.AT4G16155.1	73.0	17
620158	3702.AT3G10410.1	72.8	10
629470	3702.AT5G08050.1	72.8	3
610108	3702.AT1G22430.1	72.8	10
631263	3702.AT5G26667.1	72.4	7
607849	3702.AT1G01080.2	72.2	13
614159	3702.AT1G73600.2	71.3	12
620704	3702.AT3G15190.1	71.2	9
610924	3702.AT1G31160.1	71.2	6
609518	3702.AT1G16720.1	70.8	17
610106	3702.AT1G22410.1	70.2	18
635074	3702.ATCG00500.1	70.0	21
619140	3702.AT2G47940.1	69.8	17
619308	3702.AT3G02230.1	69.7	13
627492	3702.AT4G28660.2	69.6	5
627736	3702.AT4G30920.1	69.5	12
614234	3702.AT1G74260.1	69.4	27
630666	3702.AT5G20060.2	69.2	6
632249	3702.AT5G42020.1	69.2	18
615881	3702.AT2G17340.1	69.1	13
623551	3702.AT3G53560.1	68.4	11
629497	3702.AT5G08300.1	68.2	5
626868	3702.AT4G22930.1	68.2	10
619342	3702.AT3G02540.1	68.0	12
632006	3702.AT5G39730.1	67.9	6
614272	3702.AT1G74640.1	67.3	6
612337	3702.AT1G54410.1	67.1	2
632462	3702.AT5G43830.1	66.8	9
619402	3702.AT3G03100.1	66.3	3
614751	3702.AT1G79340.1	66.3	12
611172	3702.AT1G33810.1	66.2	3
608896	3702.AT1G10840.1	66.2	10
621811	3702.AT3G25230.2	66.2	7
615035	3702.AT2G02100.1	66.0	1
630931	3702.AT5G23290.1	66.0	4
618016	3702.AT2G37400.1	66.0	12
625462	3702.AT4G10450.1	65.7	4
627804	3702.AT4G31530.2	65.7	13
628419	3702.AT4G37200.1	65.6	7
614399	3702.AT1G75950.1	65.5	3
624668	3702.AT4G00570.1	65.3	16
631208	3702.AT5G25940.1	64.7	2
612322	3702.AT1G54270.1	64.5	13
632335	3702.AT5G42765.1	64.2	7
617483	3702.AT2G32520.1	63.9	4
618499	3702.AT2G41840.1	63.9	5
617884	3702.AT2G36230.1	63.9	8
614873	3702.AT1G80560.1	63.8	8
613857	3702.AT1G70580.2	63.8	11
611869	3702.AT1G50010.1	63.7	32
608241	3702.AT1G04820.1	63.7	32
627276	3702.AT4G26690.1	63.5	26
613475	3702.AT1G66970.2	63.1	24
615586	3702.AT2G13560.1	62.8	12
634209	3702.AT5G59870.1	62.6	4
627306	3702.AT4G26970.1	62.5	19
618430	3702.AT2G41220.1	62.4	113
613646	3702.AT1G68560.1	61.1	30
628967	3702.AT5G03290.1	60.7	8
623701	3702.AT3G55005.1	60.6	7
633517	3702.AT5G53480.1	60.5	20
610523	3702.AT1G27090.1	60.1	12
618327	3702.AT2G40290.1	60.1	9
609659	3702.AT1G18060.1	59.8	6
608043	3702.AT1G02920.1	59.5	7
609048	3702.AT1G12240.1	59.4	26
625847	3702.AT4G14030.1	59.3	16
610807	3702.AT1G29990.1	59.2	3
614335	3702.AT1G75280.1	59.2	8
619362	3702.AT3G02720.1	59.1	10
617227	3702.AT2G30200.1	59.1	9
616182	3702.AT2G20270.2	59.1	8
625908	3702.AT4G14430.1	58.9	8
608856	3702.AT1G10522.2	58.8	3
627914	3702.AT4G32520.1	58.7	18
608078	3702.AT1G03220.1	58.7	11
617390	3702.AT2G31670.1	58.7	10
627960	3702.AT4G32930.2	58.5	4
622225	3702.AT3G28940.1	58.3	4
610143	3702.AT1G22780.1	58.3	6
611196	3702.AT1G34030.1	58.3	6
625393	3702.AT4G09800.1	58.3	6
632405	3702.AT5G43330.1	58.2	10
617846	3702.AT2G35840.3	58.2	10
614761	3702.AT1G79440.1	58.2	11
609672	3702.AT1G18210.1	57.7	9
611511	3702.AT1G44575.1	57.5	8
634755	3702.AT5G65020.1	57.1	7
629797	3702.AT5G11450.1	57.1	6
616481	3702.AT2G22990.3	56.7	6
620461	3702.AT3G13160.1	56.6	11
626278	3702.AT4G17560.1	56.6	7
613241	3702.AT1G64770.3	56.2	5
627970	3702.AT4G33030.1	56.1	17
608222	3702.AT1G04640.2	55.8	5
610182	3702.AT1G23130.1	55.1	3
622108	3702.AT3G27890.1	54.7	3
622819	3702.AT3G46740.1	54.7	17
624695	3702.AT4G00810.1	54.6	2
613817	3702.AT1G70190.1	53.9	3
616854	3702.AT2G26590.2	53.9	8
610000	3702.AT1G21440.1	53.6	6
633137	3702.AT5G49970.1	52.8	13
633850	3702.AT5G56500.2	52.6	19
629364	3702.AT5G07030.1	52.0	7
608417	3702.AT1G06430.1	52.0	28
632254	3702.AT5G42060.1	52.0	1
629693	3702.AT5G10470.2	51.8	27
608685	3702.AT1G08980.1	51.7	11
631281	3702.AT5G26780.3	51.4	16
625848	3702.AT4G14040.1	51.3	15
614339	3702.AT1G75330.1	51.3	9
619340	3702.AT3G02520.1	51.3	4
619598	3702.AT3G04870.2	51.2	17
617157	3702.AT2G29530.3	51.2	3
626951	3702.AT4G23710.1	51.0	3
626671	3702.AT4G21210.1	50.9	10
620775	3702.AT3G15790.1	50.6	4
634850	3702.AT5G65880.1	50.5	1
627837	3702.AT4G31840.1	50.5	5
632890	3702.AT5G47700.1	50.5	1
631781	3702.AT5G37600.1	50.4	5
614559	3702.AT1G77490.1	50.4	6
628127	3702.AT4G34450.1	50.4	15
619926	3702.AT3G07770.1	50.2	17
631340	3702.AT5G27380.1	50.1	10
608992	3702.AT1G11750.2	50.1	7
611973	3702.AT1G51100.1	50.1	3
611307	3702.AT1G35420.2	50.0	5
629265	3702.AT5G06060.1	49.9	8
634305	3702.AT5G60790.1	49.7	13
620157	3702.AT3G10405.1	49.6	4
628574	3702.AT4G38680.1	49.3	3
621177	3702.AT3G19480.1	49.2	14
618027	3702.AT2G37500.1	49.2	8
614300	3702.AT1G74920.1	49.0	6
622541	3702.AT3G44110.1	48.5	4
621678	3702.AT3G23990.1	48.4	12
629661	3702.AT5G10160.1	48.3	11
611543	3702.AT1G45145.1	47.8	3
625973	3702.AT4G14960.2	47.8	12
625690	3702.AT4G12600.2	47.6	2
622092	3702.AT3G27740.1	47.6	8
622957	3702.AT3G48140.1	47.4	2
609419	3702.AT1G15730.1	47.4	5
612537	3702.AT1G56330.1	47.2	3
634154	3702.AT5G59320.1	47.2	2
623103	3702.AT3G49470.1	47.2	8
618628	3702.AT2G43090.1	46.9	7
628674	3702.AT4G39690.1	46.9	15
633263	3702.AT5G51100.1	46.6	6
614952	3702.AT2G01350.1	46.3	5
608518	3702.AT1G07440.1	46.1	6
628109	3702.AT4G34290.1	46.1	2
629409	3702.AT5G07470.1	45.9	6
629701	3702.AT5G10540.1	45.9	14
633999	3702.AT5G57870.1	45.8	14
631648	3702.AT5G36160.1	45.8	4
633316	3702.AT5G51610.1	45.7	17
626274	3702.AT4G17520.1	45.6	6
620072	3702.AT3G09630.1	45.6	6
635120	3702.ATCG01090.1	45.4	4
631291	3702.AT5G26860.1	45.3	19
628431	3702.AT4G37300.1	45.0	6
624170	3702.AT3G59540.1	44.7	2
618668	3702.AT2G43460.1	44.7	2
620000	3702.AT3G08940.2	44.5	6
620908	3702.AT3G17020.1	44.4	2
616225	3702.AT2G20610.1	44.4	9
615978	3702.AT2G18230.1	44.4	3
620618	3702.AT3G14390.1	44.1	14
631251	3702.AT5G26570.1	44.0	23
624558	3702.AT3G63170.1	43.9	5
634679	3702.AT5G64350.1	43.8	2
625753	3702.AT4G13200.1	43.7	4
635086	3702.ATCG00640.1	43.7	1
631055	3702.AT5G24400.1	43.6	10
619893	3702.AT3G07480.1	43.6	2
614811	3702.AT1G79930.1	43.3	17
609027	3702.AT1G12050.1	43.2	6
631653	3702.AT5G36210.1	43.1	15
623636	3702.AT3G54400.1	42.9	4
615180	3702.AT2G03680.2	42.9	2
611364	3702.AT1G36280.1	42.8	5
613126	3702.AT1G63680.1	42.3	17
622041	3702.AT3G27300.2	42.3	11
624246	3702.AT3G60318.1	42.2	1
621347	3702.AT3G21055.1	42.2	3
608639	3702.AT1G08490.1	42.1	7
610789	3702.AT1G29850.3	42.1	3
614312	3702.AT1G75040.1	42.0	5
625449	3702.AT4G10320.1	41.9	16
613514	3702.AT1G67350.1	41.9	5
619117	3702.AT2G47710.1	41.6	4
610179	3702.AT1G23100.1	41.5	7
635081	3702.ATCG00570.1	41.3	1
607891	3702.AT1G01470.1	41.2	2
626232	3702.AT4G17090.1	41.2	13
608182	3702.AT1G04270.1	41.1	3
617868	3702.AT2G36060.2	41.0	5
633089	3702.AT5G49510.1	40.8	4
621034	3702.AT3G18190.1	40.8	8
612210	3702.AT1G53310.3	40.7	16
611887	3702.AT1G50250.1	40.7	12
620255	3702.AT3G11270.1	40.5	6
623336	3702.AT3G51600.1	40.3	2
619773	3702.AT3G06350.1	40.2	15
616899	3702.AT2G27020.1	40.1	5
635131	3702.ATCG01310.1	40.1	6
635105	3702.ATCG00830.1	40.1	6
612988	3702.AT1G62390.1	40.0	12
622960	3702.AT3G48170.1	40.0	8
614671	3702.AT1G78570.1	39.8	8
630268	3702.AT5G16390.1	39.4	6
632697	3702.AT5G45930.1	39.3	5
608171	3702.AT1G04170.1	39.2	6
628084	3702.AT4G34090.3	39.0	11
610527	3702.AT1G27130.1	39.0	3
629539	3702.AT5G08640.1	38.9	5
618918	3702.AT2G45820.1	38.9	1
615390	3702.AT2G06850.1	38.8	7
610030	3702.AT1G21720.1	38.7	3
618191	3702.AT2G39080.1	38.7	7
634647	3702.AT5G64050.1	38.7	7
607962	3702.AT1G02150.1	38.7	10
627638	3702.AT4G30010.1	38.7	1
610728	3702.AT1G29250.1	38.6	3
614649	3702.AT1G78360.1	38.2	4
627071	3702.AT4G24820.1	38.1	6
627298	3702.AT4G26900.1	37.8	12
609006	3702.AT1G11870.2	37.5	9
610006	3702.AT1G21500.1	37.4	14
620802	3702.AT3G16050.1	37.0	9
626044	3702.AT4G15530.5	36.7	12
624087	3702.AT3G58730.1	36.6	5
625567	3702.AT4G11420.1	36.3	14
616338	3702.AT2G21620.2	36.2	4
628154	3702.AT4G34700.1	36.1	2
617754	3702.AT2G35010.2	36.0	5
627703	3702.AT4G30620.1	35.9	5
631656	3702.AT5G36230.1	35.9	9
630240	3702.AT5G16130.1	35.7	1
634239	3702.AT5G60160.1	35.6	11
623502	3702.AT3G53130.1	35.5	7
625909	3702.AT4G14440.1	35.4	4
619567	3702.AT3G04610.1	35.1	8
627080	3702.AT4G24930.1	35.1	5
625953	3702.AT4G14800.2	35.1	4
630450	3702.AT5G18100.1	34.9	4
634077	3702.AT5G58590.1	34.8	6
629820	3702.AT5G11680.1	34.8	2
633515	3702.AT5G53460.1	34.7	32
628297	3702.AT4G36020.1	34.7	5
623441	3702.AT3G52560.4	34.6	3
615219	3702.AT2G04039.3	34.5	5
628040	3702.AT4G33670.1	34.4	4
618251	3702.AT2G39670.2	34.3	8
627233	3702.AT4G26300.1	34.1	15
632945	3702.AT5G48230.2	34.0	10
621206	3702.AT3G19710.1	33.9	3
616414	3702.AT2G22360.1	33.9	7
630159	3702.AT5G15350.1	33.9	4
623743	3702.AT3G55410.1	33.8	12
634944	3702.AT5G66720.1	33.7	4
628048	3702.AT4G33760.1	33.6	8
634382	3702.AT5G61510.1	33.5	7
617529	3702.AT2G32920.1	33.3	10
626315	3702.AT4G17870.1	33.3	4
629014	3702.AT5G03690.1	33.0	3
629008	3702.AT5G03630.1	32.8	6
613216	3702.AT1G64550.1	32.7	8
632339	3702.AT5G42790.1	32.6	3
617067	3702.AT2G28605.1	32.4	3
609915	3702.AT1G20630.1	32.0	5
631353	3702.AT5G27510.1	32.0	8
627501	3702.AT4G28730.1	31.9	2
630668	3702.AT5G20080.1	31.9	6
627150	3702.AT4G25550.1	31.7	3
610986	3702.AT1G31800.1	31.6	11
629703	3702.AT5G10560.1	31.6	16
626072	3702.AT4G15770.1	31.5	3
623767	3702.AT3G55610.1	31.5	7
608757	3702.AT1G09620.1	31.5	16
628585	3702.AT4G38800.1	31.4	8
614299	3702.AT1G74910.1	31.3	5
609056	3702.AT1G12310.1	31.3	3
614068	3702.AT1G72690.1	31.3	1
620683	3702.AT3G15000.1	31.3	4
633021	3702.AT5G48880.2	31.2	5
627976	3702.AT4G33090.1	31.1	20
635029	3702.AT5G67500.2	31.1	5
632016	3702.AT5G39830.1	30.9	7
608319	3702.AT1G05560.1	30.8	5
628558	3702.AT4G38510.5	30.5	8
610860	3702.AT1G30530.1	30.5	4
629847	3702.AT5G11950.1	30.5	4
612138	3702.AT1G52670.1	30.4	2
624567	3702.AT3G63250.1	30.4	7
623404	3702.AT3G52200.2	30.4	7
617220	3702.AT2G30110.1	30.2	20
622807	3702.AT3G46630.1	30.0	4
626728	3702.AT4G21720.1	30.0	14
609236	3702.AT1G14030.1	29.7	5
613213	3702.AT1G64520.1	29.7	4
611444	3702.AT1G43170.8	29.6	4
630142	3702.AT5G15200.1	29.6	2
610870	3702.AT1G30630.1	29.5	5
622027	3702.AT3G27160.1	29.5	1
624306	3702.AT3G60900.1	29.3	6
620836	3702.AT3G16370.1	29.3	3
624206	3702.AT3G59920.1	29.2	5
618741	3702.AT2G44120.2	29.2	4
628618	3702.AT4G39120.1	29.0	4
609953	3702.AT1G20950.1	28.6	8
623003	3702.AT3G48500.2	28.6	10
628670	3702.AT4G39660.1	28.4	5
615669	3702.AT2G14880.1	28.2	1
628208	3702.AT4G35220.1	28.2	2
624064	3702.AT3G58510.2	28.2	6
622271	3702.AT3G29320.1	28.1	12
628552	3702.AT4G38460.1	28.1	5
633718	3702.AT5G55280.1	27.9	4
631534	3702.AT5G34850.1	27.8	9
624411	3702.AT3G61820.1	27.7	3
609573	3702.AT1G17220.1	27.7	8
608072	3702.AT1G03160.1	27.7	13
618512	3702.AT2G41950.1	27.6	6
633410	3702.AT5G52520.1	27.5	8
608712	3702.AT1G09210.1	27.5	8
609484	3702.AT1G16350.1	27.4	4
632364	3702.AT5G42970.1	27.4	4
622590	3702.AT3G44620.2	27.4	3
610425	3702.AT1G26220.1	27.2	3
613889	3702.AT1G70890.1	27.2	3
621007	3702.AT3G17930.1	27.0	1
625919	3702.AT4G14540.1	27.0	1
609896	3702.AT1G20450.1	26.9	7
635101	3702.ATCG00790.1	26.9	1
613341	3702.AT1G65700.3	26.8	2
628244	3702.AT4G35570.1	26.7	1
611410	3702.AT1G41830.1	26.7	4
610419	3702.AT1G26160.1	26.7	2
614053	3702.AT1G72550.1	26.6	6
630512	3702.AT5G18660.1	26.4	4
628483	3702.AT4G37800.1	26.4	4
624593	3702.AT3G63520.1	26.3	8
635068	3702.ATCG00420.1	26.3	3
619814	3702.AT3G06720.1	26.1	5
634327	3702.AT5G60980.2	25.9	4
628569	3702.AT4G38630.1	25.6	3
619356	3702.AT3G02660.1	25.5	5
627542	3702.AT4G29120.1	25.5	5
610648	3702.AT1G28290.1	25.5	2
628577	3702.AT4G38710.2	25.4	3
617711	3702.AT2G34590.1	25.2	4
630390	3702.AT5G17530.3	25.2	4
613052	3702.AT1G63000.1	25.2	3
613178	3702.AT1G64190.1	25.1	6
609079	3702.AT1G12520.1	25.1	5
623840	3702.AT3G56310.1	25.0	8
628375	3702.AT4G36810.1	25.0	2
620094	3702.AT3G09840.1	24.8	10
616524	3702.AT2G23350.1	24.8	4
631450	3702.AT5G28540.1	24.8	14
634770	3702.AT5G65165.1	24.8	16
625886	3702.AT4G14300.1	24.6	3
629320	3702.AT5G06600.1	24.6	14
631598	3702.AT5G35620.1	24.6	3
623507	3702.AT3G53180.1	24.6	8
626945	3702.AT4G23650.1	24.6	5
615888	3702.AT2G17420.1	24.6	2
608634	3702.AT1G08450.1	24.5	5
612538	3702.AT1G56340.1	24.5	6
611173	3702.AT1G33811.1	24.5	4
620270	3702.AT3G11400.2	24.5	6
628673	3702.AT4G39680.1	24.5	14
627292	3702.AT4G26840.1	24.4	1
616401	3702.AT2G22230.1	24.4	4
619368	3702.AT3G02780.1	24.1	2
620376	3702.AT3G12390.1	24.1	2
630332	3702.AT5G17000.1	24.1	7
615909	3702.AT2G17630.1	24.0	5
620308	3702.AT3G11750.1	23.9	2
614796	3702.AT1G79790.1	23.9	3
622931	3702.AT3G47860.1	23.8	4
627940	3702.AT4G32760.2	23.8	4
619322	3702.AT3G02360.2	23.7	5
635137	3702.ATMG00070.1	23.7	3
618608	3702.AT2G42910.1	23.7	4
616006	3702.AT2G18510.1	23.6	3
622060	3702.AT3G27430.2	23.4	3
619566	3702.AT3G04600.1	23.4	6
611154	3702.AT1G33600.1	23.3	6
615837	3702.AT2G16950.1	23.3	6
615873	3702.AT2G17265.1	23.1	3
634485	3702.AT5G62530.1	23.0	6
614062	3702.AT1G72640.1	23.0	3
633713	3702.AT5G55230.2	22.9	7
616889	3702.AT2G26930.1	22.8	3
613953	3702.AT1G71480.1	22.6	2
621851	3702.AT3G25660.1	22.6	5
615938	3702.AT2G17870.1	22.6	3
631092	3702.AT5G24780.1	22.4	2
611096	3702.AT1G32900.1	22.3	8
627008	3702.AT4G24220.1	22.3	5
611111	3702.AT1G33040.1	22.2	2
628157	3702.AT4G34730.1	22.1	1
616245	3702.AT2G20760.1	22.1	1
615622	3702.AT2G14170.1	21.9	4
625420	3702.AT4G10060.1	21.9	11
609991	3702.AT1G21350.3	21.7	2
625808	3702.AT4G13670.1	21.7	3
634685	3702.AT5G64400.2	21.7	2
620684	3702.AT3G15010.2	21.6	3
619592	3702.AT3G04830.1	21.5	2
614777	3702.AT1G79600.1	21.5	11
610400	3702.AT1G25490.1	21.5	6
612242	3702.AT1G53580.1	21.5	4
623702	3702.AT3G55010.2	21.3	3
622397	3702.AT3G32930.1	21.3	1
618367	3702.AT2G40660.1	21.3	4
627063	3702.AT4G24750.1	21.3	3
612042	3702.AT1G51760.1	21.2	2
617952	3702.AT2G36835.1	21.2	1
628490	3702.AT4G37870.1	21.2	7
615372	3702.AT2G06050.2	21.0	6
613550	3702.AT1G67700.2	21.0	1
621304	3702.AT3G20630.1	21.0	8
629823	3702.AT5G11710.1	21.0	3
626624	3702.AT4G20760.1	21.0	5
619097	3702.AT2G47510.1	21.0	4
623088	3702.AT3G49320.1	20.9	4
629120	3702.AT5G04710.1	20.9	6
625372	3702.AT4G09620.1	20.8	3
614700	3702.AT1G78850.1	20.7	5
615153	3702.AT2G03390.1	20.7	3
622765	3702.AT3G46220.2	20.7	5
618629	3702.AT2G43100.1	20.6	3
611829	3702.AT1G49630.1	20.5	25
608428	3702.AT1G06530.1	20.4	2
607927	3702.AT1G01800.1	20.4	2
630611	3702.AT5G19550.1	20.4	5
618159	3702.AT2G38740.1	20.3	1
628131	3702.AT4G34490.1	20.3	2
628548	3702.AT4G38410.1	20.2	5
616313	3702.AT2G21370.1	20.2	3
608760	3702.AT1G09640.1	20.1	3
633974	3702.AT5G57655.2	20.1	6
623656	3702.AT3G54600.1	19.9	4
625540	3702.AT4G11175.1	19.9	1
624729	3702.AT4G01070.1	19.7	2
620841	3702.AT3G16420.1	19.7	2
623402	3702.AT3G52180.1	19.7	2
624259	3702.AT3G60440.1	19.7	2
610293	3702.AT1G24180.1	19.7	4
617886	3702.AT2G36250.2	19.7	4
627284	3702.AT4G26760.1	19.6	4
628486	3702.AT4G37830.1	19.6	1
620723	3702.AT3G15356.1	19.5	2
620139	3702.AT3G10230.1	19.5	3
616306	3702.AT2G21280.1	19.4	3
614217	3702.AT1G74090.1	19.4	2
620557	3702.AT3G13860.1	19.4	6
619959	3702.AT3G08530.1	19.3	17
614266	3702.AT1G74560.3	19.2	2
634667	3702.AT5G64250.2	19.2	2
622400	3702.AT3G32980.1	19.2	4
621209	3702.AT3G19760.1	19.1	4
619828	3702.AT3G06860.1	19.1	4
630044	3702.AT5G14220.1	19.0	7
617876	3702.AT2G36145.1	19.0	3
619366	3702.AT3G02760.1	18.9	7
615346	3702.AT2G05710.1	18.9	7
628212	3702.AT4G35260.1	18.9	2
625086	3702.AT4G04770.1	18.7	4
620325	3702.AT3G11910.1	18.7	16
628501	3702.AT4G37980.1	18.5	2
626107	3702.AT4G16060.1	18.5	2
618946	3702.AT2G46110.1	18.4	1
634713	3702.AT5G64650.1	18.3	3
635130	3702.ATCG01300.1	18.3	2
635106	3702.ATCG00840.1	18.3	2
631468	3702.AT5G28750.1	18.2	2
614647	3702.AT1G78320.1	18.2	3
620685	3702.AT3G15020.1	18.1	17
620341	3702.AT3G12050.1	18.1	1
632787	3702.AT5G46790.1	18.1	2
609936	3702.AT1G20810.1	18.0	1
626148	3702.AT4G16390.1	18.0	8
633133	3702.AT5G49940.1	17.9	1
612801	3702.AT1G60710.1	17.9	3
634690	3702.AT5G64440.1	17.7	4
626251	3702.AT4G17300.1	17.7	3
618493	3702.AT2G41790.1	17.6	8
627957	3702.AT4G32915.1	17.5	1
619341	3702.AT3G02530.1	17.5	5
630367	3702.AT5G17310.2	17.4	7
621269	3702.AT3G20330.1	17.4	4
630754	3702.AT5G20950.1	17.3	4
614819	3702.AT1G80030.2	17.3	6
620128	3702.AT3G10130.1	17.3	3
610554	3702.AT1G27385.4	17.2	1
628369	3702.AT4G36760.1	17.2	4
612554	3702.AT1G56500.1	17.2	5
612487	3702.AT1G55890.1	17.2	3
635069	3702.ATCG00430.1	17.2	1
621831	3702.AT3G25520.1	17.2	2
631880	3702.AT5G38520.2	17.1	2
611724	3702.AT1G48570.1	17.0	2
627316	3702.AT4G27070.1	17.0	3
608853	3702.AT1G10500.1	16.8	1
629397	3702.AT5G07350.2	16.8	10
617800	3702.AT2G35450.1	16.7	3
631593	3702.AT5G35590.1	16.7	2
617213	3702.AT2G30050.1	16.6	2
624809	3702.AT4G01810.1	16.5	7
630684	3702.AT5G20230.1	16.5	1
619468	3702.AT3G03710.1	16.4	7
630091	3702.AT5G14680.1	16.4	2
635082	3702.ATCG00580.1	16.3	1
625859	3702.AT4G14110.1	16.3	1
625561	3702.AT4G11380.2	16.1	8
624844	3702.AT4G02080.1	16.1	1
632561	3702.AT5G44650.1	16.0	1
609107	3702.AT1G12800.1	15.9	5
618874	3702.AT2G45406.1	15.8	3
620434	3702.AT3G12930.1	15.7	1
635110	3702.ATCG00900.1	15.7	4
635126	3702.ATCG01240.1	15.7	4
632267	3702.AT5G42190.1	15.6	1
635066	3702.ATCG00360.1	15.6	1
630582	3702.AT5G19290.1	15.6	1
609233	3702.AT1G14000.1	15.5	4
620931	3702.AT3G17240.1	15.5	4
625965	3702.AT4G14890.1	15.5	1
619382	3702.AT3G02900.1	15.5	1
627941	3702.AT4G32770.1	15.2	6
632332	3702.AT5G42740.1	15.1	3
617583	3702.AT2G33410.1	15.1	1
620046	3702.AT3G09350.1	15.0	2
619352	3702.AT3G02630.1	14.9	2
616213	3702.AT2G20530.2	14.8	1
629337	3702.AT5G06760.1	14.8	1
611882	3702.AT1G50180.1	14.8	26
634095	3702.AT5G58770.1	14.8	2
609495	3702.AT1G16460.2	14.8	4
608425	3702.AT1G06510.1	14.8	1
633426	3702.AT5G52650.1	14.7	2
609357	3702.AT1G15120.2	14.7	1
630932	3702.AT5G23300.1	14.7	3
618135	3702.AT2G38530.1	14.6	1
616976	3702.AT2G27730.1	14.4	1
633257	3702.AT5G51040.3	14.4	2
621869	3702.AT3G25800.1	14.3	4
617515	3702.AT2G32810.1	14.1	4
623291	3702.AT3G51160.1	14.1	2
618798	3702.AT2G44640.1	14.1	5
613012	3702.AT1G62640.1	14.1	2
630878	3702.AT5G22800.1	14.0	7
610244	3702.AT1G23730.1	14.0	3
615167	3702.AT2G03550.1	14.0	3
632114	3702.AT5G40770.1	14.0	1
613378	3702.AT1G66070.2	13.9	1
631576	3702.AT5G35430.1	13.8	4
629010	3702.AT5G03650.1	13.8	5
617203	3702.AT2G29960.1	13.8	2
628092	3702.AT4G34150.1	13.8	1
629088	3702.AT5G04360.1	13.8	4
627172	3702.AT4G25740.1	13.8	2
619501	3702.AT3G03980.1	13.7	1
624924	3702.AT4G02770.1	13.6	1
610025	3702.AT1G21680.1	13.5	6
608499	3702.AT1G07250.1	13.4	2
621070	3702.AT3G18490.1	13.3	1
627475	3702.AT4G28510.1	13.3	1
617114	3702.AT2G29080.1	13.3	6
625036	3702.AT4G04040.1	13.2	4
630689	3702.AT5G20280.1	13.2	3
630633	3702.AT5G19760.1	13.2	2
628400	3702.AT4G37022.1	13.2	1
628841	3702.AT5G02050.1	13.2	1
624821	3702.AT4G01900.1	13.2	1
617845	3702.AT2G35830.2	13.2	1
617454	3702.AT2G32240.1	13.2	11
617924	3702.AT2G36580.1	13.1	2
627262	3702.AT4G26555.1	13.1	1
630669	3702.AT5G20090.1	13.0	1
608139	3702.AT1G03860.3	13.0	1
618058	3702.AT2G37790.1	12.9	3
623829	3702.AT3G56190.1	12.8	2
632373	3702.AT5G43060.1	12.8	2
629472	3702.AT5G08060.1	12.8	1
610016	3702.AT1G21600.1	12.7	3
631868	3702.AT5G38410.3	12.7	10
623500	3702.AT3G53110.1	12.7	3
626469	3702.AT4G19170.1	12.7	3
620220	3702.AT3G10940.1	12.7	1
630437	3702.AT5G17990.1	12.6	3
634626	3702.AT5G63860.1	12.6	7
616104	3702.AT2G19480.1	12.5	1
630258	3702.AT5G16290.2	12.5	3
614571	3702.AT1G77610.1	12.4	2
610190	3702.AT1G23180.1	12.4	5
614032	3702.AT1G72330.3	12.4	10
619593	3702.AT3G04840.1	12.4	1
619175	3702.AT3G01120.1	12.3	5
609026	3702.AT1G12040.1	12.3	1
621385	3702.AT3G21370.1	12.2	11
628420	3702.AT4G37210.1	12.1	3
625458	3702.AT4G10410.1	12.0	2
627425	3702.AT4G28080.1	12.0	7
623936	3702.AT3G57240.1	11.9	2
629097	3702.AT5G04440.1	11.9	1
633798	3702.AT5G56030.2	11.8	6
614858	3702.AT1G80410.2	11.8	5
623537	3702.AT3G53420.1	11.8	1
634150	3702.AT5G59290.2	11.7	2
614404	3702.AT1G76020.1	11.6	1
630457	3702.AT5G18170.1	11.6	1
616918	3702.AT2G27190.1	11.5	1
609015	3702.AT1G11930.1	11.5	1
627213	3702.AT4G26110.1	11.5	2
627190	3702.AT4G25900.1	11.5	2
609300	3702.AT1G14610.1	11.4	8
618263	3702.AT2G39780.1	11.4	1
621466	3702.AT3G22110.1	11.4	1
623819	3702.AT3G56090.1	11.4	1
624190	3702.AT3G59760.1	11.3	2
635013	3702.AT5G67360.1	11.3	2
613402	3702.AT1G66280.1	11.3	11
631869	3702.AT5G38420.1	11.2	10
614419	3702.AT1G76160.1	11.2	4
621320	3702.AT3G20790.1	11.1	2
618160	3702.AT2G38750.1	11.0	1
617053	3702.AT2G28470.1	11.0	3
632194	3702.AT5G41520.1	11.0	1
628030	3702.AT4G33590.1	11.0	4
624674	3702.AT4G00620.1	11.0	1
614804	3702.AT1G79870.1	10.8	2
629540	3702.AT5G08650.1	10.7	2
611395	3702.AT1G37130.1	10.7	5
629632	3702.AT5G09900.3	10.7	1
619789	3702.AT3G06483.1	10.7	2
617336	3702.AT2G31170.1	10.6	4
630374	3702.AT5G17380.1	10.6	3
627937	3702.AT4G32720.1	10.6	2
610815	3702.AT1G30070.2	10.6	1
615362	3702.AT2G05920.1	10.6	3
621020	3702.AT3G18060.1	10.5	2
628074	3702.AT4G33985.1	10.5	1
614091	3702.AT1G72930.1	10.4	1
619720	3702.AT3G05900.1	10.4	3
625866	3702.AT4G14160.1	10.4	2
619950	3702.AT3G08010.1	10.4	1
622418	3702.AT3G42170.1	10.4	4
619815	3702.AT3G06730.1	10.3	1
612523	3702.AT1G56200.1	10.3	1
624587	3702.AT3G63460.1	10.2	5
625701	3702.AT4G12720.4	10.2	1
609144	3702.AT1G13150.1	10.2	2
610783	3702.AT1G29790.1	10.2	7
612724	3702.AT1G59835.1	10.2	1
632616	3702.AT5G45170.1	10.1	3
635065	3702.ATCG00350.1	10.1	2
626335	3702.AT4G18040.1	9.98	1
621522	3702.AT3G22630.1	9.87	1
616108	3702.AT2G19520.1	9.87	2
616238	3702.AT2G20690.1	9.85	1
622035	3702.AT3G27240.1	9.84	1
631270	3702.AT5G26710.1	9.74	2
632907	3702.AT5G47870.1	9.69	2
623397	3702.AT3G52140.4	9.59	4
621363	3702.AT3G21200.1	9.52	1
626815	3702.AT4G22485.1	9.51	1
615287	3702.AT2G04842.1	9.51	2
616967	3702.AT2G27630.1	9.5	20
614792	3702.AT1G79750.1	9.49	2
630005	3702.AT5G13850.1	9.46	1
633040	3702.AT5G49030.3	9.42	6
616372	3702.AT2G21960.1	9.37	1
633737	3702.AT5G55480.1	9.32	4
618158	3702.AT2G38730.1	9.3	1
633567	3702.AT5G53920.1	9.29	1
627672	3702.AT4G30310.2	9.27	3
608773	3702.AT1G09760.1	9.26	1
627283	3702.AT4G26750.1	9.25	1
618048	3702.AT2G37690.1	9.25	4
611061	3702.AT1G32500.1	9.23	2
610037	3702.AT1G21770.1	9.23	1
631192	3702.AT5G25780.1	9.2	2
629842	3702.AT5G11900.1	9.15	1
609965	3702.AT1G21080.3	9.1	1
633528	3702.AT5G53580.1	9.06	1
633832	3702.AT5G56350.1	9.06	2
619915	3702.AT3G07660.1	9.04	2
610134	3702.AT1G22700.1	8.96	1
618739	3702.AT2G44100.1	8.96	3
628791	3702.AT5G01600.1	8.92	1
611754	3702.AT1G48860.1	8.8	2
621342	3702.AT3G20970.1	8.77	1
630019	3702.AT5G13980.2	8.77	4
618671	3702.AT2G43480.1	8.74	1
634838	3702.AT5G65760.1	8.7	2
613013	3702.AT1G62660.1	8.66	2
625173	3702.AT4G05530.1	8.61	1
613240	3702.AT1G64760.2	8.58	1
631166	3702.AT5G25460.1	8.57	1
613104	3702.AT1G63460.1	8.54	1
633598	3702.AT5G54180.1	8.47	2
614810	3702.AT1G79920.1	8.46	2
619883	3702.AT3G07390.1	8.44	1
610716	3702.AT1G29120.5	8.42	2
616641	3702.AT2G24580.1	8.37	2
633105	3702.AT5G49650.1	8.34	2
620607	3702.AT3G14290.1	8.33	1
627339	3702.AT4G27320.1	8.28	1
634192	3702.AT5G59710.1	8.25	1
621384	3702.AT3G21360.1	8.25	1
628223	3702.AT4G35360.1	8.22	2
631122	3702.AT5G25070.1	8.19	2
610281	3702.AT1G24100.1	8.15	2
632258	3702.AT5G42100.1	8.14	1
609105	3702.AT1G12780.1	8.13	2
609483	3702.AT1G16340.4	8.13	1
610102	3702.AT1G22360.1	8.09	1
610556	3702.AT1G27400.1	8.05	1
631091	3702.AT5G24770.1	8.03	1
633508	3702.AT5G53400.1	7.99	1
617413	3702.AT2G31880.1	7.97	2
632766	3702.AT5G46580.1	7.96	3
614417	3702.AT1G76140.1	7.95	4
612293	3702.AT1G54010.1	7.94	2
620091	3702.AT3G09810.1	7.93	1
632093	3702.AT5G40580.1	7.83	1
617363	3702.AT2G31390.1	7.81	1
625997	3702.AT4G15130.1	7.76	1
613262	3702.AT1G64980.1	7.74	1
615950	3702.AT2G17980.1	7.73	3
632303	3702.AT5G42480.1	7.72	2
618569	3702.AT2G42520.1	7.7	3
617456	3702.AT2G32260.1	7.68	1
632336	3702.AT5G42770.2	7.65	1
617160	3702.AT2G29560.1	7.62	10
615786	3702.AT2G16430.2	7.59	1
610118	3702.AT1G22530.1	7.58	2
607875	3702.AT1G01320.1	7.51	5
634244	3702.AT5G60210.1	7.51	2
630958	3702.AT5G23540.1	7.47	1
626637	3702.AT4G20890.1	7.45	2
609022	3702.AT1G12000.1	7.44	1
623460	3702.AT3G52750.1	7.42	2
616691	3702.AT2G25060.1	7.33	1
609032	3702.AT1G12090.1	7.28	1
627507	3702.AT4G28780.1	7.28	1
608439	3702.AT1G06650.2	7.27	1
622622	3702.AT3G44860.1	7.23	1
633904	3702.AT5G57020.1	7.23	1
611446	3702.AT1G43190.1	7.17	1
625101	3702.AT4G04910.1	7.06	3
618858	3702.AT2G45240.1	6.99	1
634217	3702.AT5G59950.5	6.96	1
634682	3702.AT5G64380.1	6.96	1
626643	3702.AT4G20960.1	6.94	1
626194	3702.AT4G16760.1	6.93	1
630741	3702.AT5G20830.1	6.92	3
632225	3702.AT5G41790.1	6.92	4
612303	3702.AT1G54100.1	6.9	2
617345	3702.AT2G31240.1	6.88	4
618538	3702.AT2G42210.2	6.83	1
634066	3702.AT5G58490.1	6.81	1
632489	3702.AT5G44070.1	6.8	1
618864	3702.AT2G45300.1	6.77	2
618262	3702.AT2G39770.1	6.76	1
628232	3702.AT4G35460.1	6.74	1
624189	3702.AT3G59750.1	6.69	3
634089	3702.AT5G58710.1	6.59	1
610555	3702.AT1G27390.1	6.59	1
632280	3702.AT5G42270.1	6.58	2
609701	3702.AT1G18500.1	6.54	1
635057	3702.ATCG00190.1	6.54	4
632725	3702.AT5G46180.1	6.54	1
621425	3702.AT3G21760.1	6.51	1
632278	3702.AT5G42250.1	6.4	1
614569	3702.AT1G77590.1	6.39	2
632627	3702.AT5G45280.2	6.38	1
609941	3702.AT1G20850.1	6.37	1
613971	3702.AT1G71770.1	6.34	1
609517	3702.AT1G16710.1	6.33	9
623571	3702.AT3G53750.1	6.31	2
618040	3702.AT2G37620.1	6.31	2
617905	3702.AT2G36390.1	6.3	3
612776	3702.AT1G60420.1	6.24	2
625501	3702.AT4G10790.1	6.23	1
612741	3702.AT1G59990.1	6.21	1
612962	3702.AT1G62180.1	6.2	1
611001	3702.AT1G31910.1	6.2	1
625608	3702.AT4G11820.2	6.19	1
631649	3702.AT5G36170.1	6.19	1
612037	3702.AT1G51710.1	6.18	1
626086	3702.AT4G15900.1	6.17	1
613021	3702.AT1G62740.1	6.14	1
634563	3702.AT5G63220.1	6.13	1
619800	3702.AT3G06580.1	6.13	2
625599	3702.AT4G11740.1	6.13	1
611900	3702.AT1G50380.1	6.09	2
623640	3702.AT3G54440.3	6.07	5
632699	3702.AT5G45950.1	6.06	1
617805	3702.AT2G35500.1	6.05	1
631710	3702.AT5G36880.2	6.04	2
610005	3702.AT1G21480.1	5.99	2
609445	3702.AT1G15950.1	5.99	1
608208	3702.AT1G04530.1	5.96	1
623742	3702.AT3G55400.1	5.9	2
632980	3702.AT5G48540.1	5.9	1
630598	3702.AT5G19440.1	5.88	1
629810	3702.AT5G11580.1	5.84	1
611522	3702.AT1G44820.1	5.75	2
617504	3702.AT2G32730.1	5.72	2
611422	3702.AT1G42550.1	5.71	2
619827	3702.AT3G06850.1	5.67	1
618468	3702.AT2G41530.1	5.65	1
626203	3702.AT4G16830.1	5.59	1
619070	3702.AT2G47240.1	5.57	1
620419	3702.AT3G12800.1	5.56	1
611280	3702.AT1G35140.1	5.55	1
620888	3702.AT3G16850.1	5.55	1
625774	3702.AT4G13360.1	5.55	1
616902	3702.AT2G27040.2	5.47	2
617575	3702.AT2G33340.1	5.46	1
632491	3702.AT5G44090.1	5.45	1
610045	3702.AT1G21860.1	5.43	3
617984	3702.AT2G37080.1	5.41	2
609052	3702.AT1G12270.1	5.39	2
612601	3702.AT1G57770.1	5.34	1
625050	3702.AT4G04350.1	5.32	4
620852	3702.AT3G16520.3	5.31	1
620197	3702.AT3G10740.1	5.31	1
634867	3702.AT5G66030.1	5.29	3
626182	3702.AT4G16660.1	5.29	1
612936	3702.AT1G61900.1	5.27	1
614407	3702.AT1G76050.2	5.26	1
615210	3702.AT2G03980.1	5.23	1
617351	3702.AT2G31290.1	5.23	1
611636	3702.AT1G47710.1	5.22	1
616418	3702.AT2G22420.1	5.21	1
619173	3702.AT3G01090.2	5.17	1
630172	3702.AT5G15490.1	5.14	1
627964	3702.AT4G32970.1	5.14	3
632718	3702.AT5G46110.4	5.09	1
633765	3702.AT5G55730.1	5.08	1
617246	3702.AT2G30390.2	5.07	1
620692	3702.AT3G15090.1	5.07	1
609718	3702.AT1G18670.1	5.06	1
617737	3702.AT2G34840.1	5.06	1
615415	3702.AT2G07360.2	5.06	3
610448	3702.AT1G26460.1	5.05	1
633249	3702.AT5G50950.1	5.05	1
625853	3702.AT4G14090.1	5.04	1
616808	3702.AT2G26140.1	5.02	2
634692	3702.AT5G64460.8	5.02	1
614085	3702.AT1G72870.1	4.98	1
609710	3702.AT1G18590.1	4.94	1
612295	3702.AT1G54030.1	4.92	1
615190	3702.AT2G03800.1	4.9	1
628020	3702.AT4G33500.1	4.84	2
622203	3702.AT3G28760.2	4.83	1
608989	3702.AT1G11720.2	4.81	2
632284	3702.AT5G42310.1	4.81	1
629962	3702.AT5G13420.1	4.79	1
626712	3702.AT4G21580.1	4.78	1
635056	3702.ATCG00180.1	4.74	2
630184	3702.AT5G15610.1	4.73	1
612415	3702.AT1G55220.1	4.72	1
615401	3702.AT2G07050.1	4.72	2
626631	3702.AT4G20830.1	4.7	2
627294	3702.AT4G26860.2	4.66	1
609305	3702.AT1G14650.2	4.63	1
619143	3702.AT2G47970.1	4.61	1
614682	3702.AT1G78680.1	4.54	1
617566	3702.AT2G33255.1	4.52	1
630765	3702.AT5G21060.2	4.5	2
623614	3702.AT3G54170.1	4.49	1
631458	3702.AT5G28640.1	4.45	1
630793	3702.AT5G21990.1	4.43	1
624236	3702.AT3G60240.4	4.41	4
617261	3702.AT2G30520.1	4.39	1
612233	3702.AT1G53520.1	4.39	1
627862	3702.AT4G32070.1	4.37	1
626167	3702.AT4G16530.1	4.34	1
618696	3702.AT2G43720.1	4.3	1
619089	3702.AT2G47440.1	4.28	1
616637	3702.AT2G24540.1	4.28	4
614617	3702.AT1G78020.1	4.26	3
608063	3702.AT1G03090.2	4.24	1
634582	3702.AT5G63420.1	4.23	2
608736	3702.AT1G09430.1	4.21	2
612317	3702.AT1G54220.1	4.2	1
629306	3702.AT5G06460.1	4.19	5
633480	3702.AT5G53140.1	4.19	1
625926	3702.AT4G14605.1	4.17	1
624448	3702.AT3G62120.1	4.16	1
631551	3702.AT5G35100.1	4.15	1
631620	3702.AT5G35790.1	4.13	2
629678	3702.AT5G10330.1	4.12	2
613988	3702.AT1G71920.2	4.12	2
613065	3702.AT1G63110.1	4.11	5
616271	3702.AT2G20960.1	4.07	1
611833	3702.AT1G49670.2	4.03	1
628728	3702.AT5G01010.2	3.96	1
632084	3702.AT5G40490.1	3.95	1
612404	3702.AT1G55150.1	3.95	1
623287	3702.AT3G51120.1	3.94	14
633389	3702.AT5G52310.1	3.94	1
629863	3702.AT5G12100.1	3.92	3
624893	3702.AT4G02510.1	3.92	2
628495	3702.AT4G37920.1	3.89	1
630999	3702.AT5G23940.1	3.88	1
630900	3702.AT5G23010.1	3.88	1
620344	3702.AT3G12080.1	3.87	1
625922	3702.AT4G14570.1	3.86	1
635096	3702.ATCG00740.1	3.85	1
625872	3702.AT4G14210.1	3.82	1
616142	3702.AT2G19860.1	3.81	1
619531	3702.AT3G04260.1	3.77	2
613976	3702.AT1G71820.2	3.77	1
608876	3702.AT1G10670.3	3.76	2
629801	3702.AT5G11490.2	3.76	1
629930	3702.AT5G13110.1	3.75	1
621115	3702.AT3G18890.1	3.73	1
616528	3702.AT2G23390.1	3.73	1
612860	3702.AT1G61190.1	3.72	1
608788	3702.AT1G09870.1	3.71	1
628115	3702.AT4G34350.1	3.67	1
620996	3702.AT3G17820.1	3.67	1
630901	3702.AT5G23020.1	3.65	1
619305	3702.AT3G02200.2	3.65	1
608396	3702.AT1G06210.1	3.65	1
625505	3702.AT4G10840.1	3.62	1
631881	3702.AT5G38530.1	3.6	1
609625	3702.AT1G17720.1	3.6	1
613548	3702.AT1G67680.1	3.58	1
629549	3702.AT5G08740.1	3.54	1
619039	3702.AT2G46930.1	3.51	1
633682	3702.AT5G54960.1	3.5	1
627068	3702.AT4G24800.3	3.31	1
610458	3702.AT1G26560.1	3.27	1
618723	3702.AT2G43950.1	3.2	1
617648	3702.AT2G34040.1	3.15	1
628085	3702.AT4G34100.1	3.15	7
624303	3702.AT3G60880.2	3.13	1
620508	3702.AT3G13490.1	3.12	1
632714	3702.AT5G46070.1	3.09	1
620923	3702.AT3G17170.1	3.08	3
622999	3702.AT3G48460.1	3.07	1
611569	3702.AT1G45688.1	3.03	2
612729	3702.AT1G59870.1	3.03	2
607872	3702.AT1G01300.1	3.03	1
634620	3702.AT5G63800.1	3.0	1
624058	3702.AT3G58450.1	2.99	1
613330	3702.AT1G65590.1	2.97	1
612251	3702.AT1G53645.1	2.95	1
618993	3702.AT2G46520.1	2.9	2
627657	3702.AT4G30160.2	2.9	1
614269	3702.AT1G74600.1	2.88	7
630758	3702.AT5G20990.1	2.84	1
610459	3702.AT1G26570.1	2.75	1
627039	3702.AT4G24510.1	2.75	1
634672	3702.AT5G64300.1	2.74	1
633073	3702.AT5G49360.1	2.7	1
620395	3702.AT3G12580.1	2.68	1
633368	3702.AT5G52100.1	2.67	1
618374	3702.AT2G40730.1	2.67	1
625161	3702.AT4G05420.1	2.64	1
629532	3702.AT5G08570.1	2.62	1
632517	3702.AT5G44320.1	2.61	1
618944	3702.AT2G46090.1	2.57	1
616587	3702.AT2G24060.1	2.53	1
634226	3702.AT5G60040.2	2.51	8
621974	3702.AT3G26720.1	2.51	1
626745	3702.AT4G21880.1	2.49	7
628331	3702.AT4G36390.1	2.45	1
624625	3702.AT4G00230.1	2.44	1
618380	3702.AT2G40770.1	2.44	4
621701	3702.AT3G24190.1	2.42	1
630502	3702.AT5G18570.1	2.41	1
622071	3702.AT3G27530.1	2.38	1
611133	3702.AT1G33320.1	2.27	1
619250	3702.AT3G01680.1	2.25	1
631188	3702.AT5G25754.1	2.2	2
631189	3702.AT5G25757.1	2.2	2
614823	3702.AT1G80070.1	2.17	16
628582	3702.AT4G38780.1	2.15	16
617597	3702.AT2G33530.1	2.13	1
612128	3702.AT1G52570.1	2.07	2
615620	3702.AT2G14120.3	2.06	1
612047	3702.AT1G51805.1	2.02	1
617949	3702.AT2G36810.1	2.01	1
632080	3702.AT5G40450.1	1.99	2
610323	3702.AT1G24450.1	1.96	1
626357	3702.AT4G18240.1	1.94	1
619635	3702.AT3G05180.1	1.93	2
610020	3702.AT1G21640.2	1.88	1
633417	3702.AT5G52560.1	1.87	1
616316	3702.AT2G21390.1	1.85	1
626560	3702.AT4G20060.1	1.81	2
624900	3702.AT4G02570.4	1.81	1
616916	3702.AT2G27170.2	1.81	1
615633	3702.AT2G14290.1	1.8	2
614487	3702.AT1G76810.1	1.78	1
626521	3702.AT4G19710.2	1.72	1
612716	3702.AT1G59760.1	1.68	1
620192	3702.AT3G10690.1	1.67	1
614701	3702.AT1G78860.1	1.67	1
631279	3702.AT5G26760.2	1.67	1
620242	3702.AT3G11130.1	1.63	1
634268	3702.AT5G60450.1	1.63	3
617830	3702.AT2G35720.1	1.62	1
625706	3702.AT4G12750.1	1.57	1
623825	3702.AT3G56150.2	1.55	1
617438	3702.AT2G32080.1	1.55	3
624348	3702.AT3G61240.1	1.54	1
608162	3702.AT1G04080.3	1.52	1
611718	3702.AT1G48510.1	1.51	3
633626	3702.AT5G54440.1	1.49	1
608671	3702.AT1G08820.1	1.47	3
610975	3702.AT1G31690.1	1.46	1
631087	3702.AT5G24710.1	1.46	1
632319	3702.AT5G42620.2	1.45	4
610976	3702.AT1G31710.1	1.45	1
612781	3702.AT1G60470.1	1.36	1
620482	3702.AT3G13300.1	1.26	1
612391	3702.AT1G55020.1	1.21	1
633649	3702.AT5G54650.1	1.2	1
611359	3702.AT1G36160.2	1.17	1
623723	3702.AT3G55220.1	1.1	3
623721	3702.AT3G55200.1	1.1	3
624107	3702.AT3G58930.1	1.01	3
609162	3702.AT1G13320.3	1.0	1
615682	3702.AT2G15050.1	0.974	2
620479	3702.AT3G13275.1	0.917	1
627248	3702.AT4G26455.1	0.899	1
612329	3702.AT1G54340.1	0.882	1
627149	3702.AT4G25540.1	0.82	1
630334	3702.AT5G17020.1	0.759	3
614735	3702.AT1G79150.1	0.666	1
620820	3702.AT3G16210.1	0.66	1
616495	3702.AT2G23110.2	0.637	1
629536	3702.AT5G08610.1	0.564	1
630691	3702.AT5G20300.2	0.551	1
608710	3702.AT1G09195.2	0.478	1
634329	3702.AT5G61000.1	0.467	1
620148	3702.AT3G10320.1	0.449	2
610618	3702.AT1G28010.1	0.42	1
619148	3702.AT2G48020.1	0.383	2
609589	3702.AT1G17360.1	0.363	1
618912	3702.AT2G45750.1	0.362	1
609099	3702.AT1G12730.1	0.347	2
619328	3702.AT3G02420.1	0.339	2
624688	3702.AT4G00750.1	0.319	1
610121	3702.AT1G22570.1	0.31	2
625461	3702.AT4G10440.1	0.298	1
614139	3702.AT1G73380.1	0.264	2
617106	3702.AT2G29000.1	0.256	1
633791	3702.AT5G55960.1	0.239	2
619288	3702.AT3G02050.1	0.158	2
614790	3702.AT1G79730.1	0.158	1
612755	3702.AT1G60160.1	0.155	2
620121	3702.AT3G10070.1	0.144	1
609137	3702.AT1G13080.1	0.131	1
615710	3702.AT2G15420.1	0.084	1
627005	3702.AT4G24200.1	0.076	1
608176	3702.AT1G04210.1	0.07	1
