#id: 2208543227
#name: Arabidopsis thaliana - Whole organism, SC (Motohashi,plant_physiol,2012)
#score: 6.0
#description: abundance based on Spectral counting, Interaction consistency score: 6.0, Coverage: 6
#organ: WHOLE_ORGANISM
#integrated: false
#coverage: 6
#link: http://www.ncbi.nlm.nih.gov/pubmed/23027667
#publication_year: 2012
#filename: 3702-Arabidopsis_thaliana_SC_biomart_27037_E__1reps.txt
#
#internal_id	string_external_id	abundance	raw_spectral_count
635073	3702.ATCG00490.1	119169	8836
635090	3702.ATCG00680.1	57544	2441
635060	3702.ATCG00270.1	45936	1324
618258	3702.AT2G39730.1	34330	2095
635044	3702.ATCG00020.1	25279	669
635061	3702.ATCG00280.1	22394	867
628603	3702.AT4G38970.1	19473	679
635050	3702.ATCG00120.1	15937	778
635072	3702.ATCG00480.1	14830	1360
620418	3702.AT3G12780.1	13683	792
624290	3702.AT3G60750.1	11775	1313
634886	3702.AT5G66190.1	8929	336
628784	3702.AT5G01530.1	8817	378
613487	3702.AT1G67090.1	8377	237
625451	3702.AT4G10340.1	6763	303
631599	3702.AT5G35630.1	6246	284
635064	3702.ATCG00340.1	5990	349
613587	3702.AT1G68010.2	5928	273
622888	3702.AT3G47470.1	5838	173
635094	3702.ATCG00720.1	5676	180
609174	3702.AT1G13440.1	5524	138
635078	3702.ATCG00540.1	5492	295
629604	3702.AT5G09660.4	5121	187
630431	3702.AT5G17920.1	5072	432
626591	3702.AT4G20360.1	5016	360
621967	3702.AT3G26650.1	5016	191
630907	3702.AT5G23060.1	4961	196
608571	3702.AT1G07890.8	4676	109
608726	3702.AT1G09340.1	4552	271
611429	3702.AT1G42970.1	4442	317
621951	3702.AT3G26520.1	4399	39
627065	3702.AT4G24770.1	3887	85
629064	3702.AT5G04140.2	3872	867
612896	3702.AT1G61520.1	3744	59
617000	3702.AT2G28000.1	3659	268
635065	3702.ATCG00350.1	3513	171
608027	3702.AT1G02780.1	3488	18
616310	3702.AT2G21330.1	3406	150
625711	3702.AT4G12800.1	3389	85
625072	3702.AT4G04640.1	3388	188
608195	3702.AT1G04410.1	3311	103
623053	3702.AT3G49010.3	3304	32
618044	3702.AT2G37660.1	3189	112
611511	3702.AT1G44575.1	3143	86
630097	3702.AT5G14740.1	3049	188
633609	3702.AT5G54270.1	3038	43
623688	3702.AT3G54890.1	3038	65
608442	3702.AT1G06680.1	3037	106
611014	3702.AT1G32060.1	3027	181
635051	3702.ATCG00130.1	2955	51
631214	3702.AT5G26000.1	2954	270
623746	3702.AT3G55440.1	2898	116
619229	3702.AT3G01500.2	2828	176
628497	3702.AT4G37930.1	2779	155
624372	3702.AT3G61470.1	2691	61
609854	3702.AT1G20020.1	2645	152
609430	3702.AT1G15820.1	2635	80
625316	3702.AT4G09010.1	2583	98
627535	3702.AT4G29060.1	2574	242
628194	3702.AT4G35090.1	2566	134
615572	3702.AT2G13360.1	2530	126
623790	3702.AT3G55800.1	2516	124
635093	3702.ATCG00710.1	2500	11
621613	3702.AT3G23400.1	2447	73
631870	3702.AT5G38430.1	2395	57
617629	3702.AT2G33800.1	2350	57
610943	3702.AT1G31330.1	2327	59
616291	3702.AT2G21170.1	2250	89
609005	3702.AT1G11860.3	2244	132
626580	3702.AT4G20260.4	2227	37
630690	3702.AT5G20290.1	2221	47
627259	3702.AT4G26530.2	2164	99
608577	3702.AT1G07940.2	2150	286
608575	3702.AT1G07920.1	2150	286
634263	3702.AT5G60390.1	2150	286
608576	3702.AT1G07930.1	2150	286
635071	3702.ATCG00470.1	2114	34
617999	3702.AT2G37220.1	2056	61
626790	3702.AT4G22240.1	2005	95
628151	3702.AT4G34670.1	1998	41
627968	3702.AT4G33010.1	1992	307
624438	3702.AT3G62030.2	1980	72
612508	3702.AT1G56070.1	1915	262
630131	3702.AT5G15090.2	1890	54
627100	3702.AT4G25100.1	1873	33
626681	3702.AT4G21280.2	1864	62
623601	3702.AT3G54050.1	1838	102
635087	3702.ATCG00650.1	1831	6
619593	3702.AT3G04840.1	1828	37
614725	3702.AT1G79040.1	1812	21
620623	3702.AT3G14420.1	1778	98
630734	3702.AT5G20720.3	1735	56
613022	3702.AT1G62750.1	1697	179
608506	3702.AT1G07320.1	1695	58
619963	3702.AT3G08580.2	1689	75
612442	3702.AT1G55480.1	1685	74
609120	3702.AT1G12900.1	1672	74
624590	3702.AT3G63490.1	1668	71
619588	3702.AT3G04790.1	1657	49
632638	3702.AT5G45390.1	1645	47
633246	3702.AT5G50920.1	1644	138
623423	3702.AT3G52380.1	1634	46
624737	3702.AT4G01150.1	1615	36
609536	3702.AT1G16880.1	1614	53
609914	3702.AT1G20620.1	1611	86
625034	3702.AT4G04020.1	1610	86
630724	3702.AT5G20630.1	1595	56
625377	3702.AT4G09650.1	1573	58
625139	3702.AT4G05180.1	1559	50
617918	3702.AT2G36530.1	1534	95
630607	3702.AT5G19510.1	1529	26
622651	3702.AT3G45140.1	1524	188
610245	3702.AT1G23740.1	1509	87
631876	3702.AT5G38480.1	1503	42
609415	3702.AT1G15690.1	1495	123
614707	3702.AT1G78900.2	1462	122
625964	3702.AT4G14880.4	1451	71
613364	3702.AT1G65930.1	1436	70
629363	3702.AT5G07020.1	1421	21
612200	3702.AT1G53240.1	1418	51
624753	3702.AT4G01310.1	1384	50
625315	3702.AT4G09000.2	1376	43
628860	3702.AT5G02240.1	1372	31
612371	3702.AT1G54780.1	1368	28
624981	3702.AT4G03280.1	1358	44
628885	3702.AT5G02500.1	1340	83
615303	3702.AT2G05070.1	1332	12
618576	3702.AT2G42590.3	1331	36
613291	3702.AT1G65260.1	1329	55
616181	3702.AT2G20260.1	1323	19
609886	3702.AT1G20340.1	1319	8
628184	3702.AT4G35000.1	1302	41
623398	3702.AT3G52150.1	1301	24
635131	3702.ATCG01310.1	1292	54
635105	3702.ATCG00830.1	1292	54
618622	3702.AT2G43030.1	1288	45
623254	3702.AT3G50820.1	1277	54
618136	3702.AT2G38540.1	1268	6
615365	3702.AT2G05990.2	1262	58
624555	3702.AT3G63140.1	1251	74
622143	3702.AT3G28220.1	1247	48
618499	3702.AT2G41840.1	1242	33
630633	3702.AT5G19760.1	1239	51
630913	3702.AT5G23120.1	1232	95
634925	3702.AT5G66570.1	1212	51
619027	3702.AT2G46820.1	1185	18
627503	3702.AT4G28750.1	1183	23
611337	3702.AT1G35720.1	1182	51
620037	3702.AT3G09260.1	1175	76
618918	3702.AT2G45820.1	1158	11
622823	3702.AT3G46780.1	1155	64
618700	3702.AT2G43750.1	1130	89
631694	3702.AT5G36700.1	1125	98
631704	3702.AT5G36790.1	1125	98
634646	3702.AT5G64040.2	1075	36
611444	3702.AT1G43170.8	1071	37
631064	3702.AT5G24490.1	1069	21
611751	3702.AT1G48830.1	1058	10
627361	3702.AT4G27520.1	1055	67
609661	3702.AT1G18080.1	1051	40
618103	3702.AT2G38230.1	1039	37
608839	3702.AT1G10370.1	1028	23
618932	3702.AT2G45960.3	1015	35
620031	3702.AT3G09200.1	999	25
630142	3702.AT5G15200.1	999	13
622893	3702.AT3G47520.1	998	59
624350	3702.AT3G61260.1	997	8
621899	3702.AT3G26060.2	996	26
621832	3702.AT3G25530.1	994	41
614411	3702.AT1G76080.1	990	33
617542	3702.AT2G33040.1	988	28
608627	3702.AT1G08380.1	987	6
610830	3702.AT1G30230.2	984	19
614013	3702.AT1G72150.1	984	65
632718	3702.AT5G46110.4	981	59
619345	3702.AT3G02560.2	977	9
633662	3702.AT5G54770.1	976	56
614306	3702.AT1G74970.1	975	23
635102	3702.ATCG00800.1	965	26
619515	3702.AT3G04120.1	958	24
611668	3702.AT1G48030.2	949	59
620295	3702.AT3G11630.1	933	37
613955	3702.AT1G71500.1	932	44
619604	3702.AT3G04920.1	929	6
624582	3702.AT3G63410.1	920	48
620622	3702.AT3G14415.2	914	59
617296	3702.AT2G30860.1	913	40
626947	3702.AT4G23670.1	911	19
608114	3702.AT1G03600.1	909	20
629603	3702.AT5G09650.1	905	42
614772	3702.AT1G79550.2	889	47
613149	3702.AT1G63940.2	883	59
624894	3702.AT4G02520.1	871	23
617697	3702.AT2G34460.1	866	23
618577	3702.AT2G42600.1	866	107
622844	3702.AT3G46970.1	864	97
620000	3702.AT3G08940.2	858	36
616976	3702.AT2G27730.1	852	9
619119	3702.AT2G47730.1	852	23
625253	3702.AT4G08390.1	849	33
635110	3702.ATCG00900.1	846	14
635126	3702.ATCG01240.1	846	14
615213	3702.AT2G04030.1	845	92
611465	3702.AT1G43670.1	840	26
624074	3702.AT3G58610.3	837	74
631503	3702.AT5G30510.1	833	48
629495	3702.AT5G08280.1	832	43
617797	3702.AT2G35410.1	831	29
624885	3702.AT4G02450.1	829	11
613650	3702.AT1G68590.1	829	12
627017	3702.AT4G24280.1	817	66
621115	3702.AT3G18890.1	777	74
610314	3702.AT1G24360.1	772	22
609360	3702.AT1G15140.1	769	17
620841	3702.AT3G16420.1	762	25
618350	3702.AT2G40490.1	748	34
630408	3702.AT5G17710.2	741	18
615390	3702.AT2G06850.1	739	32
625833	3702.AT4G13940.1	739	26
612522	3702.AT1G56190.1	735	40
614645	3702.AT1G78300.1	732	28
629691	3702.AT5G10450.4	723	24
633169	3702.AT5G50250.1	721	14
627883	3702.AT4G32260.1	718	26
609459	3702.AT1G16080.1	714	47
634580	3702.AT5G63400.1	711	23
632280	3702.AT5G42270.1	705	46
615954	3702.AT2G18020.1	703	13
610205	3702.AT1G23310.1	694	47
635053	3702.ATCG00150.1	690	7
613134	3702.AT1G63770.5	689	75
632483	3702.AT5G44020.1	684	27
614257	3702.AT1G74470.1	680	39
614036	3702.AT1G72370.1	678	23
630993	3702.AT5G23900.1	674	5
632736	3702.AT5G46290.3	673	35
613444	3702.AT1G66670.1	673	23
616453	3702.AT2G22780.1	672	22
635117	3702.ATCG01060.1	669	13
635095	3702.ATCG00730.1	663	13
616608	3702.AT2G24270.4	662	36
619227	3702.AT3G01480.1	661	32
609619	3702.AT1G17650.1	659	29
608467	3702.AT1G06950.1	659	114
622087	3702.AT3G27690.1	655	6
611581	3702.AT1G47128.1	652	21
623103	3702.AT3G49470.1	651	23
627822	3702.AT4G31700.1	650	12
624369	3702.AT3G61440.1	646	40
615726	3702.AT2G15620.1	640	65
626815	3702.AT4G22485.1	638	13
635082	3702.ATCG00580.1	637	5
624346	3702.AT3G61220.2	636	22
619193	3702.AT3G01280.1	629	20
624557	3702.AT3G63160.1	625	5
616363	3702.AT2G21870.1	620	17
617290	3702.AT2G30790.1	620	7
626864	3702.AT4G22890.1	616	23
623042	3702.AT3G48890.1	615	8
633130	3702.AT5G49910.1	607	47
624419	3702.AT3G61870.1	599	10
630101	3702.AT5G14780.1	598	29
612110	3702.AT1G52400.3	595	46
614651	3702.AT1G78380.1	595	17
627004	3702.AT4G24190.1	594	68
626940	3702.AT4G23600.1	586	36
609326	3702.AT1G14810.1	584	21
616802	3702.AT2G26080.1	581	77
628211	3702.AT4G35250.1	580	39
619377	3702.AT3G02870.1	579	15
623051	3702.AT3G48990.1	578	34
632789	3702.AT5G46800.1	575	33
609112	3702.AT1G12840.1	575	32
619720	3702.AT3G05900.1	573	46
629682	3702.AT5G10360.1	569	11
622625	3702.AT3G44890.1	568	7
616264	3702.AT2G20890.1	567	22
610794	3702.AT1G29900.1	561	77
618883	3702.AT2G45470.1	560	25
627098	3702.AT4G25080.5	557	34
608121	3702.AT1G03680.1	557	19
629109	3702.AT5G04590.1	548	27
617804	3702.AT2G35490.1	547	21
623479	3702.AT3G52930.1	545	31
614342	3702.AT1G75350.1	544	14
610098	3702.AT1G22300.1	540	20
614941	3702.AT2G01250.1	540	12
635089	3702.ATCG00670.1	538	11
628041	3702.AT4G33680.1	533	25
629984	3702.AT5G13650.2	530	35
624595	3702.AT3G63540.1	530	8
610465	3702.AT1G26630.1	526	11
630026	3702.AT5G14040.1	524	25
624727	3702.AT4G01050.1	524	25
624014	3702.AT3G58010.1	517	21
610143	3702.AT1G22780.1	513	16
611196	3702.AT1G34030.1	513	16
625393	3702.AT4G09800.1	513	16
623473	3702.AT3G52880.2	512	33
620812	3702.AT3G16140.1	509	5
613839	3702.AT1G70410.2	508	19
621276	3702.AT3G20390.1	507	18
624808	3702.AT4G01800.2	504	83
629470	3702.AT5G08050.1	502	4
608281	3702.AT1G05190.1	502	13
634048	3702.AT5G58330.1	500	32
616343	3702.AT2G21660.1	499	17
623301	3702.AT3G51260.1	498	13
618530	3702.AT2G42130.4	497	19
621144	3702.AT3G19170.1	495	81
616129	3702.AT2G19730.3	493	5
624924	3702.AT4G02770.1	492	12
613475	3702.AT1G66970.2	486	49
621678	3702.AT3G23990.1	485	34
610035	3702.AT1G21750.1	485	40
623541	3702.AT3G53460.4	484	23
635121	3702.ATCG01100.1	478	13
619678	3702.AT3G05560.3	478	6
616792	3702.AT2G25970.1	478	17
623483	3702.AT3G52960.1	473	20
608700	3702.AT1G09130.3	473	27
617794	3702.AT2G35370.1	472	9
623660	3702.AT3G54640.1	470	18
628097	3702.AT4G34200.1	470	25
628771	3702.AT5G01410.1	467	13
613506	3702.AT1G67280.1	464	32
629035	3702.AT5G03880.1	461	18
609003	3702.AT1G11840.6	458	21
620682	3702.AT3G14990.1	458	26
624087	3702.AT3G58730.1	455	9
615931	3702.AT2G17800.1	453	7
614931	3702.AT2G01140.1	450	17
611701	3702.AT1G48350.1	449	8
627854	3702.AT4G31990.3	446	32
611029	3702.AT1G32220.1	444	19
632365	3702.AT5G42980.1	443	9
609011	3702.AT1G11910.1	440	33
634370	3702.AT5G61410.1	437	19
618741	3702.AT2G44120.2	437	10
622113	3702.AT3G27925.1	431	19
615512	3702.AT2G10940.2	427	19
612121	3702.AT1G52510.1	426	24
612443	3702.AT1G55490.2	422	29
632951	3702.AT5G48300.1	421	28
617227	3702.AT2G30200.1	417	27
627318	3702.AT4G27090.1	415	4
630329	3702.AT5G16970.1	410	20
620723	3702.AT3G15356.1	408	17
634209	3702.AT5G59870.1	408	2
623834	3702.AT3G56240.1	408	6
611714	3702.AT1G48470.1	407	14
622149	3702.AT3G28270.1	407	18
630302	3702.AT5G16710.1	406	10
628195	3702.AT4G35100.2	404	11
632986	3702.AT5G48575.1	403	1
625298	3702.AT4G08870.1	403	19
633073	3702.AT5G49360.1	402	45
616975	3702.AT2G27720.2	399	2
617308	3702.AT2G30950.1	399	37
614335	3702.AT1G75280.1	399	13
634285	3702.AT5G60600.1	398	43
620092	3702.AT3G09820.1	398	14
631478	3702.AT5G28840.2	395	20
607927	3702.AT1G01800.1	393	16
627103	3702.AT4G25130.1	389	9
635029	3702.AT5G67500.2	385	17
619084	3702.AT2G47390.1	379	45
623026	3702.AT3G48730.1	378	23
612071	3702.AT1G52000.1	375	31
635097	3702.ATCG00750.1	373	6
624211	3702.AT3G59970.3	369	33
607849	3702.AT1G01080.2	368	21
625344	3702.AT4G09320.1	366	11
624860	3702.AT4G02230.1	366	3
623968	3702.AT3G57560.1	366	14
626044	3702.AT4G15530.5	365	38
629819	3702.AT5G11670.1	363	26
610841	3702.AT1G30360.1	360	34
628639	3702.AT4G39330.1	360	19
609573	3702.AT1G17220.1	360	42
622271	3702.AT3G29320.1	359	46
625466	3702.AT4G10480.1	359	11
619293	3702.AT3G02090.2	358	29
623705	3702.AT3G55040.1	358	10
628040	3702.AT4G33670.1	354	5
633355	3702.AT5G51970.1	354	18
623154	3702.AT3G49910.1	354	4
610118	3702.AT1G22530.1	354	45
616372	3702.AT2G21960.1	353	16
611588	3702.AT1G47260.1	351	10
628397	3702.AT4G37000.1	351	19
611884	3702.AT1G50200.1	350	38
628146	3702.AT4G34620.1	350	5
623636	3702.AT3G54400.1	346	12
611121	3702.AT1G33120.1	344	13
611122	3702.AT1G33140.1	344	13
635099	3702.ATCG00770.1	344	6
619499	3702.AT3G03960.1	343	25
627976	3702.AT4G33090.1	342	47
616899	3702.AT2G27020.1	341	14
628080	3702.AT4G34050.1	339	12
618267	3702.AT2G39800.1	338	29
616303	3702.AT2G21250.1	336	9
623904	3702.AT3G56940.1	335	20
620055	3702.AT3G09440.1	335	36
619036	3702.AT2G46910.1	334	12
618107	3702.AT2G38270.1	333	11
634596	3702.AT5G63570.1	333	19
614698	3702.AT1G78830.1	333	21
620846	3702.AT3G16460.2	332	28
620845	3702.AT3G16450.2	328	16
619340	3702.AT3G02520.1	327	8
608443	3702.AT1G06690.1	326	18
616971	3702.AT2G27680.1	326	22
634921	3702.AT5G66530.2	326	20
628494	3702.AT4G37910.1	323	27
616104	3702.AT2G19480.1	323	8
614559	3702.AT1G77490.1	323	14
633644	3702.AT5G54600.1	321	8
630878	3702.AT5G22800.1	320	53
632561	3702.AT5G44650.1	320	9
631379	3702.AT5G27770.1	319	4
630168	3702.AT5G15450.1	318	32
620609	3702.AT3G14310.1	316	32
608642	3702.AT1G08520.1	314	25
626633	3702.AT4G20850.1	313	75
614677	3702.AT1G78630.1	313	8
611016	3702.AT1G32080.1	313	15
629902	3702.AT5G12470.1	311	14
628276	3702.AT4G35830.1	310	37
614104	3702.AT1G73060.1	308	19
613213	3702.AT1G64520.1	307	15
610770	3702.AT1G29660.1	306	16
625733	3702.AT4G13010.1	305	10
618083	3702.AT2G38040.1	304	29
632114	3702.AT5G40770.1	301	8
620190	3702.AT3G10670.1	299	11
614561	3702.AT1G77510.1	299	24
629797	3702.AT5G11450.1	298	12
608104	3702.AT1G03475.1	297	15
623537	3702.AT3G53420.1	296	9
630437	3702.AT5G17990.1	293	12
622540	3702.AT3G44100.1	291	4
628791	3702.AT5G01600.1	289	8
612987	3702.AT1G62380.1	289	9
628924	3702.AT5G02870.1	289	12
626387	3702.AT4G18480.1	286	18
635101	3702.ATCG00790.1	285	3
633339	3702.AT5G51820.1	285	33
624893	3702.AT4G02510.1	285	58
630887	3702.AT5G22880.1	283	3
632836	3702.AT5G47190.1	282	2
631754	3702.AT5G37360.1	281	10
621631	3702.AT3G23600.1	279	10
614650	3702.AT1G78370.1	278	9
633382	3702.AT5G52240.1	278	4
613872	3702.AT1G70730.3	277	27
614231	3702.AT1G74230.1	277	4
610792	3702.AT1G29880.1	276	28
617097	3702.AT2G28900.1	275	4
618680	3702.AT2G43560.1	274	3
629971	3702.AT5G13510.1	272	5
608888	3702.AT1G10760.1	271	49
620866	3702.AT3G16640.1	270	11
628614	3702.AT4G39080.1	269	22
617912	3702.AT2G36460.1	269	14
633712	3702.AT5G55220.1	268	25
628375	3702.AT4G36810.1	268	6
618718	3702.AT2G43910.2	268	10
630638	3702.AT5G19810.1	267	2
634040	3702.AT5G58250.1	267	7
626278	3702.AT4G17560.1	265	2
620580	3702.AT3G14067.1	261	23
629982	3702.AT5G13630.1	258	57
624815	3702.AT4G01870.1	258	20
616693	3702.AT2G25080.1	257	7
615873	3702.AT2G17265.1	256	9
608196	3702.AT1G04420.1	255	20
624587	3702.AT3G63460.1	255	33
634919	3702.AT5G66510.2	255	5
617220	3702.AT2G30110.1	254	36
620797	3702.AT3G16000.1	253	19
620769	3702.AT3G15730.1	252	30
633238	3702.AT5G50850.1	252	13
612111	3702.AT1G52410.2	251	22
624895	3702.AT4G02530.1	251	8
617552	3702.AT2G33150.1	250	15
631276	3702.AT5G26742.2	250	32
616198	3702.AT2G20420.1	249	14
619478	3702.AT3G03780.1	248	21
622994	3702.AT3G48420.1	247	13
617134	3702.AT2G29310.1	246	4
627063	3702.AT4G24750.1	245	7
613771	3702.AT1G69740.1	244	13
626284	3702.AT4G17600.1	244	8
626341	3702.AT4G18100.1	244	5
620847	3702.AT3G16470.2	243	15
632827	3702.AT5G47110.1	242	5
628710	3702.AT4G39970.1	242	12
608229	3702.AT1G04690.1	240	9
620675	3702.AT3G14930.2	240	9
626671	3702.AT4G21210.1	239	8
627276	3702.AT4G26690.1	238	30
634514	3702.AT5G62790.2	236	15
629265	3702.AT5G06060.1	236	10
616779	3702.AT2G25830.1	235	6
617137	3702.AT2G29340.1	235	5
619952	3702.AT3G08030.1	235	14
623973	3702.AT3G57610.1	234	13
634277	3702.AT5G60540.1	232	7
634210	3702.AT5G59880.1	231	6
622664	3702.AT3G45245.1	231	2
619782	3702.AT3G06435.1	231	1
626469	3702.AT4G19170.1	230	17
625537	3702.AT4G11150.1	230	7
632323	3702.AT5G42650.1	229	16
609811	3702.AT1G19570.1	228	6
608757	3702.AT1G09620.1	228	37
623022	3702.AT3G48690.1	226	8
628127	3702.AT4G34450.1	225	27
621550	3702.AT3G22890.1	224	11
620072	3702.AT3G09630.1	221	11
608563	3702.AT1G07820.1	221	12
622734	3702.AT3G45930.1	221	12
617083	3702.AT2G28740.1	221	12
622774	3702.AT3G46320.1	221	12
608544	3702.AT1G07660.1	221	12
634190	3702.AT5G59690.1	221	12
634219	3702.AT5G59970.1	221	12
623569	3702.AT3G53730.1	221	12
624560	3702.AT3G63190.1	220	6
621467	3702.AT3G22120.1	220	3
635063	3702.ATCG00330.1	220	2
625585	3702.AT4G11600.1	220	5
616290	3702.AT2G21160.1	220	3
608760	3702.AT1G09640.1	219	12
608139	3702.AT1G03860.3	219	7
625320	3702.AT4G09040.1	219	9
614855	3702.AT1G80380.2	217	16
611730	3702.AT1G48610.1	217	4
630232	3702.AT5G16050.1	217	5
612596	3702.AT1G57720.1	216	10
634778	3702.AT5G65220.1	215	4
616524	3702.AT2G23350.1	215	11
612358	3702.AT1G54630.1	215	2
635067	3702.ATCG00380.1	213	4
611282	3702.AT1G35160.2	211	5
618585	3702.AT2G42690.1	205	9
634573	3702.AT5G63310.1	205	5
632462	3702.AT5G43830.1	205	4
635054	3702.ATCG00160.1	204	4
621885	3702.AT3G25920.1	204	10
618799	3702.AT2G44650.1	204	3
619417	3702.AT3G03250.1	204	16
615346	3702.AT2G05710.1	203	24
625625	3702.AT4G11960.1	203	6
630111	3702.AT5G14910.1	203	3
620853	3702.AT3G16530.1	202	8
621831	3702.AT3G25520.1	202	7
633765	3702.AT5G55730.1	202	14
631124	3702.AT5G25090.1	201	6
623702	3702.AT3G55010.2	201	8
630351	3702.AT5G17170.1	200	7
635100	3702.ATCG00780.1	200	3
611193	3702.AT1G34000.1	200	4
620506	3702.AT3G13470.1	199	13
607974	3702.AT1G02280.1	199	8
632474	3702.AT5G43940.2	198	8
624368	3702.AT3G61430.2	198	5
628170	3702.AT4G34870.1	197	6
617386	3702.AT2G31610.1	196	6
626917	3702.AT4G23400.1	196	8
612354	3702.AT1G54580.1	194	2
631251	3702.AT5G26570.1	194	24
625670	3702.AT4G12420.2	193	17
620566	3702.AT3G13930.1	192	16
633718	3702.AT5G55280.1	192	11
627306	3702.AT4G26970.1	191	20
623407	3702.AT3G52230.1	191	2
634671	3702.AT5G64290.1	191	10
621900	3702.AT3G26070.1	191	6
623738	3702.AT3G55360.1	190	5
609642	3702.AT1G17880.1	190	2
627353	3702.AT4G27440.1	190	10
618468	3702.AT2G41530.1	190	10
620915	3702.AT3G17100.1	189	2
623743	3702.AT3G55410.1	189	23
627050	3702.AT4G24620.1	187	14
611058	3702.AT1G32470.1	187	4
628526	3702.AT4G38220.2	186	10
620517	3702.AT3G13580.3	186	4
634754	3702.AT5G65010.2	186	13
620270	3702.AT3G11400.2	185	5
625008	3702.AT4G03520.1	185	6
623662	3702.AT3G54660.1	185	10
630558	3702.AT5G19090.1	183	8
629289	3702.AT5G06290.1	183	8
613550	3702.AT1G67700.2	182	2
629406	3702.AT5G07440.1	182	8
628633	3702.AT4G39260.1	182	7
634290	3702.AT5G60640.1	181	11
609820	3702.AT1G19670.1	180	5
618290	3702.AT2G39990.1	179	7
631446	3702.AT5G28500.1	178	10
614379	3702.AT1G75750.1	177	4
632616	3702.AT5G45170.1	177	12
614810	3702.AT1G79920.1	176	15
616590	3702.AT2G24090.1	173	3
634136	3702.AT5G59150.1	173	2
629042	3702.AT5G03940.1	173	15
608117	3702.AT1G03630.1	172	11
621877	3702.AT3G25860.1	170	15
620283	3702.AT3G11510.1	170	5
618304	3702.AT2G40100.1	169	4
616151	3702.AT2G19940.2	169	15
611910	3702.AT1G50480.1	169	17
617454	3702.AT2G32240.1	168	26
635122	3702.ATCG01110.1	167	10
610110	3702.AT1G22450.1	167	2
621466	3702.AT3G22110.1	167	7
610771	3702.AT1G29670.1	167	11
626254	3702.AT4G17340.1	166	2
618481	3702.AT2G41680.1	165	11
621973	3702.AT3G26710.1	164	2
612554	3702.AT1G56500.1	164	26
625379	3702.AT4G09670.1	164	10
622564	3702.AT3G44310.1	164	9
611153	3702.AT1G33590.1	163	9
610928	3702.AT1G31180.1	163	5
620094	3702.AT3G09840.1	163	13
620727	3702.AT3G15360.1	162	6
628650	3702.AT4G39460.2	160	6
628808	3702.AT5G01750.2	160	5
629397	3702.AT5G07350.2	159	22
611841	3702.AT1G49750.1	158	11
630227	3702.AT5G16010.1	158	3
618935	3702.AT2G45990.2	158	6
622489	3702.AT3G43540.1	157	5
634411	3702.AT5G61790.1	157	12
619409	3702.AT3G03170.1	157	3
620317	3702.AT3G11830.1	157	12
609300	3702.AT1G14610.1	157	23
612090	3702.AT1G52220.1	157	2
621234	3702.AT3G20000.1	156	6
627620	3702.AT4G29840.1	156	11
614109	3702.AT1G73110.1	155	6
616306	3702.AT2G21280.1	155	6
624674	3702.AT4G00620.1	155	4
631412	3702.AT5G28060.1	155	1
628231	3702.AT4G35450.5	153	6
619503	3702.AT3G04000.1	153	4
611753	3702.AT1G48850.1	152	5
611543	3702.AT1G45145.1	152	3
609107	3702.AT1G12800.1	150	9
625825	3702.AT4G13850.1	149	3
623040	3702.AT3G48870.1	149	16
631555	3702.AT5G35170.1	148	13
615696	3702.AT2G15290.1	147	6
633515	3702.AT5G53460.1	146	49
617758	3702.AT2G35040.1	146	9
614214	3702.AT1G74070.1	145	6
614234	3702.AT1G74260.1	145	27
611864	3702.AT1G49970.1	145	12
608417	3702.AT1G06430.1	144	11
624448	3702.AT3G62120.1	144	12
612538	3702.AT1G56340.1	143	8
626712	3702.AT4G21580.1	143	7
613392	3702.AT1G66200.3	143	4
629008	3702.AT5G03630.1	143	9
608775	3702.AT1G09780.1	142	11
630353	3702.AT5G17190.1	142	1
634410	3702.AT5G61780.1	142	24
618138	3702.AT2G38550.1	142	5
619655	3702.AT3G05350.1	141	12
617088	3702.AT2G28800.1	141	6
630668	3702.AT5G20080.1	140	6
614300	3702.AT1G74920.1	140	6
628585	3702.AT4G38800.1	139	5
624795	3702.AT4G01690.1	138	11
629364	3702.AT5G07030.1	138	6
613025	3702.AT1G62780.1	138	3
634881	3702.AT5G66140.1	137	4
620457	3702.AT3G13120.2	137	3
618075	3702.AT2G37970.1	137	4
623735	3702.AT3G55330.1	137	4
630639	3702.AT5G19820.1	136	22
611887	3702.AT1G50250.1	136	11
619964	3702.AT3G08590.2	136	10
620376	3702.AT3G12390.1	136	5
631773	3702.AT5G37510.2	136	17
635104	3702.ATCG00820.1	135	2
629693	3702.AT5G10470.2	135	22
627694	3702.AT4G30530.1	134	4
631081	3702.AT5G24650.1	134	2
622854	3702.AT3G47070.1	133	2
623825	3702.AT3G56150.2	133	19
614339	3702.AT1G75330.1	132	6
619468	3702.AT3G03710.1	132	16
623713	3702.AT3G55120.1	132	7
616053	3702.AT2G18960.1	132	14
623855	3702.AT3G56460.1	130	4
609853	3702.AT1G20010.1	129	10
608955	3702.AT1G11430.1	129	3
629096	3702.AT5G04430.2	129	6
628212	3702.AT4G35260.1	129	5
619368	3702.AT3G02780.1	129	4
633737	3702.AT5G55480.1	129	18
611107	3702.AT1G32990.1	128	6
610870	3702.AT1G30630.1	128	7
608182	3702.AT1G04270.1	127	3
612242	3702.AT1G53580.1	127	4
618297	3702.AT2G40060.1	127	1
624306	3702.AT3G60900.1	127	8
611731	3702.AT1G48620.1	125	3
634647	3702.AT5G64050.1	125	6
623553	3702.AT3G53580.1	124	9
622838	3702.AT3G46910.1	123	6
617957	3702.AT2G36880.2	123	7
626232	3702.AT4G17090.1	123	13
616599	3702.AT2G24200.1	122	10
621240	3702.AT3G20050.1	122	7
618911	3702.AT2G45740.1	122	4
631350	3702.AT5G27470.1	122	6
612173	3702.AT1G53000.1	121	3
619921	3702.AT3G07720.1	121	8
615304	3702.AT2G05100.1	121	1
626552	3702.AT4G19990.2	121	9
622410	3702.AT3G42050.1	121	8
612624	3702.AT1G58080.1	120	3
625567	3702.AT4G11420.1	119	12
622931	3702.AT3G47860.1	119	6
632133	3702.AT5G40950.1	119	4
617132	3702.AT2G29290.2	119	3
633517	3702.AT5G53480.1	118	11
629151	3702.AT5G05000.3	118	4
610728	3702.AT1G29250.1	117	1
630958	3702.AT5G23540.1	116	5
608428	3702.AT1G06530.1	116	4
610876	3702.AT1G30690.2	115	9
618826	3702.AT2G44920.2	115	4
616219	3702.AT2G20580.1	115	17
610929	3702.AT1G31190.1	115	6
629856	3702.AT5G12040.1	115	5
609022	3702.AT1G12000.1	114	6
611422	3702.AT1G42550.1	114	12
617363	3702.AT2G31390.1	114	2
616191	3702.AT2G20360.1	114	6
631587	3702.AT5G35530.1	113	1
614697	3702.AT1G78820.1	113	6
609066	3702.AT1G12410.1	113	6
628095	3702.AT4G34180.1	113	3
634029	3702.AT5G58140.2	112	17
608487	3702.AT1G07140.1	112	3
613646	3702.AT1G68560.1	112	13
609518	3702.AT1G16720.1	112	11
626490	3702.AT4G19410.2	111	9
615888	3702.AT2G17420.1	111	6
627299	3702.AT4G26910.1	111	6
618915	3702.AT2G45790.1	111	4
608972	3702.AT1G11580.1	111	11
617297	3702.AT2G30870.1	111	4
616546	3702.AT2G23600.1	110	5
632945	3702.AT5G48230.2	110	4
615622	3702.AT2G14170.1	110	4
620931	3702.AT3G17240.1	110	9
628369	3702.AT4G36760.1	109	10
633519	3702.AT5G53490.3	109	4
616401	3702.AT2G22230.1	109	3
622943	3702.AT3G48000.1	108	7
630591	3702.AT5G19370.1	108	6
614419	3702.AT1G76160.1	108	9
613962	3702.AT1G71695.1	108	6
612601	3702.AT1G57770.1	107	10
612347	3702.AT1G54520.1	106	3
632118	3702.AT5G40810.1	106	6
610774	3702.AT1G29700.1	105	6
633954	3702.AT5G57490.1	105	3
615805	3702.AT2G16600.1	105	3
619980	3702.AT3G08740.1	105	4
617886	3702.AT2G36250.2	104	6
630268	3702.AT5G16390.1	104	4
622400	3702.AT3G32980.1	104	5
607875	3702.AT1G01320.1	104	32
620015	3702.AT3G09050.1	104	2
611015	3702.AT1G32070.2	104	1
634800	3702.AT5G65430.3	103	3
628419	3702.AT4G37200.1	103	6
610613	3702.AT1G27970.2	102	2
617310	3702.AT2G30970.1	102	6
633595	3702.AT5G54160.1	102	6
617560	3702.AT2G33210.1	102	6
612729	3702.AT1G59870.1	101	18
630634	3702.AT5G19770.1	101	12
630635	3702.AT5G19780.1	101	12
620792	3702.AT3G15950.1	101	11
630750	3702.AT5G20920.3	101	3
623113	3702.AT3G49560.1	101	2
609668	3702.AT1G18170.1	101	4
609343	3702.AT1G14980.1	99.8	1
627368	3702.AT4G27585.1	99.8	4
629962	3702.AT5G13420.1	99.7	7
635145	3702.ATMG00160.1	99.0	3
616958	3702.AT2G27530.1	98.7	3
611335	3702.AT1G35680.1	98.7	2
612513	3702.AT1G56110.1	98.7	4
610996	3702.AT1G31860.1	98.4	3
611748	3702.AT1G48790.1	98.1	9
630992	3702.AT5G23890.1	97.9	7
616315	3702.AT2G21385.4	97.6	4
626182	3702.AT4G16660.1	97.5	10
607850	3702.AT1G01090.1	97.1	5
634485	3702.AT5G62530.1	97.1	7
622197	3702.AT3G28710.1	96.5	4
608140	3702.AT1G03870.1	96.3	3
631568	3702.AT5G35360.3	96.2	7
612073	3702.AT1G52040.1	96.1	5
629622	3702.AT5G09810.1	95.6	7
630574	3702.AT5G19220.1	95.0	7
613052	3702.AT1G63000.1	94.5	4
623028	3702.AT3G48750.1	94.5	2
631287	3702.AT5G26830.1	94.2	7
628086	3702.AT4G34110.1	94.2	6
628974	3702.AT5G03350.1	94.1	3
612732	3702.AT1G59900.1	93.9	4
623823	3702.AT3G56130.1	93.8	2
620218	3702.AT3G10920.1	93.6	3
621851	3702.AT3G25660.1	93.2	5
628579	3702.AT4G38740.1	93.1	2
623938	3702.AT3G57260.1	92.8	3
625782	3702.AT4G13430.1	92.6	10
627528	3702.AT4G29010.1	92.3	7
616869	3702.AT2G26740.1	91.5	4
629230	3702.AT5G05740.1	91.2	4
612210	3702.AT1G53310.3	91.1	9
632194	3702.AT5G41520.1	90.2	2
619107	3702.AT2G47610.1	90.1	2
629497	3702.AT5G08300.1	90.1	3
631982	3702.AT5G39510.1	90.1	3
631781	3702.AT5G37600.1	90.0	3
627777	3702.AT4G31300.2	89.9	2
632332	3702.AT5G42740.1	89.5	10
628931	3702.AT5G02940.1	89.5	8
630414	3702.AT5G17770.1	89.5	3
632293	3702.AT5G42390.1	89.4	15
617504	3702.AT2G32730.1	89.2	9
625750	3702.AT4G13180.1	89.1	3
631235	3702.AT5G26210.1	89.0	1
615069	3702.AT2G02500.1	89.0	6
625173	3702.AT4G05530.1	89.0	2
617694	3702.AT2G34430.1	88.8	2
619773	3702.AT3G06350.1	88.7	11
630660	3702.AT5G20010.1	88.5	2
619092	3702.AT2G47470.1	88.0	4
627072	3702.AT4G24830.1	87.7	5
611410	3702.AT1G41830.1	87.6	6
628967	3702.AT5G03290.1	87.4	4
627339	3702.AT4G27320.1	87.2	4
624668	3702.AT4G00570.1	86.8	8
633263	3702.AT5G51100.1	86.4	4
608639	3702.AT1G08490.1	86.3	3
618766	3702.AT2G44350.2	86.3	5
634978	3702.AT5G67030.1	86.1	11
627668	3702.AT4G30270.1	85.9	4
610329	3702.AT1G24510.1	85.7	4
618745	3702.AT2G44160.1	85.3	7
611974	3702.AT1G51110.1	84.7	3
627475	3702.AT4G28510.1	84.6	4
629597	3702.AT5G09590.1	84.5	8
624027	3702.AT3G58140.1	84.3	6
614062	3702.AT1G72640.1	84.0	3
624192	3702.AT3G59780.1	83.9	9
612537	3702.AT1G56330.1	83.8	2
621512	3702.AT3G22520.1	83.7	7
614281	3702.AT1G74730.1	83.5	2
608006	3702.AT1G02560.1	83.4	5
619222	3702.AT3G01440.1	83.3	1
619674	3702.AT3G05530.1	83.2	3
609381	3702.AT1G15340.1	83.1	3
621062	3702.AT3G18420.1	83.1	2
630019	3702.AT5G13980.2	82.8	12
613885	3702.AT1G70850.1	82.8	2
622819	3702.AT3G46740.1	82.5	11
609873	3702.AT1G20200.1	81.6	4
621215	3702.AT3G19820.2	81.0	7
610191	3702.AT1G23190.1	80.7	8
629906	3702.AT5G12860.1	80.7	9
625805	3702.AT4G13640.2	80.4	3
635103	3702.ATCG00810.1	80.3	2
626970	3702.AT4G23890.1	80.3	3
629528	3702.AT5G08540.1	80.3	3
619216	3702.AT3G01390.2	80.1	1
623486	3702.AT3G52990.1	79.7	5
618635	3702.AT2G43160.1	79.6	2
614472	3702.AT1G76680.2	79.3	3
610932	3702.AT1G31230.1	78.7	11
634746	3702.AT5G64940.1	78.7	7
631055	3702.AT5G24400.1	78.4	3
608162	3702.AT1G04080.3	77.3	7
631250	3702.AT5G26360.1	76.8	5
623726	3702.AT3G55250.1	76.4	4
632906	3702.AT5G47860.1	76.2	3
623397	3702.AT3G52140.4	75.8	13
621436	3702.AT3G21865.1	75.4	2
612327	3702.AT1G54320.1	75.3	2
631593	3702.AT5G35590.1	75.1	3
614761	3702.AT1G79440.1	75.1	5
620745	3702.AT3G15520.1	74.8	7
633850	3702.AT5G56500.2	74.4	5
621672	3702.AT3G23940.1	74.3	10
614059	3702.AT1G72610.1	74.3	1
608645	3702.AT1G08550.1	73.5	3
622140	3702.AT3G28200.1	72.7	3
613882	3702.AT1G70820.1	72.6	6
623551	3702.AT3G53560.1	72.5	3
626194	3702.AT4G16760.1	72.4	8
613784	3702.AT1G69840.3	71.9	3
623364	3702.AT3G51840.1	71.3	4
621811	3702.AT3G25230.2	70.8	4
633455	3702.AT5G52920.1	70.6	4
618853	3702.AT2G45180.1	70.6	1
616316	3702.AT2G21390.1	70.5	13
618538	3702.AT2G42210.2	70.1	1
608079	3702.AT1G03230.1	70.1	4
622198	3702.AT3G28715.1	70.0	3
618056	3702.AT2G37770.2	69.9	2
619097	3702.AT2G47510.1	69.8	6
623127	3702.AT3G49680.1	69.5	3
621475	3702.AT3G22200.2	68.6	4
618389	3702.AT2G40840.1	68.0	11
633558	3702.AT5G53850.2	67.6	4
628501	3702.AT4G37980.1	67.5	3
625449	3702.AT4G10320.1	67.5	11
620947	3702.AT3G17390.1	67.4	5
630754	3702.AT5G20950.1	67.2	5
613418	3702.AT1G66430.1	67.1	4
630298	3702.AT5G16660.1	67.0	1
608937	3702.AT1G11260.1	66.2	5
623729	3702.AT3G55260.1	66.1	4
622954	3702.AT3G48110.1	66.1	9
634822	3702.AT5G65620.1	65.3	8
618914	3702.AT2G45770.2	65.0	4
609554	3702.AT1G17050.1	64.7	2
614858	3702.AT1G80410.2	64.6	8
610148	3702.AT1G22840.1	64.3	1
632225	3702.AT5G41790.1	64.2	13
620477	3702.AT3G13235.1	64.1	4
611395	3702.AT1G37130.1	64.0	9
631880	3702.AT5G38520.2	63.9	3
624593	3702.AT3G63520.1	63.9	8
617905	3702.AT2G36390.1	63.8	8
617148	3702.AT2G29450.1	63.2	2
623767	3702.AT3G55610.1	63.2	5
619140	3702.AT2G47940.1	63.1	5
608685	3702.AT1G08980.1	62.8	4
624901	3702.AT4G02580.1	62.8	2
619561	3702.AT3G04550.1	62.8	4
632495	3702.AT5G44130.1	62.3	2
618055	3702.AT2G37760.1	62.3	3
620897	3702.AT3G16910.1	62.1	3
620367	3702.AT3G12290.1	61.7	3
621323	3702.AT3G20820.1	61.6	5
620151	3702.AT3G10350.2	61.6	4
630054	3702.AT5G14320.1	61.5	2
620120	3702.AT3G10060.1	61.5	2
629549	3702.AT5G08740.1	61.5	5
627904	3702.AT4G32420.3	61.4	1
635088	3702.ATCG00660.1	61.3	1
627071	3702.AT4G24820.1	61.3	3
622286	3702.AT3G29560.1	61.1	1
627740	3702.AT4G30950.1	60.9	4
609677	3702.AT1G18270.3	60.7	12
620395	3702.AT3G12580.1	60.3	6
619807	3702.AT3G06650.1	59.6	5
619292	3702.AT3G02080.1	59.0	1
612069	3702.AT1G51980.1	58.9	2
618963	3702.AT2G46280.1	58.7	2
633120	3702.AT5G49810.1	58.6	11
630082	3702.AT5G14590.1	58.6	4
618471	3702.AT2G41560.1	58.5	5
631551	3702.AT5G35100.1	58.3	3
625914	3702.AT4G14490.1	57.9	2
608000	3702.AT1G02500.1	57.7	4
621773	3702.AT3G24830.1	57.5	1
614053	3702.AT1G72550.1	57.3	5
631895	3702.AT5G38660.2	57.1	3
630390	3702.AT5G17530.3	57.1	4
611719	3702.AT1G48520.1	56.8	4
609568	3702.AT1G17170.1	56.7	1
608610	3702.AT1G08200.1	56.7	3
613783	3702.AT1G69830.1	56.6	6
612274	3702.AT1G53850.1	56.3	2
634582	3702.AT5G63420.1	56.0	6
626964	3702.AT4G23850.1	55.9	3
614777	3702.AT1G79600.1	55.8	7
623404	3702.AT3G52200.2	55.6	4
618798	3702.AT2G44640.1	55.6	4
633425	3702.AT5G52640.1	55.6	5
627660	3702.AT4G30190.2	55.5	8
616258	3702.AT2G20840.1	55.0	1
630611	3702.AT5G19550.1	54.8	5
609047	3702.AT1G12230.2	54.8	3
631804	3702.AT5G37830.1	54.8	10
615280	3702.AT2G04780.2	54.7	1
610865	3702.AT1G30580.1	54.3	3
614299	3702.AT1G74910.1	54.3	4
632493	3702.AT5G44110.1	54.1	2
632664	3702.AT5G45620.1	53.6	2
625832	3702.AT4G13930.1	53.6	5
619308	3702.AT3G02230.1	53.5	3
628284	3702.AT4G35900.1	53.4	1
610556	3702.AT1G27400.1	53.3	1
618734	3702.AT2G44060.1	53.3	2
632519	3702.AT5G44340.1	53.3	4
621733	3702.AT3G24503.1	52.8	4
629804	3702.AT5G11520.1	52.5	4
633868	3702.AT5G56680.1	52.4	2
612988	3702.AT1G62390.1	51.7	6
614517	3702.AT1G77090.1	51.7	2
627354	3702.AT4G27450.1	51.6	3
633410	3702.AT5G52520.1	51.6	6
630159	3702.AT5G15350.1	51.5	2
630316	3702.AT5G16840.2	51.5	2
624322	3702.AT3G61050.2	51.5	3
634705	3702.AT5G64570.1	51.3	6
616989	3702.AT2G27860.1	51.0	3
627672	3702.AT4G30310.2	50.5	4
630303	3702.AT5G16715.1	50.4	7
620371	3702.AT3G12345.1	50.3	1
608895	3702.AT1G10830.1	50.1	1
610253	3702.AT1G23820.1	49.9	4
613501	3702.AT1G67230.1	49.9	5
609050	3702.AT1G12250.1	49.8	2
627655	3702.AT4G30140.1	49.7	3
628674	3702.AT4G39690.1	49.2	4
622473	3702.AT3G43300.1	49.2	10
629969	3702.AT5G13490.1	49.1	2
632838	3702.AT5G47210.1	48.9	2
632752	3702.AT5G46430.2	48.8	1
614864	3702.AT1G80480.1	48.8	3
608625	3702.AT1G08360.1	48.6	2
610400	3702.AT1G25490.1	48.1	4
620242	3702.AT3G11130.1	48.1	14
633632	3702.AT5G54500.2	47.7	1
620091	3702.AT3G09810.1	47.6	2
611032	3702.AT1G32240.1	47.3	1
616886	3702.AT2G26900.1	47.2	3
621943	3702.AT3G26450.1	47.0	1
623538	3702.AT3G53430.1	47.0	1
609105	3702.AT1G12780.1	46.9	3
623360	3702.AT3G51800.2	46.9	3
629474	3702.AT5G08080.3	46.8	1
621017	3702.AT3G18035.1	46.0	1
631270	3702.AT5G26710.1	46.0	3
627766	3702.AT4G31180.1	45.5	5
612552	3702.AT1G56450.1	45.4	2
623500	3702.AT3G53110.1	45.4	4
608483	3702.AT1G07110.1	45.1	6
627359	3702.AT4G27500.1	45.0	4
621177	3702.AT3G19480.1	45.0	4
633327	3702.AT5G51720.1	44.6	1
635170	3702.ATMG00510.1	44.3	3
631408	3702.AT5G28030.1	44.3	3
619675	3702.AT3G05540.1	44.2	1
616330	3702.AT2G21530.1	44.2	2
620565	3702.AT3G13920.2	44.0	4
626894	3702.AT4G23180.1	43.9	5
621699	3702.AT3G24170.1	43.9	2
610293	3702.AT1G24180.1	43.9	2
624705	3702.AT4G00893.1	43.9	1
630747	3702.AT5G20890.1	43.6	4
632697	3702.AT5G45930.1	43.6	4
608896	3702.AT1G10840.1	43.2	1
633625	3702.AT5G54430.1	43.1	1
626048	3702.AT4G15560.1	43.0	2
616672	3702.AT2G24820.1	42.9	2
632210	3702.AT5G41670.2	42.5	2
616735	3702.AT2G25450.1	42.3	3
619959	3702.AT3G08530.1	42.1	13
612785	3702.AT1G60550.1	41.9	3
612037	3702.AT1G51710.1	41.9	3
630367	3702.AT5G17310.2	41.8	3
623941	3702.AT3G57290.1	41.8	2
611708	3702.AT1G48410.2	41.8	6
614014	3702.AT1G72160.1	41.7	3
616828	3702.AT2G26340.2	41.7	1
626720	3702.AT4G21650.1	41.7	6
616225	3702.AT2G20610.1	41.5	2
617876	3702.AT2G36145.1	41.1	2
613335	3702.AT1G65650.1	41.0	1
608744	3702.AT1G09500.1	41.0	2
632249	3702.AT5G42020.1	41.0	3
620138	3702.AT3G10220.1	40.7	1
614877	3702.AT1G80600.1	40.5	2
632405	3702.AT5G43330.1	40.4	1
616609	3702.AT2G24280.1	40.4	1
618430	3702.AT2G41220.1	40.3	6
633693	3702.AT5G55070.1	40.0	2
627837	3702.AT4G31840.1	40.0	1
630512	3702.AT5G18660.1	39.8	3
614417	3702.AT1G76140.1	39.8	5
629923	3702.AT5G13030.1	39.7	4
620329	3702.AT3G11945.2	39.6	2
634327	3702.AT5G60980.2	39.6	2
626107	3702.AT4G16060.1	39.6	2
626203	3702.AT4G16830.1	39.6	1
610523	3702.AT1G27090.1	39.4	3
619598	3702.AT3G04870.2	39.3	3
610546	3702.AT1G27310.1	39.2	1
632241	3702.AT5G41950.1	39.2	3
613399	3702.AT1G66250.1	39.0	2
629347	3702.AT5G06860.1	38.9	1
626945	3702.AT4G23650.1	38.8	2
630689	3702.AT5G20280.1	38.8	5
619950	3702.AT3G08010.1	38.7	1
624813	3702.AT4G01850.1	38.7	2
623696	3702.AT3G54960.1	38.6	3
623819	3702.AT3G56090.1	38.6	1
626423	3702.AT4G18810.2	38.6	2
618411	3702.AT2G41040.1	38.4	3
616715	3702.AT2G25280.1	38.4	2
630294	3702.AT5G16620.1	38.4	1
612698	3702.AT1G59610.1	38.4	5
628915	3702.AT5G02790.1	38.2	1
631039	3702.AT5G24300.1	38.2	3
608863	3702.AT1G10585.1	38.1	1
628346	3702.AT4G36530.2	38.1	2
608420	3702.AT1G06460.1	37.9	2
632032	3702.AT5G39980.1	37.8	4
617139	3702.AT2G29360.1	37.6	1
631143	3702.AT5G25265.1	37.6	2
634382	3702.AT5G61510.1	37.5	2
622035	3702.AT3G27240.1	37.4	2
622624	3702.AT3G44880.1	37.3	4
630684	3702.AT5G20230.1	37.3	1
628968	3702.AT5G03300.1	37.2	2
631806	3702.AT5G37850.1	36.8	2
626274	3702.AT4G17520.1	36.7	1
633589	3702.AT5G54110.1	36.7	1
619366	3702.AT3G02760.1	36.3	3
626118	3702.AT4G16143.2	36.3	3
631356	3702.AT5G27540.1	36.2	3
623502	3702.AT3G53130.1	36.0	2
632256	3702.AT5G42080.1	35.9	3
625608	3702.AT4G11820.2	35.8	2
632795	3702.AT5G46860.1	35.8	1
614529	3702.AT1G77180.2	35.5	2
613976	3702.AT1G71820.2	35.5	3
612205	3702.AT1G53280.1	35.3	3
632339	3702.AT5G42790.1	35.1	2
631915	3702.AT5G38860.1	35.0	3
626046	3702.AT4G15545.1	34.9	2
616691	3702.AT2G25060.1	34.8	1
619356	3702.AT3G02660.1	34.7	2
633758	3702.AT5G55660.1	34.7	2
618058	3702.AT2G37790.1	34.7	1
608159	3702.AT1G04040.1	34.6	1
618839	3702.AT2G45060.1	34.6	1
610638	3702.AT1G28200.1	34.5	3
609559	3702.AT1G17100.1	34.4	1
616586	3702.AT2G24050.1	34.3	3
628020	3702.AT4G33500.1	34.3	2
610718	3702.AT1G29150.1	34.3	2
632627	3702.AT5G45280.2	34.3	2
621268	3702.AT3G20320.1	34.3	2
615356	3702.AT2G05830.1	34.2	2
616025	3702.AT2G18710.1	34.1	1
623131	3702.AT3G49720.2	34.1	1
616274	3702.AT2G20990.3	34.0	2
611728	3702.AT1G48600.2	33.9	2
629431	3702.AT5G07660.1	33.8	6
633012	3702.AT5G48790.1	33.8	1
628558	3702.AT4G38510.5	33.7	3
613553	3702.AT1G67730.1	33.6	1
621174	3702.AT3G19450.1	33.6	2
613241	3702.AT1G64770.3	33.6	1
628131	3702.AT4G34490.1	33.6	2
632489	3702.AT5G44070.1	33.5	2
618493	3702.AT2G41790.1	33.4	5
628251	3702.AT4G35630.1	33.4	2
611842	3702.AT1G49760.1	33.4	2
629678	3702.AT5G10330.1	33.3	3
613988	3702.AT1G71920.2	33.3	3
610134	3702.AT1G22700.1	33.2	1
621363	3702.AT3G21200.1	33.2	2
623233	3702.AT3G50670.1	33.0	1
613805	3702.AT1G70070.1	33.0	6
619322	3702.AT3G02360.2	32.7	2
627140	3702.AT4G25450.1	32.7	3
631656	3702.AT5G36230.1	32.7	2
625442	3702.AT4G10260.1	32.6	2
627970	3702.AT4G33030.1	32.4	2
622108	3702.AT3G27890.1	32.4	1
615167	3702.AT2G03550.1	32.4	2
627068	3702.AT4G24800.3	32.1	3
633999	3702.AT5G57870.1	32.0	5
612303	3702.AT1G54100.1	32.0	3
621996	3702.AT3G26900.2	32.0	2
624941	3702.AT4G02930.1	31.9	2
615276	3702.AT2G04690.1	31.6	1
628309	3702.AT4G36130.1	31.3	1
630320	3702.AT5G16880.1	31.2	1
628048	3702.AT4G33760.1	30.7	2
618186	3702.AT2G39020.1	30.7	1
613476	3702.AT1G66980.1	30.6	5
613223	3702.AT1G64600.1	30.5	3
613120	3702.AT1G63610.2	30.5	2
634502	3702.AT5G62670.1	30.5	6
630242	3702.AT5G16150.3	30.4	2
619730	3702.AT3G05970.1	30.4	3
622640	3702.AT3G45030.1	30.1	1
634463	3702.AT5G62300.1	30.1	1
617993	3702.AT2G37170.1	30.1	1
634624	3702.AT5G63840.1	30.0	4
617569	3702.AT2G33280.1	30.0	1
615241	3702.AT2G04280.1	29.8	2
612708	3702.AT1G59700.1	29.8	1
618004	3702.AT2G37270.2	29.1	1
620328	3702.AT3G11940.1	29.1	1
624473	3702.AT3G62360.1	28.7	7
627542	3702.AT4G29120.1	28.5	2
626664	3702.AT4G21150.1	28.3	4
634692	3702.AT5G64460.8	28.2	1
620607	3702.AT3G14290.1	28.1	1
617846	3702.AT2G35840.3	27.9	1
611905	3702.AT1G50430.1	27.7	1
627080	3702.AT4G24930.1	27.6	1
620557	3702.AT3G13860.1	27.6	2
621305	3702.AT3G20640.1	27.6	1
630618	3702.AT5G19620.1	27.5	2
635074	3702.ATCG00500.1	27.3	2
612148	3702.AT1G52760.1	27.2	2
624206	3702.AT3G59920.1	27.2	2
626634	3702.AT4G20860.1	27.2	2
616142	3702.AT2G19860.1	27.1	2
628084	3702.AT4G34090.3	27.0	2
630374	3702.AT5G17380.1	27.0	3
608477	3702.AT1G07040.1	26.9	2
628618	3702.AT4G39120.1	26.9	1
610025	3702.AT1G21680.1	26.8	3
634948	3702.AT5G66760.1	26.7	3
616587	3702.AT2G24060.1	26.5	1
621808	3702.AT3G25210.1	26.4	2
627781	3702.AT4G31340.1	26.4	1
634621	3702.AT5G63810.1	26.3	3
623318	3702.AT3G51420.1	26.3	1
622488	3702.AT3G43520.1	26.3	1
631653	3702.AT5G36210.1	26.3	3
614629	3702.AT1G78140.1	26.2	2
609582	3702.AT1G17290.1	26.1	1
608741	3702.AT1G09480.1	26.1	1
610259	3702.AT1G23880.1	26.0	3
616918	3702.AT2G27190.1	26.0	1
612047	3702.AT1G51805.1	25.9	2
627736	3702.AT4G30920.1	25.9	2
616861	3702.AT2G26670.1	25.9	1
618191	3702.AT2G39080.1	25.8	2
608078	3702.AT1G03220.1	25.7	1
608947	3702.AT1G11360.3	25.5	1
627425	3702.AT4G28080.1	25.5	6
631166	3702.AT5G25460.1	25.4	1
619970	3702.AT3G08640.1	25.3	1
612080	3702.AT1G52120.1	25.3	2
627040	3702.AT4G24520.1	25.1	2
615153	3702.AT2G03390.1	25.0	1
625050	3702.AT4G04350.1	25.0	4
633040	3702.AT5G49030.3	24.9	6
621112	3702.AT3G18860.1	24.9	2
632264	3702.AT5G42150.1	24.6	1
617261	3702.AT2G30520.1	24.6	2
614292	3702.AT1G74850.1	24.5	2
614286	3702.AT1G74790.1	24.5	2
625748	3702.AT4G13160.1	24.4	1
626300	3702.AT4G17720.1	24.4	1
625101	3702.AT4G04910.1	24.4	3
623610	3702.AT3G54130.1	24.4	1
615075	3702.AT2G02560.1	24.4	4
614952	3702.AT2G01350.1	24.3	1
616318	3702.AT2G21410.1	24.3	2
619792	3702.AT3G06510.2	24.3	3
632080	3702.AT5G40450.1	24.2	9
624201	3702.AT3G59870.1	24.2	1
633666	3702.AT5G54810.1	24.2	1
633753	3702.AT5G55610.1	24.1	1
621558	3702.AT3G22960.1	24.1	3
625667	3702.AT4G12390.1	24.1	1
635013	3702.AT5G67360.1	24.1	5
634146	3702.AT5G59250.1	24.0	1
623460	3702.AT3G52750.1	24.0	1
620303	3702.AT3G11710.1	24.0	2
631291	3702.AT5G26860.1	24.0	3
616108	3702.AT2G19520.1	23.9	2
629212	3702.AT5G05580.1	23.9	1
611907	3702.AT1G50450.1	23.9	1
614305	3702.AT1G74960.2	23.9	1
612464	3702.AT1G55670.1	23.8	1
615837	3702.AT2G16950.1	23.8	3
635057	3702.ATCG00190.1	23.8	4
634504	3702.AT5G62690.1	23.8	3
634505	3702.AT5G62700.1	23.8	3
627592	3702.AT4G29590.1	23.7	1
608772	3702.AT1G09750.1	23.7	1
623362	3702.AT3G51820.1	23.7	1
629396	3702.AT5G07340.2	23.6	2
621034	3702.AT3G18190.1	23.5	2
611900	3702.AT1G50380.1	23.4	2
633832	3702.AT5G56350.1	23.2	1
622565	3702.AT3G44320.1	23.1	1
629152	3702.AT5G05010.1	23.1	1
609006	3702.AT1G11870.2	23.1	1
615287	3702.AT2G04842.1	23.1	3
629930	3702.AT5G13110.1	23.1	2
618704	3702.AT2G43790.1	23.0	1
623742	3702.AT3G55400.1	23.0	3
629147	3702.AT5G04960.1	22.8	1
623874	3702.AT3G56650.1	22.7	1
611832	3702.AT1G49660.1	22.7	1
631061	3702.AT5G24460.1	22.7	1
620676	3702.AT3G14940.1	22.7	4
622718	3702.AT3G45780.2	22.6	4
626521	3702.AT4G19710.2	22.6	3
633974	3702.AT5G57655.2	22.6	2
620288	3702.AT3G11560.3	22.6	2
622418	3702.AT3G42170.1	22.6	3
624250	3702.AT3G60340.2	22.5	1
629734	3702.AT5G10860.1	22.4	1
607895	3702.AT1G01500.1	22.4	1
619129	3702.AT2G47840.1	22.3	1
628158	3702.AT4G34740.1	22.2	1
632261	3702.AT5G42130.1	22.0	1
634044	3702.AT5G58290.1	22.0	1
634055	3702.AT5G58390.1	22.0	1
628659	3702.AT4G39550.1	21.9	1
622752	3702.AT3G46100.1	21.9	1
611552	3702.AT1G45201.1	21.9	2
613288	3702.AT1G65230.1	21.7	1
631649	3702.AT5G36170.1	21.7	1
620068	3702.AT3G09580.1	21.6	1
625847	3702.AT4G14030.1	21.6	2
625036	3702.AT4G04040.1	21.6	2
631254	3702.AT5G26600.2	21.6	1
630653	3702.AT5G19940.1	21.6	1
631326	3702.AT5G27240.1	21.6	3
609495	3702.AT1G16460.2	21.6	1
612345	3702.AT1G54500.1	21.5	1
625808	3702.AT4G13670.1	21.5	1
619249	3702.AT3G01670.1	21.5	2
633775	3702.AT5G55830.1	21.5	1
629650	3702.AT5G10050.1	21.4	1
613876	3702.AT1G70770.2	21.4	2
615930	3702.AT2G17790.1	21.4	2
618262	3702.AT2G39770.1	21.3	1
620780	3702.AT3G15840.1	21.3	2
619175	3702.AT3G01120.1	21.2	2
629833	3702.AT5G11810.1	21.2	1
630308	3702.AT5G16760.1	21.2	1
633798	3702.AT5G56030.2	21.2	3
626447	3702.AT4G19006.1	21.0	1
628790	3702.AT5G01590.1	21.0	2
629320	3702.AT5G06600.1	20.9	2
608689	3702.AT1G09010.1	20.8	3
621701	3702.AT3G24190.1	20.8	2
610000	3702.AT1G21440.1	20.8	1
626838	3702.AT4G22670.1	20.7	1
617800	3702.AT2G35450.1	20.7	1
613250	3702.AT1G64860.1	20.6	2
609953	3702.AT1G20950.1	20.6	2
610687	3702.AT1G28600.1	20.5	1
618327	3702.AT2G40290.1	20.4	1
625496	3702.AT4G10750.1	20.4	1
619828	3702.AT3G06860.1	20.3	1
627789	3702.AT4G31390.1	20.1	2
632436	3702.AT5G43600.1	20.0	1
633402	3702.AT5G52440.1	20.0	1
609844	3702.AT1G19920.1	20.0	1
609701	3702.AT1G18500.1	20.0	2
611760	3702.AT1G48920.1	19.9	2
633296	3702.AT5G51430.1	19.9	2
615769	3702.AT2G16220.1	19.8	1
608222	3702.AT1G04640.2	19.8	1
630044	3702.AT5G14220.1	19.6	1
626372	3702.AT4G18370.1	19.6	2
630758	3702.AT5G20990.1	19.6	2
620089	3702.AT3G09790.1	19.4	1
622256	3702.AT3G29185.2	19.4	1
627502	3702.AT4G28740.1	19.4	1
610515	3702.AT1G27020.1	19.3	1
609305	3702.AT1G14650.2	19.2	2
611173	3702.AT1G33811.1	19.2	1
627637	3702.AT4G30000.2	19.1	1
616404	3702.AT2G22250.2	19.1	1
634879	3702.AT5G66120.2	19.1	1
618752	3702.AT2G44210.2	19.1	1
633260	3702.AT5G51070.1	19.1	3
608319	3702.AT1G05560.1	19.1	2
620192	3702.AT3G10690.1	19.0	2
633938	3702.AT5G57330.1	18.9	1
628728	3702.AT5G01010.2	18.9	1
610135	3702.AT1G22710.1	18.9	1
614403	3702.AT1G76010.1	18.9	1
617805	3702.AT2G35500.1	18.7	1
608719	3702.AT1G09270.1	18.7	1
610869	3702.AT1G30620.1	18.6	1
614159	3702.AT1G73600.2	18.6	1
621027	3702.AT3G18130.1	18.6	1
630334	3702.AT5G17020.1	18.6	2
634064	3702.AT5G58470.2	18.6	1
616414	3702.AT2G22360.1	18.5	1
624732	3702.AT4G01100.2	18.4	1
610261	3702.AT1G23900.2	18.3	1
622092	3702.AT3G27740.1	18.3	1
624064	3702.AT3G58510.2	18.3	2
628656	3702.AT4G39520.1	18.3	1
617390	3702.AT2G31670.1	18.2	1
627804	3702.AT4G31530.2	18.2	1
619926	3702.AT3G07770.1	18.2	2
626226	3702.AT4G17040.1	18.1	1
635137	3702.ATMG00070.1	18.1	1
631244	3702.AT5G26290.1	18.0	1
625818	3702.AT4G13780.1	18.0	2
609954	3702.AT1G20960.1	18.0	7
609247	3702.AT1G14150.1	18.0	1
609398	3702.AT1G15500.1	17.6	1
623829	3702.AT3G56190.1	17.6	1
626885	3702.AT4G23100.3	17.4	1
624787	3702.AT4G01610.1	17.4	1
623507	3702.AT3G53180.1	17.3	2
634095	3702.AT5G58770.1	17.3	1
608891	3702.AT1G10790.1	17.3	1
624190	3702.AT3G59760.1	17.1	1
614701	3702.AT1G78860.1	17.1	1
618723	3702.AT2G43950.1	17.1	2
614786	3702.AT1G79690.1	17.1	2
628552	3702.AT4G38460.1	17.0	1
630845	3702.AT5G22510.1	17.0	2
621304	3702.AT3G20630.1	17.0	2
627940	3702.AT4G32760.2	17.0	1
612506	3702.AT1G56050.1	16.9	1
630598	3702.AT5G19440.1	16.8	1
625793	3702.AT4G13550.1	16.8	2
632939	3702.AT5G48180.1	16.7	1
608072	3702.AT1G03160.1	16.6	2
618695	3702.AT2G43710.1	16.5	1
621348	3702.AT3G21060.1	16.4	1
609359	3702.AT1G15130.1	16.4	2
625428	3702.AT4G10120.2	16.3	3
608415	3702.AT1G06410.1	16.3	2
624657	3702.AT4G00460.2	16.3	1
611027	3702.AT1G32200.1	16.2	1
629141	3702.AT5G04900.1	16.2	1
621269	3702.AT3G20330.1	16.1	1
608831	3702.AT1G10290.1	16.1	2
616462	3702.AT2G22830.1	16.0	1
623009	3702.AT3G48560.1	15.9	2
611709	3702.AT1G48420.1	15.8	1
623571	3702.AT3G53750.1	15.8	2
618040	3702.AT2G37620.1	15.8	2
634626	3702.AT5G63860.1	15.7	1
613243	3702.AT1G64790.2	15.6	7
634561	3702.AT5G63190.2	15.6	2
627902	3702.AT4G32400.1	15.5	1
614479	3702.AT1G76730.1	15.4	1
617756	3702.AT2G35030.1	15.3	1
633032	3702.AT5G48960.1	15.3	2
627233	3702.AT4G26300.1	15.2	1
621670	3702.AT3G23920.1	15.1	1
619210	3702.AT3G01340.1	15.1	1
624873	3702.AT4G02350.1	15.0	1
633585	3702.AT5G54080.2	14.9	1
629206	3702.AT5G05520.1	14.9	1
621173	3702.AT3G19440.1	14.9	1
609162	3702.AT1G13320.3	14.8	2
627662	3702.AT4G30210.1	14.8	2
612962	3702.AT1G62180.1	14.8	1
625096	3702.AT4G04870.1	14.6	1
614743	3702.AT1G79230.1	14.5	1
614386	3702.AT1G75820.1	14.3	2
630048	3702.AT5G14260.1	14.2	1
624001	3702.AT3G57890.2	14.1	1
608690	3702.AT1G09020.1	14.1	1
616780	3702.AT2G25840.2	14.1	1
629957	3702.AT5G13370.1	13.9	2
623650	3702.AT3G54540.1	13.9	1
629846	3702.AT5G11940.1	13.7	1
609915	3702.AT1G20630.1	13.6	1
612322	3702.AT1G54270.1	13.6	1
620901	3702.AT3G16950.2	13.6	1
621020	3702.AT3G18060.1	13.6	1
613124	3702.AT1G63660.1	13.5	1
632535	3702.AT5G44490.1	13.3	1
617750	3702.AT2G34970.1	13.3	1
627270	3702.AT4G26630.2	13.2	1
627543	3702.AT4G29130.1	13.2	1
622777	3702.AT3G46350.1	13.0	1
628272	3702.AT4G35790.1	13.0	2
627317	3702.AT4G27080.2	12.9	1
633116	3702.AT5G49760.1	12.9	2
630435	3702.AT5G17970.1	12.8	1
614569	3702.AT1G77590.1	12.8	1
619336	3702.AT3G02490.1	12.6	1
624871	3702.AT4G02330.1	12.6	1
621263	3702.AT3G20270.3	12.6	1
628427	3702.AT4G37270.1	12.5	1
632276	3702.AT5G42240.1	12.5	1
618097	3702.AT2G38170.3	12.4	1
612301	3702.AT1G54090.1	12.3	1
628102	3702.AT4G34240.1	12.2	1
633084	3702.AT5G49460.1	12.2	1
633021	3702.AT5G48880.2	12.2	1
630943	3702.AT5G23400.1	12.2	1
622099	3702.AT3G27820.1	12.1	1
623945	3702.AT3G57330.1	12.1	1
612293	3702.AT1G54010.1	12.0	1
620508	3702.AT3G13490.1	12.0	1
616416	3702.AT2G22400.1	12.0	1
619341	3702.AT3G02530.1	12.0	1
620107	3702.AT3G09940.1	12.0	1
619566	3702.AT3G04600.1	12.0	1
634669	3702.AT5G64270.1	11.9	2
612108	3702.AT1G52380.1	11.8	1
609002	3702.AT1G11820.2	11.8	1
618617	3702.AT2G42990.1	11.8	1
633551	3702.AT5G53780.1	11.7	1
619539	3702.AT3G04340.1	11.6	2
623955	3702.AT3G57430.1	11.6	1
609048	3702.AT1G12240.1	11.6	1
625922	3702.AT4G14570.1	11.6	1
630305	3702.AT5G16730.1	11.6	1
617648	3702.AT2G34040.1	11.4	1
624232	3702.AT3G60190.1	11.4	1
608774	3702.AT1G09770.1	11.4	1
610426	3702.AT1G26230.1	11.4	1
631991	3702.AT5G39590.1	11.3	1
627941	3702.AT4G32770.1	11.2	1
623640	3702.AT3G54440.3	11.2	2
618205	3702.AT2G39230.1	11.1	1
619196	3702.AT3G01310.1	11.0	2
624507	3702.AT3G62700.1	11.0	2
615881	3702.AT2G17340.1	11.0	1
613856	3702.AT1G70570.2	10.9	1
627298	3702.AT4G26900.1	10.8	1
625872	3702.AT4G14210.1	10.8	1
623549	3702.AT3G53540.1	10.7	1
613813	3702.AT1G70150.1	10.7	2
627714	3702.AT4G30720.1	10.6	1
617168	3702.AT2G29630.2	10.6	1
628381	3702.AT4G36870.2	10.5	1
619531	3702.AT3G04260.1	10.5	2
609452	3702.AT1G16020.1	10.4	1
628115	3702.AT4G34350.1	10.3	1
631366	3702.AT5G27640.2	10.3	1
626122	3702.AT4G16155.1	10.3	1
633095	3702.AT5G49555.1	10.3	1
613509	3702.AT1G67310.1	10.3	1
627260	3702.AT4G26540.1	10.1	1
617842	3702.AT2G35800.1	10.1	1
612352	3702.AT1G54570.1	10.1	1
612273	3702.AT1G53840.1	10.1	1
617026	3702.AT2G28240.1	10.1	1
625086	3702.AT4G04770.1	10.0	1
616531	3702.AT2G23420.1	10.0	1
627900	3702.AT4G32380.1	9.87	1
625851	3702.AT4G14070.1	9.61	1
613330	3702.AT1G65590.1	9.59	1
635056	3702.ATCG00180.1	9.56	1
632714	3702.AT5G46070.1	9.56	1
613713	3702.AT1G69200.1	9.55	1
614980	3702.AT2G01630.1	9.54	1
614204	3702.AT1G73990.1	9.52	1
615950	3702.AT2G17980.1	9.52	1
631620	3702.AT5G35790.1	9.51	1
609236	3702.AT1G14030.1	9.48	1
613005	3702.AT1G62570.1	9.42	1
610190	3702.AT1G23180.1	9.39	1
617949	3702.AT2G36810.1	9.37	2
620482	3702.AT3G13300.1	9.37	2
615586	3702.AT2G13560.1	9.31	1
612649	3702.AT1G58290.1	9.3	1
632284	3702.AT5G42310.1	9.29	1
618780	3702.AT2G44490.1	9.28	1
631087	3702.AT5G24710.1	9.27	1
632439	3702.AT5G43630.1	9.25	1
627466	3702.AT4G28430.1	9.18	1
610986	3702.AT1G31800.1	9.15	1
608712	3702.AT1G09210.1	9.1	1
620001	3702.AT3G08943.1	9.07	1
633968	3702.AT5G57610.1	8.99	1
630741	3702.AT5G20830.1	8.93	1
631881	3702.AT5G38530.1	8.91	1
620558	3702.AT3G13870.1	8.91	1
628673	3702.AT4G39680.1	8.84	1
627470	3702.AT4G28470.1	8.83	1
628090	3702.AT4G34138.1	8.78	1
629130	3702.AT5G04810.1	8.75	1
613926	3702.AT1G71220.2	8.73	2
615582	3702.AT2G13540.1	8.65	1
614773	3702.AT1G79560.1	8.42	1
607926	3702.AT1G01790.1	8.34	1
627015	3702.AT4G24270.2	8.29	1
609223	3702.AT1G13900.1	8.27	1
624636	3702.AT4G00300.1	8.21	1
616077	3702.AT2G19190.1	8.13	1
629808	3702.AT5G11560.1	8.07	1
625632	3702.AT4G12020.2	7.92	1
628511	3702.AT4G38070.1	7.86	1
618393	3702.AT2G40890.1	7.82	1
634965	3702.AT5G66910.1	7.82	1
626344	3702.AT4G18130.1	7.76	1
621724	3702.AT3G24430.1	7.73	1
618162	3702.AT2G38770.1	7.71	2
627375	3702.AT4G27640.1	7.59	1
609330	3702.AT1G14850.1	7.46	2
622497	3702.AT3G43600.1	7.4	1
618993	3702.AT2G46520.1	7.39	1
634068	3702.AT5G58510.1	7.39	1
610383	3702.AT1G25350.2	7.2	1
613260	3702.AT1G64960.1	7.16	1
614987	3702.AT2G01690.2	7.15	1
621171	3702.AT3G19420.1	7.04	1
617494	3702.AT2G32640.1	7.01	1
631710	3702.AT5G36880.2	6.97	1
619854	3702.AT3G07100.1	6.28	1
631636	3702.AT5G35970.1	6.26	1
611359	3702.AT1G36160.2	5.94	2
610020	3702.AT1G21640.2	5.91	1
619991	3702.AT3G08850.1	5.85	1
615397	3702.AT2G06990.1	5.76	1
623676	3702.AT3G54800.1	5.62	1
629892	3702.AT5G12370.2	5.62	1
625294	3702.AT4G08850.1	5.57	1
614484	3702.AT1G76780.1	5.37	1
622581	3702.AT3G44530.1	5.35	1
630534	3702.AT5G18860.1	5.23	1
621974	3702.AT3G26720.1	5.22	1
628540	3702.AT4G38350.2	4.99	1
618488	3702.AT2G41740.1	4.96	1
614823	3702.AT1G80070.1	4.94	2
632889	3702.AT5G47690.3	4.9	1
609526	3702.AT1G16800.1	4.83	1
623953	3702.AT3G57410.1	4.78	1
628166	3702.AT4G34830.1	4.77	1
615401	3702.AT2G07050.1	4.73	1
624527	3702.AT3G62900.1	4.66	1
622843	3702.AT3G46960.1	4.58	1
619260	3702.AT3G01780.1	4.46	1
619693	3702.AT3G05680.2	4.43	1
631048	3702.AT5G24350.2	4.2	2
614747	3702.AT1G79280.2	4.18	1
616175	3702.AT2G20190.1	3.94	1
628567	3702.AT4G38600.1	3.91	1
627149	3702.AT4G25540.1	3.68	1
623642	3702.AT3G54460.1	3.66	1
628303	3702.AT4G36080.1	3.57	2
632359	3702.AT5G42950.1	3.22	1
616873	3702.AT2G26780.1	3.03	1
620485	3702.AT3G13330.1	2.9	1
621132	3702.AT3G19050.1	2.82	1
607954	3702.AT1G02080.1	1.96	1
