#id: 1318907283
#name: A.thaliana - Leaf, Short day optimal water, SC (Baerenfaller,mol_syst_bio,2012)
#score: 6.7
#weight:  10%
#description: abundance based on Spectral counting SOW, Short Day Optimal Water, Interaction consistency score: 6.7, Coverage: 9
#organ: LEAF
#integrated: false
#coverage: 9
#link: http://www.ncbi.nlm.nih.gov/pmc/articles/PMC3435506/
#publication_year: 2012
#filename: 3702-2.1ArabidopsisLeaf_waterDefict_SOW.txt
#
#internal_id	string_external_id	abundance	raw_spectral_count
635073	3702.ATCG00490.1	72628	20433
618258	3702.AT2G39730.1	36167	9071
635072	3702.ATCG00480.1	19555	7833
635050	3702.ATCG00120.1	16815	3736
609886	3702.AT1G20340.1	16249	256
635117	3702.ATCG01060.1	13259	848
619085	3702.AT2G47400.1	12477	382
624438	3702.AT3G62030.2	9636	2193
612825	3702.AT1G60950.1	9233	238
620123	3702.AT3G10090.1	8024	292
629032	3702.AT5G03850.1	8024	292
628603	3702.AT4G38970.1	7951	1467
635071	3702.ATCG00470.1	7589	664
611429	3702.AT1G42970.1	7414	2450
626591	3702.AT4G20360.1	7359	2556
613487	3702.AT1G67090.1	7256	1071
631599	3702.AT5G35630.1	6081	1245
611014	3702.AT1G32060.1	6070	1513
619229	3702.AT3G01500.2	5956	1544
616310	3702.AT2G21330.1	5819	956
629604	3702.AT5G09660.4	5684	1063
620418	3702.AT3G12780.1	5639	1876
624478	3702.AT3G62410.1	5563	272
631214	3702.AT5G26000.1	5391	2165
625377	3702.AT4G09650.1	5050	1202
618136	3702.AT2G38540.1	4825	249
617000	3702.AT2G28000.1	4810	1799
626681	3702.AT4G21280.2	4756	917
609854	3702.AT1G20020.1	4645	926
608577	3702.AT1G07940.2	4638	4496
608575	3702.AT1G07920.1	4638	4496
634263	3702.AT5G60390.1	4638	4496
608576	3702.AT1G07930.1	4638	4496
623790	3702.AT3G55800.1	4405	1197
615572	3702.AT2G13360.1	4262	934
622854	3702.AT3G47070.1	4243	346
608121	3702.AT1G03680.1	4134	636
608726	3702.AT1G09340.1	4051	1236
634656	3702.AT5G64140.1	4012	73
625072	3702.AT4G04640.1	3909	1088
608442	3702.AT1G06680.1	3895	662
620598	3702.AT3G14210.1	3788	1000
624981	3702.AT4G03280.1	3788	636
634886	3702.AT5G66190.1	3767	889
624290	3702.AT3G60750.1	3686	1713
625139	3702.AT4G05180.1	3661	678
610205	3702.AT1G23310.1	3652	1028
615805	3702.AT2G16600.1	3515	378
624555	3702.AT3G63140.1	3479	992
631212	3702.AT5G25980.2	3440	1173
619216	3702.AT3G01390.2	3379	125
617021	3702.AT2G28190.1	3356	290
613587	3702.AT1G68010.2	3348	1097
623085	3702.AT3G49305.1	3332	33
617999	3702.AT2G37220.1	3267	436
623601	3702.AT3G54050.1	3215	870
634370	3702.AT5G61410.1	3197	510
619588	3702.AT3G04790.1	3179	618
630724	3702.AT5G20630.1	3141	300
612896	3702.AT1G61520.1	3138	334
621899	3702.AT3G26060.2	3122	467
623746	3702.AT3G55440.1	3054	671
635051	3702.ATCG00130.1	3029	286
608571	3702.AT1G07890.8	2961	444
616291	3702.AT2G21170.1	2899	656
628146	3702.AT4G34620.1	2838	169
617918	3702.AT2G36530.1	2819	823
608195	3702.AT1G04410.1	2809	528
611121	3702.AT1G33120.1	2753	604
611122	3702.AT1G33140.1	2753	604
631694	3702.AT5G36700.1	2749	1342
631704	3702.AT5G36790.1	2749	1342
632365	3702.AT5G42980.1	2747	332
619119	3702.AT2G47730.1	2704	413
621613	3702.AT3G23400.1	2654	424
610943	3702.AT1G31330.1	2650	405
609536	3702.AT1G16880.1	2638	454
617629	3702.AT2G33800.1	2611	424
608114	3702.AT1G03600.1	2587	295
635100	3702.ATCG00780.1	2552	224
614725	3702.AT1G79040.1	2515	158
631870	3702.AT5G38430.1	2452	282
631503	3702.AT5G30510.1	2426	763
625008	3702.AT4G03520.1	2392	392
629064	3702.AT5G04140.2	2388	2662
608281	3702.AT1G05190.1	2376	345
630431	3702.AT5G17920.1	2363	1047
617296	3702.AT2G30860.1	2351	449
634646	3702.AT5G64040.2	2340	339
620727	3702.AT3G15360.1	2300	379
609005	3702.AT1G11860.3	2296	722
628497	3702.AT4G37930.1	2294	983
612200	3702.AT1G53240.1	2288	396
630224	3702.AT5G15970.1	2284	116
614036	3702.AT1G72370.1	2264	358
612091	3702.AT1G52230.1	2221	88
630734	3702.AT5G20720.3	2198	451
630097	3702.AT5G14740.1	2171	570
611107	3702.AT1G32990.1	2168	373
615512	3702.AT2G10940.2	2136	525
609226	3702.AT1G13930.3	2122	268
613364	3702.AT1G65930.1	2102	622
614772	3702.AT1G79550.2	2096	516
619363	3702.AT3G02730.1	2065	245
628194	3702.AT4G35090.1	2058	513
608672	3702.AT1G08830.1	2031	201
616343	3702.AT2G21660.1	2002	301
622994	3702.AT3G48420.1	1955	468
627883	3702.AT4G32260.1	1936	331
629603	3702.AT5G09650.1	1898	391
620622	3702.AT3G14415.2	1887	583
612508	3702.AT1G56070.1	1881	959
623483	3702.AT3G52960.1	1870	406
622651	3702.AT3G45140.1	1847	1213
627568	3702.AT4G29350.1	1839	116
630607	3702.AT5G19510.1	1826	194
625451	3702.AT4G10340.1	1813	456
624885	3702.AT4G02450.1	1799	142
622888	3702.AT3G47470.1	1743	272
627259	3702.AT4G26530.2	1740	391
608908	3702.AT1G10960.1	1698	45
635093	3702.ATCG00710.1	1692	35
614059	3702.AT1G72610.1	1685	113
635104	3702.ATCG00820.1	1682	93
626947	3702.AT4G23670.1	1681	200
624590	3702.AT3G63490.1	1661	456
628170	3702.AT4G34870.1	1641	207
627065	3702.AT4G24770.1	1635	203
629971	3702.AT5G13510.1	1626	190
620866	3702.AT3G16640.1	1612	236
615334	3702.AT2G05520.1	1605	70
609661	3702.AT1G18080.1	1601	311
618044	3702.AT2G37660.1	1600	277
624895	3702.AT4G02530.1	1592	332
630111	3702.AT5G14910.1	1575	177
623254	3702.AT3G50820.1	1569	370
622823	3702.AT3G46780.1	1568	484
613022	3702.AT1G62750.1	1549	829
632070	3702.AT5G40370.2	1544	123
608506	3702.AT1G07320.1	1543	308
625964	3702.AT4G14880.4	1502	307
627968	3702.AT4G33010.1	1492	950
623398	3702.AT3G52150.1	1469	338
622564	3702.AT3G44310.1	1462	323
625832	3702.AT4G13930.1	1440	390
623414	3702.AT3G52300.1	1437	190
622625	3702.AT3G44890.1	1428	169
621967	3702.AT3G26650.1	1426	315
633662	3702.AT5G54770.1	1425	386
628852	3702.AT5G02160.1	1404	104
629495	3702.AT5G08280.1	1393	408
621976	3702.AT3G26740.1	1389	60
624753	3702.AT4G01310.1	1383	310
619227	3702.AT3G01480.1	1380	331
620623	3702.AT3G14420.1	1380	457
611465	3702.AT1G43670.1	1379	254
616363	3702.AT2G21870.1	1370	238
618571	3702.AT2G42540.2	1357	154
617297	3702.AT2G30870.1	1348	244
627909	3702.AT4G32470.1	1340	93
630302	3702.AT5G16710.1	1340	275
623973	3702.AT3G57610.1	1339	390
613025	3702.AT1G62780.1	1335	234
625344	3702.AT4G09320.1	1331	199
620457	3702.AT3G13120.2	1321	141
618350	3702.AT2G40490.1	1312	287
619868	3702.AT3G07230.1	1311	20
613368	3702.AT1G65980.1	1308	196
626940	3702.AT4G23600.1	1306	373
610245	3702.AT1G23740.1	1304	373
627318	3702.AT4G27090.1	1300	106
618700	3702.AT2G43750.1	1299	430
614342	3702.AT1G75350.1	1299	144
612371	3702.AT1G54780.1	1289	223
609443	3702.AT1G15930.1	1270	144
634925	3702.AT5G66570.1	1267	360
625833	3702.AT4G13940.1	1266	377
635102	3702.ATCG00800.1	1264	198
614707	3702.AT1G78900.2	1235	530
609914	3702.AT1G20620.1	1227	362
623479	3702.AT3G52930.1	1221	405
610465	3702.AT1G26630.1	1216	153
621276	3702.AT3G20390.1	1209	223
618799	3702.AT2G44650.1	1202	79
608723	3702.AT1G09310.1	1169	112
616264	3702.AT2G20890.1	1166	193
632323	3702.AT5G42650.1	1154	454
615213	3702.AT2G04030.1	1143	646
609360	3702.AT1G15140.1	1133	167
609343	3702.AT1G14980.1	1128	105
612464	3702.AT1G55670.1	1110	167
614651	3702.AT1G78380.1	1109	220
634210	3702.AT5G59880.1	1109	96
620295	3702.AT3G11630.1	1107	220
629965	3702.AT5G13450.1	1092	211
624490	3702.AT3G62530.1	1088	197
609811	3702.AT1G19570.1	1071	181
630913	3702.AT5G23120.1	1071	384
627535	3702.AT4G29060.1	1070	609
627503	3702.AT4G28750.1	1069	71
622893	3702.AT3G47520.1	1067	283
626076	3702.AT4G15802.1	1061	90
628041	3702.AT4G33680.1	1045	304
620927	3702.AT3G17210.1	1042	65
609459	3702.AT1G16080.1	1037	276
631478	3702.AT5G28840.2	1037	267
626580	3702.AT4G20260.4	1034	162
612522	3702.AT1G56190.1	1021	338
627353	3702.AT4G27440.1	1020	219
614650	3702.AT1G78370.1	1019	208
618680	3702.AT2G43560.1	1017	123
625316	3702.AT4G09010.1	1015	228
612442	3702.AT1G55480.1	1013	235
628231	3702.AT4G35450.5	1011	119
624894	3702.AT4G02520.1	1009	172
609326	3702.AT1G14810.1	1008	179
617148	3702.AT2G29450.1	1005	168
634040	3702.AT5G58250.1	1004	184
627854	3702.AT4G31990.3	998	355
628633	3702.AT4G39260.1	986	131
616608	3702.AT2G24270.4	984	336
618718	3702.AT2G43910.2	982	151
633519	3702.AT5G53490.3	981	197
631568	3702.AT5G35360.3	979	379
616693	3702.AT2G25080.1	978	157
624560	3702.AT3G63190.1	971	186
630408	3702.AT5G17710.2	970	236
617804	3702.AT2G35490.1	967	181
624074	3702.AT3G58610.3	965	389
623423	3702.AT3G52380.1	961	186
614411	3702.AT1G76080.1	952	187
629289	3702.AT5G06290.1	949	192
619292	3702.AT3G02080.1	944	59
633712	3702.AT5G55220.1	937	444
616583	3702.AT2G24020.1	921	151
634921	3702.AT5G66530.2	918	185
617552	3702.AT2G33150.1	918	235
634048	3702.AT5G58330.1	887	323
614413	3702.AT1G76100.1	886	17
625315	3702.AT4G09000.2	875	172
615726	3702.AT2G15620.1	870	433
614677	3702.AT1G78630.1	862	159
611668	3702.AT1G48030.2	860	291
610865	3702.AT1G30580.1	854	226
608006	3702.AT1G02560.1	851	171
634573	3702.AT5G63310.1	848	133
627017	3702.AT4G24280.1	844	357
630054	3702.AT5G14320.1	840	99
627096	3702.AT4G25050.2	838	62
628796	3702.AT5G01650.2	836	63
632951	3702.AT5G48300.1	835	315
631876	3702.AT5G38480.1	833	136
632638	3702.AT5G45390.1	828	141
610272	3702.AT1G24020.2	823	130
632474	3702.AT5G43940.2	823	216
613149	3702.AT1G63940.2	820	325
616975	3702.AT2G27720.2	810	49
608104	3702.AT1G03475.1	804	208
633246	3702.AT5G50920.1	803	579
610771	3702.AT1G29670.1	798	209
620092	3702.AT3G09820.1	795	160
619293	3702.AT3G02090.2	795	239
617382	3702.AT2G31570.1	785	44
623689	3702.AT3G54900.1	784	73
630690	3702.AT5G20290.1	783	85
611453	3702.AT1G43560.1	782	73
613212	3702.AT1G64510.1	782	92
619952	3702.AT3G08030.1	781	144
633130	3702.AT5G49910.1	776	327
634345	3702.AT5G61170.1	768	43
616330	3702.AT2G21530.1	766	127
618577	3702.AT2G42600.1	761	507
611581	3702.AT1G47128.1	750	171
633934	3702.AT5G57290.1	748	48
627103	3702.AT4G25130.1	747	107
628915	3702.AT5G02790.1	746	126
623541	3702.AT3G53460.4	743	208
625298	3702.AT4G08870.1	736	126
614306	3702.AT1G74970.1	731	110
613291	3702.AT1G65260.1	725	142
615277	3702.AT2G04700.1	723	67
622907	3702.AT3G47650.1	719	89
624595	3702.AT3G63540.1	713	67
619092	3702.AT2G47470.1	710	149
612596	3702.AT1G57720.1	705	165
613771	3702.AT1G69740.1	703	178
607850	3702.AT1G01090.1	694	175
611282	3702.AT1G35160.2	690	120
629931	3702.AT5G13120.1	688	107
624372	3702.AT3G61470.1	686	71
625537	3702.AT4G11150.1	683	130
625034	3702.AT4G04020.1	679	207
632836	3702.AT5G47190.1	678	87
626742	3702.AT4G21860.1	678	88
622640	3702.AT3G45030.1	676	116
634463	3702.AT5G62300.1	676	116
628885	3702.AT5G02500.1	668	253
609430	3702.AT1G15820.1	668	121
631276	3702.AT5G26742.2	664	429
619478	3702.AT3G03780.1	664	310
624369	3702.AT3G61440.1	664	187
608117	3702.AT1G03630.1	662	197
630574	3702.AT5G19220.1	662	305
623053	3702.AT3G49010.3	660	36
630131	3702.AT5G15090.2	660	123
607851	3702.AT1G01100.2	657	28
621832	3702.AT3G25530.1	656	144
608955	3702.AT1G11430.1	655	83
626387	3702.AT4G18480.1	654	164
610143	3702.AT1G22780.1	646	129
611196	3702.AT1G34030.1	646	129
625393	3702.AT4G09800.1	646	129
618576	3702.AT2G42590.3	645	113
632914	3702.AT5G47930.1	641	24
610988	3702.AT1G31812.1	641	26
629042	3702.AT5G03940.1	640	235
623618	3702.AT3G54210.1	640	70
631446	3702.AT5G28500.1	637	186
635123	3702.ATCG01120.1	635	26
629984	3702.AT5G13650.2	631	201
627620	3702.AT4G29840.1	629	225
620364	3702.AT3G12260.1	625	100
628080	3702.AT4G34050.1	624	96
632133	3702.AT5G40950.1	624	60
625825	3702.AT4G13850.1	622	60
612443	3702.AT1G55490.2	619	256
614855	3702.AT1G80380.2	617	227
625253	3702.AT4G08390.1	615	114
617957	3702.AT2G36880.2	614	153
618826	3702.AT2G44920.2	611	90
624618	3702.AT4G00165.1	604	60
609582	3702.AT1G17290.1	599	172
609003	3702.AT1G11840.6	597	141
629109	3702.AT5G04590.1	595	142
634580	3702.AT5G63400.1	594	93
630634	3702.AT5G19770.1	592	284
630635	3702.AT5G19780.1	592	284
621550	3702.AT3G22890.1	590	187
627361	3702.AT4G27520.1	587	144
612902	3702.AT1G61570.1	587	29
626885	3702.AT4G23100.3	583	155
625585	3702.AT4G11600.1	580	47
614698	3702.AT1G78830.1	579	166
609559	3702.AT1G17100.1	577	79
623473	3702.AT3G52880.2	575	216
633921	3702.AT5G57170.2	573	34
610830	3702.AT1G30230.2	572	94
615365	3702.AT2G05990.2	571	145
608196	3702.AT1G04420.1	571	175
623904	3702.AT3G56940.1	568	167
618103	3702.AT2G38230.1	559	84
611701	3702.AT1G48350.1	558	77
621347	3702.AT3G21055.1	557	58
635087	3702.ATCG00650.1	554	17
619741	3702.AT3G06050.1	553	92
621631	3702.AT3G23600.1	549	69
617912	3702.AT2G36460.1	549	152
631064	3702.AT5G24490.1	545	76
616552	3702.AT2G23670.1	542	50
608487	3702.AT1G07140.1	538	53
625466	3702.AT4G10480.1	538	87
633461	3702.AT5G52970.1	537	69
629691	3702.AT5G10450.4	536	86
613955	3702.AT1G71500.1	535	117
633169	3702.AT5G50250.1	535	64
608772	3702.AT1G09750.1	534	107
612121	3702.AT1G52510.1	534	129
622844	3702.AT3G46970.1	533	283
611153	3702.AT1G33590.1	526	179
608563	3702.AT1G07820.1	525	280
622734	3702.AT3G45930.1	525	280
617083	3702.AT2G28740.1	525	280
622774	3702.AT3G46320.1	525	280
608544	3702.AT1G07660.1	525	280
634190	3702.AT5G59690.1	525	280
634219	3702.AT5G59970.1	525	280
623569	3702.AT3G53730.1	525	280
610098	3702.AT1G22300.1	525	85
635099	3702.ATCG00770.1	523	46
624155	3702.AT3G59400.1	521	49
621900	3702.AT3G26070.1	520	97
632670	3702.AT5G45680.1	518	64
608839	3702.AT1G10370.1	517	67
620675	3702.AT3G14930.2	516	145
612003	3702.AT1G51400.1	515	42
633238	3702.AT5G50850.1	511	109
624727	3702.AT4G01050.1	511	136
608044	3702.AT1G02930.1	511	80
614312	3702.AT1G75040.1	506	89
613506	3702.AT1G67280.1	506	171
616198	3702.AT2G20420.1	505	133
611337	3702.AT1G35720.1	501	112
634778	3702.AT5G65220.1	493	39
618107	3702.AT2G38270.1	493	114
611894	3702.AT1G50320.1	492	78
624557	3702.AT3G63160.1	490	28
616453	3702.AT2G22780.1	487	94
609174	3702.AT1G13440.1	485	84
621628	3702.AT3G23570.1	485	67
608089	3702.AT1G03330.1	483	28
635078	3702.ATCG00540.1	482	131
613134	3702.AT1G63770.5	477	286
632838	3702.AT5G47210.1	476	96
611027	3702.AT1G32200.1	473	107
617436	3702.AT2G32060.1	472	44
635089	3702.ATCG00670.1	471	83
622113	3702.AT3G27925.1	471	93
614257	3702.AT1G74470.1	470	199
621308	3702.AT3G20670.1	469	14
633327	3702.AT5G51720.1	468	48
629512	3702.AT5G08410.1	468	62
608558	3702.AT1G07770.1	466	88
634207	3702.AT5G59850.1	466	88
619561	3702.AT3G04550.1	466	107
623360	3702.AT3G51800.2	465	113
627129	3702.AT4G25370.1	465	107
629526	3702.AT5G08530.1	465	111
623858	3702.AT3G56490.1	465	48
629867	3702.AT5G12140.1	464	36
629766	3702.AT5G11170.1	463	270
625636	3702.AT4G12060.1	462	91
616181	3702.AT2G20260.1	462	28
621943	3702.AT3G26450.1	454	53
634285	3702.AT5G60600.1	451	223
613152	3702.AT1G63970.1	448	69
617797	3702.AT2G35410.1	446	87
628097	3702.AT4G34200.1	445	142
616974	3702.AT2G27710.1	442	38
620947	3702.AT3G17390.1	441	135
621144	3702.AT3G19170.1	438	379
616132	3702.AT2G19760.1	436	50
635054	3702.ATCG00160.1	436	60
634514	3702.AT5G62790.2	435	135
622878	3702.AT3G47370.1	432	35
616971	3702.AT2G27680.1	427	112
634041	3702.AT5G58260.1	426	72
618290	3702.AT2G39990.1	423	90
612110	3702.AT1G52400.3	423	99
623127	3702.AT3G49680.1	417	87
627098	3702.AT4G25080.5	415	118
620385	3702.AT3G12490.2	414	52
614802	3702.AT1G79850.1	413	52
632736	3702.AT5G46290.3	412	93
616680	3702.AT2G24940.1	410	30
609050	3702.AT1G12250.1	409	71
623938	3702.AT3G57260.1	405	73
617310	3702.AT2G30970.1	402	89
628860	3702.AT5G02240.1	400	47
617542	3702.AT2G33040.1	399	68
618570	3702.AT2G42530.1	397	47
615954	3702.AT2G18020.1	397	39
623735	3702.AT3G55330.1	396	88
624211	3702.AT3G59970.3	396	160
627072	3702.AT4G24830.1	392	106
620367	3702.AT3G12290.1	390	84
613366	3702.AT1G65960.2	387	124
620780	3702.AT3G15840.1	383	67
618733	3702.AT2G44050.1	381	41
625447	3702.AT4G10300.1	378	49
617758	3702.AT2G35040.1	375	127
608775	3702.AT1G09780.1	375	159
618622	3702.AT2G43030.1	374	86
628784	3702.AT5G01530.1	374	82
619027	3702.AT2G46820.1	373	50
628639	3702.AT4G39330.1	373	84
630042	3702.AT5G14200.1	372	87
625782	3702.AT4G13430.1	372	129
614449	3702.AT1G76450.1	370	69
627309	3702.AT4G27000.1	368	42
630269	3702.AT5G16400.1	367	46
633445	3702.AT5G52840.1	366	46
620055	3702.AT3G09440.1	366	189
621877	3702.AT3G25860.1	364	134
629769	3702.AT5G11200.2	364	266
622923	3702.AT3G47800.1	359	72
616802	3702.AT2G26080.1	359	226
626970	3702.AT4G23890.1	358	69
619090	3702.AT2G47450.1	357	108
613839	3702.AT1G70410.2	357	64
624737	3702.AT4G01150.1	354	50
612552	3702.AT1G56450.1	354	57
608467	3702.AT1G06950.1	354	266
631875	3702.AT5G38470.1	350	54
623834	3702.AT3G56240.1	346	30
611058	3702.AT1G32470.1	345	40
609066	3702.AT1G12410.1	345	72
620120	3702.AT3G10060.1	344	61
609011	3702.AT1G11910.1	341	117
619803	3702.AT3G06610.1	341	17
614877	3702.AT1G80600.1	338	80
623051	3702.AT3G48990.1	337	91
622943	3702.AT3G48000.1	336	114
608778	3702.AT1G09795.1	334	69
634504	3702.AT5G62690.1	333	162
634505	3702.AT5G62700.1	333	162
610794	3702.AT1G29900.1	332	245
608700	3702.AT1G09130.3	331	113
619399	3702.AT3G03070.1	330	9
623688	3702.AT3G54890.1	330	31
611335	3702.AT1G35680.1	329	58
618695	3702.AT2G43710.1	328	129
616546	3702.AT2G23600.1	327	67
623705	3702.AT3G55040.1	326	78
618963	3702.AT2G46280.1	326	61
625523	3702.AT4G11010.1	325	70
635122	3702.ATCG01110.1	325	85
619980	3702.AT3G08740.1	323	68
611239	3702.AT1G34430.1	322	80
634800	3702.AT5G65430.3	320	47
619345	3702.AT3G02560.2	320	23
633339	3702.AT5G51820.1	319	160
611193	3702.AT1G34000.1	319	52
633644	3702.AT5G54600.1	319	51
624901	3702.AT4G02580.1	318	44
634209	3702.AT5G59870.1	316	19
632255	3702.AT5G42070.1	316	34
610562	3702.AT1G27450.3	315	57
611543	3702.AT1G45145.1	314	34
621646	3702.AT3G23700.1	314	78
630101	3702.AT5G14780.1	313	84
635131	3702.ATCG01310.1	312	66
635105	3702.ATCG00830.1	312	66
630653	3702.AT5G19940.1	311	52
623662	3702.AT3G54660.1	310	107
620170	3702.AT3G10520.1	308	39
629819	3702.AT5G11670.1	307	106
623026	3702.AT3G48730.1	306	70
611608	3702.AT1G47420.1	305	49
612069	3702.AT1G51980.1	305	81
613392	3702.AT1G66200.3	304	36
623595	3702.AT3G53990.1	304	22
634277	3702.AT5G60540.1	304	56
634868	3702.AT5G66040.1	303	28
609120	3702.AT1G12900.1	299	70
614941	3702.AT2G01250.1	298	31
616599	3702.AT2G24200.1	297	118
627602	3702.AT4G29670.2	296	58
613397	3702.AT1G66240.1	295	25
608667	3702.AT1G08780.1	295	30
629363	3702.AT5G07020.1	295	31
610770	3702.AT1G29660.1	294	51
633455	3702.AT5G52920.1	293	94
629622	3702.AT5G09810.1	293	78
621939	3702.AT3G26420.1	291	28
617308	3702.AT2G30950.1	291	175
628154	3702.AT4G34700.1	289	24
621659	3702.AT3G23810.1	288	66
614864	3702.AT1G80480.1	287	83
614931	3702.AT2G01140.1	287	56
627384	3702.AT4G27700.1	287	47
630048	3702.AT5G14260.1	285	82
623874	3702.AT3G56650.1	284	62
610613	3702.AT1G27970.2	283	29
615157	3702.AT2G03440.1	283	38
623336	3702.AT3G51600.1	281	12
617290	3702.AT2G30790.1	280	15
635060	3702.ATCG00270.1	279	23
628771	3702.AT5G01410.1	277	62
617483	3702.AT2G32520.1	277	24
635101	3702.ATCG00790.1	276	16
612987	3702.AT1G62380.1	275	40
630393	3702.AT5G17560.1	273	28
628087	3702.AT4G34120.1	273	45
628710	3702.AT4G39970.1	270	65
618679	3702.AT2G43550.1	270	10
620506	3702.AT3G13470.1	269	93
608229	3702.AT1G04690.1	268	47
624941	3702.AT4G02930.1	268	73
629152	3702.AT5G05010.1	265	68
620682	3702.AT3G14990.1	264	62
628968	3702.AT5G03300.1	260	48
630747	3702.AT5G20890.1	260	77
612354	3702.AT1G54580.1	260	13
630329	3702.AT5G16970.1	259	78
618232	3702.AT2G39470.1	259	36
631350	3702.AT5G27470.1	258	81
628496	3702.AT4G37925.1	258	53
621885	3702.AT3G25920.1	258	61
631208	3702.AT5G25940.1	256	11
630948	3702.AT5G23440.1	255	24
628397	3702.AT4G37000.1	253	67
617168	3702.AT2G29630.2	253	111
630142	3702.AT5G15200.1	252	26
634260	3702.AT5G60360.3	250	42
626226	3702.AT4G17040.1	250	53
627777	3702.AT4G31300.2	249	33
618481	3702.AT2G41680.1	247	57
633632	3702.AT5G54500.2	243	22
628021	3702.AT4G33510.1	243	64
626659	3702.AT4G21105.1	242	6
614296	3702.AT1G74880.1	241	25
630985	3702.AT5G23820.1	241	27
626382	3702.AT4G18440.1	241	61
613294	3702.AT1G65290.1	240	14
612506	3702.AT1G56050.1	240	55
609112	3702.AT1G12840.1	239	61
623586	3702.AT3G53900.2	239	54
616792	3702.AT2G25970.1	238	38
627100	3702.AT4G25100.1	238	45
609448	3702.AT1G15980.1	237	60
630915	3702.AT5G23140.1	237	37
615956	3702.AT2G18040.1	234	12
608262	3702.AT1G05010.1	234	41
629982	3702.AT5G13630.1	234	236
616735	3702.AT2G25450.1	233	56
634596	3702.AT5G63570.1	232	85
608642	3702.AT1G08520.1	232	93
632519	3702.AT5G44340.1	231	42
620704	3702.AT3G15190.1	230	40
607849	3702.AT1G01080.2	230	57
620477	3702.AT3G13235.1	230	57
617386	3702.AT2G31610.1	229	36
612624	3702.AT1G58080.1	228	38
619963	3702.AT3G08580.2	227	57
624795	3702.AT4G01690.1	227	82
628676	3702.AT4G39710.1	227	26
624212	3702.AT3G59980.1	225	36
624170	3702.AT3G59540.1	225	16
618668	3702.AT2G43460.1	225	16
619193	3702.AT3G01280.1	224	46
613550	3702.AT1G67700.2	224	25
611370	3702.AT1G36390.2	221	26
616976	3702.AT2G27730.1	221	18
609381	3702.AT1G15340.1	221	37
625320	3702.AT4G09040.1	220	36
620031	3702.AT3G09200.1	220	23
627467	3702.AT4G28440.1	219	21
632904	3702.AT5G47840.1	218	48
631949	3702.AT5G39210.1	218	27
613650	3702.AT1G68590.1	218	12
616129	3702.AT2G19730.3	217	17
608645	3702.AT1G08550.1	217	44
628058	3702.AT4G33865.1	216	24
622529	3702.AT3G43980.1	216	24
622532	3702.AT3G44010.1	216	24
611444	3702.AT1G43170.8	216	42
614399	3702.AT1G75950.1	213	15
620908	3702.AT3G17020.1	212	16
630188	3702.AT5G15650.1	212	63
618734	3702.AT2G44060.1	212	60
618083	3702.AT2G38040.1	212	119
611864	3702.AT1G49970.1	212	66
634468	3702.AT5G62350.1	212	16
623538	3702.AT3G53430.1	210	20
614743	3702.AT1G79230.1	210	65
619515	3702.AT3G04120.1	208	34
621323	3702.AT3G20820.1	207	58
627004	3702.AT4G24190.1	207	118
620283	3702.AT3G11510.1	206	23
610792	3702.AT1G29880.1	206	93
620218	3702.AT3G10920.1	206	31
619222	3702.AT3G01440.1	205	17
630684	3702.AT5G20230.1	204	18
616828	3702.AT2G26340.2	203	47
628276	3702.AT4G35830.1	203	83
632817	3702.AT5G47030.1	203	51
619417	3702.AT3G03250.1	202	94
608980	3702.AT1G11650.2	202	38
623434	3702.AT3G52500.1	202	66
631988	3702.AT5G39570.1	201	55
633355	3702.AT5G51970.1	200	50
608598	3702.AT1G08110.4	200	25
610718	3702.AT1G29150.1	200	52
634044	3702.AT5G58290.1	197	42
622225	3702.AT3G28940.1	195	15
620609	3702.AT3G14310.1	194	65
629123	3702.AT5G04740.1	194	49
611588	3702.AT1G47260.1	194	37
634822	3702.AT5G65620.1	193	82
608888	3702.AT1G10760.1	192	154
632495	3702.AT5G44130.1	192	34
613829	3702.AT1G70310.1	191	58
615496	3702.AT2G09990.1	191	21
628036	3702.AT4G33640.1	191	15
614334	3702.AT1G75270.1	191	33
613444	3702.AT1G66670.1	191	40
619678	3702.AT3G05560.3	190	14
630907	3702.AT5G23060.1	189	38
623643	3702.AT3G54470.1	189	59
619233	3702.AT3G01520.1	189	30
628211	3702.AT4G35250.1	189	77
609895	3702.AT1G20440.1	188	32
621733	3702.AT3G24503.1	188	75
614517	3702.AT1G77090.1	188	33
610110	3702.AT1G22450.1	187	23
618530	3702.AT2G42130.4	187	43
622540	3702.AT3G44100.1	187	9
623660	3702.AT3G54640.1	186	28
630750	3702.AT5G20920.3	186	18
628157	3702.AT4G34730.1	186	12
621699	3702.AT3G24170.1	185	37
614300	3702.AT1G74920.1	185	33
626838	3702.AT4G22670.1	185	31
617845	3702.AT2G35830.2	185	20
615963	3702.AT2G18110.1	185	32
615886	3702.AT2G17390.1	184	31
627992	3702.AT4G33250.1	183	35
623968	3702.AT3G57560.1	183	31
629096	3702.AT5G04430.2	180	61
629820	3702.AT5G11680.1	180	15
616481	3702.AT2G22990.3	180	33
608992	3702.AT1G11750.2	179	39
617739	3702.AT2G34860.2	178	15
628579	3702.AT4G38740.1	178	24
610314	3702.AT1G24360.1	177	29
623066	3702.AT3G49120.1	177	64
620209	3702.AT3G10850.1	177	20
630089	3702.AT5G14660.1	176	31
610253	3702.AT1G23820.1	176	54
627592	3702.AT4G29590.1	175	31
634629	3702.AT5G63890.2	175	34
618853	3702.AT2G45180.1	174	17
622541	3702.AT3G44110.1	174	26
626790	3702.AT4G22240.1	173	46
627256	3702.AT4G26500.1	173	42
623009	3702.AT3G48560.1	172	58
611719	3702.AT1G48520.1	172	61
631927	3702.AT5G38980.1	172	3
633822	3702.AT5G56260.1	171	29
610928	3702.AT1G31180.1	171	38
633265	3702.AT5G51110.1	171	25
616315	3702.AT2G21385.4	171	49
611842	3702.AT1G49760.1	170	73
626118	3702.AT4G16143.2	170	46
622785	3702.AT3G46430.1	170	20
634184	3702.AT5G59613.1	170	20
619964	3702.AT3G08590.2	169	68
619273	3702.AT3G01910.1	169	43
623636	3702.AT3G54400.1	168	24
629734	3702.AT5G10860.1	168	40
618883	3702.AT2G45470.1	168	30
622798	3702.AT3G46560.1	167	14
620760	3702.AT3G15640.1	167	19
635044	3702.ATCG00020.1	166	26
613857	3702.AT1G70580.2	165	45
623103	3702.AT3G49470.1	164	36
621558	3702.AT3G22960.1	164	59
613418	3702.AT1G66430.1	164	39
625379	3702.AT4G09670.1	163	35
621724	3702.AT3G24430.1	163	41
614515	3702.AT1G77060.1	163	31
629740	3702.AT5G10920.1	163	48
627050	3702.AT4G24620.1	163	72
616151	3702.AT2G19940.2	163	60
631555	3702.AT5G35170.1	162	79
619140	3702.AT2G47940.1	162	43
616956	3702.AT2G27510.1	162	5
626042	3702.AT4G15510.1	161	30
610035	3702.AT1G21750.1	161	76
629470	3702.AT5G08050.1	160	10
623040	3702.AT3G48870.1	160	108
613872	3702.AT1G70730.3	160	90
632972	3702.AT5G48480.1	160	19
620190	3702.AT3G10670.1	158	29
633609	3702.AT5G54270.1	157	21
608760	3702.AT1G09640.1	157	33
615881	3702.AT2G17340.1	156	37
623301	3702.AT3G51260.1	156	20
623941	3702.AT3G57290.1	155	51
612732	3702.AT1G59900.1	155	36
631250	3702.AT5G26360.1	154	56
609660	3702.AT1G18070.3	154	55
632890	3702.AT5G47700.1	153	5
625690	3702.AT4G12600.2	153	8
631593	3702.AT5G35590.1	153	27
620769	3702.AT3G15730.1	152	67
618915	3702.AT2G45790.1	152	30
611973	3702.AT1G51100.1	152	18
609518	3702.AT1G16720.1	151	57
619701	3702.AT3G05730.1	150	4
614339	3702.AT1G75330.1	150	35
630563	3702.AT5G19140.1	149	25
613341	3702.AT1G65700.3	149	15
618914	3702.AT2G45770.2	149	35
618584	3702.AT2G42680.1	149	15
614421	3702.AT1G76180.1	148	15
615326	3702.AT2G05380.1	148	16
633907	3702.AT5G57040.1	148	14
620797	3702.AT3G16000.1	148	58
622489	3702.AT3G43540.1	148	21
617087	3702.AT2G28790.1	147	28
619815	3702.AT3G06730.1	147	17
635068	3702.ATCG00420.1	147	22
628967	3702.AT5G03290.1	146	28
624346	3702.AT3G61220.2	146	26
614104	3702.AT1G73060.1	145	30
620566	3702.AT3G13930.1	145	56
609619	3702.AT1G17650.1	145	32
633676	3702.AT5G54900.1	145	20
626046	3702.AT4G15545.1	144	38
630351	3702.AT5G17170.1	144	22
619578	3702.AT3G04720.1	144	10
618766	3702.AT2G44350.2	144	48
629879	3702.AT5G12250.1	144	34
626278	3702.AT4G17560.1	143	20
624297	3702.AT3G60820.1	143	22
620303	3702.AT3G11710.1	143	50
616899	3702.AT2G27020.1	142	28
623583	3702.AT3G53870.1	142	28
631025	3702.AT5G24165.1	142	6
617794	3702.AT2G35370.1	142	17
614645	3702.AT1G78300.1	141	25
614123	3702.AT1G73230.1	141	8
609047	3702.AT1G12230.2	141	41
618499	3702.AT2G41840.1	141	22
628494	3702.AT4G37910.1	140	68
635090	3702.ATCG00680.1	140	21
632351	3702.AT5G42890.1	140	8
633526	3702.AT5G53560.1	140	12
614109	3702.AT1G73110.1	140	38
621007	3702.AT3G17930.1	138	8
632944	3702.AT5G48220.1	138	52
630168	3702.AT5G15450.1	138	82
609875	3702.AT1G20225.1	137	16
617157	3702.AT2G29530.3	137	12
620270	3702.AT3G11400.2	137	18
631039	3702.AT5G24300.1	137	50
614013	3702.AT1G72150.1	137	51
614583	3702.AT1G77710.1	137	5
618608	3702.AT2G42910.1	136	35
624014	3702.AT3G58010.1	136	21
633595	3702.AT5G54160.1	136	39
621672	3702.AT3G23940.1	136	106
630660	3702.AT5G20010.1	135	13
611884	3702.AT1G50200.1	135	85
635086	3702.ATCG00640.1	135	4
628251	3702.AT4G35630.1	135	35
632243	3702.AT5G41970.1	134	41
611728	3702.AT1G48600.2	134	36
620745	3702.AT3G15520.1	134	60
616989	3702.AT2G27860.1	134	46
623553	3702.AT3G53580.1	134	39
621174	3702.AT3G19450.1	134	30
611974	3702.AT1G51110.1	133	25
627528	3702.AT4G29010.1	133	43
614305	3702.AT1G74960.2	133	28
611841	3702.AT1G49750.1	133	42
620327	3702.AT3G11930.3	133	22
608371	3702.AT1G06000.1	132	41
608443	3702.AT1G06690.1	132	29
627970	3702.AT4G33030.1	132	58
612649	3702.AT1G58290.1	131	46
633263	3702.AT5G51100.1	131	26
628158	3702.AT4G34740.1	131	42
608610	3702.AT1G08200.1	129	49
624808	3702.AT4G01800.2	129	100
613962	3702.AT1G71695.1	129	34
627957	3702.AT4G32915.1	129	11
608043	3702.AT1G02920.1	128	20
629961	3702.AT5G13410.1	127	32
630337	3702.AT5G17050.1	127	26
629840	3702.AT5G11880.1	127	56
609573	3702.AT1G17220.1	126	52
626964	3702.AT4G23850.1	126	48
610546	3702.AT1G27310.1	125	5
624087	3702.AT3G58730.1	125	20
634341	3702.AT5G61130.1	125	6
621622	3702.AT3G23490.1	125	17
616191	3702.AT2G20360.1	125	45
618732	3702.AT2G44040.1	125	31
624668	3702.AT4G00570.1	124	46
619084	3702.AT2G47390.1	123	71
620824	3702.AT3G16250.1	123	8
612564	3702.AT1G56580.1	123	10
616497	3702.AT2G23120.1	122	4
626423	3702.AT4G18810.2	122	47
627298	3702.AT4G26900.1	122	54
623113	3702.AT3G49560.1	122	20
632616	3702.AT5G45170.1	122	38
635110	3702.ATCG00900.1	122	20
635126	3702.ATCG01240.1	122	20
625540	3702.AT4G11175.1	121	9
619586	3702.AT3G04770.1	121	68
626893	3702.AT4G23170.1	120	10
635074	3702.ATCG00500.1	120	51
613889	3702.AT1G70890.1	120	21
631587	3702.AT5G35530.1	119	15
623726	3702.AT3G55250.1	119	29
629597	3702.AT5G09590.1	119	63
612016	3702.AT1G51510.1	119	6
612138	3702.AT1G52670.1	119	12
614561	3702.AT1G77510.1	118	46
617846	3702.AT2G35840.3	118	25
630933	3702.AT5G23310.1	118	20
611910	3702.AT1G50480.1	117	62
616338	3702.AT2G21620.2	117	18
627804	3702.AT4G31530.2	116	23
627306	3702.AT4G26970.1	116	58
634640	3702.AT5G63980.1	116	32
631773	3702.AT5G37510.2	116	51
617390	3702.AT2G31670.1	116	24
609672	3702.AT1G18210.1	115	25
619814	3702.AT3G06720.1	115	29
630240	3702.AT5G16130.1	115	7
620580	3702.AT3G14067.1	115	40
632249	3702.AT5G42020.1	115	37
612263	3702.AT1G53750.1	115	34
628526	3702.AT4G38220.2	114	37
612205	3702.AT1G53280.1	114	29
615029	3702.AT2G02050.1	114	10
622957	3702.AT3G48140.1	114	7
634290	3702.AT5G60640.1	113	41
612242	3702.AT1G53580.1	113	24
619545	3702.AT3G04400.1	113	39
608202	3702.AT1G04480.1	113	39
617578	3702.AT2G33370.1	113	39
617097	3702.AT2G28900.1	113	11
620812	3702.AT3G16140.1	112	4
616225	3702.AT2G20610.1	111	33
608182	3702.AT1G04270.1	111	12
625462	3702.AT4G10450.1	111	11
610843	3702.AT1G30380.1	110	16
619883	3702.AT3G07390.1	110	19
626671	3702.AT4G21210.1	109	28
630666	3702.AT5G20060.2	109	12
614610	3702.AT1G77940.1	109	9
609963	3702.AT1G21065.1	108	24
626569	3702.AT4G20150.1	108	5
620765	3702.AT3G15690.2	108	9
631369	3702.AT5G27670.1	108	4
626490	3702.AT4G19410.2	108	23
630268	3702.AT5G16390.1	108	22
619342	3702.AT3G02540.1	107	27
619340	3702.AT3G02520.1	107	19
621678	3702.AT3G23990.1	107	45
625847	3702.AT4G14030.1	106	37
618745	3702.AT2G44160.1	106	30
618389	3702.AT2G40840.1	106	90
624198	3702.AT3G59840.1	106	6
612274	3702.AT1G53850.1	106	18
634754	3702.AT5G65010.2	105	45
629793	3702.AT5G11420.1	105	16
611869	3702.AT1G50010.1	104	70
608241	3702.AT1G04820.1	104	70
609006	3702.AT1G11870.2	104	32
610179	3702.AT1G23100.1	104	27
630712	3702.AT5G20500.1	104	8
609853	3702.AT1G20010.1	103	39
613213	3702.AT1G64520.1	103	19
634879	3702.AT5G66120.2	103	29
628297	3702.AT4G36020.1	103	21
635081	3702.ATCG00570.1	102	3
634876	3702.AT5G66090.1	102	29
631534	3702.AT5G34850.1	102	41
629661	3702.AT5G10160.1	102	27
633997	3702.AT5G57850.1	102	19
635028	3702.AT5G67490.1	101	2
618468	3702.AT2G41530.1	101	22
630854	3702.AT5G22580.1	101	10
615155	3702.AT2G03420.1	101	9
613012	3702.AT1G62640.1	101	20
627694	3702.AT4G30530.1	100	15
625848	3702.AT4G14040.1	100	40
631410	3702.AT5G28050.2	100.0	14
621240	3702.AT3G20050.1	99.9	44
622092	3702.AT3G27740.1	99.4	25
617560	3702.AT2G33210.1	99.2	46
622271	3702.AT3G29320.1	99.0	58
617877	3702.AT2G36160.1	98.5	11
614373	3702.AT1G75690.1	98.5	9
614873	3702.AT1G80560.1	98.4	20
610106	3702.AT1G22410.1	98.0	34
630450	3702.AT5G18100.1	97.9	16
613783	3702.AT1G69830.1	97.7	72
629797	3702.AT5G11450.1	97.7	17
618418	3702.AT2G41100.4	97.6	23
614335	3702.AT1G75280.1	97.0	19
629528	3702.AT5G08540.1	96.4	20
611865	3702.AT1G49975.1	96.4	9
611751	3702.AT1G48830.1	96.2	6
618918	3702.AT2G45820.1	95.8	7
616889	3702.AT2G26930.1	95.8	17
633974	3702.AT5G57655.2	95.7	47
631081	3702.AT5G24650.1	95.6	14
619655	3702.AT3G05350.1	95.6	53
609157	3702.AT1G13270.1	95.4	14
624206	3702.AT3G59920.1	95.3	25
613052	3702.AT1G63000.1	95.2	14
628086	3702.AT4G34110.1	94.9	32
622256	3702.AT3G29185.2	94.5	27
627837	3702.AT4G31840.1	94.3	12
632335	3702.AT5G42765.1	94.2	15
609953	3702.AT1G20950.1	94.0	38
621475	3702.AT3G22200.2	94.0	24
626868	3702.AT4G22930.1	93.2	26
614671	3702.AT1G78570.1	92.8	30
631263	3702.AT5G26667.1	92.7	14
630591	3702.AT5G19370.1	92.6	30
612962	3702.AT1G62180.1	92.5	21
619402	3702.AT3G03100.1	92.2	7
611753	3702.AT1G48850.1	92.1	15
628569	3702.AT4G38630.1	91.8	17
628048	3702.AT4G33760.1	91.7	37
632006	3702.AT5G39730.1	91.4	12
608078	3702.AT1G03220.1	91.4	27
610611	3702.AT1G27950.1	90.8	16
628244	3702.AT4G35570.1	90.8	4
610789	3702.AT1G29850.3	90.7	10
630783	3702.AT5G21430.1	90.7	16
629497	3702.AT5G08300.1	90.2	12
633558	3702.AT5G53850.2	89.7	31
609647	3702.AT1G17940.1	89.7	158
623817	3702.AT3G56070.1	89.5	18
614140	3702.AT1G73390.3	89.2	158
630611	3702.AT5G19550.1	89.1	20
633666	3702.AT5G54810.1	89.0	22
612478	3702.AT1G55805.1	89.0	10
629847	3702.AT5G11950.1	89.0	19
631653	3702.AT5G36210.1	89.0	45
628709	3702.AT4G39960.1	88.7	23
618172	3702.AT2G38870.1	88.6	3
623458	3702.AT3G52730.1	88.4	3
608000	3702.AT1G02500.1	88.1	15
626048	3702.AT4G15560.1	87.6	21
630005	3702.AT5G13850.1	87.2	12
623486	3702.AT3G52990.1	87.2	18
634679	3702.AT5G64350.1	87.1	5
626951	3702.AT4G23710.1	86.6	8
628976	3702.AT5G03370.1	86.6	6
617214	3702.AT2G30060.1	86.4	12
619893	3702.AT3G07480.1	86.4	7
620618	3702.AT3G14390.1	86.4	37
635137	3702.ATMG00070.1	85.9	16
624828	3702.AT4G01940.1	85.8	12
629265	3702.AT5G06060.1	85.6	19
609554	3702.AT1G17050.1	85.3	29
623154	3702.AT3G49910.1	85.0	7
635085	3702.ATCG00630.1	84.8	3
623441	3702.AT3G52560.4	84.7	11
620802	3702.AT3G16050.1	84.4	28
614159	3702.AT1G73600.2	84.0	21
628040	3702.AT4G33670.1	83.9	9
617159	3702.AT2G29550.1	83.5	23
626697	3702.AT4G21445.1	83.4	7
614214	3702.AT1G74070.1	83.3	17
625711	3702.AT4G12800.1	83.3	8
613120	3702.AT1G63610.2	83.2	24
623656	3702.AT3G54600.1	83.2	23
614379	3702.AT1G75750.1	83.2	7
634150	3702.AT5G59290.2	83.2	20
626633	3702.AT4G20850.1	83.1	74
615346	3702.AT2G05710.1	83.1	45
626475	3702.AT4G19210.1	83.0	30
616414	3702.AT2G22360.1	82.8	26
632194	3702.AT5G41520.1	82.5	9
608518	3702.AT1G07440.1	82.5	13
614272	3702.AT1G74640.1	82.5	11
618628	3702.AT2G43090.1	82.3	19
616245	3702.AT2G20760.1	82.1	7
610191	3702.AT1G23190.1	81.9	34
619674	3702.AT3G05530.1	81.8	23
615586	3702.AT2G13560.1	81.7	24
618361	3702.AT2G40600.1	81.4	12
629472	3702.AT5G08060.1	81.0	6
632210	3702.AT5G41670.2	80.8	20
631251	3702.AT5G26570.1	80.1	57
625995	3702.AT4G15110.1	79.9	33
618191	3702.AT2G39080.1	79.6	20
630644	3702.AT5G19860.1	79.5	11
626044	3702.AT4G15530.5	79.1	33
633410	3702.AT5G52520.1	79.0	34
634410	3702.AT5G61780.1	78.9	42
630303	3702.AT5G16715.1	78.5	30
620037	3702.AT3G09260.1	78.0	14
609027	3702.AT1G12050.1	77.8	24
610929	3702.AT1G31190.1	77.6	18
632789	3702.AT5G46800.1	77.5	13
620151	3702.AT3G10350.2	77.4	24
633868	3702.AT5G56680.1	77.3	27
622027	3702.AT3G27160.1	77.3	5
627914	3702.AT4G32520.1	77.1	32
632697	3702.AT5G45930.1	77.0	20
629364	3702.AT5G07030.1	76.9	17
616182	3702.AT2G20270.2	76.0	15
617583	3702.AT2G33410.1	76.0	8
634022	3702.AT5G58070.1	75.4	6
610807	3702.AT1G29990.1	75.2	6
611477	3702.AT1G43800.1	75.2	47
625733	3702.AT4G13010.1	74.4	10
610030	3702.AT1G21720.1	74.4	8
635038	3702.AT5G67590.1	74.2	4
629856	3702.AT5G12040.1	74.0	21
613468	3702.AT1G66900.1	73.9	19
620317	3702.AT3G11830.1	73.8	36
626274	3702.AT4G17520.1	73.8	11
629035	3702.AT5G03880.1	73.7	19
617952	3702.AT2G36835.1	73.7	5
613124	3702.AT1G63660.1	73.7	26
621062	3702.AT3G18420.1	73.5	16
627080	3702.AT4G24930.1	73.0	15
628092	3702.AT4G34150.1	72.8	7
632787	3702.AT5G46790.1	72.6	12
620847	3702.AT3G16470.2	72.0	25
616201	3702.AT2G20450.1	71.8	5
628431	3702.AT4G37300.1	71.8	14
622410	3702.AT3G42050.1	70.3	16
619499	3702.AT3G03960.1	70.0	29
619308	3702.AT3G02230.1	69.6	19
619322	3702.AT3G02360.2	69.5	21
629008	3702.AT5G03630.1	69.4	21
614751	3702.AT1G79340.1	69.1	18
613882	3702.AT1G70820.1	69.1	27
622108	3702.AT3G27890.1	68.8	6
630082	3702.AT5G14590.1	68.8	26
635130	3702.ATCG01300.1	68.7	14
635106	3702.ATCG00840.1	68.7	14
635125	3702.ATCG01230.1	68.3	12
635111	3702.ATCG00905.1	68.3	12
635047	3702.ATCG00065.1	68.3	12
631806	3702.AT5G37850.1	68.0	18
620869	3702.AT3G16670.1	67.9	1
621022	3702.AT3G18080.1	67.6	14
621034	3702.AT3G18190.1	67.0	20
612554	3702.AT1G56500.1	66.9	30
628151	3702.AT4G34670.1	66.6	8
614811	3702.AT1G79930.1	66.5	37
635120	3702.ATCG01090.1	66.5	9
629397	3702.AT5G07350.2	66.2	50
623743	3702.AT3G55410.1	66.2	36
612322	3702.AT1G54270.1	66.2	24
608757	3702.AT1G09620.1	65.8	41
619598	3702.AT3G04870.2	65.7	29
628586	3702.AT4G38810.2	65.6	5
618027	3702.AT2G37500.1	65.4	17
610329	3702.AT1G24510.1	65.0	27
624027	3702.AT3G58140.1	65.0	26
630258	3702.AT5G16290.2	65.0	21
617585	3702.AT2G33430.1	64.9	16
608319	3702.AT1G05560.1	64.7	14
617279	3702.AT2G30695.2	64.7	13
608548	3702.AT1G07700.3	63.9	10
628486	3702.AT4G37830.1	63.8	5
615313	3702.AT2G05220.2	63.8	1
625965	3702.AT4G14890.1	63.7	7
622741	3702.AT3G46000.1	63.6	7
609233	3702.AT1G14000.1	63.6	24
617132	3702.AT2G29290.2	63.3	8
623702	3702.AT3G55010.2	63.3	11
611519	3702.AT1G44790.1	62.8	13
616861	3702.AT2G26670.1	62.7	12
630232	3702.AT5G16050.1	62.5	11
620094	3702.AT3G09840.1	62.2	27
615873	3702.AT2G17265.1	62.1	9
623022	3702.AT3G48690.1	62.0	9
630201	3702.AT5G15770.1	61.9	6
626315	3702.AT4G17870.1	61.6	11
623003	3702.AT3G48500.2	61.2	26
611732	3702.AT1G48630.1	61.1	9
615356	3702.AT2G05830.1	61.1	21
619468	3702.AT3G03710.1	60.4	36
634446	3702.AT5G62140.1	60.4	10
634089	3702.AT5G58710.1	59.9	10
618058	3702.AT2G37790.1	59.5	14
619617	3702.AT3G05020.1	59.4	3
616303	3702.AT2G21250.1	59.4	13
632256	3702.AT5G42080.1	59.3	28
628127	3702.AT4G34450.1	59.3	31
613475	3702.AT1G66970.2	59.0	28
612538	3702.AT1G56340.1	58.8	18
626122	3702.AT4G16155.1	58.7	16
632462	3702.AT5G43830.1	58.7	12
624973	3702.AT4G03205.2	58.7	19
610006	3702.AT1G21500.1	58.6	33
607859	3702.AT1G01170.1	58.6	5
617177	3702.AT2G29700.1	58.4	5
614208	3702.AT1G74030.1	58.4	38
617139	3702.AT2G29360.1	58.2	8
615340	3702.AT2G05620.1	58.0	3
616691	3702.AT2G25060.1	58.0	11
624813	3702.AT4G01850.1	58.0	14
628115	3702.AT4G34350.1	57.9	23
633137	3702.AT5G49970.1	57.7	21
618016	3702.AT2G37400.1	57.4	14
614700	3702.AT1G78850.1	57.4	26
634327	3702.AT5G60980.2	57.3	14
630958	3702.AT5G23540.1	57.1	13
609048	3702.AT1G12240.1	56.9	26
634948	3702.AT5G66760.1	56.5	17
608634	3702.AT1G08450.1	56.4	17
631551	3702.AT5G35100.1	56.3	15
628621	3702.AT4G39150.1	56.3	8
631781	3702.AT5G37600.1	56.0	8
613262	3702.AT1G64980.1	55.9	10
626232	3702.AT4G17090.1	55.7	26
631353	3702.AT5G27510.1	55.5	19
610108	3702.AT1G22430.1	55.5	11
619362	3702.AT3G02720.1	55.2	14
615280	3702.AT2G04780.2	55.1	8
610182	3702.AT1G23130.1	54.8	8
633021	3702.AT5G48880.2	54.7	19
617396	3702.AT2G31725.1	54.4	5
621070	3702.AT3G18490.1	54.2	10
619175	3702.AT3G01120.1	54.1	28
629014	3702.AT5G03690.1	54.0	7
627960	3702.AT4G32930.2	53.9	5
624695	3702.AT4G00810.1	53.9	3
614234	3702.AT1G74260.1	53.7	34
625973	3702.AT4G14960.2	53.6	18
625086	3702.AT4G04770.1	53.4	20
609844	3702.AT1G19920.1	52.7	16
630754	3702.AT5G20950.1	52.6	17
627262	3702.AT4G26555.1	52.5	6
614479	3702.AT1G76730.1	52.5	12
632339	3702.AT5G42790.1	52.2	7
619117	3702.AT2G47710.1	52.2	7
624246	3702.AT3G60318.1	52.2	2
627071	3702.AT4G24820.1	52.0	14
609236	3702.AT1G14030.1	52.0	15
624593	3702.AT3G63520.1	52.0	19
628001	3702.AT4G33350.1	51.8	11
628585	3702.AT4G38800.1	51.8	12
622924	3702.AT3G47810.2	51.4	7
626341	3702.AT4G18100.1	51.4	4
627542	3702.AT4G29120.1	51.3	18
620565	3702.AT3G13920.2	51.0	17
631287	3702.AT5G26830.1	51.0	34
617405	3702.AT2G31810.1	50.9	20
618741	3702.AT2G44120.2	50.9	8
617884	3702.AT2G36230.1	50.7	9
622954	3702.AT3G48110.1	50.7	31
629693	3702.AT5G10470.2	50.6	38
609079	3702.AT1G12520.1	50.5	12
613126	3702.AT1G63680.1	50.3	20
617868	3702.AT2G36060.2	50.2	8
625808	3702.AT4G13670.1	50.1	13
626107	3702.AT4G16060.1	50.0	8
614761	3702.AT1G79440.1	49.6	17
609991	3702.AT1G21350.3	49.6	8
630639	3702.AT5G19820.1	49.5	40
619571	3702.AT3G04650.1	49.3	12
616401	3702.AT2G22230.1	49.3	10
622060	3702.AT3G27430.2	49.1	9
624821	3702.AT4G01900.1	49.1	8
623713	3702.AT3G55120.1	49.1	10
631281	3702.AT5G26780.3	49.0	20
631710	3702.AT5G36880.2	48.9	25
618430	3702.AT2G41220.1	48.7	123
610118	3702.AT1G22530.1	48.2	36
628974	3702.AT5G03350.1	48.2	10
634382	3702.AT5G61510.1	48.0	16
624817	3702.AT4G01883.1	48.0	7
626148	3702.AT4G16390.1	47.9	23
610678	3702.AT1G28510.1	47.9	4
615938	3702.AT2G17870.1	47.8	9
634835	3702.AT5G65730.1	47.8	10
617697	3702.AT2G34460.1	47.7	10
634755	3702.AT5G65020.1	47.3	9
608222	3702.AT1G04640.2	47.2	6
608208	3702.AT1G04530.1	47.1	10
615390	3702.AT2G06850.1	47.1	11
634834	3702.AT5G65720.1	46.9	13
621851	3702.AT3G25660.1	46.9	15
626728	3702.AT4G21720.1	46.8	33
621020	3702.AT3G18060.1	46.7	13
608896	3702.AT1G10840.1	46.7	9
628848	3702.AT5G02120.1	46.6	4
630273	3702.AT5G16440.1	46.6	15
617529	3702.AT2G32920.1	46.6	17
632364	3702.AT5G42970.1	46.5	10
627638	3702.AT4G30010.1	46.5	2
628184	3702.AT4G35000.1	46.4	9
611307	3702.AT1G35420.2	46.4	7
616108	3702.AT2G19520.1	46.3	12
620000	3702.AT3G08940.2	46.2	9
623537	3702.AT3G53420.1	46.2	5
611422	3702.AT1G42550.1	46.1	23
619593	3702.AT3G04840.1	46.1	5
616587	3702.AT2G24060.1	46.0	8
614559	3702.AT1G77490.1	46.0	8
618512	3702.AT2G41950.1	45.8	13
627736	3702.AT4G30920.1	45.8	13
612210	3702.AT1G53310.3	45.7	27
611395	3702.AT1G37130.1	45.7	29
611096	3702.AT1G32900.1	45.6	24
622149	3702.AT3G28270.1	45.4	9
614840	3702.AT1G80230.1	45.4	7
624201	3702.AT3G59870.1	45.2	8
623551	3702.AT3G53560.1	45.2	12
608773	3702.AT1G09760.1	44.9	7
608171	3702.AT1G04170.1	44.9	10
626074	3702.AT4G15790.1	44.5	3
620995	3702.AT3G17810.1	44.5	8
614299	3702.AT1G74910.1	44.4	11
612523	3702.AT1G56200.1	44.4	6
633713	3702.AT5G55230.2	44.3	21
617220	3702.AT2G30110.1	44.2	53
608638	3702.AT1G08480.1	44.2	2
619230	3702.AT3G01510.1	44.1	9
607962	3702.AT1G02150.1	44.0	16
628490	3702.AT4G37870.1	43.9	18
611029	3702.AT1G32220.1	43.6	9
629129	3702.AT5G04800.4	43.4	1
620419	3702.AT3G12800.1	43.2	11
624674	3702.AT4G00620.1	43.2	6
627603	3702.AT4G29680.1	43.2	11
633316	3702.AT5G51610.1	43.2	23
611428	3702.AT1G42960.1	42.9	4
617249	3702.AT2G30410.2	42.8	3
627284	3702.AT4G26760.1	42.7	12
614804	3702.AT1G79870.1	42.7	7
621723	3702.AT3G24420.1	42.6	7
609642	3702.AT1G17880.1	42.3	3
618763	3702.AT2G44310.1	41.7	4
634944	3702.AT5G66720.1	41.6	7
614578	3702.AT1G77670.1	41.6	7
621269	3702.AT3G20330.1	41.6	16
632332	3702.AT5G42740.1	41.5	20
632258	3702.AT5G42100.1	41.5	6
609107	3702.AT1G12800.1	41.4	16
617227	3702.AT2G30200.1	41.4	16
618327	3702.AT2G40290.1	41.4	9
632405	3702.AT5G43330.1	41.3	10
617698	3702.AT2G34470.2	41.2	10
610728	3702.AT1G29250.1	41.1	5
632280	3702.AT5G42270.1	41.1	17
615711	3702.AT2G15430.1	41.1	6
634692	3702.AT5G64460.8	40.9	10
616219	3702.AT2G20580.1	40.6	23
611111	3702.AT1G33040.1	40.6	5
631620	3702.AT5G35790.1	40.5	13
610025	3702.AT1G21680.1	40.2	25
617767	3702.AT2G35120.1	40.1	5
633798	3702.AT5G56030.2	40.0	26
634239	3702.AT5G60160.1	39.7	17
609484	3702.AT1G16350.1	39.7	8
616238	3702.AT2G20690.1	39.6	4
634737	3702.AT5G64860.1	39.6	11
622511	3702.AT3G43800.1	39.5	5
633040	3702.AT5G49030.3	39.4	30
610783	3702.AT1G29790.1	39.3	40
609915	3702.AT1G20630.1	39.3	10
627190	3702.AT4G25900.1	39.2	11
634838	3702.AT5G65760.1	39.1	13
634077	3702.AT5G58590.1	39.0	9
630668	3702.AT5G20080.1	38.9	11
629234	3702.AT5G05780.1	38.6	8
616306	3702.AT2G21280.1	38.6	10
619567	3702.AT3G04610.1	38.5	13
615888	3702.AT2G17420.1	38.3	4
624558	3702.AT3G63170.1	38.3	8
616524	3702.AT2G23350.1	38.1	14
619773	3702.AT3G06350.1	38.1	21
631008	3702.AT5G24020.1	38.0	6
612293	3702.AT1G54010.1	38.0	12
625922	3702.AT4G14570.1	37.9	15
625567	3702.AT4G11420.1	37.8	17
609056	3702.AT1G12310.1	37.8	4
612801	3702.AT1G60710.1	37.8	8
630859	3702.AT5G22620.1	37.7	15
622275	3702.AT3G29360.1	37.3	11
610293	3702.AT1G24180.1	37.2	10
618055	3702.AT2G37760.1	37.2	6
627976	3702.AT4G33090.1	37.2	29
627276	3702.AT4G26690.1	37.2	20
609419	3702.AT1G15730.1	37.1	8
617754	3702.AT2G35010.2	37.0	7
633999	3702.AT5G57870.1	37.0	19
625127	3702.AT4G05090.1	36.6	8
630334	3702.AT5G17020.1	36.3	35
633517	3702.AT5G53480.1	35.9	21
634018	3702.AT5G58030.1	35.9	2
610527	3702.AT1G27130.1	35.7	4
632373	3702.AT5G43060.1	35.6	8
624924	3702.AT4G02770.1	35.5	4
633718	3702.AT5G55280.1	35.4	7
630294	3702.AT5G16620.1	35.3	8
608140	3702.AT1G03870.1	35.1	3
609872	3702.AT1G20190.1	35.1	6
614053	3702.AT1G72550.1	34.9	11
609247	3702.AT1G14150.1	34.8	7
625549	3702.AT4G11260.1	34.6	7
630437	3702.AT5G17990.1	34.6	12
634647	3702.AT5G64050.1	34.5	13
609910	3702.AT1G20580.1	34.4	3
609659	3702.AT1G18060.1	34.3	5
608853	3702.AT1G10500.1	34.2	3
623838	3702.AT3G56290.1	34.1	3
632293	3702.AT5G42390.1	34.0	31
618569	3702.AT2G42520.1	33.8	13
634713	3702.AT5G64650.1	33.7	9
617500	3702.AT2G32690.1	33.7	1
611754	3702.AT1G48860.1	33.7	11
634485	3702.AT5G62530.1	33.6	14
611173	3702.AT1G33811.1	33.6	8
620201	3702.AT3G10780.1	33.4	11
612988	3702.AT1G62390.1	33.3	14
630900	3702.AT5G23010.1	33.2	8
633020	3702.AT5G48870.1	33.1	5
635069	3702.ATCG00430.1	33.1	4
621320	3702.AT3G20790.1	33.1	8
621177	3702.AT3G19480.1	33.0	14
608712	3702.AT1G09210.1	32.9	13
629532	3702.AT5G08570.1	32.9	10
618075	3702.AT2G37970.1	32.7	4
633765	3702.AT5G55730.1	32.6	9
625670	3702.AT4G12420.2	32.6	9
612254	3702.AT1G53670.1	32.6	7
623402	3702.AT3G52180.1	32.5	13
610870	3702.AT1G30630.1	32.4	6
615669	3702.AT2G14880.1	32.4	2
611829	3702.AT1G49630.1	32.4	56
619368	3702.AT3G02780.1	32.4	5
623500	3702.AT3G53110.1	32.4	12
621869	3702.AT3G25800.1	32.3	12
626643	3702.AT4G20960.1	32.3	13
620557	3702.AT3G13860.1	32.2	13
622960	3702.AT3G48170.1	32.0	8
631648	3702.AT5G36160.1	32.0	4
611511	3702.AT1G44575.1	32.0	4
630091	3702.AT5G14680.1	31.9	6
622041	3702.AT3G27300.2	31.8	11
631450	3702.AT5G28540.1	31.8	26
623632	3702.AT3G54360.1	31.7	14
630390	3702.AT5G17530.3	31.6	6
628558	3702.AT4G38510.5	31.4	12
627501	3702.AT4G28730.1	31.3	4
625753	3702.AT4G13200.1	31.3	4
625701	3702.AT4G12720.4	31.2	5
633012	3702.AT5G48790.1	31.2	6
633508	3702.AT5G53400.1	31.1	5
619566	3702.AT3G04600.1	31.1	12
621466	3702.AT3G22110.1	31.0	4
632114	3702.AT5G40770.1	31.0	5
611832	3702.AT1G49660.1	30.9	3
610523	3702.AT1G27090.1	30.8	10
620685	3702.AT3G15020.1	30.8	40
611535	3702.AT1G45000.1	30.8	6
609936	3702.AT1G20810.1	30.7	3
610924	3702.AT1G31160.1	30.7	4
617886	3702.AT2G36250.2	30.6	7
624448	3702.AT3G62120.1	30.6	11
632876	3702.AT5G47570.1	30.5	1
628309	3702.AT4G36130.1	30.5	3
617566	3702.AT2G33255.1	30.4	9
623767	3702.AT3G55610.1	30.1	10
630878	3702.AT5G22800.1	30.1	22
616104	3702.AT2G19480.1	30.0	4
630298	3702.AT5G16660.1	29.9	3
630931	3702.AT5G23290.1	29.8	3
607927	3702.AT1G01800.1	29.5	7
610323	3702.AT1G24450.1	29.5	21
617067	3702.AT2G28605.1	29.5	4
616006	3702.AT2G18510.1	29.4	5
620888	3702.AT3G16850.1	29.4	7
631270	3702.AT5G26710.1	29.1	10
630356	3702.AT5G17220.1	29.1	4
608417	3702.AT1G06430.1	28.9	22
627150	3702.AT4G25550.1	28.8	4
634305	3702.AT5G60790.1	28.7	11
629496	3702.AT5G08290.1	28.3	2
618864	3702.AT2G45300.1	28.3	12
611172	3702.AT1G33810.1	28.2	2
617363	3702.AT2G31390.1	28.1	4
611826	3702.AT1G49600.1	28.0	3
609828	3702.AT1G19740.1	28.0	2
635096	3702.ATCG00740.1	27.9	6
614091	3702.AT1G72930.1	27.8	4
617648	3702.AT2G34040.1	27.8	13
618656	3702.AT2G43360.1	27.7	5
627492	3702.AT4G28660.2	27.6	3
616260	3702.AT2G20860.1	27.6	4
628689	3702.AT4G39800.1	27.6	5
623364	3702.AT3G51840.1	27.5	7
632747	3702.AT5G46390.2	27.5	7
620897	3702.AT3G16910.1	27.5	7
614819	3702.AT1G80030.2	27.3	13
635103	3702.ATCG00810.1	27.2	3
623291	3702.AT3G51160.1	27.1	7
628501	3702.AT4G37980.1	27.0	5
623404	3702.AT3G52200.2	27.0	11
609260	3702.AT1G14250.1	26.9	8
617814	3702.AT2G35605.1	26.9	1
623274	3702.AT3G51000.1	26.9	3
622807	3702.AT3G46630.1	26.8	5
620157	3702.AT3G10405.1	26.7	3
626945	3702.AT4G23650.1	26.6	8
633184	3702.AT5G50370.1	26.5	2
612741	3702.AT1G59990.1	26.4	6
610000	3702.AT1G21440.1	26.4	5
621866	3702.AT3G25770.1	26.1	4
628889	3702.AT5G02530.1	26.1	4
632016	3702.AT5G39830.1	25.9	6
621508	3702.AT3G22480.1	25.8	1
622590	3702.AT3G44620.2	25.7	4
620072	3702.AT3G09630.1	25.7	6
614649	3702.AT1G78360.1	25.7	4
635063	3702.ATCG00330.1	25.6	1
618538	3702.AT2G42210.2	25.4	2
621342	3702.AT3G20970.1	25.2	4
628030	3702.AT4G33590.1	25.1	13
609022	3702.AT1G12000.1	25.0	8
626469	3702.AT4G19170.1	25.0	13
620308	3702.AT3G11750.1	25.0	3
609052	3702.AT1G12270.1	24.9	7
615909	3702.AT2G17630.1	24.9	8
631649	3702.AT5G36170.1	24.9	7
627672	3702.AT4G30310.2	24.7	9
623840	3702.AT3G56310.1	24.6	7
620683	3702.AT3G15000.1	24.5	5
620461	3702.AT3G13160.1	24.5	8
626137	3702.AT4G16265.1	24.5	2
618858	3702.AT2G45240.1	24.4	7
623507	3702.AT3G53180.1	24.3	10
623742	3702.AT3G55400.1	24.2	17
620931	3702.AT3G17240.1	24.2	8
608753	3702.AT1G09580.1	24.2	11
633515	3702.AT5G53460.1	24.1	35
610425	3702.AT1G26220.1	23.9	3
635066	3702.ATCG00360.1	23.9	2
629682	3702.AT5G10360.1	23.9	2
625953	3702.AT4G14800.2	23.8	4
634685	3702.AT5G64400.2	23.6	3
627507	3702.AT4G28780.1	23.5	4
617876	3702.AT2G36145.1	23.5	5
618454	3702.AT2G41430.4	23.4	1
614313	3702.AT1G75050.1	23.4	7
608736	3702.AT1G09430.1	23.2	8
609032	3702.AT1G12090.1	23.0	4
629320	3702.AT5G06600.1	23.0	17
627068	3702.AT4G24800.3	23.0	10
633250	3702.AT5G50960.1	23.0	2
617711	3702.AT2G34590.1	22.9	5
614697	3702.AT1G78820.1	22.8	7
634066	3702.AT5G58490.1	22.8	6
608685	3702.AT1G08980.1	22.8	7
609445	3702.AT1G15950.1	22.7	3
630554	3702.AT5G19050.1	22.6	5
628420	3702.AT4G37210.1	22.6	5
628131	3702.AT4G34490.1	22.5	4
630332	3702.AT5G17000.1	22.4	9
627714	3702.AT4G30720.1	22.4	8
612358	3702.AT1G54630.1	22.4	1
615252	3702.AT2G04400.1	22.2	7
616854	3702.AT2G26590.2	22.1	5
634705	3702.AT5G64570.1	22.1	5
609300	3702.AT1G14610.1	21.9	13
627807	3702.AT4G31560.1	21.7	1
627619	3702.AT4G29830.1	21.7	6
618367	3702.AT2G40660.1	21.7	6
630374	3702.AT5G17380.1	21.7	8
608428	3702.AT1G06530.1	21.6	3
609105	3702.AT1G12780.1	21.6	6
626251	3702.AT4G17300.1	21.5	5
610932	3702.AT1G31230.1	21.4	15
613646	3702.AT1G68560.1	21.4	18
630367	3702.AT5G17310.2	21.3	10
608079	3702.AT1G03230.1	21.2	6
623829	3702.AT3G56190.1	21.2	5
622931	3702.AT3G47860.1	21.1	6
624905	3702.AT4G02620.1	21.0	2
622143	3702.AT3G28220.1	21.0	5
619366	3702.AT3G02760.1	21.0	12
618493	3702.AT2G41790.1	21.0	13
617995	3702.AT2G37190.1	21.0	2
620841	3702.AT3G16420.1	21.0	3
617805	3702.AT2G35500.1	20.9	5
629804	3702.AT5G11520.1	20.9	6
628109	3702.AT4G34290.1	20.9	2
630598	3702.AT5G19440.1	20.7	4
621209	3702.AT3G19760.1	20.7	8
618251	3702.AT2G39670.2	20.7	7
628548	3702.AT4G38410.1	20.6	8
627766	3702.AT4G31180.1	20.6	10
626727	3702.AT4G21710.1	20.6	19
618739	3702.AT2G44100.1	20.5	7
622742	3702.AT3G46010.2	20.4	2
630357	3702.AT5G17230.3	20.4	5
631055	3702.AT5G24400.1	20.4	7
633310	3702.AT5G51550.1	20.4	2
624253	3702.AT3G60370.1	20.3	3
628020	3702.AT4G33500.1	20.3	11
621522	3702.AT3G22630.1	20.2	3
620723	3702.AT3G15356.1	20.2	3
618048	3702.AT2G37690.1	20.2	12
624893	3702.AT4G02510.1	20.1	13
631598	3702.AT5G35620.1	20.0	4
609469	3702.AT1G16210.1	20.0	1
627703	3702.AT4G30620.1	20.0	3
618379	3702.AT2G40765.1	20.0	1
626631	3702.AT4G20830.1	19.9	11
628365	3702.AT4G36720.1	19.9	2
609896	3702.AT1G20450.1	19.8	9
628375	3702.AT4G36810.1	19.8	3
616213	3702.AT2G20530.2	19.7	2
618267	3702.AT2G39800.1	19.7	7
614032	3702.AT1G72330.3	19.7	21
634626	3702.AT5G63860.1	19.5	8
634770	3702.AT5G65165.1	19.5	17
623299	3702.AT3G51240.1	19.5	5
614266	3702.AT1G74560.3	19.4	3
626712	3702.AT4G21580.1	19.4	4
628232	3702.AT4G35460.1	19.4	4
615287	3702.AT2G04842.1	19.4	11
613735	3702.AT1G69410.1	19.4	2
624259	3702.AT3G60440.1	19.4	3
631407	3702.AT5G28020.1	19.3	2
625036	3702.AT4G04040.1	19.2	8
634655	3702.AT5G64130.3	19.1	2
627008	3702.AT4G24220.1	19.0	6
625872	3702.AT4G14210.1	19.0	8
629508	3702.AT5G08380.1	19.0	7
629132	3702.AT5G04830.2	18.9	1
617924	3702.AT2G36580.1	18.8	4
628084	3702.AT4G34090.3	18.7	7
629549	3702.AT5G08740.1	18.7	7
627425	3702.AT4G28080.1	18.7	18
615167	3702.AT2G03550.1	18.6	6
632699	3702.AT5G45950.1	18.6	4
613021	3702.AT1G62740.1	18.6	5
619926	3702.AT3G07770.1	18.6	9
611154	3702.AT1G33600.1	18.5	9
607960	3702.AT1G02140.1	18.4	2
630718	3702.AT5G20570.2	18.4	2
635170	3702.ATMG00510.1	18.3	6
633850	3702.AT5G56500.2	18.2	10
614946	3702.AT2G01290.1	18.1	3
634244	3702.AT5G60210.1	18.1	9
617800	3702.AT2G35450.1	18.1	5
625978	3702.AT4G15000.1	18.0	1
614952	3702.AT2G01350.1	17.9	4
621008	3702.AT3G17940.1	17.9	3
622587	3702.AT3G44590.1	17.9	2
617905	3702.AT2G36390.1	17.9	12
629701	3702.AT5G10540.1	17.9	9
617203	3702.AT2G29960.1	17.8	4
620508	3702.AT3G13490.1	17.8	8
617137	3702.AT2G29340.1	17.8	2
610986	3702.AT1G31800.1	17.8	7
632267	3702.AT5G42190.1	17.8	2
620325	3702.AT3G11910.1	17.6	21
611882	3702.AT1G50180.1	17.6	45
611955	3702.AT1G50940.1	17.6	4
634978	3702.AT5G67030.1	17.5	9
608063	3702.AT1G03090.2	17.5	6
633480	3702.AT5G53140.1	17.5	5
624064	3702.AT3G58510.2	17.4	7
629540	3702.AT5G08650.1	17.4	5
628552	3702.AT4G38460.1	17.4	5
632907	3702.AT5G47870.1	17.4	4
618798	3702.AT2G44640.1	17.4	6
612776	3702.AT1G60420.1	17.3	6
626182	3702.AT4G16660.1	17.3	7
613104	3702.AT1G63460.1	17.3	3
625886	3702.AT4G14300.1	17.2	3
620434	3702.AT3G12930.1	17.2	3
617956	3702.AT2G36870.1	17.2	3
618597	3702.AT2G42810.2	17.1	5
614682	3702.AT1G78680.1	17.1	5
633473	3702.AT5G53070.1	17.0	1
634154	3702.AT5G59320.1	17.0	1
609305	3702.AT1G14650.2	17.0	7
616396	3702.AT2G22170.1	16.9	1
613953	3702.AT1G71480.1	16.9	2
623593	3702.AT3G53970.1	16.9	2
625908	3702.AT4G14430.1	16.7	3
610419	3702.AT1G26160.1	16.6	2
621811	3702.AT3G25230.2	16.6	3
616641	3702.AT2G24580.1	16.5	5
617336	3702.AT2G31170.1	16.5	8
608139	3702.AT1G03860.3	16.4	3
620775	3702.AT3G15790.1	16.3	2
632980	3702.AT5G48540.1	16.3	4
624603	3702.AT4G00030.1	16.3	2
623444	3702.AT3G52580.1	16.3	2
627941	3702.AT4G32770.1	16.2	9
610400	3702.AT1G25490.1	16.2	8
621027	3702.AT3G18130.1	16.1	3
615461	3702.AT2G07732.1	16.0	1
609357	3702.AT1G15120.2	15.9	2
627233	3702.AT4G26300.1	15.9	12
630633	3702.AT5G19760.1	15.9	2
628618	3702.AT4G39120.1	15.9	3
626335	3702.AT4G18040.1	15.8	3
612997	3702.AT1G62480.1	15.8	2
625717	3702.AT4G12850.1	15.8	1
634462	3702.AT5G62290.1	15.8	2
625702	3702.AT4G12730.1	15.8	3
612317	3702.AT1G54220.1	15.7	5
620692	3702.AT3G15090.1	15.7	4
633257	3702.AT5G51040.3	15.7	3
616564	3702.AT2G23820.2	15.7	2
620585	3702.AT3G14100.1	15.7	3
630589	3702.AT5G19350.1	15.6	4
625449	3702.AT4G10320.1	15.6	8
608231	3702.AT1G04710.1	15.6	9
616958	3702.AT2G27530.1	15.6	2
608174	3702.AT1G04190.1	15.5	3
610244	3702.AT1G23730.1	15.5	5
633904	3702.AT5G57020.1	15.4	3
619720	3702.AT3G05900.1	15.4	7
624700	3702.AT4G00860.1	15.3	1
608072	3702.AT1G03160.1	15.3	10
627937	3702.AT4G32720.1	15.3	4
621115	3702.AT3G18890.1	15.3	5
614858	3702.AT1G80410.2	15.3	9
626624	3702.AT4G20760.1	15.2	6
620138	3702.AT3G10220.1	15.2	2
609693	3702.AT1G18440.1	15.2	2
612742	3702.AT1G60000.1	15.1	4
633459	3702.AT5G52960.1	15.1	2
615153	3702.AT2G03390.1	15.0	4
613330	3702.AT1G65590.1	15.0	7
611929	3702.AT1G50670.1	15.0	2
634582	3702.AT5G63420.1	15.0	8
619305	3702.AT3G02200.2	15.0	6
609162	3702.AT1G13320.3	15.0	7
630577	3702.AT5G19250.1	15.0	2
622052	3702.AT3G27380.2	14.9	2
621424	3702.AT3G21750.1	14.9	3
611015	3702.AT1G32070.2	14.8	1
633734	3702.AT5G55450.1	14.8	1
627475	3702.AT4G28510.1	14.7	2
629409	3702.AT5G07470.1	14.7	3
629632	3702.AT5G09900.3	14.7	2
619210	3702.AT3G01340.1	14.7	4
628369	3702.AT4G36760.1	14.6	5
620197	3702.AT3G10740.1	14.6	6
614810	3702.AT1G79920.1	14.6	5
617160	3702.AT2G29560.1	14.6	28
611709	3702.AT1G48420.1	14.6	4
615180	3702.AT2G03680.2	14.5	1
615978	3702.AT2G18230.1	14.5	2
634682	3702.AT5G64380.1	14.5	3
629962	3702.AT5G13420.1	14.5	5
624904	3702.AT4G02610.1	14.5	2
633682	3702.AT5G54960.1	14.4	4
628615	3702.AT4G39090.1	14.4	3
628458	3702.AT4G37550.1	14.4	3
620923	3702.AT3G17170.1	14.4	10
613991	3702.AT1G71950.1	14.3	1
617226	3702.AT2G30170.1	14.2	4
616313	3702.AT2G21370.1	14.2	3
608856	3702.AT1G10522.2	14.0	1
634196	3702.AT5G59750.2	14.0	4
619248	3702.AT3G01660.1	14.0	2
617138	3702.AT2G29350.1	13.9	2
622418	3702.AT3G42170.1	13.9	7
618186	3702.AT2G39020.1	13.9	3
625420	3702.AT4G10060.1	13.9	10
622819	3702.AT3G46740.1	13.9	6
613241	3702.AT1G64770.3	13.8	3
614701	3702.AT1G78860.1	13.8	12
634923	3702.AT5G66550.1	13.8	1
618701	3702.AT2G43760.1	13.8	3
632568	3702.AT5G44720.1	13.7	2
633133	3702.AT5G49940.1	13.7	1
619356	3702.AT3G02660.1	13.7	4
623823	3702.AT3G56130.1	13.6	1
626757	3702.AT4G21960.1	13.6	2
634867	3702.AT5G66030.1	13.5	10
631340	3702.AT5G27380.1	13.5	4
619281	3702.AT3G01980.3	13.5	3
632897	3702.AT5G47770.1	13.4	3
617454	3702.AT2G32240.1	13.3	16
613746	3702.AT1G69510.2	13.3	1
627339	3702.AT4G27320.1	13.3	2
625101	3702.AT4G04910.1	13.3	7
628419	3702.AT4G37200.1	13.0	2
615627	3702.AT2G14260.1	12.9	2
632752	3702.AT5G46430.2	12.8	1
627024	3702.AT4G24350.1	12.8	2
629306	3702.AT5G06460.1	12.8	26
623369	3702.AT3G51890.1	12.8	2
610148	3702.AT1G22840.1	12.7	2
624379	3702.AT3G61540.1	12.7	6
613013	3702.AT1G62660.1	12.7	4
619531	3702.AT3G04260.1	12.7	7
631358	3702.AT5G27560.1	12.6	3
624098	3702.AT3G58840.1	12.5	1
629842	3702.AT5G11900.1	12.5	1
626660	3702.AT4G21110.1	12.5	1
612042	3702.AT1G51760.1	12.5	2
619592	3702.AT3G04830.1	12.5	2
621831	3702.AT3G25520.1	12.4	2
611907	3702.AT1G50450.1	12.4	3
611055	3702.AT1G32440.1	12.4	5
628574	3702.AT4G38680.1	12.4	1
614231	3702.AT1G74230.1	12.2	2
623855	3702.AT3G56460.1	12.2	2
615210	3702.AT2G03980.1	12.2	3
616967	3702.AT2G27630.1	12.1	37
617597	3702.AT2G33530.1	12.1	4
635029	3702.AT5G67500.2	12.1	4
613548	3702.AT1G67680.1	12.0	5
626799	3702.AT4G22310.1	12.0	1
614245	3702.AT1G74370.1	12.0	1
631166	3702.AT5G25460.1	11.9	2
617345	3702.AT2G31240.1	11.9	10
619959	3702.AT3G08530.1	11.9	15
619097	3702.AT2G47510.1	11.9	4
608639	3702.AT1G08490.1	11.9	5
620128	3702.AT3G10130.1	11.8	3
628106	3702.AT4G34270.1	11.8	3
615950	3702.AT2G17980.1	11.8	3
629703	3702.AT5G10560.1	11.7	8
634411	3702.AT5G61790.1	11.7	2
633105	3702.AT5G49650.1	11.7	4
619789	3702.AT3G06483.1	11.5	3
628577	3702.AT4G38710.2	11.5	2
612936	3702.AT1G61900.1	11.5	3
617504	3702.AT2G32730.1	11.4	6
616780	3702.AT2G25840.2	11.4	4
612258	3702.AT1G53705.2	11.4	1
634038	3702.AT5G58230.1	11.4	3
618262	3702.AT2G39770.1	11.3	4
635057	3702.ATCG00190.1	11.3	9
613514	3702.AT1G67350.1	11.3	2
614417	3702.AT1G76140.1	11.3	7
611636	3702.AT1G47710.1	11.3	3
634940	3702.AT5G66680.1	11.3	4
621309	3702.AT3G20680.1	11.2	2
620541	3702.AT3G13750.1	11.2	5
628656	3702.AT4G39520.1	11.2	3
635056	3702.ATCG00180.1	11.2	5
632336	3702.AT5G42770.2	11.2	2
619800	3702.AT3G06580.1	11.2	3
613216	3702.AT1G64550.1	11.1	4
625044	3702.AT4G04210.1	11.1	2
613065	3702.AT1G63110.1	11.1	12
620277	3702.AT3G11450.1	11.0	9
611061	3702.AT1G32500.1	11.0	4
619460	3702.AT3G03630.1	11.0	3
628711	3702.AT4G39980.1	10.9	4
632561	3702.AT5G44650.1	10.9	1
613967	3702.AT1G71730.1	10.9	1
627066	3702.AT4G24780.1	10.8	2
629088	3702.AT5G04360.1	10.8	5
622140	3702.AT3G28200.1	10.8	2
622752	3702.AT3G46100.1	10.7	3
629270	3702.AT5G06110.1	10.7	9
633268	3702.AT5G51140.2	10.6	2
630800	3702.AT5G22060.1	10.6	2
622571	3702.AT3G44380.1	10.6	2
630019	3702.AT5G13980.2	10.5	8
634293	3702.AT5G60670.1	10.5	1
620046	3702.AT3G09350.1	10.5	2
614472	3702.AT1G76680.2	10.5	3
612537	3702.AT1G56330.1	10.4	1
610037	3702.AT1G21770.1	10.4	3
623786	3702.AT3G55760.2	10.4	4
627778	3702.AT4G31310.1	10.3	1
629348	3702.AT5G06870.1	10.3	4
628022	3702.AT4G33520.2	10.3	3
633073	3702.AT5G49360.1	10.2	7
620848	3702.AT3G16480.1	10.2	2
623397	3702.AT3G52140.4	10.2	9
630570	3702.AT5G19180.1	10.2	4
625425	3702.AT4G10110.1	10.2	2
618539	3702.AT2G42220.1	10.2	2
607875	3702.AT1G01320.1	10.1	12
629273	3702.AT5G06140.1	9.99	2
630159	3702.AT5G15350.1	9.95	1
614419	3702.AT1G76160.1	9.95	4
607974	3702.AT1G02280.1	9.94	2
624587	3702.AT3G63460.1	9.89	6
634915	3702.AT5G66470.1	9.83	3
608625	3702.AT1G08360.1	9.82	2
630184	3702.AT5G15610.1	9.81	3
624761	3702.AT4G01370.1	9.79	3
623700	3702.AT3G55000.1	9.77	2
615219	3702.AT2G04039.3	9.77	2
620312	3702.AT3G11780.2	9.72	1
620852	3702.AT3G16520.3	9.71	3
620853	3702.AT3G16530.1	9.71	2
626311	3702.AT4G17830.2	9.69	3
633938	3702.AT5G57330.1	9.67	2
630103	3702.AT5G14800.1	9.64	2
633389	3702.AT5G52310.1	9.64	4
625383	3702.AT4G09730.1	9.61	2
609495	3702.AT1G16460.2	9.59	3
611587	3702.AT1G47250.1	9.56	1
630689	3702.AT5G20280.1	9.53	3
629120	3702.AT5G04710.1	9.52	4
611887	3702.AT1G50250.1	9.43	4
629823	3702.AT5G11710.1	9.42	2
629589	3702.AT5G09510.1	9.22	1
621206	3702.AT3G19710.1	9.21	2
634217	3702.AT5G59950.5	9.16	2
618197	3702.AT2G39140.1	9.11	2
629275	3702.AT5G06160.1	9.08	3
608876	3702.AT1G10670.3	9.04	7
614014	3702.AT1G72160.1	8.99	2
627498	3702.AT4G28706.4	8.97	2
608866	3702.AT1G10590.3	8.93	1
615837	3702.AT2G16950.1	8.92	3
611365	3702.AT1G36310.1	8.9	2
631366	3702.AT5G27640.2	8.9	3
632945	3702.AT5G48230.2	8.88	2
623571	3702.AT3G53750.1	8.88	4
618040	3702.AT2G37620.1	8.88	4
619781	3702.AT3G06430.1	8.79	7
616620	3702.AT2G24390.1	8.78	1
619998	3702.AT3G08920.1	8.67	2
628670	3702.AT4G39660.1	8.66	2
624660	3702.AT4G00490.1	8.65	3
615401	3702.AT2G07050.1	8.65	5
619352	3702.AT3G02630.1	8.62	2
611900	3702.AT1G50380.1	8.55	3
634226	3702.AT5G60040.2	8.52	39
629623	3702.AT5G09820.2	8.52	1
609015	3702.AT1G11930.1	8.51	1
632084	3702.AT5G40490.1	8.44	3
626086	3702.AT4G15900.1	8.42	2
634024	3702.AT5G58090.1	8.41	3
612855	3702.AT1G61150.1	8.35	1
621647	3702.AT3G23710.1	8.33	1
628910	3702.AT5G02740.1	8.31	1
629782	3702.AT5G11330.1	8.31	2
624298	3702.AT3G60830.1	8.29	2
619534	3702.AT3G04290.1	8.28	1
612414	3702.AT1G55210.1	8.21	1
609008	3702.AT1G11890.1	8.16	1
620112	3702.AT3G09980.1	8.11	1
631057	3702.AT5G24420.1	8.1	2
616304	3702.AT2G21260.1	8.02	1
619039	3702.AT2G46930.1	8.01	3
634602	3702.AT5G63620.1	8.0	2
614796	3702.AT1G79790.1	7.99	2
628683	3702.AT4G39756.1	7.98	4
614792	3702.AT1G79750.1	7.95	2
632491	3702.AT5G44090.1	7.9	2
629678	3702.AT5G10330.1	7.88	4
613988	3702.AT1G71920.2	7.88	4
632915	3702.AT5G47940.1	7.87	2
631182	3702.AT5G25610.1	7.82	4
626953	3702.AT4G23730.1	7.78	3
617438	3702.AT2G32080.1	7.76	2
609640	3702.AT1G17860.1	7.76	1
617575	3702.AT2G33340.1	7.75	2
610414	3702.AT1G26110.1	7.73	2
632539	3702.AT5G44520.1	7.73	1
612601	3702.AT1G57770.1	7.73	2
618834	3702.AT2G45000.1	7.72	1
627723	3702.AT4G30810.1	7.72	1
620762	3702.AT3G15660.1	7.69	1
608579	3702.AT1G07960.2	7.66	1
628095	3702.AT4G34180.1	7.61	1
615859	3702.AT2G17130.1	7.53	1
621304	3702.AT3G20630.1	7.52	4
611160	3702.AT1G33680.1	7.5	2
610459	3702.AT1G26570.1	7.5	4
612487	3702.AT1G55890.1	7.48	2
618722	3702.AT2G43945.1	7.44	1
619950	3702.AT3G08010.1	7.42	1
633442	3702.AT5G52810.1	7.41	1
612111	3702.AT1G52410.2	7.41	3
610648	3702.AT1G28290.1	7.41	1
630512	3702.AT5G18660.1	7.38	2
617737	3702.AT2G34840.1	7.37	2
628673	3702.AT4G39680.1	7.35	6
630457	3702.AT5G18170.1	7.34	1
625561	3702.AT4G11380.2	7.34	5
611833	3702.AT1G49670.2	7.32	2
608394	3702.AT1G06190.1	7.29	2
614722	3702.AT1G79010.1	7.27	1
616782	3702.AT2G25870.1	7.25	2
618993	3702.AT2G46520.1	7.22	7
608788	3702.AT1G09870.1	7.19	2
624232	3702.AT3G60190.1	7.15	3
620192	3702.AT3G10690.1	7.06	6
629141	3702.AT5G04900.1	7.03	1
628535	3702.AT4G38300.1	7.03	2
620415	3702.AT3G12760.1	7.0	1
608069	3702.AT1G03130.1	7.0	1
610160	3702.AT1G22940.1	6.98	2
620395	3702.AT3G12580.1	6.97	3
618946	3702.AT2G46110.1	6.93	1
627831	3702.AT4G31790.1	6.89	1
633824	3702.AT5G56280.1	6.88	1
624306	3702.AT3G60900.1	6.87	2
629493	3702.AT5G08260.1	6.85	2
625970	3702.AT4G14930.1	6.84	1
608752	3702.AT1G09575.1	6.8	1
631656	3702.AT5G36230.1	6.79	2
622397	3702.AT3G32930.1	6.73	1
607938	3702.AT1G01940.1	6.73	1
633737	3702.AT5G55480.1	6.72	4
629829	3702.AT5G11770.1	6.7	1
619739	3702.AT3G06035.1	6.67	1
627419	3702.AT4G28030.1	6.65	1
622071	3702.AT3G27530.1	6.64	4
624411	3702.AT3G61820.1	6.62	1
618720	3702.AT2G43930.1	6.61	2
625158	3702.AT4G05390.1	6.58	1
612002	3702.AT1G51390.1	6.58	1
625496	3702.AT4G10750.1	6.58	2
622203	3702.AT3G28760.2	6.57	2
635067	3702.ATCG00380.1	6.56	3
608989	3702.AT1G11720.2	6.52	4
622588	3702.AT3G44600.1	6.51	3
621750	3702.AT3G24590.1	6.48	2
631468	3702.AT5G28750.1	6.47	1
629975	3702.AT5G13560.1	6.46	3
631880	3702.AT5G38520.2	6.45	1
623287	3702.AT3G51120.1	6.41	33
629179	3702.AT5G05270.1	6.37	1
611301	3702.AT1G35340.1	6.31	1
612812	3702.AT1G60810.1	6.3	5
628924	3702.AT5G02870.1	6.3	1
612034	3702.AT1G51680.1	6.28	1
612071	3702.AT1G52000.1	6.27	2
617568	3702.AT2G33270.1	6.23	5
632007	3702.AT5G39740.2	6.22	1
619828	3702.AT3G06860.1	6.21	2
627711	3702.AT4G30690.1	6.19	1
617261	3702.AT2G30520.1	6.18	4
624031	3702.AT3G58180.1	6.15	6
614062	3702.AT1G72640.1	6.12	1
628374	3702.AT4G36800.1	6.11	1
608499	3702.AT1G07250.1	6.07	2
631858	3702.AT5G38344.1	6.07	1
624058	3702.AT3G58450.1	6.07	3
612233	3702.AT1G53520.1	6.06	1
628212	3702.AT4G35260.1	6.05	1
626919	3702.AT4G23420.3	6.05	1
633954	3702.AT5G57490.1	6.03	1
630172	3702.AT5G15490.1	6.01	2
623502	3702.AT3G53130.1	5.99	3
633528	3702.AT5G53580.1	5.98	1
622703	3702.AT3G45640.1	5.93	2
631188	3702.AT5G25754.1	5.92	6
631189	3702.AT5G25757.1	5.92	6
632766	3702.AT5G46580.1	5.83	3
623091	3702.AT3G49350.1	5.82	1
620607	3702.AT3G14290.1	5.82	1
623701	3702.AT3G55005.1	5.79	1
616902	3702.AT2G27040.2	5.77	3
609517	3702.AT1G16710.1	5.76	12
631123	3702.AT5G25080.1	5.74	1
620242	3702.AT3G11130.1	5.71	5
620901	3702.AT3G16950.2	5.71	2
609812	3702.AT1G19580.1	5.7	1
612268	3702.AT1G53790.2	5.69	5
628104	3702.AT4G34260.1	5.67	3
624260	3702.AT3G60450.1	5.66	1
633534	3702.AT5G53620.2	5.65	2
632093	3702.AT5G40580.1	5.61	1
617976	3702.AT2G37020.2	5.61	1
624354	3702.AT3G61300.1	5.59	3
618635	3702.AT2G43160.1	5.57	1
624190	3702.AT3G59760.1	5.55	2
632264	3702.AT5G42150.1	5.54	1
618524	3702.AT2G42070.1	5.53	1
607894	3702.AT1G01490.1	5.5	1
630999	3702.AT5G23940.1	5.49	2
608689	3702.AT1G09010.1	5.48	4
620840	3702.AT3G16410.1	5.47	2
613384	3702.AT1G66130.1	5.47	1
632271	3702.AT5G42220.1	5.42	3
624236	3702.AT3G60240.4	5.42	7
632968	3702.AT5G48440.1	5.41	2
621234	3702.AT3G20000.1	5.4	1
627441	3702.AT4G28220.1	5.4	2
631061	3702.AT5G24460.1	5.39	1
626203	3702.AT4G16830.1	5.35	1
625818	3702.AT4G13780.1	5.3	3
627892	3702.AT4G32330.1	5.28	1
608483	3702.AT1G07110.1	5.27	3
614777	3702.AT1G79600.1	5.27	4
610860	3702.AT1G30530.1	5.27	1
621183	3702.AT3G19520.1	5.26	1
632923	3702.AT5G48020.1	5.25	1
634857	3702.AT5G65940.1	5.22	1
627657	3702.AT4G30160.2	5.21	2
629692	3702.AT5G10460.1	5.2	1
611410	3702.AT1G41830.1	5.19	2
620792	3702.AT3G15950.1	5.19	2
624073	3702.AT3G58600.1	5.18	2
618935	3702.AT2G45990.2	5.17	1
613236	3702.AT1G64710.1	5.16	1
630927	3702.AT5G23250.1	5.14	1
632123	3702.AT5G40850.1	5.13	1
624809	3702.AT4G01810.1	5.13	3
616400	3702.AT2G22201.1	5.13	1
627368	3702.AT4G27585.1	5.12	1
614764	3702.AT1G79470.1	5.1	3
616162	3702.AT2G20060.1	5.07	1
632225	3702.AT5G41790.1	5.05	5
611133	3702.AT1G33320.1	5.04	3
627940	3702.AT4G32760.2	5.02	1
628279	3702.AT4G35850.1	5.02	2
618629	3702.AT2G43100.1	4.97	1
614218	3702.AT1G74100.1	4.96	1
619807	3702.AT3G06650.1	4.93	2
609643	3702.AT1G17890.1	4.89	1
626700	3702.AT4G21470.1	4.87	1
615357	3702.AT2G05840.1	4.85	1
614217	3702.AT1G74090.1	4.81	1
625372	3702.AT4G09620.1	4.8	1
615372	3702.AT2G06050.2	4.77	2
624954	3702.AT4G03080.1	4.75	4
609941	3702.AT1G20850.1	4.72	1
630530	3702.AT5G18820.1	4.71	2
611522	3702.AT1G44820.1	4.68	2
622765	3702.AT3G46220.2	4.67	2
608355	3702.AT1G05850.1	4.64	1
614118	3702.AT1G73180.1	4.64	1
621996	3702.AT3G26900.2	4.55	1
632489	3702.AT5G44070.1	4.53	1
608405	3702.AT1G06290.1	4.52	2
619250	3702.AT3G01680.1	4.52	3
629600	3702.AT5G09620.1	4.51	1
633426	3702.AT5G52650.1	4.51	1
626248	3702.AT4G17260.1	4.47	1
610412	3702.AT1G26090.1	4.44	1
609255	3702.AT1G14210.1	4.43	1
623793	3702.AT3G55830.1	4.4	1
624529	3702.AT3G62910.1	4.39	1
633950	3702.AT5G57440.1	4.38	1
623192	3702.AT3G50270.1	4.37	1
613976	3702.AT1G71820.2	4.36	2
618488	3702.AT2G41740.1	4.34	4
625501	3702.AT4G10790.1	4.31	1
623936	3702.AT3G57240.1	4.3	1
609278	3702.AT1G14410.1	4.3	1
632627	3702.AT5G45280.2	4.29	1
609668	3702.AT1G18170.1	4.28	1
623460	3702.AT3G52750.1	4.28	1
614571	3702.AT1G77610.1	4.28	1
614647	3702.AT1G78320.1	4.26	1
619845	3702.AT3G07010.1	4.26	1
632714	3702.AT5G46070.1	4.22	1
610931	3702.AT1G31220.1	4.21	1
615362	3702.AT2G05920.1	4.19	2
608425	3702.AT1G06510.1	4.15	1
614033	3702.AT1G72340.1	4.14	1
608702	3702.AT1G09150.1	4.14	2
628705	3702.AT4G39940.1	4.12	1
625137	3702.AT4G05160.1	4.12	1
630456	3702.AT5G18160.1	4.1	1
619686	3702.AT3G05625.1	4.1	1
623729	3702.AT3G55260.1	4.1	1
608430	3702.AT1G06550.1	4.09	1
612647	3702.AT1G58270.1	4.08	2
623953	3702.AT3G57410.1	4.07	5
631960	3702.AT5G39320.1	4.05	1
608841	3702.AT1G10385.1	4.04	1
612419	3702.AT1G55260.1	4.02	1
612251	3702.AT1G53645.1	4.01	2
630855	3702.AT5G22590.1	3.96	1
628085	3702.AT4G34100.1	3.95	12
629810	3702.AT5G11580.1	3.94	1
620662	3702.AT3G14790.1	3.94	1
630044	3702.AT5G14220.1	3.93	2
634608	3702.AT5G63680.1	3.92	1
625715	3702.AT4G12830.1	3.92	1
607935	3702.AT1G01910.4	3.9	1
617618	3702.AT2G33730.1	3.88	3
619973	3702.AT3G08670.1	3.87	1
616418	3702.AT2G22420.1	3.84	1
630416	3702.AT5G17790.1	3.83	1
633032	3702.AT5G48960.1	3.82	1
634931	3702.AT5G66620.1	3.82	1
618874	3702.AT2G45406.1	3.82	1
625050	3702.AT4G04350.1	3.75	4
631881	3702.AT5G38530.1	3.75	1
621506	3702.AT3G22460.1	3.74	1
618585	3702.AT2G42690.1	3.73	1
627061	3702.AT4G24730.1	3.72	1
629010	3702.AT5G03650.1	3.7	2
629923	3702.AT5G13030.1	3.7	2
630989	3702.AT5G23860.1	3.68	1
625608	3702.AT4G11820.2	3.68	1
633249	3702.AT5G50950.1	3.67	1
609132	3702.AT1G13020.1	3.66	1
631291	3702.AT5G26860.1	3.65	2
623915	3702.AT3G57050.1	3.64	1
630282	3702.AT5G16510.2	3.62	1
618796	3702.AT2G44620.1	3.62	1
608280	3702.AT1G05180.1	3.6	1
632457	3702.AT5G43780.1	3.59	2
625655	3702.AT4G12290.1	3.58	2
608206	3702.AT1G04510.1	3.57	1
631636	3702.AT5G35970.1	3.55	3
610281	3702.AT1G24100.1	3.54	1
630932	3702.AT5G23300.1	3.53	1
619341	3702.AT3G02530.1	3.51	2
630758	3702.AT5G20990.1	3.5	2
619173	3702.AT3G01090.2	3.5	1
624091	3702.AT3G58770.1	3.48	1
609710	3702.AT1G18590.1	3.48	1
632284	3702.AT5G42310.1	3.43	1
611718	3702.AT1G48510.1	3.41	9
619143	3702.AT2G47970.1	3.4	1
616598	3702.AT2G24190.2	3.4	2
613178	3702.AT1G64190.1	3.37	1
624678	3702.AT4G00660.1	3.35	1
610026	3702.AT1G21690.3	3.35	1
621127	3702.AT3G19010.1	3.35	1
632234	3702.AT5G41880.1	3.34	1
625887	3702.AT4G14301.1	3.34	1
631868	3702.AT5G38410.3	3.33	4
616064	3702.AT2G19050.1	3.33	1
610952	3702.AT1G31410.1	3.32	1
613579	3702.AT1G67930.1	3.32	1
630658	3702.AT5G19990.1	3.29	1
621385	3702.AT3G21370.1	3.29	4
630502	3702.AT5G18570.1	3.29	2
633832	3702.AT5G56350.1	3.28	1
633693	3702.AT5G55070.1	3.28	1
626567	3702.AT4G20130.1	3.25	1
609715	3702.AT1G18640.2	3.19	1
632080	3702.AT5G40450.1	3.18	8
626194	3702.AT4G16760.1	3.17	1
618696	3702.AT2G43720.1	3.17	1
630765	3702.AT5G21060.2	3.16	2
627789	3702.AT4G31390.1	3.12	2
629896	3702.AT5G12410.1	3.09	1
629057	3702.AT5G04060.1	3.08	5
620574	3702.AT3G14010.1	3.08	1
612103	3702.AT1G52340.1	3.06	1
625106	3702.AT4G04950.1	3.06	2
629476	3702.AT5G08100.1	3.04	1
613402	3702.AT1G66280.1	3.04	4
627247	3702.AT4G26450.1	3.03	1
631869	3702.AT5G38420.1	3.02	4
626372	3702.AT4G18370.1	2.99	1
616404	3702.AT2G22250.2	2.97	1
608052	3702.AT1G03000.1	2.97	8
634460	3702.AT5G62270.2	2.97	1
620449	3702.AT3G13060.2	2.97	1
622008	3702.AT3G26990.1	2.95	1
612128	3702.AT1G52570.1	2.94	4
628635	3702.AT4G39280.2	2.93	1
629712	3702.AT5G10630.2	2.9	2
614800	3702.AT1G79830.4	2.88	1
631711	3702.AT5G36890.1	2.88	1
612303	3702.AT1G54100.1	2.87	1
619730	3702.AT3G05970.1	2.87	1
614269	3702.AT1G74600.1	2.87	10
620344	3702.AT3G12080.1	2.85	1
614823	3702.AT1G80070.1	2.84	30
628316	3702.AT4G36195.3	2.84	1
625161	3702.AT4G05420.1	2.82	2
617716	3702.AT2G34640.1	2.82	1
628582	3702.AT4G38780.1	2.81	30
629948	3702.AT5G13280.1	2.78	1
628728	3702.AT5G01010.2	2.77	1
626357	3702.AT4G18240.1	2.76	2
616232	3702.AT2G20630.2	2.75	1
609927	3702.AT1G20735.1	2.74	3
621974	3702.AT3G26720.1	2.74	1
612404	3702.AT1G55150.1	2.72	1
633465	3702.AT5G53000.1	2.71	1
626637	3702.AT4G20890.1	2.7	1
629229	3702.AT5G05730.2	2.7	2
611326	3702.AT1G35580.2	2.69	1
620482	3702.AT3G13300.1	2.68	3
615240	3702.AT2G04270.5	2.67	1
610045	3702.AT1G21860.1	2.66	2
626645	3702.AT4G20980.2	2.65	1
634240	3702.AT5G60170.2	2.63	1
614331	3702.AT1G75240.1	2.63	1
610261	3702.AT1G23900.2	2.61	1
619157	3702.AT2G48120.1	2.6	1
614806	3702.AT1G79890.1	2.6	1
629996	3702.AT5G13770.1	2.59	1
630796	3702.AT5G22020.1	2.59	1
614476	3702.AT1G76710.2	2.57	4
616528	3702.AT2G23390.1	2.56	1
629930	3702.AT5G13110.1	2.54	1
617730	3702.AT2G34780.1	2.54	3
625505	3702.AT4G10840.1	2.53	1
612295	3702.AT1G54030.1	2.52	1
620808	3702.AT3G16110.1	2.49	1
624957	3702.AT4G03110.1	2.48	1
618263	3702.AT2G39780.1	2.46	1
625502	3702.AT4G10800.1	2.46	2
620158	3702.AT3G10410.1	2.45	1
611757	3702.AT1G48900.1	2.4	1
614727	3702.AT1G79060.1	2.4	1
618162	3702.AT2G38770.1	2.39	2
628016	3702.AT4G33470.1	2.38	1
613265	3702.AT1G65010.1	2.38	2
614095	3702.AT1G72970.1	2.37	1
621375	3702.AT3G21300.1	2.36	1
614204	3702.AT1G73990.1	2.36	1
610016	3702.AT1G21600.1	2.34	1
630922	3702.AT5G23210.1	2.32	1
611480	3702.AT1G43860.1	2.31	1
614569	3702.AT1G77590.1	2.29	1
612035	3702.AT1G51690.3	2.29	1
616423	3702.AT2G22450.1	2.28	1
614789	3702.AT1G79720.1	2.19	1
628798	3702.AT5G01670.2	2.19	1
628674	3702.AT4G39690.1	2.18	1
630308	3702.AT5G16760.1	2.17	1
619036	3702.AT2G46910.1	2.17	1
619664	3702.AT3G05430.1	2.16	2
616875	3702.AT2G26800.2	2.15	1
618374	3702.AT2G40730.1	2.15	1
612047	3702.AT1G51805.1	2.15	1
607872	3702.AT1G01300.1	2.14	1
616053	3702.AT2G18960.1	2.14	1
619585	3702.AT3G04760.1	2.13	1
615736	3702.AT2G15740.1	2.12	2
620341	3702.AT3G12050.1	2.12	1
628717	3702.AT4G40020.1	2.11	1
609873	3702.AT1G20200.1	2.1	1
630618	3702.AT5G19620.1	2.08	2
628595	3702.AT4G38890.1	2.08	1
614665	3702.AT1G78510.1	2.08	1
612783	3702.AT1G60500.1	2.07	1
632436	3702.AT5G43600.1	2.06	1
634029	3702.AT5G58140.2	2.05	2
634337	3702.AT5G61090.1	2.05	1
611023	3702.AT1G32160.1	2.04	1
625097	3702.AT4G04880.1	2.03	1
633626	3702.AT5G54440.1	2.03	2
619599	3702.AT3G04880.1	2.02	1
609954	3702.AT1G20960.1	2.01	3
619169	3702.AT3G01060.1	1.96	1
633165	3702.AT5G50210.1	1.96	1
627986	3702.AT4G33180.1	1.95	2
632241	3702.AT5G41950.1	1.94	1
614735	3702.AT1G79150.1	1.89	4
618754	3702.AT2G44230.1	1.89	1
628358	3702.AT4G36650.1	1.87	5
632517	3702.AT5G44320.1	1.86	1
608574	3702.AT1G07910.2	1.82	1
619249	3702.AT3G01670.1	1.79	1
616965	3702.AT2G27600.1	1.75	1
614328	3702.AT1G75210.1	1.75	1
616808	3702.AT2G26140.1	1.74	1
630234	3702.AT5G16070.1	1.74	1
630310	3702.AT5G16780.1	1.73	1
610435	3702.AT1G26330.2	1.73	1
615991	3702.AT2G18350.1	1.71	1
612001	3702.AT1G51380.1	1.7	2
630287	3702.AT5G16560.1	1.7	1
610383	3702.AT1G25350.2	1.64	1
613908	3702.AT1G71040.1	1.61	1
627582	3702.AT4G29490.1	1.59	1
608326	3702.AT1G05610.1	1.58	2
622786	3702.AT3G46440.2	1.58	1
634746	3702.AT5G64940.1	1.56	1
617085	3702.AT2G28760.1	1.55	1
628331	3702.AT4G36390.1	1.54	1
626521	3702.AT4G19710.2	1.52	1
617114	3702.AT2G29080.1	1.52	1
618466	3702.AT2G41510.1	1.5	3
610190	3702.AT1G23180.1	1.48	1
618964	3702.AT2G46290.1	1.44	1
630218	3702.AT5G15920.1	1.4	1
613429	3702.AT1G66530.1	1.4	2
631873	3702.AT5G38450.1	1.39	1
627248	3702.AT4G26455.1	1.29	2
622568	3702.AT3G44340.1	1.28	1
619150	3702.AT2G48060.1	1.24	7
615622	3702.AT2G14170.1	1.23	1
623649	3702.AT3G54530.1	1.21	1
620856	3702.AT3G16555.1	1.19	1
626632	3702.AT4G20840.1	1.17	1
611359	3702.AT1G36160.2	1.13	1
616859	3702.AT2G26650.1	1.1	1
619624	3702.AT3G05090.2	1.09	1
629342	3702.AT5G06810.1	1.05	1
610947	3702.AT1G31360.1	1.04	1
611656	3702.AT1G47900.1	1.01	1
626745	3702.AT4G21880.1	1.01	4
631804	3702.AT5G37830.1	0.997	1
630871	3702.AT5G22750.1	0.994	5
621059	3702.AT3G18390.1	0.974	1
610292	3702.AT1G24170.1	0.954	2
621618	3702.AT3G23450.1	0.932	1
626253	3702.AT4G17330.1	0.888	1
613807	3702.AT1G70090.1	0.886	2
622929	3702.AT3G47840.1	0.873	1
614854	3702.AT1G80370.1	0.858	1
618380	3702.AT2G40770.1	0.84	2
624473	3702.AT3G62360.1	0.837	1
629787	3702.AT5G11380.1	0.834	1
609786	3702.AT1G19340.1	0.816	1
613243	3702.AT1G64790.2	0.798	2
613805	3702.AT1G70070.1	0.772	1
618912	3702.AT2G45750.1	0.748	3
634624	3702.AT5G63840.1	0.743	1
612645	3702.AT1G58260.1	0.732	2
616042	3702.AT2G18876.1	0.724	1
616637	3702.AT2G24540.1	0.717	1
610420	3702.AT1G26170.1	0.709	1
616835	3702.AT2G26410.1	0.707	1
613677	3702.AT1G68830.1	0.702	1
630825	3702.AT5G22320.1	0.693	1
619528	3702.AT3G04230.1	0.685	1
617702	3702.AT2G34510.1	0.671	1
608216	3702.AT1G04600.1	0.65	1
624688	3702.AT4G00750.1	0.644	3
616316	3702.AT2G21390.1	0.611	1
625461	3702.AT4G10440.1	0.61	3
616391	3702.AT2G22125.1	0.596	1
624191	3702.AT3G59770.3	0.587	1
632359	3702.AT5G42950.1	0.577	1
607940	3702.AT1G01960.1	0.534	1
631509	3702.AT5G32470.1	0.523	1
626574	3702.AT4G20210.1	0.521	2
624131	3702.AT3G59160.1	0.513	1
630479	3702.AT5G18380.1	0.476	1
610907	3702.AT1G30960.1	0.472	1
624112	3702.AT3G58980.1	0.451	1
609681	3702.AT1G18310.1	0.449	1
614862	3702.AT1G80460.1	0.44	1
625049	3702.AT4G04340.3	0.44	2
623391	3702.AT3G52100.1	0.439	1
619827	3702.AT3G06850.1	0.376	1
627310	3702.AT4G27010.2	0.337	1
615682	3702.AT2G15050.1	0.336	1
619511	3702.AT3G04080.1	0.332	1
619869	3702.AT3G07250.1	0.321	2
621223	3702.AT3G19895.1	0.321	1
619529	3702.AT3G04240.1	0.32	1
626424	3702.AT4G18820.1	0.319	2
610618	3702.AT1G28010.1	0.302	1
632965	3702.AT5G48410.1	0.302	1
619705	3702.AT3G05750.1	0.296	1
628800	3702.AT5G01690.1	0.269	1
630468	3702.AT5G18280.2	0.264	1
610612	3702.AT1G27960.1	0.248	1
610974	3702.AT1G31670.1	0.236	1
634342	3702.AT5G61140.2	0.197	2
615798	3702.AT2G16570.1	0.179	1
628594	3702.AT4G38880.1	0.174	1
624034	3702.AT3G58210.1	0.166	1
620148	3702.AT3G10320.1	0.163	1
608247	3702.AT1G04880.1	0.149	1
619148	3702.AT2G48020.1	0.142	1
626119	3702.AT4G16144.1	0.136	1
609099	3702.AT1G12730.1	0.125	1
610121	3702.AT1G22570.1	0.12	1
619328	3702.AT3G02420.1	0.116	1
614139	3702.AT1G73380.1	0.093	1
619035	3702.AT2G46900.1	0.09	1
633791	3702.AT5G55960.1	0.087	1
614436	3702.AT1G76320.1	0.085	1
610578	3702.AT1G27595.1	0.068	1
619288	3702.AT3G02050.1	0.061	1
612755	3702.AT1G60160.1	0.058	1
623717	3702.AT3G55160.1	0.049	1
