#id: 1318884174
#name: Streptococcus pneumoniae D39 - Whole organism, SC (Peptideatlas,jun,2019)
#score: 11.2
#description: abundance based on Spectral counting, Interaction consistency score: 11.2, Coverage: 71
#organ: WHOLE_ORGANISM
#integrated: false
#coverage: 71
#link: http://www.peptideatlas.org/
#publication_year: 2019
#filename: 373153-Streptococcus-pneumoniae-D39_PA_2019-06.txt
#
#internal_id	string_external_id	abundance	raw_spectral_count
13380601	373153.SPD_1823	19485	37332
13379884	373153.SPD_1040	12076	5854
13380232	373153.SPD_1402	11449	12024
13379856	373153.SPD_1012	11366	41087
13380200	373153.SPD_1370	11012	6102
13380198	373153.SPD_1368	10711	2032
13379323	373153.SPD_0445	9957	26250
13380082	373153.SPD_1245	9494	842
13379398	373153.SPD_0526	9088	10865
13380722	373153.SPD_1964	9007	527
13379842	373153.SPD_0997	8786	4524
13379502	373153.SPD_0636	8733	28510
13379751	373153.SPD_0903	8641	984
13380413	373153.SPD_1591	7903	870
13379098	373153.SPD_0209	7731	1522
13379082	373153.SPD_0193	7723	6007
13379096	373153.SPD_0207	7499	5348
13379919	373153.SPD_1078	7088	12580
13380083	373153.SPD_1246	6572	6130
13379594	373153.SPD_0732	6569	1244
13379089	373153.SPD_0200	6553	3444
13379090	373153.SPD_0201	6531	1630
13379100	373153.SPD_0211	6474	2061
13380191	373153.SPD_1360	6407	1317
13379021	373153.SPD_0131	6374	2972
13379645	373153.SPD_0790	6284	18765
13379108	373153.SPD_0219	6230	3600
13379094	373153.SPD_0205	6140	7434
13379099	373153.SPD_0210	5714	5997
13380159	373153.SPD_1327	5707	4428
13379105	373153.SPD_0216	5698	4372
13379992	373153.SPD_1154	5689	3328
13380795	373153.SPD_2042	5584	10206
13379261	373153.SPD_0381	5526	1886
13379163	373153.SPD_0275	5465	2548
13379097	373153.SPD_0208	5464	3950
13379087	373153.SPD_0198	5378	4409
13379653	373153.SPD_0799	5362	203
13380025	373153.SPD_1188	5148	4437
13380412	373153.SPD_1590	5136	9276
13380794	373153.SPD_2041	5017	10969
13379140	373153.SPD_0252	5009	4789
13380294	373153.SPD_1468	4965	8946
13379265	373153.SPD_0385	4951	9428
13379101	373153.SPD_0212	4940	1853
13379619	373153.SPD_0762	4807	9535
13379088	373153.SPD_0199	4692	5990
13379106	373153.SPD_0217	4651	2754
13379083	373153.SPD_0194	4537	5382
13379091	373153.SPD_0202	4492	1324
13379081	373153.SPD_0192	4488	2497
13379701	373153.SPD_0849	4486	2532
13379421	373153.SPD_0550	4451	3482
13380234	373153.SPD_1404	4430	5664
13380721	373153.SPD_1963	4393	1014
13379162	373153.SPD_0274	4385	4179
13379275	373153.SPD_0395	4357	4006
13379092	373153.SPD_0203	4345	2112
13379581	373153.SPD_0718	4324	1991
13379084	373153.SPD_0195	4161	3119
13379281	373153.SPD_0401	4084	323
13378975	373153.SPD_0083	4012	5831
13379039	373153.SPD_0150	4004	6572
13380290	373153.SPD_1464	3698	5304
13379601	373153.SPD_0739	3681	7786
13379996	373153.SPD_1158	3611	10327
13379702	373153.SPD_0850	3545	1239
13380390	373153.SPD_1567	3545	3817
13379290	373153.SPD_0410	3486	1564
13379093	373153.SPD_0204	3367	2011
13379422	373153.SPD_0551	3290	4912
13379095	373153.SPD_0206	3282	388
13380134	373153.SPD_1298	3235	7753
13380788	373153.SPD_2033	3191	3514
13379286	373153.SPD_0406	3172	5283
13379264	373153.SPD_0384	3153	4623
13379620	373153.SPD_0763	3132	5130
13379104	373153.SPD_0215	3090	1021
13378956	373153.SPD_0064	3022	2543
13379832	373153.SPD_0987	3017	1516
13380490	373153.SPD_1671	3015	10548
13379107	373153.SPD_0218	3001	4726
13379337	373153.SPD_0459	2919	1869
13379688	373153.SPD_0835	2905	2274
13380177	373153.SPD_1345	2846	2943
13378983	373153.SPD_0091	2811	6075
13379531	373153.SPD_0667	2774	4363
13379644	373153.SPD_0789	2747	4708
13380611	373153.SPD_1834	2685	12845
13379152	373153.SPD_0264	2668	5557
13379487	373153.SPD_0621	2655	7913
13379883	373153.SPD_1039	2629	9329
13379720	373153.SPD_0868	2623	5758
13379451	373153.SPD_0582	2541	842
13379139	373153.SPD_0251	2490	1824
13380677	373153.SPD_1919	2483	3666
13380158	373153.SPD_1326	2483	11349
13380506	373153.SPD_1710	2481	2150
13379103	373153.SPD_0214	2463	3865
13380167	373153.SPD_1335	2463	9086
13379834	373153.SPD_0989	2449	828
13380305	373153.SPD_1479	2413	6182
13380616	373153.SPD_1839	2383	10118
13380482	373153.SPD_1662	2363	858
13379253	373153.SPD_0373	2356	1930
13379016	373153.SPD_0126	2310	6916
13379226	373153.SPD_0343	2249	7986
13380643	373153.SPD_1866	2246	4361
13379623	373153.SPD_0766	2198	7326
13379069	373153.SPD_0180	2197	1201
13379529	373153.SPD_0665	2192	4495
13380560	373153.SPD_1768	2168	5916
13380684	373153.SPD_1926	2156	5973
13379513	373153.SPD_0649	2144	3682
13380286	373153.SPD_1460	2137	10044
13380519	373153.SPD_1725	2114	2316
13379836	373153.SPD_0991	2072	1409
13379588	373153.SPD_0726	2067	2019
13380520	373153.SPD_1726	2058	7986
13380043	373153.SPD_1206	2047	2467
13380808	373153.SPD_2055	2023	6475
13379462	373153.SPD_0593	1985	5879
13379146	373153.SPD_0258	1982	4193
13379255	373153.SPD_0375	1982	5155
13380266	373153.SPD_1439	1953	912
13380259	373153.SPD_1432	1940	4181
13379326	373153.SPD_0448	1929	6114
13379990	373153.SPD_1152	1928	1226
13379514	373153.SPD_0650	1926	1851
13379086	373153.SPD_0197	1900	1404
13380550	373153.SPD_1757	1874	1213
13379485	373153.SPD_0619	1870	889
13379149	373153.SPD_0261	1854	6520
13380030	373153.SPD_1193	1824	3722
13380193	373153.SPD_1363	1787	3784
13380110	373153.SPD_1274	1772	6016
13380133	373153.SPD_1297	1769	3088
13380552	373153.SPD_1759	1768	11467
13380199	373153.SPD_1369	1745	1770
13380121	373153.SPD_1285	1733	2215
13380370	373153.SPD_1547	1731	805
13380300	373153.SPD_1474	1709	2955
13379849	373153.SPD_1004	1708	5698
13380178	373153.SPD_1346	1703	5617
13379564	373153.SPD_0700	1700	11604
13379359	373153.SPD_0483	1696	845
13380306	373153.SPD_1480	1691	3878
13380227	373153.SPD_1397	1688	889
13380064	373153.SPD_1227	1684	3191
13380532	373153.SPD_1739	1682	3856
13379886	373153.SPD_1042	1678	7562
13380169	373153.SPD_1337	1672	4377
13379262	373153.SPD_0382	1657	2855
13380123	373153.SPD_1287	1621	3080
13379614	373153.SPD_0754	1617	1099
13380686	373153.SPD_1928	1617	1054
13380676	373153.SPD_1918	1592	4075
13380289	373153.SPD_1463	1575	2596
13380589	373153.SPD_1797	1568	4183
13380032	373153.SPD_1195	1563	5392
13379412	373153.SPD_0541	1559	1552
13380692	373153.SPD_1934	1559	4785
13379894	373153.SPD_1050	1549	3954
13380681	373153.SPD_1923	1537	1743
13380810	373153.SPD_2057	1528	4890
13379213	373153.SPD_0328	1518	2688
13379577	373153.SPD_0714	1502	841
13379516	373153.SPD_0652	1501	4581
13380740	373153.SPD_1984	1483	3721
13379223	373153.SPD_0339	1482	984
13380078	373153.SPD_1241	1476	1502
13379134	373153.SPD_0246	1474	6636
13379358	373153.SPD_0482	1469	6553
13380551	373153.SPD_1758	1462	10685
13380336	373153.SPD_1510	1460	2888
13380244	373153.SPD_1415	1460	4558
13379824	373153.SPD_0978	1451	822
13380127	373153.SPD_1291	1438	1044
13380486	373153.SPD_1667	1436	2975
13379283	373153.SPD_0403	1422	4237
13379523	373153.SPD_0659	1411	2129
13379882	373153.SPD_1038	1388	7021
13380817	373153.SPD_2068	1386	3468
13380241	373153.SPD_1412	1365	2141
13379748	373153.SPD_0900	1361	2828
13378917	373153.SPD_0013	1350	5027
13380153	373153.SPD_1320	1347	1606
13379282	373153.SPD_0402	1344	649
13379266	373153.SPD_0386	1343	1037
13379218	373153.SPD_0334	1338	5593
13380792	373153.SPD_2037	1328	3400
13378916	373153.SPD_0012	1319	1527
13380065	373153.SPD_1228	1314	2421
13379486	373153.SPD_0620	1314	3849
13380303	373153.SPD_1477	1308	1347
13380568	373153.SPD_1776	1301	2217
13379549	373153.SPD_0685	1293	2753
13379587	373153.SPD_0724	1286	3348
13380786	373153.SPD_2031	1286	1350
13379249	373153.SPD_0369	1283	599
13379805	373153.SPD_0958	1281	2635
13379319	373153.SPD_0441	1275	925
13380664	373153.SPD_1905	1263	5696
13378908	373153.SPD_0004	1258	3217
13379150	373153.SPD_0262	1253	3320
13379940	373153.SPD_1099	1247	1424
13380796	373153.SPD_2043	1243	2633
13380063	373153.SPD_1226	1237	2621
13380219	373153.SPD_1389	1225	1544
13380655	373153.SPD_1896	1222	4160
13379355	373153.SPD_0479	1219	2764
13379743	373153.SPD_0894	1218	2905
13379887	373153.SPD_1043	1193	2703
13379428	373153.SPD_0558	1191	13987
13378920	373153.SPD_0024	1189	4084
13379136	373153.SPD_0248	1178	5777
13380271	373153.SPD_1444	1174	4699
13380139	373153.SPD_1303	1173	325
13379413	373153.SPD_0542	1170	3556
13379816	373153.SPD_0970	1158	2184
13380630	373153.SPD_1853	1153	3607
13379215	373153.SPD_0330	1148	2883
13379964	373153.SPD_1125	1144	2052
13380448	373153.SPD_1626	1136	2190
13380714	373153.SPD_1956	1126	3276
13380759	373153.SPD_2003	1125	243
13379978	373153.SPD_1139	1120	1834
13379699	373153.SPD_0847	1117	974
13379739	373153.SPD_0888	1109	2328
13379926	373153.SPD_1085	1097	1654
13380487	373153.SPD_1668	1087	3550
13379763	373153.SPD_0915	1081	1921
13380205	373153.SPD_1375	1070	1447
13380338	373153.SPD_1512	1060	6247
13379885	373153.SPD_1041	1053	484
13379040	373153.SPD_0151	1053	2282
13379298	373153.SPD_0420	1043	5831
13380239	373153.SPD_1409	1039	2804
13379274	373153.SPD_0394	1038	1162
13379613	373153.SPD_0753	1032	2241
13379962	373153.SPD_1123	1026	1898
13379550	373153.SPD_0686	1024	2572
13380069	373153.SPD_1232	1023	1364
13380597	373153.SPD_1819	1020	1892
13379544	373153.SPD_0680	1018	1160
13378928	373153.SPD_0033	1017	2096
13380031	373153.SPD_1194	1006	964
13379981	373153.SPD_1142	994	3364
13379536	373153.SPD_0672	984	1738
13380160	373153.SPD_1328	982	2263
13379196	373153.SPD_0309	978	999
13379528	373153.SPD_0664	967	2229
13379339	373153.SPD_0461	967	1631
13379278	373153.SPD_0398	960	883
13380366	373153.SPD_1543	955	1924
13379730	373153.SPD_0878	953	783
13379197	373153.SPD_0310	952	3306
13379754	373153.SPD_0906	952	2336
13379126	373153.SPD_0238	945	3826
13379989	373153.SPD_1151	944	539
13380474	373153.SPD_1654	941	1309
13379291	373153.SPD_0411	941	918
13379257	373153.SPD_0377	937	2998
13379340	373153.SPD_0462	936	734
13380350	373153.SPD_1525	925	1720
13379592	373153.SPD_0730	925	1710
13380626	373153.SPD_1849	924	2050
13380772	373153.SPD_2017	923	2620
13379211	373153.SPD_0326	916	3028
13380813	373153.SPD_2063	916	1645
13380242	373153.SPD_1413	914	2670
13379263	373153.SPD_0383	912	2143
13380652	373153.SPD_1877	912	3060
13380254	373153.SPD_1427	910	350
13379384	373153.SPD_0512	906	4423
13380171	373153.SPD_1339	905	963
13380168	373153.SPD_1336	903	2018
13380690	373153.SPD_1932	899	4224
13380642	373153.SPD_1865	892	1857
13379137	373153.SPD_0249	888	2347
13379973	373153.SPD_1134	881	978
13379216	373153.SPD_0331	880	2125
13380034	373153.SPD_1197	879	2502
13380467	373153.SPD_1647	871	2597
13378969	373153.SPD_0077	867	1460
13379539	373153.SPD_0675	863	482
13380753	373153.SPD_1997	861	2549
13379366	373153.SPD_0490	857	389
13379942	373153.SPD_1101	857	1425
13379279	373153.SPD_0399	855	3058
13380310	373153.SPD_1484	852	1726
13379941	373153.SPD_1100	848	2606
13379259	373153.SPD_0379	845	1057
13379975	373153.SPD_1136	843	788
13380045	373153.SPD_1208	839	2029
13378933	373153.SPD_0039	835	812
13380287	373153.SPD_1461	827	1779
13380066	373153.SPD_1229	820	1648
13379553	373153.SPD_0689	819	4166
13380484	373153.SPD_1664	815	1124
13380144	373153.SPD_1308	809	1828
13379350	373153.SPD_0474	801	54
13380237	373153.SPD_1407	801	1231
13380140	373153.SPD_1304	798	3934
13380337	373153.SPD_1511	797	1839
13379718	373153.SPD_0866	796	2710
13380079	373153.SPD_1242	796	537
13380771	373153.SPD_2016	789	1719
13380583	373153.SPD_1791	784	1689
13380255	373153.SPD_1428	783	1395
13380441	373153.SPD_1619	782	2294
13379270	373153.SPD_0390	771	1255
13379258	373153.SPD_0378	770	1571
13379628	373153.SPD_0773	764	1877
13379609	373153.SPD_0749	762	1736
13379510	373153.SPD_0646	758	1342
13379972	373153.SPD_1133	756	1536
13380372	373153.SPD_1549	753	2061
13379881	373153.SPD_1037	749	5721
13379214	373153.SPD_0329	745	909
13379404	373153.SPD_0533	742	3151
13379896	373153.SPD_1052	741	1024
13379740	373153.SPD_0889	736	6112
13379826	373153.SPD_0980	735	1916
13379276	373153.SPD_0396	734	2133
13380463	373153.SPD_1643	734	1401
13379574	373153.SPD_0710	733	2896
13378911	373153.SPD_0007	732	170
13379268	373153.SPD_0388	732	2571
13380770	373153.SPD_2015	725	1442
13379151	373153.SPD_0263	724	819
13379524	373153.SPD_0660	724	1062
13379985	373153.SPD_1146	723	1374
13380247	373153.SPD_1418	721	1853
13379558	373153.SPD_0694	700	126
13380733	373153.SPD_1976	698	1435
13379627	373153.SPD_0772	696	1261
13380489	373153.SPD_1670	691	2090
13380087	373153.SPD_1250	691	1467
13379320	373153.SPD_0442	691	2579
13378995	373153.SPD_0104	686	418
13379749	373153.SPD_0901	686	1362
13380488	373153.SPD_1669	685	738
13379034	373153.SPD_0145	681	464
13379446	373153.SPD_0577	681	8287
13380530	373153.SPD_1737	681	1795
13380809	373153.SPD_2056	674	1563
13379379	373153.SPD_0506	674	3368
13380431	373153.SPD_1609	673	1548
13379939	373153.SPD_1098	661	3081
13380165	373153.SPD_1333	658	811
13379285	373153.SPD_0405	655	538
13379269	373153.SPD_0389	654	1250
13380569	373153.SPD_1777	654	1802
13379901	373153.SPD_1060	653	2758
13380197	373153.SPD_1367	653	2356
13380088	373153.SPD_1251	653	2509
13380210	373153.SPD_1380	652	2047
13379599	373153.SPD_0737	650	1238
13379449	373153.SPD_0580	648	1712
13379686	373153.SPD_0833	647	1936
13380708	373153.SPD_1950	646	1883
13379220	373153.SPD_0336	644	3178
13379571	373153.SPD_0707	641	944
13379260	373153.SPD_0380	640	744
13379665	373153.SPD_0812	640	1584
13379928	373153.SPD_1087	633	2087
13379904	373153.SPD_1063	631	920
13379205	373153.SPD_0320	630	1828
13379159	373153.SPD_0271	627	935
13379020	373153.SPD_0130	627	2830
13380217	373153.SPD_1387	623	921
13379070	373153.SPD_0181	621	674
13378935	373153.SPD_0041	619	1664
13379800	373153.SPD_0953	618	4417
13379292	373153.SPD_0412	618	2188
13379459	373153.SPD_0590	618	588
13380313	373153.SPD_1487	614	984
13379325	373153.SPD_0447	613	483
13378954	373153.SPD_0062	612	2468
13380523	373153.SPD_1729	608	803
13379202	373153.SPD_0317	600	842
13380509	373153.SPD_1713	600	951
13380381	373153.SPD_1558	599	98
13380226	373153.SPD_1396	599	1248
13380767	373153.SPD_2012	599	2487
13379066	373153.SPD_0177	598	1484
13380534	373153.SPD_1741	595	1218
13380756	373153.SPD_2000	592	427
13379073	373153.SPD_0184	588	390
13380557	373153.SPD_1765	588	1280
13379888	373153.SPD_1044	584	1011
13379154	373153.SPD_0266	584	972
13379425	373153.SPD_0554	581	1390
13379966	373153.SPD_1127	579	658
13379801	373153.SPD_0954	575	1187
13379874	373153.SPD_1030	573	1223
13380321	373153.SPD_1495	573	1587
13380203	373153.SPD_1373	570	1702
13379110	373153.SPD_0222	569	714
13380081	373153.SPD_1244	569	1445
13380368	373153.SPD_1545	568	1649
13379506	373153.SPD_0641	565	1172
13380188	373153.SPD_1357	564	2077
13379198	373153.SPD_0311	564	1955
13379947	373153.SPD_1107	560	1463
13379547	373153.SPD_0683	559	271
13380008	373153.SPD_1170	556	2060
13380170	373153.SPD_1338	556	744
13379019	373153.SPD_0129	555	2021
13379847	373153.SPD_1002	554	2705
13379418	373153.SPD_0547	553	1240
13379869	373153.SPD_1025	551	2168
13380147	373153.SPD_1311	548	881
13379970	373153.SPD_1131	547	3750
13379000	373153.SPD_0109	544	1028
13380240	373153.SPD_1411	543	1015
13380536	373153.SPD_1743	543	356
13380556	373153.SPD_1764	540	1885
13380125	373153.SPD_1289	540	737
13380161	373153.SPD_1329	539	486
13379195	373153.SPD_0308	533	3046
13380394	373153.SPD_1571	530	2043
13380353	373153.SPD_1528	530	869
13379813	373153.SPD_0967	528	1770
13380479	373153.SPD_1659	526	689
13380718	373153.SPD_1960	526	180
13379267	373153.SPD_0387	526	455
13380061	373153.SPD_1224	525	376
13379741	373153.SPD_0890	523	3311
13379676	373153.SPD_0823	522	1334
13379542	373153.SPD_0678	519	760
13380615	373153.SPD_1838	517	377
13380181	373153.SPD_1349	514	1604
13378906	373153.SPD_0002	509	1647
13380233	373153.SPD_1403	508	1811
13379586	373153.SPD_0723	508	645
13378922	373153.SPD_0027	508	674
13379387	373153.SPD_0515	508	1468
13379621	373153.SPD_0764	505	1497
13380246	373153.SPD_1417	503	620
13380075	373153.SPD_1238	503	1168
13380389	373153.SPD_1566	501	519
13379839	373153.SPD_0994	496	1110
13379017	373153.SPD_0127	494	1489
13379862	373153.SPD_1018	494	5692
13379759	373153.SPD_0911	493	1219
13380371	373153.SPD_1548	493	945
13379430	373153.SPD_0560	490	526
13380638	373153.SPD_1861	485	166
13380221	373153.SPD_1391	482	980
13379602	373153.SPD_0740	480	1788
13378982	373153.SPD_0090	478	1281
13379761	373153.SPD_0913	477	1008
13380129	373153.SPD_1293	476	337
13379943	373153.SPD_1102	476	681
13380345	373153.SPD_1520	470	608
13378937	373153.SPD_0043	470	924
13379203	373153.SPD_0318	470	707
13379822	373153.SPD_0976	469	681
13380480	373153.SPD_1660	466	1251
13379527	373153.SPD_0663	465	1312
13380238	373153.SPD_1408	464	783
13379902	373153.SPD_1061	461	793
13379247	373153.SPD_0367	460	406
13379522	373153.SPD_0658	459	953
13379707	373153.SPD_0855	457	476
13380027	373153.SPD_1190	450	1434
13379341	373153.SPD_0463	450	358
13380229	373153.SPD_1399	449	1620
13380521	373153.SPD_1727	449	569
13380720	373153.SPD_1962	446	1030
13379225	373153.SPD_0342	443	1044
13380396	373153.SPD_1573	443	951
13379565	373153.SPD_0701	442	684
13379048	373153.SPD_0159	439	458
13379049	373153.SPD_0160	434	415
13379897	373153.SPD_1053	433	415
13380361	373153.SPD_1537	431	1141
13379131	373153.SPD_0243	430	609
13380784	373153.SPD_2029	427	380
13379750	373153.SPD_0902	425	1542
13379525	373153.SPD_0661	425	1834
13379289	373153.SPD_0409	421	1345
13380377	373153.SPD_1554	420	367
13379068	373153.SPD_0179	420	552
13380166	373153.SPD_1334	418	320
13380042	373153.SPD_1205	414	1342
13379503	373153.SPD_0637	413	95
13379042	373153.SPD_0153	410	1201
13379209	373153.SPD_0324	409	1168
13379344	373153.SPD_0466	407	323
13379193	373153.SPD_0306	404	1887
13380507	373153.SPD_1711	403	375
13380256	373153.SPD_1429	402	311
13379004	373153.SPD_0114	401	361
13379806	373153.SPD_0959	398	239
13380430	373153.SPD_1608	396	682
13380780	373153.SPD_2025	396	954
13379207	373153.SPD_0322	393	925
13380472	373153.SPD_1652	392	619
13380586	373153.SPD_1794	388	1049
13379918	373153.SPD_1077	387	2214
13380212	373153.SPD_1382	387	695
13379637	373153.SPD_0782	385	1472
13380554	373153.SPD_1762	381	679
13380250	373153.SPD_1423	380	542
13380510	373153.SPD_1714	377	369
13379228	373153.SPD_0345	377	979
13380798	373153.SPD_2045	377	637
13379632	373153.SPD_0777	377	1185
13380132	373153.SPD_1296	376	629
13379868	373153.SPD_1024	375	971
13379580	373153.SPD_0717	374	2258
13380130	373153.SPD_1294	374	247
13380342	373153.SPD_1517	373	391
13380777	373153.SPD_2022	372	2273
13379448	373153.SPD_0579	371	923
13380462	373153.SPD_1642	370	1158
13379520	373153.SPD_0656	369	598
13380585	373153.SPD_1793	369	467
13379076	373153.SPD_0187	366	1844
13379917	373153.SPD_1076	365	647
13379600	373153.SPD_0738	362	367
13379230	373153.SPD_0347	358	491
13380033	373153.SPD_1196	357	749
13379969	373153.SPD_1130	355	756
13380432	373153.SPD_1610	355	667
13379420	373153.SPD_0549	354	552
13380734	373153.SPD_1977	353	849
13379535	373153.SPD_0671	347	1192
13379647	373153.SPD_0792	346	504
13380691	373153.SPD_1933	345	762
13379206	373153.SPD_0321	344	947
13380567	373153.SPD_1775	343	1178
13379965	373153.SPD_1126	336	686
13379716	373153.SPD_0864	335	485
13379907	373153.SPD_1066	335	146
13380114	373153.SPD_1278	334	485
13380658	373153.SPD_1899	334	487
13379002	373153.SPD_0111	334	869
13380349	373153.SPD_1524	333	337
13379489	373153.SPD_0623	333	726
13379133	373153.SPD_0245	331	1241
13379273	373153.SPD_0393	331	222
13380218	373153.SPD_1388	330	576
13380365	373153.SPD_1542	329	1389
13379063	373153.SPD_0174	329	202
13380614	373153.SPD_1837	328	450
13379332	373153.SPD_0454	327	1470
13379626	373153.SPD_0771	327	630
13380419	373153.SPD_1597	326	564
13380649	373153.SPD_1874	326	759
13379715	373153.SPD_0863	326	129
13379745	373153.SPD_0896	325	170
13380382	373153.SPD_1559	324	976
13379584	373153.SPD_0721	321	543
13380223	373153.SPD_1393	320	708
13380457	373153.SPD_1636	320	671
13380680	373153.SPD_1922	320	975
13380522	373153.SPD_1728	320	366
13378905	373153.SPD_0001	318	1029
13380565	373153.SPD_1773	316	437
13378991	373153.SPD_0099	316	1417
13379961	373153.SPD_1122	314	582
13379669	373153.SPD_0816	312	603
13380803	373153.SPD_2050	312	395
13379353	373153.SPD_0477	310	529
13379933	373153.SPD_1092	309	289
13380173	373153.SPD_1341	307	199
13379713	373153.SPD_0861	305	183
13379365	373153.SPD_0489	305	228
13379680	373153.SPD_0827	304	261
13380761	373153.SPD_2005	304	750
13379622	373153.SPD_0765	301	287
13380213	373153.SPD_1383	301	1291
13380650	373153.SPD_1875	299	506
13380379	373153.SPD_1556	296	574
13380309	373153.SPD_1483	295	1020
13379611	373153.SPD_0751	293	397
13379723	373153.SPD_0871	292	320
13379454	373153.SPD_0585	291	383
13379532	373153.SPD_0668	290	342
13380580	373153.SPD_1788	290	637
13378932	373153.SPD_0038	289	1858
13379407	373153.SPD_0536	287	575
13379841	373153.SPD_0996	282	710
13379737	373153.SPD_0886	281	496
13379757	373153.SPD_0909	280	193
13379109	373153.SPD_0220	278	220
13379727	373153.SPD_0875	278	553
13379352	373153.SPD_0476	278	714
13379668	373153.SPD_0815	276	586
13380222	373153.SPD_1392	276	407
13379959	373153.SPD_1120	276	1254
13379342	373153.SPD_0464	275	491
13380755	373153.SPD_1999	274	442
13380046	373153.SPD_1209	273	810
13380126	373153.SPD_1290	272	539
13379903	373153.SPD_1062	270	1209
13379455	373153.SPD_0586	266	711
13380348	373153.SPD_1523	263	148
13380399	373153.SPD_1576	260	262
13380465	373153.SPD_1645	257	186
13380145	373153.SPD_1309	255	855
13379843	373153.SPD_0998	255	1182
13380423	373153.SPD_1601	255	309
13380312	373153.SPD_1486	251	926
13379551	373153.SPD_0687	251	414
13379991	373153.SPD_1153	250	585
13379251	373153.SPD_0371	250	1123
13380449	373153.SPD_1628	247	386
13379624	373153.SPD_0767	247	680
13379204	373153.SPD_0319	246	745
13379295	373153.SPD_0417	245	406
13380355	373153.SPD_1531	244	662
13380245	373153.SPD_1416	244	775
13379819	373153.SPD_0973	243	1625
13380572	373153.SPD_1780	243	443
13379411	373153.SPD_0540	242	499
13380339	373153.SPD_1514	241	319
13379346	373153.SPD_0468	240	610
13379641	373153.SPD_0786	240	177
13379872	373153.SPD_1028	239	317
13379664	373153.SPD_0811	238	492
13380783	373153.SPD_2028	237	639
13379067	373153.SPD_0178	237	170
13379450	373153.SPD_0581	237	475
13380346	373153.SPD_1521	234	459
13379871	373153.SPD_1027	234	525
13380039	373153.SPD_1202	233	680
13379852	373153.SPD_1007	232	692
13380330	373153.SPD_1504	231	1552
13379560	373153.SPD_0696	230	133
13379059	373153.SPD_0170	230	260
13379354	373153.SPD_0478	229	334
13379394	373153.SPD_0522	228	387
13379899	373153.SPD_1057	228	267
13379656	373153.SPD_0802	228	1093
13379521	373153.SPD_0657	227	432
13379924	373153.SPD_1083	226	423
13379913	373153.SPD_1072	225	610
13380211	373153.SPD_1381	224	168
13380533	373153.SPD_1740	223	553
13380574	373153.SPD_1782	222	579
13379774	373153.SPD_0926	222	452
13380478	373153.SPD_1658	221	257
13379224	373153.SPD_0341	221	750
13379155	373153.SPD_0267	220	375
13379498	373153.SPD_0632	219	373
13379878	373153.SPD_1034	219	219
13380383	373153.SPD_1560	217	233
13379820	373153.SPD_0974	216	331
13378993	373153.SPD_0102	215	399
13380661	373153.SPD_1902	215	615
13379476	373153.SPD_0609	214	367
13380385	373153.SPD_1562	214	186
13379001	373153.SPD_0110	212	394
13379923	373153.SPD_1082	211	183
13380613	373153.SPD_1836	209	229
13379929	373153.SPD_1088	208	355
13378925	373153.SPD_0030	208	344
13379671	373153.SPD_0818	208	363
13379515	373153.SPD_0651	207	168
13380275	373153.SPD_1448	205	246
13379453	373153.SPD_0584	205	635
13379827	373153.SPD_0981	205	239
13379372	373153.SPD_0496	202	455
13380570	373153.SPD_1778	201	577
13380264	373153.SPD_1437	201	367
13379333	373153.SPD_0455	200	1135
13379675	373153.SPD_0822	199	540
13379728	373153.SPD_0876	199	188
13379191	373153.SPD_0304	196	336
13379071	373153.SPD_0182	195	47
13380814	373153.SPD_2064	193	565
13379678	373153.SPD_0825	192	337
13379673	373153.SPD_0820	191	346
13379838	373153.SPD_0993	191	74
13379431	373153.SPD_0561	190	347
13380038	373153.SPD_1201	190	411
13379041	373153.SPD_0152	188	611
13379731	373153.SPD_0879	187	339
13380003	373153.SPD_1165	186	226
13379691	373153.SPD_0838	185	520
13379256	373153.SPD_0376	184	83
13380231	373153.SPD_1401	184	248
13380190	373153.SPD_1359	183	741
13380640	373153.SPD_1863	182	572
13379937	373153.SPD_1096	182	860
13379974	373153.SPD_1135	180	283
13379200	373153.SPD_0315	180	500
13380778	373153.SPD_2023	178	244
13380662	373153.SPD_1903	178	975
13379174	373153.SPD_0286	177	70
13379705	373153.SPD_0853	176	998
13379729	373153.SPD_0877	176	130
13379026	373153.SPD_0136	174	407
13379072	373153.SPD_0183	174	250
13379519	373153.SPD_0655	173	282
13379870	373153.SPD_1026	173	372
13380215	373153.SPD_1385	172	843
13379666	373153.SPD_0813	171	405
13379568	373153.SPD_0704	171	517
13380235	373153.SPD_1405	171	299
13380013	373153.SPD_1176	170	234
13379909	373153.SPD_1068	170	283
13380683	373153.SPD_1925	168	776
13380311	373153.SPD_1485	168	225
13380785	373153.SPD_2030	168	542
13379160	373153.SPD_0272	167	309
13379445	373153.SPD_0576	167	288
13380262	373153.SPD_1435	167	206
13379944	373153.SPD_1103	167	352
13380054	373153.SPD_1217	167	106
13379725	373153.SPD_0873	166	386
13380444	373153.SPD_1622	166	614
13379405	373153.SPD_0534	165	300
13379815	373153.SPD_0969	164	507
13380508	373153.SPD_1712	164	298
13380122	373153.SPD_1286	164	354
13378976	373153.SPD_0084	163	153
13380464	373153.SPD_1644	161	150
13380417	373153.SPD_1595	161	326
13379469	373153.SPD_0600	161	297
13380225	373153.SPD_1395	160	385
13379714	373153.SPD_0862	160	832
13380182	373153.SPD_1350	160	219
13380631	373153.SPD_1854	159	195
13380352	373153.SPD_1527	158	426
13378955	373153.SPD_0063	158	1391
13380571	373153.SPD_1779	158	290
13378966	373153.SPD_0074	158	324
13379719	373153.SPD_0867	155	267
13379157	373153.SPD_0269	154	375
13380775	373153.SPD_2020	154	239
13379979	373153.SPD_1140	153	307
13379927	373153.SPD_1086	153	393
13379054	373153.SPD_0165	153	579
13379065	373153.SPD_0176	153	951
13380644	373153.SPD_1867	152	332
13380044	373153.SPD_1207	152	416
13379631	373153.SPD_0776	151	437
13380712	373153.SPD_1954	151	116
13380599	373153.SPD_1821	150	840
13379128	373153.SPD_0240	150	78
13378994	373153.SPD_0103	149	170
13379747	373153.SPD_0898	149	74
13379557	373153.SPD_0693	149	406
13379762	373153.SPD_0914	149	570
13379812	373153.SPD_0965	147	32
13379173	373153.SPD_0285	147	944
13378949	373153.SPD_0057	147	462
13380284	373153.SPD_1458	147	886
13379227	373153.SPD_0344	146	239
13379188	373153.SPD_0301	146	339
13378951	373153.SPD_0059	146	161
13379617	373153.SPD_0760	145	478
13380502	373153.SPD_1706	145	211
13379642	373153.SPD_0787	144	722
13380072	373153.SPD_1235	144	52
13379512	373153.SPD_0648	144	197
13379722	373153.SPD_0870	144	204
13380418	373153.SPD_1596	143	219
13379356	373153.SPD_0480	143	95
13379681	373153.SPD_0828	142	225
13380667	373153.SPD_1908	138	157
13379165	373153.SPD_0277	138	440
13379604	373153.SPD_0742	138	190
13380451	373153.SPD_1630	137	229
13378973	373153.SPD_0081	136	267
13378934	373153.SPD_0040	136	207
13378985	373153.SPD_0093	136	307
13379877	373153.SPD_1033	134	173
13379062	373153.SPD_0173	134	455
13379064	373153.SPD_0175	134	278
13378958	373153.SPD_0066	133	95
13379689	373153.SPD_0836	133	288
13379552	373153.SPD_0688	131	241
13379235	373153.SPD_0352	131	259
13379854	373153.SPD_1010	130	67
13380148	373153.SPD_1312	129	315
13380483	373153.SPD_1663	129	526
13379984	373153.SPD_1145	128	405
13379616	373153.SPD_0759	126	202
13379608	373153.SPD_0748	125	661
13379930	373153.SPD_1089	125	264
13379690	373153.SPD_0837	124	79
13380163	373153.SPD_1331	124	366
13380084	373153.SPD_1247	122	372
13379499	373153.SPD_0633	122	118
13379336	373153.SPD_0458	122	368
13379906	373153.SPD_1065	122	213
13380723	373153.SPD_1965	121	634
13380036	373153.SPD_1199	121	204
13380579	373153.SPD_1787	120	211
13379457	373153.SPD_0588	120	305
13379582	373153.SPD_0719	119	184
13380439	373153.SPD_1617	119	542
13379543	373153.SPD_0679	117	207
13380323	373153.SPD_1497	117	382
13380010	373153.SPD_1172	117	382
13378942	373153.SPD_0050	117	241
13380696	373153.SPD_1938	117	293
13379677	373153.SPD_0824	116	190
13380535	373153.SPD_1742	116	199
13379284	373153.SPD_0404	115	336
13380137	373153.SPD_1301	114	139
13379835	373153.SPD_0990	114	60
13380563	373153.SPD_1771	114	251
13380442	373153.SPD_1620	113	196
13380443	373153.SPD_1621	112	481
13380694	373153.SPD_1936	112	184
13379908	373153.SPD_1067	112	410
13379934	373153.SPD_1093	111	150
13379417	373153.SPD_0546	111	216
13380073	373153.SPD_1236	111	77
13380653	373153.SPD_1878	110	397
13379825	373153.SPD_0979	110	248
13379945	373153.SPD_1104	109	952
13379322	373153.SPD_0444	109	1021
13379500	373153.SPD_0634	109	47
13379102	373153.SPD_0213	108	248
13379005	373153.SPD_0115	108	360
13380004	373153.SPD_1166	108	320
13379345	373153.SPD_0467	107	79
13379971	373153.SPD_1132	107	160
13380376	373153.SPD_1553	107	128
13379023	373153.SPD_0133	106	22
13380040	373153.SPD_1203	105	206
13379395	373153.SPD_0523	104	269
13380701	373153.SPD_1943	104	70
13380606	373153.SPD_1829	103	147
13380559	373153.SPD_1767	102	155
13380263	373153.SPD_1436	102	555
13379382	373153.SPD_0510	101	521
13380736	373153.SPD_1979	99.9	309
13379050	373153.SPD_0161	99.5	282
13379501	373153.SPD_0635	99.1	296
13379858	373153.SPD_1014	99.1	162
13379710	373153.SPD_0858	98.9	186
13380041	373153.SPD_1204	98.2	124
13380283	373153.SPD_1457	96.7	100
13380588	373153.SPD_1796	96.5	119
13380659	373153.SPD_1900	96.5	380
13379312	373153.SPD_0434	96.5	329
13380410	373153.SPD_1588	95.4	126
13379429	373153.SPD_0559	95.1	118
13380334	373153.SPD_1508	94.3	188
13380513	373153.SPD_1717	93.3	112
13380138	373153.SPD_1302	92.5	244
13379481	373153.SPD_0614	91.9	121
13380573	373153.SPD_1781	91.5	252
13379895	373153.SPD_1051	90.9	180
13380099	373153.SPD_1263	90.4	364
13379078	373153.SPD_0189	90.4	91
13380162	373153.SPD_1330	90.1	128
13379682	373153.SPD_0829	90.0	92
13378941	373153.SPD_0049	89.8	365
13380208	373153.SPD_1378	89.5	154
13379129	373153.SPD_0241	89.1	270
13379024	373153.SPD_0134	88.7	164
13380080	373153.SPD_1243	87.5	252
13379706	373153.SPD_0854	86.0	360
13379905	373153.SPD_1064	84.6	126
13380216	373153.SPD_1386	84.6	194
13380185	373153.SPD_1353	84.5	192
13379704	373153.SPD_0852	84.5	190
13379603	373153.SPD_0741	84.5	157
13380695	373153.SPD_1937	83.7	47
13379468	373153.SPD_0599	83.1	271
13378943	373153.SPD_0051	81.8	198
13380395	373153.SPD_1572	81.5	140
13380663	373153.SPD_1904	79.9	101
13379125	373153.SPD_0237	79.6	230
13379075	373153.SPD_0186	79.4	110
13379875	373153.SPD_1031	79.1	102
13379752	373153.SPD_0904	79.1	85
13379957	373153.SPD_1118	77.6	129
13380806	373153.SPD_2053	77.6	44
13380679	373153.SPD_1921	77.2	112
13379456	373153.SPD_0587	77.0	181
13380058	373153.SPD_1221	76.6	148
13380758	373153.SPD_2002	76.4	251
13379890	373153.SPD_1046	76.3	274
13379639	373153.SPD_0784	76.3	776
13379803	373153.SPD_0956	75.5	132
13380116	373153.SPD_1280	75.0	172
13379432	373153.SPD_0562	74.5	994
13380422	373153.SPD_1600	74.3	163
13379674	373153.SPD_0821	73.8	257
13379406	373153.SPD_0535	73.8	259
13379753	373153.SPD_0905	73.8	111
13379579	373153.SPD_0716	73.7	161
13380005	373153.SPD_1167	73.2	375
13379663	373153.SPD_0809	73.0	263
13379138	373153.SPD_0250	72.1	554
13380499	373153.SPD_1680	71.9	137
13379509	373153.SPD_0645	71.8	180
13380787	373153.SPD_2032	71.7	352
13380408	373153.SPD_1586	71.5	230
13380265	373153.SPD_1438	70.5	46
13379920	373153.SPD_1079	70.5	439
13379572	373153.SPD_0708	70.1	74
13379545	373153.SPD_0681	70.1	60
13379252	373153.SPD_0372	69.6	104
13379488	373153.SPD_0622	69.5	138
13380435	373153.SPD_1613	69.5	225
13379585	373153.SPD_0722	69.4	116
13380481	373153.SPD_1661	69.2	175
13379629	373153.SPD_0774	69.0	375
13380204	373153.SPD_1374	68.8	72
13379864	373153.SPD_1020	68.5	103
13380693	373153.SPD_1935	68.4	138
13379778	373153.SPD_0930	67.3	57
13379766	373153.SPD_0918	66.9	102
13379442	373153.SPD_0573	66.8	169
13380538	373153.SPD_1745	65.9	177
13380195	373153.SPD_1365	65.8	138
13379119	373153.SPD_0231	65.4	232
13379248	373153.SPD_0368	65.2	138
13379452	373153.SPD_0583	64.6	148
13379080	373153.SPD_0191	64.5	100
13379597	373153.SPD_0735	64.1	100
13379294	373153.SPD_0414	63.5	210
13378944	373153.SPD_0052	63.4	548
13378938	373153.SPD_0044	63.3	23
13379828	373153.SPD_0982	63.0	105
13379658	373153.SPD_0804	62.6	139
13380095	373153.SPD_1258	62.3	235
13380453	373153.SPD_1632	62.2	43
13379475	373153.SPD_0608	62.1	98
13379410	373153.SPD_0539	61.1	128
13380360	373153.SPD_1536	60.6	180
13380455	373153.SPD_1634	60.6	161
13380049	373153.SPD_1212	60.4	151
13379563	373153.SPD_0699	60.4	35
13380791	373153.SPD_2036	60.3	106
13380590	373153.SPD_1798	60.3	115
13379386	373153.SPD_0514	59.6	132
13379921	373153.SPD_1080	59.6	252
13379118	373153.SPD_0230	59.4	111
13380625	373153.SPD_1848	59.3	61
13379946	373153.SPD_1105	59.0	107
13380685	373153.SPD_1927	59.0	354
13380292	373153.SPD_1466	58.5	115
13380429	373153.SPD_1607	58.2	155
13380609	373153.SPD_1832	58.0	61
13380098	373153.SPD_1262	57.8	144
13378940	373153.SPD_0047	57.8	18
13380276	373153.SPD_1449	57.5	112
13379808	373153.SPD_0961	57.4	160
13380424	373153.SPD_1602	56.7	217
13378963	373153.SPD_0071	56.7	78
13380070	373153.SPD_1233	56.6	157
13380403	373153.SPD_1580	56.6	207
13379517	373153.SPD_0653	56.3	70
13379853	373153.SPD_1008	55.9	198
13379308	373153.SPD_0430	54.7	195
13380100	373153.SPD_1264	53.0	202
13379876	373153.SPD_1032	52.9	81
13379672	373153.SPD_0819	52.7	69
13380654	373153.SPD_1895	52.3	39
13380101	373153.SPD_1265	52.3	47
13380009	373153.SPD_1171	52.2	86
13380243	373153.SPD_1414	52.2	87
13379548	373153.SPD_0684	52.0	29
13379331	373153.SPD_0453	52.0	273
13379375	373153.SPD_0502	51.4	128
13379925	373153.SPD_1084	51.2	195
13380818	373153.SPD_2069	51.1	104
13378910	373153.SPD_0006	50.9	449
13379977	373153.SPD_1138	50.8	92
13379931	373153.SPD_1090	50.7	37
13378946	373153.SPD_0054	50.3	94
13379447	373153.SPD_0578	49.8	250
13380076	373153.SPD_1239	49.8	136
13379396	373153.SPD_0524	49.7	80
13380773	373153.SPD_2018	49.5	67
13380347	373153.SPD_1522	49.5	117
13380628	373153.SPD_1851	49.3	28
13379426	373153.SPD_0555	49.0	95
13378974	373153.SPD_0082	49.0	103
13380164	373153.SPD_1332	48.8	129
13379829	373153.SPD_0983	48.6	93
13378950	373153.SPD_0058	48.3	138
13380192	373153.SPD_1362	48.0	38
13379667	373153.SPD_0814	47.9	132
13380576	373153.SPD_1784	47.5	60
13380400	373153.SPD_1577	47.5	26
13380782	373153.SPD_2027	46.8	40
13380703	373153.SPD_1945	46.7	57
13379530	373153.SPD_0666	45.5	131
13379860	373153.SPD_1016	45.0	397
13380067	373153.SPD_1230	44.7	63
13380335	373153.SPD_1509	44.7	43
13380277	373153.SPD_1450	44.3	67
13379982	373153.SPD_1143	44.2	52
13380578	373153.SPD_1786	44.2	113
13379219	373153.SPD_0335	44.0	530
13379037	373153.SPD_0148	44.0	72
13379980	373153.SPD_1141	43.9	82
13379229	373153.SPD_0346	43.8	112
13380364	373153.SPD_1541	43.4	110
13379409	373153.SPD_0538	42.9	152
13379968	373153.SPD_1129	42.3	97
13380196	373153.SPD_1366	42.1	40
13380421	373153.SPD_1599	41.9	79
13379403	373153.SPD_0532	41.7	244
13380304	373153.SPD_1478	41.7	78
13380500	373153.SPD_1704	41.4	122
13380553	373153.SPD_1761	41.3	80
13380086	373153.SPD_1249	40.7	75
13380285	373153.SPD_1459	40.7	36
13379036	373153.SPD_0147	40.6	65
13379018	373153.SPD_0128	40.4	43
13380358	373153.SPD_1534	40.4	172
13380261	373153.SPD_1434	39.9	56
13379612	373153.SPD_0752	39.7	50
13379145	373153.SPD_0257	39.0	17
13379983	373153.SPD_1144	39.0	33
13380037	373153.SPD_1200	38.9	96
13378924	373153.SPD_0029	38.8	132
13380007	373153.SPD_1169	38.6	62
13380029	373153.SPD_1192	38.1	142
13379799	373153.SPD_0952	37.9	113
13380273	373153.SPD_1446	37.7	59
13379936	373153.SPD_1095	37.6	58
13380014	373153.SPD_1177	37.3	96
13380332	373153.SPD_1506	37.2	104
13378984	373153.SPD_0092	37.2	106
13378959	373153.SPD_0067	37.1	50
13380729	373153.SPD_1971	36.9	252
13379840	373153.SPD_0995	36.7	51
13378907	373153.SPD_0003	36.3	12
13378999	373153.SPD_0108	36.0	45
13380343	373153.SPD_1518	35.8	85
13380315	373153.SPD_1489	35.6	107
13379231	373153.SPD_0348	35.5	150
13380077	373153.SPD_1240	35.1	106
13379477	373153.SPD_0610	35.1	41
13379238	373153.SPD_0357	34.7	71
13379458	373153.SPD_0589	34.5	10
13380028	373153.SPD_1191	34.5	111
13379695	373153.SPD_0843	34.2	49
13378909	373153.SPD_0005	34.2	56
13380511	373153.SPD_1715	33.4	33
13380730	373153.SPD_1972	33.3	63
13380052	373153.SPD_1215	33.2	128
13378952	373153.SPD_0060	32.5	88
13380491	373153.SPD_1672	32.4	100
13379755	373153.SPD_0907	32.4	76
13378992	373153.SPD_0101	31.8	53
13379047	373153.SPD_0158	31.8	102
13379804	373153.SPD_0957	31.7	132
13380735	373153.SPD_1978	31.6	68
13378931	373153.SPD_0037	30.6	21
13380001	373153.SPD_1163	30.5	97
13380434	373153.SPD_1612	30.5	62
13379376	373153.SPD_0503	30.2	92
13379960	373153.SPD_1121	30.2	63
13379208	373153.SPD_0323	30.0	63
13379148	373153.SPD_0260	29.9	52
13380006	373153.SPD_1168	29.7	29
13378960	373153.SPD_0068	29.3	49
13380341	373153.SPD_1516	29.1	51
13379958	373153.SPD_1119	29.1	33
13379649	373153.SPD_0795	28.9	17
13378921	373153.SPD_0025	28.8	29
13379329	373153.SPD_0451	28.7	158
13379301	373153.SPD_0423	28.2	71
13379511	373153.SPD_0647	28.2	45
13379561	373153.SPD_0697	28.1	42
13380068	373153.SPD_1231	28.0	41
13379807	373153.SPD_0960	28.0	79
13379892	373153.SPD_1048	28.0	29
13379364	373153.SPD_0488	27.7	68
13379443	373153.SPD_0574	27.6	65
13380257	373153.SPD_1430	27.5	11
13379850	373153.SPD_1005	27.2	146
13379347	373153.SPD_0469	27.1	80
13380561	373153.SPD_1769	27.0	29
13379135	373153.SPD_0247	27.0	104
13379246	373153.SPD_0366	26.6	136
13380466	373153.SPD_1646	26.4	23
13380369	373153.SPD_1546	26.2	147
13379891	373153.SPD_1047	26.2	88
13379814	373153.SPD_0968	26.1	34
13380716	373153.SPD_1958	25.7	41
13380071	373153.SPD_1234	25.5	44
13379022	373153.SPD_0132	25.4	8
13380752	373153.SPD_1996	25.3	55
13380322	373153.SPD_1496	24.4	61
13379127	373153.SPD_0239	24.1	24
13379232	373153.SPD_0349	24.1	84
13380799	373153.SPD_2046	23.4	52
13380183	373153.SPD_1351	23.3	182
13379201	373153.SPD_0316	23.1	60
13380093	373153.SPD_1256	23.0	82
13379956	373153.SPD_1117	22.4	30
13380804	373153.SPD_2051	22.1	51
13380096	373153.SPD_1260	22.0	44
13380367	373153.SPD_1544	21.5	92
13378968	373153.SPD_0076	21.2	59
13380214	373153.SPD_1384	21.2	39
13379194	373153.SPD_0307	21.1	27
13380669	373153.SPD_1910	21.0	48
13378990	373153.SPD_0098	20.9	57
13378986	373153.SPD_0094	20.6	33
13380388	373153.SPD_1565	20.6	14
13379389	373153.SPD_0517	20.3	56
13380558	373153.SPD_1766	20.1	21
13379178	373153.SPD_0291	19.9	28
13379309	373153.SPD_0431	19.2	56
13379711	373153.SPD_0859	19.2	27
13380333	373153.SPD_1507	18.8	113
13380603	373153.SPD_1826	18.1	43
13379821	373153.SPD_0975	18.1	35
13380374	373153.SPD_1551	17.9	13
13379569	373153.SPD_0705	17.6	138
13380668	373153.SPD_1909	17.5	47
13380047	373153.SPD_1210	17.4	30
13380128	373153.SPD_1292	17.3	16
13380687	373153.SPD_1929	17.3	34
13379321	373153.SPD_0443	17.1	50
13379179	373153.SPD_0292	17.0	40
13380610	373153.SPD_1833	16.7	16
13379724	373153.SPD_0872	16.7	15
13380302	373153.SPD_1476	16.3	7
13379315	373153.SPD_0437	16.1	30
13380314	373153.SPD_1488	16.1	27
13380224	373153.SPD_1394	16.0	33
13379035	373153.SPD_0146	15.9	21
13379143	373153.SPD_0255	15.9	14
13379414	373153.SPD_0543	15.8	23
13379393	373153.SPD_0521	15.7	36
13379935	373153.SPD_1094	15.6	26
13380678	373153.SPD_1920	15.6	28
13379349	373153.SPD_0473	15.6	12
13379976	373153.SPD_1137	15.5	65
13378961	373153.SPD_0069	15.4	7
13380717	373153.SPD_1959	15.3	21
13380805	373153.SPD_2052	15.1	60
13379003	373153.SPD_0112	15.1	36
13379844	373153.SPD_0999	15.0	27
13380319	373153.SPD_1493	15.0	22
13380375	373153.SPD_1552	14.9	33
13380812	373153.SPD_2060	14.6	18
13380089	373153.SPD_1252	14.5	10
13379437	373153.SPD_0568	14.5	5
13380359	373153.SPD_1535	14.4	37
13380728	373153.SPD_1970	14.4	20
13379859	373153.SPD_1015	14.1	135
13379158	373153.SPD_0270	14.0	38
13380673	373153.SPD_1914	13.9	31
13379651	373153.SPD_0797	13.8	29
13380705	373153.SPD_1947	13.3	5
13380387	373153.SPD_1564	13.1	16
13379779	373153.SPD_0931	13.1	26
13380774	373153.SPD_2019	13.0	37
13380555	373153.SPD_1763	12.8	5
13379343	373153.SPD_0465	12.2	22
13379736	373153.SPD_0885	12.1	17
13380706	373153.SPD_1948	12.0	17
13379124	373153.SPD_0236	11.5	13
13379314	373153.SPD_0436	11.4	13
13379378	373153.SPD_0505	11.2	20
13380458	373153.SPD_1637	11.1	9
13380607	373153.SPD_1830	11.0	44
13379518	373153.SPD_0654	10.9	13
13380035	373153.SPD_1198	10.9	50
13380608	373153.SPD_1831	10.8	20
13380320	373153.SPD_1494	10.6	20
13379123	373153.SPD_0235	10.5	45
13379738	373153.SPD_0887	10.4	10
13380715	373153.SPD_1957	10.4	18
13380111	373153.SPD_1275	10.4	18
13379893	373153.SPD_1049	10.3	25
13379494	373153.SPD_0628	10.2	23
13379703	373153.SPD_0851	9.84	11
13380236	373153.SPD_1406	9.83	30
13379427	373153.SPD_0556	9.7	15
13380115	373153.SPD_1279	9.67	11
13379773	373153.SPD_0925	9.58	20
13379121	373153.SPD_0233	9.55	8
13379949	373153.SPD_1109	9.41	49
13379056	373153.SPD_0167	9.28	35
13379363	373153.SPD_0487	9.12	7
13379760	373153.SPD_0912	9.04	7
13378953	373153.SPD_0061	8.93	3
13380251	373153.SPD_1424	8.86	14
13379692	373153.SPD_0839	8.62	8
13379578	373153.SPD_0715	8.56	24
13378945	373153.SPD_0053	8.56	30
13379630	373153.SPD_0775	8.34	8
13379419	373153.SPD_0548	8.3	10
13380636	373153.SPD_1859	8.29	3
13380253	373153.SPD_1426	8.1	10
13380340	373153.SPD_1515	8.05	11
13379570	373153.SPD_0706	8.03	9
13380593	373153.SPD_1801	8.02	24
13380637	373153.SPD_1860	7.74	4
13380766	373153.SPD_2011	7.59	13
13380062	373153.SPD_1225	7.53	27
13379250	373153.SPD_0370	7.37	10
13380363	373153.SPD_1540	7.31	11
13380420	373153.SPD_1598	7.27	6
13380548	373153.SPD_1755	7.16	11
13380698	373153.SPD_1940	7.13	8
13380356	373153.SPD_1532	6.99	14
13380393	373153.SPD_1570	6.94	10
13380790	373153.SPD_2035	6.84	25
13378972	373153.SPD_0080	6.81	45
13379324	373153.SPD_0446	6.7	8
13380055	373153.SPD_1218	6.55	15
13379595	373153.SPD_0733	6.54	15
13380646	373153.SPD_1869	6.48	10
13378918	373153.SPD_0014	6.37	13
13380596	373153.SPD_1818	6.37	13
13380016	373153.SPD_1179	6.08	48
13379444	373153.SPD_0575	6.03	21
13380600	373153.SPD_1822	5.99	16
13379192	373153.SPD_0305	5.92	5
13380634	373153.SPD_1857	5.8	4
13379865	373153.SPD_1021	5.58	26
13379679	373153.SPD_0826	5.46	8
13380577	373153.SPD_1785	5.33	26
13379171	373153.SPD_0283	5.31	10
13380760	373153.SPD_2004	5.3	8
13379744	373153.SPD_0895	5.21	10
13380547	373153.SPD_1754	4.94	6
13380113	373153.SPD_1277	4.93	15
13380727	373153.SPD_1969	4.85	26
13380090	373153.SPD_1253	4.82	3
13379873	373153.SPD_1029	4.81	7
13380741	373153.SPD_1985	4.8	13
13380051	373153.SPD_1214	4.74	12
13379556	373153.SPD_0692	4.7	9
13380180	373153.SPD_1348	4.68	4
13380564	373153.SPD_1772	4.6	2
13380514	373153.SPD_1718	4.55	5
13379408	373153.SPD_0537	4.52	9
13380604	373153.SPD_1827	4.4	9
13380496	373153.SPD_1677	4.35	13
13380779	373153.SPD_2024	4.26	9
13378987	373153.SPD_0095	4.13	4
13380189	373153.SPD_1358	4.04	13
13379388	373153.SPD_0516	4.0	4
13379438	373153.SPD_0569	3.98	9
13380378	373153.SPD_1555	3.97	6
13380398	373153.SPD_1575	3.97	11
13378914	373153.SPD_0010	3.91	13
13380427	373153.SPD_1605	3.86	7
13379659	373153.SPD_0805	3.74	15
13380816	373153.SPD_2067	3.48	3
13380789	373153.SPD_2034	3.38	6
13378923	373153.SPD_0028	3.28	5
13380407	373153.SPD_1585	3.25	15
13379967	373153.SPD_1128	3.25	11
13380450	373153.SPD_1629	3.08	1
13380436	373153.SPD_1614	3.03	6
13379234	373153.SPD_0351	2.88	6
13379756	373153.SPD_0908	2.88	3
13380485	373153.SPD_1665	2.87	2
13379694	373153.SPD_0842	2.85	3
13380454	373153.SPD_1633	2.8	21
13379566	373153.SPD_0702	2.79	11
13380328	373153.SPD_1502	2.78	7
13380471	373153.SPD_1651	2.77	5
13379912	373153.SPD_1071	2.76	25
13380184	373153.SPD_1352	2.75	9
13379254	373153.SPD_0374	2.75	3
13379032	373153.SPD_0143	2.69	14
13379497	373153.SPD_0631	2.61	4
13379297	373153.SPD_0419	2.57	8
13380103	373153.SPD_1267	2.51	7
13380769	373153.SPD_2014	2.46	14
13378929	373153.SPD_0035	2.46	2
13379351	373153.SPD_0475	2.45	2
13379156	373153.SPD_0268	2.33	3
13379526	373153.SPD_0662	2.23	4
13378998	373153.SPD_0107	2.2	9
13380492	373153.SPD_1673	2.15	7
13378980	373153.SPD_0088	2.14	3
13380719	373153.SPD_1961	2.07	12
13380517	373153.SPD_1721	2.07	15
13380732	373153.SPD_1974	2.07	9
13379357	373153.SPD_0481	2.05	2
13380324	373153.SPD_1498	1.98	5
13379233	373153.SPD_0350	1.93	3
13379441	373153.SPD_0572	1.83	3
13379769	373153.SPD_0921	1.77	4
13380172	373153.SPD_1340	1.76	1
13379625	373153.SPD_0768	1.75	3
13379770	373153.SPD_0922	1.71	3
13379916	373153.SPD_1075	1.68	2
13380252	373153.SPD_1425	1.59	2
13379555	373153.SPD_0691	1.59	1
13379833	373153.SPD_0988	1.59	3
13380802	373153.SPD_2049	1.55	1
13379210	373153.SPD_0325	1.53	4
13380416	373153.SPD_1594	1.52	5
13378912	373153.SPD_0008	1.52	1
13379180	373153.SPD_0293	1.52	2
13379328	373153.SPD_0450	1.51	2
13380428	373153.SPD_1606	1.5	3
13379605	373153.SPD_0745	1.44	1
13380639	373153.SPD_1862	1.43	3
13379221	373153.SPD_0337	1.36	1
13380102	373153.SPD_1266	1.34	3
13380260	373153.SPD_1433	1.19	2
13379316	373153.SPD_0438	1.19	3
13379182	373153.SPD_0295	1.17	2
13379074	373153.SPD_0185	1.14	5
13379436	373153.SPD_0567	1.13	2
13379374	373153.SPD_0501	1.09	2
13379009	373153.SPD_0119	1.03	2
13379397	373153.SPD_0525	0.958	3
13378957	373153.SPD_0065	0.957	5
13379060	373153.SPD_0171	0.906	1
13379638	373153.SPD_0783	0.895	1
13379057	373153.SPD_0168	0.866	1
13378981	373153.SPD_0089	0.865	1
13378964	373153.SPD_0072	0.832	2
13379732	373153.SPD_0880	0.782	3
13380274	373153.SPD_1447	0.765	1
13380750	373153.SPD_1994	0.685	1
13379044	373153.SPD_0155	0.675	1
13379439	373153.SPD_0570	0.668	1
13379046	373153.SPD_0157	0.587	3
13380012	373153.SPD_1175	0.577	1
13379795	373153.SPD_0948	0.55	2
13379802	373153.SPD_0955	0.54	1
13379029	373153.SPD_0140	0.531	2
13380308	373153.SPD_1482	0.528	1
13379033	373153.SPD_0144	0.515	1
13379307	373153.SPD_0429	0.509	1
13379562	373153.SPD_0698	0.507	1
13379181	373153.SPD_0294	0.492	1
13379212	373153.SPD_0327	0.473	1
13379830	373153.SPD_0984	0.425	1
13380745	373153.SPD_1989	0.422	1
13379717	373153.SPD_0865	0.418	1
13380746	373153.SPD_1990	0.412	1
13380206	373153.SPD_1376	0.403	5
13380807	373153.SPD_2054	0.379	1
13380811	373153.SPD_2058	0.373	2
13380546	373153.SPD_1753	0.363	1
13378915	373153.SPD_0011	0.36	1
13380545	373153.SPD_1752	0.357	1
13380731	373153.SPD_1973	0.351	2
13379399	373153.SPD_0527	0.323	1
13379168	373153.SPD_0280	0.306	2
13379533	373153.SPD_0669	0.29	1
13379175	373153.SPD_0287	0.283	2
13380293	373153.SPD_1467	0.203	1
13380497	373153.SPD_1678	0.176	1
