#id: 3400459121
#name: Oryza sativa Japonica Group - Whole organism, SC (Gpm,oct,2012)
#score: 2.3
#description: abundance based on Spectral counting, Interaction consistency score: 2.3, Coverage: 5
#organ: WHOLE_ORGANISM
#integrated: false
#coverage: 5
#link: http://www.thegpm.org/
#publication_year: 2012
#filename: 39947-GPM_2012_09_Oryza_sativa.txt
#
#internal_id	string_external_id	abundance	raw_spectral_count
55928114	39947.Q0DI00	142166	1174
55947311	39947.Q8S6F2	69735	7312
55923741	39947.A0A0P0Y838	63018	7073
55927268	39947.P0C512	61208	7345
55908951	39947.A0A0P0V969	36691	3788
55927978	39947.Q0DFC9	28251	210
55947619	39947.Q943W1	17578	604
55927445	39947.P93431	16138	1050
55941308	39947.Q6YY05	11107	3
55909246	39947.A0A0P0VBL9	10749	793
55927217	39947.P0C2Z6	9015	508
55917897	39947.A0A0P0X592	8872	111
55931707	39947.Q10N21	8360	154
55927582	39947.Q0D5P8	7307	211
55946081	39947.Q8GTK4	6855	273
55927166	39947.O64937	6606	244
55945100	39947.Q7XUC9	6471	36
55938129	39947.Q69JX7	5992	102
55936227	39947.Q5WMX0	5913	166
55927442	39947.P93407	5732	94
55905206	39947.A0A0N7KFK4	5219	32
55927406	39947.P48494	4964	221
55943637	39947.Q7F2G3	4772	247
55927145	39947.O04986	4716	96
55927328	39947.P14655	4423	318
55945482	39947.Q84M34	4414	43
55934426	39947.Q53N83	4413	146
55929067	39947.Q0INY7	4356	315
55943397	39947.Q75M32	4289	159
55927338	39947.P18566	4285	314
55932842	39947.Q2QTJ1	4285	314
55942333	39947.Q6ZBZ2	4186	35
55939315	39947.Q6ESP9	3794	12
55930845	39947.Q0JMY8	3765	129
55927387	39947.P40978	3686	27
55927355	39947.P28757	3650	90
55945449	39947.Q84J76	3644	85
55927464	39947.Q07661	3639	57
55943941	39947.Q7X8A1	3466	191
55948060	39947.Q9FP25	3419	37
55936516	39947.Q5Z8T9	3335	38
55927307	39947.P12085	3296	512
55947831	39947.Q94JA2	3242	113
55927327	39947.P14654	3216	205
55948407	39947.Q9SXP2	3116	109
55944221	39947.Q7XGL4	3098	26
55933346	39947.Q2R0H3	3068	64
55921115	39947.A0A0P0XRR7	3035	35
55926223	39947.B9G2F1	2932	1
55939532	39947.Q6F361	2886	105
55931314	39947.Q10HD0	2870	166
55927248	39947.P0C440	2768	22
55923737	39947.A0A0P0Y832	2765	409
55942125	39947.Q6Z8F4	2639	205
55943739	39947.Q7G2B5	2622	9
55946512	39947.Q8H8D8	2576	33
55932210	39947.Q10S82	2523	174
55915592	39947.A0A0P0WP33	2512	149
55948419	39947.Q9XGP7	2509	69
55947262	39947.Q8S3P3	2407	93
55921484	39947.A0A0P0XTT3	2354	427
55944115	39947.Q7XDC8	2244	110
55930906	39947.Q0JPA6	2239	36
55927283	39947.P0C5D5	2234	52
55939232	39947.Q6ER94	2217	76
55927451	39947.Q01859	2215	420
55931650	39947.Q10MP7	2215	49
55947702	39947.Q94DK6	2165	13
55939050	39947.Q6AVZ8	2121	135
55940536	39947.Q6K853	2113	2
55927364	39947.P30298	2098	231
55930728	39947.Q0JKB4	2029	414
55927956	39947.Q0DEU8	2026	150
55947196	39947.Q8S1N3	2013	126
55938451	39947.Q69S39	2010	52
55945327	39947.Q7XXS0	1951	19
55946847	39947.Q8LMW8	1938	49
55945356	39947.Q7XZY1	1937	54
55942787	39947.Q6ZJ16	1930	38
55944623	39947.Q7XN85	1926	191
55927369	39947.P31924	1912	224
55937583	39947.Q65XA0	1904	58
55927420	39947.P50156	1875	36
55928484	39947.Q0DRV6	1872	75
55940864	39947.Q6L5I5	1866	59
55932819	39947.Q2QSR5	1769	20
55927322	39947.P12330	1713	127
55946955	39947.Q8LQN2	1712	25
55946083	39947.Q8GTK8	1709	108
55948379	39947.Q9SNK3	1702	100
55929863	39947.Q0J709	1692	44
55927183	39947.O82451	1658	50
55942572	39947.Q6ZGJ8	1636	31
55924993	39947.A3C6G9	1619	41
55945574	39947.Q84PB4	1546	53
55934220	39947.Q40677	1516	66
55939218	39947.Q6ER49	1477	103
55934236	39947.Q42971	1452	162
55927163	39947.O64422	1447	64
55931159	39947.Q10CU9	1431	121
55943772	39947.Q7G649	1423	32
55931177	39947.Q10D68	1413	94
55946278	39947.Q8H3M0	1397	24
55938215	39947.Q69LC0	1382	55
55944583	39947.Q7XMK5	1366	8
55944057	39947.Q7XC37	1355	23
55944692	39947.Q7XPR2	1327	84
55925679	39947.B9F813	1293	62
55934291	39947.Q53JQ3	1293	6
55939835	39947.Q6H748	1281	12
55941459	39947.Q6YZZ7	1275	31
55927440	39947.P92812	1260	35
55935051	39947.Q5N725	1252	75
55948043	39947.Q9FE01	1234	46
55927329	39947.P14656	1230	112
55944930	39947.Q7XSN5	1225	32
55927323	39947.P12331	1195	115
55927358	39947.P29545	1154	28
55927232	39947.P0C364	1145	50
55945021	39947.Q7XTK1	1139	211
55939623	39947.Q6H4L2	1139	211
55940322	39947.Q6K5G8	1122	138
55942514	39947.Q6ZFJ3	1119	46
55941760	39947.Q6Z411	1118	58
55925632	39947.B9F569	1111	181
55938440	39947.Q69RN2	1096	27
55933007	39947.Q2QWN3	1086	24
55932385	39947.Q2QLY4	1071	184
55938623	39947.Q69UU3	1034	54
55932386	39947.Q2QLY5	1030	179
55943650	39947.Q7F731	1022	22
55931838	39947.Q10P52	1020	9
55942699	39947.Q6ZI53	1019	69
55943710	39947.Q7FAM9	1006	12
55929920	39947.Q0J8A4	973	113
55943127	39947.Q75HZ0	965	15
55945967	39947.Q851Y8	952	63
55932820	39947.Q2QSR7	927	52
55945443	39947.Q7Y1Z0	925	19
55936436	39947.Q5Z7T4	904	7
55947524	39947.Q93X08	900	70
55933928	39947.Q306J3	899	53
55934901	39947.Q5JMS4	897	48
55938927	39947.Q6AUF5	896	20
55935891	39947.Q5VPR6	895	17
55943705	39947.Q7FAH2	886	132
55935500	39947.Q5QMK7	873	59
55943632	39947.Q7F280	869	52
55941038	39947.Q6YTX5	864	23
55942483	39947.Q6ZF30	855	23
55927462	39947.Q06967	851	62
55942420	39947.Q6ZD89	848	37
55928129	39947.Q0DI98	847	13
55922728	39947.A0A0P0Y248	839	70
55942382	39947.Q6ZCR3	831	23
55941796	39947.Q6Z4E4	830	43
55935326	39947.Q5NAW2	828	20
55946376	39947.Q8H590	826	8
55917001	39947.A0A0P0WYK7	814	34
55929369	39947.Q0IWS0	801	62
55927410	39947.P49027	800	41
55946532	39947.Q8H8T0	786	43
55945674	39947.Q84SC3	784	7
55930572	39947.Q0JGY1	782	52
55946631	39947.Q8L4L4	782	52
55931830	39947.Q10P35	773	118
55943623	39947.Q7F231	773	2
55915661	39947.A0A0P0WPM4	764	5
55931546	39947.Q10M12	748	34
55940391	39947.Q6K680	746	7
55942332	39947.Q6ZBX9	746	17
55927336	39947.P17784	740	59
55947770	39947.Q94GP7	739	5
55933952	39947.Q336R9	723	23
55946511	39947.Q8H8D6	722	12
55939955	39947.Q6I544	721	31
55938141	39947.Q69K00	720	30
55939753	39947.Q6H660	713	38
55948425	39947.Q9XHW8	713	31
55908711	39947.A0A0P0V7A3	706	51
55946678	39947.Q8LH97	704	12
55931198	39947.Q10DV7	702	112
55942993	39947.Q6ZXK6	690	34
55932832	39947.Q2QT32	688	63
55935804	39947.Q5VNT9	685	86
55934276	39947.Q53JF7	683	8
55928371	39947.Q0DNW0	680	9
55939290	39947.Q6ESF0	671	18
55946375	39947.Q8H588	665	6
55946272	39947.Q8H3I3	657	72
55914528	39947.A0A0P0WH35	656	25
55932608	39947.Q2QNV2	648	28
55915933	39947.A0A0P0WRU0	644	43
55927424	39947.P52428	644	22
55932565	39947.Q2QNF3	631	18
55946275	39947.Q8H3I7	629	5
55906156	39947.A0A0N7KME6	626	2
55947324	39947.Q8S718	624	12
55947371	39947.Q8S857	621	17
55942639	39947.Q6ZH98	616	8
55945732	39947.Q84TB3	611	10
55942511	39947.Q6ZFI6	608	47
55927389	39947.P41344	594	45
55927144	39947.O04985	592	19
55932060	39947.Q10QU9	590	72
55943579	39947.Q7F164	586	6
55944672	39947.Q7XPI5	569	40
55938613	39947.Q69UI1	560	8
55938614	39947.Q69UI2	560	8
55929267	39947.Q0ITW7	557	31
55929922	39947.Q0J8G4	556	26
55927370	39947.P35681	552	19
55945000	39947.Q7XTE8	552	55
55929055	39947.Q0INR5	543	28
55940550	39947.Q6K8B8	537	28
55927216	39947.P0C2Z3	537	7
55943641	39947.Q7F2Z1	535	17
55942949	39947.Q6ZL94	532	16
55927416	39947.P49397	531	28
55948293	39947.Q9LRB7	529	9
55944577	39947.Q7XMJ1	528	2
55948439	39947.Q9XJ54	522	20
55937350	39947.Q654U8	521	38
55940271	39947.Q6K4S7	515	9
55934221	39947.Q40680	512	14
55948198	39947.Q9LD82	510	14
55927373	39947.P35684	509	17
55938639	39947.Q69V57	508	26
55922693	39947.A0A0P0Y1Y5	505	38
55946011	39947.Q852M0	501	23
55948071	39947.Q9FR35	500	9
55917364	39947.A0A0P0X1M3	497	3
55937394	39947.Q655S1	492	39
55927194	39947.P0C032	488	14
55941060	39947.Q6YU90	483	30
55935657	39947.Q5TKF4	482	9
55943591	39947.Q7F1F2	477	16
55937031	39947.Q60EJ3	472	8
55928275	39947.Q0DKY4	471	100
55948108	39947.Q9FTY4	468	10
55942017	39947.Q6Z744	467	25
55942477	39947.Q6ZEZ2	464	22
55944854	39947.Q7XRE7	464	9
55924669	39947.A3ABE0	464	5
55948374	39947.Q9SLY8	464	22
55934278	39947.Q53JG0	463	16
55941139	39947.Q6YVH3	454	17
55934462	39947.Q53NM9	453	106
55939384	39947.Q6ETK1	452	11
55927417	39947.P49398	447	13
55937220	39947.Q652L6	446	27
55936322	39947.Q5Z5Y2	441	12
55934389	39947.Q53MA7	436	35
55948262	39947.Q9LGU6	434	100
55927271	39947.P0C522	433	25
55937167	39947.Q651T8	433	45
55911939	39947.A0A0P0VYK0	430	72
55947498	39947.Q93VC6	423	24
55945483	39947.Q84M35	422	7
55937345	39947.Q654S1	422	22
55947593	39947.Q943F3	420	15
55930688	39947.Q0JJQ7	420	39
55927330	39947.P14717	412	39
55925401	39947.B7FA07	409	14
55928953	39947.Q0E4K1	408	43
55947930	39947.Q9ASP4	408	28
55945206	39947.Q7XV86	407	33
55923345	39947.A0A0P0Y5M8	407	6
55945519	39947.Q84MP7	405	16
55946494	39947.Q8H7Y8	405	16
55945352	39947.Q7XZW5	401	13
55928596	39947.Q0DVD9	400	3
55947109	39947.Q8RZK6	399	5
55924683	39947.A3AGM4	397	2
55936992	39947.Q60E59	396	13
55928749	39947.Q0DZE5	395	28
55938529	39947.Q69TB3	393	17
55934723	39947.Q5JKU5	389	71
55946615	39947.Q8L472	386	9
55942120	39947.Q6Z8E0	386	10
55942830	39947.Q6ZJJ1	383	10
55927446	39947.P93438	381	90
55922838	39947.A0A0P0Y2Q6	381	6
55915431	39947.A0A0P0WMW9	380	1
55938502	39947.Q69SV0	380	31
55941089	39947.Q6YUR8	377	16
55927372	39947.P35683	377	26
55942722	39947.Q6ZIB4	375	24
55927354	39947.P28752	375	56
55929800	39947.Q0J5H3	371	59
55934383	39947.Q53M52	371	66
55929772	39947.Q0J4P2	370	104
55941856	39947.Q6Z528	370	9
55930293	39947.Q0JCT1	369	14
55939769	39947.Q6H6C7	368	37
55931711	39947.Q10N30	368	6
55939013	39947.Q6AVI7	367	10
55924985	39947.A3C4S4	367	27
55948413	39947.Q9XEA8	366	18
55931129	39947.Q10CE4	365	24
55947008	39947.Q8LRJ3	365	39
55939470	39947.Q6EUP4	360	47
55918003	39947.A0A0P0X5U4	355	44
55926272	39947.B9G4W9	353	1
55939989	39947.Q6I5K9	347	21
55927439	39947.P92683	345	12
55927374	39947.P35685	343	8
55927301	39947.P0DKK7	343	8
55915720	39947.A0A0P0WQ06	342	13
55927381	39947.P37890	341	15
55936419	39947.Q5Z7J2	341	19
55927728	39947.Q0D8H0	341	6
55927273	39947.P0C540	341	43
55927463	39947.Q07078	339	106
55938401	39947.Q69QQ6	339	106
55928988	39947.Q0IM09	336	14
55927165	39947.O64464	335	23
55943369	39947.Q75LR5	334	7
55945319	39947.Q7XXQ8	333	16
55941092	39947.Q6YUS3	333	9
55945765	39947.Q84UR8	333	11
55938805	39947.Q6ASY2	332	7
55939881	39947.Q6H7M1	331	21
55935680	39947.Q5TKP2	331	3
55931077	39947.Q10AZ4	329	45
55905822	39947.A0A0N7KK59	327	2
55934942	39947.Q5JNB0	326	17
55927390	39947.P41345	323	12
55948412	39947.Q9XEA6	321	18
55933677	39947.Q2R4A1	319	19
55905087	39947.A0A0N7KEQ2	311	3
55948122	39947.Q9FU80	310	3
55928152	39947.Q0DIR7	307	9
55942884	39947.Q6ZKC0	306	22
55933806	39947.Q2RAL3	306	7
55940227	39947.Q6K489	306	17
55932149	39947.Q10RP0	303	35
55948202	39947.Q9LDC2	302	14
55945527	39947.Q84MU0	299	4
55928465	39947.Q0DRB3	298	9
55928011	39947.Q0DG05	296	7
55944126	39947.Q7XDI5	295	10
55937858	39947.Q67VJ6	294	12
55932456	39947.Q2QMG7	293	7
55941454	39947.Q6YZX6	293	35
55944076	39947.Q7XCK6	292	10
55909247	39947.A0A0P0VBN0	290	9
55938123	39947.Q69JW2	289	11
55939267	39947.Q6ERX1	288	12
55945447	39947.Q84J55	288	39
55933733	39947.Q2R8Q2	288	3
55939452	39947.Q6EUD7	288	28
55940257	39947.Q6K4P1	287	5
55938610	39947.Q69UF2	286	19
55931039	39947.Q10A30	286	21
55945560	39947.Q84NW1	283	25
55947568	39947.Q942L2	282	13
55934996	39947.Q5KQH5	282	32
55939039	39947.Q6AVT7	281	2
55940206	39947.Q6K3Z3	280	20
55927239	39947.P0C389	278	13
55927414	39947.P49210	278	16
55923237	39947.A0A0P0Y544	278	3
55928946	39947.Q0E4D9	277	15
55938930	39947.Q6AUG0	276	9
55943117	39947.Q75HX0	275	36
55928961	39947.Q0E4R7	274	16
55930067	39947.Q0JAC6	273	10
55947516	39947.Q93W07	273	38
55937646	39947.Q65XS0	272	6
55944434	39947.Q7XJ15	272	11
55925226	39947.B7EYZ0	270	10
55927396	39947.P45960	270	48
55943809	39947.Q7GCH3	268	11
55942436	39947.Q6ZDG3	267	12
55941358	39947.Q6YYR2	265	10
55935645	39947.Q5SNJ4	265	16
55944247	39947.Q7XHB3	262	8
55941310	39947.Q6YY11	261	1
55943099	39947.Q75HQ0	261	17
55929998	39947.Q0J9L5	260	4
55927378	39947.P37832	260	40
55909058	39947.A0A0P0VA20	258	1
55933672	39947.Q2R483	257	18
55934660	39947.Q5JK10	256	11
55939432	39947.Q6EU09	256	5
55911553	39947.A0A0P0VV85	254	6
55947599	39947.Q943K1	253	5
55940805	39947.Q6L509	252	100
55937612	39947.Q65XH8	250	93
55936600	39947.Q5Z9N8	250	18
55939263	39947.Q6ERW5	247	12
55927397	39947.P46265	247	39
55943484	39947.Q7EYM8	246	14
55933348	39947.Q2R0I1	246	3
55933447	39947.Q2R1J8	245	7
55947111	39947.Q8RZL7	245	2
55939591	39947.Q6H443	244	8
55929521	39947.Q0J006	244	11
55940980	39947.Q6YT00	244	11
55925073	39947.B7E4J4	244	10
55941630	39947.Q6Z2L8	243	3
55938993	39947.Q6AVA8	242	32
55928262	39947.Q0DKJ1	242	6
55936889	39947.Q5ZE00	242	12
55936551	39947.Q5Z974	241	16
55941220	39947.Q6YWJ7	239	5
55937667	39947.Q67G20	234	91
55943642	39947.Q7F354	234	15
55924307	39947.A0A0P0YBH9	233	22
55942990	39947.Q6ZLP8	232	9
55943753	39947.Q7G3Y4	232	10
55932794	39947.Q2QS14	230	38
55948307	39947.Q9LSU3	230	8
55931737	39947.Q10NA1	229	80
55941829	39947.Q6Z4N6	227	9
55947601	39947.Q943K7	225	89
55947703	39947.Q94DL4	224	86
55927465	39947.Q08479	224	6
55947946	39947.Q9AUV6	223	32
55947427	39947.Q8W0E6	220	23
55941325	39947.Q6YY64	220	3
55932491	39947.Q2QMV8	219	6
55947462	39947.Q8W317	217	18
55934835	39947.Q5JM47	215	1
55910162	39947.A0A0P0VIN6	215	14
55941464	39947.Q6Z058	215	20
55945911	39947.Q851H6	215	4
55938104	39947.Q69JF4	214	8
55907254	39947.A0A0P0UXD7	213	2
55945343	39947.Q7XZH3	213	2
55945321	39947.Q7XXR0	212	4
55940890	39947.Q6T367	211	10
55944955	39947.Q7XSV2	210	13
55930558	39947.Q0JGK4	210	16
55916558	39947.A0A0P0WW22	209	8
55931743	39947.Q10NA9	209	79
55932015	39947.Q10QH0	209	5
55928158	39947.Q0DIY4	208	5
55943020	39947.Q75GI3	208	44
55947033	39947.Q8RUI4	205	11
55942876	39947.Q6ZK86	205	8
55943298	39947.Q75L10	200	25
55934164	39947.Q33B36	198	6
55912369	39947.A0A0P0W1E6	198	6
55928708	39947.Q0DYB1	196	22
55943248	39947.Q75K72	195	8
55934246	39947.Q43594	195	44
55943430	39947.Q76FS3	195	44
55938527	39947.Q69TB0	194	5
55936686	39947.Q5ZAV7	194	10
55941163	39947.Q6YVU7	193	30
55935731	39947.Q5VMJ3	193	3
55925406	39947.B7FA27	192	3
55933274	39947.Q2QZG6	191	3
55921587	39947.A0A0P0XUI0	191	2
55927247	39947.P0C437	190	5
55944149	39947.Q7XDY9	190	13
55936528	39947.Q5Z8V9	189	8
55933841	39947.Q2RAW0	189	29
55933157	39947.Q2QY46	189	29
55943612	39947.Q7F1U0	189	10
55936434	39947.Q5Z7T1	189	2
55931499	39947.Q10LN2	189	1
55940666	39947.Q6K9N7	187	3
55941457	39947.Q6YZZ2	187	9
55945660	39947.Q84RX1	187	5
55943223	39947.Q75J18	186	1
55910524	39947.A0A0P0VL49	186	6
55946315	39947.Q8H4E0	186	48
55934356	39947.Q53LQ0	186	17
55934219	39947.Q40665	185	31
55915554	39947.A0A0P0WNT5	184	6
55945325	39947.Q7XXR8	183	12
55932855	39947.Q2QTS8	182	8
55919394	39947.A0A0P0XF80	181	9
55933563	39947.Q2R2W2	181	16
55931682	39947.Q10MW3	178	34
55947526	39947.Q93Y73	178	7
55934455	39947.Q53NL7	178	1
55924565	39947.A2ZV84	178	2
55934243	39947.Q43008	175	10
55945726	39947.Q84TA1	175	76
55921633	39947.A0A0P0XUT3	175	4
55937341	39947.Q654M7	175	3
55923078	39947.A0A0P0Y445	173	7
55927388	39947.P41095	172	29
55912661	39947.A0A0P0W3U8	172	1
55935672	39947.Q5TKJ2	172	7
55924103	39947.A0A0P0YA74	172	3
55931424	39947.Q10KY7	171	17
55917195	39947.A0A0P0X020	170	4
55912529	39947.A0A0P0W2S8	170	6
55933484	39947.Q2R1V8	170	18
55939480	39947.Q6EUS1	170	6
55932691	39947.Q2QQ48	169	6
55944861	39947.Q7XRK9	169	5
55920709	39947.A0A0P0XP40	168	3
55943384	39947.Q75M08	168	12
55936927	39947.Q5ZEN1	167	14
55947647	39947.Q94CR1	167	32
55929103	39947.Q0IPW3	166	72
55934234	39947.Q42456	166	16
55947916	39947.Q9ASE0	164	33
55924992	39947.A3C6D7	163	72
55943844	39947.Q7X6F6	163	14
55942958	39947.Q6ZLB8	163	8
55941426	39947.Q6YZJ0	162	9
55948302	39947.Q9LST7	162	7
55938174	39947.Q69KL9	160	1
55927707	39947.Q0D840	159	3
55941348	39947.Q6YYK0	159	2
55924414	39947.A0A0P0YC99	158	1
55933799	39947.Q2RAD9	158	9
55921327	39947.A0A0P0XSY5	157	3
55913958	39947.A0A0P0WCL0	156	2
55944281	39947.Q7XHV1	156	8
55936333	39947.Q5Z650	155	2
55934599	39947.Q53RM0	153	10
55916110	39947.A0A0P0WTA4	153	9
55931790	39947.Q10NR2	153	2
55945916	39947.Q851K1	152	10
55919775	39947.A0A0P0XHT9	152	3
55928880	39947.Q0E364	152	1
55943429	39947.Q76FS2	150	28
55930617	39947.Q0JHU7	150	6
55937404	39947.Q655W2	149	12
55945963	39947.Q851Y1	149	11
55946840	39947.Q8LMR0	148	6
55922614	39947.A0A0P0Y1K1	148	3
55931618	39947.Q10MI9	147	10
55935445	39947.Q5QLS8	145	47
55931137	39947.Q10CF3	145	4
55947379	39947.Q8S9Q6	144	32
55945905	39947.Q851F6	144	5
55940254	39947.Q6K4N0	143	1
55948062	39947.Q9FP39	143	2
55940386	39947.Q6K669	143	12
55919845	39947.A0A0P0XIE5	143	1
55906588	39947.A0A0N7KQH1	143	3
55927295	39947.P0DKK0	142	12
55927294	39947.P0DKJ9	142	12
55946286	39947.Q8H3S1	142	12
55924940	39947.A3BXQ1	142	1
55905427	39947.A0A0N7KHB0	141	2
55931779	39947.Q10NM5	140	4
55948301	39947.Q9LST6	140	11
55945283	39947.Q7XWV4	139	9
55924091	39947.A0A0P0YA42	139	6
55930965	39947.Q0JQS2	139	3
55928505	39947.Q0DSH9	139	10
55918796	39947.A0A0P0XBM6	137	5
55923471	39947.A0A0P0Y6G2	137	1
55944589	39947.Q7XMP6	137	10
55931931	39947.Q10PY9	137	5
55937181	39947.Q651Y5	136	4
55943630	39947.Q7F270	136	17
55945337	39947.Q7XZG0	136	17
55927459	39947.Q06396	136	17
55927423	39947.P51823	136	17
55948203	39947.Q9LDC9	136	17
55947502	39947.Q93VE4	136	1
55936727	39947.Q5ZBL2	135	1
55933560	39947.Q2R2T5	135	3
55931274	39947.Q10FQ7	135	2
55939137	39947.Q6EPP9	134	2
55945025	39947.Q7XTL6	134	21
55936749	39947.Q5ZBX1	134	4
55944815	39947.Q7XR19	133	2
55918599	39947.A0A0P0XA11	133	5
55932793	39947.Q2QS13	132	24
55922864	39947.A0A0P0Y2V6	132	1
55917331	39947.A0A0P0X1D1	132	16
55913758	39947.A0A0P0WAX1	131	1
55934244	39947.Q43009	130	34
55937935	39947.Q67WJ4	129	5
55942030	39947.Q6Z7B0	128	23
55935701	39947.Q5U1Q2	128	4
55934928	39947.Q5JN29	128	3
55943897	39947.Q7X7F7	128	6
55943929	39947.Q7X7Y6	127	2
55923143	39947.A0A0P0Y4J8	126	7
55936286	39947.Q5Z5A8	126	16
55915434	39947.A0A0P0WMY2	126	3
55936405	39947.Q5Z7A8	125	2
55945631	39947.Q84QT9	125	10
55946050	39947.Q8GS69	125	6
55932175	39947.Q10RZ6	124	2
55936561	39947.Q5Z990	124	3
55924379	39947.A0A0P0YC22	124	4
55905933	39947.A0A0N7KKU4	123	3
55937999	39947.Q688K0	123	15
55928185	39947.Q0DJB7	123	15
55908070	39947.A0A0P0V328	123	8
55937913	39947.Q67W82	122	9
55935389	39947.Q5NBN5	121	3
55925335	39947.B7F8Y9	121	23
55921571	39947.A0A0P0XUE2	121	4
55933611	39947.Q2R3E0	121	16
55936045	39947.Q5VRV7	120	7
55937820	39947.Q67V00	120	13
55908678	39947.A0A0P0V706	120	2
55943005	39947.Q75G87	120	4
55917861	39947.A0A0P0X501	120	2
55943454	39947.Q7EY39	119	8
55905570	39947.A0A0N7KIC9	119	2
55927140	39947.O04138	119	7
55907807	39947.A0A0P0V1F0	119	1
55911728	39947.A0A0P0VWW7	119	11
55927196	39947.P0C0L1	119	8
55929466	39947.Q0IZA0	119	1
55947579	39947.Q942W0	118	2
55947522	39947.Q93WM3	116	5
55928768	39947.Q0DZZ8	116	2
55939800	39947.Q6H6Q2	116	8
55941804	39947.Q6Z4G3	115	6
55936570	39947.Q5Z9D5	115	2
55947497	39947.Q93VC3	115	4
55907784	39947.A0A0P0V197	115	4
55927489	39947.Q0D3Q1	115	2
55934924	39947.Q5JN19	115	8
55935236	39947.Q5N9F1	114	1
55919842	39947.A0A0P0XID1	114	1
55930085	39947.Q0JAI2	113	5
55933925	39947.Q2TQ36	113	3
55932189	39947.Q10S34	113	16
55945564	39947.Q84NX8	113	2
55933246	39947.Q2QYW2	112	44
55933912	39947.Q2RBN7	112	44
55939085	39947.Q6EP22	112	6
55934568	39947.Q53Q89	112	6
55914751	39947.A0A0P0WIT5	112	1
55938349	39947.Q69PH3	111	4
55905629	39947.A0A0N7KIQ8	111	3
55930885	39947.Q0JNS6	111	4
55930874	39947.Q0JNL7	111	4
55939518	39947.Q6F332	111	4
55910766	39947.A0A0P0VN59	110	3
55931780	39947.Q10NM7	110	3
55931157	39947.Q10CU4	110	7
55932472	39947.Q2QMN9	109	4
55932938	39947.Q2QVG9	109	13
55945389	39947.Q7Y0E8	109	6
55927228	39947.P0C343	108	2
55917382	39947.A0A0P0X1R4	108	1
55932962	39947.Q2QVU4	108	1
55945914	39947.Q851J9	108	9
55934869	39947.Q5JMF9	108	4
55935011	39947.Q5KQK3	108	5
55942445	39947.Q6ZDK9	107	3
55921022	39947.A0A0P0XR82	107	2
55936330	39947.Q5Z627	107	7
55947494	39947.Q8W855	107	3
55925294	39947.B7F8C9	106	4
55905632	39947.A0A0N7KIR1	106	4
55925291	39947.B7F8B9	106	3
55947380	39947.Q8S9R1	106	6
55929266	39947.Q0ITW6	105	7
55941411	39947.Q6YZE2	105	7
55931654	39947.Q10MQ2	105	10
55938117	39947.Q69JN7	105	4
55944478	39947.Q7XKF3	104	4
55943006	39947.Q75G91	104	7
55916360	39947.A0A0P0WV16	104	2
55934075	39947.Q338G1	104	20
55915740	39947.A0A0P0WQ51	103	14
55940665	39947.Q6K9N6	103	4
55941041	39947.Q6YTY2	103	7
55936784	39947.Q5ZCB1	103	4
55925282	39947.B7F7W2	103	2
55942158	39947.Q6Z8Q9	103	2
55926264	39947.B9G4A7	102	5
55911847	39947.A0A0P0VXX5	101	2
55945936	39947.Q851P9	101	2
55913268	39947.A0A0P0W809	101	2
55948306	39947.Q9LSU1	101	5
55910636	39947.A0A0P0VM24	101	3
55933753	39947.Q2R8Y4	101	1
55937584	39947.Q65XA1	100	6
55945876	39947.Q850W6	100	2
55947342	39947.Q8S7Q0	100	9
55946617	39947.Q8L4A1	100	2
55931375	39947.Q10K62	100	1
55924664	39947.A3A9S5	100.0	2
55932482	39947.Q2QMS6	99.7	1
55938078	39947.Q69IN8	99.7	3
55935629	39947.Q5SNC0	99.7	12
55927398	39947.P46465	99.7	12
55920901	39947.A0A0P0XQE7	99.5	4
55926746	39947.C7J1V7	99.2	10
55946036	39947.Q8GRU7	99.2	4
55932520	39947.Q2QN55	99.0	5
55905407	39947.A0A0N7KH54	98.9	3
55925907	39947.B9FJG3	98.8	9
55948194	39947.Q9FYR9	98.8	3
55948277	39947.Q9LI00	98.8	10
55937623	39947.Q65XK3	98.6	16
55942466	39947.Q6ZDY8	98.6	7
55941489	39947.Q6Z0I4	98.5	3
55934730	39947.Q5JKW2	98.4	2
55934470	39947.Q53NP8	98.1	3
55934732	39947.Q5JKW5	97.7	8
55945915	39947.Q851K0	97.4	9
55946105	39947.Q8GVF9	97.3	9
55938945	39947.Q6AUK5	96.8	4
55918553	39947.A0A0P0X9S3	96.8	5
55938493	39947.Q69SS2	96.7	3
55942604	39947.Q6ZGV4	96.6	1
55942956	39947.Q6ZLB0	96.6	3
55935301	39947.Q5NAI9	96.5	7
55948086	39947.Q9FTG9	96.3	3
55944384	39947.Q7XIK5	96.3	1
55916774	39947.A0A0P0WX87	95.6	1
55938436	39947.Q69RJ0	95.5	16
55931622	39947.Q10MJ5	95.4	1
55937474	39947.Q657K0	95.3	2
55931512	39947.Q10LR6	95.3	2
55948426	39947.Q9XHX0	95.1	3
55942558	39947.Q6ZG89	94.9	8
55931669	39947.Q10MT2	94.9	4
55910938	39947.A0A0P0VPM8	94.3	3
55909649	39947.A0A0P0VF29	93.8	2
55924916	39947.A3BTL0	93.8	2
55947420	39947.Q8W0C4	93.5	21
55948017	39947.Q9AX68	93.5	4
55917578	39947.A0A0P0X372	93.2	3
55948227	39947.Q9LG77	93.1	3
55915469	39947.A0A0P0WN64	92.9	1
55943665	39947.Q7F8S5	92.9	7
55930995	39947.Q0JRG3	92.8	2
55930198	39947.Q0JBV4	92.8	12
55931890	39947.Q10PJ5	92.3	8
55911161	39947.A0A0P0VRM1	92.2	1
55945635	39947.Q84QV5	92.1	8
55945379	39947.Q7Y0C8	91.3	5
55928510	39947.Q0DSN8	91.3	1
55934703	39947.Q5JKG8	90.9	1
55933000	39947.Q2QWK9	90.5	5
55933670	39947.Q2R481	89.9	2
55927382	39947.P37891	89.9	6
55907412	39947.A0A0P0UYG8	89.5	4
55916937	39947.A0A0P0WY61	89.2	1
55912626	39947.A0A0P0W3J2	89.1	4
55932416	39947.Q2QM69	89.0	5
55924547	39947.A2ZRY8	89.0	2
55907590	39947.A0A0P0UZU1	88.9	2
55932915	39947.Q2QV45	88.5	8
55943120	39947.Q75HX9	88.2	2
55934975	39947.Q5JNQ0	88.2	1
55941964	39947.Q6Z6H7	88.2	4
55938685	39947.Q69X47	88.0	5
55936743	39947.Q5ZBR8	87.7	14
55909199	39947.A0A0P0VBA3	87.6	2
55945556	39947.Q84NU6	87.5	2
55924962	39947.A3C0C6	87.4	1
55931050	39947.Q10A76	87.3	7
55945847	39947.Q84ZK1	87.1	5
55947949	39947.Q9AUW3	87.1	5
55925068	39947.B7E390	86.8	3
55942559	39947.Q6ZG90	86.1	2
55946076	39947.Q8GT15	85.9	30
55942186	39947.Q6Z921	85.6	8
55940676	39947.Q6K9T2	85.5	4
55935238	39947.Q5N9F4	85.5	20
55942404	39947.Q6ZD29	85.3	2
55931032	39947.Q10A12	85.3	5
55942301	39947.Q6ZBH2	85.2	5
55938956	39947.Q6AUN5	85.1	4
55939553	39947.Q6F3A5	85.1	12
55939512	39947.Q6F321	85.0	3
55921304	39947.A0A0P0XST3	84.8	1
55941189	39947.Q6YW46	84.7	8
55940057	39947.Q6J657	84.7	6
55908519	39947.A0A0P0V5T7	84.5	3
55944721	39947.Q7XPY2	84.3	13
55942528	39947.Q6ZFT5	84.2	6
55920369	39947.A0A0P0XLT0	84.1	2
55927471	39947.Q0D3D2	84.1	22
55944393	39947.Q7XIM4	84.0	12
55925895	39947.B9FIV0	83.7	2
55947803	39947.Q94I30	83.5	3
55923109	39947.A0A0P0Y4B2	83.0	1
55945910	39947.Q851G9	82.9	3
55938879	39947.Q6ATV4	82.8	5
55943645	39947.Q7F4F8	82.7	4
55915652	39947.A0A0P0WPJ7	82.6	1
55943222	39947.Q75J02	82.6	1
55939400	39947.Q6ETN3	82.5	7
55937403	39947.Q655W1	82.5	2
55933803	39947.Q2RAK6	82.3	1
55937434	39947.Q656G2	82.1	1
55941836	39947.Q6Z4S1	82.1	3
55932409	39947.Q2QM55	81.9	6
55936892	39947.Q5ZE12	81.9	4
55907010	39947.A0A0N7KT51	81.9	4
55939873	39947.Q6H7I9	81.6	4
55945570	39947.Q84P97	81.4	5
55932869	39947.Q2QU06	81.3	5
55918580	39947.A0A0P0X9X6	81.1	3
55929740	39947.Q0J3N8	80.5	3
55946107	39947.Q8GVH2	80.2	8
55905367	39947.A0A0N7KGU9	80.1	1
55932251	39947.Q10SN3	80.0	2
55941399	39947.Q6YZA1	79.9	7
55927195	39947.P0C0L0	79.8	8
55947413	39947.Q8W084	79.7	7
55943242	39947.Q75K55	79.7	4
55915748	39947.A0A0P0WQ80	79.7	3
55927761	39947.Q0D9C4	79.1	8
55920757	39947.A0A0P0XPG5	78.9	4
55940001	39947.Q6I5R8	78.8	2
55909596	39947.A0A0P0VEP5	78.5	2
55912890	39947.A0A0P0W625	78.5	3
55942502	39947.Q6ZFE6	78.1	2
55934055	39947.Q337Y2	77.7	5
55927385	39947.P40392	77.6	2
55941072	39947.Q6YUB7	77.3	2
55947626	39947.Q945W6	77.3	3
55927377	39947.P37398	77.1	3
55911097	39947.A0A0P0VR14	76.9	3
55939360	39947.Q6ET96	76.8	1
55937486	39947.Q657T1	76.6	3
55946226	39947.Q8H2U1	76.6	6
55928419	39947.Q0DQ47	76.3	3
55932561	39947.Q2QNE1	76.0	1
55933396	39947.Q2R124	75.9	5
55940223	39947.Q6K471	75.8	2
55905699	39947.A0A0N7KJ56	75.7	1
55939479	39947.Q6EUQ9	75.3	13
55945569	39947.Q84P96	75.2	5
55939871	39947.Q6H7I7	74.9	9
55936862	39947.Q5ZDK1	74.9	2
55909968	39947.A0A0P0VHG2	74.9	1
55943157	39947.Q75IC7	74.6	3
55941397	39947.Q6YZ97	74.6	7
55938213	39947.Q69LA6	74.5	2
55907212	39947.A0A0N7KUE2	74.2	2
55927289	39947.P0CH35	74.0	13
55927288	39947.P0CH34	74.0	13
55946643	39947.Q8L4U4	73.8	4
55941142	39947.Q6YVI0	73.7	5
55907347	39947.A0A0P0UY09	73.5	3
55928190	39947.Q0DJC3	73.2	4
55933089	39947.Q2QXJ5	73.0	3
55940467	39947.Q6K7A3	73.0	4
55940916	39947.Q6YPE9	73.0	3
55941165	39947.Q6YVW0	72.8	15
55944442	39947.Q7XJW3	72.8	2
55943639	39947.Q7F2P0	72.7	7
55948345	39947.Q9MAX6	72.2	5
55948398	39947.Q9SNS2	72.1	3
55939011	39947.Q6AVI0	72.1	9
55908451	39947.A0A0P0V5F1	72.0	1
55937803	39947.Q67UV9	72.0	4
55932048	39947.Q10QR9	71.9	2
55943049	39947.Q75GS4	71.7	15
55925178	39947.B7EL48	71.6	2
55945331	39947.Q7XXS4	71.6	4
55944876	39947.Q7XRV0	70.9	4
55947040	39947.Q8RUN4	70.6	1
55939264	39947.Q6ERW7	70.4	5
55942773	39947.Q6ZIV7	70.1	3
55942400	39947.Q6ZCZ7	70.0	4
55947981	39947.Q9AV81	69.6	6
55941799	39947.Q6Z4F1	69.6	9
55939914	39947.Q6H817	69.6	2
55941453	39947.Q6YZX5	69.3	6
55947024	39947.Q8RU53	69.3	3
55931207	39947.Q10E10	69.1	11
55919327	39947.A0A0P0XET4	68.7	3
55947210	39947.Q8S1V0	68.7	2
55919862	39947.A0A0P0XIH9	68.5	1
55946326	39947.Q8H4K0	68.3	2
55945433	39947.Q7Y1J0	68.1	2
55924132	39947.A0A0P0YAC9	68.1	3
55945898	39947.Q851C7	67.9	3
55937132	39947.Q651D5	67.8	2
55930399	39947.Q0JDZ7	67.7	3
55927413	39947.P49199	67.7	3
55941345	39947.Q6YYG5	67.6	1
55930077	39947.Q0JAF4	67.6	3
55942190	39947.Q6Z965	67.5	5
55927796	39947.Q0DA77	67.5	1
55945179	39947.Q7XUY6	67.1	1
55940918	39947.Q6YPF1	67.1	13
55938727	39947.Q69XM7	66.9	2
55908957	39947.A0A0P0V984	66.4	7
55948446	39947.Q9ZRI7	66.3	4
55915917	39947.A0A0P0WRN7	66.2	2
55942228	39947.Q6Z9V4	66.1	1
55941067	39947.Q6YUA3	66.0	1
55927169	39947.O65857	65.9	8
55930516	39947.Q0JFE3	65.7	1
55941341	39947.Q6YYC8	65.4	3
55937152	39947.Q651M2	65.4	6
55945759	39947.Q84UQ1	65.4	7
55939437	39947.Q6EU30	65.4	2
55934546	39947.Q53PY7	65.2	5
55943677	39947.Q7F8X9	65.0	5
55938795	39947.Q6ASU6	65.0	1
55943780	39947.Q7G6K7	65.0	6
55932301	39947.Q10T66	64.8	2
55944540	39947.Q7XLP7	64.8	3
55932073	39947.Q10R02	64.8	2
55945605	39947.Q84Q83	64.6	6
55926045	39947.B9FQQ6	64.6	9
55930515	39947.Q0JFE2	64.5	2
55927680	39947.Q0D7F8	64.4	3
55946439	39947.Q8H631	64.4	4
55947708	39947.Q94DM8	64.3	1
55947910	39947.Q9AS85	64.3	2
55920880	39947.A0A0P0XQ94	63.9	8
55941247	39947.Q6YX78	63.8	4
55915133	39947.A0A0P0WL07	63.7	3
55947908	39947.Q9AS78	63.5	2
55911694	39947.A0A0P0VWM0	63.3	7
55925110	39947.B7EBF9	63.3	4
55937887	39947.Q67VZ1	63.2	3
55945520	39947.Q84MQ2	63.0	1
55917233	39947.A0A0P0X0E0	63.0	13
55919561	39947.A0A0P0XGB0	62.6	2
55912939	39947.A0A0P0W6F6	62.6	1
55945713	39947.Q84T68	62.5	1
55931197	39947.Q10DV5	62.5	1
55943968	39947.Q7X8Z8	62.4	3
55928087	39947.Q0DHF6	62.2	21
55915082	39947.A0A0P0WKQ6	62.1	2
55928770	39947.Q0E032	61.9	2
55938942	39947.Q6AUJ8	61.9	21
55922485	39947.A0A0P0Y0S8	61.5	11
55925481	39947.B9EVI4	61.4	3
55921847	39947.A0A0P0XWC2	61.2	4
55905394	39947.A0A0N7KH31	61.1	2
55932698	39947.Q2QQ67	60.9	2
55938337	39947.Q69P90	60.9	4
55940766	39947.Q6L4R5	60.6	4
55924533	39947.A2ZNT5	60.5	5
55930154	39947.Q0JBE3	60.4	7
55942846	39947.Q6ZJU3	60.4	2
55941867	39947.Q6Z561	59.8	3
55937397	39947.Q655T1	59.6	4
55934971	39947.Q5JNL0	59.6	3
55936219	39947.Q5WMS9	59.6	1
55947696	39947.Q94DH6	59.4	3
55927412	39947.P49100	59.4	3
55930839	39947.Q0JMW0	59.3	2
55931456	39947.Q10L93	59.2	2
55928219	39947.Q0DJT2	59.0	4
55945613	39947.Q84QB1	58.9	3
55914210	39947.A0A0P0WEK5	58.9	2
55944704	39947.Q7XPU3	58.9	1
55927193	39947.P0C031	58.5	13
55927192	39947.P0C030	58.5	13
55946777	39947.Q8LIZ0	58.4	4
55927487	39947.Q0D3N0	58.3	3
55943735	39947.Q7G234	58.2	2
55940120	39947.Q6K2E8	58.1	4
55936988	39947.Q60E41	58.1	1
55915268	39947.A0A0P0WLW0	58.1	1
55944679	39947.Q7XPL2	57.4	2
55932259	39947.Q10SR3	57.4	3
55932991	39947.Q2QWF3	57.0	4
55945872	39947.Q850L8	56.9	2
55917241	39947.A0A0P0X0G3	56.8	2
55935146	39947.Q5N801	56.5	1
55941169	39947.Q6YVX1	56.5	3
55936223	39947.Q5WMV2	56.4	3
55947823	39947.Q94J20	56.4	3
55929547	39947.Q0J0H3	56.3	5
55943478	39947.Q7EYK9	56.3	4
55927937	39947.Q0DEF1	56.0	2
55932792	39947.Q2QS11	55.7	3
55910164	39947.A0A0P0VIP0	55.5	4
55933853	39947.Q2RAZ7	55.3	7
55934222	39947.Q40682	55.3	5
55934351	39947.Q53LJ1	55.2	2
55931916	39947.Q10PV6	54.9	1
55946932	39947.Q8LQ82	54.8	4
55927474	39947.Q0D3F2	54.8	2
55940895	39947.Q6UTZ2	54.8	2
55924744	39947.A3AVH5	54.4	3
55940829	39947.Q6L590	54.4	9
55921839	39947.A0A0P0XWA2	54.3	1
55938792	39947.Q6ASU0	54.3	3
55906422	39947.A0A0N7KPE4	53.7	2
55935410	39947.Q5QL93	53.7	3
55940492	39947.Q6K7H0	53.6	3
55948373	39947.Q9SLX0	53.6	3
55924788	39947.A3BAA0	53.6	1
55941081	39947.Q6YUK5	53.4	3
55927852	39947.Q0DBN4	53.4	4
55947811	39947.Q94II8	53.3	1
55929869	39947.Q0J728	53.0	5
55931551	39947.Q10M23	52.9	2
55906188	39947.A0A0N7KMM1	52.6	2
55934242	39947.Q43007	52.4	7
55938432	39947.Q69RG0	52.2	3
55920065	39947.A0A0P0XJZ2	52.2	1
55929183	39947.Q0IS75	52.0	3
55940821	39947.Q6L548	52.0	3
55937028	39947.Q60EJ0	51.9	6
55938953	39947.Q6AUN1	51.8	2
55941835	39947.Q6Z4S0	51.7	1
55946062	39947.Q8GSE8	51.7	3
55925161	39947.B7EIC7	51.2	2
55937792	39947.Q67UR5	50.9	3
55927769	39947.Q0D9J7	50.8	2
55944830	39947.Q7XR71	50.8	3
55907916	39947.A0A0P0V250	50.7	1
55934029	39947.Q337M0	50.5	9
55948197	39947.Q9LD61	50.5	2
55930998	39947.Q0PVB3	50.4	1
55933669	39947.Q2R480	50.3	6
55930967	39947.Q0JQS7	50.3	2
55934742	39947.Q5JKY4	50.3	1
55947926	39947.Q9ASJ1	50.2	1
55942862	39947.Q6ZK21	50.2	1
55939700	39947.Q6H5A6	50.2	1
55948169	39947.Q9FWP3	50.1	1
55922473	39947.A0A0P0Y0Q1	50.1	1
55909935	39947.A0A0P0VH81	49.9	1
55947508	39947.Q93VM2	49.9	3
55917888	39947.A0A0P0X576	49.8	2
55945656	39947.Q84R94	49.7	1
55941917	39947.Q6Z632	49.6	7
55943971	39947.Q7X923	49.6	5
55934510	39947.Q53PC7	49.5	12
55931287	39947.Q10G39	49.5	5
55935495	39947.Q5QMG3	49.5	1
55917110	39947.A0A0P0WZC5	49.3	2
55942399	39947.Q6ZCZ2	49.1	5
55944430	39947.Q7XJ02	48.9	2
55935844	39947.Q5VP66	48.9	1
55945182	39947.Q7XUZ9	48.8	2
55932422	39947.Q2QM86	48.7	1
55940709	39947.Q6KAE4	48.7	3
55924494	39947.A0A0P0YD45	48.6	3
55939998	39947.Q6I5Q6	48.4	5
55948428	39947.Q9XHX4	48.2	11
55947824	39947.Q94J22	48.2	3
55931243	39947.Q10F03	48.0	2
55913691	39947.A0A0P0WAF2	47.9	1
55909604	39947.A0A0P0VER6	47.8	2
55930049	39947.Q0JA65	47.8	2
55932401	39947.Q2QM36	47.8	2
55938445	39947.Q69RX2	47.7	1
55921260	39947.A0A0P0XSK1	47.5	1
55943995	39947.Q7XAM7	47.5	3
55946604	39947.Q8L3W2	47.5	3
55943435	39947.Q7E5I4	47.4	3
55945710	39947.Q84T64	47.3	1
55943718	39947.Q7FAT6	47.3	2
55944696	39947.Q7XPR9	47.2	3
55940987	39947.Q6YT73	47.0	5
55947855	39947.Q94LH1	46.9	3
55943285	39947.Q75KR1	46.8	8
55928706	39947.Q0DY92	46.8	1
55946034	39947.Q8GRT8	46.7	1
55936897	39947.Q5ZE54	46.7	3
55931889	39947.Q10PJ0	46.6	2
55907973	39947.A0A0P0V2H2	46.6	1
55916297	39947.A0A0P0WUM7	46.6	1
55938191	39947.Q69L44	46.6	4
55927282	39947.P0C5D1	46.5	1
55947493	39947.Q8W5R1	46.5	2
55944826	39947.Q7XR61	46.4	2
55946715	39947.Q8LHX2	46.3	3
55913401	39947.A0A0P0W8Q2	46.3	3
55931014	39947.Q109L0	46.3	4
55932703	39947.Q2QQ96	46.2	3
55945697	39947.Q84ST4	46.1	1
55943828	39947.Q7X616	46.1	6
55921182	39947.A0A0P0XS68	45.7	1
55927422	39947.P51431	45.6	13
55945160	39947.Q7XUT9	45.3	5
55932439	39947.Q2QMC2	45.2	4
55945493	39947.Q84M57	45.1	1
55938458	39947.Q69S79	44.9	2
55947896	39947.Q9ARZ9	44.9	13
55940074	39947.Q6K1W7	44.9	2
55946601	39947.Q8L3T8	44.9	2
55948190	39947.Q9FYP0	44.8	7
55924609	39947.A3A2W2	44.7	1
55927829	39947.Q0DB15	44.4	1
55926442	39947.B9GCD8	44.3	2
55930438	39947.Q0JEF5	44.2	1
55925674	39947.B9F7R4	44.2	3
55930937	39947.Q0JQ35	44.1	2
55946118	39947.Q8GVL3	44.0	2
55944392	39947.Q7XIM1	44.0	3
55947382	39947.Q8S9S4	43.7	3
55932625	39947.Q2QP54	43.6	6
55940423	39947.Q6K6K8	43.5	1
55928415	39947.Q0DQ06	43.2	2
55910852	39947.A0A0P0VNY0	43.2	2
55930633	39947.Q0JI73	43.2	3
55921369	39947.A0A0P0XT61	43.2	2
55939426	39947.Q6ETY2	43.1	2
55943555	39947.Q7F0B4	43.1	2
55935322	39947.Q5NAU3	43.0	2
55942070	39947.Q6Z7R9	42.9	2
55921004	39947.A0A0P0XR37	42.9	2
55947893	39947.Q9ARX2	42.9	2
55914267	39947.A0A0P0WEZ7	42.9	7
55937850	39947.Q67VC1	42.8	3
55943773	39947.Q7G6C2	42.7	2
55937227	39947.Q652P5	42.6	2
55940662	39947.Q6K9N0	42.4	1
55920736	39947.A0A0P0XPA4	42.3	1
55910419	39947.A0A0P0VK80	42.3	1
55930791	39947.Q0JLE4	42.3	3
55947743	39947.Q94ED2	42.2	6
55927636	39947.Q0D6J6	42.1	1
55938374	39947.Q69Q72	42.0	1
55931663	39947.Q10MS5	42.0	1
55946754	39947.Q8LIL0	42.0	2
55935203	39947.Q5N8U8	41.8	2
55946981	39947.Q8LR32	41.8	1
55929987	39947.Q0J9F3	41.8	1
55932945	39947.Q2QVJ8	41.7	3
55912877	39947.A0A0P0W5Z4	41.6	1
55927119	39947.F7J0M6	41.6	4
55935256	39947.Q5N9U4	41.5	3
55917420	39947.A0A0P0X214	41.5	2
55909551	39947.A0A0P0VEC8	41.4	5
55929592	39947.Q0J0Q8	41.4	1
55943116	39947.Q75HW9	41.3	1
55933075	39947.Q2QXF9	41.3	1
55920047	39947.A0A0P0XJV4	41.2	3
55946550	39947.Q8H918	41.1	3
55933090	39947.Q2QXK1	41.0	1
55944254	39947.Q7XHL8	40.9	2
55940384	39947.Q6K661	40.9	2
55939686	39947.Q6H553	40.7	1
55936650	39947.Q5ZA82	40.6	4
55915330	39947.A0A0P0WMB8	40.5	1
55910424	39947.A0A0P0VK91	40.4	1
55932504	39947.Q2QN11	40.2	3
55936589	39947.Q5Z9I0	40.2	1
55924797	39947.A3BB84	40.1	1
55945638	39947.Q84QW4	40.1	2
55946279	39947.Q8H3M1	39.9	1
55917988	39947.A0A0P0X5R2	39.8	1
55911503	39947.A0A0P0VUT8	39.6	1
55922545	39947.A0A0P0Y138	39.5	2
55936540	39947.Q5Z904	39.5	1
55931783	39947.Q10NP6	39.5	2
55943658	39947.Q7F8R1	39.5	2
55936775	39947.Q5ZC75	39.4	1
55912255	39947.A0A0P0W0K9	39.4	1
55932715	39947.Q2QQD3	39.1	2
55946052	39947.Q8GS76	39.1	1
55935099	39947.Q5N7H0	39.0	1
55933166	39947.Q2QY88	38.9	6
55928297	39947.Q0DLD5	38.8	3
55940304	39947.Q6K548	38.8	2
55931896	39947.Q10PM7	38.7	1
55937077	39947.Q60EZ3	38.7	1
55946832	39947.Q8LMG0	38.6	1
55907793	39947.A0A0P0V1B4	38.5	2
55933049	39947.Q2QX63	38.5	1
55945654	39947.Q84R74	38.5	3
55932748	39947.Q2QQY1	38.4	1
55920303	39947.A0A0P0XLG3	38.4	1
55928517	39947.Q0DSS9	38.3	1
55944286	39947.Q7XHW4	38.3	1
55946481	39947.Q8H7U1	38.3	19
55943081	39947.Q75HE6	38.3	3
55907811	39947.A0A0P0V1F6	38.2	5
55924564	39947.A2ZV47	38.2	2
55947230	39947.Q8S230	38.2	2
55944497	39947.Q7XKM1	38.1	2
55941017	39947.Q6YTR3	38.1	2
55930871	39947.Q0JNK5	38.0	11
55935754	39947.Q5VMX4	37.9	1
55943205	39947.Q75IS2	37.9	2
55928423	39947.Q0DQB4	37.8	2
55929581	39947.Q0J0N3	37.8	2
55933300	39947.Q2QZU0	37.7	1
55918159	39947.A0A0P0X6W8	37.7	1
55925388	39947.B7F9R7	37.6	2
55925285	39947.B7F845	37.6	2
55939221	39947.Q6ER67	37.6	2
55912052	39947.A0A0P0VZB6	37.6	1
55929495	39947.Q0IZR0	37.5	3
55941485	39947.Q6Z0G0	37.5	1
55935506	39947.Q5QMN3	37.3	3
55935603	39947.Q5SMU7	37.2	2
55927576	39947.Q0D5J1	37.2	2
55925366	39947.B7F9E7	37.2	1
55946736	39947.Q8LI88	37.1	1
55935635	39947.Q5SNE1	37.1	5
55941995	39947.Q6Z6Y1	37.1	1
55942123	39947.Q6Z8E9	37.1	2
55918876	39947.A0A0P0XC98	37.0	1
55942663	39947.Q6ZHJ5	36.9	3
55939018	39947.Q6AVL0	36.9	4
55921741	39947.A0A0P0XVH5	36.8	3
55914148	39947.A0A0P0WE46	36.7	1
55912349	39947.A0A0P0W1A2	36.7	1
55941357	39947.Q6YYQ5	36.5	1
55946267	39947.Q8H3E9	36.5	3
55909011	39947.A0A0P0V9M8	36.3	1
55939449	39947.Q6EUB0	36.2	1
55939629	39947.Q6H4M5	36.2	1
55942292	39947.Q6ZB94	36.1	2
55943303	39947.Q75L18	36.1	2
55937914	39947.Q67W83	36.0	1
55941398	39947.Q6YZ99	36.0	3
55939637	39947.Q6H4P7	35.9	6
55933781	39947.Q2RA11	35.9	3
55947452	39947.Q8W2W8	35.9	3
55927345	39947.P25777	35.8	2
55930729	39947.Q0JKD0	35.7	12
55904856	39947.A0A0N7KCT0	35.6	5
55908122	39947.A0A0P0V3D1	35.6	1
55925955	39947.B9FL70	35.4	4
55946624	39947.Q8L4F2	35.3	1
55947182	39947.Q8S1F1	35.1	1
55938015	39947.Q688R3	35.0	2
55911245	39947.A0A0P0VSF3	34.8	2
55914710	39947.A0A0P0WIH1	34.8	1
55927867	39947.Q0DC17	34.8	2
55946148	39947.Q8GVZ6	34.7	1
55923294	39947.A0A0P0Y5D4	34.5	1
55928856	39947.Q0E2Q3	34.4	2
55927733	39947.Q0D8L5	34.4	1
55946995	39947.Q8LR75	34.4	2
55924792	39947.A3BAI8	34.4	4
55936075	39947.Q5VS72	34.1	3
55927789	39947.Q0DA37	34.1	4
55945952	39947.Q851U1	34.0	1
55944657	39947.Q7XP60	34.0	3
55942149	39947.Q6Z8N7	34.0	1
55910759	39947.A0A0P0VN47	34.0	2
55927152	39947.O23877	33.9	2
55947056	39947.Q8RVA0	33.9	6
55920291	39947.A0A0P0XLD2	33.8	1
55936290	39947.Q5Z5B9	33.8	1
55924329	39947.A0A0P0YBN8	33.4	1
55947994	39947.Q9AWQ0	33.4	3
55945988	39947.Q852E3	33.3	1
55945400	39947.Q7Y140	33.3	1
55946310	39947.Q8H493	33.2	4
55936645	39947.Q5ZA49	33.1	1
55933851	39947.Q2RAZ2	33.1	5
55946507	39947.Q8H8B0	33.0	2
55908624	39947.A0A0P0V6N3	33.0	3
55910071	39947.A0A0P0VI36	33.0	2
55929578	39947.Q0J0M8	32.9	2
55927774	39947.Q0D9N5	32.9	1
55912378	39947.A0A0P0W1H4	32.9	2
55947510	39947.Q93VT8	32.9	3
55906665	39947.A0A0N7KQY9	32.9	3
55933962	39947.Q336U1	32.7	1
55915846	39947.A0A0P0WR30	32.7	1
55935840	39947.Q5VP50	32.5	3
55926505	39947.C7EYT0	32.3	1
55941278	39947.Q6YXT7	32.3	2
55918152	39947.A0A0P0X6U8	32.3	13
55927637	39947.Q0D6J9	32.1	2
55945491	39947.Q84M51	32.1	1
55945188	39947.Q7XV16	32.0	1
55927650	39947.Q0D6U7	32.0	3
55943550	39947.Q7F099	31.9	2
55930025	39947.Q0J9V7	31.8	4
55944025	39947.Q7XBS0	31.3	4
55935143	39947.Q5N7Z8	31.2	2
55935262	39947.Q5N9W7	31.2	1
55928600	39947.Q0DVI1	31.1	2
55948010	39947.Q9AWZ8	31.0	1
55922916	39947.A0A0P0Y374	31.0	1
55913375	39947.A0A0P0W8J1	31.0	1
55915007	39947.A0A0P0WKA9	31.0	1
55934864	39947.Q5JME6	30.9	1
55947752	39947.Q94EG1	30.9	1
55930328	39947.Q0JD56	30.8	2
55947142	39947.Q8S0C6	30.8	1
55937777	39947.Q67UM6	30.8	2
55925655	39947.B9F661	30.8	1
55940696	39947.Q6KA29	30.7	2
55944650	39947.Q7XP48	30.6	2
55907479	39947.A0A0P0UYW8	30.6	1
55929025	39947.Q0IN14	30.6	5
55931854	39947.Q10P83	30.5	2
55914730	39947.A0A0P0WIN3	30.5	1
55939653	39947.Q6H4U9	30.3	1
55931492	39947.Q10LL5	30.2	1
55928343	39947.Q0DN31	30.1	1
55947330	39947.Q8S7H8	30.1	1
55937183	39947.Q651Z1	30.1	1
55936363	39947.Q5Z6G4	30.1	1
55937408	39947.Q655X0	30.1	1
55916469	39947.A0A0P0WVK7	30.0	1
55946387	39947.Q8H5D4	30.0	1
55938504	39947.Q69SX2	30.0	1
55947846	39947.Q94JJ0	29.9	1
55936547	39947.Q5Z943	29.8	1
55944901	39947.Q7XS69	29.5	1
55905862	39947.A0A0N7KKE1	29.4	1
55948174	39947.Q9FWQ3	29.3	1
55930517	39947.Q0JFE7	29.2	1
55933645	39947.Q2R3T7	29.2	1
55907159	39947.A0A0N7KU17	29.2	1
55930841	39947.Q0JMX0	29.1	1
55945424	39947.Q7Y1G8	29.0	1
55932267	39947.Q10SU5	29.0	2
55935777	39947.Q5VNF4	29.0	1
55905546	39947.A0A0N7KI51	28.9	1
55911593	39947.A0A0P0VVK7	28.8	3
55933801	39947.Q2RAK2	28.8	4
55933117	39947.Q2QXR8	28.8	4
55932856	39947.Q2QTT7	28.7	1
55942979	39947.Q6ZLJ9	28.6	2
55944635	39947.Q7XNY1	28.6	1
55948317	39947.Q9LWN1	28.6	2
55928235	39947.Q0DK10	28.6	2
55936841	39947.Q5ZD67	28.5	1
55939882	39947.Q6H7M3	28.5	3
55929595	39947.Q0J0R3	28.5	2
55933755	39947.Q2R8Z5	28.5	5
55923874	39947.A0A0P0Y8V9	28.4	1
55911727	39947.A0A0P0VWW2	28.4	1
55941601	39947.Q6Z2B6	28.3	3
55938811	39947.Q6AT12	28.3	1
55933978	39947.Q336X4	28.3	3
55916238	39947.A0A0P0WU81	28.3	1
55947201	39947.Q8S1S0	28.2	1
55942944	39947.Q6ZL61	28.2	1
55943072	39947.Q75HA1	28.2	2
55924750	39947.A3AWB6	28.2	2
55946964	39947.Q8LQS5	28.1	1
55942861	39947.Q6ZK18	28.0	3
55929108	39947.Q0IQ54	28.0	1
55935846	39947.Q5VP69	28.0	2
55924071	39947.A0A0P0Y9Z8	28.0	1
55946545	39947.Q8H8W7	28.0	1
55932597	39947.Q2QNS2	27.9	1
55947320	39947.Q8S702	27.8	2
55935615	39947.Q5SN38	27.8	2
55932488	39947.Q2QMT7	27.7	2
55912973	39947.A0A0P0W6L8	27.5	1
55934134	39947.Q33A24	27.5	5
55937524	39947.Q658I5	27.4	1
55942509	39947.Q6ZFH9	27.2	2
55944722	39947.Q7XPY5	27.2	1
55925514	39947.B9EXM2	27.2	5
55934753	39947.Q5JL23	27.2	1
55931421	39947.Q10KY3	27.2	1
55929752	39947.Q0J407	27.1	1
55936925	39947.Q5ZEM4	27.0	1
55921426	39947.A0A0P0XTH3	27.0	1
55914599	39947.A0A0P0WHP0	27.0	6
55936655	39947.Q5ZA98	26.9	1
55946904	39947.Q8LNT9	26.8	2
55929567	39947.Q0J0K9	26.8	1
55947534	39947.Q941T9	26.8	1
55919498	39947.A0A0P0XFU8	26.6	1
55943432	39947.Q7DNA1	26.6	1
55940402	39947.Q6K6A4	26.6	2
55914927	39947.A0A0P0WJU0	26.5	2
55920262	39947.A0A0P0XL76	26.4	1
55918691	39947.A0A0P0XAV5	26.4	1
55928192	39947.Q0DJC5	26.4	1
55930509	39947.Q0JFC4	26.1	1
55943493	39947.Q7EYR6	26.1	1
55908809	39947.A0A0P0V830	25.9	2
55928186	39947.Q0DJB9	25.9	2
55947684	39947.Q94DB8	25.9	1
55936020	39947.Q5VRK6	25.9	1
55941936	39947.Q6Z695	25.8	2
55935046	39947.Q5N6Z8	25.8	1
55944609	39947.Q7XN04	25.8	2
55943967	39947.Q7X8Y3	25.8	1
55943603	39947.Q7F1K4	25.8	1
55943758	39947.Q7G4G7	25.8	2
55905595	39947.A0A0N7KIJ5	25.7	2
55925301	39947.B7F8G1	25.6	2
55942431	39947.Q6ZDE3	25.5	2
55929056	39947.Q0INR6	25.5	1
55914443	39947.A0A0P0WGD2	25.5	2
55942310	39947.Q6ZBI7	25.5	1
55946359	39947.Q8H530	25.4	1
55925198	39947.B7EPT4	25.3	2
55946472	39947.Q8H7P4	25.3	1
55943288	39947.Q75KV9	25.3	1
55939376	39947.Q6ETF7	25.2	2
55947717	39947.Q94DV3	25.2	2
55938322	39947.Q69P51	25.1	3
55938428	39947.Q69R50	25.1	1
55936057	39947.Q5VRY2	25.0	1
55939782	39947.Q6H6H8	25.0	1
55927078	39947.C7J9S7	25.0	1
55913762	39947.A0A0P0WAY2	25.0	1
55914717	39947.A0A0P0WIJ8	24.9	1
55930694	39947.Q0JJV1	24.9	1
55946406	39947.Q8H5N9	24.9	1
55924346	39947.A0A0P0YBT2	24.8	1
55945746	39947.Q84TX6	24.8	1
55936026	39947.Q5VRM7	24.8	1
55941091	39947.Q6YUS2	24.7	3
55944832	39947.Q7XR79	24.7	3
55947372	39947.Q8S919	24.7	3
55947373	39947.Q8S920	24.7	3
55908286	39947.A0A0P0V499	24.6	1
55934615	39947.Q58G87	24.6	13
55910970	39947.A0A0P0VPW9	24.6	2
55932176	39947.Q10S02	24.6	3
55919926	39947.A0A0P0XIZ8	24.6	1
55947153	39947.Q8S0M7	24.6	1
55935436	39947.Q5QLQ5	24.6	2
55928215	39947.Q0DJR9	24.6	1
55935071	39947.Q5N780	24.6	1
55941130	39947.Q6YV37	24.5	1
55946370	39947.Q8H569	24.5	3
55944607	39947.Q7XN02	24.5	2
55912882	39947.A0A0P0W604	24.5	6
55948199	39947.Q9LD96	24.5	1
55938394	39947.Q69QL3	24.5	1
55936924	39947.Q5ZEM2	24.5	2
55923720	39947.A0A0P0Y804	24.4	1
55942154	39947.Q6Z8P9	24.4	1
55922191	39947.A0A0P0XYV3	24.4	1
55936708	39947.Q5ZBA9	24.3	1
55909677	39947.A0A0P0VFA8	24.3	1
55904853	39947.A0A0N7KCS7	24.3	1
55918324	39947.A0A0P0X7Z2	24.2	2
55947573	39947.Q942Q6	24.2	1
55941256	39947.Q6YXC2	24.2	3
55915424	39947.A0A0P0WMV7	24.2	1
55943978	39947.Q7XAA9	24.1	2
55916285	39947.A0A0P0WUJ7	24.1	1
55932377	39947.Q2QLV9	24.1	1
55941665	39947.Q6Z2Z4	24.1	5
55938006	39947.Q688M9	24.1	1
55941908	39947.Q6Z5P2	24.1	1
55923850	39947.A0A0P0Y8Q6	23.9	2
55916852	39947.A0A0P0WXQ4	23.9	2
55912979	39947.A0A0P0W6M8	23.9	2
55931882	39947.Q10PG4	23.9	1
55923808	39947.A0A0P0Y8G5	23.8	1
55943088	39947.Q75HJ3	23.8	2
55933297	39947.Q2QZT5	23.7	1
55909020	39947.A0A0P0V9Q4	23.7	3
55905447	39947.A0A0N7KHG7	23.7	1
55945348	39947.Q7XZV9	23.7	1
55923144	39947.A0A0P0Y4K2	23.6	1
55913710	39947.A0A0P0WAK8	23.6	1
55927984	39947.Q0DFG5	23.6	1
55945704	39947.Q84T03	23.6	1
55934713	39947.Q5JKQ3	23.4	2
55943125	39947.Q75HY5	23.4	3
55947937	39947.Q9AUQ4	23.4	2
55939916	39947.Q6H820	23.3	1
55930022	39947.Q0J9V4	23.3	1
55916214	39947.A0A0P0WU10	23.3	1
55936295	39947.Q5Z5E8	23.3	1
55945760	39947.Q84UQ3	23.3	2
55909669	39947.A0A0P0VF79	23.2	1
55916054	39947.A0A0P0WSW9	23.2	4
55906965	39947.A0A0N7KSW5	23.2	1
55915534	39947.A0A0P0WNN0	23.1	1
55945255	39947.Q7XVZ0	23.0	1
55940347	39947.Q6K5R5	23.0	1
55932008	39947.Q10QF5	23.0	2
55938650	39947.Q69VD9	22.9	1
55939101	39947.Q6EP59	22.9	1
55934373	39947.Q53LY0	22.8	3
55944812	39947.Q7XR00	22.7	4
55908473	39947.A0A0P0V5J0	22.7	1
55925932	39947.B9FKC6	22.7	2
55942410	39947.Q6ZD63	22.6	1
55937836	39947.Q67V91	22.6	1
55946007	39947.Q852L2	22.5	2
55936230	39947.Q5WMY1	22.4	1
55940141	39947.Q6K2Q1	22.4	5
55939923	39947.Q6H845	22.4	2
55937423	39947.Q656B0	22.4	2
55907661	39947.A0A0P0V0B8	22.4	5
55932298	39947.Q10T57	22.4	5
55944049	39947.Q7XC08	22.3	1
55941228	39947.Q6YWQ1	22.3	1
55935855	39947.Q5VPB6	22.2	1
55940739	39947.Q6L4G3	22.1	1
55937599	39947.Q65XE2	22.1	1
55941933	39947.Q6Z689	22.1	1
55928698	39947.Q0DY65	22.1	2
55926027	39947.B9FPG3	22.0	1
55943837	39947.Q7X681	21.9	1
55946864	39947.Q8LN60	21.9	1
55944990	39947.Q7XT99	21.8	1
55941107	39947.Q6YUU2	21.8	1
55918328	39947.A0A0P0X811	21.8	1
55942801	39947.Q6ZJ66	21.7	1
55922767	39947.A0A0P0Y2C6	21.7	1
55934283	39947.Q53JI5	21.6	1
55942686	39947.Q6ZI02	21.6	1
55942814	39947.Q6ZJD3	21.5	1
55920886	39947.A0A0P0XQA6	21.4	1
55911174	39947.A0A0P0VRQ2	21.4	1
55942367	39947.Q6ZCC2	21.3	1
55906296	39947.A0A0N7KNF7	21.2	1
55935760	39947.Q5VN14	21.2	1
55928198	39947.Q0DJD8	21.2	1
55911049	39947.A0A0P0VQL0	21.2	1
55934829	39947.Q5JLY8	21.0	1
55905676	39947.A0A0N7KJ06	21.0	1
55931505	39947.Q10LP5	21.0	7
55924625	39947.A3A4G6	21.0	2
55908561	39947.A0A0P0V641	21.0	1
55913568	39947.A0A0P0W9L3	21.0	2
55930767	39947.Q0JKY3	20.9	1
55914556	39947.A0A0P0WHC1	20.9	3
55931807	39947.Q10NX2	20.9	2
55932243	39947.Q10SM0	20.8	1
55909650	39947.A0A0P0VF30	20.7	14
55906640	39947.A0A0N7KQS3	20.7	2
55913521	39947.A0A0P0W9B7	20.7	1
55942322	39947.Q6ZBS5	20.6	3
55942240	39947.Q6ZA15	20.6	1
55916149	39947.A0A0P0WTK8	20.5	1
55946915	39947.Q8LNW4	20.5	1
55931253	39947.Q10F25	20.4	1
55912731	39947.A0A0P0W4D7	20.3	1
55926606	39947.C7IYT3	20.3	1
55913187	39947.A0A0P0W7N0	20.2	1
55939684	39947.Q6H547	20.2	3
55911179	39947.A0A0P0VRR5	20.1	1
55944283	39947.Q7XHW0	20.0	2
55944310	39947.Q7XI34	20.0	1
55944034	39947.Q7XBU9	19.8	1
55916759	39947.A0A0P0WX54	19.7	3
55912862	39947.A0A0P0W5V0	19.5	1
55938109	39947.Q69JH2	19.3	2
55929317	39947.Q0IV31	19.3	1
55937223	39947.Q652N5	19.3	1
55936598	39947.Q5Z9N5	19.2	2
55940891	39947.Q6T5D1	19.2	3
55935325	39947.Q5NAV8	19.2	1
55927664	39947.Q0D730	19.1	1
55929713	39947.Q0J390	19.1	1
55933823	39947.Q2RAP8	19.0	3
55933136	39947.Q2QXY9	19.0	3
55936807	39947.Q5ZCG0	19.0	1
55940767	39947.Q6L4R6	19.0	1
55947640	39947.Q948T6	18.9	2
55937509	39947.Q658D6	18.9	1
55948291	39947.Q9LL45	18.9	1
55923499	39947.A0A0P0Y6L9	18.8	1
55906753	39947.A0A0N7KRJ1	18.8	1
55928437	39947.Q0DQK8	18.7	1
55937582	39947.Q65X98	18.7	1
55947291	39947.Q8S5V3	18.6	1
55931401	39947.Q10KQ0	18.5	1
55947472	39947.Q8W3D9	18.5	1
55929116	39947.Q0IQA5	18.5	3
55914237	39947.A0A0P0WES1	18.5	1
55934558	39947.Q53Q39	18.5	2
55935041	39947.Q5N6Y0	18.4	2
55926529	39947.C7IWS6	18.4	1
55942035	39947.Q6Z7D0	18.3	1
55931651	39947.Q10MP8	18.3	1
55937952	39947.Q67WP1	18.2	1
55932881	39947.Q2QUC5	18.1	1
55934269	39947.Q4W8D0	18.0	4
55932797	39947.Q2QS20	18.0	1
55935924	39947.Q5VQG4	18.0	1
55948270	39947.Q9LHW4	17.9	5
55923500	39947.A0A0P0Y6M0	17.9	3
55941549	39947.Q6Z1G2	17.8	1
55909665	39947.A0A0P0VF70	17.8	1
55940825	39947.Q6L561	17.7	1
55934307	39947.Q53KJ5	17.7	1
55915138	39947.A0A0P0WL17	17.6	1
55927199	39947.P0C0X5	17.6	3
55937030	39947.Q60EJ2	17.5	2
55941539	39947.Q6Z1C0	17.5	1
55945820	39947.Q84Z17	17.5	1
55917190	39947.A0A0P0X005	17.5	13
55933107	39947.Q2QXN5	17.5	1
55945997	39947.Q852J5	17.4	1
55929022	39947.Q0IMY5	17.3	1
55922063	39947.A0A0P0XY20	17.3	1
55942554	39947.Q6ZG77	17.3	1
55935372	39947.Q5NBG3	17.2	1
55943722	39947.Q7FAY6	17.2	1
55917549	39947.A0A0P0X2X3	17.1	1
55915629	39947.A0A0P0WPC2	17.1	1
55907154	39947.A0A0N7KU10	17.1	1
55938741	39947.Q69XV5	17.0	1
55933833	39947.Q2RAT1	17.0	1
55931920	39947.Q10PW2	17.0	6
55946270	39947.Q8H3G8	16.9	1
55933281	39947.Q2QZJ7	16.9	3
55910053	39947.A0A0P0VI05	16.8	1
55919731	39947.A0A0P0XHH9	16.8	1
55916184	39947.A0A0P0WTU4	16.8	1
55939308	39947.Q6ESK6	16.8	4
55943114	39947.Q75HW6	16.8	1
55929584	39947.Q0J0N6	16.7	3
55931586	39947.Q10MB0	16.6	1
55904784	39947.A0A024FLK4	16.6	2
55917611	39947.A0A0P0X3G7	16.6	1
55941094	39947.Q6YUS5	16.5	1
55910897	39947.A0A0P0VPB6	16.4	1
55939320	39947.Q6ESS0	16.3	1
55929951	39947.Q0J909	16.3	1
55939900	39947.Q6H7T1	16.3	1
55944908	39947.Q7XSA6	16.3	1
55947604	39947.Q943L2	16.3	1
55942313	39947.Q6ZBP3	16.3	1
55915646	39947.A0A0P0WPH7	16.2	1
55909540	39947.A0A0P0VEA2	16.2	1
55932045	39947.Q10QR1	16.2	1
55923381	39947.A0A0P0Y5W7	16.2	1
55937842	39947.Q67VA7	16.2	1
55913086	39947.A0A0P0W774	16.1	1
55929105	39947.Q0IQ11	16.1	1
55944289	39947.Q7XHW7	16.1	1
55931477	39947.Q10LH9	16.1	2
55925038	39947.A7LFZ6	16.1	3
55931655	39947.Q10MQ4	16.0	1
55942716	39947.Q6ZI99	16.0	1
55919608	39947.A0A0P0XGM3	16.0	1
55944966	39947.Q7XT07	15.9	1
55945430	39947.Q7Y1I5	15.9	2
55938652	39947.Q69VG1	15.9	1
55942468	39947.Q6ZDZ0	15.8	1
55906066	39947.A0A0N7KLU4	15.8	1
55945407	39947.Q7Y166	15.7	1
55947177	39947.Q8S1C7	15.7	1
55927897	39947.Q0DCT8	15.6	1
55947932	39947.Q9AUK0	15.6	1
55907257	39947.A0A0P0UXE2	15.5	1
55931679	39947.Q10MU8	15.4	1
55948173	39947.Q9FWQ2	15.3	1
55913503	39947.A0A0P0W979	15.2	1
55921166	39947.A0A0P0XS32	15.1	1
55932170	39947.Q10RY0	15.1	1
55905001	39947.A0A0N7KDU6	15.0	1
55945634	39947.Q84QU8	14.9	1
55943270	39947.Q75KH3	14.9	1
55933721	39947.Q2R726	14.9	1
55924164	39947.A0A0P0YAL3	14.9	2
55917261	39947.A0A0P0X0M4	14.8	1
55930051	39947.Q0JA71	14.8	1
55934403	39947.Q53MI2	14.7	1
55943873	39947.Q7X720	14.7	4
55919574	39947.A0A0P0XGE1	14.7	1
55927458	39947.Q05KP6	14.7	1
55943905	39947.Q7X7I6	14.7	1
55925392	39947.B7F9T8	14.6	1
55928090	39947.Q0DHH6	14.6	1
55943807	39947.Q7GBK0	14.6	1
55948244	39947.Q9LGH8	14.6	1
55948243	39947.Q9LGH4	14.6	1
55948246	39947.Q9LGI2	14.6	1
55947847	39947.Q94JJ4	14.6	1
55947848	39947.Q94JJ7	14.6	1
55947836	39947.Q94JE1	14.6	1
55939533	39947.Q6F362	14.6	1
55924474	39947.A0A0P0YCU6	14.5	2
55939925	39947.Q6H849	14.5	1
55939554	39947.Q6F3A6	14.5	1
55942803	39947.Q6ZJ90	14.5	1
55928211	39947.Q0DJJ0	14.5	1
55934560	39947.Q53Q51	14.5	1
55939080	39947.Q6ENK5	14.4	3
55908853	39947.A0A0P0V8F9	14.3	1
55929956	39947.Q0J932	14.3	1
55906307	39947.A0A0N7KNI9	14.3	1
55939883	39947.Q6H7M7	14.2	1
55910188	39947.A0A0P0VIT4	14.2	1
55932163	39947.Q10RW1	14.2	1
55934241	39947.Q42997	14.2	2
55946500	39947.Q8H852	14.2	1
55933731	39947.Q2R8P2	14.1	1
55948359	39947.Q9SDD7	14.1	1
55934479	39947.Q53NW6	14.0	2
55933048	39947.Q2QX58	14.0	1
55947881	39947.Q9AQZ5	14.0	2
55947964	39947.Q9AV23	14.0	1
55908802	39947.A0A0P0V805	14.0	1
55934037	39947.Q337N4	14.0	1
55947499	39947.Q93VD4	14.0	1
55914410	39947.A0A0P0WG14	13.9	2
55906846	39947.A0A0N7KS51	13.8	2
55933277	39947.Q2QZH3	13.8	1
55934911	39947.Q5JMU8	13.8	3
55948269	39947.Q9LHW0	13.8	5
55907886	39947.A0A0P0V1X4	13.8	1
55937306	39947.Q653W1	13.7	1
55945615	39947.Q84QB8	13.7	1
55946330	39947.Q8H4K7	13.7	3
55925616	39947.B9F460	13.6	1
55942033	39947.Q6Z7C3	13.6	1
55937376	39947.Q655H7	13.5	1
55939271	39947.Q6ES24	13.5	1
55927468	39947.Q0D3B6	13.5	1
55936354	39947.Q5Z6D3	13.4	1
55930476	39947.Q0JEZ8	13.3	1
55936786	39947.Q5ZCB9	13.2	1
55917470	39947.A0A0P0X2D3	13.2	5
55927762	39947.Q0D9C7	13.1	1
55922872	39947.A0A0P0Y2X7	13.1	1
55914829	39947.A0A0P0WJ92	13.0	2
55945192	39947.Q7XV23	13.0	1
55947991	39947.Q9AWM9	12.9	1
55929269	39947.Q0ITX2	12.9	1
55915845	39947.A0A0P0WR29	12.9	1
55907171	39947.A0A0N7KU47	12.9	1
55942829	39947.Q6ZJJ0	12.9	1
55939460	39947.Q6EUH5	12.8	1
55940147	39947.Q6K2Y3	12.8	1
55942306	39947.Q6ZBH9	12.7	2
55929633	39947.Q0J1C1	12.7	1
55934677	39947.Q5JK35	12.7	1
55944422	39947.Q7XIX3	12.7	1
55934193	39947.Q33CD3	12.6	1
55921762	39947.A0A0P0XVN3	12.6	1
55915855	39947.A0A0P0WR56	12.6	1
55931472	39947.Q10LG9	12.6	1
55944730	39947.Q7XQ04	12.6	1
55929444	39947.Q0IYK7	12.6	1
55943224	39947.Q75J19	12.5	2
55941751	39947.Q6Z3Y3	12.5	1
55928364	39947.Q0DNQ5	12.5	1
55945027	39947.Q7XTM0	12.5	1
55947231	39947.Q8S233	12.5	1
55945907	39947.Q851G2	12.4	1
55923215	39947.A0A0P0Y4Z1	12.4	1
55940668	39947.Q6K9Q5	12.4	3
55928359	39947.Q0DNL1	12.4	2
55944728	39947.Q7XPZ9	12.4	1
55930649	39947.Q0JIQ1	12.3	1
55933450	39947.Q2R1K5	12.2	1
55926887	39947.C7J5J3	12.1	1
55930840	39947.Q0JMW7	12.1	1
55928984	39947.Q0ILZ4	12.1	1
55908512	39947.A0A0P0V5S3	12.1	1
55948014	39947.Q9AX15	12.0	1
55914290	39947.A0A0P0WF66	12.0	1
55910537	39947.A0A0P0VL93	12.0	1
55909384	39947.A0A0P0VCW4	12.0	1
55935133	39947.Q5N7W6	12.0	1
55924968	39947.A3C1D7	12.0	1
55940416	39947.Q6K6F7	11.9	1
55938823	39947.Q6AT40	11.9	1
55921705	39947.A0A0P0XV93	11.9	1
55922113	39947.A0A0P0XYC6	11.8	1
55939544	39947.Q6F382	11.7	1
55938395	39947.Q69QL4	11.7	5
55927600	39947.Q0D600	11.6	2
55947242	39947.Q8S2E5	11.6	1
55942761	39947.Q6ZIT8	11.5	1
55927519	39947.Q0D429	11.5	2
55937344	39947.Q654Q5	11.4	1
55944945	39947.Q7XSS0	11.4	1
55942285	39947.Q6ZB32	11.4	1
55943685	39947.Q7F9I1	11.3	3
55930489	39947.Q0JF37	11.3	2
55930299	39947.Q0JCU7	11.3	1
55927508	39947.Q0D3Z0	11.3	1
55934254	39947.Q4PR39	11.3	1
55945046	39947.Q7XTS4	11.2	1
55941400	39947.Q6YZA4	11.2	2
55911004	39947.A0A0P0VQ82	11.2	1
55908746	39947.A0A0P0V7M5	11.1	1
55936853	39947.Q5ZDH6	11.1	1
55935791	39947.Q5VNM3	11.1	3
55931340	39947.Q10I26	11.1	3
55929452	39947.Q0IYV8	11.1	1
55938227	39947.Q69LG5	11.0	1
55948118	39947.Q9FU69	11.0	1
55927409	39947.P48642	11.0	1
55932335	39947.Q2QLK4	10.9	1
55924762	39947.A3AXX0	10.9	1
55938766	39947.Q69Y81	10.8	1
55930642	39947.Q0JII7	10.8	1
55925613	39947.B9F3S3	10.6	1
55907324	39947.A0A0P0UXU4	10.6	1
55943871	39947.Q7X711	10.6	1
55927585	39947.Q0D5R3	10.6	1
55936840	39947.Q5ZD66	10.5	1
55940066	39947.Q6K1U0	10.5	1
55945948	39947.Q851S7	10.5	1
55932795	39947.Q2QS17	10.5	1
55936040	39947.Q5VRS7	10.4	3
55944680	39947.Q7XPL3	10.3	1
55927230	39947.P0C358	10.3	1
55932804	39947.Q2QSB9	10.3	1
55925848	39947.B9FGJ2	10.2	1
55935234	39947.Q5N9E6	10.2	1
55922369	39947.A0A0P0Y018	10.2	1
55940773	39947.Q6L4S3	10.2	2
55914218	39947.A0A0P0WEM3	10.1	1
55946646	39947.Q8L519	10.1	1
55940305	39947.Q6K550	10.0	2
55938982	39947.Q6AV23	10.0	1
55935060	39947.Q5N749	9.97	2
55913625	39947.A0A0P0WA00	9.94	1
55937114	39947.Q650Y9	9.9	1
55924535	39947.A2ZP58	9.89	1
55932257	39947.Q10SQ6	9.89	1
55914242	39947.A0A0P0WET4	9.82	1
55923390	39947.A0A0P0Y5Y8	9.8	2
55930161	39947.Q0JBF3	9.77	1
55931704	39947.Q10N17	9.76	1
55924920	39947.A3BUD2	9.71	1
55935899	39947.Q5VQ40	9.64	1
55935315	39947.Q5NAQ9	9.61	1
55933908	39947.Q2RBM4	9.59	3
55927616	39947.Q0D699	9.5	1
55916292	39947.A0A0P0WUL3	9.48	1
55945393	39947.Q7Y0V7	9.44	1
55923791	39947.A0A0P0Y8D2	9.42	1
55932716	39947.Q2QQD9	9.41	1
55943652	39947.Q7F7I7	9.41	1
55925657	39947.B9F676	9.31	3
55941814	39947.Q6Z4I2	9.22	1
55940165	39947.Q6K393	9.17	1
55939117	39947.Q6EPF0	9.13	1
55912913	39947.A0A0P0W6A0	9.11	1
55914936	39947.A0A0P0WJV8	9.1	1
55946662	39947.Q8L6I3	9.07	6
55927405	39947.P48489	9.05	3
55935316	39947.Q5NAR7	9.03	1
55938239	39947.Q69LX2	9.02	5
55930212	39947.Q0JBY9	9.02	1
55941456	39947.Q6YZY5	8.9	2
55927952	39947.Q0DET1	8.86	1
55942389	39947.Q6ZCV7	8.85	3
55925576	39947.B9F1C0	8.84	2
55939483	39947.Q6EUS6	8.83	2
55931895	39947.Q10PM6	8.77	1
55947649	39947.Q94CS6	8.72	1
55929621	39947.Q0J0Z5	8.7	3
55931319	39947.Q10HL3	8.69	5
55941401	39947.Q6YZA6	8.65	2
55917429	39947.A0A0P0X241	8.46	1
55911326	39947.A0A0P0VT48	8.44	1
55936285	39947.Q5Z567	8.42	1
55927830	39947.Q0DB53	8.4	2
55937401	39947.Q655V6	8.37	1
55945845	39947.Q84ZI4	8.34	1
55946660	39947.Q8L6I1	8.32	6
55947052	39947.Q8RV34	8.19	1
55925025	39947.A3CHG8	8.17	1
55922050	39947.A0A0P0XXY2	8.16	1
55909647	39947.A0A0P0VF24	8.16	1
55946096	39947.Q8GU92	8.09	1
55927368	39947.P31691	8.09	1
55935507	39947.Q5QMN4	8.03	1
55938680	39947.Q69X21	8.02	3
55926219	39947.B9G2A8	7.9	4
55943812	39947.Q7GD79	7.9	1
55946891	39947.Q8LNM4	7.88	1
55933461	39947.Q2R1Q3	7.87	1
55916447	39947.A0A0P0WVH3	7.86	1
55943635	39947.Q7F2E4	7.82	1
55937359	39947.Q654Y6	7.81	1
55938906	39947.Q6AU80	7.7	1
55919212	39947.A0A0P0XE50	7.6	1
55911012	39947.A0A0P0VQA2	7.6	1
55928187	39947.Q0DJC0	7.47	1
55915713	39947.A0A0P0WPZ3	7.39	1
55913692	39947.A0A0P0WAF3	7.36	1
55924239	39947.A0A0P0YB17	7.24	1
55938028	39947.Q688W7	7.21	3
55921284	39947.A0A0P0XSQ0	7.19	1
55933783	39947.Q2RA23	7.18	1
55913423	39947.A0A0P0W8V3	7.14	1
55932710	39947.Q2QQB5	7.11	1
55929397	39947.Q0IXM5	7.1	1
55918247	39947.A0A0P0X7H0	7.04	1
55921902	39947.A0A0P0XWR6	6.96	1
55942783	39947.Q6ZJ08	6.95	1
55948146	39947.Q9FW70	6.91	1
55936041	39947.Q5VRS8	6.81	1
55936617	39947.Q5Z9S8	6.72	2
55937668	39947.Q67IS9	6.56	1
55936341	39947.Q5Z675	6.49	1
55931612	39947.Q10MH8	6.43	1
55912967	39947.A0A0P0W6K8	6.35	1
55929431	39947.Q0IYA7	6.33	1
55923788	39947.A0A0P0Y8C7	6.31	1
55927604	39947.Q0D622	6.15	1
55926318	39947.B9G7D8	6.14	1
55911043	39947.A0A0P0VQJ2	6.08	1
55911058	39947.A0A0P0VQM9	6.08	1
55929815	39947.Q0J5V8	6.06	1
55926419	39947.B9GBE2	6.0	1
55917523	39947.A0A0P0X2Q4	5.96	1
55946661	39947.Q8L6I2	5.91	5
55932153	39947.Q10RP4	5.84	2
55910719	39947.A0A0P0VMT1	5.82	2
55940260	39947.Q6K4P7	5.81	1
55918129	39947.A0A0P0X6Q2	5.71	1
55923244	39947.A0A0P0Y554	5.68	1
55931680	39947.Q10MV5	5.65	1
55929963	39947.Q0J949	5.64	1
55945242	39947.Q7XVM5	5.59	1
55939819	39947.Q6H703	5.59	1
55925015	39947.A3CE59	5.54	1
55931609	39947.Q10MG9	5.44	2
55947345	39947.Q8S7R8	5.4	1
55929417	39947.Q0IY09	5.33	1
55929965	39947.Q0J952	4.96	1
55947410	39947.Q8W054	4.94	1
55947618	39947.Q943S7	4.93	1
55932307	39947.Q1EHT7	4.86	1
55929720	39947.Q0J3D9	4.79	2
55927891	39947.Q0DCI1	4.66	1
55942531	39947.Q6ZFT9	4.65	1
55922756	39947.A0A0P0Y299	4.6	1
55926296	39947.B9G5Y9	4.58	1
55947939	39947.Q9AUR7	4.56	2
55947940	39947.Q9AUR8	4.52	2
55913612	39947.A0A0P0W9W2	4.47	1
55944573	39947.Q7XMH0	4.46	1
55939804	39947.Q6H6R9	4.45	1
55932720	39947.Q2QQG1	4.42	1
55930742	39947.Q0JKJ3	4.32	1
55941747	39947.Q6Z3X5	4.31	1
55939552	39947.Q6F3A1	3.99	1
55935578	39947.Q5SMI5	3.79	2
55934590	39947.Q53RJ5	3.69	1
55917374	39947.A0A0P0X1P9	3.69	2
55946017	39947.Q852P4	3.63	1
55945159	39947.Q7XUT6	3.53	4
55940801	39947.Q6L500	3.5	1
55910080	39947.A0A0P0VI58	3.48	1
55948254	39947.Q9LGL5	3.46	3
55947737	39947.Q94E96	3.4	1
55943299	39947.Q75L11	3.34	1
55942939	39947.Q6ZL42	3.26	1
55946815	39947.Q8LLP5	3.25	1
55932646	39947.Q2QPG9	3.25	1
55942940	39947.Q6ZL43	3.2	1
55932803	39947.Q2QS71	3.2	1
55945537	39947.Q84NJ4	3.2	1
55928240	39947.Q0DK50	3.06	1
55916538	39947.A0A0P0WVZ0	2.97	1
55917102	39947.A0A0P0WZA3	2.93	1
55914393	39947.A0A0P0WFW5	2.9	1
55944610	39947.Q7XN05	2.78	1
55946841	39947.Q8LMR2	2.72	2
55946640	39947.Q8L4T2	2.66	1
55941664	39947.Q6Z2Z3	2.49	1
55928015	39947.Q0DG35	2.43	3
55935329	39947.Q5NAX7	2.23	3
55920969	39947.A0A0P0XQX1	2.17	1
55944142	39947.Q7XDT4	2.16	2
55941500	39947.Q6Z0R3	2.11	1
55937581	39947.Q65X97	2.1	1
55922865	39947.A0A0P0Y2V8	2.03	3
55936164	39947.Q5W6Y2	2.03	2
55924990	39947.A3C5B2	1.98	1
55944143	39947.Q7XDT6	1.98	1
55905506	39947.A0A0N7KHT2	1.92	1
55935642	39947.Q5SNH5	1.74	1
55910955	39947.A0A0P0VPS2	1.74	1
55943961	39947.Q7X8V3	1.69	1
55941822	39947.Q6Z4K6	1.64	1
55926867	39947.C7J505	1.62	2
55943087	39947.Q75HJ0	1.6	1
55923035	39947.A0A0P0Y3V4	1.6	1
55936097	39947.Q5W681	1.53	1
55935132	39947.Q5N7W4	1.44	1
55925255	39947.B7F1Z6	1.41	1
55942985	39947.Q6ZLL9	1.41	1
55935939	39947.Q5VQL1	1.39	1
55934974	39947.Q5JNN4	1.33	1
55920293	39947.A0A0P0XLD8	1.33	1
55934700	39947.Q5JKF2	1.32	1
55911063	39947.A0A0P0VQP6	1.3	1
55938158	39947.Q69K59	1.27	1
55934541	39947.Q53PX6	1.25	1
55911920	39947.A0A0P0VYF7	1.18	1
55946093	39947.Q8GU87	1.18	1
55911333	39947.A0A0P0VT87	1.17	1
55914801	39947.A0A0P0WJ41	1.14	1
55931927	39947.Q10PY2	1.09	1
55921743	39947.A0A0P0XVH8	1.06	1
55939172	39947.Q6EQ09	1.05	2
55926785	39947.C7J2Z1	1.03	1
55943728	39947.Q7FMW4	1.03	1
55912552	39947.A0A0P0W2X7	1.02	1
55933116	39947.Q2QXQ7	1.01	1
55932802	39947.Q2QS70	0.996	1
55937266	39947.Q653F8	0.995	2
55943777	39947.Q7G6D8	0.983	2
55924348	39947.A0A0P0YBT7	0.938	1
55921815	39947.A0A0P0XW41	0.92	1
55928169	39947.Q0DJ73	0.915	1
55905027	39947.A0A0N7KE40	0.842	1
55946870	39947.Q8LN95	0.813	1
55934664	39947.Q5JK17	0.776	1
55942561	39947.Q6ZG92	0.757	1
55924900	39947.A3BRY8	0.756	1
55947107	39947.Q8RZK0	0.751	1
55946897	39947.Q8LNN8	0.75	2
55932843	39947.Q2QTK4	0.721	2
55906283	39947.A0A0N7KND2	0.706	1
55918346	39947.A0A0P0X850	0.675	1
55943037	39947.Q75GN1	0.656	2
55939956	39947.Q6I548	0.642	1
55921991	39947.A0A0P0XXH6	0.638	1
55937049	39947.Q60EQ4	0.611	1
55940707	39947.Q6KAC3	0.608	1
55922343	39947.A0A0P0XZW9	0.596	1
55939853	39947.Q6H7A7	0.566	1
55906847	39947.A0A0N7KS53	0.565	1
55934768	39947.Q5JL93	0.562	2
55914339	39947.A0A0P0WFI7	0.536	1
55905677	39947.A0A0N7KJ07	0.524	1
55915218	39947.A0A0P0WLJ6	0.516	1
55946140	39947.Q8GVV7	0.516	2
55910023	39947.A0A0P0VHU9	0.502	1
55929629	39947.Q0J198	0.502	1
55934268	39947.Q4VWZ2	0.502	1
55926697	39947.C7J0V5	0.501	1
55904962	39947.A0A0N7KDH5	0.5	1
55927930	39947.Q0DE33	0.485	2
55941518	39947.Q6Z0Z1	0.472	1
55931732	39947.Q10N90	0.457	1
55915312	39947.A0A0P0WM79	0.457	1
55928573	39947.Q0DUU3	0.457	2
55929563	39947.Q0J0J7	0.456	1
55945742	39947.Q84TW0	0.444	1
55934988	39947.Q5KQD2	0.443	1
55928323	39947.Q0DM99	0.437	1
55948405	39947.Q9SXG8	0.428	1
55940499	39947.Q6K7P2	0.415	1
55934523	39947.Q53PL2	0.414	1
55941787	39947.Q6Z4B3	0.402	1
55947440	39947.Q8W0M6	0.385	1
55938183	39947.Q69KV3	0.379	1
55947084	39947.Q8RYY6	0.374	2
55944067	39947.Q7XC67	0.366	1
55935341	39947.Q5NB28	0.364	1
55936919	39947.Q5ZEK1	0.355	1
55939359	39947.Q6ET94	0.354	1
55925546	39947.B9EZL9	0.35	1
55947043	39947.Q8RUQ6	0.342	1
55942698	39947.Q6ZI51	0.339	1
55932200	39947.Q10S65	0.339	1
55914701	39947.A0A0P0WIE4	0.337	1
55943585	39947.Q7F1B1	0.335	1
55927578	39947.Q0D5J6	0.33	1
55931264	39947.Q10FD6	0.324	1
55913415	39947.A0A0P0W8T3	0.323	1
55912768	39947.A0A0P0W4R4	0.323	1
55937745	39947.Q67UA8	0.32	1
55939406	39947.Q6ETQ5	0.319	1
55945088	39947.Q7XU86	0.314	2
55931467	39947.Q10LF7	0.312	1
55911232	39947.A0A0P0VS70	0.311	1
55932099	39947.Q10R54	0.31	2
55905197	39947.A0A0N7KFI2	0.301	2
55936574	39947.Q5Z9E5	0.291	1
55920428	39947.A0A0P0XM51	0.29	1
55939114	39947.Q6EPA2	0.289	1
55943745	39947.Q7G2F7	0.288	3
55940036	39947.Q6I620	0.281	1
55940742	39947.Q6L4H2	0.279	1
55907688	39947.A0A0P0V0J2	0.276	1
55914604	39947.A0A0P0WHP9	0.276	1
55947587	39947.Q942Y7	0.274	1
55938964	39947.Q6AUQ1	0.274	1
55918220	39947.A0A0P0X7B4	0.267	1
55940432	39947.Q6K6S5	0.262	1
55933119	39947.Q2QXS1	0.255	1
55923259	39947.A0A0P0Y579	0.255	1
55927736	39947.Q0D8N7	0.254	1
55944903	39947.Q7XS74	0.253	1
55930749	39947.Q0JKN7	0.25	1
55941735	39947.Q6Z3R6	0.244	1
55943767	39947.Q7G604	0.235	1
55908403	39947.A0A0P0V516	0.231	1
55933367	39947.Q2R0P1	0.222	1
55916257	39947.A0A0P0WUC6	0.221	1
55931556	39947.Q10M35	0.22	1
55928053	39947.Q0DGT4	0.218	1
55938548	39947.Q69TI8	0.215	1
55929100	39947.Q0IPT9	0.211	1
55937353	39947.Q654W1	0.208	1
55929990	39947.Q0J9G5	0.206	1
55915868	39947.A0A0P0WRA4	0.205	1
55944383	39947.Q7XIK4	0.203	1
55932649	39947.Q2QPI5	0.198	2
55927139	39947.K4PW38	0.197	1
55937212	39947.Q652K2	0.195	1
55913754	39947.A0A0P0WAW5	0.19	1
55938393	39947.Q69QJ7	0.189	1
55938052	39947.Q68Y47	0.187	1
55918284	39947.A0A0P0X7Q1	0.184	1
55939756	39947.Q6H667	0.18	1
55936915	39947.Q5ZEI0	0.179	1
55908251	39947.A0A0P0V430	0.178	1
55930660	39947.Q0JJ01	0.177	1
55944911	39947.Q7XSB4	0.174	1
55938414	39947.Q69QY4	0.17	1
55934043	39947.Q337T2	0.169	1
55935741	39947.Q5VMP0	0.166	1
55941832	39947.Q6Z4P3	0.165	1
55943111	39947.Q75HV8	0.165	1
55933542	39947.Q2R2M3	0.153	1
55942730	39947.Q6ZIE6	0.15	1
55939699	39947.Q6H5A2	0.149	1
55940135	39947.Q6K2M1	0.146	1
55937208	39947.Q652J4	0.137	1
55937199	39947.Q652E9	0.135	1
55940636	39947.Q6K991	0.135	1
55932746	39947.Q2QQX6	0.13	1
55933615	39947.Q2R3F5	0.127	1
55933732	39947.Q2R8P3	0.126	1
55936463	39947.Q5Z856	0.122	1
55916648	39947.A0A0P0WWJ7	0.12	1
55945236	39947.Q7XVJ6	0.12	1
55938826	39947.Q6AT58	0.119	1
55913650	39947.A0A0P0WA44	0.117	1
55935543	39947.Q5QNA6	0.116	1
55939959	39947.Q6I576	0.11	1
55945943	39947.Q851R2	0.109	1
55940919	39947.Q6YPF2	0.103	1
55929249	39947.Q0ITK4	0.101	1
55913000	39947.A0A0P0W6Q8	0.079	1
55932616	39947.Q2QNZ9	0.074	1
55935458	39947.Q5QLZ5	0.063	1
