#id: 1579464798
#name: O.satival - Leaf, iBAQ; ISOQuant output (Buffonetal,frontplantsci.2021)
#score: 7.1
#weight:  33%
#description: abundance based on iBAQ; ISOQuant_output, Interaction consistency score: 7.1, Coverage: 2
#organ: LEAF
#integrated: false
#coverage: 2
#link: http://www.ncbi.nlm.nih.gov/pubmed/33643348
#publication_year: 2021
#filename: 39947-PXD020940_Osativa_leaf.txt
#
#internal_id	string_external_id	abundance
55927445	39947.P93431	31523	74785321
55908951	39947.A0A0P0V969	27820	96613116
55947311	39947.Q8S6F2	26034	158451220
55927268	39947.P0C512	25482	164885946
55909246	39947.A0A0P0VBL9	22314	49460096
55923741	39947.A0A0P0Y838	18887	134598308
55947619	39947.Q943W1	18291	38055552
55927338	39947.P18566	18038	68653277
55932842	39947.Q2QTJ1	18038	68653277
55929067	39947.Q0INY7	18038	68653277
55943637	39947.Q7F2G3	17604	35327407
55939835	39947.Q6H748	17591	13564411
55929928	39947.Q0J8M2	16860	7232599
55927582	39947.Q0D5P8	16192	19673751
55945574	39947.Q84PB4	15646	12108380
55946081	39947.Q8GTK4	14932	20823445
55943941	39947.Q7X8A1	12804	35015866
55942333	39947.Q6ZBZ2	12669	6523210
55934220	39947.Q40677	11131	20907713
55934426	39947.Q53N83	11024	17198025
55927245	39947.P0C422	10612	1045813
55927234	39947.P0C370	10209	3561249
55915592	39947.A0A0P0WP33	9706	31590993
55945184	39947.Q7XV11	9108	9077371
55939232	39947.Q6ER94	9092	14124580
55927323	39947.P12331	8865	13128984
55948379	39947.Q9SNK3	8597	27265058
55942639	39947.Q6ZH98	8183	7863469
55938451	39947.Q69S39	8175	9859826
55927322	39947.P12330	7913	14499642
55927956	39947.Q0DEU8	7410	31165090
55931314	39947.Q10HD0	6957	11494252
55927216	39947.P0C2Z3	6794	3357605
55927328	39947.P14655	6644	15509246
55942125	39947.Q6Z8F4	6634	18312449
55927217	39947.P0C2Z6	6108	16876685
55938129	39947.Q69JX7	6094	7940971
55927231	39947.P0C361	5984	2895530
55927442	39947.P93407	5955	4737398
55942483	39947.Q6ZF30	5925	7321753
55927166	39947.O64937	5656	10231501
55925679	39947.B9F813	5534	11535478
55927307	39947.P12085	5348	36351845
55942699	39947.Q6ZI53	4971	16333510
55931707	39947.Q10N21	4929	6095659
55945575	39947.Q84PB5	4749	3435640
55931177	39947.Q10D68	4655	12194979
55927406	39947.P48494	4464	7308171
55927163	39947.O64422	4378	9329860
55932558	39947.Q2QND6	4361	3455951
55929920	39947.Q0J8A4	4312	11180934
55939873	39947.Q6H7I9	4259	4857324
55947427	39947.Q8W0E6	4256	9345719
55939532	39947.Q6F361	4133	4560565
55934942	39947.Q5JNB0	4114	11626223
55944115	39947.Q7XDC8	4073	6229522
55932210	39947.Q10S82	3978	9489068
55942477	39947.Q6ZEZ2	3957	5993674
55927978	39947.Q0DFC9	3909	1676941
55945352	39947.Q7XZW5	3891	7571061
55944692	39947.Q7XPR2	3871	8806669
55924993	39947.A3C6G9	3843	3204824
55921484	39947.A0A0P0XTT3	3785	26787738
55927464	39947.Q07661	3769	3149807
55942950	39947.Q6ZL95	3701	5463410
55945100	39947.Q7XUC9	3688	1413294
55948043	39947.Q9FE01	3682	6427999
55943397	39947.Q75M32	3523	4023488
55928011	39947.Q0DG05	3499	2381746
55931129	39947.Q10CE4	3470	11449244
55941220	39947.Q6YWJ7	3365	4915406
55937110	39947.Q650W6	3268	4130900
55933007	39947.Q2QWN3	3243	3563474
55943705	39947.Q7FAH2	3188	11239405
55938141	39947.Q69K00	3138	6495742
55927389	39947.P41344	3082	7113757
55923737	39947.A0A0P0Y832	3072	21897910
55938440	39947.Q69RN2	2988	2495587
55943665	39947.Q7F8S5	2907	6026353
55945571	39947.Q84PA4	2879	2846316
55927283	39947.P0C5D5	2854	3432097
55938623	39947.Q69UU3	2807	6407996
55941760	39947.Q6Z411	2701	4308594
55932820	39947.Q2QSR7	2696	6784391
55948449	39947.Q9ZTP5	2528	3304150
55942420	39947.Q6ZD89	2489	5193219
55929863	39947.Q0J709	2440	3430042
55942514	39947.Q6ZFJ3	2409	6192416
55947831	39947.Q94JA2	2369	3402707
55915933	39947.A0A0P0WRU0	2367	7297707
55942511	39947.Q6ZFI6	2360	6087455
55922693	39947.A0A0P0Y1Y5	2344	6167175
55928114	39947.Q0DI00	2336	13805526
55934901	39947.Q5JMS4	2325	4861425
55943902	39947.Q7X7H3	2234	5324639
55940864	39947.Q6L5I5	2234	2502600
55928953	39947.Q0E4K1	2232	7316516
55933348	39947.Q2R0I1	2147	2411253
55943484	39947.Q7EYM8	2122	4575969
55917001	39947.A0A0P0WYK7	2103	3502853
55908711	39947.A0A0P0V7A3	2064	5077373
55938639	39947.Q69V57	2016	6202600
55927446	39947.P93438	1995	8010263
55929922	39947.Q0J8G4	1930	4148027
55927369	39947.P31924	1927	9701930
55924669	39947.A3ABE0	1921	1151354
55935051	39947.Q5N725	1918	4469151
55936227	39947.Q5WMX0	1905	4038115
55927462	39947.Q06967	1904	4196696
55933346	39947.Q2R0H3	1885	1336763
55928275	39947.Q0DKY4	1880	8000827
55945643	39947.Q84R32	1845	2212121
55927358	39947.P29545	1841	1535891
55928484	39947.Q0DRV6	1830	1079460
55944623	39947.Q7XN85	1806	7782346
55947479	39947.Q8W3J0	1789	3023332
55942787	39947.Q6ZJ16	1770	2136474
55947330	39947.Q8S7H8	1760	2670233
55947640	39947.Q948T6	1755	4267779
55927330	39947.P14717	1754	6383825
55947930	39947.Q9ASP4	1743	4599498
55928749	39947.Q0DZE5	1727	3235941
55931527	39947.Q10LV7	1725	1736582
55938436	39947.Q69RJ0	1699	14112421
55948443	39947.Q9ZP20	1684	2088793
55940987	39947.Q6YT73	1656	6654484
55930906	39947.Q0JPA6	1639	1317657
55927451	39947.Q01859	1619	13626332
55939050	39947.Q6AVZ8	1611	4405803
55946083	39947.Q8GTK8	1607	4445296
55941944	39947.Q6Z6B5	1601	1914968
55932869	39947.Q2QU06	1592	5753712
55946511	39947.Q8H8D6	1588	3032272
55927336	39947.P17784	1578	6428670
55930728	39947.Q0JKB4	1576	13624930
55948071	39947.Q9FR35	1564	1572350
55944854	39947.Q7XRE7	1507	919248
55937583	39947.Q65XA0	1488	2356000
55934236	39947.Q42971	1473	5049846
55932361	39947.Q2QLR2	1417	2154229
55940322	39947.Q6K5G8	1409	7663848
55946512	39947.Q8H8D8	1395	1638288
55948262	39947.Q9LGU6	1390	7173735
55937397	39947.Q655T1	1365	4729586
55942382	39947.Q6ZCR3	1356	1457380
55941060	39947.Q6YU90	1351	3490599
55927183	39947.O82451	1350	1176375
55939792	39947.Q6H6L8	1328	1449851
55948419	39947.Q9XGP7	1313	1386191
55939769	39947.Q6H6C7	1290	3053622
55945560	39947.Q84NW1	1280	3230890
55947524	39947.Q93X08	1252	4196662
55948328	39947.Q9LWT6	1231	5481191
55946532	39947.Q8H8T0	1205	3202558
55931039	39947.Q10A30	1203	4578201
55927410	39947.P49027	1191	2784490
55944955	39947.Q7XSV2	1152	2108200
55940717	39947.Q6KAJ2	1117	2382719
55927370	39947.P35681	1103	1054229
55927247	39947.P0C437	1100	1113701
55927271	39947.P0C522	1097	3249783
55948407	39947.Q9SXP2	1060	1300244
55920643	39947.A0A0P0XNM8	1042	1133492
55939591	39947.Q6H443	1034	1595489
55944075	39947.Q7XCK0	1009	1335627
55942572	39947.Q6ZGJ8	995	1286386
55948425	39947.Q9XHW8	995	799450
55932386	39947.Q2QLY5	987	7190034
55927249	39947.P0C443	969	505918
55924866	39947.A3BLC3	960	1106595
55937667	39947.Q67G20	955	7284700
55932565	39947.Q2QNF3	941	1023493
55941829	39947.Q6Z4N6	940	1434978
55946955	39947.Q8LQN2	936	801078
55927707	39947.Q0D840	934	825802
55932385	39947.Q2QLY4	934	6969248
55938770	39947.Q69Y99	933	1737602
55942206	39947.Q6Z9G0	933	2840378
55940801	39947.Q6L500	931	638405
55947599	39947.Q943K1	918	1470406
55935731	39947.Q5VMJ3	909	615123
55943299	39947.Q75L11	901	638405
55929998	39947.Q0J9L5	891	545791
55942958	39947.Q6ZLB8	882	1801393
55942884	39947.Q6ZKC0	880	2920487
55931830	39947.Q10P35	877	3664868
55927215	39947.P0C2Z0	850	331872
55928186	39947.Q0DJB9	850	1367274
55944057	39947.Q7XC37	849	770316
55927246	39947.P0C434	848	1515555
55927239	39947.P0C389	846	2037265
55927329	39947.P14656	842	1919190
55928501	39947.Q0DSD6	840	1678807
55948081	39947.Q9FRX7	828	1924942
55930599	39947.Q0JHF8	813	1414138
55905733	39947.A0A0N7KJF4	810	539886
55942592	39947.Q6ZGP5	809	810403
55928708	39947.Q0DYB1	806	1146589
55937394	39947.Q655S1	803	2712963
55947937	39947.Q9AUQ4	793	2422723
55941201	39947.Q6YW78	787	1811332
55947737	39947.Q94E96	780	638405
55934221	39947.Q40680	774	909337
55948439	39947.Q9XJ54	769	192562
55928465	39947.Q0DRB3	756	706182
55948412	39947.Q9XEA6	745	1639500
55945722	39947.Q84T92	736	1123409
55946375	39947.Q8H588	731	869997
55943612	39947.Q7F1U0	727	1642799
55937612	39947.Q65XH8	721	7055034
55928219	39947.Q0DJT2	720	1589500
55945876	39947.Q850W6	718	634336
55931198	39947.Q10DV7	712	6938511
55940554	39947.Q6K8D4	708	399557
55940271	39947.Q6K4S7	707	566564
55927423	39947.P51823	702	3074806
55927459	39947.Q06396	702	3074806
55931345	39947.Q10I42	700	1452243
55924985	39947.A3C4S4	694	1775986
55947703	39947.Q94DL4	692	6768402
55934599	39947.Q53RM0	687	1649612
55916234	39947.A0A0P0WU69	678	701125
55942876	39947.Q6ZK86	676	727354
55930154	39947.Q0JBE3	676	1429042
55932915	39947.Q2QV45	670	2360934
55927355	39947.P28757	669	513486
55944583	39947.Q7XMK5	663	707031
55938502	39947.Q69SV0	647	1385097
55914528	39947.A0A0P0WH35	643	822896
55939480	39947.Q6EUS1	643	1181003
55928262	39947.Q0DKJ1	642	280298
55938575	39947.Q69TY4	640	1727076
55932301	39947.Q10T66	637	840860
55935721	39947.Q5VME5	630	1789578
55944384	39947.Q7XIK5	623	461891
55935500	39947.Q5QMK7	622	2239129
55941796	39947.Q6Z4E4	620	1861119
55927263	39947.P0C497	618	656724
55933563	39947.Q2R2W2	612	2551706
55927233	39947.P0C367	608	1242361
55927232	39947.P0C364	607	1182663
55947898	39947.Q9AS12	604	2580151
55922728	39947.A0A0P0Y248	604	1296989
55938384	39947.Q69QD5	603	1181347
55927364	39947.P30298	598	3833690
55931546	39947.Q10M12	597	1126883
55922257	39947.A0A0P0XZB0	597	1700574
55936233	39947.Q5WN02	596	850017
55948277	39947.Q9LI00	595	1641157
55946678	39947.Q8LH97	594	980390
55936231	39947.Q5WMY3	590	302270
55927354	39947.P28752	590	2846305
55943369	39947.Q75LR5	584	980390
55933952	39947.Q336R9	582	819811
55944941	39947.Q7XSQ9	580	606558
55927248	39947.P0C440	574	402570
55934383	39947.Q53M52	574	4216311
55947324	39947.Q8S718	573	1084923
55927344	39947.P25776	569	670491
55924992	39947.A3C6D7	567	5543692
55933181	39947.Q2QYD1	567	1812122
55930575	39947.Q0JGZ6	563	1505866
55948203	39947.Q9LDC9	563	2853554
55943630	39947.Q7F270	563	2853554
55945337	39947.Q7XZG0	563	2853554
55943632	39947.Q7F280	562	1507206
55925430	39947.B7FAE9	559	663827
55946376	39947.Q8H590	554	869997
55945732	39947.Q84TB3	544	523569
55935891	39947.Q5VPR6	540	899431
55944952	39947.Q7XSU7	540	1317195
55908513	39947.A0A0P0V5S4	539	2282066
55938993	39947.Q6AVA8	537	2658632
55928830	39947.Q0E217	537	364603
55941411	39947.Q6YZE2	536	1366221
55948413	39947.Q9XEA8	534	2694839
55932060	39947.Q10QU9	525	1750956
55919244	39947.A0A0P0XEB3	517	1036361
55939470	39947.Q6EUP4	516	2633123
55927761	39947.Q0D9C4	514	3212373
55931265	39947.Q10FE7	507	1059274
55945765	39947.Q84UR8	498	570596
55927388	39947.P41095	494	1647668
55935309	39947.Q5NAM3	492	723333
55948323	39947.Q9LWS2	490	463248
55944439	39947.Q7XJB4	490	463248
55945331	39947.Q7XXS4	486	1042043
55939772	39947.Q6H6D2	486	881806
55940386	39947.Q6K669	486	2088886
55927409	39947.P48642	482	1119054
55934660	39947.Q5JK10	481	1336891
55945521	39947.Q84MQ4	480	416507
55929103	39947.Q0IPW3	480	5242609
55930077	39947.Q0JAF4	477	1031218
55932608	39947.Q2QNV2	472	587942
55929091	39947.Q0IPL3	472	825208
55934241	39947.Q42997	470	2197218
55943020	39947.Q75GI3	469	3484625
55915021	39947.A0A0P0WKD6	468	1355750
55938401	39947.Q69QQ6	460	5052239
55946272	39947.Q8H3I3	458	1690911
55939264	39947.Q6ERW7	456	1644498
55927466	39947.Q08480	453	783528
55929014	39947.Q0IMS5	450	584905
55934244	39947.Q43009	444	3713467
55937304	39947.Q653V9	443	204303
55920823	39947.A0A0P0XPX5	441	584389
55948198	39947.Q9LD82	439	816568
55946513	39947.Q8H8E0	435	576833
55927463	39947.Q07078	435	4957822
55905708	39947.A0A0N7KJ79	434	569151
55937820	39947.Q67V00	433	1655980
55927273	39947.P0C540	433	2735097
55946346	39947.Q8H4V1	421	2727544
55929772	39947.Q0J4P2	419	4721124
55931711	39947.Q10N30	415	579240
55918003	39947.A0A0P0X5U4	409	1771683
55947523	39947.Q93WY5	409	381649
55933462	39947.Q2R1S1	407	568964
55934246	39947.Q43594	405	6343540
55933905	39947.Q2RBL5	401	120457
55927396	39947.P45960	400	6571089
55927397	39947.P46265	399	6477784
55927327	39947.P14654	391	1225502
55911939	39947.A0A0P0VYK0	391	1505788
55939767	39947.Q6H6B9	387	570857
55942120	39947.Q6Z8E0	384	801083
55930085	39947.Q0JAI2	384	801083
55939218	39947.Q6ER49	382	921519
55947008	39947.Q8LRJ3	382	1758521
55934219	39947.Q40665	377	6405466
55942830	39947.Q6ZJJ1	377	566802
55943430	39947.Q76FS3	374	6190012
55938805	39947.Q6ASY2	372	438456
55927378	39947.P37832	371	6171235
55935960	39947.Q5VQX1	368	613446
55930399	39947.Q0JDZ7	365	653633
55942517	39947.Q6ZFJ9	364	2495631
55944540	39947.Q7XLP7	363	770955
55909612	39947.A0A0P0VEU1	355	593835
55943652	39947.Q7F7I7	353	902273
55931159	39947.Q10CU9	348	1723782
55927413	39947.P49199	348	653633
55935657	39947.Q5TKF4	341	389562
55937584	39947.Q65XA1	340	721900
55945447	39947.Q84J55	340	2053329
55933157	39947.Q2QY46	339	1493059
55933841	39947.Q2RAW0	339	1493059
55927894	39947.Q0DCP0	336	746279
55945000	39947.Q7XTE8	333	2411204
55941454	39947.Q6YZX6	330	1420877
55927372	39947.P35683	322	1679900
55929369	39947.Q0IWS0	322	1030049
55944464	39947.Q7XKB5	320	983490
55947980	39947.Q9AV77	319	634313
55946313	39947.Q8H4B9	316	427733
55912890	39947.A0A0P0W625	315	321961
55933801	39947.Q2RAK2	313	1258645
55947262	39947.Q8S3P3	312	297752
55931077	39947.Q10AZ4	309	3117446
55934462	39947.Q53NM9	307	3363038
55943812	39947.Q7GD79	306	972722
55927288	39947.P0CH34	306	1655980
55927289	39947.P0CH35	306	1655980
55944470	39947.Q7XKD0	305	370870
55931743	39947.Q10NA9	304	3098863
55934243	39947.Q43008	304	648865
55938215	39947.Q69LC0	304	530695
55932559	39947.Q2QND8	300	306109
55942762	39947.Q6ZIT9	300	434538
55944037	39947.Q7XBW5	299	426113
55937167	39947.Q651T8	298	1571172
55946509	39947.Q8H8C7	295	598228
55947436	39947.Q8W0I1	290	248442
55946964	39947.Q8LQS5	290	385674
55905331	39947.A0A0N7KGJ7	289	634313
55930067	39947.Q0JAC6	289	400695
55935885	39947.Q5VPQ6	288	801960
55948301	39947.Q9LST6	288	422201
55943716	39947.Q7FAS1	288	2610091
55911143	39947.A0A0P0VRI0	287	634313
55942301	39947.Q6ZBH2	285	533090
55939623	39947.Q6H4L2	284	3137210
55941358	39947.Q6YYR2	284	400695
55930688	39947.Q0JJQ7	282	1460237
55935701	39947.Q5U1Q2	282	466134
55941665	39947.Q6Z2Z4	281	1588290
55927148	39947.O22386	281	490492
55943223	39947.Q75J18	279	318636
55942559	39947.Q6ZG90	278	372050
55940665	39947.Q6K9N6	277	390715
55945771	39947.Q84VC8	273	380391
55941367	39947.Q6YYW3	273	701732
55941325	39947.Q6YY64	272	148771
55912369	39947.A0A0P0W1E6	269	557189
55947516	39947.Q93W07	269	1746540
55946481	39947.Q8H7U1	266	5325272
55939477	39947.Q6EUQ7	266	334830
55945021	39947.Q7XTK1	264	3094508
55933611	39947.Q2R3E0	257	1295492
55943429	39947.Q76FS2	257	4500478
55930982	39947.Q0JR29	256	208889
55939881	39947.Q6H7M1	254	553161
55927422	39947.P51431	253	1803640
55947916	39947.Q9ASE0	253	1712940
55931779	39947.Q10NM5	252	263877
55947706	39947.Q94DM2	252	1496922
55921700	39947.A0A0P0XV80	251	593835
55930830	39947.Q0JMH0	251	907239
55935672	39947.Q5TKJ2	249	509560
55943685	39947.Q7F9I1	247	2100923
55932938	39947.Q2QVG9	246	2144449
55941038	39947.Q6YTX5	246	354615
55906051	39947.A0A0N7KLP9	245	387762
55926746	39947.C7J1V7	243	1156770
55947896	39947.Q9ARZ9	242	1803640
55933002	39947.Q2QWM6	242	556229
55948451	39947.Q9ZWF5	242	490492
55930855	39947.Q0JN60	241	1145149
55937773	39947.Q67UK9	240	379677
55933484	39947.Q2R1V8	239	851541
55948436	39947.Q9XJ19	239	242677
55940372	39947.Q6K623	237	237219
55943873	39947.Q7X720	236	1754427
55938213	39947.Q69LA6	235	1213964
55932504	39947.Q2QN11	235	780224
55934553	39947.Q53Q17	235	204308
55910970	39947.A0A0P0VPW9	234	672512
55933447	39947.Q2R1J8	234	486404
55938104	39947.Q69JF4	233	439538
55932149	39947.Q10RP0	230	1154705
55941804	39947.Q6Z4G3	229	916522
55947548	39947.Q941Z0	228	216335
55937345	39947.Q654S1	227	1481413
55933928	39947.Q306J3	226	397819
55908959	39947.A0A0P0V994	225	1120984
55946147	39947.Q8GVZ0	224	367815
55948227	39947.Q9LG77	223	539331
55930050	39947.Q0JA68	221	172795
55932189	39947.Q10S34	220	945125
55945569	39947.Q84P96	219	456833
55936528	39947.Q5Z8V9	218	444661
55947471	39947.Q8W3D0	218	1213964
55948374	39947.Q9SLY8	217	420847
55927331	39947.P15280	216	701032
55933117	39947.Q2QXR8	216	1092606
55945772	39947.Q84VC9	215	264656
55938610	39947.Q69UF2	215	458285
55936551	39947.Q5Z974	213	622999
55933216	39947.Q2QYL2	211	219961
55944438	39947.Q7XJ39	211	219961
55926660	39947.C7J056	210	443304
55944953	39947.Q7XSU8	210	417425
55943381	39947.Q75M01	209	260084
55930845	39947.Q0JMY8	208	228800
55930515	39947.Q0JFE2	203	124518
55937620	39947.Q65XK0	202	1570082
55934356	39947.Q53LQ0	202	660629
55938437	39947.Q69RL1	200	272192
55930540	39947.Q0JG30	200	529601
55935542	39947.Q5QNA5	198	1431459
55945255	39947.Q7XVZ0	197	378029
55940347	39947.Q6K5R5	197	378029
55939900	39947.Q6H7T1	195	270878
55944908	39947.Q7XSA6	195	270878
55933883	39947.Q2RBC6	195	715640
55933804	39947.Q2RAK8	195	218031
55933211	39947.Q2QYK4	192	715640
55947946	39947.Q9AUV6	191	1560024
55942030	39947.Q6Z7B0	189	1186996
55923078	39947.A0A0P0Y445	189	486404
55947526	39947.Q93Y73	189	408006
55927487	39947.Q0D3N0	187	835282
55917557	39947.A0A0P0X309	185	420854
55945975	39947.Q852A3	184	181602
55929055	39947.Q0INR5	184	476425
55945278	39947.Q7XWP9	183	2141672
55944975	39947.Q7XT29	182	372042
55931514	39947.Q10LR9	181	486736
55947846	39947.Q94JJ0	181	1269495
55945967	39947.Q851Y8	181	725567
55937691	39947.Q67J09	179	199200
55941142	39947.Q6YVI0	179	344685
55939266	39947.Q6ERW9	178	940018
55925100	39947.B7EA73	175	530810
55928038	39947.Q0DGH0	173	897224
55911243	39947.A0A0P0VSE5	171	165811
55939103	39947.Q6EP66	171	891159
55924708	39947.A3AQC6	171	383410
55943261	39947.Q75KD7	170	188356
55942580	39947.Q6ZGL5	169	1206020
55935804	39947.Q5VNT9	169	555166
55936960	39947.Q60DT7	168	248284
55948372	39947.Q9SE42	167	150921
55927417	39947.P49398	166	343008
55936749	39947.Q5ZBX1	166	343008
55905407	39947.A0A0N7KH54	165	217881
55926062	39947.B9FSC3	165	457636
55939035	39947.Q6AVT2	164	563351
55927416	39947.P49397	164	476425
55948108	39947.Q9FTY4	164	358786
55909934	39947.A0A0P0VH79	163	226925
55948086	39947.Q9FTG9	163	275777
55927192	39947.P0C030	163	1655980
55927193	39947.P0C031	163	1655980
55924666	39947.A3A9W6	162	645438
55917233	39947.A0A0P0X0E0	162	1655980
55926889	39947.C7J5K1	161	338361
55943081	39947.Q75HE6	160	589633
55947601	39947.Q943K7	157	2733945
55931737	39947.Q10NA1	154	2209077
55943123	39947.Q75HY2	153	452226
55932794	39947.Q2QS14	153	1487242
55947196	39947.Q8S1N3	151	535060
55944281	39947.Q7XHV1	151	377927
55928641	39947.Q0DWH1	150	166907
55940805	39947.Q6L509	149	2759411
55947472	39947.Q8W3D9	149	313508
55934480	39947.Q53NW9	148	980268
55941362	39947.Q6YYV0	148	127996
55940986	39947.Q6YT69	146	100324
55922577	39947.A0A0P0Y1A9	146	143119
55935426	39947.Q5QLG3	146	349407
55939357	39947.Q6ET88	144	135355
55947150	39947.Q8S0J7	144	239512
55932625	39947.Q2QP54	143	728597
55935856	39947.Q5VPB9	141	1275221
55919394	39947.A0A0P0XF80	141	552403
55945726	39947.Q84TA1	140	2542612
55945025	39947.Q7XTL6	140	720210
55927385	39947.P40392	139	338633
55948358	39947.Q9SDD6	137	216175
55933598	39947.Q2R3A1	137	221305
55937005	39947.Q60EA3	136	295845
55937623	39947.Q65XK3	136	652529
55938297	39947.Q69NG5	136	199090
55938771	39947.Q69YA2	135	307450
55932793	39947.Q2QS13	132	1354516
55916827	39947.A0A0P0WXJ2	132	156843
55928200	39947.Q0DJE6	131	151244
55938006	39947.Q688M9	129	232448
55948363	39947.Q9SDG5	128	194148
55941321	39947.Q6YY41	128	345222
55937220	39947.Q652L6	127	486567
55931920	39947.Q10PW2	124	803503
55941905	39947.Q6Z5N4	124	301611
55906761	39947.A0A0N7KRK6	123	84129
55946843	39947.Q8LMR6	122	630342
55939479	39947.Q6EUQ9	122	827001
55945905	39947.Q851F6	121	194758
55925068	39947.B7E390	121	158982
55943099	39947.Q75HQ0	121	862554
55945430	39947.Q7Y1I5	120	492556
55941464	39947.Q6Z058	120	862554
55932609	39947.Q2QNV3	118	223287
55931014	39947.Q109L0	117	552403
55927165	39947.O64464	116	240600
55947510	39947.Q93VT8	116	370166
55913625	39947.A0A0P0WA00	112	378029
55938956	39947.Q6AUN5	110	215638
55904856	39947.A0A0N7KCT0	110	718675
55934694	39947.Q5JK84	110	403834
55930817	39947.Q0JM17	110	403834
55912585	39947.A0A0P0W363	110	228167
55932691	39947.Q2QQ48	108	297603
55945847	39947.Q84ZK1	108	297603
55947949	39947.Q9AUW3	108	297603
55944679	39947.Q7XPL2	107	260636
55930211	39947.Q0JBY8	105	172795
55947453	39947.Q8W2X2	104	1367505
55937028	39947.Q60EJ0	103	424788
55927692	39947.Q0D7V1	102	151608
55934075	39947.Q338G1	101	569355
55931951	39947.Q10Q21	101	217441
55937486	39947.Q657T1	100	197221
55939219	39947.Q6ER51	98.1	310456
55927365	39947.P31110	97.9	93465
55946062	39947.Q8GSE8	97.9	283392
55912882	39947.A0A0P0W604	97.7	700321
55936708	39947.Q5ZBA9	97.2	897224
55934723	39947.Q5JKU5	96.3	1438665
55945916	39947.Q851K1	95.2	521223
55929548	39947.Q0J0H4	94.7	325462
55945915	39947.Q851K0	94.3	521223
55936686	39947.Q5ZAV7	94.0	377927
55920302	39947.A0A0P0XLG1	93.5	1032536
55937425	39947.Q656D4	91.7	1023746
55934615	39947.Q58G87	90.4	1655980
55946315	39947.Q8H4E0	89.2	836958
55940098	39947.Q6K241	88.8	58368
55927227	39947.P0C340	88.7	91461
55938727	39947.Q69XM7	88.5	373655
55934809	39947.Q5JLS6	88.4	717044
55927461	39947.Q06398	87.9	177937
55935238	39947.Q5N9F4	87.6	569355
55939031	39947.Q6AVR6	85.9	328150
55937448	39947.Q656T5	85.1	109656
55943117	39947.Q75HX0	85.0	1754582
55940571	39947.Q6K8J4	84.0	340569
55942581	39947.Q6ZGL6	83.1	125378
55947445	39947.Q8W250	82.5	111030
55927194	39947.P0C032	82.3	1009473
55946282	39947.Q8H3Q7	82.0	232144
55932041	39947.Q10QN9	81.9	68379
55941290	39947.Q6YXW6	81.5	158187
55929800	39947.Q0J5H3	81.3	872554
55927937	39947.Q0DEF1	80.3	123358
55940918	39947.Q6YPF1	79.8	1005141
55948428	39947.Q9XHX4	79.0	416773
55929221	39947.Q0IT25	78.6	109415
55942466	39947.Q6ZDY8	78.3	567707
55927393	39947.P42862	78.2	584055
55939819	39947.Q6H703	77.3	1294373
55937863	39947.Q67VM1	77.1	173836
55933885	39947.Q2RBD1	77.1	72683
55933215	39947.Q2QYL0	77.1	72683
55915363	39947.A0A0P0WMJ3	76.5	89772
55946840	39947.Q8LMR0	75.9	230175
55940736	39947.Q6L4F8	75.0	261183
55937404	39947.Q655W2	74.6	1294373
55934911	39947.Q5JMU8	74.5	269466
55909650	39947.A0A0P0VF30	74.4	1655980
55925273	39947.B7F6I0	74.4	191617
55945483	39947.Q84M35	74.0	151608
55928821	39947.Q0E1Q7	73.1	52103
55932578	39947.Q2QNI4	73.1	217062
55927379	39947.P37833	72.2	192673
55907951	39947.A0A0P0V2C2	71.5	429119
55927391	39947.P42211	71.2	286228
55934237	39947.Q42972	70.9	341558
55940626	39947.Q6K969	70.4	102985
55912973	39947.A0A0P0W6L8	70.3	330891
55945264	39947.Q7XW32	68.8	171309
55940550	39947.Q6K8B8	68.6	229424
55927394	39947.P42863	67.6	539152
55940675	39947.Q6K9T1	67.5	296540
55939132	39947.Q6EPN6	66.8	118669
55927230	39947.P0C358	66.3	184895
55940251	39947.Q6K4K9	65.8	200752
55906756	39947.A0A0N7KRJ5	65.8	223159
55917801	39947.A0A0P0X4M5	65.6	217062
55928946	39947.Q0E4D9	65.6	112047
55917190	39947.A0A0P0X005	64.3	1655980
55936286	39947.Q5Z5A8	64.0	397140
55917331	39947.A0A0P0X1D1	63.4	397140
55945542	39947.Q84NN4	63.1	119814
55948306	39947.Q9LSU1	61.3	115610
55948119	39947.Q9FU74	61.2	120262
55948188	39947.Q9FXT8	61.1	163965
55926788	39947.C7J327	60.8	137311
55928473	39947.Q0DRI8	60.2	109264
55946995	39947.Q8LR75	60.2	600071
55927395	39947.P43279	59.8	685819
55941426	39947.Q6YZJ0	59.3	118442
55948304	39947.Q9LST9	59.2	127895
55934732	39947.Q5JKW5	57.0	754946
55918152	39947.A0A0P0X6U8	56.5	1655980
55947863	39947.Q94LR9	56.4	128589
55929636	39947.Q0J1E1	56.2	266733
55947413	39947.Q8W084	55.9	96547
55928748	39947.Q0DZE0	55.8	897576
55943118	39947.Q75HX3	55.5	369564
55935445	39947.Q5QLS8	55.1	837425
55940891	39947.Q6T5D1	55.1	754946
55930418	39947.Q0JE78	54.8	150043
55914252	39947.A0A0P0WEV8	54.3	476079
55945022	39947.Q7XTK3	53.7	225058
55925036	39947.A5HEI2	53.2	62815
55934222	39947.Q40682	53.2	178549
55906379	39947.A0A0N7KP29	52.5	187472
55934996	39947.Q5KQH5	51.6	478909
55916884	39947.A0A0P0WXW0	51.5	135549
55938368	39947.Q69Q32	51.4	141023
55935544	39947.Q5QNB8	51.1	802143
55939452	39947.Q6EUD7	50.5	349266
55942558	39947.Q6ZG89	50.3	307679
55917470	39947.A0A0P0X2D3	50.2	718675
55936600	39947.Q5Z9N8	50.2	211901
55938395	39947.Q69QL4	49.6	718675
55933669	39947.Q2R480	49.6	137577
55907579	39947.A0A0P0UZR3	49.1	135549
55945892	39947.Q850Z8	48.9	68474
55943658	39947.Q7F8R1	48.6	203816
55946066	39947.Q8GSJ3	48.3	150971
55936381	39947.Q5Z6P9	47.8	73172
55943298	39947.Q75L10	47.7	305250
55946894	39947.Q8LNN1	47.6	141497
55939464	39947.Q6EUK5	47.3	181066
55941551	39947.Q6Z1G7	47.1	217201
55940980	39947.Q6YT00	47.1	85023
55929521	39947.Q0J006	47.1	85023
55932930	39947.Q2QVC1	47.0	131711
55907784	39947.A0A0P0V197	46.3	60708
55935705	39947.Q5U1S8	45.9	1094642
55925335	39947.B7F8Y9	45.8	305250
55916205	39947.A0A0P0WTX9	44.9	123569
55924307	39947.A0A0P0YBH9	44.4	390532
55940057	39947.Q6J657	43.5	78064
55947395	39947.Q8SA35	42.9	45269
55942389	39947.Q6ZCV7	42.6	372943
55930572	39947.Q0JGY1	42.5	210673
55946631	39947.Q8L4L4	42.5	210673
55944421	39947.Q7XIX1	42.4	293556
55944710	39947.Q7XPV4	42.0	69995
55944589	39947.Q7XMP6	41.8	192260
55911854	39947.A0A0P0VXZ5	40.8	85108
55930053	39947.Q0JA75	40.7	302071
55945914	39947.Q851J9	40.6	231846
55938400	39947.Q69QQ2	40.6	95812
55931160	39947.Q10CV2	40.1	237778
55936937	39947.Q60D99	39.9	72080
55931736	39947.Q10N98	39.6	124394
55921759	39947.A0A0P0XVM7	39.4	72618
55936998	39947.Q60E66	38.7	95731
55913603	39947.A0A0P0W9U3	37.5	55731
55932491	39947.Q2QMV8	35.8	74776
55944896	39947.Q7XS58	34.7	99349
55946247	39947.Q8H367	34.5	69835
55943620	39947.Q7F225	34.5	109415
55935607	39947.Q5SMV5	34.3	75540
55943113	39947.Q75HW4	33.7	122255
55947420	39947.Q8W0C4	33.5	762246
55917333	39947.A0A0P0X1D6	33.2	737163
55931157	39947.Q10CU4	32.2	223738
55945913	39947.Q851J8	31.7	218125
55937476	39947.Q657L8	31.5	54696
55927465	39947.Q08479	31.0	226330
55907941	39947.A0A0P0V2A4	30.3	737163
55948257	39947.Q9LGQ6	29.8	107479
55930188	39947.Q0JBQ0	29.1	147886
55927152	39947.O23877	28.9	114115
55924164	39947.A0A0P0YAL3	28.5	121895
55937019	39947.Q60EH3	28.4	231545
55943102	39947.Q75HQ7	28.3	820472
55910657	39947.A0A0P0VM80	28.2	820472
55937040	39947.Q60EM2	27.3	54730
55929348	39947.Q0IW70	27.1	141210
55935301	39947.Q5NAI9	27.0	70701
55943961	39947.Q7X8V3	27.0	784093
55940427	39947.Q6K6Q1	26.5	784093
55940250	39947.Q6K4J4	26.5	57358
55922605	39947.A0A0P0Y1H7	26.2	72618
55931538	39947.Q10LY9	26.1	248795
55943187	39947.Q75IM9	25.8	42298
55929621	39947.Q0J0Z5	25.0	269924
55942356	39947.Q6ZC69	24.9	45808
55911195	39947.A0A0P0VRW1	24.8	38398
55947283	39947.Q8S5T1	24.6	80119
55943719	39947.Q7FAT9	24.5	207670
55922872	39947.A0A0P0Y2X7	24.4	160416
55947682	39947.Q94D97	24.2	1183611
55947238	39947.Q8S292	24.1	95783
55907182	39947.A0A0N7KU75	24.1	63384
55943049	39947.Q75GS4	23.6	411945
55947321	39947.Q8S703	23.3	141210
55947323	39947.Q8S715	23.2	188818
55928083	39947.Q0DHC7	22.7	1183611
55930159	39947.Q0JBF1	22.6	77026
55946339	39947.Q8H4Q9	22.2	73674
55938360	39947.Q69PS6	22.1	81180
55925226	39947.B7EYZ0	22.0	44371
55938913	39947.Q6AUB0	21.9	72527
55947626	39947.Q945W6	21.5	188818
55932037	39947.Q10QM5	21.4	73674
55942534	39947.Q6ZFU6	21.3	81180
55931809	39947.Q10NX8	21.2	73280
55941276	39947.Q6YXT5	21.2	87869
55944266	39947.Q7XHP7	21.2	207386
55945729	39947.Q84TA8	21.2	207386
55940802	39947.Q6L502	21.2	207386
55947623	39947.Q945W2	20.6	141210
55932165	39947.Q10RW9	19.9	99860
55946546	39947.Q8H903	19.9	99860
55924434	39947.A0A0P0YCG8	19.7	48870
55913402	39947.A0A0P0W8Q3	19.6	228365
55944819	39947.Q7XR47	19.2	216283
55947320	39947.Q8S702	19.2	188818
55939949	39947.Q6H8G2	19.1	207386
55930940	39947.Q0JQ62	19.1	207386
55927390	39947.P41345	18.3	91298
55942722	39947.Q6ZIB4	17.9	86022
55946360	39947.Q8H534	17.7	38991
55948298	39947.Q9LRI6	17.4	108335
55935622	39947.Q5SN59	17.0	38289
55947743	39947.Q94ED2	16.8	362921
55935791	39947.Q5VNM3	16.4	147811
55931340	39947.Q10I26	16.4	147811
55925349	39947.B7F958	16.2	284044
55937031	39947.Q60EJ3	16.1	56618
55929025	39947.Q0IN14	16.1	246064
55937418	39947.Q655Y9	16.0	26837
55908070	39947.A0A0P0V328	16.0	99934
55912856	39947.A0A0P0W5T6	15.9	1183611
55932592	39947.Q2QNN5	15.7	107824
55943285	39947.Q75KR1	15.5	234629
55932236	39947.Q10SI9	15.3	737163
55935697	39947.Q5U1P4	15.3	737163
55944327	39947.Q7XI67	15.2	48587
55932214	39947.Q10S93	15.2	216283
55946644	39947.Q8L4V6	15.1	103117
55946125	39947.Q8GVN8	15.0	737163
55942783	39947.Q6ZJ08	14.4	135772
55944634	39947.Q7XNX6	14.3	373036
55927131	39947.H6TFZ4	14.3	373036
55927169	39947.O65857	14.3	99934
55937350	39947.Q654U8	14.2	50113
55947448	39947.Q8W2T8	14.0	188818
55939088	39947.Q6EP33	13.3	737163
55943639	39947.Q7F2P0	13.3	45579
55932888	39947.Q2QUF6	13.3	48832
55937793	39947.Q67UR9	12.8	476079
55939308	39947.Q6ESK6	12.7	35966
55932891	39947.Q2QUH7	12.6	48832
55932792	39947.Q2QS11	12.2	38853
55947881	39947.Q9AQZ5	12.2	62516
55938061	39947.Q69IK7	12.2	36587
55931735	39947.Q10N97	12.0	74600
55944050	39947.Q7XC09	11.7	14824
55909119	39947.A0A0P0VAN8	11.6	72618
55946028	39947.Q8GRL5	11.6	67403
55932259	39947.Q10SR3	11.4	114298
55946127	39947.Q8GVP1	11.2	737163
55938525	39947.Q69T99	11.2	129633
55926265	39947.B9G4B3	11.1	114298
55942057	39947.Q6Z7L1	11.1	114298
55935691	39947.Q5U1F9	10.9	737163
55921842	39947.A0A0P0XWA7	10.8	99788
55925514	39947.B9EXM2	10.6	91365
55937758	39947.Q67UH2	10.6	75627
55934140	39947.Q33AE4	10.5	106427
55932572	39947.Q2QNH0	10.5	476079
55941978	39947.Q6Z6L4	10.3	54819
55932591	39947.Q2QNM5	10.3	75627
55947517	39947.Q93W16	10.3	75627
55930842	39947.Q0JMX6	10.0	99934
55933097	39947.Q2QXL3	9.97	85894
55942947	39947.Q6ZL89	9.94	92776
55948370	39947.Q9SDK4	9.93	75627
55924316	39947.A0A0P0YBJ9	9.46	49161
55930178	39947.Q0JBL5	8.88	80087
55934479	39947.Q53NW6	8.4	64856
55944951	39947.Q7XSU6	8.34	97882
55922251	39947.A0A0P0XZ99	8.19	82230
55943614	39947.Q7F1U2	8.11	96512
55944950	39947.Q7XSU2	7.91	97882
55927196	39947.P0C0L1	7.72	15636
55944076	39947.Q7XCK6	7.49	14906
55943613	39947.Q7F1U1	7.39	96512
55918553	39947.A0A0P0X9S3	7.29	204350
55931413	39947.Q10KW1	7.0	204350
55935700	39947.Q5U1Q1	7.0	204350
55946893	39947.Q8LNM7	6.79	35461
55914041	39947.A0A0P0WDB5	6.77	49161
55936419	39947.Q5Z7J2	6.74	19406
55946922	39947.Q8LQ33	6.69	24892
55912012	39947.A0A0P0VZ16	6.58	96512
55948093	39947.Q9FTN6	6.4	37385
55948092	39947.Q9FTN5	6.39	37385
55947649	39947.Q94CS6	6.25	54140
55943408	39947.Q75PK7	6.0	84621
55946847	39947.Q8LMW8	5.97	45579
55939447	39947.Q6EU94	5.77	17162
55940829	39947.Q6L590	5.58	246805
55944954	39947.Q7XSV1	5.37	97882
55918550	39947.A0A0P0X9R7	5.35	204350
55925166	39947.B7EIS5	5.35	84621
55911835	39947.A0A0P0VXU6	5.34	204350
55938012	39947.Q688Q9	5.26	24576
55912798	39947.A0A0P0W521	5.25	49161
55941700	39947.Q6Z3A3	5.22	24576
55942195	39947.Q6Z9C3	4.87	29765
55940050	39947.Q6I683	4.82	84621
55942258	39947.Q6ZAA5	4.44	48252
55924008	39947.A0A0P0Y9L8	4.09	15778
55943653	39947.Q7F7M1	3.31	71329
55939849	39947.Q6H795	3.22	100881
55927683	39947.Q0D7I3	3.12	78924
55944516	39947.Q7XL03	3.07	100881
55938019	39947.Q688T8	2.67	78924
55934373	39947.Q53LY0	2.57	90327
55943052	39947.Q75GT3	2.49	90327
55946949	39947.Q8LQJ8	2.31	50611
55928888	39947.Q0E3C8	2.31	90327
55937934	39947.Q67WJ2	2.24	50611
55946950	39947.Q8LQJ9	2.24	50611
55941112	39947.Q6YUV2	1.84	49161
55919452	39947.A0A0P0XFK3	1.74	31612
55906382	39947.A0A0N7KP42	1.53	9305
55936421	39947.Q5Z7K0	1.17	9305
55921914	39947.A0A0P0XWU1	0.932	1417
55906094	39947.A0A0N7KLZ5	0.881	11362
