#id: 1164108207
#name: Solanum lycopersicum - Whole organism, SC (Schilmiller,plant_physiol,2010)
#score: 10.5
#description: abundance based on Spectral counting, Interaction consistency score: 10.5, Coverage: 6
#organ: WHOLE_ORGANISM
#integrated: false
#coverage: 6
#link: http://www.ncbi.nlm.nih.gov/pubmed/20431087
#publication_year: 2010
#filename: 4081-Solanum_lycopersicum_SC_biomart_18197_E__1reps.txt
#
#internal_id	string_external_id	abundance	raw_spectral_count
1079914	4081.Solyc04g005700.2.1	29073	504
1069028	4081.Solyc01g006540.2.1	20070	2024
1080027	4081.Solyc04g007820.2.1	17158	164
1090358	4081.Solyc08g005670.2.1	11913	257
1084563	4081.Solyc05g052240.2.1	9103	191
1094018	4081.Solyc09g059170.1.1	7789	136
1074608	4081.Solyc02g071710.2.1	7394	262
1088176	4081.Solyc07g008710.2.1	7029	173
1083423	4081.Solyc05g014470.2.1	6080	229
1078729	4081.Solyc03g111810.2.1	5703	511
1097369	4081.Solyc10g081510.1.1	5688	429
1090359	4081.Solyc08g005680.2.1	5018	234
1096335	4081.Solyc10g048030.1.1	4957	86
1069942	4081.Solyc01g028810.2.1	4839	349
1096930	4081.Solyc10g075100.1.1	4667	38
1089313	4081.Solyc07g049690.2.1	4649	211
1073031	4081.Solyc01g111170.2.1	4468	88
1069107	4081.Solyc01g007330.2.1	4342	210
1089892	4081.Solyc07g062650.2.1	4214	107
1069124	4081.Solyc01g007500.2.1	4146	132
1092842	4081.Solyc09g005940.2.1	4116	268
1096278	4081.Solyc10g047430.1.1	4097	41
1084693	4081.Solyc05g053550.2.1	4029	204
1095046	4081.Solyc09g091510.2.1	3841	185
1093044	4081.Solyc09g009020.2.1	3781	239
1099928	4081.Solyc11g069790.1.1	3735	249
1087162	4081.Solyc06g073190.2.1	3722	152
1099887	4081.Solyc11g069380.1.1	3675	350
1100441	4081.Solyc12g008590.1.1	3621	15
1071079	4081.Solyc01g087540.2.1	3509	127
1094909	4081.Solyc09g090140.2.1	3399	111
1090282	4081.Solyc07g066600.2.1	3393	186
1090207	4081.Solyc07g065840.2.1	3317	451
1071966	4081.Solyc01g099410.2.1	3284	22
1078017	4081.Solyc03g082570.2.1	3256	416
1071654	4081.Solyc01g096290.2.1	3256	416
1092716	4081.Solyc08g083120.2.1	3256	416
1092849	4081.Solyc09g006010.2.1	3223	28
1084669	4081.Solyc05g053310.2.1	3158	21
1099792	4081.Solyc11g068430.1.1	3113	18
1100871	4081.Solyc12g015880.1.1	3097	437
1069017	4081.Solyc01g006430.2.1	3027	69
1085013	4081.Solyc06g005160.2.1	3007	107
1072378	4081.Solyc01g104590.2.1	3002	144
1070138	4081.Solyc01g056940.2.1	2999	420
1102520	4081.Solyc12g098940.1.1	2942	419
1070732	4081.Solyc01g074030.2.1	2905	140
1100454	4081.Solyc12g008720.1.1	2876	7
1086247	4081.Solyc06g059930.2.1	2873	176
1075423	4081.Solyc02g083860.2.1	2866	112
1090643	4081.Solyc08g008590.2.1	2836	371
1099758	4081.Solyc11g067100.1.1	2795	34
1088977	4081.Solyc07g042250.2.1	2744	66
1093203	4081.Solyc09g010630.2.1	2739	537
1077902	4081.Solyc03g078400.2.1	2722	353
1101812	4081.Solyc12g055800.1.1	2715	253
1078626	4081.Solyc03g098780.1.1	2650	58
1078401	4081.Solyc03g096460.2.1	2650	45
1083274	4081.Solyc05g012950.1.1	2641	88
1099063	4081.Solyc11g039980.1.1	2627	75
1071223	4081.Solyc01g089970.2.1	2608	45
1092976	4081.Solyc09g008280.1.1	2607	124
1084746	4081.Solyc05g054090.2.1	2570	25
1081052	4081.Solyc04g049330.2.1	2556	25
1098843	4081.Solyc11g022590.1.1	2541	65
1084719	4081.Solyc05g053810.2.1	2491	165
1072062	4081.Solyc01g100380.2.1	2446	95
1098215	4081.Solyc11g010200.1.1	2400	145
1102190	4081.Solyc12g088670.1.1	2343	91
1098278	4081.Solyc11g010850.1.1	2337	113
1075059	4081.Solyc02g080220.2.1	2313	281
1093067	4081.Solyc09g009260.2.1	2311	99
1096956	4081.Solyc10g076350.1.1	2278	20
1072844	4081.Solyc01g109300.2.1	2278	119
1080288	4081.Solyc04g011450.1.1	2275	20
1090460	4081.Solyc08g006720.2.1	2261	64
1090355	4081.Solyc08g005640.2.1	2233	264
1068138	4081.Solyc00g009020.2.1	2167	47
1084685	4081.Solyc05g053470.2.1	2151	198
1072007	4081.Solyc01g099830.2.1	2149	32
1068930	4081.Solyc01g005560.2.1	2147	109
1095308	4081.Solyc10g005560.2.1	2142	416
1072187	4081.Solyc01g102660.2.1	2136	34
1078197	4081.Solyc03g093360.2.1	2130	22
1097671	4081.Solyc10g085550.1.1	2123	168
1095122	4081.Solyc09g092270.2.1	2098	85
1102529	4081.Solyc12g099030.1.1	2096	419
1072265	4081.Solyc01g103450.2.1	2070	149
1082499	4081.Solyc04g082200.2.1	2068	37
1072396	4081.Solyc01g104770.2.1	2034	284
1079075	4081.Solyc03g115360.2.1	2025	27
1074487	4081.Solyc02g070500.1.1	2019	38
1075479	4081.Solyc02g084440.2.1	2016	93
1100773	4081.Solyc12g013900.1.1	1983	55
1087657	4081.Solyc06g083190.2.1	1980	92
1097084	4081.Solyc10g078630.1.1	1978	15
1073392	4081.Solyc02g021400.1.1	1978	15
1079946	4081.Solyc04g007010.2.1	1975	35
1069106	4081.Solyc01g007320.2.1	1975	155
1087343	4081.Solyc06g075010.2.1	1970	154
1098157	4081.Solyc11g008630.1.1	1966	105
1076249	4081.Solyc02g092270.2.1	1953	2
1099365	4081.Solyc11g051160.1.1	1932	145
1085392	4081.Solyc06g009970.2.1	1924	250
1085003	4081.Solyc06g005060.2.1	1924	250
1100507	4081.Solyc12g009250.1.1	1918	53
1095133	4081.Solyc09g092380.2.1	1905	173
1100209	4081.Solyc12g005270.1.1	1843	23
1095408	4081.Solyc10g006560.2.1	1843	23
1087285	4081.Solyc06g074430.2.1	1839	32
1084867	4081.Solyc05g055310.2.1	1831	21
1087844	4081.Solyc07g005390.2.1	1827	104
1101903	4081.Solyc12g056710.1.1	1825	61
1097476	4081.Solyc10g083570.1.1	1820	87
1091127	4081.Solyc08g045710.1.1	1812	10
1090283	4081.Solyc07g066610.2.1	1796	147
1081431	4081.Solyc04g056390.2.1	1779	68
1100586	4081.Solyc12g010040.1.1	1767	125
1087656	4081.Solyc06g083180.2.1	1757	51
1091884	4081.Solyc08g074620.1.1	1733	129
1080294	4081.Solyc04g011510.2.1	1726	58
1070699	4081.Solyc01g073690.2.1	1722	42
1087036	4081.Solyc06g071920.2.1	1716	113
1090134	4081.Solyc07g065090.1.1	1691	40
1099892	4081.Solyc11g069430.1.1	1680	49
1087174	4081.Solyc06g073310.2.1	1665	60
1085391	4081.Solyc06g009960.1.1	1660	215
1087232	4081.Solyc06g073900.2.1	1652	13
1095134	4081.Solyc09g092390.2.1	1621	167
1078391	4081.Solyc03g096360.2.1	1610	16
1083112	4081.Solyc05g010320.2.1	1610	33
1091426	4081.Solyc08g062910.2.1	1608	202
1097421	4081.Solyc10g082030.1.1	1608	43
1072880	4081.Solyc01g109660.2.1	1606	41
1075058	4081.Solyc02g080210.2.1	1579	241
1076932	4081.Solyc03g025320.2.1	1557	64
1084255	4081.Solyc05g046140.2.1	1554	26
1102475	4081.Solyc12g098490.1.1	1552	108
1089840	4081.Solyc07g062130.2.1	1550	126
1076903	4081.Solyc03g020040.2.1	1549	64
1090477	4081.Solyc08g006890.2.1	1543	228
1097756	4081.Solyc10g086410.2.1	1541	469
1081784	4081.Solyc04g073990.2.1	1535	56
1081987	4081.Solyc04g077020.2.1	1531	228
1098403	4081.Solyc11g012110.1.1	1520	49
1091427	4081.Solyc08g062920.2.1	1518	211
1096711	4081.Solyc10g054910.1.1	1516	42
1085164	4081.Solyc06g007670.2.1	1485	41
1087189	4081.Solyc06g073460.2.1	1482	37
1071391	4081.Solyc01g091660.2.1	1473	37
1092499	4081.Solyc08g080940.2.1	1473	24
1085033	4081.Solyc06g005360.2.1	1472	15
1088065	4081.Solyc07g007600.2.1	1470	98
1099654	4081.Solyc11g066060.1.1	1468	490
1097117	4081.Solyc10g078960.1.1	1459	16
1069031	4081.Solyc01g006570.1.1	1450	72
1075816	4081.Solyc02g087880.2.1	1440	215
1088319	4081.Solyc07g016150.2.1	1440	36
1072387	4081.Solyc01g104680.2.1	1403	76
1083826	4081.Solyc05g023800.2.1	1403	76
1072389	4081.Solyc01g104700.2.1	1403	76
1094771	4081.Solyc09g082780.2.1	1390	30
1081892	4081.Solyc04g076060.2.1	1380	74
1097484	4081.Solyc10g083650.1.1	1361	30
1092595	4081.Solyc08g081910.2.1	1354	46
1089133	4081.Solyc07g044860.2.1	1349	35
1093233	4081.Solyc09g010930.2.1	1346	25
1084668	4081.Solyc05g053300.2.1	1329	74
1075057	4081.Solyc02g080200.2.1	1321	186
1098289	4081.Solyc11g010960.1.1	1321	47
1079061	4081.Solyc03g115220.2.1	1321	85
1089775	4081.Solyc07g056480.2.1	1297	57
1097861	4081.Solyc11g005640.1.1	1292	386
1097362	4081.Solyc10g081440.1.1	1286	35
1097773	4081.Solyc10g086580.1.1	1269	86
1090979	4081.Solyc08g029160.1.1	1269	13
1072056	4081.Solyc01g100320.2.1	1269	41
1090363	4081.Solyc08g005720.2.1	1263	131
1100095	4081.Solyc11g072450.1.1	1262	21
1074078	4081.Solyc02g065400.2.1	1257	53
1102355	4081.Solyc12g096300.1.1	1257	40
1090040	4081.Solyc07g064130.1.1	1252	442
1087720	4081.Solyc06g083820.2.1	1245	25
1082364	4081.Solyc04g080850.2.1	1243	21
1072490	4081.Solyc01g105710.2.1	1226	11
1084812	4081.Solyc05g054760.2.1	1225	34
1075526	4081.Solyc02g084920.2.1	1224	23
1089567	4081.Solyc07g054280.1.1	1206	68
1082927	4081.Solyc05g008460.2.1	1198	209
1082480	4081.Solyc04g082010.1.1	1195	10
1094594	4081.Solyc09g075010.2.1	1193	16
1072967	4081.Solyc01g110530.2.1	1190	10
1096936	4081.Solyc10g075160.1.1	1188	13
1089467	4081.Solyc07g053260.2.1	1187	64
1085189	4081.Solyc06g007930.2.1	1185	27
1098503	4081.Solyc11g013110.1.1	1181	37
1099469	4081.Solyc11g062190.1.1	1179	126
1078671	4081.Solyc03g111230.2.1	1170	22
1072014	4081.Solyc01g099900.2.1	1156	24
1085091	4081.Solyc06g005940.2.1	1155	73
1099464	4081.Solyc11g062130.1.1	1154	126
1102395	4081.Solyc12g096700.1.1	1152	58
1074283	4081.Solyc02g068450.2.1	1151	15
1083276	4081.Solyc05g012970.2.1	1148	62
1102552	4081.Solyc12g099260.1.1	1146	140
1076028	4081.Solyc02g090030.2.1	1145	50
1097312	4081.Solyc10g080940.1.1	1141	225
1074084	4081.Solyc02g065470.1.1	1137	30
1091991	4081.Solyc08g075700.2.1	1132	22
1088177	4081.Solyc07g008720.2.1	1124	19
1089005	4081.Solyc07g042550.2.1	1122	117
1091848	4081.Solyc08g074240.2.1	1116	41
1090393	4081.Solyc08g006040.2.1	1116	41
1097605	4081.Solyc10g084890.1.1	1115	44
1099609	4081.Solyc11g065600.1.1	1113	57
1073022	4081.Solyc01g111080.2.1	1110	7
1085423	4081.Solyc06g011280.2.1	1106	90
1085023	4081.Solyc06g005260.2.1	1103	14
1080267	4081.Solyc04g010240.2.1	1101	13
1097795	4081.Solyc10g087030.1.1	1098	83
1086484	4081.Solyc06g063330.2.1	1096	172
1087443	4081.Solyc06g076020.2.1	1080	405
1101138	4081.Solyc12g027720.1.1	1077	6
1078995	4081.Solyc03g114560.2.1	1076	52
1078919	4081.Solyc03g113800.2.1	1074	57
1082176	4081.Solyc04g078920.2.1	1071	10
1097553	4081.Solyc10g084350.1.1	1070	37
1098330	4081.Solyc11g011380.1.1	1068	39
1099919	4081.Solyc11g069700.1.1	1056	164
1101893	4081.Solyc12g056610.1.1	1054	24
1095538	4081.Solyc10g007870.2.1	1045	8
1102476	4081.Solyc12g098500.1.1	1043	119
1097922	4081.Solyc11g006250.1.1	1040	36
1069372	4081.Solyc01g009990.2.1	1037	25
1094623	4081.Solyc09g075300.2.1	1033	36
1075032	4081.Solyc02g079950.2.1	1022	21
1083731	4081.Solyc05g018700.2.1	1020	61
1100069	4081.Solyc11g072190.1.1	1019	28
1097830	4081.Solyc11g005330.1.1	1019	211
1072098	4081.Solyc01g100760.2.1	1014	34
1087171	4081.Solyc06g073280.2.1	1008	46
1092422	4081.Solyc08g080170.2.1	1004	60
1093307	4081.Solyc09g011670.2.1	1004	18
1076985	4081.Solyc03g025850.2.1	1004	12
1090357	4081.Solyc08g005660.1.1	1003	62
1076724	4081.Solyc03g007240.2.1	1000	38
1100686	4081.Solyc12g011040.1.1	999	263
1071652	4081.Solyc01g096270.2.1	999	9
1097463	4081.Solyc10g083440.1.1	998	56
1084817	4081.Solyc05g054810.2.1	995	12
1092647	4081.Solyc08g082430.2.1	993	17
1078973	4081.Solyc03g114340.2.1	992	45
1079472	4081.Solyc03g119360.2.1	983	15
1091566	4081.Solyc08g066360.2.1	978	69
1101648	4081.Solyc12g043110.1.1	977	100
1074184	4081.Solyc02g067460.2.1	970	22
1096864	4081.Solyc10g074440.1.1	969	65
1093026	4081.Solyc09g008800.2.1	966	17
1085097	4081.Solyc06g006000.2.1	963	8
1101844	4081.Solyc12g056120.1.1	963	57
1079050	4081.Solyc03g115110.2.1	963	32
1080000	4081.Solyc04g007550.2.1	962	193
1094231	4081.Solyc09g064370.2.1	961	41
1088238	4081.Solyc07g009330.2.1	954	9
1081521	4081.Solyc04g063350.2.1	951	34
1091405	4081.Solyc08g062660.2.1	950	17
1090736	4081.Solyc08g014550.2.1	949	50
1080118	4081.Solyc04g008740.2.1	946	58
1091541	4081.Solyc08g066110.2.1	943	15
1079137	4081.Solyc03g115980.1.1	942	56
1089230	4081.Solyc07g047850.2.1	941	39
1100869	4081.Solyc12g015860.1.1	932	38
1069275	4081.Solyc01g009020.2.1	924	12
1070670	4081.Solyc01g068400.2.1	924	5
1102340	4081.Solyc12g096150.1.1	920	20
1092284	4081.Solyc08g078700.2.1	920	17
1100268	4081.Solyc12g005860.1.1	918	83
1079621	4081.Solyc03g120850.2.1	913	123
1093173	4081.Solyc09g010330.2.1	913	16
1097083	4081.Solyc10g078620.1.1	912	38
1080287	4081.Solyc04g011440.2.1	908	330
1075100	4081.Solyc02g080630.2.1	907	41
1087761	4081.Solyc06g084230.2.1	897	18
1094325	4081.Solyc09g065330.2.1	897	18
1082428	4081.Solyc04g081490.2.1	896	207
1075327	4081.Solyc02g082900.2.1	894	20
1087186	4081.Solyc06g073430.2.1	892	9
1073059	4081.Solyc01g111450.2.1	892	22
1090142	4081.Solyc07g065170.2.1	891	24
1092464	4081.Solyc08g080590.2.1	885	18
1075682	4081.Solyc02g086530.2.1	884	54
1101548	4081.Solyc12g042060.1.1	884	106
1069274	4081.Solyc01g009010.2.1	879	27
1070605	4081.Solyc01g067730.2.1	874	7
1072001	4081.Solyc01g099770.2.1	874	27
1072127	4081.Solyc01g101060.2.1	872	64
1090354	4081.Solyc08g005630.2.1	871	72
1074469	4081.Solyc02g070310.2.1	865	22
1078020	4081.Solyc03g082600.2.1	864	22
1073090	4081.Solyc01g111760.2.1	862	77
1075702	4081.Solyc02g086730.1.1	855	16
1087056	4081.Solyc06g072120.2.1	855	38
1085012	4081.Solyc06g005150.2.1	851	52
1098388	4081.Solyc11g011960.1.1	851	65
1069269	4081.Solyc01g008960.2.1	850	73
1076902	4081.Solyc03g020030.2.1	850	46
1092876	4081.Solyc09g007270.2.1	848	44
1070326	4081.Solyc01g059880.2.1	846	119
1074494	4081.Solyc02g070570.2.1	841	28
1088484	4081.Solyc07g020860.2.1	839	16
1087173	4081.Solyc06g073300.1.1	839	7
1079019	4081.Solyc03g114800.1.1	838	27
1078649	4081.Solyc03g111010.2.1	837	71
1092874	4081.Solyc09g007250.2.1	833	50
1088910	4081.Solyc07g041490.1.1	831	23
1092820	4081.Solyc09g005720.2.1	830	11
1084859	4081.Solyc05g055230.1.1	821	26
1097964	4081.Solyc11g006690.1.1	821	26
1078731	4081.Solyc03g111840.2.1	820	14
1072926	4081.Solyc01g110120.2.1	820	68
1071427	4081.Solyc01g094010.2.1	820	29
1086609	4081.Solyc06g065590.2.1	815	17
1098890	4081.Solyc11g028100.1.1	813	75
1092524	4081.Solyc08g081190.2.1	809	29
1088324	4081.Solyc07g016200.2.1	809	17
1095263	4081.Solyc10g005100.2.1	806	10
1085684	4081.Solyc06g035970.2.1	797	200
1072422	4081.Solyc01g105030.2.1	794	23
1071096	4081.Solyc01g087710.2.1	788	14
1068949	4081.Solyc01g005750.1.1	786	72
1077222	4081.Solyc03g034220.2.1	782	49
1087199	4081.Solyc06g073560.2.1	782	29
1071777	4081.Solyc01g097520.2.1	782	28
1101855	4081.Solyc12g056230.1.1	781	27
1086329	4081.Solyc06g060790.1.1	781	24
1080354	4081.Solyc04g012120.2.1	781	100
1078530	4081.Solyc03g097790.2.1	777	28
1072424	4081.Solyc01g105050.2.1	775	23
1093970	4081.Solyc09g057650.2.1	772	33
1084744	4081.Solyc05g054070.2.1	770	30
1070961	4081.Solyc01g081340.2.1	770	34
1088944	4081.Solyc07g041900.2.1	769	29
1087422	4081.Solyc06g075810.2.1	769	8
1086072	4081.Solyc06g053170.2.1	768	5
1094207	4081.Solyc09g063130.2.1	765	8
1097492	4081.Solyc10g083740.1.1	759	15
1097664	4081.Solyc10g085480.1.1	759	15
1078531	4081.Solyc03g097800.2.1	758	9
1070704	4081.Solyc01g073740.2.1	758	27
1070857	4081.Solyc01g080280.2.1	756	31
1090478	4081.Solyc08g006900.2.1	752	20
1075624	4081.Solyc02g085950.2.1	752	48
1069148	4081.Solyc01g007740.2.1	749	28
1071812	4081.Solyc01g097870.2.1	746	15
1071770	4081.Solyc01g097450.2.1	745	10
1073955	4081.Solyc02g063150.2.1	743	46
1099120	4081.Solyc11g042610.1.1	742	35
1102286	4081.Solyc12g094620.1.1	738	35
1088892	4081.Solyc07g041310.2.1	738	59
1090750	4081.Solyc08g015690.2.1	738	27
1080560	4081.Solyc04g016200.1.1	734	32
1102141	4081.Solyc12g088180.1.1	733	92
1085222	4081.Solyc06g008260.2.1	732	18
1083279	4081.Solyc05g013010.2.1	728	53
1094838	4081.Solyc09g084440.2.1	722	8
1085714	4081.Solyc06g036290.2.1	722	172
1097447	4081.Solyc10g083280.1.1	721	26
1093151	4081.Solyc09g010100.2.1	721	26
1095400	4081.Solyc10g006480.1.1	720	416
1089131	4081.Solyc07g044840.2.1	717	37
1081808	4081.Solyc04g074230.2.1	717	43
1072125	4081.Solyc01g101040.2.1	713	34
1100588	4081.Solyc12g010060.1.1	712	19
1087912	4081.Solyc07g006070.1.1	712	9
1076136	4081.Solyc02g091130.2.1	712	149
1093080	4081.Solyc09g009390.2.1	709	49
1097862	4081.Solyc11g005650.1.1	708	138
1093605	4081.Solyc09g018790.2.1	707	21
1073947	4081.Solyc02g063070.2.1	706	66
1097037	4081.Solyc10g078150.1.1	701	18
1073448	4081.Solyc02g023970.2.1	700	33
1070518	4081.Solyc01g066840.2.1	700	8
1091337	4081.Solyc08g061960.2.1	697	58
1099999	4081.Solyc11g071490.1.1	696	14
1069030	4081.Solyc01g006560.2.1	695	237
1097321	4081.Solyc10g081030.1.1	694	23
1091326	4081.Solyc08g061850.2.1	690	58
1100295	4081.Solyc12g006140.1.1	688	37
1087707	4081.Solyc06g083690.2.1	687	11
1069003	4081.Solyc01g006290.2.1	683	19
1099864	4081.Solyc11g069150.1.1	682	22
1086854	4081.Solyc06g069090.2.1	675	13
1097515	4081.Solyc10g083970.1.1	675	64
1091885	4081.Solyc08g074630.1.1	672	89
1071168	4081.Solyc01g088430.2.1	671	55
1094608	4081.Solyc09g075150.2.1	668	19
1072108	4081.Solyc01g100860.2.1	668	64
1082602	4081.Solyc05g005190.2.1	668	64
1076591	4081.Solyc03g005910.2.1	664	27
1095042	4081.Solyc09g091470.2.1	662	24
1101854	4081.Solyc12g056220.1.1	659	29
1074384	4081.Solyc02g069460.2.1	657	17
1094609	4081.Solyc09g075160.2.1	657	19
1102526	4081.Solyc12g099000.1.1	649	59
1102321	4081.Solyc12g095960.1.1	645	21
1093248	4081.Solyc09g011080.2.1	643	58
1087403	4081.Solyc06g075620.2.1	642	10
1101456	4081.Solyc12g039120.1.1	640	11
1072336	4081.Solyc01g104170.2.1	640	19
1096866	4081.Solyc10g074460.1.1	639	35
1100338	4081.Solyc12g006570.1.1	637	41
1099641	4081.Solyc11g065930.1.1	636	85
1082268	4081.Solyc04g079890.2.1	636	9
1099853	4081.Solyc11g069040.2.1	632	14
1075618	4081.Solyc02g085870.2.1	632	46
1099658	4081.Solyc11g066100.1.1	631	272
1078136	4081.Solyc03g083770.1.1	630	8
1092525	4081.Solyc08g081200.2.1	630	15
1087320	4081.Solyc06g074780.1.1	624	23
1097717	4081.Solyc10g086010.1.1	624	46
1085806	4081.Solyc06g048410.2.1	623	27
1100814	4081.Solyc12g014310.1.1	623	17
1072299	4081.Solyc01g103800.2.1	622	16
1090501	4081.Solyc08g007140.2.1	618	16
1096815	4081.Solyc10g061970.1.1	618	16
1092186	4081.Solyc08g077720.2.1	618	16
1097864	4081.Solyc11g005670.1.1	617	416
1094606	4081.Solyc09g075130.2.1	616	5
1092939	4081.Solyc09g007910.2.1	615	195
1073875	4081.Solyc02g062340.2.1	615	36
1090254	4081.Solyc07g066310.2.1	611	4
1093393	4081.Solyc09g014520.2.1	610	20
1076526	4081.Solyc03g005260.2.1	609	44
1096784	4081.Solyc10g055670.1.1	607	67
1072866	4081.Solyc01g109520.2.1	605	30
1082599	4081.Solyc05g005160.2.1	604	31
1087717	4081.Solyc06g083790.2.1	603	33
1076468	4081.Solyc02g094470.2.1	602	28
1087340	4081.Solyc06g074980.2.1	602	130
1097207	4081.Solyc10g079860.1.1	601	19
1093972	4081.Solyc09g057670.2.1	601	14
1075237	4081.Solyc02g082000.2.1	596	10
1098242	4081.Solyc11g010470.1.1	592	49
1087528	4081.Solyc06g076890.1.1	592	7
1092473	4081.Solyc08g080680.2.1	591	10
1087016	4081.Solyc06g071720.1.1	591	9
1092561	4081.Solyc08g081570.2.1	590	16
1089469	4081.Solyc07g053280.2.1	588	43
1083642	4081.Solyc05g017760.2.1	586	30
1097253	4081.Solyc10g080320.1.1	585	22
1071568	4081.Solyc01g095430.2.1	582	7
1079654	4081.Solyc03g121180.2.1	582	19
1094725	4081.Solyc09g082320.2.1	581	17
1080185	4081.Solyc04g009410.2.1	579	13
1089084	4081.Solyc07g043360.1.1	579	7
1079669	4081.Solyc03g121330.2.1	576	10
1070783	4081.Solyc01g079540.2.1	576	42
1081649	4081.Solyc04g071610.2.1	575	10
1087035	4081.Solyc06g071910.2.1	573	24
1087032	4081.Solyc06g071880.2.1	571	20
1078052	4081.Solyc03g082920.2.1	571	130
1082338	4081.Solyc04g080590.2.1	568	14
1085154	4081.Solyc06g007570.2.1	565	34
1092940	4081.Solyc09g007920.2.1	565	200
1092938	4081.Solyc09g007900.2.1	565	200
1076973	4081.Solyc03g025730.2.1	562	196
1086076	4081.Solyc06g053210.2.1	562	168
1102254	4081.Solyc12g089310.1.1	562	178
1072271	4081.Solyc01g103510.2.1	562	67
1074423	4081.Solyc02g069850.2.1	560	8
1076645	4081.Solyc03g006450.1.1	558	6
1072425	4081.Solyc01g105060.2.1	557	20
1089979	4081.Solyc07g063520.2.1	556	13
1101808	4081.Solyc12g055760.1.1	555	6
1080293	4081.Solyc04g011500.2.1	555	182
1076877	4081.Solyc03g019780.2.1	553	30
1071813	4081.Solyc01g097880.2.1	549	12
1072868	4081.Solyc01g109540.2.1	549	55
1080415	4081.Solyc04g014720.2.1	547	29
1076573	4081.Solyc03g005730.2.1	546	30
1071344	4081.Solyc01g091190.2.1	543	47
1087603	4081.Solyc06g082650.2.1	543	24
1074824	4081.Solyc02g077860.1.1	542	16
1069283	4081.Solyc01g009100.2.1	542	12
1071038	4081.Solyc01g087120.2.1	541	14
1076209	4081.Solyc02g091870.2.1	541	103
1086488	4081.Solyc06g063370.2.1	540	18
1081836	4081.Solyc04g074510.2.1	540	72
1087321	4081.Solyc06g074790.1.1	539	21
1094758	4081.Solyc09g082650.2.1	538	20
1098753	4081.Solyc11g020630.1.1	538	7
1074516	4081.Solyc02g070790.2.1	538	24
1082082	4081.Solyc04g077970.2.1	535	20
1095079	4081.Solyc09g091840.2.1	535	21
1097303	4081.Solyc10g080840.1.1	535	42
1083281	4081.Solyc05g013030.1.1	534	29
1069291	4081.Solyc01g009180.2.1	534	98
1093300	4081.Solyc09g011600.2.1	533	15
1081390	4081.Solyc04g054980.2.1	532	14
1068276	4081.Solyc00g019740.1.1	531	10
1076210	4081.Solyc02g091880.2.1	531	5
1097271	4081.Solyc10g080500.1.1	529	179
1069174	4081.Solyc01g008000.2.1	527	64
1098778	4081.Solyc11g020890.1.1	525	6
1095012	4081.Solyc09g091170.2.1	525	5
1094945	4081.Solyc09g090500.2.1	523	27
1094434	4081.Solyc09g066430.2.1	523	12
1078912	4081.Solyc03g113730.2.1	522	3
1089774	4081.Solyc07g056470.2.1	521	42
1098754	4081.Solyc11g020640.1.1	519	16
1087970	4081.Solyc07g006650.2.1	518	27
1097618	4081.Solyc10g085020.1.1	517	180
1097791	4081.Solyc10g086760.1.1	517	180
1072109	4081.Solyc01g100870.2.1	516	64
1085362	4081.Solyc06g009660.2.1	516	41
1099691	4081.Solyc11g066430.1.1	513	21
1079505	4081.Solyc03g119690.1.1	513	21
1087605	4081.Solyc06g082670.2.1	507	24
1098384	4081.Solyc11g011920.1.1	505	36
1070683	4081.Solyc01g068530.2.1	503	16
1095381	4081.Solyc10g006290.2.1	502	17
1070377	4081.Solyc01g060400.1.1	501	56
1085036	4081.Solyc06g005390.1.1	501	21
1087180	4081.Solyc06g073370.2.1	501	16
1097865	4081.Solyc11g005680.1.1	501	16
1071629	4081.Solyc01g096040.2.1	500	17
1094700	4081.Solyc09g082060.2.1	498	12
1072321	4081.Solyc01g104020.2.1	496	10
1096590	4081.Solyc10g052660.1.1	496	8
1079611	4081.Solyc03g120750.2.1	496	28
1075418	4081.Solyc02g083810.2.1	496	24
1095359	4081.Solyc10g006070.2.1	495	22
1083360	4081.Solyc05g013820.2.1	493	7
1098869	4081.Solyc11g027870.1.1	491	6
1087505	4081.Solyc06g076640.2.1	488	181
1087031	4081.Solyc06g071870.2.1	488	20
1099929	4081.Solyc11g069800.1.1	484	33
1080164	4081.Solyc04g009200.2.1	479	26
1090932	4081.Solyc08g023660.2.1	478	9
1094364	4081.Solyc09g065730.2.1	475	20
1070640	4081.Solyc01g068080.2.1	472	14
1089769	4081.Solyc07g056420.2.1	472	42
1073026	4081.Solyc01g111120.2.1	470	32
1072312	4081.Solyc01g103930.2.1	466	17
1084784	4081.Solyc05g054480.2.1	465	153
1082375	4081.Solyc04g080960.2.1	465	17
1089181	4081.Solyc07g045350.2.1	461	24
1088312	4081.Solyc07g016080.2.1	460	12
1071186	4081.Solyc01g088610.2.1	455	6
1069341	4081.Solyc01g009680.2.1	454	120
1102287	4081.Solyc12g094630.1.1	453	6
1101604	4081.Solyc12g042650.1.1	453	14
1086230	4081.Solyc06g059740.2.1	452	21
1097331	4081.Solyc10g081130.1.1	448	25
1095348	4081.Solyc10g005960.1.1	447	11
1075567	4081.Solyc02g085350.2.1	446	25
1084942	4081.Solyc05g056060.2.1	445	3
1097748	4081.Solyc10g086330.1.1	443	8
1087434	4081.Solyc06g075930.1.1	443	45
1085040	4081.Solyc06g005430.1.1	443	45
1084797	4081.Solyc05g054610.1.1	443	45
1100136	4081.Solyc11g072860.1.1	443	45
1087426	4081.Solyc06g075850.1.1	443	45
1087424	4081.Solyc06g075830.1.1	443	45
1100134	4081.Solyc11g072840.1.1	443	45
1085039	4081.Solyc06g005420.1.1	443	45
1087437	4081.Solyc06g075960.1.1	443	45
1087067	4081.Solyc06g072240.1.1	443	45
1080283	4081.Solyc04g011390.1.1	443	45
1101628	4081.Solyc12g042900.1.1	440	5
1092185	4081.Solyc08g077710.2.1	440	16
1086498	4081.Solyc06g064460.2.1	439	31
1074472	4081.Solyc02g070340.2.1	437	48
1074471	4081.Solyc02g070330.2.1	437	48
1074474	4081.Solyc02g070360.2.1	437	48
1074473	4081.Solyc02g070350.2.1	437	48
1074470	4081.Solyc02g070320.2.1	437	48
1070606	4081.Solyc01g067740.2.1	436	5
1071330	4081.Solyc01g091050.2.1	435	29
1079138	4081.Solyc03g115990.1.1	435	21
1101912	4081.Solyc12g056800.1.1	434	15
1102441	4081.Solyc12g098150.1.1	433	11
1090016	4081.Solyc07g063890.2.1	432	24
1095410	4081.Solyc10g006580.2.1	432	24
1071760	4081.Solyc01g097350.2.1	432	9
1079440	4081.Solyc03g119040.2.1	431	34
1094605	4081.Solyc09g075120.2.1	430	11
1070811	4081.Solyc01g079820.2.1	430	12
1085088	4081.Solyc06g005910.2.1	429	162
1082671	4081.Solyc05g005880.2.1	428	8
1087450	4081.Solyc06g076090.2.1	427	159
1097761	4081.Solyc10g086460.1.1	425	139
1081646	4081.Solyc04g071580.2.1	425	3
1091048	4081.Solyc08g041870.2.1	424	25
1087861	4081.Solyc07g005560.2.1	423	14
1097494	4081.Solyc10g083760.1.1	422	31
1097523	4081.Solyc10g084050.1.1	422	126
1069064	4081.Solyc01g006900.2.1	421	7
1081064	4081.Solyc04g049450.2.1	419	27
1079342	4081.Solyc03g118040.2.1	418	28
1075207	4081.Solyc02g081700.1.1	418	14
1077299	4081.Solyc03g044000.1.1	416	11
1094453	4081.Solyc09g072610.2.1	414	21
1087040	4081.Solyc06g071960.2.1	413	20
1096860	4081.Solyc10g074400.1.1	413	16
1079682	4081.Solyc03g121460.1.1	412	4
1089641	4081.Solyc07g055080.2.1	410	20
1099962	4081.Solyc11g070130.1.1	409	4
1092053	4081.Solyc08g076360.2.1	409	18
1083927	4081.Solyc05g025810.2.1	409	11
1086514	4081.Solyc06g064630.2.1	408	15
1080090	4081.Solyc04g008460.2.1	408	15
1086290	4081.Solyc06g060400.2.1	408	15
1101493	4081.Solyc12g040510.1.1	407	31
1087531	4081.Solyc06g076920.2.1	407	13
1072059	4081.Solyc01g100350.2.1	406	36
1079198	4081.Solyc03g116590.2.1	406	7
1075330	4081.Solyc02g082930.2.1	406	6
1083146	4081.Solyc05g010670.2.1	406	35
1072563	4081.Solyc01g106450.2.1	405	9
1099664	4081.Solyc11g066160.1.1	405	41
1072855	4081.Solyc01g109410.2.1	404	13
1071825	4081.Solyc01g098000.2.1	404	19
1099921	4081.Solyc11g069720.1.1	403	116
1099831	4081.Solyc11g068820.1.1	403	7
1076788	4081.Solyc03g007890.2.1	403	128
1074348	4081.Solyc02g069100.2.1	402	16
1085675	4081.Solyc06g035870.2.1	402	10
1080959	4081.Solyc04g045340.2.1	401	27
1097336	4081.Solyc10g081180.1.1	399	3
1086499	4081.Solyc06g064470.2.1	397	29
1095013	4081.Solyc09g091180.2.1	397	71
1071683	4081.Solyc01g096580.2.1	396	11
1071684	4081.Solyc01g096590.2.1	396	11
1090825	4081.Solyc08g016510.2.1	396	17
1097371	4081.Solyc10g081530.1.1	396	13
1084952	4081.Solyc05g056160.2.1	396	13
1072899	4081.Solyc01g109850.2.1	394	26
1069446	4081.Solyc01g010750.2.1	394	11
1085877	4081.Solyc06g050120.2.1	393	29
1080280	4081.Solyc04g011360.2.1	393	27
1093177	4081.Solyc09g010370.2.1	393	27
1085149	4081.Solyc06g007520.2.1	393	22
1084785	4081.Solyc05g054490.2.1	390	13
1101843	4081.Solyc12g056110.1.1	389	28
1072561	4081.Solyc01g106430.2.1	389	12
1069183	4081.Solyc01g008090.2.1	388	7
1069182	4081.Solyc01g008080.2.1	388	7
1079749	4081.Solyc03g122140.2.1	388	16
1077889	4081.Solyc03g078270.1.1	388	33
1071801	4081.Solyc01g097760.2.1	386	27
1100476	4081.Solyc12g008940.1.1	386	11
1085144	4081.Solyc06g007470.2.1	385	7
1068331	4081.Solyc00g024150.2.1	385	6
1102459	4081.Solyc12g098330.1.1	384	13
1071991	4081.Solyc01g099670.2.1	382	13
1091631	4081.Solyc08g067020.2.1	382	5
1092904	4081.Solyc09g007560.2.1	381	12
1069936	4081.Solyc01g022750.2.1	380	4
1088994	4081.Solyc07g042440.2.1	380	11
1086473	4081.Solyc06g063220.2.1	378	4
1087221	4081.Solyc06g073790.2.1	377	16
1087222	4081.Solyc06g073800.2.1	377	16
1101550	4081.Solyc12g042080.1.1	377	16
1100364	4081.Solyc12g006830.1.1	377	14
1090605	4081.Solyc08g008210.2.1	377	26
1099647	4081.Solyc11g065990.1.1	375	151
1077218	4081.Solyc03g034180.2.1	375	68
1089897	4081.Solyc07g062700.2.1	374	13
1099952	4081.Solyc11g070030.1.1	373	8
1093348	4081.Solyc09g013080.2.1	369	25
1078776	4081.Solyc03g112360.1.1	369	6
1100215	4081.Solyc12g005330.1.1	367	14
1077144	4081.Solyc03g033440.1.1	366	13
1086502	4081.Solyc06g064510.2.1	365	11
1102347	4081.Solyc12g096220.1.1	364	42
1097349	4081.Solyc10g081310.1.1	364	5
1076386	4081.Solyc02g093640.2.1	364	15
1080125	4081.Solyc04g008810.2.1	362	7
1094842	4081.Solyc09g084480.2.1	361	4
1068900	4081.Solyc01g005250.2.1	361	11
1070788	4081.Solyc01g079590.2.1	360	7
1087487	4081.Solyc06g076460.2.1	360	1
1089112	4081.Solyc07g043660.2.1	360	39
1072097	4081.Solyc01g100750.2.1	354	19
1082436	4081.Solyc04g081570.2.1	352	29
1101649	4081.Solyc12g043120.1.1	351	59
1076465	4081.Solyc02g094440.2.1	351	4
1072002	4081.Solyc01g099780.2.1	351	18
1068973	4081.Solyc01g005990.2.1	348	5
1076871	4081.Solyc03g019720.2.1	346	6
1081668	4081.Solyc04g071820.2.1	344	13
1089662	4081.Solyc07g055290.2.1	343	17
1074253	4081.Solyc02g068150.2.1	343	4
1079878	4081.Solyc04g005340.2.1	343	35
1078113	4081.Solyc03g083530.2.1	341	24
1100076	4081.Solyc11g072260.1.1	341	24
1095871	4081.Solyc10g018250.1.1	341	24
1071347	4081.Solyc01g091220.2.1	341	24
1084440	4081.Solyc05g051000.2.1	341	24
1082504	4081.Solyc04g082250.2.1	340	19
1089946	4081.Solyc07g063190.2.1	340	11
1079895	4081.Solyc04g005510.2.1	339	21
1069471	4081.Solyc01g011000.2.1	339	21
1098385	4081.Solyc11g011930.1.1	338	32
1074048	4081.Solyc02g065090.2.1	338	14
1075703	4081.Solyc02g086740.1.1	337	10
1097734	4081.Solyc10g086190.1.1	337	12
1099616	4081.Solyc11g065670.1.1	336	22
1087360	4081.Solyc06g075180.1.1	336	22
1099893	4081.Solyc11g069440.1.1	336	22
1082652	4081.Solyc05g005690.1.1	334	14
1073077	4081.Solyc01g111630.2.1	333	15
1072099	4081.Solyc01g100770.2.1	332	19
1069141	4081.Solyc01g007670.2.1	330	8
1077318	4081.Solyc03g044200.2.1	330	13
1100496	4081.Solyc12g009140.1.1	330	14
1097280	4081.Solyc10g080590.1.1	330	7
1095166	4081.Solyc09g092760.2.1	329	4
1085807	4081.Solyc06g048420.1.1	329	13
1098272	4081.Solyc11g010780.1.1	328	13
1071987	4081.Solyc01g099630.2.1	328	22
1097904	4081.Solyc11g006070.1.1	328	6
1094636	4081.Solyc09g075430.2.1	327	8
1095161	4081.Solyc09g092710.2.1	327	6
1072076	4081.Solyc01g100520.2.1	324	10
1085336	4081.Solyc06g009400.2.1	324	10
1073065	4081.Solyc01g111510.2.1	324	11
1071816	4081.Solyc01g097910.2.1	324	6
1098145	4081.Solyc11g008510.1.1	321	4
1084900	4081.Solyc05g055640.2.1	321	4
1097530	4081.Solyc10g084120.1.1	320	4
1083106	4081.Solyc05g010260.2.1	319	9
1086770	4081.Solyc06g068240.2.1	319	64
1071920	4081.Solyc01g098950.1.1	318	44
1076547	4081.Solyc03g005470.2.1	318	6
1069072	4081.Solyc01g006980.2.1	317	11
1071540	4081.Solyc01g095150.2.1	317	6
1101989	4081.Solyc12g062610.1.1	316	5
1071435	4081.Solyc01g094090.2.1	315	12
1087388	4081.Solyc06g075470.1.1	315	8
1078668	4081.Solyc03g111200.2.1	315	10
1069950	4081.Solyc01g028900.2.1	315	12
1077248	4081.Solyc03g036480.1.1	314	27
1075257	4081.Solyc02g082200.2.1	314	7
1074251	4081.Solyc02g068130.2.1	313	7
1082631	4081.Solyc05g005480.2.1	312	12
1082258	4081.Solyc04g079790.2.1	312	7
1070276	4081.Solyc01g058380.1.1	311	15
1080221	4081.Solyc04g009770.2.1	310	14
1072803	4081.Solyc01g108880.2.1	307	8
1068936	4081.Solyc01g005620.2.1	305	9
1069160	4081.Solyc01g007860.2.1	305	13
1092955	4081.Solyc09g008070.2.1	304	97
1094622	4081.Solyc09g075290.2.1	303	10
1078644	4081.Solyc03g110960.2.1	303	18
1089776	4081.Solyc07g056490.2.1	303	31
1082755	4081.Solyc05g006730.2.1	301	12
1081828	4081.Solyc04g074430.1.1	300	10
1085298	4081.Solyc06g009020.2.1	300	11
1090652	4081.Solyc08g013670.2.1	300	6
1086649	4081.Solyc06g066000.1.1	299	9
1085317	4081.Solyc06g009210.2.1	299	8
1080147	4081.Solyc04g009030.2.1	299	29
1092933	4081.Solyc09g007850.2.1	298	10
1093215	4081.Solyc09g010750.1.1	298	23
1068253	4081.Solyc00g017210.1.1	297	123
1077247	4081.Solyc03g036470.1.1	297	38
1092686	4081.Solyc08g082820.2.1	295	112
1072118	4081.Solyc01g100970.2.1	295	6
1100712	4081.Solyc12g011300.1.1	293	31
1094839	4081.Solyc09g084450.2.1	293	4
1085359	4081.Solyc06g009630.1.1	293	5
1095375	4081.Solyc10g006230.2.1	292	5
1093820	4081.Solyc09g050080.1.1	291	8
1075206	4081.Solyc02g081690.1.1	291	9
1077571	4081.Solyc03g058920.2.1	289	15
1087497	4081.Solyc06g076560.1.1	288	15
1087495	4081.Solyc06g076540.1.1	288	15
1087493	4081.Solyc06g076520.1.1	288	15
1087498	4081.Solyc06g076570.1.1	288	15
1079287	4081.Solyc03g117480.2.1	287	64
1100668	4081.Solyc12g010860.1.1	287	20
1096798	4081.Solyc10g055810.1.1	286	26
1082734	4081.Solyc05g006520.2.1	286	11
1086181	4081.Solyc06g054260.1.1	286	7
1086279	4081.Solyc06g060290.2.1	285	18
1085872	4081.Solyc06g049080.2.1	285	6
1071008	4081.Solyc01g086800.2.1	284	10
1078156	4081.Solyc03g083970.2.1	284	12
1071880	4081.Solyc01g098550.2.1	283	8
1090453	4081.Solyc08g006650.2.1	282	5
1087023	4081.Solyc06g071790.2.1	280	27
1092341	4081.Solyc08g079280.2.1	280	20
1080395	4081.Solyc04g014510.2.1	280	18
1079372	4081.Solyc03g118340.2.1	279	56
1081765	4081.Solyc04g072810.2.1	279	9
1084975	4081.Solyc05g056390.2.1	279	7
1072242	4081.Solyc01g103220.2.1	279	6
1084994	4081.Solyc05g056580.2.1	278	25
1100030	4081.Solyc11g071800.1.1	278	14
1093180	4081.Solyc09g010400.2.1	277	11
1071297	4081.Solyc01g090710.2.1	277	16
1084967	4081.Solyc05g056310.2.1	276	18
1100666	4081.Solyc12g010840.1.1	275	25
1078089	4081.Solyc03g083290.2.1	274	12
1087097	4081.Solyc06g072540.1.1	274	8
1098087	4081.Solyc11g007920.1.1	272	20
1101698	4081.Solyc12g044630.1.1	270	9
1076171	4081.Solyc02g091490.2.1	269	14
1098440	4081.Solyc11g012480.1.1	269	33
1079302	4081.Solyc03g117630.1.1	269	148
1099803	4081.Solyc11g068540.1.1	268	5
1100614	4081.Solyc12g010320.1.1	267	4
1082654	4081.Solyc05g005710.2.1	267	16
1100412	4081.Solyc12g007310.1.1	266	15
1095399	4081.Solyc10g006470.2.1	265	4
1090042	4081.Solyc07g064150.2.1	265	4
1084505	4081.Solyc05g051660.1.1	264	7
1097766	4081.Solyc10g086510.1.1	263	4
1087632	4081.Solyc06g082940.2.1	262	8
1087633	4081.Solyc06g082950.2.1	262	8
1098137	4081.Solyc11g008430.1.1	261	10
1075214	4081.Solyc02g081770.1.1	261	14
1082601	4081.Solyc05g005180.2.1	261	5
1085208	4081.Solyc06g008120.1.1	261	3
1077256	4081.Solyc03g042560.1.1	261	74
1084705	4081.Solyc05g053670.2.1	260	11
1100283	4081.Solyc12g006010.1.1	260	8
1090113	4081.Solyc07g064880.2.1	260	8
1098058	4081.Solyc11g007630.1.1	259	6
1101173	4081.Solyc12g033070.1.1	259	11
1072703	4081.Solyc01g107870.2.1	259	17
1091901	4081.Solyc08g074790.2.1	257	9
1084959	4081.Solyc05g056230.2.1	256	11
1082377	4081.Solyc04g080980.2.1	255	47
1087092	4081.Solyc06g072490.2.1	254	17
1078541	4081.Solyc03g097900.2.1	254	17
1088308	4081.Solyc07g016040.1.1	253	2
1085430	4081.Solyc06g011350.2.1	252	16
1089522	4081.Solyc07g053830.2.1	252	47
1086446	4081.Solyc06g062950.1.1	251	17
1092367	4081.Solyc08g079620.2.1	251	7
1086655	4081.Solyc06g066060.2.1	251	14
1102379	4081.Solyc12g096540.1.1	251	10
1092884	4081.Solyc09g007350.2.1	251	8
1097718	4081.Solyc10g086020.1.1	251	8
1097549	4081.Solyc10g084310.1.1	251	8
1101633	4081.Solyc12g042950.1.1	251	21
1070726	4081.Solyc01g073970.2.1	250	13
1071010	4081.Solyc01g086820.2.1	250	13
1070741	4081.Solyc01g079110.2.1	250	13
1070889	4081.Solyc01g080600.2.1	250	13
1095639	4081.Solyc10g008910.1.1	250	13
1074787	4081.Solyc02g077480.1.1	250	13
1070729	4081.Solyc01g074000.2.1	250	13
1068803	4081.Solyc00g230080.1.1	250	3
1102267	4081.Solyc12g094430.1.1	250	3
1078018	4081.Solyc03g082580.2.1	249	6
1093971	4081.Solyc09g057660.2.1	249	24
1082336	4081.Solyc04g080570.2.1	248	7
1099791	4081.Solyc11g068420.1.1	248	12
1087272	4081.Solyc06g074300.2.1	248	13
1087887	4081.Solyc07g005820.2.1	248	147
1069447	4081.Solyc01g010760.2.1	248	7
1079115	4081.Solyc03g115760.2.1	247	4
1094374	4081.Solyc09g065830.2.1	247	6
1096698	4081.Solyc10g054780.1.1	246	11
1072539	4081.Solyc01g106210.2.1	246	19
1092648	4081.Solyc08g082440.2.1	246	10
1091360	4081.Solyc08g062190.2.1	245	8
1090747	4081.Solyc08g015660.2.1	245	10
1084953	4081.Solyc05g056170.2.1	244	107
1086227	4081.Solyc06g059710.2.1	244	11
1092937	4081.Solyc09g007890.1.1	244	134
1095550	4081.Solyc10g008010.2.1	243	16
1084941	4081.Solyc05g056050.2.1	243	9
1084943	4081.Solyc05g056070.2.1	243	9
1102125	4081.Solyc12g088020.1.1	243	8
1097076	4081.Solyc10g078550.1.1	243	12
1069133	4081.Solyc01g007590.2.1	242	4
1092577	4081.Solyc08g081730.2.1	241	5
1102325	4081.Solyc12g096000.1.1	241	41
1094792	4081.Solyc09g082990.2.1	241	14
1096856	4081.Solyc10g074360.1.1	241	11
1100512	4081.Solyc12g009300.1.1	239	43
1100801	4081.Solyc12g014180.1.1	239	16
1069430	4081.Solyc01g010580.2.1	238	18
1069427	4081.Solyc01g010540.2.1	238	18
1079912	4081.Solyc04g005680.2.1	238	18
1082807	4081.Solyc05g007250.2.1	238	18
1087421	4081.Solyc06g075800.1.1	238	19
1094664	4081.Solyc09g075710.1.1	237	4
1086740	4081.Solyc06g067940.2.1	237	5
1099049	4081.Solyc11g039840.1.1	236	6
1084938	4081.Solyc05g056020.2.1	236	5
1090297	4081.Solyc08g005060.2.1	236	4
1091416	4081.Solyc08g062800.2.1	235	42
1068427	4081.Solyc00g036540.1.1	235	2
1101983	4081.Solyc12g062550.1.1	235	19
1091853	4081.Solyc08g074290.2.1	235	11
1074514	4081.Solyc02g070770.2.1	233	8
1083018	4081.Solyc05g009370.2.1	233	6
1101765	4081.Solyc12g049340.1.1	233	9
1100937	4081.Solyc12g017570.1.1	233	29
1076405	4081.Solyc02g093830.2.1	232	17
1084546	4081.Solyc05g052070.2.1	231	14
1072144	4081.Solyc01g101240.2.1	230	14
1097577	4081.Solyc10g084610.1.1	230	6
1089656	4081.Solyc07g055230.2.1	229	20
1100675	4081.Solyc12g010930.1.1	229	20
1075653	4081.Solyc02g086240.2.1	229	20
1095547	4081.Solyc10g007980.2.1	229	20
1086846	4081.Solyc06g069010.2.1	229	28
1079412	4081.Solyc03g118760.2.1	228	118
1080842	4081.Solyc04g026100.1.1	228	10
1076265	4081.Solyc02g092430.1.1	227	9
1075307	4081.Solyc02g082700.2.1	227	3
1087899	4081.Solyc07g005940.2.1	226	16
1084716	4081.Solyc05g053780.2.1	226	4
1102169	4081.Solyc12g088460.1.1	226	9
1075376	4081.Solyc02g083390.2.1	224	7
1082771	4081.Solyc05g006890.1.1	224	18
1089806	4081.Solyc07g061790.2.1	223	8
1097431	4081.Solyc10g083120.1.1	222	11
1070350	4081.Solyc01g060130.2.1	222	27
1093084	4081.Solyc09g009430.2.1	222	17
1075897	4081.Solyc02g088700.2.1	222	10
1085720	4081.Solyc06g036350.2.1	221	7
1102324	4081.Solyc12g095990.1.1	220	41
1084906	4081.Solyc05g055700.2.1	220	4
1081168	4081.Solyc04g050570.2.1	220	12
1095560	4081.Solyc10g008110.2.1	219	18
1102570	4081.Solyc12g099440.1.1	218	19
1084985	4081.Solyc05g056490.2.1	218	4
1084880	4081.Solyc05g055440.1.1	217	19
1077824	4081.Solyc03g071620.1.1	217	19
1092994	4081.Solyc09g008460.2.1	217	6
1071098	4081.Solyc01g087730.2.1	217	6
1087815	4081.Solyc07g005100.2.1	217	8
1087700	4081.Solyc06g083620.2.1	216	11
1071446	4081.Solyc01g094200.2.1	215	16
1094938	4081.Solyc09g090430.2.1	214	4
1078480	4081.Solyc03g097290.2.1	214	25
1073715	4081.Solyc02g038690.1.1	213	19
1088321	4081.Solyc07g016170.2.1	213	32
1070331	4081.Solyc01g059930.2.1	213	4
1092674	4081.Solyc08g082700.2.1	213	7
1086276	4081.Solyc06g060260.2.1	213	9
1088142	4081.Solyc07g008370.2.1	212	20
1069782	4081.Solyc01g017220.1.1	211	4
1075888	4081.Solyc02g088610.2.1	210	17
1085213	4081.Solyc06g008170.2.1	210	11
1094479	4081.Solyc09g072870.2.1	210	11
1094956	4081.Solyc09g090610.2.1	210	11
1087716	4081.Solyc06g083780.2.1	210	11
1085300	4081.Solyc06g009040.2.1	209	9
1069325	4081.Solyc01g009520.2.1	209	10
1074397	4081.Solyc02g069590.2.1	208	5
1085939	4081.Solyc06g050770.2.1	208	10
1071245	4081.Solyc01g090190.2.1	208	5
1076927	4081.Solyc03g025270.2.1	208	4
1078478	4081.Solyc03g097270.2.1	207	7
1082543	4081.Solyc04g082640.2.1	207	4
1095527	4081.Solyc10g007760.2.1	206	7
1078476	4081.Solyc03g097250.2.1	206	4
1089377	4081.Solyc07g052350.2.1	205	30
1081417	4081.Solyc04g055260.2.1	205	9
1072950	4081.Solyc01g110360.2.1	205	27
1080791	4081.Solyc04g025560.2.1	205	34
1087747	4081.Solyc06g084090.2.1	205	14
1073988	4081.Solyc02g063490.2.1	203	12
1068781	4081.Solyc00g203660.1.1	203	19
1074383	4081.Solyc02g069450.2.1	203	10
1101695	4081.Solyc12g044600.2.1	203	23
1101709	4081.Solyc12g044740.1.1	201	7
1098870	4081.Solyc11g027880.1.1	201	16
1072953	4081.Solyc01g110390.2.1	201	4
1090793	4081.Solyc08g016180.2.1	200	13
1074501	4081.Solyc02g070640.2.1	200	13
1074502	4081.Solyc02g070650.2.1	200	13
1082202	4081.Solyc04g079180.2.1	200	7
1101943	4081.Solyc12g057110.2.1	200	54
1084438	4081.Solyc05g050980.2.1	200	22
1088185	4081.Solyc07g008800.2.1	199	5
1101667	4081.Solyc12g044300.1.1	199	5
1100791	4081.Solyc12g014080.1.1	199	15
1080268	4081.Solyc04g010250.2.1	199	5
1070851	4081.Solyc01g080220.2.1	199	5
1101886	4081.Solyc12g056540.1.1	199	10
1069927	4081.Solyc01g021670.2.1	198	5
1086268	4081.Solyc06g060180.1.1	198	30
1102534	4081.Solyc12g099080.1.1	198	34
1069268	4081.Solyc01g008950.2.1	198	13
1102625	4081.Solyc12g099990.1.1	198	13
1097022	4081.Solyc10g077010.1.1	198	13
1100074	4081.Solyc11g072240.1.1	198	13
1069211	4081.Solyc01g008370.2.1	198	8
1080575	4081.Solyc04g016350.1.1	197	29
1101275	4081.Solyc12g036200.1.1	197	3
1084966	4081.Solyc05g056300.2.1	196	8
1100566	4081.Solyc12g009840.1.1	195	49
1080913	4081.Solyc04g039850.1.1	194	8
1089773	4081.Solyc07g056460.2.1	194	15
1085046	4081.Solyc06g005490.2.1	193	17
1096707	4081.Solyc10g054870.1.1	193	19
1095727	4081.Solyc10g011770.2.1	193	4
1083151	4081.Solyc05g010720.2.1	192	8
1098695	4081.Solyc11g020040.1.1	192	22
1069123	4081.Solyc01g007490.2.1	191	4
1098088	4081.Solyc11g007930.1.1	191	19
1097992	4081.Solyc11g006970.1.1	191	8
1084961	4081.Solyc05g056250.2.1	191	15
1100053	4081.Solyc11g072030.1.1	191	3
1094277	4081.Solyc09g064850.2.1	190	7
1100734	4081.Solyc12g013510.1.1	190	19
1072202	4081.Solyc01g102820.2.1	190	7
1092065	4081.Solyc08g076480.2.1	190	4
1079663	4081.Solyc03g121270.2.1	189	7
1102536	4081.Solyc12g099100.1.1	189	26
1094779	4081.Solyc09g082860.2.1	187	20
1098218	4081.Solyc11g010230.1.1	187	11
1081843	4081.Solyc04g074580.1.1	187	11
1084489	4081.Solyc05g051500.2.1	187	11
1082394	4081.Solyc04g081150.2.1	187	11
1072257	4081.Solyc01g103370.2.1	187	6
1097731	4081.Solyc10g086160.1.1	185	10
1089640	4081.Solyc07g055060.2.1	184	47
1100698	4081.Solyc12g011160.1.1	184	8
1077891	4081.Solyc03g078290.2.1	184	10
1076178	4081.Solyc02g091560.2.1	183	13
1090128	4081.Solyc07g065030.2.1	182	4
1084309	4081.Solyc05g047690.2.1	181	3
1089105	4081.Solyc07g043590.2.1	181	7
1101856	4081.Solyc12g056240.1.1	180	14
1072781	4081.Solyc01g108660.2.1	180	12
1095924	4081.Solyc10g018810.1.1	180	5
1081363	4081.Solyc04g054710.2.1	180	9
1095303	4081.Solyc10g005510.2.1	180	20
1097024	4081.Solyc10g077030.1.1	179	15
1092321	4081.Solyc08g079070.2.1	179	6
1096795	4081.Solyc10g055780.1.1	179	11
1090466	4081.Solyc08g006780.2.1	179	5
1097733	4081.Solyc10g086180.1.1	178	98
1098536	4081.Solyc11g013440.1.1	178	10
1083568	4081.Solyc05g015950.2.1	178	11
1089289	4081.Solyc07g049450.2.1	177	7
1087625	4081.Solyc06g082870.2.1	177	13
1069112	4081.Solyc01g007380.1.1	177	12
1095975	4081.Solyc10g024340.1.1	177	6
1094120	4081.Solyc09g061230.2.1	177	8
1072063	4081.Solyc01g100390.2.1	177	48
1090703	4081.Solyc08g014190.2.1	176	15
1095401	4081.Solyc10g006490.2.1	175	4
1080453	4081.Solyc04g015100.2.1	174	7
1087691	4081.Solyc06g083530.2.1	174	4
1100335	4081.Solyc12g006540.1.1	173	5
1090023	4081.Solyc07g063960.2.1	172	4
1081054	4081.Solyc04g049350.2.1	172	10
1076412	4081.Solyc02g093900.2.1	172	6
1072908	4081.Solyc01g109940.2.1	172	5
1079971	4081.Solyc04g007260.2.1	172	6
1072876	4081.Solyc01g109620.2.1	172	5
1078099	4081.Solyc03g083390.2.1	171	4
1091999	4081.Solyc08g075780.2.1	170	2
1082984	4081.Solyc05g009030.2.1	169	7
1072000	4081.Solyc01g099760.2.1	169	10
1085132	4081.Solyc06g007340.2.1	169	6
1074932	4081.Solyc02g078940.2.1	167	6
1068048	4081.Solyc00g006800.2.1	167	12
1070384	4081.Solyc01g060470.2.1	166	9
1082665	4081.Solyc05g005820.2.1	166	30
1102337	4081.Solyc12g096120.1.1	166	2
1070028	4081.Solyc01g049680.2.1	166	4
1095876	4081.Solyc10g018300.1.1	166	22
1098181	4081.Solyc11g008870.1.1	165	15
1092419	4081.Solyc08g080140.2.1	165	17
1089558	4081.Solyc07g054190.2.1	165	4
1084912	4081.Solyc05g055760.2.1	165	14
1095193	4081.Solyc09g098030.2.1	164	18
1073097	4081.Solyc01g111830.2.1	164	6
1097997	4081.Solyc11g007020.1.1	163	5
1077401	4081.Solyc03g045090.2.1	163	8
1073085	4081.Solyc01g111710.2.1	163	12
1090765	4081.Solyc08g015860.2.1	163	25
1095151	4081.Solyc09g092560.2.1	162	9
1102401	4081.Solyc12g096760.1.1	162	10
1089622	4081.Solyc07g054860.1.1	162	14
1086597	4081.Solyc06g065470.2.1	162	3
1089033	4081.Solyc07g042840.1.1	162	2
1098068	4081.Solyc11g007730.1.1	161	9
1078454	4081.Solyc03g097030.2.1	161	8
1087682	4081.Solyc06g083440.2.1	161	9
1101916	4081.Solyc12g056840.1.1	160	9
1084280	4081.Solyc05g046390.2.1	160	2
1087719	4081.Solyc06g083810.2.1	160	5
1086431	4081.Solyc06g062800.2.1	159	33
1096560	4081.Solyc10g051350.1.1	159	5
1093428	4081.Solyc09g014900.2.1	159	9
1074007	4081.Solyc02g064670.1.1	159	7
1072414	4081.Solyc01g104950.2.1	158	16
1084437	4081.Solyc05g050970.2.1	158	22
1081862	4081.Solyc04g074770.2.1	157	4
1073266	4081.Solyc02g014150.2.1	157	8
1081880	4081.Solyc04g074950.2.1	157	4
1089618	4081.Solyc07g054820.2.1	157	5
1089330	4081.Solyc07g051850.2.1	156	10
1069515	4081.Solyc01g011510.2.1	156	11
1097292	4081.Solyc10g080710.1.1	156	9
1096797	4081.Solyc10g055800.1.1	156	21
1086115	4081.Solyc06g053600.2.1	156	8
1100029	4081.Solyc11g071790.1.1	154	5
1071035	4081.Solyc01g087070.2.1	154	28
1085903	4081.Solyc06g050400.1.1	154	7
1071243	4081.Solyc01g090170.2.1	154	14
1084998	4081.Solyc06g005010.1.1	153	4
1095069	4081.Solyc09g091740.2.1	153	8
1078798	4081.Solyc03g112590.2.1	153	64
1074175	4081.Solyc02g067370.2.1	153	3
1095334	4081.Solyc10g005820.1.1	153	5
1086577	4081.Solyc06g065270.2.1	153	8
1086073	4081.Solyc06g053180.2.1	152	2
1097548	4081.Solyc10g084300.1.1	152	4
1072578	4081.Solyc01g106610.2.1	152	7
1073346	4081.Solyc02g020940.2.1	152	23
1075364	4081.Solyc02g083270.2.1	152	4
1078755	4081.Solyc03g112150.1.1	152	20
1099720	4081.Solyc11g066720.1.1	151	16
1100328	4081.Solyc12g006470.1.1	151	7
1074569	4081.Solyc02g071320.2.1	151	4
1099689	4081.Solyc11g066410.1.1	150	4
1089770	4081.Solyc07g056430.2.1	150	10
1089109	4081.Solyc07g043630.1.1	150	22
1095152	4081.Solyc09g092580.2.1	150	12
1090618	4081.Solyc08g008340.2.1	149	8
1099180	4081.Solyc11g044230.1.1	149	2
1074488	4081.Solyc02g070510.2.1	148	10
1091244	4081.Solyc08g061000.2.1	148	12
1080401	4081.Solyc04g014570.2.1	148	8
1092203	4081.Solyc08g077890.2.1	148	5
1074552	4081.Solyc02g071150.2.1	147	3
1100302	4081.Solyc12g006210.1.1	146	3
1092182	4081.Solyc08g077680.2.1	146	9
1081924	4081.Solyc04g076380.2.1	146	10
1086357	4081.Solyc06g061070.2.1	146	4
1096101	4081.Solyc10g044540.1.1	145	8
1098694	4081.Solyc11g020030.1.1	145	8
1083187	4081.Solyc05g012070.2.1	142	24
1096859	4081.Solyc10g074390.1.1	142	8
1072630	4081.Solyc01g107130.2.1	142	9
1092530	4081.Solyc08g081250.2.1	142	15
1092371	4081.Solyc08g079660.2.1	142	5
1100522	4081.Solyc12g009400.1.1	142	14
1068086	4081.Solyc00g007270.2.1	141	3
1084852	4081.Solyc05g055160.2.1	141	10
1071051	4081.Solyc01g087260.2.1	141	11
1084183	4081.Solyc05g043430.2.1	141	2
1082294	4081.Solyc04g080150.1.1	141	8
1095499	4081.Solyc10g007480.2.1	141	32
1078416	4081.Solyc03g096640.2.1	140	3
1079104	4081.Solyc03g115650.2.1	140	13
1089225	4081.Solyc07g047800.2.1	139	6
1080835	4081.Solyc04g026030.2.1	139	10
1093094	4081.Solyc09g009530.2.1	138	7
1100523	4081.Solyc12g009410.1.1	138	14
1086059	4081.Solyc06g052050.2.1	137	41
1095138	4081.Solyc09g092430.2.1	137	8
1098616	4081.Solyc11g017250.1.1	137	5
1072579	4081.Solyc01g106620.2.1	136	7
1094745	4081.Solyc09g082520.2.1	136	11
1091834	4081.Solyc08g069110.2.1	135	36
1097289	4081.Solyc10g080680.1.1	135	3
1083718	4081.Solyc05g018570.2.1	135	9
1083720	4081.Solyc05g018590.2.1	135	9
1076525	4081.Solyc03g005250.2.1	135	20
1071668	4081.Solyc01g096430.2.1	135	3
1085981	4081.Solyc06g051200.2.1	135	4
1080072	4081.Solyc04g008280.2.1	134	5
1096563	4081.Solyc10g051380.1.1	134	8
1068445	4081.Solyc00g042140.1.1	134	19
1092043	4081.Solyc08g076220.2.1	134	5
1070489	4081.Solyc01g066520.2.1	133	7
1071993	4081.Solyc01g099690.2.1	133	5
1072258	4081.Solyc01g103380.2.1	132	9
1092316	4081.Solyc08g079020.2.1	132	6
1084618	4081.Solyc05g052800.2.1	131	6
1089742	4081.Solyc07g056150.2.1	131	13
1074535	4081.Solyc02g070980.1.1	131	24
1074532	4081.Solyc02g070950.1.1	131	24
1074538	4081.Solyc02g071010.1.1	131	24
1074540	4081.Solyc02g071030.1.1	131	24
1074536	4081.Solyc02g070990.1.1	131	24
1074531	4081.Solyc02g070940.1.1	131	24
1074534	4081.Solyc02g070970.1.1	131	24
1089914	4081.Solyc07g062870.2.1	130	4
1077406	4081.Solyc03g045140.2.1	129	15
1078112	4081.Solyc03g083520.2.1	129	4
1090566	4081.Solyc08g007790.2.1	129	17
1082941	4081.Solyc05g008600.2.1	129	13
1097750	4081.Solyc10g086350.1.1	129	21
1100155	4081.Solyc11g073050.1.1	129	21
1077578	4081.Solyc03g058990.1.1	128	2
1084652	4081.Solyc05g053140.2.1	128	5
1091931	4081.Solyc08g075090.2.1	127	23
1100621	4081.Solyc12g010390.1.1	127	12
1097794	4081.Solyc10g087010.1.1	126	22
1081832	4081.Solyc04g074470.1.1	126	3
1087176	4081.Solyc06g073330.2.1	126	14
1090280	4081.Solyc07g066580.2.1	126	5
1080681	4081.Solyc04g024420.2.1	126	5
1069137	4081.Solyc01g007630.2.1	125	6
1100575	4081.Solyc12g009930.1.1	125	6
1099032	4081.Solyc11g039660.1.1	125	19
1100445	4081.Solyc12g008630.1.1	125	5
1076624	4081.Solyc03g006240.2.1	125	4
1083819	4081.Solyc05g023730.1.1	124	4
1075604	4081.Solyc02g085730.2.1	124	4
1086648	4081.Solyc06g065990.1.1	124	6
1092062	4081.Solyc08g076450.2.1	124	4
1080103	4081.Solyc04g008590.2.1	123	9
1080206	4081.Solyc04g009620.2.1	123	7
1101877	4081.Solyc12g056450.1.1	122	16
1095646	4081.Solyc10g008980.2.1	122	5
1092868	4081.Solyc09g007190.2.1	122	3
1079025	4081.Solyc03g114860.2.1	122	20
1096095	4081.Solyc10g044480.1.1	122	8
1089280	4081.Solyc07g049360.2.1	122	3
1071903	4081.Solyc01g098780.2.1	122	3
1098946	4081.Solyc11g030720.1.1	121	4
1086545	4081.Solyc06g064940.2.1	121	10
1097580	4081.Solyc10g084640.1.1	121	3
1097539	4081.Solyc10g084210.1.1	120	4
1087865	4081.Solyc07g005600.2.1	120	8
1087969	4081.Solyc07g006640.2.1	120	4
1093638	4081.Solyc09g020130.2.1	119	9
1076765	4081.Solyc03g007660.2.1	119	5
1090892	4081.Solyc08g022210.2.1	119	4
1081408	4081.Solyc04g055170.2.1	118	7
1098406	4081.Solyc11g012140.1.1	118	14
1097335	4081.Solyc10g081170.1.1	117	9
1098339	4081.Solyc11g011470.1.1	117	8
1076995	4081.Solyc03g025950.2.1	117	7
1073954	4081.Solyc02g063140.2.1	116	16
1092215	4081.Solyc08g078010.2.1	116	3
1081690	4081.Solyc04g072060.2.1	116	11
1075748	4081.Solyc02g087190.1.1	116	3
1083041	4081.Solyc05g009600.2.1	116	9
1097468	4081.Solyc10g083490.1.1	116	12
1075399	4081.Solyc02g083620.2.1	116	6
1099149	4081.Solyc11g042930.1.1	115	6
1076576	4081.Solyc03g005760.1.1	114	19
1076577	4081.Solyc03g005770.1.1	114	19
1084360	4081.Solyc05g050200.2.1	114	3
1096194	4081.Solyc10g045550.1.1	114	13
1073744	4081.Solyc02g044030.1.1	113	14
1073079	4081.Solyc01g111650.2.1	113	6
1071566	4081.Solyc01g095410.2.1	113	3
1079695	4081.Solyc03g121590.2.1	113	10
1076889	4081.Solyc03g019900.2.1	113	6
1082581	4081.Solyc04g083150.1.1	112	8
1079797	4081.Solyc03g123610.2.1	111	7
1096785	4081.Solyc10g055680.1.1	110	4
1074111	4081.Solyc02g065740.2.1	110	20
1068838	4081.Solyc00g282510.1.1	110	71
1081875	4081.Solyc04g074900.2.1	110	3
1081876	4081.Solyc04g074910.2.1	110	3
1082557	4081.Solyc04g082780.2.1	109	4
1097240	4081.Solyc10g080190.1.1	109	1
1099021	4081.Solyc11g039530.1.1	109	2
1088309	4081.Solyc07g016050.2.1	109	6
1090491	4081.Solyc08g007040.2.1	109	3
1098968	4081.Solyc11g030950.1.1	109	19
1081974	4081.Solyc04g076890.2.1	109	2
1075154	4081.Solyc02g081170.2.1	108	3
1082204	4081.Solyc04g079200.2.1	108	4
1087933	4081.Solyc07g006280.2.1	108	3
1073937	4081.Solyc02g062970.2.1	108	7
1098214	4081.Solyc11g010190.1.1	107	7
1076295	4081.Solyc02g092730.2.1	107	4
1081695	4081.Solyc04g072110.2.1	107	1
1074056	4081.Solyc02g065170.2.1	106	6
1083009	4081.Solyc05g009280.2.1	106	20
1095480	4081.Solyc10g007290.2.1	106	40
1079340	4081.Solyc03g118020.2.1	105	18
1102384	4081.Solyc12g096590.1.1	105	5
1088435	4081.Solyc07g018360.2.1	105	7
1075712	4081.Solyc02g086830.2.1	104	4
1076319	4081.Solyc02g092970.2.1	104	13
1085134	4081.Solyc06g007360.2.1	104	16
1072775	4081.Solyc01g108600.2.1	104	14
1071990	4081.Solyc01g099660.2.1	104	72
1095588	4081.Solyc10g008390.2.1	104	5
1068444	4081.Solyc00g042130.1.1	104	12
1079809	4081.Solyc03g123730.2.1	103	8
1099775	4081.Solyc11g067270.1.1	103	4
1078573	4081.Solyc03g098230.2.1	103	5
1070505	4081.Solyc01g066700.2.1	103	6
1100695	4081.Solyc12g011130.1.1	103	13
1095521	4081.Solyc10g007700.2.1	103	13
1099103	4081.Solyc11g042420.1.1	103	4
1072798	4081.Solyc01g108830.1.1	102	2
1073078	4081.Solyc01g111640.2.1	102	6
1098238	4081.Solyc11g010430.1.1	102	2
1086137	4081.Solyc06g053820.2.1	101	3
1074222	4081.Solyc02g067840.2.1	101	4
1071392	4081.Solyc01g091670.2.1	101	4
1081614	4081.Solyc04g071260.2.1	101	71
1101579	4081.Solyc12g042380.1.1	100	4
1086607	4081.Solyc06g065570.2.1	100	2
1097315	4081.Solyc10g080970.1.1	100	4
1076668	4081.Solyc03g006680.2.1	99.7	3
1086465	4081.Solyc06g063140.2.1	99.4	8
1083713	4081.Solyc05g018520.2.1	96.8	3
1091742	4081.Solyc08g068150.2.1	96.5	4
1071677	4081.Solyc01g096520.2.1	96.2	4
1091661	4081.Solyc08g067320.1.1	94.1	1
1090213	4081.Solyc07g065900.2.1	94.1	11
1079855	4081.Solyc04g005110.1.1	93.9	5
1071165	4081.Solyc01g088400.2.1	93.9	18
1082423	4081.Solyc04g081440.2.1	93.9	11
1096609	4081.Solyc10g052880.1.1	93.5	4
1081673	4081.Solyc04g071890.2.1	93.2	5
1100808	4081.Solyc12g014250.1.1	93.2	37
1088462	4081.Solyc07g019620.1.1	92.7	5
1073470	4081.Solyc02g030170.2.1	92.6	4
1078730	4081.Solyc03g111830.2.1	92.4	3
1085819	4081.Solyc06g048540.2.1	92.3	3
1093305	4081.Solyc09g011650.2.1	91.8	2
1080996	4081.Solyc04g047770.2.1	91.7	4
1092323	4081.Solyc08g079090.2.1	91.6	6
1071156	4081.Solyc01g088310.2.1	91.4	8
1096799	4081.Solyc10g055820.1.1	90.8	15
1087984	4081.Solyc07g006790.2.1	90.3	6
1102646	4081.Solyc12g100200.1.1	89.7	7
1085041	4081.Solyc06g005440.1.1	89.3	14
1077403	4081.Solyc03g045110.2.1	89.3	2
1072060	4081.Solyc01g100360.2.1	89.1	6
1096870	4081.Solyc10g074500.1.1	89.1	3
1098202	4081.Solyc11g009080.1.1	89.0	7
1094264	4081.Solyc09g064720.2.1	89.0	2
1101871	4081.Solyc12g056390.1.1	88.1	2
1082280	4081.Solyc04g080010.2.1	87.7	3
1086974	4081.Solyc06g071290.2.1	87.5	12
1089654	4081.Solyc07g055210.2.1	87.5	2
1083950	4081.Solyc05g026050.2.1	86.9	4
1096650	4081.Solyc10g054280.1.1	86.9	3
1074537	4081.Solyc02g071000.1.1	86.8	21
1075091	4081.Solyc02g080540.1.1	86.4	5
1097943	4081.Solyc11g006460.1.1	85.8	9
1095974	4081.Solyc10g024330.1.1	85.6	2
1098400	4081.Solyc11g012080.1.1	85.6	2
1074308	4081.Solyc02g068700.2.1	85.5	2
1076390	4081.Solyc02g093680.2.1	85.5	4
1086647	4081.Solyc06g065980.2.1	85.4	4
1086659	4081.Solyc06g066100.2.1	85.4	4
1075161	4081.Solyc02g081240.1.1	84.8	8
1084619	4081.Solyc05g052810.2.1	84.7	6
1097156	4081.Solyc10g079350.1.1	84.5	7
1080284	4081.Solyc04g011400.2.1	84.0	6
1091442	4081.Solyc08g063080.2.1	84.0	5
1079603	4081.Solyc03g120670.2.1	83.9	3
1084807	4081.Solyc05g054710.2.1	83.4	4
1076150	4081.Solyc02g091280.2.1	82.8	3
1074353	4081.Solyc02g069150.2.1	82.7	2
1102644	4081.Solyc12g100180.1.1	82.7	31
1094523	4081.Solyc09g074300.1.1	82.3	10
1090606	4081.Solyc08g008220.2.1	81.7	6
1076747	4081.Solyc03g007470.2.1	81.7	6
1071574	4081.Solyc01g095490.2.1	81.7	6
1101842	4081.Solyc12g056100.1.1	81.7	6
1084363	4081.Solyc05g050230.2.1	81.7	6
1085148	4081.Solyc06g007510.2.1	81.7	6
1087598	4081.Solyc06g082600.2.1	81.7	6
1095724	4081.Solyc10g011740.2.1	81.7	6
1078277	4081.Solyc03g095180.2.1	81.4	6
1097305	4081.Solyc10g080870.2.1	81.3	4
1075031	4081.Solyc02g079940.2.1	81.1	3
1079635	4081.Solyc03g120990.2.1	80.7	20
1079533	4081.Solyc03g119970.2.1	80.7	9
1084881	4081.Solyc05g055450.2.1	80.1	4
1072943	4081.Solyc01g110290.2.1	80.0	4
1083104	4081.Solyc05g010240.2.1	79.9	23
1076375	4081.Solyc02g093530.2.1	79.9	10
1079332	4081.Solyc03g117940.2.1	79.8	3
1083473	4081.Solyc05g014980.2.1	79.4	4
1070224	4081.Solyc01g057830.2.1	79.2	6
1076578	4081.Solyc03g005780.1.1	78.9	18
1076522	4081.Solyc03g005220.2.1	78.6	10
1094764	4081.Solyc09g082710.2.1	78.6	10
1071592	4081.Solyc01g095670.2.1	78.5	3
1075943	4081.Solyc02g089170.2.1	78.4	18
1084599	4081.Solyc05g052600.2.1	78.2	4
1078294	4081.Solyc03g095360.2.1	78.2	2
1096401	4081.Solyc10g049710.1.1	78.1	4
1079860	4081.Solyc04g005160.1.1	78.1	12
1072403	4081.Solyc01g104840.2.1	78.1	3
1080576	4081.Solyc04g016360.2.1	77.7	3
1101926	4081.Solyc12g056940.1.1	77.5	22
1071759	4081.Solyc01g097340.2.1	77.2	8
1084628	4081.Solyc05g052900.2.1	77.0	13
1101704	4081.Solyc12g044690.1.1	76.6	5
1077800	4081.Solyc03g070390.2.1	76.4	18
1082926	4081.Solyc05g008450.2.1	75.9	3
1089110	4081.Solyc07g043640.2.1	75.8	14
1093306	4081.Solyc09g011660.2.1	75.2	4
1075896	4081.Solyc02g088690.2.1	74.6	7
1082510	4081.Solyc04g082310.2.1	74.2	3
1100870	4081.Solyc12g015870.1.1	74.2	3
1076263	4081.Solyc02g092410.2.1	73.8	2
1093947	4081.Solyc09g056380.1.1	73.5	7
1073866	4081.Solyc02g062250.2.1	73.3	3
1082629	4081.Solyc05g005460.2.1	73.0	6
1089937	4081.Solyc07g063100.2.1	72.8	3
1091932	4081.Solyc08g075100.2.1	72.6	2
1085078	4081.Solyc06g005810.2.1	72.6	13
1068383	4081.Solyc00g029190.2.1	72.5	4
1088840	4081.Solyc07g040750.1.1	72.1	17
1100678	4081.Solyc12g010960.1.1	72.1	4
1095625	4081.Solyc10g008760.2.1	72.1	3
1102195	4081.Solyc12g088720.1.1	71.9	6
1097473	4081.Solyc10g083540.1.1	71.7	10
1090974	4081.Solyc08g029110.2.1	71.7	3
1101902	4081.Solyc12g056700.1.1	71.6	3
1102435	4081.Solyc12g098090.1.1	71.3	12
1074191	4081.Solyc02g067530.2.1	71.2	3
1099849	4081.Solyc11g069000.1.1	71.2	3
1088219	4081.Solyc07g009140.2.1	71.1	3
1084976	4081.Solyc05g056400.2.1	70.8	8
1092599	4081.Solyc08g081950.2.1	70.6	6
1081558	4081.Solyc04g064710.2.1	70.6	7
1090845	4081.Solyc08g016750.2.1	70.1	7
1084731	4081.Solyc05g053940.2.1	70.1	12
1080788	4081.Solyc04g025530.2.1	69.9	10
1085959	4081.Solyc06g050980.2.1	69.4	4
1081750	4081.Solyc04g072660.2.1	69.3	3
1087058	4081.Solyc06g072140.2.1	68.9	5
1099715	4081.Solyc11g066670.1.1	68.5	7
1091521	4081.Solyc08g065900.2.1	68.4	4
1077950	4081.Solyc03g079900.2.1	68.3	13
1095002	4081.Solyc09g091070.1.1	67.9	7
1095333	4081.Solyc10g005810.2.1	67.7	4
1095477	4081.Solyc10g007260.2.1	67.4	2
1089884	4081.Solyc07g062570.2.1	67.4	2
1072544	4081.Solyc01g106260.2.1	67.0	10
1083230	4081.Solyc05g012510.2.1	66.9	6
1094021	4081.Solyc09g059210.1.1	66.0	3
1092331	4081.Solyc08g079180.2.1	65.9	7
1084270	4081.Solyc05g046290.2.1	65.3	11
1086245	4081.Solyc06g059910.2.1	65.2	8
1069135	4081.Solyc01g007610.2.1	65.1	5
1072955	4081.Solyc01g110410.2.1	65.1	3
1085921	4081.Solyc06g050590.2.1	64.9	2
1078555	4081.Solyc03g098050.2.1	64.5	5
1076133	4081.Solyc02g091100.2.1	64.1	4
1078711	4081.Solyc03g111630.2.1	63.7	10
1083818	4081.Solyc05g023720.1.1	63.3	5
1069409	4081.Solyc01g010360.2.1	62.8	22
1099292	4081.Solyc11g045390.1.1	62.7	2
1079272	4081.Solyc03g117330.2.1	62.5	6
1083222	4081.Solyc05g012420.2.1	62.4	22
1073855	4081.Solyc02g062130.2.1	62.4	7
1079812	4081.Solyc03g123760.2.1	62.2	4
1086778	4081.Solyc06g068320.2.1	62.1	6
1072508	4081.Solyc01g105890.2.1	61.5	7
1079323	4081.Solyc03g117850.2.1	61.5	13
1090270	4081.Solyc07g066470.2.1	61.4	3
1083008	4081.Solyc05g009270.2.1	61.2	12
1088533	4081.Solyc07g021380.1.1	61.0	2
1080525	4081.Solyc04g015830.2.1	60.8	7
1100176	4081.Solyc11g073260.1.1	60.8	6
1100175	4081.Solyc11g073250.1.1	60.8	6
1078712	4081.Solyc03g111640.2.1	60.6	10
1092442	4081.Solyc08g080370.2.1	60.4	5
1070635	4081.Solyc01g068030.2.1	60.4	3
1084316	4081.Solyc05g048760.2.1	60.2	4
1087299	4081.Solyc06g074570.1.1	60.1	8
1086945	4081.Solyc06g071000.2.1	60.0	4
1081239	4081.Solyc04g051370.2.1	59.8	7
1087309	4081.Solyc06g074670.2.1	59.6	9
1071166	4081.Solyc01g088410.2.1	59.5	9
1074146	4081.Solyc02g067080.2.1	59.1	11
1092253	4081.Solyc08g078390.2.1	58.3	3
1069556	4081.Solyc01g013900.2.1	58.2	4
1071822	4081.Solyc01g097970.2.1	58.2	1
1089002	4081.Solyc07g042520.2.1	58.0	13
1096163	4081.Solyc10g045220.1.1	57.9	8
1087706	4081.Solyc06g083680.2.1	57.9	2
1077720	4081.Solyc03g063420.1.1	57.6	3
1080895	4081.Solyc04g039670.2.1	57.6	4
1080346	4081.Solyc04g012040.2.1	57.5	7
1092942	4081.Solyc09g007940.2.1	57.5	4
1078931	4081.Solyc03g113920.2.1	57.3	11
1084769	4081.Solyc05g054320.2.1	57.3	5
1086401	4081.Solyc06g062500.2.1	57.3	2
1084771	4081.Solyc05g054350.2.1	57.2	5
1082525	4081.Solyc04g082460.2.1	57.0	8
1099600	4081.Solyc11g065490.1.1	56.9	3
1077848	4081.Solyc03g071860.2.1	56.8	20
1078150	4081.Solyc03g083910.2.1	56.8	4
1079700	4081.Solyc03g121640.2.1	56.7	12
1095155	4081.Solyc09g092620.2.1	56.7	6
1084336	4081.Solyc05g049950.2.1	56.7	6
1068910	4081.Solyc01g005350.2.1	56.5	3
1081154	4081.Solyc04g050400.1.1	56.5	4
1071545	4081.Solyc01g095200.2.1	56.5	2
1094238	4081.Solyc09g064450.2.1	56.0	7
1093298	4081.Solyc09g011580.2.1	56.0	3
1074598	4081.Solyc02g071610.2.1	55.2	4
1086435	4081.Solyc06g062840.2.1	55.1	6
1082367	4081.Solyc04g080880.2.1	55.0	4
1086103	4081.Solyc06g053480.2.1	54.7	3
1102288	4081.Solyc12g094640.1.1	54.6	10
1097095	4081.Solyc10g078740.1.1	54.5	3
1079766	4081.Solyc03g122310.2.1	54.4	4
1071162	4081.Solyc01g088370.2.1	53.9	5
1086955	4081.Solyc06g071100.2.1	53.6	6
1078654	4081.Solyc03g111060.2.1	53.6	3
1084490	4081.Solyc05g051510.2.1	53.4	5
1099961	4081.Solyc11g070120.1.1	53.3	3
1090870	4081.Solyc08g021990.1.1	53.3	3
1098273	4081.Solyc11g010790.1.1	52.7	3
1085032	4081.Solyc06g005350.2.1	52.6	9
1078432	4081.Solyc03g096800.2.1	52.1	4
1072500	4081.Solyc01g105810.2.1	52.1	14
1096246	4081.Solyc10g047090.1.1	52.0	2
1069207	4081.Solyc01g008330.2.1	51.9	3
1087604	4081.Solyc06g082660.2.1	51.9	6
1087601	4081.Solyc06g082630.2.1	51.9	6
1070694	4081.Solyc01g073640.2.1	51.8	4
1070277	4081.Solyc01g058390.2.1	51.7	3
1079339	4081.Solyc03g118010.2.1	51.6	12
1097025	4081.Solyc10g077040.1.1	51.4	3
1079726	4081.Solyc03g121910.1.1	51.4	6
1081826	4081.Solyc04g074410.1.1	50.9	8
1081830	4081.Solyc04g074450.1.1	50.8	8
1088008	4081.Solyc07g007030.1.1	50.6	8
1075153	4081.Solyc02g081160.2.1	50.3	5
1082542	4081.Solyc04g082630.2.1	50.1	10
1089807	4081.Solyc07g061800.2.1	50.0	1
1069004	4081.Solyc01g006300.2.1	49.8	1
1071176	4081.Solyc01g088510.2.1	49.5	5
1071496	4081.Solyc01g094700.2.1	49.5	4
1071678	4081.Solyc01g096530.2.1	49.4	2
1086021	4081.Solyc06g051620.2.1	49.3	2
1078173	4081.Solyc03g093120.2.1	49.1	11
1078169	4081.Solyc03g093080.2.1	49.1	11
1078174	4081.Solyc03g093130.2.1	48.8	11
1078172	4081.Solyc03g093110.2.1	48.8	11
1070987	4081.Solyc01g081600.2.1	48.3	2
1097903	4081.Solyc11g006060.1.1	48.1	3
1069315	4081.Solyc01g009420.2.1	48.0	8
1084263	4081.Solyc05g046220.1.1	47.2	2
1072514	4081.Solyc01g105950.2.1	47.1	3
1092418	4081.Solyc08g080130.2.1	46.6	3
1095737	4081.Solyc10g011870.2.1	46.4	2
1095147	4081.Solyc09g092520.2.1	46.1	11
1071239	4081.Solyc01g090130.1.1	45.4	11
1073478	4081.Solyc02g030250.2.1	45.4	2
1079282	4081.Solyc03g117430.2.1	45.3	2
1094492	4081.Solyc09g073000.2.1	45.2	3
1086817	4081.Solyc06g068710.2.1	45.1	2
1081586	4081.Solyc04g070980.2.1	44.8	3
1102487	4081.Solyc12g098610.1.1	44.8	11
1083432	4081.Solyc05g014560.2.1	44.7	6
1083373	4081.Solyc05g013950.1.1	44.4	2
1097410	4081.Solyc10g081920.1.1	44.1	5
1098889	4081.Solyc11g028090.1.1	43.8	3
1075313	4081.Solyc02g082760.2.1	43.8	7
1084464	4081.Solyc05g051250.2.1	43.4	4
1077790	4081.Solyc03g065250.2.1	43.3	6
1086755	4081.Solyc06g068090.2.1	43.2	10
1097209	4081.Solyc10g079880.1.1	43.0	4
1076116	4081.Solyc02g090930.2.1	42.9	4
1079537	4081.Solyc03g120010.2.1	42.8	2
1069206	4081.Solyc01g008320.2.1	42.8	3
1095385	4081.Solyc10g006330.2.1	42.8	5
1098172	4081.Solyc11g008780.1.1	42.4	3
1096879	4081.Solyc10g074590.1.1	42.4	2
1076720	4081.Solyc03g007200.1.1	42.2	4
1069541	4081.Solyc01g012760.1.1	41.9	4
1091826	4081.Solyc08g069030.2.1	41.9	3
1089987	4081.Solyc07g063600.2.1	41.7	2
1087764	4081.Solyc06g084260.2.1	41.3	2
1090871	4081.Solyc08g022000.1.1	41.2	2
1100392	4081.Solyc12g007110.1.1	41.1	3
1070830	4081.Solyc01g080010.2.1	40.8	3
1099765	4081.Solyc11g067170.1.1	40.6	3
1093092	4081.Solyc09g009510.2.1	40.5	4
1077676	4081.Solyc03g062950.1.1	40.3	3
1092342	4081.Solyc08g079300.2.1	39.9	8
1071093	4081.Solyc01g087680.2.1	39.7	2
1098094	4081.Solyc11g007990.1.1	39.6	6
1095159	4081.Solyc09g092690.2.1	39.6	6
1089732	4081.Solyc07g056050.1.1	39.2	7
1100727	4081.Solyc12g011450.1.1	39.2	2
1071818	4081.Solyc01g097930.2.1	38.9	3
1073253	4081.Solyc02g012020.1.1	38.8	1
1079819	4081.Solyc03g123830.2.1	38.7	4
1087094	4081.Solyc06g072510.2.1	38.6	4
1075753	4081.Solyc02g087240.2.1	38.6	2
1085107	4081.Solyc06g006100.2.1	38.5	3
1068875	4081.Solyc01g005000.2.1	38.5	9
1101630	4081.Solyc12g042920.1.1	38.5	3
1081515	4081.Solyc04g063290.2.1	38.3	3
1081815	4081.Solyc04g074300.2.1	38.3	3
1098518	4081.Solyc11g013260.1.1	38.1	4
1092537	4081.Solyc08g081320.2.1	38.0	4
1086847	4081.Solyc06g069020.2.1	37.8	3
1093811	4081.Solyc09g048990.2.1	37.8	2
1069663	4081.Solyc01g015000.2.1	37.2	3
1084274	4081.Solyc05g046330.2.1	37.2	3
1081153	4081.Solyc04g050390.1.1	36.9	4
1092151	4081.Solyc08g077360.2.1	36.7	5
1100077	4081.Solyc11g072270.1.1	36.6	2
1091552	4081.Solyc08g066220.2.1	36.4	10
1077821	4081.Solyc03g071590.2.1	36.3	6
1091945	4081.Solyc08g075240.2.1	36.2	7
1086751	4081.Solyc06g068050.2.1	36.0	3
1099048	4081.Solyc11g039830.1.1	35.9	4
1092221	4081.Solyc08g078070.2.1	35.9	10
1076110	4081.Solyc02g090870.1.1	35.9	16
1096250	4081.Solyc10g047130.1.1	35.8	2
1090792	4081.Solyc08g016170.2.1	35.8	5
1102574	4081.Solyc12g099480.1.1	35.6	6
1076180	4081.Solyc02g091580.2.1	35.1	3
1079077	4081.Solyc03g115380.1.1	35.1	8
1094142	4081.Solyc09g061450.1.1	34.8	2
1090231	4081.Solyc07g066080.2.1	34.7	2
1088200	4081.Solyc07g008950.2.1	34.6	3
1087477	4081.Solyc06g076360.2.1	34.6	3
1098291	4081.Solyc11g010990.1.1	34.5	6
1080421	4081.Solyc04g014780.1.1	34.4	2
1097730	4081.Solyc10g086150.1.1	34.4	3
1088692	4081.Solyc07g032100.2.1	34.2	12
1100425	4081.Solyc12g008430.1.1	33.9	8
1099640	4081.Solyc11g065920.1.1	33.6	10
1074513	4081.Solyc02g070760.2.1	33.4	2
1088599	4081.Solyc07g025100.1.1	32.9	1
1084352	4081.Solyc05g050120.2.1	32.9	8
1087781	4081.Solyc06g084430.2.1	32.9	4
1081965	4081.Solyc04g076790.2.1	32.8	4
1096327	4081.Solyc10g047950.1.1	32.7	3
1086900	4081.Solyc06g069550.1.1	32.4	8
1071819	4081.Solyc01g097940.1.1	32.3	2
1084742	4081.Solyc05g054050.2.1	32.1	8
1082208	4081.Solyc04g079240.2.1	31.9	4
1073060	4081.Solyc01g111460.2.1	31.8	2
1071941	4081.Solyc01g099160.2.1	31.7	6
1084570	4081.Solyc05g052310.2.1	31.6	2
1081895	4081.Solyc04g076090.2.1	31.2	3
1084909	4081.Solyc05g055730.2.1	31.1	5
1100911	4081.Solyc12g017290.1.1	31.1	2
1089880	4081.Solyc07g062530.2.1	31.1	17
1069555	4081.Solyc01g013890.1.1	30.9	2
1075690	4081.Solyc02g086610.2.1	30.9	5
1071480	4081.Solyc01g094540.2.1	30.5	4
1082210	4081.Solyc04g079260.2.1	30.3	4
1098326	4081.Solyc11g011340.1.1	29.8	6
1098290	4081.Solyc11g010980.1.1	29.7	6
1091960	4081.Solyc08g075390.2.1	29.6	3
1077890	4081.Solyc03g078280.1.1	29.1	9
1086451	4081.Solyc06g063000.2.1	29.0	3
1072793	4081.Solyc01g108780.2.1	29.0	4
1069535	4081.Solyc01g012700.2.1	29.0	4
1084741	4081.Solyc05g054040.2.1	29.0	4
1098801	4081.Solyc11g021130.1.1	28.9	3
1080498	4081.Solyc04g015560.2.1	28.9	2
1076764	4081.Solyc03g007650.1.1	28.8	2
1098647	4081.Solyc11g018550.2.1	28.8	2
1077526	4081.Solyc03g058430.1.1	28.8	3
1091589	4081.Solyc08g066600.2.1	28.2	3
1078861	4081.Solyc03g113220.2.1	28.1	2
1081881	4081.Solyc04g074960.2.1	28.0	2
1069282	4081.Solyc01g009090.2.1	27.9	2
1086769	4081.Solyc06g068230.2.1	27.9	5
1091906	4081.Solyc08g074840.1.1	27.8	2
1081674	4081.Solyc04g071900.2.1	27.6	2
1091050	4081.Solyc08g041890.2.1	27.1	3
1079753	4081.Solyc03g122180.2.1	26.9	3
1099735	4081.Solyc11g066870.1.1	26.8	2
1090106	4081.Solyc07g064810.2.1	26.7	2
1080041	4081.Solyc04g007970.2.1	26.3	2
1097796	4081.Solyc10g087040.1.1	26.3	6
1085627	4081.Solyc06g034380.1.1	26.1	2
1094535	4081.Solyc09g074420.2.1	26.0	2
1079852	4081.Solyc04g005080.2.1	26.0	3
1071050	4081.Solyc01g087250.2.1	26.0	3
1093253	4081.Solyc09g011130.1.1	25.8	2
1097575	4081.Solyc10g084590.2.1	25.4	8
1099484	4081.Solyc11g062340.1.1	25.4	2
1096775	4081.Solyc10g055580.1.1	25.4	2
1100011	4081.Solyc11g071610.1.1	25.3	10
1078222	4081.Solyc03g093620.1.1	25.3	7
1068898	4081.Solyc01g005230.2.1	24.9	2
1092794	4081.Solyc09g005460.1.1	24.8	4
1076353	4081.Solyc02g093310.2.1	24.7	5
1091662	4081.Solyc08g067330.1.1	24.4	5
1098064	4081.Solyc11g007690.1.1	24.3	2
1068190	4081.Solyc00g011890.2.1	24.2	7
1070634	4081.Solyc01g068020.2.1	24.2	2
1100012	4081.Solyc11g071620.1.1	24.0	10
1072925	4081.Solyc01g110110.2.1	24.0	3
1099143	4081.Solyc11g042870.1.1	23.9	2
1077797	4081.Solyc03g065350.1.1	23.8	2
1078420	4081.Solyc03g096680.1.1	23.7	2
1084743	4081.Solyc05g054060.2.1	23.7	4
1073084	4081.Solyc01g111700.1.1	23.6	4
1092902	4081.Solyc09g007540.2.1	23.5	3
1098383	4081.Solyc11g011910.1.1	23.4	3
1086738	4081.Solyc06g067920.2.1	23.1	2
1078260	4081.Solyc03g094010.2.1	23.1	3
1084549	4081.Solyc05g052100.2.1	23.1	3
1095249	4081.Solyc09g098590.2.1	23.0	4
1084586	4081.Solyc05g052470.2.1	22.9	2
1074375	4081.Solyc02g069370.2.1	22.4	3
1093440	4081.Solyc09g015020.1.1	22.4	2
1094862	4081.Solyc09g089670.2.1	22.3	2
1073690	4081.Solyc02g036450.2.1	22.2	3
1087197	4081.Solyc06g073540.2.1	21.6	6
1080028	4081.Solyc04g007830.2.1	21.5	1
1081672	4081.Solyc04g071880.2.1	21.4	10
1091609	4081.Solyc08g066800.2.1	21.2	4
1100677	4081.Solyc12g010950.1.1	21.0	1
1078574	4081.Solyc03g098240.2.1	20.9	6
1090133	4081.Solyc07g065080.2.1	20.9	2
1079571	4081.Solyc03g120350.2.1	20.8	2
1075175	4081.Solyc02g081380.2.1	20.8	3
1082558	4081.Solyc04g082790.2.1	20.6	3
1074654	4081.Solyc02g072180.2.1	20.5	3
1097695	4081.Solyc10g085790.1.1	20.4	3
1078994	4081.Solyc03g114550.1.1	19.9	1
1084800	4081.Solyc05g054640.2.1	19.8	2
1086228	4081.Solyc06g059720.2.1	19.7	2
1069089	4081.Solyc01g007150.2.1	19.6	3
1101637	4081.Solyc12g043000.1.1	19.5	3
1071331	4081.Solyc01g091060.1.1	19.5	18
1087196	4081.Solyc06g073530.1.1	19.3	6
1099077	4081.Solyc11g040140.1.1	19.3	3
1081538	4081.Solyc04g064510.2.1	19.2	7
1102645	4081.Solyc12g100190.1.1	19.2	19
1093438	4081.Solyc09g015000.2.1	19.1	2
1081732	4081.Solyc04g072480.2.1	19.0	3
1089224	4081.Solyc07g047790.2.1	19.0	3
1069408	4081.Solyc01g010350.2.1	18.9	1
1084608	4081.Solyc05g052690.2.1	18.9	2
1094830	4081.Solyc09g083370.2.1	18.8	1
1090205	4081.Solyc07g065820.2.1	18.7	1
1076359	4081.Solyc02g093370.2.1	18.2	1
1071167	4081.Solyc01g088420.2.1	18.0	2
1084795	4081.Solyc05g054590.2.1	17.8	3
1089041	4081.Solyc07g042920.1.1	17.6	2
1097642	4081.Solyc10g085260.1.1	17.5	1
1081068	4081.Solyc04g049490.2.1	17.5	2
1076590	4081.Solyc03g005900.2.1	17.4	2
1086222	4081.Solyc06g054670.1.1	17.1	2
1091402	4081.Solyc08g062630.2.1	16.8	2
1081473	4081.Solyc04g057860.1.1	16.6	1
1091559	4081.Solyc08g066290.2.1	16.6	1
1081829	4081.Solyc04g074440.1.1	16.5	4
1090226	4081.Solyc07g066030.2.1	16.4	4
1079201	4081.Solyc03g116620.2.1	16.1	5
1069800	4081.Solyc01g017400.1.1	16.0	2
1094663	4081.Solyc09g075700.1.1	16.0	2
1078627	4081.Solyc03g098790.1.1	15.8	2
1074739	4081.Solyc02g077000.2.1	15.8	4
1079355	4081.Solyc03g118170.2.1	15.8	2
1082603	4081.Solyc05g005200.2.1	15.6	1
1069019	4081.Solyc01g006450.2.1	15.6	1
1078992	4081.Solyc03g114530.2.1	15.5	2
1091877	4081.Solyc08g074550.2.1	15.5	3
1074525	4081.Solyc02g070880.1.1	15.4	4
1071820	4081.Solyc01g097950.2.1	15.2	1
1096564	4081.Solyc10g051390.1.1	15.1	1
1079964	4081.Solyc04g007190.2.1	15.0	1
1072507	4081.Solyc01g105880.2.1	14.9	3
1089995	4081.Solyc07g063680.2.1	14.7	1
1078841	4081.Solyc03g113020.2.1	14.7	2
1082663	4081.Solyc05g005800.2.1	14.7	3
1094131	4081.Solyc09g061340.1.1	14.5	11
1084698	4081.Solyc05g053600.2.1	14.5	16
1089356	4081.Solyc07g052140.2.1	14.2	3
1086240	4081.Solyc06g059850.1.1	14.1	1
1102537	4081.Solyc12g099110.1.1	14.1	2
1079748	4081.Solyc03g122130.2.1	14.0	2
1100318	4081.Solyc12g006370.1.1	13.9	2
1094311	4081.Solyc09g065190.1.1	13.8	8
1089272	4081.Solyc07g049280.2.1	13.8	2
1095632	4081.Solyc10g008840.2.1	13.6	5
1086571	4081.Solyc06g065210.2.1	13.5	4
1091908	4081.Solyc08g074860.1.1	13.4	2
1098751	4081.Solyc11g020610.1.1	13.1	4
1071940	4081.Solyc01g099150.2.1	13.0	3
1088347	4081.Solyc07g017440.1.1	12.9	2
1076874	4081.Solyc03g019750.2.1	12.8	3
1089489	4081.Solyc07g053480.2.1	12.8	5
1072796	4081.Solyc01g108810.2.1	12.7	2
1074782	4081.Solyc02g077430.2.1	12.6	4
1101373	4081.Solyc12g038200.1.1	12.6	3
1092329	4081.Solyc08g079150.1.1	12.6	2
1075498	4081.Solyc02g084640.2.1	12.5	1
1089354	4081.Solyc07g052120.2.1	12.5	3
1073024	4081.Solyc01g111100.2.1	12.5	4
1077522	4081.Solyc03g058390.1.1	12.3	19
1079563	4081.Solyc03g120270.2.1	12.3	2
1089587	4081.Solyc07g054480.1.1	12.0	5
1078879	4081.Solyc03g113400.2.1	11.9	3
1079752	4081.Solyc03g122170.2.1	11.9	2
1084295	4081.Solyc05g047530.2.1	11.9	1
1072797	4081.Solyc01g108820.1.1	11.9	2
1100661	4081.Solyc12g010790.1.1	11.8	5
1094985	4081.Solyc09g090900.2.1	11.8	2
1076627	4081.Solyc03g006270.2.1	11.8	5
1078535	4081.Solyc03g097840.2.1	11.8	2
1092745	4081.Solyc08g083500.1.1	11.7	3
1102444	4081.Solyc12g098180.1.1	11.7	1
1101663	4081.Solyc12g044260.1.1	11.6	1
1096418	4081.Solyc10g049890.1.1	11.6	2
1096834	4081.Solyc10g062160.1.1	11.5	2
1074060	4081.Solyc02g065220.2.1	11.5	4
1090651	4081.Solyc08g008670.2.1	11.3	2
1074781	4081.Solyc02g077420.2.1	11.3	4
1071142	4081.Solyc01g088170.2.1	11.2	4
1099716	4081.Solyc11g066680.1.1	11.0	4
1084275	4081.Solyc05g046340.1.1	11.0	2
1098317	4081.Solyc11g011250.1.1	11.0	1
1101065	4081.Solyc12g019940.1.1	10.8	1
1099000	4081.Solyc11g033280.1.1	10.8	4
1069023	4081.Solyc01g006490.2.1	10.6	2
1087486	4081.Solyc06g076450.2.1	10.6	5
1068315	4081.Solyc00g023050.1.1	10.6	2
1097582	4081.Solyc10g084660.1.1	10.3	1
1080281	4081.Solyc04g011370.2.1	10.3	1
1098318	4081.Solyc11g011260.1.1	10.3	3
1084697	4081.Solyc05g053590.2.1	10.3	14
1095253	4081.Solyc09g098770.1.1	10.2	3
1084695	4081.Solyc05g053570.2.1	10.2	14
1095062	4081.Solyc09g091670.2.1	10.2	13
1086253	4081.Solyc06g060010.2.1	10.1	5
1095061	4081.Solyc09g091660.2.1	10.1	14
1101304	4081.Solyc12g036490.1.1	10.1	2
1100694	4081.Solyc12g011120.1.1	10.1	1
1074059	4081.Solyc02g065210.2.1	9.99	4
1076360	4081.Solyc02g093380.1.1	9.98	6
1076906	4081.Solyc03g020070.2.1	9.97	2
1074061	4081.Solyc02g065230.2.1	9.91	4
1090250	4081.Solyc07g066270.2.1	9.84	1
1094967	4081.Solyc09g090720.2.1	9.74	1
1094946	4081.Solyc09g090510.2.1	9.72	3
1081087	4081.Solyc04g049690.2.1	9.7	2
1074937	4081.Solyc02g078990.2.1	9.52	1
1094159	4081.Solyc09g061620.2.1	9.44	1
1096356	4081.Solyc10g049260.1.1	9.43	1
1094992	4081.Solyc09g090970.2.1	9.4	2
1084021	4081.Solyc05g032820.1.1	9.26	1
1068765	4081.Solyc00g187050.2.1	9.26	2
1101499	4081.Solyc12g040570.1.1	9.19	1
1076907	4081.Solyc03g020080.2.1	9.17	2
1094995	4081.Solyc09g091000.2.1	9.14	2
1088970	4081.Solyc07g042180.2.1	9.0	2
1073639	4081.Solyc02g032940.2.1	8.93	1
1092345	4081.Solyc08g079350.1.1	8.85	2
1070621	4081.Solyc01g067890.2.1	8.73	3
1084699	4081.Solyc05g053610.2.1	8.71	12
1069587	4081.Solyc01g014210.1.1	8.69	2
1072509	4081.Solyc01g105900.2.1	8.68	1
1084277	4081.Solyc05g046360.2.1	8.63	3
1100584	4081.Solyc12g010020.1.1	8.59	2
1083967	4081.Solyc05g026220.1.1	8.54	2
1099748	4081.Solyc11g067000.1.1	8.48	8
1099663	4081.Solyc11g066150.1.1	8.46	2
1074311	4081.Solyc02g068730.2.1	8.44	2
1092867	4081.Solyc09g007180.2.1	8.41	2
1074738	4081.Solyc02g076990.2.1	8.39	2
1089741	4081.Solyc07g056140.2.1	8.26	1
1077691	4081.Solyc03g063110.2.1	8.21	1
1094688	4081.Solyc09g075950.1.1	8.15	1
1074741	4081.Solyc02g077020.2.1	8.05	2
1100505	4081.Solyc12g009230.1.1	8.01	2
1099670	4081.Solyc11g066220.1.1	8.01	2
1082757	4081.Solyc05g006750.2.1	7.97	2
1091624	4081.Solyc08g066950.2.1	7.95	3
1070945	4081.Solyc01g081180.1.1	7.8	1
1092327	4081.Solyc08g079130.1.1	7.8	2
1093303	4081.Solyc09g011630.2.1	7.67	3
1076904	4081.Solyc03g020050.2.1	7.66	2
1101073	4081.Solyc12g020020.1.1	7.61	1
1100225	4081.Solyc12g005430.1.1	7.54	1
1090470	4081.Solyc08g006820.2.1	7.47	1
1102653	4081.Solyc12g100270.1.1	7.41	5
1086950	4081.Solyc06g071050.2.1	7.29	1
1095428	4081.Solyc10g006760.2.1	7.28	1
1094993	4081.Solyc09g090980.2.1	7.25	2
1097436	4081.Solyc10g083170.1.1	7.09	1
1089199	4081.Solyc07g045540.2.1	7.09	1
1079853	4081.Solyc04g005090.2.1	7.08	1
1072795	4081.Solyc01g108800.2.1	6.97	1
1085290	4081.Solyc06g008940.2.1	6.83	1
1081437	4081.Solyc04g056450.2.1	6.81	1
1084655	4081.Solyc05g053170.2.1	6.78	2
1100010	4081.Solyc11g071600.1.1	6.78	4
1083825	4081.Solyc05g023790.1.1	6.77	1
1075919	4081.Solyc02g088930.2.1	6.76	1
1082066	4081.Solyc04g077810.1.1	6.64	2
1076117	4081.Solyc02g090940.2.1	6.56	1
1086867	4081.Solyc06g069220.1.1	6.48	2
1102447	4081.Solyc12g098210.1.1	6.47	11
1083049	4081.Solyc05g009680.1.1	6.43	2
1083966	4081.Solyc05g026210.1.1	6.42	2
1096780	4081.Solyc10g055630.1.1	6.42	1
1089671	4081.Solyc07g055400.1.1	6.35	3
1076905	4081.Solyc03g020060.2.1	6.34	2
1094003	4081.Solyc09g058990.2.1	6.26	1
1087786	4081.Solyc06g084480.2.1	6.22	1
1080870	4081.Solyc04g028390.1.1	6.19	1
1100794	4081.Solyc12g014110.1.1	6.17	1
1077206	4081.Solyc03g034060.2.1	6.16	1
1076009	4081.Solyc02g089840.2.1	6.15	3
1086632	4081.Solyc06g065830.1.1	6.06	2
1075675	4081.Solyc02g086460.2.1	6.06	3
1073919	4081.Solyc02g062790.2.1	5.97	1
1084992	4081.Solyc05g056560.2.1	5.88	1
1081833	4081.Solyc04g074480.2.1	5.81	1
1089339	4081.Solyc07g051940.2.1	5.79	3
1068296	4081.Solyc00g020990.1.1	5.52	2
1100571	4081.Solyc12g009890.1.1	5.46	1
1075584	4081.Solyc02g085520.2.1	5.38	1
1090742	4081.Solyc08g014610.2.1	5.33	1
1095689	4081.Solyc10g009410.1.1	5.31	2
1095212	4081.Solyc09g098220.2.1	5.31	3
1084648	4081.Solyc05g053100.2.1	5.31	1
1076053	4081.Solyc02g090300.2.1	5.28	2
1100574	4081.Solyc12g009920.1.1	5.24	3
1093857	4081.Solyc09g055460.1.1	5.19	2
1078146	4081.Solyc03g083870.2.1	5.12	7
1090045	4081.Solyc07g064180.2.1	5.07	8
1074754	4081.Solyc02g077150.1.1	5.03	2
1091696	4081.Solyc08g067670.2.1	5.02	2
1092743	4081.Solyc08g083410.1.1	5.01	2
1078096	4081.Solyc03g083360.2.1	4.98	7
1089157	4081.Solyc07g045100.1.1	4.95	2
1092747	4081.Solyc08g083520.1.1	4.92	2
1071919	4081.Solyc01g098940.2.1	4.88	7
1099681	4081.Solyc11g066330.1.1	4.86	3
1101802	4081.Solyc12g055700.1.1	4.84	2
1072094	4081.Solyc01g100720.2.1	4.79	1
1089111	4081.Solyc07g043650.1.1	4.72	1
1081548	4081.Solyc04g064610.2.1	4.72	1
1083712	4081.Solyc05g018510.2.1	4.71	7
1091086	4081.Solyc08g044260.2.1	4.7	3
1086617	4081.Solyc06g065670.2.1	4.69	6
1074742	4081.Solyc02g077030.2.1	4.67	1
1077518	4081.Solyc03g058350.2.1	4.62	19
1101800	4081.Solyc12g055680.1.1	4.61	2
1097639	4081.Solyc10g085230.1.1	4.59	1
1086050	4081.Solyc06g051960.2.1	4.57	7
1082580	4081.Solyc04g083140.1.1	4.56	1
1100620	4081.Solyc12g010380.1.1	4.5	1
1095192	4081.Solyc09g098010.2.1	4.49	2
1089691	4081.Solyc07g055630.2.1	4.46	3
1092344	4081.Solyc08g079330.1.1	4.34	1
1089079	4081.Solyc07g043310.2.1	4.33	1
1071493	4081.Solyc01g094670.2.1	4.32	1
1071206	4081.Solyc01g088810.2.1	4.27	1
1085371	4081.Solyc06g009750.2.1	4.25	1
1081270	4081.Solyc04g051680.2.1	4.15	2
1092746	4081.Solyc08g083510.1.1	4.09	2
1076429	4081.Solyc02g094080.1.1	4.03	1
1079799	4081.Solyc03g123630.2.1	3.95	7
1082519	4081.Solyc04g082400.2.1	3.9	2
1100385	4081.Solyc12g007040.1.1	3.89	1
1101311	4081.Solyc12g036560.1.1	3.87	1
1100060	4081.Solyc11g072100.1.1	3.83	2
1088051	4081.Solyc07g007460.1.1	3.82	2
1096362	4081.Solyc10g049320.1.1	3.81	2
1092343	4081.Solyc08g079310.2.1	3.8	2
1081665	4081.Solyc04g071780.2.1	3.78	1
1070473	4081.Solyc01g066360.2.1	3.78	7
1094236	4081.Solyc09g064430.2.1	3.77	1
1077901	4081.Solyc03g078390.2.1	3.76	2
1097644	4081.Solyc10g085280.1.1	3.74	1
1086816	4081.Solyc06g068700.2.1	3.58	1
1089693	4081.Solyc07g055650.1.1	3.55	3
1081666	4081.Solyc04g071790.1.1	3.51	1
1080360	4081.Solyc04g012180.2.1	3.5	2
1096657	4081.Solyc10g054350.1.1	3.49	1
1070165	4081.Solyc01g057220.2.1	3.48	7
1074110	4081.Solyc02g065730.1.1	3.47	2
1080336	4081.Solyc04g011940.1.1	3.45	2
1086906	4081.Solyc06g069610.1.1	3.43	1
1071500	4081.Solyc01g094750.2.1	3.41	2
1098205	4081.Solyc11g010100.1.1	3.41	2
1081667	4081.Solyc04g071800.2.1	3.39	1
1093156	4081.Solyc09g010150.2.1	3.36	1
1084300	4081.Solyc05g047590.2.1	3.34	7
1081275	4081.Solyc04g051730.1.1	3.31	2
1087335	4081.Solyc06g074930.1.1	3.29	2
1101848	4081.Solyc12g056160.1.1	3.28	1
1085315	4081.Solyc06g009190.2.1	3.25	7
1079796	4081.Solyc03g123600.2.1	3.22	1
1097640	4081.Solyc10g085240.1.1	3.22	1
1079418	4081.Solyc03g118820.2.1	3.21	2
1087284	4081.Solyc06g074420.1.1	3.21	2
1071013	4081.Solyc01g086850.2.1	3.2	2
1084772	4081.Solyc05g054360.2.1	3.17	7
1084752	4081.Solyc05g054150.2.1	3.08	2
1098093	4081.Solyc11g007980.1.1	3.07	2
1071942	4081.Solyc01g099170.2.1	3.06	3
1079942	4081.Solyc04g006970.2.1	3.05	2
1089379	4081.Solyc07g052370.2.1	3.05	2
1081223	4081.Solyc04g051190.2.1	3.04	1
1092527	4081.Solyc08g081220.1.1	3.03	2
1087536	4081.Solyc06g076970.2.1	3.01	1
1069238	4081.Solyc01g008650.2.1	2.98	2
1086672	4081.Solyc06g066230.2.1	2.98	2
1097124	4081.Solyc10g079030.1.1	2.98	2
1087805	4081.Solyc07g005000.2.1	2.97	1
1074058	4081.Solyc02g065190.2.1	2.96	2
1084338	4081.Solyc05g049970.2.1	2.93	1
1077769	4081.Solyc03g064020.2.1	2.93	2
1079023	4081.Solyc03g114840.2.1	2.93	2
1086106	4081.Solyc06g053510.2.1	2.92	1
1084475	4081.Solyc05g051360.1.1	2.9	1
1095207	4081.Solyc09g098170.2.1	2.89	2
1081494	4081.Solyc04g058070.2.1	2.89	1
1101037	4081.Solyc12g019640.1.1	2.88	4
1096241	4081.Solyc10g047030.1.1	2.87	1
1098270	4081.Solyc11g010760.1.1	2.83	1
1097612	4081.Solyc10g084960.1.1	2.83	1
1095181	4081.Solyc09g097900.2.1	2.79	2
1075325	4081.Solyc02g082880.2.1	2.78	1
1100957	4081.Solyc12g017810.1.1	2.78	2
1087800	4081.Solyc06g084620.1.1	2.76	7
1078443	4081.Solyc03g096910.2.1	2.68	1
1087123	4081.Solyc06g072800.2.1	2.68	1
1101398	4081.Solyc12g038510.1.1	2.64	2
1077991	4081.Solyc03g081320.2.1	2.62	1
1092379	4081.Solyc08g079740.2.1	2.59	2
1093299	4081.Solyc09g011590.2.1	2.56	1
1074740	4081.Solyc02g077010.1.1	2.55	1
1099780	4081.Solyc11g067320.1.1	2.55	1
1076006	4081.Solyc02g089810.2.1	2.53	1
1086460	4081.Solyc06g063090.2.1	2.53	1
1070581	4081.Solyc01g067490.2.1	2.51	2
1098438	4081.Solyc11g012460.1.1	2.48	2
1093295	4081.Solyc09g011550.2.1	2.47	1
1069759	4081.Solyc01g016990.1.1	2.44	1
1093297	4081.Solyc09g011570.2.1	2.4	1
1093302	4081.Solyc09g011620.1.1	2.39	1
1098275	4081.Solyc11g010810.1.1	2.38	1
1086024	4081.Solyc06g051650.2.1	2.37	1
1096700	4081.Solyc10g054800.1.1	2.36	1
1098025	4081.Solyc11g007300.1.1	2.36	6
1097155	4081.Solyc10g079340.1.1	2.36	3
1093681	4081.Solyc09g031600.2.1	2.34	1
1077412	4081.Solyc03g046200.1.1	2.32	1
1080869	4081.Solyc04g028380.1.1	2.32	1
1096704	4081.Solyc10g054840.1.1	2.31	1
1101595	4081.Solyc12g042560.1.1	2.29	1
1084973	4081.Solyc05g056370.2.1	2.29	1
1068797	4081.Solyc00g227860.1.1	2.29	1
1093292	4081.Solyc09g011520.2.1	2.26	1
1076044	4081.Solyc02g090190.1.1	2.23	1
1094600	4081.Solyc09g075070.2.1	2.16	1
1100573	4081.Solyc12g009910.1.1	2.16	3
1101351	4081.Solyc12g037980.1.1	2.15	3
1082438	4081.Solyc04g081590.2.1	2.15	1
1071647	4081.Solyc01g096220.2.1	2.14	2
1099621	4081.Solyc11g065720.1.1	2.13	3
1071945	4081.Solyc01g099200.2.1	2.12	3
1087517	4081.Solyc06g076780.2.1	2.1	1
1079873	4081.Solyc04g005290.2.1	2.09	2
1070809	4081.Solyc01g079800.2.1	2.09	1
1089819	4081.Solyc07g061920.2.1	2.08	3
1076397	4081.Solyc02g093750.2.1	2.07	3
1094599	4081.Solyc09g075060.2.1	2.06	1
1092167	4081.Solyc08g077530.2.1	2.03	1
1090964	4081.Solyc08g029000.2.1	2.01	3
1080002	4081.Solyc04g007570.1.1	2.01	1
1078317	4081.Solyc03g095600.1.1	2.01	3
1093296	4081.Solyc09g011560.2.1	2.0	1
1093290	4081.Solyc09g011500.2.1	2.0	1
1097153	4081.Solyc10g079320.1.1	2.0	3
1085094	4081.Solyc06g005970.2.1	1.99	1
1093908	4081.Solyc09g055990.1.1	1.97	1
1071944	4081.Solyc01g099190.2.1	1.94	3
1078705	4081.Solyc03g111570.2.1	1.94	1
1079634	4081.Solyc03g120980.2.1	1.91	6
1077895	4081.Solyc03g078330.1.1	1.9	2
1089692	4081.Solyc07g055640.1.1	1.9	3
1097219	4081.Solyc10g079980.1.1	1.88	3
1102279	4081.Solyc12g094550.1.1	1.87	3
1071946	4081.Solyc01g099210.2.1	1.87	3
1079216	4081.Solyc03g116770.2.1	1.85	2
1078542	4081.Solyc03g097910.2.1	1.85	2
1080077	4081.Solyc04g008330.1.1	1.84	3
1093304	4081.Solyc09g011640.2.1	1.82	1
1098024	4081.Solyc11g007290.1.1	1.81	7
1080075	4081.Solyc04g008310.1.1	1.77	3
1083246	4081.Solyc05g012670.1.1	1.76	3
1078066	4081.Solyc03g083060.2.1	1.76	2
1071943	4081.Solyc01g099180.2.1	1.74	3
1068666	4081.Solyc00g125580.1.1	1.71	1
1079955	4081.Solyc04g007100.2.1	1.62	2
1089095	4081.Solyc07g043480.1.1	1.61	3
1072153	4081.Solyc01g102320.1.1	1.6	1
1083096	4081.Solyc05g010160.2.1	1.58	1
1072750	4081.Solyc01g108340.2.1	1.57	1
1097214	4081.Solyc10g079930.1.1	1.57	3
1090046	4081.Solyc07g064190.1.1	1.51	1
1074620	4081.Solyc02g071830.1.1	1.51	2
1098023	4081.Solyc11g007280.1.1	1.49	6
1085503	4081.Solyc06g018110.2.1	1.49	1
1092953	4081.Solyc09g008050.2.1	1.47	3
1080463	4081.Solyc04g015200.2.1	1.46	1
1092957	4081.Solyc09g008090.2.1	1.45	3
1086863	4081.Solyc06g069180.2.1	1.45	2
1069589	4081.Solyc01g014230.2.1	1.43	2
1089849	4081.Solyc07g062220.2.1	1.42	2
1069215	4081.Solyc01g008410.1.1	1.4	3
1081009	4081.Solyc04g048900.2.1	1.4	1
1082600	4081.Solyc05g005170.2.1	1.39	2
1096660	4081.Solyc10g054380.1.1	1.33	1
1097907	4081.Solyc11g006100.1.1	1.32	3
1081742	4081.Solyc04g072580.1.1	1.3	1
1072128	4081.Solyc01g101070.2.1	1.3	2
1086288	4081.Solyc06g060380.2.1	1.29	2
1091691	4081.Solyc08g067620.2.1	1.28	5
1087181	4081.Solyc06g073380.2.1	1.28	2
1091890	4081.Solyc08g074680.2.1	1.26	1
1097216	4081.Solyc10g079950.1.1	1.25	3
1100192	4081.Solyc12g005100.1.1	1.24	1
1091690	4081.Solyc08g067610.2.1	1.24	5
1084869	4081.Solyc05g055330.2.1	1.22	5
1072435	4081.Solyc01g105160.2.1	1.18	1
1092954	4081.Solyc09g008060.2.1	1.17	3
1101035	4081.Solyc12g019620.1.1	1.17	2
1086849	4081.Solyc06g069040.2.1	1.17	1
1090044	4081.Solyc07g064170.2.1	1.15	1
1077314	4081.Solyc03g044160.1.1	1.09	1
1072020	4081.Solyc01g099960.2.1	1.08	1
1097998	4081.Solyc11g007030.1.1	1.05	1
1094363	4081.Solyc09g065720.2.1	0.986	1
1091638	4081.Solyc08g067090.2.1	0.931	1
1088767	4081.Solyc07g037940.1.1	0.894	1
1085599	4081.Solyc06g034070.1.1	0.863	1
1094139	4081.Solyc09g061420.2.1	0.839	1
1082194	4081.Solyc04g079100.2.1	0.822	1
1081347	4081.Solyc04g054480.2.1	0.722	2
1091273	4081.Solyc08g061320.2.1	0.713	1
1070315	4081.Solyc01g059760.1.1	0.577	1
1101731	4081.Solyc12g044970.1.1	0.571	1
1099578	4081.Solyc11g065260.1.1	0.552	2
1071679	4081.Solyc01g096540.2.1	0.541	2
1081483	4081.Solyc04g057960.2.1	0.481	1
1076648	4081.Solyc03g006480.1.1	0.454	1
1081917	4081.Solyc04g076310.2.1	0.409	1
1069296	4081.Solyc01g009230.2.1	0.403	1
1072822	4081.Solyc01g109080.2.1	0.122	1
