#id: 3882094884
#name: Microcystis aeruginosa - Whole organism, Hub5-3, SC (Alexova,mcp,2011)
#score: 2.2
#description: abundance based on Spectral counting HUB5-3, HUB5-3, Interaction consistency score: 2.2, Coverage: 46
#organ: WHOLE_ORGANISM
#integrated: false
#coverage: 46
#link: http://www.ncbi.nlm.nih.gov/pubmed/21610102
#publication_year: 2011
#filename: 449447-MicrocystisAeruginosa_strainNIES-843_HUB5-3_PRIDE.txt
#
#internal_id	string_external_id	abundance	raw_spectral_count
14502070	449447.MAE_24450	155769	6075
14502071	449447.MAE_24460	91575	3778
14500651	449447.MAE_10260	43921	1984
14505026	449447.MAE_54000	31432	22
14500652	449447.MAE_10270	31378	1118
14500649	449447.MAE_10240	23810	219
14503385	449447.MAE_37620	19723	551
14502073	449447.MAE_24480	18140	787
14504459	449447.MAE_48340	15431	755
14500235	449447.MAE_06090	14575	1504
14504354	449447.MAE_47290	13445	456
14504419	449447.MAE_47940	11391	326
14502256	449447.MAE_26300	10249	729
14504418	449447.MAE_47930	10131	260
14505549	449447.MAE_59230	9618	178
14503206	449447.MAE_35830	9468	361
14501105	449447.MAE_14800	8965	825
14501516	449447.MAE_18910	8714	661
14502128	449447.MAE_25030	8615	795
14502425	449447.MAE_27990	7514	1071
14500809	449447.MAE_11840	6811	127
14503274	449447.MAE_36510	6761	235
14500248	449447.MAE_06220	6553	596
14499718	449447.MAE_00920	6350	689
14502871	449447.MAE_32470	6009	397
14505253	449447.MAE_56280	5948	76
14501548	449447.MAE_19230	5393	306
14501955	449447.MAE_23300	5376	142
14503992	449447.MAE_43690	5348	78
14500987	449447.MAE_13620	5268	539
14504048	449447.MAE_44250	5229	365
14504638	449447.MAE_50130	5146	121
14504414	449447.MAE_47890	5009	320
14501547	449447.MAE_19220	4785	192
14502825	449447.MAE_32010	4684	44
14504412	449447.MAE_47870	4491	125
14505371	449447.MAE_57460	4446	66
14504562	449447.MAE_49370	4288	835
14503253	449447.MAE_36300	4248	288
14502873	449447.MAE_32490	4155	221
14503990	449447.MAE_43670	4072	327
14502626	449447.MAE_30020	4043	188
14501789	449447.MAE_21640	4001	178
14501552	449447.MAE_19270	3988	425
14505252	449447.MAE_56270	3887	81
14504231	449447.MAE_46080	3735	444
14500681	449447.MAE_10560	3579	234
14505025	449447.MAE_53990	3544	184
14503136	449447.MAE_35130	3385	87
14504246	449447.MAE_46230	3338	95
14499719	449447.MAE_00930	3325	49
14503468	449447.MAE_38450	3081	244
14499905	449447.MAE_02790	3033	78
14502978	449447.MAE_33560	2941	47
14504641	449447.MAE_50160	2851	214
14502804	449447.MAE_31800	2662	37
14503899	449447.MAE_42760	2629	271
14505544	449447.MAE_59180	2606	70
14505062	449447.MAE_54370	2601	39
14503227	449447.MAE_36040	2600	87
14505635	449447.MAE_60090	2576	40
14500882	449447.MAE_12570	2418	201
14505333	449447.MAE_57080	2382	137
14505164	449447.MAE_55390	2306	69
14505358	449447.MAE_57330	2231	61
14501190	449447.MAE_15650	2198	11
14501122	449447.MAE_14970	2186	192
14504230	449447.MAE_46070	2096	34
14504633	449447.MAE_50080	1982	69
14500994	449447.MAE_13690	1948	68
14504105	449447.MAE_44820	1912	67
14505894	449447.MAE_62680	1774	82
14500881	449447.MAE_12560	1756	30
14504463	449447.MAE_48380	1755	100
14500802	449447.MAE_11770	1716	98
14504060	449447.MAE_44370	1644	36
14505344	449447.MAE_57190	1632	86
14499967	449447.MAE_03410	1629	214
14503285	449447.MAE_36620	1614	52
14504640	449447.MAE_50150	1603	63
14504326	449447.MAE_47020	1579	32
14505909	449447.MAE_62840	1567	72
14502927	449447.MAE_33030	1560	22
14501138	449447.MAE_15130	1548	44
14504382	449447.MAE_47570	1539	120
14501463	449447.MAE_18380	1532	83
14505512	449447.MAE_58860	1493	52
14504642	449447.MAE_50170	1471	88
14504639	449447.MAE_50140	1427	57
14500253	449447.MAE_06270	1405	39
14502923	449447.MAE_32990	1366	74
14505352	449447.MAE_57270	1332	37
14503162	449447.MAE_35390	1325	106
14503736	449447.MAE_41130	1316	19
14502846	449447.MAE_32220	1312	40
14503132	449447.MAE_35090	1294	67
14505590	449447.MAE_59640	1275	104
14500286	449447.MAE_06600	1253	13
14503898	449447.MAE_42750	1241	20
14505841	449447.MAE_62150	1204	57
14505719	449447.MAE_60930	1203	44
14500626	449447.MAE_10010	1199	319
14505348	449447.MAE_57230	1195	15
14502926	449447.MAE_33020	1185	11
14504650	449447.MAE_50250	1168	112
14503529	449447.MAE_39060	1165	28
14502468	449447.MAE_28420	1119	33
14505299	449447.MAE_56740	1112	37
14502665	449447.MAE_30410	1098	1
14504630	449447.MAE_50050	1096	39
14504202	449447.MAE_45790	1069	28
14504417	449447.MAE_47920	1056	14
14499690	449447.MAE_00640	1056	93
14500309	449447.MAE_06830	1047	11
14503418	449447.MAE_37950	1021	36
14504249	449447.MAE_46260	1004	98
14503112	449447.MAE_34890	1000	147
14504294	449447.MAE_46700	996	37
14503714	449447.MAE_40910	994	34
14501509	449447.MAE_18840	987	104
14500308	449447.MAE_06820	977	15
14501587	449447.MAE_19620	970	11
14505795	449447.MAE_61690	940	33
14501785	449447.MAE_21600	908	24
14499720	449447.MAE_00940	907	24
14501858	449447.MAE_22330	903	9
14501904	449447.MAE_22790	895	85
14503224	449447.MAE_36010	892	4
14503461	449447.MAE_38380	847	54
14503738	449447.MAE_41150	837	71
14505808	449447.MAE_61820	827	112
14504039	449447.MAE_44160	818	5
14499647	449447.MAE_00210	815	58
14500088	449447.MAE_04620	814	94
14499876	449447.MAE_02500	813	31
14503739	449447.MAE_41160	789	67
14501423	449447.MAE_17980	789	67
14504792	449447.MAE_51670	788	19
14505368	449447.MAE_57430	780	25
14504269	449447.MAE_46460	771	78
14501193	449447.MAE_15680	757	16
14505343	449447.MAE_57180	753	45
14504416	449447.MAE_47910	753	133
14505543	449447.MAE_59170	736	36
14505640	449447.MAE_60140	728	41
14503292	449447.MAE_36690	722	23
14504637	449447.MAE_50120	709	4
14505571	449447.MAE_59450	700	19
14503544	449447.MAE_39210	675	92
14501098	449447.MAE_14730	668	63
14505182	449447.MAE_55570	654	1
14504876	449447.MAE_52510	652	9
14504116	449447.MAE_44930	636	30
14500395	449447.MAE_07690	631	2
14505599	449447.MAE_59730	629	35
14500764	449447.MAE_11390	611	8
14504117	449447.MAE_44940	608	36
14502159	449447.MAE_25340	607	62
14502862	449447.MAE_32380	605	41
14503286	449447.MAE_36630	598	26
14503940	449447.MAE_43170	597	39
14503534	449447.MAE_39110	591	48
14505356	449447.MAE_57310	584	22
14502385	449447.MAE_27590	579	26
14504378	449447.MAE_47530	578	12
14501074	449447.MAE_14490	571	5
14504192	449447.MAE_45690	570	14
14505354	449447.MAE_57290	561	24
14500262	449447.MAE_06360	559	31
14504857	449447.MAE_52320	554	57
14501585	449447.MAE_19600	545	19
14499808	449447.MAE_01820	543	45
14500579	449447.MAE_09540	533	30
14502018	449447.MAE_23930	524	9
14502435	449447.MAE_28090	523	16
14505064	449447.MAE_54390	520	9
14501030	449447.MAE_14050	516	2
14504664	449447.MAE_50390	510	11
14505367	449447.MAE_57420	502	20
14501777	449447.MAE_21520	495	5
14501647	449447.MAE_20220	491	1
14504210	449447.MAE_45870	485	7
14501291	449447.MAE_16660	484	2
14505063	449447.MAE_54380	484	29
14502432	449447.MAE_28060	477	48
14503680	449447.MAE_40570	474	9
14500357	449447.MAE_07310	473	14
14502795	449447.MAE_31710	472	4
14502053	449447.MAE_24280	464	5
14499916	449447.MAE_02900	461	16
14502015	449447.MAE_23900	452	27
14502867	449447.MAE_32430	447	17
14504881	449447.MAE_52560	435	12
14504906	449447.MAE_52800	434	40
14505360	449447.MAE_57350	424	6
14502377	449447.MAE_27510	422	31
14501624	449447.MAE_19990	422	42
14502016	449447.MAE_23910	420	12
14504611	449447.MAE_49860	419	24
14504964	449447.MAE_53380	416	3
14503755	449447.MAE_41320	415	14
14505365	449447.MAE_57400	414	15
14504963	449447.MAE_53370	407	16
14504880	449447.MAE_52550	406	12
14505355	449447.MAE_57300	406	11
14503917	449447.MAE_42940	405	22
14502979	449447.MAE_33570	403	18
14505820	449447.MAE_61940	402	27
14500595	449447.MAE_09700	396	34
14501115	449447.MAE_14900	396	45
14502493	449447.MAE_28670	395	56
14500530	449447.MAE_09050	393	47
14501555	449447.MAE_19300	393	11
14505082	449447.MAE_54570	390	16
14502616	449447.MAE_29920	387	9
14504222	449447.MAE_45990	387	12
14505657	449447.MAE_60310	386	36
14504754	449447.MAE_51290	384	9
14504969	449447.MAE_53430	383	28
14501284	449447.MAE_16590	382	44
14502792	449447.MAE_31680	380	5
14505553	449447.MAE_59270	380	2
14504631	449447.MAE_50060	379	26
14505898	449447.MAE_62720	378	18
14504739	449447.MAE_51140	376	15
14504694	449447.MAE_50690	374	36
14504735	449447.MAE_51100	372	2
14503745	449447.MAE_41220	367	14
14504381	449447.MAE_47560	367	50
14504830	449447.MAE_52050	355	8
14503763	449447.MAE_41400	352	31
14500256	449447.MAE_06300	350	33
14502888	449447.MAE_32640	342	16
14505563	449447.MAE_59370	339	33
14500814	449447.MAE_11890	338	42
14500666	449447.MAE_10410	338	52
14505165	449447.MAE_55400	331	3
14500361	449447.MAE_07350	319	11
14505226	449447.MAE_56010	317	51
14499750	449447.MAE_01240	316	5
14505363	449447.MAE_57380	314	6
14504144	449447.MAE_45210	311	3
14504368	449447.MAE_47430	309	1
14499762	449447.MAE_01360	309	1
14500188	449447.MAE_05620	308	21
14500630	449447.MAE_10050	307	15
14505895	449447.MAE_62690	305	16
14503889	449447.MAE_42660	304	6
14505038	449447.MAE_54130	302	38
14501737	449447.MAE_21120	301	5
14503713	449447.MAE_40900	299	37
14500382	449447.MAE_07560	298	79
14502753	449447.MAE_31290	298	12
14501826	449447.MAE_22010	296	21
14504088	449447.MAE_44650	296	8
14502078	449447.MAE_24530	295	16
14504502	449447.MAE_48770	294	3
14501466	449447.MAE_18410	293	40
14504670	449447.MAE_50450	293	31
14499886	449447.MAE_02600	290	21
14505748	449447.MAE_61220	286	1
14504420	449447.MAE_47950	286	7
14503716	449447.MAE_40930	285	3
14502983	449447.MAE_33610	285	15
14500676	449447.MAE_10510	283	96
14505440	449447.MAE_58140	283	96
14500647	449447.MAE_10220	283	96
14500663	449447.MAE_10380	283	96
14500705	449447.MAE_10800	283	96
14504627	449447.MAE_50020	281	24
14501354	449447.MAE_17290	278	30
14503282	449447.MAE_36590	275	4
14501197	449447.MAE_15720	275	25
14504127	449447.MAE_45040	275	12
14504875	449447.MAE_52500	274	9
14500807	449447.MAE_11820	274	11
14501643	449447.MAE_20180	273	60
14502397	449447.MAE_27710	272	3
14502431	449447.MAE_28050	271	25
14504156	449447.MAE_45330	270	21
14505557	449447.MAE_59310	270	3
14501957	449447.MAE_23320	269	17
14505036	449447.MAE_54100	269	11
14500756	449447.MAE_11310	266	12
14502543	449447.MAE_29190	264	1
14500934	449447.MAE_13090	259	27
14503412	449447.MAE_37890	259	2
14501147	449447.MAE_15220	255	27
14503131	449447.MAE_35080	255	16
14503681	449447.MAE_40580	255	6
14499917	449447.MAE_02910	253	5
14502606	449447.MAE_29820	252	152
14501117	449447.MAE_14920	251	3
14505002	449447.MAE_53760	249	14
14500296	449447.MAE_06700	249	17
14504911	449447.MAE_52850	241	7
14503988	449447.MAE_43650	241	33
14504879	449447.MAE_52540	239	21
14503957	449447.MAE_43340	238	3
14505879	449447.MAE_62530	238	26
14504220	449447.MAE_45970	237	20
14504952	449447.MAE_53260	236	1
14504203	449447.MAE_45800	232	17
14499794	449447.MAE_01680	231	3
14500801	449447.MAE_11760	230	4
14500750	449447.MAE_11250	228	12
14503121	449447.MAE_34980	226	2
14500754	449447.MAE_11290	225	17
14503871	449447.MAE_42480	225	4
14503653	449447.MAE_40300	225	1
14503472	449447.MAE_38490	225	3
14505293	449447.MAE_56680	224	17
14502443	449447.MAE_28170	224	19
14503652	449447.MAE_40290	223	2
14501364	449447.MAE_17390	223	17
14501792	449447.MAE_21670	222	10
14502203	449447.MAE_25780	221	11
14505581	449447.MAE_59550	219	32
14502641	449447.MAE_30170	217	1
14505855	449447.MAE_62290	217	3
14500412	449447.MAE_07860	217	19
14503378	449447.MAE_37550	216	3
14500008	449447.MAE_03820	214	34
14505709	449447.MAE_60830	213	24
14505362	449447.MAE_57370	211	5
14505351	449447.MAE_57260	211	7
14501480	449447.MAE_18550	209	9
14505832	449447.MAE_62060	208	36
14505520	449447.MAE_58940	208	16
14504074	449447.MAE_44510	206	16
14500379	449447.MAE_07530	206	1
14501630	449447.MAE_20050	204	6
14504763	449447.MAE_51380	204	34
14505870	449447.MAE_62440	203	4
14503233	449447.MAE_36100	202	1
14502839	449447.MAE_32150	201	2
14504293	449447.MAE_46690	201	3
14501541	449447.MAE_19160	201	7
14501998	449447.MAE_23730	201	3
14504010	449447.MAE_43870	200	9
14500820	449447.MAE_11950	200	11
14502319	449447.MAE_26930	199	2
14502763	449447.MAE_31390	198	1
14500019	449447.MAE_03930	197	20
14503987	449447.MAE_43640	196	22
14504066	449447.MAE_44430	196	10
14499966	449447.MAE_03400	196	22
14501231	449447.MAE_16060	194	12
14504871	449447.MAE_52460	193	4
14503013	449447.MAE_33900	192	9
14500355	449447.MAE_07290	192	7
14502330	449447.MAE_27040	189	1
14504112	449447.MAE_44890	189	1
14504887	449447.MAE_52610	188	10
14504304	449447.MAE_46800	188	7
14503960	449447.MAE_43370	188	18
14502301	449447.MAE_26750	187	2
14500148	449447.MAE_05220	187	5
14505695	449447.MAE_60690	187	6
14504451	449447.MAE_48260	187	13
14499830	449447.MAE_02040	186	1
14501084	449447.MAE_14590	186	11
14504995	449447.MAE_53690	186	5
14503900	449447.MAE_42770	186	31
14505863	449447.MAE_62370	185	1
14500029	449447.MAE_04030	185	4
14503477	449447.MAE_38540	183	27
14501704	449447.MAE_20790	183	1
14503196	449447.MAE_35730	182	2
14501795	449447.MAE_21700	180	6
14501172	449447.MAE_15470	179	2
14504858	449447.MAE_52330	179	2
14503929	449447.MAE_43060	179	2
14504335	449447.MAE_47110	179	2
14505199	449447.MAE_55740	179	1
14503299	449447.MAE_36760	178	20
14503491	449447.MAE_38680	177	10
14505251	449447.MAE_56260	177	1
14504014	449447.MAE_43910	177	11
14504346	449447.MAE_47220	176	2
14503573	449447.MAE_39500	175	1
14504965	449447.MAE_53390	175	28
14505268	449447.MAE_56430	174	2
14499841	449447.MAE_02150	174	7
14500733	449447.MAE_11080	174	37
14501404	449447.MAE_17790	173	18
14503003	449447.MAE_33810	172	1
14501944	449447.MAE_23190	172	10
14503025	449447.MAE_34020	172	3
14501833	449447.MAE_22080	171	2
14500589	449447.MAE_09640	170	3
14501009	449447.MAE_13840	169	4
14504905	449447.MAE_52790	168	2
14505250	449447.MAE_56250	168	20
14499918	449447.MAE_02920	168	1
14499835	449447.MAE_02090	167	17
14501053	449447.MAE_14280	166	11
14504667	449447.MAE_50420	164	37
14505794	449447.MAE_61680	163	5
14503896	449447.MAE_42730	163	9
14504743	449447.MAE_51180	163	5
14502005	449447.MAE_23800	162	1
14502629	449447.MAE_30050	162	6
14502651	449447.MAE_30270	161	2
14500543	449447.MAE_09180	161	2
14502060	449447.MAE_24350	160	4
14505625	449447.MAE_59990	159	3
14502253	449447.MAE_26270	159	4
14500803	449447.MAE_11780	159	6
14499885	449447.MAE_02590	159	11
14501696	449447.MAE_20710	159	2
14502863	449447.MAE_32390	158	1
14504154	449447.MAE_45310	158	6
14500372	449447.MAE_07460	157	1
14504671	449447.MAE_50460	155	1
14504657	449447.MAE_50320	154	1
14504226	449447.MAE_46030	154	4
14504894	449447.MAE_52680	153	6
14500320	449447.MAE_06940	153	2
14505270	449447.MAE_56450	153	8
14505903	449447.MAE_62780	152	14
14503126	449447.MAE_35030	152	4
14503465	449447.MAE_38420	151	1
14502724	449447.MAE_31000	151	1
14504041	449447.MAE_44180	150	19
14500867	449447.MAE_12420	149	1
14503671	449447.MAE_40480	149	1
14501798	449447.MAE_21730	149	9
14500362	449447.MAE_07360	149	3
14501198	449447.MAE_15730	147	7
14502782	449447.MAE_31580	147	2
14501311	449447.MAE_16860	146	9
14502212	449447.MAE_25870	146	1
14504588	449447.MAE_49630	146	1
14505716	449447.MAE_60900	146	2
14499850	449447.MAE_02240	145	1
14500050	449447.MAE_04240	144	2
14500737	449447.MAE_11120	144	6
14503583	449447.MAE_39600	144	1
14505441	449447.MAE_58150	143	7
14500664	449447.MAE_10390	143	7
14501035	449447.MAE_14100	143	2
14505183	449447.MAE_55580	142	23
14505303	449447.MAE_56780	142	8
14505456	449447.MAE_58300	141	4
14504781	449447.MAE_51560	141	2
14499659	449447.MAE_00330	141	3
14502292	449447.MAE_26660	140	3
14503588	449447.MAE_39650	140	1
14501660	449447.MAE_20350	140	1
14505511	449447.MAE_58850	140	20
14502023	449447.MAE_23980	139	1
14502266	449447.MAE_26400	139	14
14500233	449447.MAE_06070	138	5
14502852	449447.MAE_32280	138	4
14501874	449447.MAE_22490	138	3
14502573	449447.MAE_29490	137	2
14500226	449447.MAE_06000	137	10
14504132	449447.MAE_45090	137	7
14505875	449447.MAE_62490	136	5
14501207	449447.MAE_15820	136	5
14504350	449447.MAE_47250	136	2
14503080	449447.MAE_34570	136	1
14502993	449447.MAE_33710	135	17
14505548	449447.MAE_59220	135	20
14503008	449447.MAE_33860	133	1
14504595	449447.MAE_49700	133	1
14500485	449447.MAE_08600	133	51
14502108	449447.MAE_24830	133	2
14503698	449447.MAE_40750	133	6
14501995	449447.MAE_23700	132	3
14502798	449447.MAE_31740	132	3
14502821	449447.MAE_31970	132	1
14504212	449447.MAE_45890	131	3
14502659	449447.MAE_30350	131	1
14500532	449447.MAE_09070	130	2
14503058	449447.MAE_34350	130	1
14502138	449447.MAE_25130	129	15
14502824	449447.MAE_32000	128	2
14500271	449447.MAE_06450	128	7
14501349	449447.MAE_17240	128	1
14500998	449447.MAE_13730	127	4
14502787	449447.MAE_31630	127	4
14501666	449447.MAE_20410	127	2
14504536	449447.MAE_49110	127	3
14502645	449447.MAE_30210	127	2
14502889	449447.MAE_32650	126	1
14499879	449447.MAE_02530	125	6
14504572	449447.MAE_49470	125	5
14505642	449447.MAE_60160	125	2
14505835	449447.MAE_62090	125	4
14501424	449447.MAE_17990	125	2
14504559	449447.MAE_49340	124	19
14503857	449447.MAE_42340	124	4
14503110	449447.MAE_34870	124	23
14504897	449447.MAE_52710	124	10
14502514	449447.MAE_28900	123	1
14502731	449447.MAE_31070	123	2
14502672	449447.MAE_30480	123	1
14502282	449447.MAE_26560	123	1
14500034	449447.MAE_04080	122	6
14503463	449447.MAE_38400	122	7
14505893	449447.MAE_62670	121	10
14500130	449447.MAE_05040	120	3
14503708	449447.MAE_40850	120	1
14502306	449447.MAE_26800	119	13
14500386	449447.MAE_07600	119	1
14505372	449447.MAE_57470	119	1
14499938	449447.MAE_03120	119	5
14502866	449447.MAE_32420	119	2
14503388	449447.MAE_37650	119	3
14500251	449447.MAE_06250	118	6
14501080	449447.MAE_14550	118	7
14501758	449447.MAE_21330	118	2
14499988	449447.MAE_03620	117	2
14501317	449447.MAE_16920	117	7
14502299	449447.MAE_26730	116	3
14500931	449447.MAE_13060	116	1
14501118	449447.MAE_14930	116	12
14502269	449447.MAE_26430	116	5
14503117	449447.MAE_34940	116	3
14502378	449447.MAE_27520	115	1
14501715	449447.MAE_20900	115	1
14505289	449447.MAE_56640	115	1
14500812	449447.MAE_11870	115	5
14502758	449447.MAE_31340	115	1
14499860	449447.MAE_02340	115	1
14502424	449447.MAE_27980	114	8
14505810	449447.MAE_61840	114	24
14499922	449447.MAE_02960	114	2
14503090	449447.MAE_34670	114	2
14505746	449447.MAE_61200	113	3
14504248	449447.MAE_46250	113	7
14503999	449447.MAE_43760	113	2
14501503	449447.MAE_18780	113	1
14502694	449447.MAE_30700	113	16
14505260	449447.MAE_56350	113	7
14504752	449447.MAE_51270	112	5
14503679	449447.MAE_40560	112	1
14500036	449447.MAE_04100	112	8
14504618	449447.MAE_49930	112	1
14502767	449447.MAE_31430	111	11
14500243	449447.MAE_06170	111	6
14499686	449447.MAE_00600	111	1
14503787	449447.MAE_41640	110	6
14504550	449447.MAE_49250	110	7
14499888	449447.MAE_02620	110	15
14505247	449447.MAE_56220	110	2
14504468	449447.MAE_48430	110	1
14503615	449447.MAE_39920	110	1
14502551	449447.MAE_29270	110	2
14501464	449447.MAE_18390	110	9
14505750	449447.MAE_61240	109	24
14502387	449447.MAE_27610	109	1
14504851	449447.MAE_52260	109	11
14505342	449447.MAE_57170	109	3
14501343	449447.MAE_17180	109	3
14503677	449447.MAE_40540	108	1
14500417	449447.MAE_07910	108	3
14505225	449447.MAE_56000	108	1
14505921	449447.MAE_62960	108	1
14501215	449447.MAE_15900	108	4
14501859	449447.MAE_22340	107	5
14502986	449447.MAE_33640	107	3
14502954	449447.MAE_33320	107	1
14502268	449447.MAE_26420	107	7
14504646	449447.MAE_50210	107	4
14502583	449447.MAE_29590	107	2
14502338	449447.MAE_27120	106	2
14500956	449447.MAE_13310	106	3
14501090	449447.MAE_14650	105	5
14502194	449447.MAE_25690	105	3
14502019	449447.MAE_23940	105	9
14505029	449447.MAE_54030	105	16
14504146	449447.MAE_45230	105	2
14503883	449447.MAE_42600	104	9
14501101	449447.MAE_14760	104	2
14501040	449447.MAE_14150	104	3
14501241	449447.MAE_16160	104	1
14500223	449447.MAE_05970	104	1
14504097	449447.MAE_44740	103	1
14505168	449447.MAE_55430	103	4
14503891	449447.MAE_42680	102	3
14505269	449447.MAE_56440	102	5
14499757	449447.MAE_01310	102	19
14499908	449447.MAE_02820	102	3
14503232	449447.MAE_36090	101	2
14502991	449447.MAE_33690	101	10
14502878	449447.MAE_32540	100	2
14504483	449447.MAE_48580	100	1
14504000	449447.MAE_43770	99.7	1
14504741	449447.MAE_51160	99.6	2
14499789	449447.MAE_01630	99.1	2
14499944	449447.MAE_03180	98.8	1
14501181	449447.MAE_15560	98.8	2
14502695	449447.MAE_30710	98.4	6
14505935	449447.MAE_63100	98.3	9
14502830	449447.MAE_32060	98.0	1
14504270	449447.MAE_46470	97.9	1
14500287	449447.MAE_06610	97.7	4
14499907	449447.MAE_02810	97.7	5
14503507	449447.MAE_38840	97.6	1
14500577	449447.MAE_09520	97.5	1
14500697	449447.MAE_10720	97.5	1
14503771	449447.MAE_41480	97.4	4
14505797	449447.MAE_61710	97.3	1
14499887	449447.MAE_02610	97.3	2
14503913	449447.MAE_42900	97.2	1
14502533	449447.MAE_29090	97.1	1
14499990	449447.MAE_03640	97.0	2
14501033	449447.MAE_14080	96.9	2
14505758	449447.MAE_61320	96.6	7
14505864	449447.MAE_62380	96.3	2
14500303	449447.MAE_06770	96.2	2
14503449	449447.MAE_38260	96.1	2
14501536	449447.MAE_19110	95.8	1
14505110	449447.MAE_54850	95.7	8
14501723	449447.MAE_20980	95.5	4
14500209	449447.MAE_05830	95.5	2
14502062	449447.MAE_24370	95.4	1
14503434	449447.MAE_38110	95.4	4
14503936	449447.MAE_43130	95.3	1
14501330	449447.MAE_17050	95.2	3
14500599	449447.MAE_09740	95.0	11
14501439	449447.MAE_18140	94.9	8
14503786	449447.MAE_41630	94.4	2
14502877	449447.MAE_32530	94.4	1
14505317	449447.MAE_56920	94.4	3
14501100	449447.MAE_14750	94.3	12
14504794	449447.MAE_51690	94.2	9
14500486	449447.MAE_08610	93.9	1
14501158	449447.MAE_15330	93.8	6
14503684	449447.MAE_40610	93.6	4
14505391	449447.MAE_57650	93.5	1
14500398	449447.MAE_07720	93.4	1
14503912	449447.MAE_42890	93.3	1
14501978	449447.MAE_23530	93.2	1
14502535	449447.MAE_29110	93.2	26
14501083	449447.MAE_14580	93.0	1
14505802	449447.MAE_61760	92.9	1
14501938	449447.MAE_23130	92.7	7
14499669	449447.MAE_00430	92.5	1
14503054	449447.MAE_34310	92.5	1
14499883	449447.MAE_02570	92.5	1
14500449	449447.MAE_08230	92.4	8
14502929	449447.MAE_33070	92.1	5
14504209	449447.MAE_45860	92.0	3
14503441	449447.MAE_38180	91.9	1
14503575	449447.MAE_39520	91.8	1
14504654	449447.MAE_50290	91.7	2
14503812	449447.MAE_41890	91.2	1
14502858	449447.MAE_32340	91.1	6
14501781	449447.MAE_21560	91.0	1
14500021	449447.MAE_03950	91.0	3
14500736	449447.MAE_11110	90.9	13
14505288	449447.MAE_56630	90.8	15
14504298	449447.MAE_46740	90.7	6
14504756	449447.MAE_51310	90.7	1
14501880	449447.MAE_22550	90.6	4
14504019	449447.MAE_43960	90.4	1
14500234	449447.MAE_06080	90.3	2
14501121	449447.MAE_14960	89.7	11
14504793	449447.MAE_51680	89.6	5
14505159	449447.MAE_55340	89.6	2
14504486	449447.MAE_48610	89.6	2
14501406	449447.MAE_17810	89.5	1
14505854	449447.MAE_62280	89.5	2
14501031	449447.MAE_14060	89.4	1
14502999	449447.MAE_33770	88.9	1
14500187	449447.MAE_05610	88.8	1
14505749	449447.MAE_61230	88.6	4
14500494	449447.MAE_08690	88.6	1
14500993	449447.MAE_13680	88.2	1
14505847	449447.MAE_62210	88.1	2
14502056	449447.MAE_24310	88.0	3
14502348	449447.MAE_27220	88.0	1
14504939	449447.MAE_53130	87.6	8
14503105	449447.MAE_34820	87.6	1
14501506	449447.MAE_18810	87.0	1
14504334	449447.MAE_47100	86.9	8
14501497	449447.MAE_18720	86.8	3
14504806	449447.MAE_51810	86.7	1
14503111	449447.MAE_34880	86.5	1
14503374	449447.MAE_37510	86.1	2
14504732	449447.MAE_51070	86.0	1
14505146	449447.MAE_55210	86.0	1
14503451	449447.MAE_38280	85.7	1
14502654	449447.MAE_30300	85.5	3
14502372	449447.MAE_27460	85.4	10
14500150	449447.MAE_05240	85.4	12
14501567	449447.MAE_19420	85.4	1
14502526	449447.MAE_29020	85.3	1
14504786	449447.MAE_51610	85.1	9
14500244	449447.MAE_06180	85.0	5
14504779	449447.MAE_51540	84.9	1
14502572	449447.MAE_29480	84.5	1
14501077	449447.MAE_14520	83.9	1
14500402	449447.MAE_07760	83.9	3
14503147	449447.MAE_35240	83.9	4
14504900	449447.MAE_52740	83.8	5
14504194	449447.MAE_45710	83.8	2
14499717	449447.MAE_00910	83.7	1
14502007	449447.MAE_23820	83.7	2
14504970	449447.MAE_53440	83.5	1
14502185	449447.MAE_25600	83.5	12
14503432	449447.MAE_38090	83.5	1
14505907	449447.MAE_62820	83.3	2
14501896	449447.MAE_22710	83.2	1
14504361	449447.MAE_47360	83.0	1
14504530	449447.MAE_49050	83.0	1
14504731	449447.MAE_51060	82.4	2
14504251	449447.MAE_46280	82.3	6
14503655	449447.MAE_40320	82.1	1
14505691	449447.MAE_60650	82.1	2
14505366	449447.MAE_57410	82.1	1
14503503	449447.MAE_38800	81.9	5
14503130	449447.MAE_35070	81.7	14
14505169	449447.MAE_55440	81.7	7
14500730	449447.MAE_11050	81.7	2
14501638	449447.MAE_20130	81.2	3
14502936	449447.MAE_33140	81.0	1
14503600	449447.MAE_39770	80.8	4
14502473	449447.MAE_28470	80.8	1
14500165	449447.MAE_05390	80.5	1
14501230	449447.MAE_16050	80.5	3
14504271	449447.MAE_46480	80.5	7
14501642	449447.MAE_20170	80.4	1
14499697	449447.MAE_00710	80.1	7
14503028	449447.MAE_34050	80.0	1
14500454	449447.MAE_08280	79.7	5
14501264	449447.MAE_16390	79.6	1
14505349	449447.MAE_57240	79.5	4
14505340	449447.MAE_57150	79.4	2
14502797	449447.MAE_31730	79.3	2
14501817	449447.MAE_21920	79.2	6
14501872	449447.MAE_22470	79.0	2
14504058	449447.MAE_44350	78.6	3
14501042	449447.MAE_14170	78.6	4
14504496	449447.MAE_48710	78.4	4
14500266	449447.MAE_06400	78.2	4
14505081	449447.MAE_54560	78.0	7
14502693	449447.MAE_30690	77.8	1
14503222	449447.MAE_35990	77.8	1
14505115	449447.MAE_54900	77.7	1
14500662	449447.MAE_10370	77.6	3
14504020	449447.MAE_43970	77.6	1
14502046	449447.MAE_24210	77.5	8
14503983	449447.MAE_43600	77.2	6
14505936	449447.MAE_63110	77.1	2
14499832	449447.MAE_02060	77.1	1
14505027	449447.MAE_54010	76.9	1
14504987	449447.MAE_53610	76.8	2
14502817	449447.MAE_31930	76.7	1
14505316	449447.MAE_56910	76.5	4
14504760	449447.MAE_51350	76.4	1
14504942	449447.MAE_53160	76.4	1
14499858	449447.MAE_02320	76.3	2
14503657	449447.MAE_40340	75.8	2
14504021	449447.MAE_43980	75.7	11
14503307	449447.MAE_36840	75.7	4
14505011	449447.MAE_53850	75.5	4
14504895	449447.MAE_52690	75.5	8
14504081	449447.MAE_44580	75.4	1
14505127	449447.MAE_55020	75.1	1
14504515	449447.MAE_48900	75.0	11
14503127	449447.MAE_35040	75.0	1
14502426	449447.MAE_28000	74.8	1
14500350	449447.MAE_07240	74.8	1
14505774	449447.MAE_61480	74.7	1
14501699	449447.MAE_20740	74.7	2
14503746	449447.MAE_41230	74.4	3
14500427	449447.MAE_08010	74.1	3
14502140	449447.MAE_25150	73.9	1
14499984	449447.MAE_03580	73.6	1
14499696	449447.MAE_00700	73.5	11
14500452	449447.MAE_08260	73.4	3
14504795	449447.MAE_51700	73.2	1
14501915	449447.MAE_22900	73.1	1
14501059	449447.MAE_14340	73.1	1
14499655	449447.MAE_00290	72.9	2
14502705	449447.MAE_30810	72.9	1
14501576	449447.MAE_19510	72.9	1
14500168	449447.MAE_05420	72.9	3
14501974	449447.MAE_23490	72.8	3
14505742	449447.MAE_61160	72.5	1
14503411	449447.MAE_37880	72.5	1
14499821	449447.MAE_01950	72.4	1
14500564	449447.MAE_09390	72.3	1
14503809	449447.MAE_41860	72.2	3
14503298	449447.MAE_36750	72.1	8
14501298	449447.MAE_16730	71.9	2
14499763	449447.MAE_01370	71.8	1
14503327	449447.MAE_37040	71.7	1
14500038	449447.MAE_04120	71.6	1
14505826	449447.MAE_62000	71.5	7
14501848	449447.MAE_22230	71.4	1
14505598	449447.MAE_59720	71.4	1
14501558	449447.MAE_19330	71.3	2
14500420	449447.MAE_07940	71.3	1
14500869	449447.MAE_12440	71.2	1
14503642	449447.MAE_40190	71.0	1
14500903	449447.MAE_12780	71.0	1
14501770	449447.MAE_21450	70.9	5
14501919	449447.MAE_22940	70.8	3
14499776	449447.MAE_01500	70.7	3
14499822	449447.MAE_01960	70.7	1
14500604	449447.MAE_09790	70.6	3
14503608	449447.MAE_39850	70.5	1
14503617	449447.MAE_39940	70.5	1
14505785	449447.MAE_61590	70.2	1
14500856	449447.MAE_12310	70.1	7
14505451	449447.MAE_58250	70.0	3
14505138	449447.MAE_55130	70.0	1
14504836	449447.MAE_52110	70.0	1
14502812	449447.MAE_31880	69.9	1
14501851	449447.MAE_22260	69.9	1
14500311	449447.MAE_06850	69.8	2
14500884	449447.MAE_12590	69.8	4
14500236	449447.MAE_06100	69.7	1
14499692	449447.MAE_00660	69.7	5
14505404	449447.MAE_57780	69.7	1
14505150	449447.MAE_55250	69.6	2
14502204	449447.MAE_25790	69.6	2
14502939	449447.MAE_33170	69.6	1
14501963	449447.MAE_23380	69.5	1
14505825	449447.MAE_61990	69.2	1
14503674	449447.MAE_40510	69.0	1
14502766	449447.MAE_31420	69.0	2
14500279	449447.MAE_06530	68.9	2
14501146	449447.MAE_15210	68.9	2
14501719	449447.MAE_20940	68.9	1
14503407	449447.MAE_37840	68.8	3
14501873	449447.MAE_22480	68.7	1
14500800	449447.MAE_11750	68.7	1
14503354	449447.MAE_37310	68.4	3
14504089	449447.MAE_44660	68.3	6
14499650	449447.MAE_00240	68.3	1
14499919	449447.MAE_02930	68.3	2
14505104	449447.MAE_54790	68.2	1
14504123	449447.MAE_45000	68.2	1
14504727	449447.MAE_51020	68.1	1
14505908	449447.MAE_62830	68.1	1
14499828	449447.MAE_02020	67.8	3
14505616	449447.MAE_59900	67.7	1
14505513	449447.MAE_58870	67.7	8
14503350	449447.MAE_37270	67.7	10
14504216	449447.MAE_45930	67.5	4
14502343	449447.MAE_27170	67.5	3
14499866	449447.MAE_02400	67.1	2
14500254	449447.MAE_06280	67.0	2
14502041	449447.MAE_24160	67.0	3
14502604	449447.MAE_29800	66.6	3
14502131	449447.MAE_25060	66.5	3
14500484	449447.MAE_08590	66.5	3
14505136	449447.MAE_55110	66.4	1
14499912	449447.MAE_02860	66.4	4
14499910	449447.MAE_02840	66.4	4
14504395	449447.MAE_47700	66.3	1
14500752	449447.MAE_11270	66.3	2
14499873	449447.MAE_02470	66.2	3
14504994	449447.MAE_53680	66.2	3
14500074	449447.MAE_04480	66.2	2
14503719	449447.MAE_40960	66.1	1
14500394	449447.MAE_07680	66.0	2
14501219	449447.MAE_15940	65.9	1
14500204	449447.MAE_05780	65.7	1
14504495	449447.MAE_48700	65.5	1
14502061	449447.MAE_24360	65.3	3
14504147	449447.MAE_45240	65.0	3
14500227	449447.MAE_06010	65.0	6
14501283	449447.MAE_16580	65.0	1
14501982	449447.MAE_23570	64.8	6
14501301	449447.MAE_16760	64.8	2
14500855	449447.MAE_12300	64.7	1
14504352	449447.MAE_47270	64.7	2
14501371	449447.MAE_17460	64.6	1
14501670	449447.MAE_20450	64.4	1
14500114	449447.MAE_04880	64.3	1
14502681	449447.MAE_30570	64.2	2
14503751	449447.MAE_41280	64.0	1
14500457	449447.MAE_08310	63.9	1
14501590	449447.MAE_19650	63.9	4
14502757	449447.MAE_31330	63.8	3
14501247	449447.MAE_16220	63.7	3
14502462	449447.MAE_28360	63.6	5
14500400	449447.MAE_07740	63.2	1
14503128	449447.MAE_35050	63.1	4
14505500	449447.MAE_58740	63.1	3
14504690	449447.MAE_50650	63.0	2
14502460	449447.MAE_28340	62.9	1
14502382	449447.MAE_27560	62.9	1
14502139	449447.MAE_25140	62.8	2
14501047	449447.MAE_14220	62.8	1
14502195	449447.MAE_25700	62.7	1
14500132	449447.MAE_05060	62.5	4
14500580	449447.MAE_09550	62.5	1
14501703	449447.MAE_20780	62.4	3
14503506	449447.MAE_38830	62.2	1
14503296	449447.MAE_36730	62.2	1
14504790	449447.MAE_51650	61.9	3
14500503	449447.MAE_08780	61.8	1
14502898	449447.MAE_32740	61.8	4
14501453	449447.MAE_18280	61.7	3
14502779	449447.MAE_31550	61.7	4
14502495	449447.MAE_28690	61.6	2
14502371	449447.MAE_27450	61.6	4
14503437	449447.MAE_38140	61.6	15
14502751	449447.MAE_31270	61.5	5
14504064	449447.MAE_44410	61.4	2
14501907	449447.MAE_22820	61.4	9
14504401	449447.MAE_47760	61.3	1
14500667	449447.MAE_10420	61.3	1
14502404	449447.MAE_27780	61.3	1
14500629	449447.MAE_10040	61.3	2
14505725	449447.MAE_60990	61.0	2
14501162	449447.MAE_15370	60.9	4
14502820	449447.MAE_31960	60.8	11
14503115	449447.MAE_34920	60.8	3
14502156	449447.MAE_25310	60.8	5
14503065	449447.MAE_34420	60.6	1
14501199	449447.MAE_15740	60.6	1
14500968	449447.MAE_13430	60.5	1
14505526	449447.MAE_59000	60.5	5
14504924	449447.MAE_52980	60.4	3
14503644	449447.MAE_40210	60.2	1
14502225	449447.MAE_26000	59.9	1
14505622	449447.MAE_59960	59.7	3
14503002	449447.MAE_33800	59.6	1
14503536	449447.MAE_39130	59.5	8
14500291	449447.MAE_06650	59.4	2
14500026	449447.MAE_04000	59.3	1
14500440	449447.MAE_08140	59.2	5
14505205	449447.MAE_55800	59.1	1
14505850	449447.MAE_62240	59.1	3
14504861	449447.MAE_52360	59.0	2
14500189	449447.MAE_05630	59.0	8
14500590	449447.MAE_09650	58.7	5
14501855	449447.MAE_22300	58.7	1
14504430	449447.MAE_48050	58.6	1
14501472	449447.MAE_18470	58.6	1
14504652	449447.MAE_50270	58.3	1
14504796	449447.MAE_51710	58.3	3
14505281	449447.MAE_56560	58.3	2
14505389	449447.MAE_57630	58.2	1
14505103	449447.MAE_54780	57.9	6
14501239	449447.MAE_16140	57.9	1
14504135	449447.MAE_45120	57.8	1
14504305	449447.MAE_46810	57.7	6
14505792	449447.MAE_61660	57.6	2
14501268	449447.MAE_16430	57.6	1
14504552	449447.MAE_49270	57.4	1
14502452	449447.MAE_28260	57.4	1
14503293	449447.MAE_36700	57.3	5
14503195	449447.MAE_35720	57.1	1
14501071	449447.MAE_14460	57.0	5
14500704	449447.MAE_10790	56.9	2
14501889	449447.MAE_22640	56.8	1
14504028	449447.MAE_44050	56.8	1
14501527	449447.MAE_19020	56.6	1
14500065	449447.MAE_04390	56.5	1
14501580	449447.MAE_19550	56.5	2
14502530	449447.MAE_29060	56.5	1
14505643	449447.MAE_60170	56.3	1
14500795	449447.MAE_11700	56.2	1
14500932	449447.MAE_13070	56.2	2
14500160	449447.MAE_05340	56.1	4
14499735	449447.MAE_01090	56.1	6
14501917	449447.MAE_22920	56.0	2
14500419	449447.MAE_07930	56.0	1
14504878	449447.MAE_52530	55.9	1
14501430	449447.MAE_18050	55.7	1
14499939	449447.MAE_03130	55.6	1
14503505	449447.MAE_38820	55.5	11
14504936	449447.MAE_53100	55.5	7
14504920	449447.MAE_52940	55.5	3
14505378	449447.MAE_57530	55.5	2
14501996	449447.MAE_23710	55.3	2
14501505	449447.MAE_18800	55.1	1
14504437	449447.MAE_48120	55.1	2
14501020	449447.MAE_13950	55.1	2
14504267	449447.MAE_46440	55.0	4
14500164	449447.MAE_05380	55.0	6
14502013	449447.MAE_23880	54.9	8
14500661	449447.MAE_10360	54.8	3
14500451	449447.MAE_08250	54.6	1
14504159	449447.MAE_45360	54.4	1
14505424	449447.MAE_57980	54.4	6
14505209	449447.MAE_55840	54.2	1
14504624	449447.MAE_49990	54.2	3
14499904	449447.MAE_02780	54.1	2
14499817	449447.MAE_01910	54.1	15
14500242	449447.MAE_06160	53.9	6
14502709	449447.MAE_30850	53.8	2
14500490	449447.MAE_08650	53.7	1
14505638	449447.MAE_60120	53.6	1
14499695	449447.MAE_00690	53.5	2
14504016	449447.MAE_43930	53.4	1
14503666	449447.MAE_40430	53.3	1
14505126	449447.MAE_55010	53.2	1
14502135	449447.MAE_25100	53.1	2
14503351	449447.MAE_37280	53.0	7
14503458	449447.MAE_38350	52.8	2
14500428	449447.MAE_08020	52.8	1
14501362	449447.MAE_17370	52.6	4
14502126	449447.MAE_25010	52.6	2
14504751	449447.MAE_51260	52.5	2
14503364	449447.MAE_37410	52.5	1
14500967	449447.MAE_13420	52.4	5
14505916	449447.MAE_62910	52.3	2
14503817	449447.MAE_41940	52.2	1
14503386	449447.MAE_37630	52.2	2
14504228	449447.MAE_46050	52.1	3
14504208	449447.MAE_45850	52.1	3
14505332	449447.MAE_57070	52.0	3
14501864	449447.MAE_22390	51.8	1
14502739	449447.MAE_31150	51.7	1
14499658	449447.MAE_00320	51.7	2
14503000	449447.MAE_33780	51.7	1
14504950	449447.MAE_53240	51.6	3
14505880	449447.MAE_62540	51.6	3
14501435	449447.MAE_18100	51.5	1
14505723	449447.MAE_60970	51.5	4
14500085	449447.MAE_04590	51.4	6
14502342	449447.MAE_27160	51.4	3
14502267	449447.MAE_26410	51.4	2
14502154	449447.MAE_25290	51.4	3
14503847	449447.MAE_42240	51.3	2
14500992	449447.MAE_13670	51.3	3
14504467	449447.MAE_48420	51.3	1
14500740	449447.MAE_11150	51.3	1
14505308	449447.MAE_56830	51.1	1
14504055	449447.MAE_44320	51.0	4
14500349	449447.MAE_07230	50.9	1
14503200	449447.MAE_35770	50.9	3
14504327	449447.MAE_47030	50.9	2
14505788	449447.MAE_61620	50.8	1
14502772	449447.MAE_31480	50.8	8
14502636	449447.MAE_30120	50.8	4
14505498	449447.MAE_58720	50.7	3
14503803	449447.MAE_41800	50.6	2
14500920	449447.MAE_12950	50.5	9
14503070	449447.MAE_34470	50.5	2
14501954	449447.MAE_23290	50.5	6
14501828	449447.MAE_22030	50.5	2
14501759	449447.MAE_21340	50.4	1
14505024	449447.MAE_53980	50.4	1
14505077	449447.MAE_54520	50.3	13
14504823	449447.MAE_51980	49.8	4
14501210	449447.MAE_15850	49.8	3
14499924	449447.MAE_02980	49.7	2
14505568	449447.MAE_59420	49.7	1
14500806	449447.MAE_11810	49.7	2
14502613	449447.MAE_29890	49.7	1
14503311	449447.MAE_36880	49.7	2
14503081	449447.MAE_34580	49.6	1
14500335	449447.MAE_07090	49.6	3
14501959	449447.MAE_23340	49.5	2
14503167	449447.MAE_35440	49.4	1
14503097	449447.MAE_34740	49.4	1
14505057	449447.MAE_54320	49.4	1
14500166	449447.MAE_05400	49.4	1
14505271	449447.MAE_56460	49.4	2
14505603	449447.MAE_59770	49.3	2
14501950	449447.MAE_23250	49.1	1
14502832	449447.MAE_32080	49.1	1
14505502	449447.MAE_58760	49.0	2
14500153	449447.MAE_05270	49.0	1
14505338	449447.MAE_57130	48.8	1
14503218	449447.MAE_35950	48.7	1
14503216	449447.MAE_35930	48.7	1
14505662	449447.MAE_60360	48.6	2
14504837	449447.MAE_52120	48.6	2
14503085	449447.MAE_34620	48.6	2
14504196	449447.MAE_45730	48.6	3
14500333	449447.MAE_07070	48.5	4
14504107	449447.MAE_44840	48.5	2
14500024	449447.MAE_03980	48.3	2
14503622	449447.MAE_39990	48.2	7
14500707	449447.MAE_10820	48.2	1
14505097	449447.MAE_54720	48.1	1
14501262	449447.MAE_16370	48.0	1
14503894	449447.MAE_42710	48.0	5
14503619	449447.MAE_39960	48.0	2
14500910	449447.MAE_12850	47.9	1
14502805	449447.MAE_31810	47.9	1
14503041	449447.MAE_34180	47.9	1
14502774	449447.MAE_31500	47.9	5
14502444	449447.MAE_28180	47.9	4
14499742	449447.MAE_01160	47.8	1
14501562	449447.MAE_19370	47.7	3
14502916	449447.MAE_32920	47.6	3
14504342	449447.MAE_47180	47.5	4
14505089	449447.MAE_54640	47.5	1
14501539	449447.MAE_19140	47.4	1
14504250	449447.MAE_46270	47.4	3
14500779	449447.MAE_11540	47.4	18
14500507	449447.MAE_08820	47.4	1
14500893	449447.MAE_12680	47.3	2
14505731	449447.MAE_61050	47.3	1
14505105	449447.MAE_54800	47.3	2
14504528	449447.MAE_49030	47.2	1
14502281	449447.MAE_26550	47.2	1
14505154	449447.MAE_55290	47.1	1
14500990	449447.MAE_13650	47.1	5
14501399	449447.MAE_17740	47.0	2
14499877	449447.MAE_02510	46.8	1
14503019	449447.MAE_33960	46.7	2
14501549	449447.MAE_19240	46.7	3
14504688	449447.MAE_50630	46.6	1
14502469	449447.MAE_28430	46.4	3
14505922	449447.MAE_62970	46.4	2
14505357	449447.MAE_57320	46.4	1
14504838	449447.MAE_52130	46.4	3
14504522	449447.MAE_48970	46.4	1
14504295	449447.MAE_46710	46.4	1
14503497	449447.MAE_38740	46.4	4
14502429	449447.MAE_28030	46.3	1
14503254	449447.MAE_36310	46.3	1
14500682	449447.MAE_10570	46.3	5
14503553	449447.MAE_39300	46.3	2
14503919	449447.MAE_42960	46.3	1
14505751	449447.MAE_61250	46.2	1
14502434	449447.MAE_28080	46.2	2
14502579	449447.MAE_29550	46.2	2
14504080	449447.MAE_44570	46.1	1
14505715	449447.MAE_60890	46.1	3
14505215	449447.MAE_55900	46.0	3
14503339	449447.MAE_37160	45.9	6
14503372	449447.MAE_37490	45.9	1
14503764	449447.MAE_41410	45.9	6
14505407	449447.MAE_57810	45.7	3
14500028	449447.MAE_04020	45.7	2
14502974	449447.MAE_33520	45.7	1
14502980	449447.MAE_33580	45.6	2
14504662	449447.MAE_50370	45.6	1
14504706	449447.MAE_50810	45.6	1
14499714	449447.MAE_00880	45.5	1
14504003	449447.MAE_43800	45.5	3
14504002	449447.MAE_43790	45.5	3
14504813	449447.MAE_51880	45.5	2
14505350	449447.MAE_57250	45.5	3
14500819	449447.MAE_11940	45.4	2
14500960	449447.MAE_13350	45.3	1
14500743	449447.MAE_11180	45.3	1
14503780	449447.MAE_41570	45.1	3
14501182	449447.MAE_15570	45.0	4
14499703	449447.MAE_00770	45.0	1
14502686	449447.MAE_30620	45.0	4
14501902	449447.MAE_22770	44.9	3
14505254	449447.MAE_56290	44.9	4
14505594	449447.MAE_59680	44.9	4
14501780	449447.MAE_21550	44.9	4
14505153	449447.MAE_55280	44.7	2
14500851	449447.MAE_12260	44.7	2
14501208	449447.MAE_15830	44.7	2
14502737	449447.MAE_31130	44.5	2
14503860	449447.MAE_42370	44.5	2
14502260	449447.MAE_26340	44.5	1
14505729	449447.MAE_61030	44.4	2
14500483	449447.MAE_08580	44.3	2
14503830	449447.MAE_42070	44.3	3
14500951	449447.MAE_13260	44.3	2
14503314	449447.MAE_36910	44.1	1
14505539	449447.MAE_59130	44.1	1
14503948	449447.MAE_43250	44.1	2
14505083	449447.MAE_54580	44.1	1
14502575	449447.MAE_29510	44.0	1
14504145	449447.MAE_45220	44.0	1
14501985	449447.MAE_23600	43.8	4
14500192	449447.MAE_05660	43.8	1
14505834	449447.MAE_62080	43.8	1
14505858	449447.MAE_62320	43.6	5
14501693	449447.MAE_20680	43.6	1
14504086	449447.MAE_44630	43.5	1
14500921	449447.MAE_12960	43.5	5
14503163	449447.MAE_35400	43.3	1
14505575	449447.MAE_59490	43.3	3
14499672	449447.MAE_00460	43.3	1
14504290	449447.MAE_46660	43.2	4
14504343	449447.MAE_47190	43.1	1
14501026	449447.MAE_14010	43.0	1
14501771	449447.MAE_21460	42.9	2
14504604	449447.MAE_49790	42.9	5
14502897	449447.MAE_32730	42.8	2
14503872	449447.MAE_42490	42.8	2
14500161	449447.MAE_05350	42.8	1
14499923	449447.MAE_02970	42.6	1
14502690	449447.MAE_30660	42.5	1
14505204	449447.MAE_55790	42.5	1
14504253	449447.MAE_46300	42.5	3
14500904	449447.MAE_12790	42.4	1
14500385	449447.MAE_07590	42.4	2
14502331	449447.MAE_27050	42.4	7
14504510	449447.MAE_48850	42.3	1
14505570	449447.MAE_59440	42.3	3
14501445	449447.MAE_18200	42.2	1
14502519	449447.MAE_28950	42.2	4
14500037	449447.MAE_04110	41.9	2
14503490	449447.MAE_38670	41.9	4
14504400	449447.MAE_47750	41.9	1
14503533	449447.MAE_39100	41.9	6
14502630	449447.MAE_30060	41.8	1
14501088	449447.MAE_14630	41.5	1
14499770	449447.MAE_01440	41.4	2
14504075	449447.MAE_44520	41.4	2
14504413	449447.MAE_47880	41.4	1
14503342	449447.MAE_37190	41.3	3
14500478	449447.MAE_08530	41.3	1
14501533	449447.MAE_19080	41.3	2
14500948	449447.MAE_13230	41.3	1
14504598	449447.MAE_49730	41.3	1
14500277	449447.MAE_06510	41.3	2
14503579	449447.MAE_39560	41.3	1
14505192	449447.MAE_55670	41.2	2
14503521	449447.MAE_38980	41.2	1
14504518	449447.MAE_48930	41.2	1
14505445	449447.MAE_58190	41.0	1
14502034	449447.MAE_24090	41.0	2
14502788	449447.MAE_31640	40.9	1
14499842	449447.MAE_02160	40.9	3
14501462	449447.MAE_18370	40.8	2
14503707	449447.MAE_40840	40.8	2
14500861	449447.MAE_12360	40.8	4
14500602	449447.MAE_09770	40.8	2
14500358	449447.MAE_07320	40.7	2
14504918	449447.MAE_52920	40.7	2
14505448	449447.MAE_58220	40.6	2
14504436	449447.MAE_48110	40.5	1
14501228	449447.MAE_16030	40.5	1
14503744	449447.MAE_41210	40.5	2
14503302	449447.MAE_36790	40.5	1
14499732	449447.MAE_01060	40.5	1
14500212	449447.MAE_05860	40.5	1
14505095	449447.MAE_54700	40.4	1
14505773	449447.MAE_61470	40.3	1
14502809	449447.MAE_31850	40.3	1
14499819	449447.MAE_01930	40.2	2
14504186	449447.MAE_45630	40.2	1
14504353	449447.MAE_47280	40.2	1
14503326	449447.MAE_37030	40.1	1
14505865	449447.MAE_62390	40.1	1
14502584	449447.MAE_29600	40.0	1
14501309	449447.MAE_16840	40.0	1
14502234	449447.MAE_26090	39.8	3
14504155	449447.MAE_45320	39.8	4
14503865	449447.MAE_42420	39.8	1
14505537	449447.MAE_59110	39.8	1
14505542	449447.MAE_59160	39.6	3
14500680	449447.MAE_10550	39.4	3
14502205	449447.MAE_25800	39.3	1
14505521	449447.MAE_58950	39.3	4
14501353	449447.MAE_17280	39.3	2
14504073	449447.MAE_44500	39.2	3
14505601	449447.MAE_59750	39.2	2
14501334	449447.MAE_17090	39.1	2
14505257	449447.MAE_56320	39.1	2
14501131	449447.MAE_15060	39.1	2
14502167	449447.MAE_25420	39.0	3
14501488	449447.MAE_18630	38.8	2
14499926	449447.MAE_03000	38.7	3
14505534	449447.MAE_59080	38.7	3
14502523	449447.MAE_28990	38.7	3
14500228	449447.MAE_06020	38.5	1
14502307	449447.MAE_26810	38.4	1
14504182	449447.MAE_45590	38.4	8
14505035	449447.MAE_54090	38.4	2
14502799	449447.MAE_31750	38.2	3
14503395	449447.MAE_37720	38.2	9
14501103	449447.MAE_14780	38.2	5
14504217	449447.MAE_45940	38.1	1
14502009	449447.MAE_23840	38.0	1
14505190	449447.MAE_55650	38.0	1
14500475	449447.MAE_08500	37.9	2
14503188	449447.MAE_35650	37.9	1
14501171	449447.MAE_15460	37.9	1
14502411	449447.MAE_27850	37.8	1
14505314	449447.MAE_56890	37.8	2
14504750	449447.MAE_51250	37.7	3
14501841	449447.MAE_22160	37.7	3
14500836	449447.MAE_12110	37.7	1
14502960	449447.MAE_33380	37.6	2
14500759	449447.MAE_11340	37.5	2
14504302	449447.MAE_46780	37.5	3
14505711	449447.MAE_60850	37.5	3
14501136	449447.MAE_15110	37.4	2
14500434	449447.MAE_08080	37.4	3
14500598	449447.MAE_09730	37.4	2
14504993	449447.MAE_53670	37.4	2
14505123	449447.MAE_54980	37.3	5
14504199	449447.MAE_45760	37.3	2
14504962	449447.MAE_53360	37.3	1
14503268	449447.MAE_36450	37.3	1
14500094	449447.MAE_04680	37.3	2
14502910	449447.MAE_32860	37.2	1
14502574	449447.MAE_29500	37.2	2
14500330	449447.MAE_07040	37.2	1
14502525	449447.MAE_29010	37.2	1
14504331	449447.MAE_47070	37.2	3
14501741	449447.MAE_21160	37.2	3
14501776	449447.MAE_21510	37.1	1
14505134	449447.MAE_55090	37.1	1
14502433	449447.MAE_28070	37.1	3
14499890	449447.MAE_02640	37.0	1
14500757	449447.MAE_11320	37.0	5
14502146	449447.MAE_25210	36.9	2
14503226	449447.MAE_36030	36.9	1
14503701	449447.MAE_40780	36.8	1
14500353	449447.MAE_07270	36.7	2
14503542	449447.MAE_39190	36.7	2
14505822	449447.MAE_61960	36.7	4
14504778	449447.MAE_51530	36.7	1
14500765	449447.MAE_11400	36.7	5
14504684	449447.MAE_50590	36.7	4
14502047	449447.MAE_24220	36.7	1
14502895	449447.MAE_32710	36.6	2
14504275	449447.MAE_46520	36.6	2
14499892	449447.MAE_02660	36.5	1
14504399	449447.MAE_47740	36.5	1
14502990	449447.MAE_33680	36.5	1
14502239	449447.MAE_26130	36.5	2
14505874	449447.MAE_62480	36.5	1
14501092	449447.MAE_14670	36.4	2
14505468	449447.MAE_58420	36.4	1
14505842	449447.MAE_62160	36.3	1
14502667	449447.MAE_30430	36.3	3
14501087	449447.MAE_14620	36.3	1
14503930	449447.MAE_43070	36.3	1
14500293	449447.MAE_06670	36.2	1
14501631	449447.MAE_20060	36.2	3
14500927	449447.MAE_13020	36.2	1
14500760	449447.MAE_11350	36.2	5
14501366	449447.MAE_17410	36.2	2
14499861	449447.MAE_02350	36.2	1
14501499	449447.MAE_18740	36.1	3
14500536	449447.MAE_09110	36.1	1
14499915	449447.MAE_02890	36.1	2
14504457	449447.MAE_48320	36.1	2
14505849	449447.MAE_62230	36.1	1
14501948	449447.MAE_23230	36.0	2
14500559	449447.MAE_09340	36.0	1
14505917	449447.MAE_62920	36.0	1
14502698	449447.MAE_30740	36.0	1
14500298	449447.MAE_06720	35.9	1
14501232	449447.MAE_16070	35.9	2
14504989	449447.MAE_53630	35.9	1
14499629	449447.MAE_00030	35.9	1
14505141	449447.MAE_55160	35.8	1
14501760	449447.MAE_21350	35.8	1
14502919	449447.MAE_32950	35.7	4
14503394	449447.MAE_37710	35.7	3
14503209	449447.MAE_35860	35.7	2
14502768	449447.MAE_31440	35.6	2
14499930	449447.MAE_03040	35.6	3
14504703	449447.MAE_50780	35.6	2
14503396	449447.MAE_37730	35.6	2
14501827	449447.MAE_22020	35.6	1
14501796	449447.MAE_21710	35.5	1
14503169	449447.MAE_35460	35.4	1
14502111	449447.MAE_24860	35.3	1
14502518	449447.MAE_28940	35.3	3
14503607	449447.MAE_39840	35.3	4
14503627	449447.MAE_40040	35.3	1
14503525	449447.MAE_39020	35.3	5
14505818	449447.MAE_61920	35.2	1
14504967	449447.MAE_53410	35.1	2
14499962	449447.MAE_03360	35.1	3
14501749	449447.MAE_21240	35.1	2
14504846	449447.MAE_52210	35.0	4
14501656	449447.MAE_20310	35.0	2
14503474	449447.MAE_38510	35.0	2
14500238	449447.MAE_06120	34.9	2
14502456	449447.MAE_28300	34.9	5
14500142	449447.MAE_05160	34.9	1
14500300	449447.MAE_06740	34.8	1
14501762	449447.MAE_21370	34.7	2
14501530	449447.MAE_19050	34.7	3
14505651	449447.MAE_60250	34.7	3
14500318	449447.MAE_06920	34.5	2
14502742	449447.MAE_31180	34.5	3
14503470	449447.MAE_38470	34.4	4
14504567	449447.MAE_49420	34.3	2
14501128	449447.MAE_15030	34.3	1
14503494	449447.MAE_38710	34.2	4
14503709	449447.MAE_40860	34.2	4
14503881	449447.MAE_42580	34.2	1
14505654	449447.MAE_60280	34.2	2
14505615	449447.MAE_59890	34.1	5
14505452	449447.MAE_58260	34.1	1
14504121	449447.MAE_44980	34.1	2
14500862	449447.MAE_12370	34.0	3
14500744	449447.MAE_11190	34.0	1
14505181	449447.MAE_55560	33.9	2
14501692	449447.MAE_20670	33.9	1
14505824	449447.MAE_61980	33.8	2
14499800	449447.MAE_01740	33.8	2
14501461	449447.MAE_18360	33.6	1
14504693	449447.MAE_50680	33.5	2
14499797	449447.MAE_01710	33.4	1
14503749	449447.MAE_41260	33.4	1
14501326	449447.MAE_17010	33.4	1
14505211	449447.MAE_55860	33.4	2
14505819	449447.MAE_61930	33.3	1
14503648	449447.MAE_40250	33.3	3
14501513	449447.MAE_18880	33.3	1
14504276	449447.MAE_46530	33.3	1
14500747	449447.MAE_11220	33.3	2
14504855	449447.MAE_52300	33.3	5
14503417	449447.MAE_37940	33.2	1
14500636	449447.MAE_10110	33.1	3
14504374	449447.MAE_47490	33.1	1
14499740	449447.MAE_01140	33.1	3
14501992	449447.MAE_23670	33.1	7
14505844	449447.MAE_62180	33.1	3
14503086	449447.MAE_34630	33.1	2
14500272	449447.MAE_06460	33.0	2
14499786	449447.MAE_01600	33.0	1
14502870	449447.MAE_32460	33.0	3
14504458	449447.MAE_48330	32.9	1
14502968	449447.MAE_33460	32.9	1
14501476	449447.MAE_18510	32.9	1
14503842	449447.MAE_42190	32.9	1
14499959	449447.MAE_03330	32.9	2
14505906	449447.MAE_62810	32.8	1
14503703	449447.MAE_40800	32.6	1
14502074	449447.MAE_24490	32.6	3
14504252	449447.MAE_46290	32.6	1
14503430	449447.MAE_38070	32.6	2
14504176	449447.MAE_45530	32.6	1
14501677	449447.MAE_20520	32.5	2
14503197	449447.MAE_35740	32.5	1
14503114	449447.MAE_34910	32.4	2
14505522	449447.MAE_58960	32.4	2
14501893	449447.MAE_22680	32.4	1
14504890	449447.MAE_52640	32.4	1
14504710	449447.MAE_50850	32.3	1
14499721	449447.MAE_00950	32.3	1
14499843	449447.MAE_02170	32.2	1
14502648	449447.MAE_30240	32.1	1
14505787	449447.MAE_61610	32.1	5
14502617	449447.MAE_29930	32.1	1
14500369	449447.MAE_07430	32.0	1
14505462	449447.MAE_58360	32.0	1
14505075	449447.MAE_54500	32.0	8
14501403	449447.MAE_17780	31.9	2
14504976	449447.MAE_53500	31.9	1
14502868	449447.MAE_32440	31.9	1
14500996	449447.MAE_13710	31.9	1
14503895	449447.MAE_42720	31.9	2
14502083	449447.MAE_24580	31.8	1
14504904	449447.MAE_52780	31.8	2
14502466	449447.MAE_28400	31.8	2
14502067	449447.MAE_24420	31.6	2
14500797	449447.MAE_11720	31.6	1
14505466	449447.MAE_58400	31.5	1
14501054	449447.MAE_14290	31.4	1
14504184	449447.MAE_45610	31.4	2
14502476	449447.MAE_28500	31.4	2
14501870	449447.MAE_22450	31.4	1
14505768	449447.MAE_61420	31.4	1
14503475	449447.MAE_38520	31.3	2
14503618	449447.MAE_39950	31.3	4
14504103	449447.MAE_44800	31.2	2
14501563	449447.MAE_19380	31.2	1
14502049	449447.MAE_24240	31.0	2
14503848	449447.MAE_42250	31.0	2
14500466	449447.MAE_08410	31.0	5
14503675	449447.MAE_40520	30.9	1
14505079	449447.MAE_54540	30.9	2
14500184	449447.MAE_05580	30.7	2
14503549	449447.MAE_39260	30.7	10
14500115	449447.MAE_04890	30.7	1
14502981	449447.MAE_33590	30.7	3
14504941	449447.MAE_53150	30.7	3
14502906	449447.MAE_32820	30.7	1
14500906	449447.MAE_12810	30.7	2
14501988	449447.MAE_23630	30.6	1
14505759	449447.MAE_61330	30.5	2
14500280	449447.MAE_06540	30.5	1
14502270	449447.MAE_26440	30.4	3
14502680	449447.MAE_30560	30.4	1
14503060	449447.MAE_34370	30.4	3
14504578	449447.MAE_49530	30.4	2
14501043	449447.MAE_14180	30.4	2
14503546	449447.MAE_39230	30.4	2
14503023	449447.MAE_34000	30.4	2
14504053	449447.MAE_44300	30.4	5
14503228	449447.MAE_36050	30.3	1
14501156	449447.MAE_15310	30.3	2
14503970	449447.MAE_43470	30.3	1
14501126	449447.MAE_15010	30.3	1
14501340	449447.MAE_17150	30.2	1
14499759	449447.MAE_01330	30.2	1
14502748	449447.MAE_31240	30.1	2
14504617	449447.MAE_49920	30.1	2
14502310	449447.MAE_26840	30.1	1
14499743	449447.MAE_01170	30.0	2
14499836	449447.MAE_02100	30.0	4
14501060	449447.MAE_14350	30.0	2
14500479	449447.MAE_08540	29.9	1
14501107	449447.MAE_14820	29.9	2
14502287	449447.MAE_26610	29.9	1
14503660	449447.MAE_40370	29.9	1
14503084	449447.MAE_34610	29.9	1
14503673	449447.MAE_40500	29.9	1
14501323	449447.MAE_16980	29.9	1
14501286	449447.MAE_16610	29.9	1
14501447	449447.MAE_18220	29.9	4
14499748	449447.MAE_01220	29.8	3
14500460	449447.MAE_08340	29.8	2
14502066	449447.MAE_24410	29.8	2
14500558	449447.MAE_09330	29.8	4
14500929	449447.MAE_13040	29.8	1
14499864	449447.MAE_02380	29.7	1
14505728	449447.MAE_61020	29.7	1
14501375	449447.MAE_17500	29.7	1
14499965	449447.MAE_03390	29.7	2
14500321	449447.MAE_06950	29.5	1
14502477	449447.MAE_28510	29.5	2
14503715	449447.MAE_40920	29.4	2
14505666	449447.MAE_60400	29.4	2
14501365	449447.MAE_17400	29.2	1
14500363	449447.MAE_07370	29.2	2
14503782	449447.MAE_41590	29.2	1
14504322	449447.MAE_46980	29.1	2
14505697	449447.MAE_60710	29.1	1
14504481	449447.MAE_48560	29.1	1
14503249	449447.MAE_36260	29.1	3
14503266	449447.MAE_36430	29.0	3
14505143	449447.MAE_55180	28.9	1
14500997	449447.MAE_13720	28.9	1
14503989	449447.MAE_43660	28.8	1
14504337	449447.MAE_47130	28.8	1
14502451	449447.MAE_28250	28.8	1
14503236	449447.MAE_36130	28.8	5
14501356	449447.MAE_17310	28.8	1
14500453	449447.MAE_08270	28.8	4
14502040	449447.MAE_24150	28.8	2
14501657	449447.MAE_20320	28.7	3
14501823	449447.MAE_21980	28.7	1
14502887	449447.MAE_32630	28.7	1
14500396	449447.MAE_07700	28.6	1
14501243	449447.MAE_16180	28.6	1
14501165	449447.MAE_15400	28.6	4
14500178	449447.MAE_05520	28.6	1
14502427	449447.MAE_28010	28.6	2
14503876	449447.MAE_42530	28.6	2
14505621	449447.MAE_59950	28.6	1
14502051	449447.MAE_24260	28.6	1
14503069	449447.MAE_34460	28.6	2
14505845	449447.MAE_62190	28.5	3
14501296	449447.MAE_16710	28.4	2
14503886	449447.MAE_42630	28.3	1
14505189	449447.MAE_55640	28.3	2
14503862	449447.MAE_42390	28.2	1
14502461	449447.MAE_28350	28.2	2
14501600	449447.MAE_19750	28.2	1
14501274	449447.MAE_16490	28.1	1
14504477	449447.MAE_48520	28.1	1
14505899	449447.MAE_62730	28.1	3
14504498	449447.MAE_48730	28.1	2
14501514	449447.MAE_18890	28.1	1
14499651	449447.MAE_00250	28.1	4
14505049	449447.MAE_54240	28.1	4
14504303	449447.MAE_46790	28.0	1
14504542	449447.MAE_49170	28.0	2
14504188	449447.MAE_45650	28.0	1
14499713	449447.MAE_00870	28.0	1
14499855	449447.MAE_02290	28.0	1
14502220	449447.MAE_25950	28.0	6
14501244	449447.MAE_16190	28.0	2
14500273	449447.MAE_06470	28.0	2
14501740	449447.MAE_21150	28.0	1
14500981	449447.MAE_13560	27.9	4
14500288	449447.MAE_06620	27.8	1
14502647	449447.MAE_30230	27.8	1
14500316	449447.MAE_06900	27.8	2
14503424	449447.MAE_38010	27.8	2
14505490	449447.MAE_58640	27.8	1
14501983	449447.MAE_23580	27.7	1
14502894	449447.MAE_32700	27.7	2
14504385	449447.MAE_47600	27.7	3
14501116	449447.MAE_14910	27.7	2
14505693	449447.MAE_60670	27.7	1
14499949	449447.MAE_03230	27.6	1
14499906	449447.MAE_02800	27.5	2
14502615	449447.MAE_29910	27.5	2
14502050	449447.MAE_24250	27.5	1
14501347	449447.MAE_17220	27.5	1
14504214	449447.MAE_45910	27.5	4
14504057	449447.MAE_44340	27.3	3
14504661	449447.MAE_50360	27.3	2
14500658	449447.MAE_10330	27.3	2
14505862	449447.MAE_62360	27.2	6
14503012	449447.MAE_33890	27.2	1
14501589	449447.MAE_19640	27.2	2
14503026	449447.MAE_34030	27.2	1
14502675	449447.MAE_30510	27.1	1
14504742	449447.MAE_51170	27.1	3
14505712	449447.MAE_60860	27.1	2
14504193	449447.MAE_45700	27.1	2
14502413	449447.MAE_27870	27.1	12
14504800	449447.MAE_51750	27.0	6
14502738	449447.MAE_31140	27.0	2
14503191	449447.MAE_35680	27.0	2
14505617	449447.MAE_59910	27.0	1
14502199	449447.MAE_25740	26.9	2
14505386	449447.MAE_57600	26.8	1
14499869	449447.MAE_02430	26.8	1
14501788	449447.MAE_21630	26.7	4
14501786	449447.MAE_21610	26.7	1
14504371	449447.MAE_47460	26.6	1
14500985	449447.MAE_13600	26.6	1
14500805	449447.MAE_11800	26.6	1
14503693	449447.MAE_40700	26.6	3
14501588	449447.MAE_19630	26.6	1
14504279	449447.MAE_46560	26.6	2
14501144	449447.MAE_15190	26.5	2
14499628	449447.MAE_00020	26.5	1
14503403	449447.MAE_37800	26.5	1
14502025	449447.MAE_24000	26.5	1
14505010	449447.MAE_53840	26.5	1
14504821	449447.MAE_51960	26.5	2
14500799	449447.MAE_11740	26.4	1
14505214	449447.MAE_55890	26.4	2
14503606	449447.MAE_39830	26.3	2
14500585	449447.MAE_09600	26.3	2
14505878	449447.MAE_62520	26.2	4
14503204	449447.MAE_35810	26.2	1
14501910	449447.MAE_22850	26.2	1
14499839	449447.MAE_02130	26.1	1
14501369	449447.MAE_17440	26.1	2
14503963	449447.MAE_43400	26.0	3
14500299	449447.MAE_06730	26.0	1
14499951	449447.MAE_03250	25.9	1
14503438	449447.MAE_38150	25.9	2
14500840	449447.MAE_12150	25.9	1
14500720	449447.MAE_10950	25.9	3
14500880	449447.MAE_12550	25.9	1
14503831	449447.MAE_42080	25.9	2
14501976	449447.MAE_23510	25.8	1
14503357	449447.MAE_37340	25.8	5
14502759	449447.MAE_31350	25.8	3
14504570	449447.MAE_49450	25.7	3
14502076	449447.MAE_24510	25.7	2
14505533	449447.MAE_59070	25.7	2
14501566	449447.MAE_19410	25.7	5
14504923	449447.MAE_52970	25.7	1
14501305	449447.MAE_16800	25.7	1
14501478	449447.MAE_18530	25.7	1
14505564	449447.MAE_59380	25.6	2
14501933	449447.MAE_23080	25.6	2
14500012	449447.MAE_03860	25.6	1
14501706	449447.MAE_20810	25.6	1
14504129	449447.MAE_45060	25.6	2
14504500	449447.MAE_48750	25.6	2
14504499	449447.MAE_48740	25.6	2
14503765	449447.MAE_41420	25.5	3
14500491	449447.MAE_08660	25.5	1
14503138	449447.MAE_35150	25.5	1
14500596	449447.MAE_09710	25.5	2
14503524	449447.MAE_39010	25.5	2
14500257	449447.MAE_06310	25.4	2
14505142	449447.MAE_55170	25.4	1
14505419	449447.MAE_57930	25.4	4
14505216	449447.MAE_55910	25.4	1
14500505	449447.MAE_08800	25.4	3
14501338	449447.MAE_17130	25.4	1
14505112	449447.MAE_54870	25.4	2
14500506	449447.MAE_08810	25.3	1
14505194	449447.MAE_55690	25.3	1
14501928	449447.MAE_23030	25.2	1
14500263	449447.MAE_06370	25.2	2
14505223	449447.MAE_55980	25.2	3
14502679	449447.MAE_30550	25.2	1
14499957	449447.MAE_03310	25.2	2
14504198	449447.MAE_45750	25.2	1
14502014	449447.MAE_23890	25.1	1
14501285	449447.MAE_16600	25.1	2
14499685	449447.MAE_00590	25.1	2
14502843	449447.MAE_32190	25.1	5
14502850	449447.MAE_32260	25.1	2
14500258	449447.MAE_06320	24.9	2
14505070	449447.MAE_54450	24.9	1
14499810	449447.MAE_01840	24.9	2
14504219	449447.MAE_45960	24.9	2
14502961	449447.MAE_33390	24.9	3
14504507	449447.MAE_48820	24.9	2
14501510	449447.MAE_18850	24.7	1
14505403	449447.MAE_57770	24.7	5
14501050	449447.MAE_14250	24.7	1
14503947	449447.MAE_43240	24.6	5
14502244	449447.MAE_26180	24.6	1
14502093	449447.MAE_24680	24.6	4
14502541	449447.MAE_29170	24.6	1
14503790	449447.MAE_41670	24.5	3
14503014	449447.MAE_33910	24.5	1
14505444	449447.MAE_58180	24.4	1
14500529	449447.MAE_09040	24.4	3
14499933	449447.MAE_03070	24.3	1
14502688	449447.MAE_30640	24.2	3
14501989	449447.MAE_23640	24.2	1
14503875	449447.MAE_42520	24.1	1
14500015	449447.MAE_03890	24.1	1
14500328	449447.MAE_07020	24.1	3
14504076	449447.MAE_44530	24.0	1
14501238	449447.MAE_16130	23.9	1
14505092	449447.MAE_54670	23.9	6
14505722	449447.MAE_60960	23.9	3
14501939	449447.MAE_23140	23.9	2
14500783	449447.MAE_11580	23.8	4
14502687	449447.MAE_30630	23.8	1
14503777	449447.MAE_41540	23.8	1
14503638	449447.MAE_40150	23.8	4
14500020	449447.MAE_03940	23.8	2
14503343	449447.MAE_37200	23.8	1
14502829	449447.MAE_32050	23.7	1
14502501	449447.MAE_28770	23.7	2
14500780	449447.MAE_11550	23.7	5
14500724	449447.MAE_10990	23.7	1
14503855	449447.MAE_42320	23.7	1
14505315	449447.MAE_56900	23.6	1
14504529	449447.MAE_49040	23.6	1
14500706	449447.MAE_10810	23.6	1
14503737	449447.MAE_41140	23.6	2
14504084	449447.MAE_44610	23.5	2
14499913	449447.MAE_02870	23.5	1
14502750	449447.MAE_31260	23.5	2
14502414	449447.MAE_27880	23.4	2
14503427	449447.MAE_38040	23.4	4
14501675	449447.MAE_20500	23.4	1
14504360	449447.MAE_47350	23.4	1
14501602	449447.MAE_19770	23.3	1
14500818	449447.MAE_11930	23.3	1
14499783	449447.MAE_01570	23.3	1
14501615	449447.MAE_19900	23.3	1
14503908	449447.MAE_42850	23.3	3
14501525	449447.MAE_19000	23.3	1
14501312	449447.MAE_16870	23.2	1
14504328	449447.MAE_47040	23.2	1
14502491	449447.MAE_28650	23.2	2
14502272	449447.MAE_26460	23.2	2
14499761	449447.MAE_01350	23.2	1
14502311	449447.MAE_26850	23.2	2
14500572	449447.MAE_09470	23.1	1
14504266	449447.MAE_46430	23.1	2
14501218	449447.MAE_15930	23.0	1
14502483	449447.MAE_28570	23.0	1
14505274	449447.MAE_56490	23.0	1
14503614	449447.MAE_39910	23.0	2
14505019	449447.MAE_53930	23.0	3
14503234	449447.MAE_36110	23.0	1
14505770	449447.MAE_61440	22.9	2
14501222	449447.MAE_15970	22.9	1
14503312	449447.MAE_36890	22.9	1
14501114	449447.MAE_14890	22.9	1
14505843	449447.MAE_62170	22.8	1
14500069	449447.MAE_04430	22.8	1
14502571	449447.MAE_29470	22.8	1
14503696	449447.MAE_40730	22.8	1
14500421	449447.MAE_07950	22.7	1
14502623	449447.MAE_29990	22.7	1
14502316	449447.MAE_26900	22.7	1
14503954	449447.MAE_43310	22.7	1
14500343	449447.MAE_07170	22.7	1
14501440	449447.MAE_18150	22.6	2
14500901	449447.MAE_12760	22.6	1
14503489	449447.MAE_38660	22.6	1
14502407	449447.MAE_27810	22.6	7
14504636	449447.MAE_50110	22.6	1
14500446	449447.MAE_08200	22.5	1
14505418	449447.MAE_57920	22.5	1
14503375	449447.MAE_37520	22.5	1
14502158	449447.MAE_25330	22.4	2
14505503	449447.MAE_58770	22.4	3
14505383	449447.MAE_57580	22.4	1
14505100	449447.MAE_54750	22.4	1
14500401	449447.MAE_07750	22.3	2
14504312	449447.MAE_46880	22.3	3
14500848	449447.MAE_12230	22.3	2
14503828	449447.MAE_42050	22.3	4
14505747	449447.MAE_61210	22.3	1
14503768	449447.MAE_41450	22.2	2
14499749	449447.MAE_01230	22.2	1
14499681	449447.MAE_00550	22.2	1
14504889	449447.MAE_52630	22.2	1
14501469	449447.MAE_18440	22.2	1
14501032	449447.MAE_14070	22.1	1
14501355	449447.MAE_17300	22.1	2
14501614	449447.MAE_19890	22.1	1
14501223	449447.MAE_15980	22.1	2
14502678	449447.MAE_30540	22.0	1
14505457	449447.MAE_58310	22.0	1
14500444	449447.MAE_08180	21.9	4
14503063	449447.MAE_34400	21.9	1
14505661	449447.MAE_60350	21.9	1
14505805	449447.MAE_61790	21.9	1
14504527	449447.MAE_49020	21.9	1
14500804	449447.MAE_11790	21.8	2
14500916	449447.MAE_12910	21.8	1
14502399	449447.MAE_27730	21.8	1
14502639	449447.MAE_30150	21.8	1
14501203	449447.MAE_15780	21.7	3
14502129	449447.MAE_25040	21.7	1
14504679	449447.MAE_50540	21.7	2
14505496	449447.MAE_58700	21.7	2
14501130	449447.MAE_15050	21.7	2
14505101	449447.MAE_54760	21.7	2
14500876	449447.MAE_12510	21.6	2
14500265	449447.MAE_06390	21.5	1
14501648	449447.MAE_20230	21.5	1
14502808	449447.MAE_31840	21.5	2
14500215	449447.MAE_05890	21.4	2
14502052	449447.MAE_24270	21.4	1
14499798	449447.MAE_01720	21.4	1
14504590	449447.MAE_49650	21.4	1
14503371	449447.MAE_37480	21.4	1
14504087	449447.MAE_44640	21.4	2
14500011	449447.MAE_03850	21.3	1
14500070	449447.MAE_04440	21.2	1
14505606	449447.MAE_59800	21.2	1
14505918	449447.MAE_62930	21.2	3
14501363	449447.MAE_17380	21.1	2
14501784	449447.MAE_21590	21.1	2
14505195	449447.MAE_55700	21.1	3
14500557	449447.MAE_09320	21.1	1
14500553	449447.MAE_09280	21.1	1
14500005	449447.MAE_03790	21.1	3
14501490	449447.MAE_18650	21.1	1
14502755	449447.MAE_31310	21.1	2
14504609	449447.MAE_49840	21.1	1
14502552	449447.MAE_29280	21.1	1
14500966	449447.MAE_13410	21.1	2
14502950	449447.MAE_33280	21.0	2
14503649	449447.MAE_40260	20.9	2
14505431	449447.MAE_58050	20.9	4
14503498	449447.MAE_38750	20.9	2
14505692	449447.MAE_60660	20.9	1
14499708	449447.MAE_00820	20.9	1
14501535	449447.MAE_19100	20.8	2
14501612	449447.MAE_19870	20.8	2
14503212	449447.MAE_35890	20.7	1
14504943	449447.MAE_53170	20.7	2
14500831	449447.MAE_12060	20.7	1
14501448	449447.MAE_18230	20.6	4
14502075	449447.MAE_24500	20.6	4
14501187	449447.MAE_15620	20.6	2
14505069	449447.MAE_54440	20.5	2
14505829	449447.MAE_62030	20.5	1
14501018	449447.MAE_13930	20.5	1
14501534	449447.MAE_19090	20.5	3
14501633	449447.MAE_20080	20.5	2
14501139	449447.MAE_15140	20.5	1
14500032	449447.MAE_04060	20.5	2
14505813	449447.MAE_61870	20.4	1
14499826	449447.MAE_02000	20.4	1
14504157	449447.MAE_45340	20.4	1
14500654	449447.MAE_10290	20.4	3
14502911	449447.MAE_32870	20.4	1
14500035	449447.MAE_04090	20.4	2
14504258	449447.MAE_46350	20.3	1
14501028	449447.MAE_14030	20.3	1
14504798	449447.MAE_51730	20.3	1
14502631	449447.MAE_30070	20.3	2
14504046	449447.MAE_44230	20.3	1
14501012	449447.MAE_13870	20.3	1
14502000	449447.MAE_23750	20.3	2
14501627	449447.MAE_20020	20.2	1
14502127	449447.MAE_25020	20.2	1
14500858	449447.MAE_12330	20.2	1
14504013	449447.MAE_43900	20.2	1
14505608	449447.MAE_59820	20.2	3
14503762	449447.MAE_41390	20.0	1
14504824	449447.MAE_51990	20.0	1
14504660	449447.MAE_50350	20.0	1
14504005	449447.MAE_43820	20.0	1
14501720	449447.MAE_20950	20.0	1
14503484	449447.MAE_38610	19.9	15
14504446	449447.MAE_48210	19.9	1
14501134	449447.MAE_15090	19.9	1
14500389	449447.MAE_07630	19.9	1
14503522	449447.MAE_38990	19.9	1
14501315	449447.MAE_16900	19.8	2
14501956	449447.MAE_23310	19.8	1
14504825	449447.MAE_52000	19.8	8
14504573	449447.MAE_49480	19.8	1
14499829	449447.MAE_02030	19.8	1
14505184	449447.MAE_55590	19.8	1
14501487	449447.MAE_18620	19.7	2
14503545	449447.MAE_39220	19.7	1
14501164	449447.MAE_15390	19.7	2
14502943	449447.MAE_33210	19.7	1
14501177	449447.MAE_15520	19.7	1
14504938	449447.MAE_53120	19.6	1
14501930	449447.MAE_23050	19.6	2
14502706	449447.MAE_30820	19.6	1
14502704	449447.MAE_30800	19.6	1
14502045	449447.MAE_24200	19.6	1
14504118	449447.MAE_44950	19.5	2
14502831	449447.MAE_32070	19.5	1
14503863	449447.MAE_42400	19.5	2
14501304	449447.MAE_16790	19.4	1
14505090	449447.MAE_54650	19.4	3
14504517	449447.MAE_48920	19.4	1
14502032	449447.MAE_24070	19.4	2
14500674	449447.MAE_10490	19.4	1
14504912	449447.MAE_52860	19.4	1
14502242	449447.MAE_26160	19.4	1
14499644	449447.MAE_00180	19.3	1
14502819	449447.MAE_31950	19.3	3
14505301	449447.MAE_56760	19.3	1
14502570	449447.MAE_29460	19.3	2
14501132	449447.MAE_15070	19.3	1
14499991	449447.MAE_03650	19.2	1
14505499	449447.MAE_58730	19.2	1
14500771	449447.MAE_11460	19.2	1
14504062	449447.MAE_44390	19.2	2
14504444	449447.MAE_48190	19.1	4
14503994	449447.MAE_43710	19.1	2
14499900	449447.MAE_02740	19.0	1
14502793	449447.MAE_31690	19.0	3
14501344	449447.MAE_17190	19.0	1
14501914	449447.MAE_22890	19.0	1
14502243	449447.MAE_26170	18.9	1
14504201	449447.MAE_45780	18.9	2
14505191	449447.MAE_55660	18.9	1
14503781	449447.MAE_41580	18.9	1
14500735	449447.MAE_11100	18.9	1
14504301	449447.MAE_46770	18.8	1
14499715	449447.MAE_00890	18.8	2
14502595	449447.MAE_29710	18.8	2
14502402	449447.MAE_27760	18.8	2
14503530	449447.MAE_39070	18.8	1
14499649	449447.MAE_00230	18.7	2
14505686	449447.MAE_60600	18.7	1
14505488	449447.MAE_58620	18.7	1
14503341	449447.MAE_37180	18.7	1
14504565	449447.MAE_49400	18.7	1
14500120	449447.MAE_04940	18.7	1
14501297	449447.MAE_16720	18.6	1
14505632	449447.MAE_60060	18.5	2
14502844	449447.MAE_32200	18.5	1
14503939	449447.MAE_43160	18.5	1
14503784	449447.MAE_41610	18.5	2
14501908	449447.MAE_22830	18.5	1
14500307	449447.MAE_06810	18.5	1
14504424	449447.MAE_47990	18.5	1
14505545	449447.MAE_59190	18.4	1
14502517	449447.MAE_28930	18.4	1
14503950	449447.MAE_43270	18.4	2
14500898	449447.MAE_12730	18.4	4
14505102	449447.MAE_54770	18.3	2
14502086	449447.MAE_24610	18.3	1
14503123	449447.MAE_35000	18.3	1
14505833	449447.MAE_62070	18.3	1
14505701	449447.MAE_60750	18.3	1
14500294	449447.MAE_06680	18.3	2
14499999	449447.MAE_03730	18.3	1
14500147	449447.MAE_05210	18.3	1
14504551	449447.MAE_49260	18.3	2
14503700	449447.MAE_40770	18.3	1
14504284	449447.MAE_46610	18.2	1
14501381	449447.MAE_17560	18.2	1
14500310	449447.MAE_06840	18.2	1
14502977	449447.MAE_33550	18.2	1
14505891	449447.MAE_62650	18.2	2
14504546	449447.MAE_49210	18.2	1
14505282	449447.MAE_56570	18.2	1
14503376	449447.MAE_37530	18.1	2
14503616	449447.MAE_39930	18.1	1
14502520	449447.MAE_28960	18.1	2
14505817	449447.MAE_61910	18.1	1
14505107	449447.MAE_54820	18.0	1
14501836	449447.MAE_22110	18.0	1
14501163	449447.MAE_15380	18.0	3
14500928	449447.MAE_13030	18.0	1
14503027	449447.MAE_34040	18.0	1
14502703	449447.MAE_30790	18.0	2
14503241	449447.MAE_36180	18.0	1
14500860	449447.MAE_12350	18.0	4
14503179	449447.MAE_35560	17.9	2
14504996	449447.MAE_53700	17.9	1
14501072	449447.MAE_14470	17.9	1
14505560	449447.MAE_59340	17.9	1
14500064	449447.MAE_04380	17.9	1
14505573	449447.MAE_59470	17.9	1
14500852	449447.MAE_12270	17.8	4
14503808	449447.MAE_41850	17.8	1
14505519	449447.MAE_58930	17.8	2
14502776	449447.MAE_31520	17.7	1
14502003	449447.MAE_23780	17.7	1
14502001	449447.MAE_23760	17.7	1
14502590	449447.MAE_29660	17.7	2
14502833	449447.MAE_32090	17.7	2
14502419	449447.MAE_27930	17.7	1
14500560	449447.MAE_09350	17.7	1
14503272	449447.MAE_36490	17.6	1
14500755	449447.MAE_11300	17.6	1
14500938	449447.MAE_13130	17.6	2
14501635	449447.MAE_20100	17.6	1
14504619	449447.MAE_49940	17.6	1
14505309	449447.MAE_56840	17.5	1
14500473	449447.MAE_08480	17.5	1
14500894	449447.MAE_12690	17.5	1
14505901	449447.MAE_62750	17.4	1
14502671	449447.MAE_30470	17.4	1
14501034	449447.MAE_14090	17.4	1
14502741	449447.MAE_31170	17.3	2
14499936	449447.MAE_03100	17.3	1
14503362	449447.MAE_37390	17.2	1
14504063	449447.MAE_44400	17.2	1
14502596	449447.MAE_29720	17.2	1
14501707	449447.MAE_20820	17.1	2
14503404	449447.MAE_37810	17.1	1
14502497	449447.MAE_28730	17.1	2
14505516	449447.MAE_58900	17.1	1
14500550	449447.MAE_09250	17.1	1
14503538	449447.MAE_39150	16.9	1
14501066	449447.MAE_14410	16.9	1
14499801	449447.MAE_01750	16.9	1
14504411	449447.MAE_47860	16.9	1
14503284	449447.MAE_36610	16.8	1
14505644	449447.MAE_60180	16.8	2
14505910	449447.MAE_62850	16.8	1
14502406	449447.MAE_27800	16.8	4
14500986	449447.MAE_13610	16.7	1
14499814	449447.MAE_01880	16.7	1
14503850	449447.MAE_42270	16.7	1
14499954	449447.MAE_03280	16.7	1
14500500	449447.MAE_08750	16.7	1
14500582	449447.MAE_09570	16.7	1
14505266	449447.MAE_56410	16.6	1
14500016	449447.MAE_03900	16.6	1
14502802	449447.MAE_31780	16.6	3
14502633	449447.MAE_30090	16.5	1
14502161	449447.MAE_25360	16.5	1
14505330	449447.MAE_57050	16.5	3
14502966	449447.MAE_33440	16.5	2
14504274	449447.MAE_46510	16.4	1
14500467	449447.MAE_08420	16.4	1
14500583	449447.MAE_09580	16.4	1
14502455	449447.MAE_28290	16.3	1
14505312	449447.MAE_56870	16.3	1
14501556	449447.MAE_19310	16.3	1
14505501	449447.MAE_58750	16.3	1
14500337	449447.MAE_07110	16.3	1
14499963	449447.MAE_03370	16.3	5
14502410	449447.MAE_27840	16.3	5
14504937	449447.MAE_53110	16.3	2
14502861	449447.MAE_32370	16.3	1
14504175	449447.MAE_45520	16.3	1
14501593	449447.MAE_19680	16.3	1
14503813	449447.MAE_41900	16.3	1
14500527	449447.MAE_09020	16.3	1
14501180	449447.MAE_15550	16.3	2
14504242	449447.MAE_46190	16.3	1
14502995	449447.MAE_33730	16.2	1
14503605	449447.MAE_39820	16.2	1
14502233	449447.MAE_26080	16.1	2
14504461	449447.MAE_48360	16.1	1
14505579	449447.MAE_59530	16.1	1
14503309	449447.MAE_36860	16.1	1
14503186	449447.MAE_35630	16.0	1
14500873	449447.MAE_12480	16.0	3
14502450	449447.MAE_28240	16.0	2
14499813	449447.MAE_01870	15.9	1
14503176	449447.MAE_35530	15.9	1
14501392	449447.MAE_17670	15.9	1
14503691	449447.MAE_40680	15.9	1
14504761	449447.MAE_51360	15.9	1
14501395	449447.MAE_17700	15.9	1
14501994	449447.MAE_23690	15.9	1
14501604	449447.MAE_19790	15.8	1
14502585	449447.MAE_29610	15.8	2
14501540	449447.MAE_19150	15.8	1
14501544	449447.MAE_19190	15.8	1
14505329	449447.MAE_57040	15.7	3
14501790	449447.MAE_21650	15.7	1
14505937	449447.MAE_63120	15.7	1
14499989	449447.MAE_03630	15.7	1
14501502	449447.MAE_18770	15.7	2
14504054	449447.MAE_44310	15.7	1
14504440	449447.MAE_48150	15.6	1
14502445	449447.MAE_28190	15.6	1
14500450	449447.MAE_08240	15.6	1
14501763	449447.MAE_21380	15.6	3
14501459	449447.MAE_18340	15.6	1
14504988	449447.MAE_53620	15.6	1
14503593	449447.MAE_39700	15.6	1
14505423	449447.MAE_57970	15.5	1
14502644	449447.MAE_30200	15.5	1
14502412	449447.MAE_27860	15.5	1
14502836	449447.MAE_32120	15.5	1
14501684	449447.MAE_20590	15.4	1
14500171	449447.MAE_05450	15.4	1
14505039	449447.MAE_54140	15.4	1
14499891	449447.MAE_02650	15.4	1
14500445	449447.MAE_08190	15.4	1
14503361	449447.MAE_37380	15.4	1
14504108	449447.MAE_44850	15.3	2
14503426	449447.MAE_38030	15.3	1
14502610	449447.MAE_29860	15.3	2
14502796	449447.MAE_31720	15.2	3
14502173	449447.MAE_25480	15.2	1
14500292	449447.MAE_06660	15.2	1
14500314	449447.MAE_06880	15.2	1
14504668	449447.MAE_50430	15.2	1
14501975	449447.MAE_23500	15.1	1
14504747	449447.MAE_51220	15.1	3
14501341	449447.MAE_17160	15.1	2
14502393	449447.MAE_27670	15.1	2
14504886	449447.MAE_52600	15.1	1
14504707	449447.MAE_50820	15.0	1
14500338	449447.MAE_07120	15.0	1
14504494	449447.MAE_48690	15.0	1
14505276	449447.MAE_56510	15.0	1
14501436	449447.MAE_18110	15.0	3
14502577	449447.MAE_29530	15.0	1
14501206	449447.MAE_15810	15.0	2
14504008	449447.MAE_43850	14.9	1
14500514	449447.MAE_08890	14.9	1
14499881	449447.MAE_02550	14.9	1
14505530	449447.MAE_59040	14.9	1
14500899	449447.MAE_12740	14.8	1
14505494	449447.MAE_58680	14.8	1
14504059	449447.MAE_44360	14.8	1
14500900	449447.MAE_12750	14.7	1
14499646	449447.MAE_00200	14.7	1
14505305	449447.MAE_56800	14.7	1
14501451	449447.MAE_18260	14.6	1
14500336	449447.MAE_07100	14.6	1
14503382	449447.MAE_37590	14.6	1
14503383	449447.MAE_37600	14.6	1
14503381	449447.MAE_37580	14.6	1
14501394	449447.MAE_17690	14.6	1
14504004	449447.MAE_43810	14.6	1
14502464	449447.MAE_28380	14.6	1
14500315	449447.MAE_06890	14.5	3
14504207	449447.MAE_45840	14.5	1
14502479	449447.MAE_28530	14.5	1
14504986	449447.MAE_53600	14.5	1
14502481	449447.MAE_28550	14.5	1
14503887	449447.MAE_42640	14.5	1
14501806	449447.MAE_21810	14.4	1
14503246	449447.MAE_36230	14.4	1
14502760	449447.MAE_31360	14.4	1
14504120	449447.MAE_44970	14.4	1
14499846	449447.MAE_02200	14.4	1
14504234	449447.MAE_46110	14.4	1
14505034	449447.MAE_54080	14.4	3
14505504	449447.MAE_58780	14.3	1
14505702	449447.MAE_60760	14.3	3
14502374	449447.MAE_27480	14.2	1
14502380	449447.MAE_27540	14.2	1
14503998	449447.MAE_43750	14.2	1
14500886	449447.MAE_12610	14.2	1
14501634	449447.MAE_20090	14.2	2
14504114	449447.MAE_44910	14.2	1
14502022	449447.MAE_23970	14.2	1
14501474	449447.MAE_18490	14.1	1
14505884	449447.MAE_62580	14.1	2
14505071	449447.MAE_54460	14.0	2
14501519	449447.MAE_18940	14.0	1
14501947	449447.MAE_23220	14.0	1
14505652	449447.MAE_60260	13.9	1
14504615	449447.MAE_49900	13.9	1
14499968	449447.MAE_03420	13.9	2
14504891	449447.MAE_52650	13.8	1
14501184	449447.MAE_15590	13.8	1
14499874	449447.MAE_02480	13.8	1
14504435	449447.MAE_48100	13.8	1
14502756	449447.MAE_31320	13.8	1
14500890	449447.MAE_12650	13.8	1
14504044	449447.MAE_44210	13.8	1
14503174	449447.MAE_35510	13.7	4
14501220	449447.MAE_15950	13.7	3
14503816	449447.MAE_41930	13.7	1
14505859	449447.MAE_62330	13.6	1
14505777	449447.MAE_61510	13.6	1
14502352	449447.MAE_27260	13.5	2
14503483	449447.MAE_38600	13.5	10
14503423	449447.MAE_38000	13.4	1
14505387	449447.MAE_57610	13.4	1
14500714	449447.MAE_10890	13.4	1
14499756	449447.MAE_01300	13.4	2
14503210	449447.MAE_35870	13.4	1
14503402	449447.MAE_37790	13.4	1
14502625	449447.MAE_30010	13.3	1
14504433	449447.MAE_48080	13.3	1
14504333	449447.MAE_47090	13.3	1
14502151	449447.MAE_25260	13.3	3
14505532	449447.MAE_59060	13.2	1
14503527	449447.MAE_39040	13.2	1
14504336	449447.MAE_47120	13.2	1
14505074	449447.MAE_54490	13.1	1
14499630	449447.MAE_00040	13.1	1
14500926	449447.MAE_13010	13.1	1
14501598	449447.MAE_19730	13.0	1
14501578	449447.MAE_19530	13.0	1
14501145	449447.MAE_15200	13.0	2
14499736	449447.MAE_01100	12.9	1
14502548	449447.MAE_29240	12.9	1
14501255	449447.MAE_16300	12.9	2
14503801	449447.MAE_41780	12.9	1
14502920	449447.MAE_32960	12.9	2
14501905	449447.MAE_22800	12.9	5
14501052	449447.MAE_14270	12.8	1
14505249	449447.MAE_56240	12.8	2
14505509	449447.MAE_58830	12.7	1
14501626	449447.MAE_20010	12.7	1
14504460	449447.MAE_48350	12.7	1
14505626	449447.MAE_60000	12.6	3
14502528	449447.MAE_29040	12.6	3
14505346	449447.MAE_57210	12.6	2
14503455	449447.MAE_38320	12.6	1
14501973	449447.MAE_23480	12.6	2
14505432	449447.MAE_58060	12.5	1
14500437	449447.MAE_08110	12.5	2
14502524	449447.MAE_29000	12.5	1
14504898	449447.MAE_52720	12.5	1
14501489	449447.MAE_18640	12.5	1
14503486	449447.MAE_38630	12.5	5
14502144	449447.MAE_25190	12.5	1
14505720	449447.MAE_60940	12.4	1
14503689	449447.MAE_40660	12.4	1
14502077	449447.MAE_24520	12.3	1
14504569	449447.MAE_49440	12.3	1
14499737	449447.MAE_01110	12.3	1
14505467	449447.MAE_58410	12.3	1
14500970	449447.MAE_13450	12.3	1
14501971	449447.MAE_23460	12.3	2
14500925	449447.MAE_13000	12.3	2
14500425	449447.MAE_07990	12.3	1
14500172	449447.MAE_05460	12.2	2
14500715	449447.MAE_10900	12.2	1
14504438	449447.MAE_48130	12.2	1
14504810	449447.MAE_51850	12.1	1
14499636	449447.MAE_00100	12.1	1
14503933	449447.MAE_43100	12.1	2
14502125	449447.MAE_25000	12.1	1
14503335	449447.MAE_37120	12.1	1
14502838	449447.MAE_32140	12.1	1
14501819	449447.MAE_21940	12.1	2
14505510	449447.MAE_58840	12.1	1
14500504	449447.MAE_08790	12.1	1
14503602	449447.MAE_39790	12.1	1
14503189	449447.MAE_35660	12.1	1
14504233	449447.MAE_46100	12.1	1
14501495	449447.MAE_18700	12.1	1
14499947	449447.MAE_03210	12.1	1
14501352	449447.MAE_17270	12.0	1
14505319	449447.MAE_56940	12.0	1
14503858	449447.MAE_42350	12.0	1
14501319	449447.MAE_16940	12.0	1
14502110	449447.MAE_24850	12.0	1
14504958	449447.MAE_53320	11.9	1
14502088	449447.MAE_24630	11.9	1
14501195	449447.MAE_15700	11.9	1
14501456	449447.MAE_18310	11.9	1
14501096	449447.MAE_14710	11.8	2
14505196	449447.MAE_55710	11.8	1
14503239	449447.MAE_36160	11.8	1
14504581	449447.MAE_49560	11.7	1
14503447	449447.MAE_38240	11.7	2
14500741	449447.MAE_11160	11.7	2
14500407	449447.MAE_07810	11.7	1
14501345	449447.MAE_17200	11.7	1
14502107	449447.MAE_24820	11.7	1
14503154	449447.MAE_35310	11.7	1
14504614	449447.MAE_49890	11.6	1
14505767	449447.MAE_61410	11.6	1
14502143	449447.MAE_25180	11.5	1
14500872	449447.MAE_12470	11.5	1
14502684	449447.MAE_30600	11.5	3
14505411	449447.MAE_57850	11.5	2
14501815	449447.MAE_21900	11.5	2
14504356	449447.MAE_47310	11.4	1
14501178	449447.MAE_15530	11.4	2
14502740	449447.MAE_31160	11.4	1
14503318	449447.MAE_36950	11.4	1
14500930	449447.MAE_13050	11.4	1
14505261	449447.MAE_56360	11.3	1
14503750	449447.MAE_41270	11.3	2
14500581	449447.MAE_09560	11.2	2
14501802	449447.MAE_21770	11.2	1
14502197	449447.MAE_25720	11.2	1
14503478	449447.MAE_38550	11.2	3
14503641	449447.MAE_40180	11.1	1
14504916	449447.MAE_52900	11.1	1
14504126	449447.MAE_45030	11.1	1
14500403	449447.MAE_07770	11.1	1
14502449	449447.MAE_28230	11.0	1
14503485	449447.MAE_38620	11.0	1
14503235	449447.MAE_36120	11.0	1
14501127	449447.MAE_15020	10.9	2
14503495	449447.MAE_38720	10.9	1
14503874	449447.MAE_42510	10.8	1
14501962	449447.MAE_23370	10.8	2
14504224	449447.MAE_46010	10.8	1
14503367	449447.MAE_37440	10.8	2
14501775	449447.MAE_21500	10.7	1
14499955	449447.MAE_03290	10.7	1
14505912	449447.MAE_62870	10.7	1
14501886	449447.MAE_22610	10.7	2
14505668	449447.MAE_60420	10.7	2
14502823	449447.MAE_31990	10.7	3
14502890	449447.MAE_32660	10.6	1
14501742	449447.MAE_21170	10.6	1
14502304	449447.MAE_26780	10.6	1
14505634	449447.MAE_60080	10.6	1
14503088	449447.MAE_34650	10.6	2
14504473	449447.MAE_48480	10.6	2
14500524	449447.MAE_08990	10.6	2
14504721	449447.MAE_50960	10.6	2
14505410	449447.MAE_57840	10.6	1
14500213	449447.MAE_05870	10.6	1
14500911	449447.MAE_12860	10.5	1
14502971	449447.MAE_33490	10.5	1
14505324	449447.MAE_56990	10.5	1
14505525	449447.MAE_58990	10.5	1
14503725	449447.MAE_41020	10.4	1
14501093	449447.MAE_14680	10.4	1
14504221	449447.MAE_45980	10.4	1
14503270	449447.MAE_36470	10.4	1
14502191	449447.MAE_25660	10.3	1
14500603	449447.MAE_09780	10.3	1
14505633	449447.MAE_60070	10.2	1
14502421	449447.MAE_27950	10.2	1
14505873	449447.MAE_62470	10.2	1
14503277	449447.MAE_36540	10.2	1
14505227	449447.MAE_56020	10.1	1
14504656	449447.MAE_50310	10.1	1
14505934	449447.MAE_63090	10.1	2
14501058	449447.MAE_14330	10.1	2
14503373	449447.MAE_37500	10.1	1
14501922	449447.MAE_22970	10.1	1
14504380	449447.MAE_47550	10.1	1
14501342	449447.MAE_17170	10.1	1
14499824	449447.MAE_01980	10.1	1
14500433	449447.MAE_08070	10.0	1
14501417	449447.MAE_17920	10.0	1
14501069	449447.MAE_14440	10.0	1
14505295	449447.MAE_56700	9.99	1
14503906	449447.MAE_42830	9.96	1
14500546	449447.MAE_09210	9.95	1
14503317	449447.MAE_36940	9.93	1
14504410	449447.MAE_47850	9.93	1
14504141	449447.MAE_45180	9.91	1
14504702	449447.MAE_50770	9.89	3
14501934	449447.MAE_23090	9.86	1
14505275	449447.MAE_56500	9.81	3
14500095	449447.MAE_04690	9.81	1
14504769	449447.MAE_51440	9.79	1
14503231	449447.MAE_36080	9.75	1
14500942	449447.MAE_13170	9.73	1
14505436	449447.MAE_58100	9.72	1
14500721	449447.MAE_10960	9.71	1
14502710	449447.MAE_30860	9.69	1
14502962	449447.MAE_33400	9.67	3
14500952	449447.MAE_13270	9.65	1
14500863	449447.MAE_12380	9.64	1
14504448	449447.MAE_48230	9.6	1
14503692	449447.MAE_40690	9.55	1
14505931	449447.MAE_63060	9.53	2
14504282	449447.MAE_46590	9.52	1
14504281	449447.MAE_46580	9.52	1
14504283	449447.MAE_46600	9.52	1
14502707	449447.MAE_30830	9.49	1
14499818	449447.MAE_01920	9.48	1
14502918	449447.MAE_32940	9.47	1
14504981	449447.MAE_53550	9.46	1
14500728	449447.MAE_11030	9.45	1
14503473	449447.MAE_38500	9.44	1
14501370	449447.MAE_17450	9.38	1
14503980	449447.MAE_43570	9.36	1
14503096	449447.MAE_34730	9.34	2
14500793	449447.MAE_11680	9.34	2
14503955	449447.MAE_43320	9.34	1
14502624	449447.MAE_30000	9.34	1
14504387	449447.MAE_47620	9.33	2
14504218	449447.MAE_45950	9.32	1
14501351	449447.MAE_17260	9.3	1
14502193	449447.MAE_25680	9.24	1
14501754	449447.MAE_21290	9.22	2
14500406	449447.MAE_07800	9.21	1
14504181	449447.MAE_45580	9.15	1
14502440	449447.MAE_28140	9.12	1
14499806	449447.MAE_01800	9.08	3
14501941	449447.MAE_23160	9.05	1
14502874	449447.MAE_32500	9.01	2
14503520	449447.MAE_38970	8.97	1
14504007	449447.MAE_43840	8.95	1
14504698	449447.MAE_50730	8.95	2
14503006	449447.MAE_33840	8.95	1
14503690	449447.MAE_40670	8.94	1
14504085	449447.MAE_44620	8.94	1
14500528	449447.MAE_09030	8.92	1
14500718	449447.MAE_10930	8.91	1
14505783	449447.MAE_61570	8.9	2
14504432	449447.MAE_48070	8.87	1
14500281	449447.MAE_06550	8.87	1
14504616	449447.MAE_49910	8.77	1
14500067	449447.MAE_04410	8.76	1
14500097	449447.MAE_04710	8.76	1
14505600	449447.MAE_59740	8.71	1
14499862	449447.MAE_02360	8.71	1
14505162	449447.MAE_55370	8.68	1
14501386	449447.MAE_17610	8.63	1
14502972	449447.MAE_33500	8.55	1
14502935	449447.MAE_33130	8.54	1
14500850	449447.MAE_12250	8.51	1
14505178	449447.MAE_55530	8.51	1
14501037	449447.MAE_14120	8.39	1
14505869	449447.MAE_62430	8.38	1
14504372	449447.MAE_47470	8.34	2
14502944	449447.MAE_33220	8.34	2
14504189	449447.MAE_45660	8.34	2
14503213	449447.MAE_35900	8.34	2
14499712	449447.MAE_00860	8.34	2
14501176	449447.MAE_15510	8.34	2
14499854	449447.MAE_02280	8.34	2
14501078	449447.MAE_14530	8.29	1
14500739	449447.MAE_11140	8.29	1
14500459	449447.MAE_08330	8.26	1
14504957	449447.MAE_53310	8.24	1
14504775	449447.MAE_51500	8.23	2
14502059	449447.MAE_24340	8.21	1
14503885	449447.MAE_42620	8.21	2
14503851	449447.MAE_42280	8.21	2
14503975	449447.MAE_43520	8.19	1
14500786	449447.MAE_11610	8.19	1
14504934	449447.MAE_53080	8.17	1
14501608	449447.MAE_19830	8.17	1
14502893	449447.MAE_32690	8.13	1
14502315	449447.MAE_26890	8.08	1
14504709	449447.MAE_50840	8.07	1
14504746	449447.MAE_51210	8.07	1
14500865	449447.MAE_12400	8.04	1
14502896	449447.MAE_32720	8.0	1
14502984	449447.MAE_33620	7.94	2
14504903	449447.MAE_52770	7.91	1
14505091	449447.MAE_54660	7.86	1
14502643	449447.MAE_30190	7.86	2
14503301	449447.MAE_36780	7.81	1
14503962	449447.MAE_43390	7.78	1
14503688	449447.MAE_40650	7.77	1
14501801	449447.MAE_21760	7.76	1
14502365	449447.MAE_27390	7.75	2
14502729	449447.MAE_31050	7.75	2
14502121	449447.MAE_24960	7.75	2
14503057	449447.MAE_34340	7.75	2
14503244	449447.MAE_36210	7.75	2
14500135	449447.MAE_05090	7.75	2
14501867	449447.MAE_22420	7.75	2
14501108	449447.MAE_14830	7.74	1
14504078	449447.MAE_44550	7.74	1
14501550	449447.MAE_19250	7.73	1
14503316	449447.MAE_36930	7.69	1
14501751	449447.MAE_21260	7.69	1
14502321	449447.MAE_26950	7.69	2
14501984	449447.MAE_23590	7.66	1
14505717	449447.MAE_60910	7.65	1
14502982	449447.MAE_33600	7.64	1
14500798	449447.MAE_11730	7.64	1
14499707	449447.MAE_00810	7.57	1
14505744	449447.MAE_61180	7.52	1
14501234	449447.MAE_16090	7.48	1
14505627	449447.MAE_60010	7.48	7
14504139	449447.MAE_45160	7.47	1
14500004	449447.MAE_03780	7.45	2
14502408	449447.MAE_27820	7.42	1
14502855	449447.MAE_32310	7.4	1
14504029	449447.MAE_44060	7.2	1
14499635	449447.MAE_00090	7.18	2
14505664	449447.MAE_60380	7.14	1
14500796	449447.MAE_11710	7.12	1
14503814	449447.MAE_41910	7.12	1
14502112	449447.MAE_24870	7.1	1
14502612	449447.MAE_29880	7.07	1
14505434	449447.MAE_58080	7.06	5
14505124	449447.MAE_54990	7.06	5
14500370	449447.MAE_07440	7.06	5
14504466	449447.MAE_48410	7.06	5
14499889	449447.MAE_02630	7.06	5
14500698	449447.MAE_10730	7.06	5
14504431	449447.MAE_48060	7.06	5
14500474	449447.MAE_08490	7.06	5
14504888	449447.MAE_52620	7.06	5
14505561	449447.MAE_59350	7.06	5
14504137	449447.MAE_45140	7.06	5
14504579	449447.MAE_49540	7.06	5
14503604	449447.MAE_39810	7.05	1
14503756	449447.MAE_41330	7.02	1
14505631	449447.MAE_60050	7.0	1
14504289	449447.MAE_46650	6.99	1
14505821	449447.MAE_61950	6.95	1
14505384	449447.MAE_57590	6.92	1
14501960	449447.MAE_23350	6.85	1
14504928	449447.MAE_53020	6.85	1
14503775	449447.MAE_41520	6.85	1
14501015	449447.MAE_13900	6.83	1
14499775	449447.MAE_01490	6.82	1
14504975	449447.MAE_53490	6.76	1
14500340	449447.MAE_07140	6.75	1
14501753	449447.MAE_21280	6.68	1
14503856	449447.MAE_42330	6.66	1
14499946	449447.MAE_03200	6.65	1
14504774	449447.MAE_51490	6.65	2
14503518	449447.MAE_38950	6.65	2
14505852	449447.MAE_62260	6.65	2
14500240	449447.MAE_06140	6.65	2
14504172	449447.MAE_45490	6.65	2
14504174	449447.MAE_45510	6.65	2
14505470	449447.MAE_58440	6.65	2
14503160	449447.MAE_35370	6.65	2
14502298	449447.MAE_26720	6.64	1
14499973	449447.MAE_03470	6.63	1
14503032	449447.MAE_34090	6.57	1
14500638	449447.MAE_10130	6.57	1
14499774	449447.MAE_01480	6.57	1
14503153	449447.MAE_35300	6.57	1
14505619	449447.MAE_59930	6.54	1
14504647	449447.MAE_50220	6.52	1
14500492	449447.MAE_08670	6.5	1
14504261	449447.MAE_46380	6.49	1
14505669	449447.MAE_60430	6.46	1
14501794	449447.MAE_21690	6.41	1
14504586	449447.MAE_49610	6.38	1
14504409	449447.MAE_47840	6.38	1
14500691	449447.MAE_10660	6.38	1
14504162	449447.MAE_45390	6.38	1
14503637	449447.MAE_40140	6.38	1
14504180	449447.MAE_45570	6.38	1
14500073	449447.MAE_04470	6.36	1
14503304	449447.MAE_36810	6.36	1
14504929	449447.MAE_53030	6.33	1
14502439	449447.MAE_28130	6.32	1
14503710	449447.MAE_40870	6.32	1
14503125	449447.MAE_35020	6.26	1
14502607	449447.MAE_29830	6.25	1
14504512	449447.MAE_48870	6.19	1
14501361	449447.MAE_17360	6.09	1
14501705	449447.MAE_20800	6.05	1
14504513	449447.MAE_48880	6.03	1
14500969	449447.MAE_13440	5.97	1
14500435	449447.MAE_08090	5.94	2
14504072	449447.MAE_44490	5.88	1
14503480	449447.MAE_38570	5.86	3
14505311	449447.MAE_56860	5.83	1
14505397	449447.MAE_57710	5.75	1
14501251	449447.MAE_16260	5.72	1
14503603	449447.MAE_39800	5.72	1
14505674	449447.MAE_60480	5.64	2
14501174	449447.MAE_15490	5.64	2
14501891	449447.MAE_22660	5.64	2
14503911	449447.MAE_42880	5.64	2
14505395	449447.MAE_57690	5.64	1
14504171	449447.MAE_45480	5.63	2
14500766	449447.MAE_11410	5.58	1
14503038	449447.MAE_34150	5.57	2
14501805	449447.MAE_21800	5.57	2
14502020	449447.MAE_23950	5.57	1
14505628	449447.MAE_60020	5.46	1
14501791	449447.MAE_21660	5.46	1
14499683	449447.MAE_00570	5.43	2
14502622	449447.MAE_29980	5.41	1
14502317	449447.MAE_26910	5.41	1
14503953	449447.MAE_43300	5.41	1
14501073	449447.MAE_14480	5.31	1
14500829	449447.MAE_12040	5.29	1
14504338	449447.MAE_47140	5.29	1
14505022	449447.MAE_53960	5.26	1
14505394	449447.MAE_57680	5.18	1
14502124	449447.MAE_24990	5.17	1
14505732	449447.MAE_61060	5.03	1
14500424	449447.MAE_07980	5.01	1
14502532	449447.MAE_29080	4.89	1
14501336	449447.MAE_17110	4.86	1
14500885	449447.MAE_12600	4.85	1
14504544	449447.MAE_49190	4.72	1
14505913	449447.MAE_62880	4.68	1
14505827	449447.MAE_62010	4.58	2
14500107	449447.MAE_04810	4.57	1
14500686	449447.MAE_10610	4.53	1
14502505	449447.MAE_28810	4.53	1
14503416	449447.MAE_37930	4.49	1
14505327	449447.MAE_57020	4.46	2
14501384	449447.MAE_17590	4.4	1
14503539	449447.MAE_39160	4.39	1
14500275	449447.MAE_06490	4.33	1
14503145	449447.MAE_35220	4.33	1
14505629	449447.MAE_60030	4.32	1
14503020	449447.MAE_33970	4.25	1
14499733	449447.MAE_01070	4.24	1
14501545	449447.MAE_19200	4.15	1
14505790	449447.MAE_61640	4.12	1
14503256	449447.MAE_36330	4.07	2
14505328	449447.MAE_57030	4.07	2
14504968	449447.MAE_53420	4.06	2
14501658	449447.MAE_20330	4.01	2
14504509	449447.MAE_48840	4.01	1
14501857	449447.MAE_22320	3.99	3
14500276	449447.MAE_06500	3.96	1
14503757	449447.MAE_41340	3.94	1
14499987	449447.MAE_03610	3.94	1
14500376	449447.MAE_07500	3.91	1
14504678	449447.MAE_50530	3.91	1
14503479	449447.MAE_38560	3.86	1
14505080	449447.MAE_54550	3.81	1
14500972	449447.MAE_13470	3.8	1
14503758	449447.MAE_41350	3.8	1
14503532	449447.MAE_39090	3.75	1
14505481	449447.MAE_58550	3.68	1
14505325	449447.MAE_57000	3.65	2
14505673	449447.MAE_60470	3.65	2
14503517	449447.MAE_38940	3.65	2
14505853	449447.MAE_62270	3.65	2
14500241	449447.MAE_06150	3.65	2
14501173	449447.MAE_15480	3.65	2
14501892	449447.MAE_22670	3.65	2
14504173	449447.MAE_45500	3.65	2
14503910	449447.MAE_42870	3.65	2
14505471	449447.MAE_58450	3.65	2
14505086	449447.MAE_54610	3.62	1
14503428	449447.MAE_38050	3.57	1
14502736	449447.MAE_31120	3.55	2
14503982	449447.MAE_43590	3.55	1
14503783	449447.MAE_41600	3.54	1
14505283	449447.MAE_56580	3.54	1
14503161	449447.MAE_35380	3.51	2
14505484	449447.MAE_58580	3.47	1
14500415	449447.MAE_07890	3.4	1
14500136	449447.MAE_05100	3.39	1
14502366	449447.MAE_27400	3.39	1
14499704	449447.MAE_00780	3.39	1
14502728	449447.MAE_31040	3.39	1
14502120	449447.MAE_24950	3.39	1
14503056	449447.MAE_34330	3.39	1
14503245	449447.MAE_36220	3.39	1
14501868	449447.MAE_22430	3.39	1
14502482	449447.MAE_28560	3.38	1
14502002	449447.MAE_23770	3.33	1
14502004	449447.MAE_23790	3.33	1
14502529	449447.MAE_29050	3.29	1
14504915	449447.MAE_52890	3.27	1
14505284	449447.MAE_56590	3.21	1
14501847	449447.MAE_22220	3.14	1
14502900	449447.MAE_32760	3.11	2
14504232	449447.MAE_46090	3.11	2
14505259	449447.MAE_56340	3.11	2
14504260	449447.MAE_46370	3.11	2
14501339	449447.MAE_17140	3.08	2
14499726	449447.MAE_01000	3.06	1
14500274	449447.MAE_06480	3.01	1
14500375	449447.MAE_07490	3.01	1
14503144	449447.MAE_35210	3.01	1
14500627	449447.MAE_10020	3.01	1
14505173	449447.MAE_55480	2.93	1
14501729	449447.MAE_21040	2.93	1
14503558	449447.MAE_39350	2.92	1
14501007	449447.MAE_13820	2.88	1
14501717	449447.MAE_20920	2.88	1
14505129	449447.MAE_55040	2.8	1
14502908	449447.MAE_32840	2.8	1
14500062	449447.MAE_04360	2.8	1
14500613	449447.MAE_09880	2.8	1
14501685	449447.MAE_20600	2.8	1
14500671	449447.MAE_10460	2.8	1
14501570	449447.MAE_19450	2.75	1
14501001	449447.MAE_13760	2.71	3
14504848	449447.MAE_52230	2.71	3
14505050	449447.MAE_54250	2.71	3
14504082	449447.MAE_44590	2.7	2
14501845	449447.MAE_22200	2.7	3
14503640	449447.MAE_40170	2.7	3
14504178	449447.MAE_45550	2.7	3
14504314	449447.MAE_46900	2.68	3
14503258	449447.MAE_36350	2.68	3
14499796	449447.MAE_01700	2.68	3
14499893	449447.MAE_02670	2.68	3
14504069	449447.MAE_44460	2.68	3
14499666	449447.MAE_00400	2.68	3
14501721	449447.MAE_20960	2.68	3
14503730	449447.MAE_41070	2.68	3
14504165	449447.MAE_45420	2.68	3
14505828	449447.MAE_62020	2.68	3
14503543	449447.MAE_39200	2.68	3
14504264	449447.MAE_46410	2.68	3
14503064	449447.MAE_34410	2.68	3
14499782	449447.MAE_01560	2.68	3
14501022	449447.MAE_13970	2.66	3
14500455	449447.MAE_08290	2.66	3
14499976	449447.MAE_03500	2.63	1
14504390	449447.MAE_47650	2.57	3
14499901	449447.MAE_02750	2.55	1
14505682	449447.MAE_60560	2.5	1
14505734	449447.MAE_61080	2.5	1
14505679	449447.MAE_60530	2.49	1
14505479	449447.MAE_58530	2.46	1
14502155	449447.MAE_25300	2.39	3
14501822	449447.MAE_21970	2.39	3
14499705	449447.MAE_00790	2.36	1
14500909	449447.MAE_12840	2.35	1
14501655	449447.MAE_20300	2.29	1
14503562	449447.MAE_39390	2.29	1
14502634	449447.MAE_30100	2.29	1
14505125	449447.MAE_55000	2.29	1
14502510	449447.MAE_28860	2.29	1
14505188	449447.MAE_55630	2.29	1
14501862	449447.MAE_22370	2.29	1
14504170	449447.MAE_45470	2.29	1
14502350	449447.MAE_27240	2.29	1
14502361	449447.MAE_27350	1.86	2
14499689	449447.MAE_00630	1.86	2
14500496	449447.MAE_08710	1.83	2
14503166	449447.MAE_35430	1.77	1
14503164	449447.MAE_35410	1.77	1
14505683	449447.MAE_60570	1.77	1
14501850	449447.MAE_22250	1.77	1
14501726	449447.MAE_21010	1.77	1
14500109	449447.MAE_04830	1.72	1
14503570	449447.MAE_39470	1.64	1
14505670	449447.MAE_60440	1.63	2
14505172	449447.MAE_55470	1.63	2
14505177	449447.MAE_55520	1.63	2
14500817	449447.MAE_11920	1.63	2
14501854	449447.MAE_22290	1.63	2
14500416	449447.MAE_07900	1.63	2
14503265	449447.MAE_36420	1.63	2
14503450	449447.MAE_38270	1.63	2
14501272	449447.MAE_16470	1.63	2
14501192	449447.MAE_15670	1.63	2
14502390	449447.MAE_27640	1.63	2
14501728	449447.MAE_21030	1.63	2
14500084	449447.MAE_04580	1.63	2
14502565	449447.MAE_29410	1.63	2
14500229	449447.MAE_06030	1.58	2
14502105	449447.MAE_24800	1.58	2
14503934	449447.MAE_43110	1.58	2
14501733	449447.MAE_21080	1.58	2
14503979	449447.MAE_43560	1.55	1
14503651	449447.MAE_40280	1.55	1
14505741	449447.MAE_61150	1.2	1
14505051	449447.MAE_54260	1.13	1
14505473	449447.MAE_58470	1.09	1
14499972	449447.MAE_03460	1.09	1
14499729	449447.MAE_01030	1.07	1
14505475	449447.MAE_58490	1.07	1
14500787	449447.MAE_11620	1.05	1
14505052	449447.MAE_54270	1.01	1
14499727	449447.MAE_01010	0.98	1
14502279	449447.MAE_26530	0.966	1
14500198	449447.MAE_05720	0.957	1
14503796	449447.MAE_41730	0.954	1
14505477	449447.MAE_58510	0.944	1
14503554	449447.MAE_39310	0.932	1
14505042	449447.MAE_54170	0.932	1
14500409	449447.MAE_07830	0.932	1
14500554	449447.MAE_09290	0.932	1
14504470	449447.MAE_48450	0.932	1
14503613	449447.MAE_39900	0.932	1
14505860	449447.MAE_62340	0.932	1
14503893	449447.MAE_42700	0.932	1
14505326	449447.MAE_57010	0.932	1
14500521	449447.MAE_08960	0.932	1
14503793	449447.MAE_41700	0.93	1
14499792	449447.MAE_01660	0.929	1
14505736	449447.MAE_61100	0.927	1
14505681	449447.MAE_60550	0.91	1
14505737	449447.MAE_61110	0.91	1
14502901	449447.MAE_32770	0.91	1
14502232	449447.MAE_26070	0.91	1
14500616	449447.MAE_09910	0.91	1
14501697	449447.MAE_20720	0.91	1
14502952	449447.MAE_33300	0.91	1
14505772	449447.MAE_61460	0.91	1
14505911	449447.MAE_62860	0.91	1
14501945	449447.MAE_23200	0.91	1
14504932	449447.MAE_53060	0.91	1
14500712	449447.MAE_10870	0.91	1
14503466	449447.MAE_38430	0.91	1
14505685	449447.MAE_60590	0.904	1
14503095	449447.MAE_34720	0.867	1
14505551	449447.MAE_59250	0.823	1
14500694	449447.MAE_10690	0.785	1
14502557	449447.MAE_29330	0.782	1
14504776	449447.MAE_51510	0.688	1
14500108	449447.MAE_04820	0.688	1
14500133	449447.MAE_05070	0.688	1
14500576	449447.MAE_09510	0.665	1
14502854	449447.MAE_32300	0.665	1
14502446	449447.MAE_28200	0.665	1
14503519	449447.MAE_38960	0.665	1
14505130	449447.MAE_55050	0.665	1
14501036	449447.MAE_14110	0.665	1
14503259	449447.MAE_36360	0.665	1
14505611	449447.MAE_59850	0.665	1
14501667	449447.MAE_20420	0.665	1
14504740	449447.MAE_51150	0.665	1
14500368	449447.MAE_07420	0.665	1
14505008	449447.MAE_53820	0.665	1
14502026	449447.MAE_24010	0.665	1
14504799	449447.MAE_51740	0.665	1
14505287	449447.MAE_56620	0.665	1
14501067	449447.MAE_14420	0.665	1
14503464	449447.MAE_38410	0.665	1
14504140	449447.MAE_45170	0.665	1
14502090	449447.MAE_24650	0.665	1
14502175	449447.MAE_25500	0.665	1
14501229	449447.MAE_16040	0.651	1
14500746	449447.MAE_11210	0.651	1
14505721	449447.MAE_60950	0.649	1
14500267	449447.MAE_06410	0.648	1
14505435	449447.MAE_58090	0.648	1
14501968	449447.MAE_23430	0.648	1
14503173	449447.MAE_35500	0.648	1
14504291	449447.MAE_46670	0.648	1
14502785	449447.MAE_31610	0.648	1
14499995	449447.MAE_03690	0.648	1
14505550	449447.MAE_59240	0.629	1
14501154	449447.MAE_15290	0.629	1
14504714	449447.MAE_50890	0.613	1
14500458	449447.MAE_08320	0.611	1
14500955	449447.MAE_13300	0.611	1
14503880	449447.MAE_42570	0.611	1
14500144	449447.MAE_05180	0.611	1
14504827	449447.MAE_52020	0.611	1
14501887	449447.MAE_22620	0.611	1
14502109	449447.MAE_24840	0.611	1
14505186	449447.MAE_55610	0.611	1
14502386	449447.MAE_27600	0.611	1
14502313	449447.MAE_26870	0.611	1
14504585	449447.MAE_49600	0.602	1
14500239	449447.MAE_06130	0.602	1
14505676	449447.MAE_60500	0.602	1
14502339	449447.MAE_27130	0.602	1
14504169	449447.MAE_45460	0.602	1
14500346	449447.MAE_07200	0.602	1
14499953	449447.MAE_03270	0.602	1
14503073	449447.MAE_34500	0.602	1
14499682	449447.MAE_00560	0.601	1
14505552	449447.MAE_59260	0.601	1
14503892	449447.MAE_42690	0.597	1
14505766	449447.MAE_61400	0.597	1
14501734	449447.MAE_21090	0.597	1
14500105	449447.MAE_04790	0.593	1
14500687	449447.MAE_10620	0.593	1
14504379	449447.MAE_47540	0.593	1
14500124	449447.MAE_04980	0.593	1
14499779	449447.MAE_01530	0.593	1
14501966	449447.MAE_23410	0.518	1
14501582	449447.MAE_19570	0.518	1
14500185	449447.MAE_05590	0.47	1
14502547	449447.MAE_29230	0.436	1
14501226	449447.MAE_16010	0.436	1
14500643	449447.MAE_10180	0.431	1
14501201	449447.MAE_15760	0.431	1
14504730	449447.MAE_51050	0.418	1
14504150	449447.MAE_45270	0.418	1
14503824	449447.MAE_42010	0.418	1
14502567	449447.MAE_29430	0.418	1
14502847	449447.MAE_32230	0.418	1
14501021	449447.MAE_13960	0.418	1
14505294	449447.MAE_56690	0.418	1
14501909	449447.MAE_22840	0.41	1
14501160	449447.MAE_15350	0.408	1
14503413	449447.MAE_37900	0.405	1
14501396	449447.MAE_17710	0.398	1
14503469	449447.MAE_38460	0.392	1
14505087	449447.MAE_54620	0.392	1
14503659	449447.MAE_40360	0.386	1
14504736	449447.MAE_51110	0.386	1
14501936	449447.MAE_23110	0.386	1
14504700	449447.MAE_50750	0.386	1
14503275	449447.MAE_36520	0.386	1
14503869	449447.MAE_42460	0.386	1
14501279	449447.MAE_16540	0.386	1
14503864	449447.MAE_42410	0.386	1
14504808	449447.MAE_51830	0.386	1
14505889	449447.MAE_62630	0.381	1
14503134	449447.MAE_35110	0.381	1
14501024	449447.MAE_13990	0.372	1
14504626	449447.MAE_50010	0.351	1
14504979	449447.MAE_53530	0.351	1
14504622	449447.MAE_49970	0.351	1
14505639	449447.MAE_60130	0.338	1
