#id: 141330584
#name: M.aeruginosa - Whole organism, Uwoccmrc, SC (Alexova,mcp,2011)
#score: 1.0
#weight:  2%
#description: abundance based on Spectral counting UWOCCMRC, UWOCCMRC, Interaction consistency score: 1.0, Coverage: 35
#organ: WHOLE_ORGANISM
#integrated: false
#coverage: 35
#link: http://www.ncbi.nlm.nih.gov/pubmed/21610102
#publication_year: 2011
#filename: 449447-MicrocystisAeruginosa_strainNIES-843_UWOCCMRC_PRIDE.txt
#
#internal_id	string_external_id	abundance	raw_spectral_count
14502070	449447.MAE_24450	127248	3699
14502071	449447.MAE_24460	87748	2379
14500651	449447.MAE_10260	35078	1105
14500652	449447.MAE_10270	32231	841
14505026	449447.MAE_54000	26717	15
14500235	449447.MAE_06090	26669	1793
14502073	449447.MAE_24480	20584	760
14504354	449447.MAE_47290	17469	422
14503385	449447.MAE_37620	17150	384
14504459	449447.MAE_48340	16535	608
14504419	449447.MAE_47940	14730	298
14503206	449447.MAE_35830	13116	361
14502425	449447.MAE_27990	11151	1149
14503992	449447.MAE_43690	10704	103
14501516	449447.MAE_18910	10219	565
14500649	449447.MAE_10240	9918	76
14500248	449447.MAE_06220	9847	637
14504418	449447.MAE_47930	9711	197
14499718	449447.MAE_00920	8779	676
14502871	449447.MAE_32470	8412	371
14503990	449447.MAE_43670	7662	440
14504231	449447.MAE_46080	7398	624
14502626	449447.MAE_30020	7318	271
14502873	449447.MAE_32490	7226	242
14504412	449447.MAE_47870	7165	144
14501955	449447.MAE_23300	7154	123
14503274	449447.MAE_36510	6651	163
14501105	449447.MAE_14800	6604	445
14500809	449447.MAE_11840	6552	83
14502128	449447.MAE_25030	6182	426
14502256	449447.MAE_26300	6101	288
14504414	449447.MAE_47890	5874	271
14500987	449447.MAE_13620	5513	382
14505549	449447.MAE_59230	5367	74
14505025	449447.MAE_53990	4884	173
14501789	449447.MAE_21640	4729	143
14503899	449447.MAE_42760	4712	332
14503253	449447.MAE_36300	4563	208
14504638	449447.MAE_50130	4423	98
14501547	449447.MAE_19220	4234	124
14504105	449447.MAE_44820	4205	98
14501548	449447.MAE_19230	4169	173
14502978	449447.MAE_33560	3915	24
14505253	449447.MAE_56280	3769	37
14504562	449447.MAE_49370	3703	530
14499967	449447.MAE_03410	3664	359
14504048	449447.MAE_44250	3491	149
14501552	449447.MAE_19270	3460	269
14505164	449447.MAE_55390	3365	74
14504640	449447.MAE_50150	3348	93
14503227	449447.MAE_36040	3340	73
14502804	449447.MAE_31800	3257	37
14504641	449447.MAE_50160	3220	192
14505333	449447.MAE_57080	3199	151
14504246	449447.MAE_46230	3160	77
14502927	449447.MAE_33030	3120	38
14503132	449447.MAE_35090	3100	112
14500309	449447.MAE_06830	3084	24
14501138	449447.MAE_15130	3069	70
14502923	449447.MAE_32990	3026	115
14504633	449447.MAE_50080	2960	76
14505356	449447.MAE_57310	2835	77
14500882	449447.MAE_12570	2825	151
14502825	449447.MAE_32010	2780	24
14504382	449447.MAE_47570	2728	140
14500681	449447.MAE_10560	2721	140
14505062	449447.MAE_54370	2625	41
14503468	449447.MAE_38450	2581	154
14499905	449447.MAE_02790	2511	50
14501463	449447.MAE_18380	2506	103
14499719	449447.MAE_00930	2494	32
14505371	449447.MAE_57460	2487	31
14505635	449447.MAE_60090	2419	31
14505894	449447.MAE_62680	2377	78
14502926	449447.MAE_33020	2362	16
14505358	449447.MAE_57330	2188	48
14502779	449447.MAE_31550	2176	95
14505512	449447.MAE_58860	2156	48
14500626	449447.MAE_10010	2093	304
14505808	449447.MAE_61820	2074	197
14504417	449447.MAE_47920	1981	20
14500881	449447.MAE_12560	1953	23
14504650	449447.MAE_50250	1920	135
14505544	449447.MAE_59180	1847	30
14505841	449447.MAE_62150	1798	57
14505909	449447.MAE_62840	1749	61
14505590	449447.MAE_59640	1740	103
14504463	449447.MAE_48380	1736	64
14505299	449447.MAE_56740	1730	39
14505352	449447.MAE_57270	1713	48
14504326	449447.MAE_47020	1651	20
14501098	449447.MAE_14730	1579	109
14500994	449447.MAE_13690	1551	32
14503736	449447.MAE_41130	1546	19
14501122	449447.MAE_14970	1531	108
14504630	449447.MAE_50050	1491	42
14504642	449447.MAE_50170	1484	61
14503739	449447.MAE_41160	1452	86
14501423	449447.MAE_17980	1452	86
14500308	449447.MAE_06820	1432	19
14504230	449447.MAE_46070	1404	18
14501624	449447.MAE_19990	1396	105
14501587	449447.MAE_19620	1387	12
14504416	449447.MAE_47910	1353	178
14499876	449447.MAE_02500	1337	38
14504786	449447.MAE_51610	1307	69
14502846	449447.MAE_32220	1295	27
14501785	449447.MAE_21600	1261	27
14500088	449447.MAE_04620	1255	86
14503136	449447.MAE_35130	1233	23
14500595	449447.MAE_09700	1191	72
14504875	449447.MAE_52500	1185	26
14503898	449447.MAE_42750	1173	17
14504639	449447.MAE_50140	1137	37
14503112	449447.MAE_34890	1134	92
14504611	449447.MAE_49860	1110	48
14500802	449447.MAE_11770	1107	42
14505354	449447.MAE_57290	1077	36
14500253	449447.MAE_06270	1074	27
14504378	449447.MAE_47530	1070	20
14500579	449447.MAE_09540	1061	46
14502468	449447.MAE_28420	1058	19
14503292	449447.MAE_36690	1048	24
14500256	449447.MAE_06300	1026	64
14505344	449447.MAE_57190	1023	34
14499690	449447.MAE_00640	1007	74
14499808	449447.MAE_01820	973	46
14502979	449447.MAE_33570	956	30
14499720	449447.MAE_00940	952	19
14505252	449447.MAE_56270	947	18
14501147	449447.MAE_15220	927	70
14503940	449447.MAE_43170	910	46
14504014	449447.MAE_43910	870	41
14504857	449447.MAE_52320	867	61
14504117	449447.MAE_44940	866	35
14505725	449447.MAE_60990	854	15
14503544	449447.MAE_39210	787	87
14502835	449447.MAE_32110	782	2
14504965	449447.MAE_53390	782	91
14503745	449447.MAE_41220	776	17
14501585	449447.MAE_19600	771	19
14503534	449447.MAE_39110	769	38
14503286	449447.MAE_36630	766	29
14505795	449447.MAE_61690	763	19
14502630	449447.MAE_30060	750	8
14505599	449447.MAE_59730	744	26
14504127	449447.MAE_45040	740	24
14505360	449447.MAE_57350	735	9
14503162	449447.MAE_35390	724	38
14502016	449447.MAE_23910	717	16
14500807	449447.MAE_11820	716	18
14504381	449447.MAE_47560	711	54
14502053	449447.MAE_24280	701	6
14500589	449447.MAE_09640	700	9
14504664	449447.MAE_50390	699	9
14502159	449447.MAE_25340	692	50
14505553	449447.MAE_59270	690	3
14500357	449447.MAE_07310	681	16
14500756	449447.MAE_11310	675	9
14504631	449447.MAE_50060	666	32
14499916	449447.MAE_02900	665	16
14501509	449447.MAE_18840	655	45
14504879	449447.MAE_52540	653	38
14503529	449447.MAE_39060	645	11
14500286	449447.MAE_06600	644	5
14504010	449447.MAE_43870	631	18
14505640	449447.MAE_60140	623	20
14502493	449447.MAE_28670	615	60
14499647	449447.MAE_00210	613	32
14502015	449447.MAE_23900	611	29
14504294	449447.MAE_46700	607	16
14505657	449447.MAE_60310	607	33
14500412	449447.MAE_07860	595	41
14504144	449447.MAE_45210	590	4
14504793	449447.MAE_51680	584	23
14504060	449447.MAE_44370	583	9
14503434	449447.MAE_38110	580	16
14504116	449447.MAE_44930	575	29
14503738	449447.MAE_41150	573	26
14503713	449447.MAE_40900	571	54
14504228	449447.MAE_46050	553	17
14504249	449447.MAE_46260	552	36
14505343	449447.MAE_57180	551	23
14505719	449447.MAE_60930	551	15
14503917	449447.MAE_42940	538	17
14505820	449447.MAE_61940	534	28
14499750	449447.MAE_01240	528	5
14504248	449447.MAE_46250	520	19
14504537	449447.MAE_49120	519	1
14500449	449447.MAE_08230	519	25
14504203	449447.MAE_45800	518	24
14504156	449447.MAE_45330	511	31
14501904	449447.MAE_22790	501	39
14502432	449447.MAE_28060	482	40
14505563	449447.MAE_59370	476	25
14503461	449447.MAE_38380	471	22
14499938	449447.MAE_03120	468	14
14502377	449447.MAE_27510	462	25
14501084	449447.MAE_14590	462	17
14501053	449447.MAE_14280	462	22
14503418	449447.MAE_37950	462	12
14505658	449447.MAE_60320	460	1
14502431	449447.MAE_28050	449	32
14501643	449447.MAE_20180	448	71
14499835	449447.MAE_02090	448	36
14499966	449447.MAE_03400	440	36
14500666	449447.MAE_10410	439	41
14504430	449447.MAE_48050	437	4
14504269	449447.MAE_46460	434	33
14505591	449447.MAE_59650	433	1
14500251	449447.MAE_06250	431	15
14505571	449447.MAE_59450	431	10
14501826	449447.MAE_22010	431	29
14504220	449447.MAE_45970	429	30
14505293	449447.MAE_56680	427	21
14502991	449447.MAE_33690	425	32
14501115	449447.MAE_14900	425	41
14505898	449447.MAE_62720	417	16
14504161	449447.MAE_45380	416	1
14501466	449447.MAE_18410	407	40
14503224	449447.MAE_36010	403	1
14500254	449447.MAE_06280	399	8
14504739	449447.MAE_51140	398	11
14502862	449447.MAE_32380	395	16
14502385	449447.MAE_27590	393	14
14499886	449447.MAE_02600	391	24
14504202	449447.MAE_45790	389	8
14500230	449447.MAE_06040	388	2
14504021	449447.MAE_43980	382	38
14505543	449447.MAE_59170	381	14
14500801	449447.MAE_11760	371	4
14505165	449447.MAE_55400	370	2
14502018	449447.MAE_23930	367	5
14505903	449447.MAE_62780	363	20
14503698	449447.MAE_40750	360	11
14502435	449447.MAE_28090	359	8
14503105	449447.MAE_34820	358	2
14504088	449447.MAE_44650	357	7
14503680	449447.MAE_40570	356	5
14500808	449447.MAE_11830	354	1
14505002	449447.MAE_53760	354	14
14505355	449447.MAE_57300	345	7
14500263	449447.MAE_06370	342	15
14501120	449447.MAE_14950	337	2
14499673	449447.MAE_00470	336	2
14502660	449447.MAE_30360	333	1
14504969	449447.MAE_53430	332	20
14499841	449447.MAE_02150	330	8
14504995	449447.MAE_53690	323	5
14500755	449447.MAE_11300	322	11
14504667	449447.MAE_50420	321	48
14500754	449447.MAE_11290	319	16
14502867	449447.MAE_32430	318	7
14500227	449447.MAE_06010	318	26
14503232	449447.MAE_36090	318	5
14504222	449447.MAE_45990	317	7
14504694	449447.MAE_50690	314	30
14501121	449447.MAE_14960	313	21
14504963	449447.MAE_53370	311	10
14504743	449447.MAE_51180	310	6
14500676	449447.MAE_10510	309	74
14505440	449447.MAE_58140	309	74
14500647	449447.MAE_10220	309	74
14500663	449447.MAE_10380	309	74
14500705	449447.MAE_10800	309	74
14503463	449447.MAE_38400	306	15
14502266	449447.MAE_26400	306	22
14503900	449447.MAE_42770	303	35
14500934	449447.MAE_13090	302	20
14504876	449447.MAE_52510	298	4
14505761	449447.MAE_61350	298	1
14500186	449447.MAE_05600	297	1
14505365	449447.MAE_57400	296	9
14501863	449447.MAE_22380	294	1
14501630	449447.MAE_20050	292	6
14500534	449447.MAE_09090	290	1
14499671	449447.MAE_00450	287	2
14504420	449447.MAE_47950	286	6
14502469	449447.MAE_28430	286	11
14504192	449447.MAE_45690	283	5
14503126	449447.MAE_35030	280	5
14503503	449447.MAE_38800	278	19
14500188	449447.MAE_05620	276	14
14499888	449447.MAE_02620	275	35
14503285	449447.MAE_36620	273	7
14499885	449447.MAE_02590	269	17
14501162	449447.MAE_15370	268	12
14505351	449447.MAE_57260	267	9
14501284	449447.MAE_16590	266	25
14504147	449447.MAE_45240	266	8
14503714	449447.MAE_40910	265	6
14505838	449447.MAE_62120	264	2
14502992	449447.MAE_33700	263	1
14505367	449447.MAE_57420	263	8
14500485	449447.MAE_08600	263	64
14500452	449447.MAE_08260	263	14
14500008	449447.MAE_03820	262	39
14501829	449447.MAE_22040	261	4
14503763	449447.MAE_41400	261	29
14500262	449447.MAE_06360	260	9
14501982	449447.MAE_23570	255	14
14505810	449447.MAE_61840	255	41
14505581	449447.MAE_59550	253	50
14503127	449447.MAE_35040	250	2
14505723	449447.MAE_60970	249	14
14503860	449447.MAE_42370	249	8
14504670	449447.MAE_50450	248	17
14500812	449447.MAE_11870	245	11
14505226	449447.MAE_56010	242	27
14501193	449447.MAE_15680	242	5
14503299	449447.MAE_36760	240	19
14504627	449447.MAE_50020	237	12
14504955	449447.MAE_53290	236	1
14505832	449447.MAE_62060	235	43
14501240	449447.MAE_16150	235	1
14505568	449447.MAE_59420	235	2
14501815	449447.MAE_21900	234	17
14502268	449447.MAE_26420	234	12
14501231	449447.MAE_16060	233	11
14501040	449447.MAE_14150	232	4
14501427	449447.MAE_18020	231	1
14505875	449447.MAE_62490	231	9
14503732	449447.MAE_41090	230	2
14500372	449447.MAE_07460	227	1
14505063	449447.MAE_54380	226	9
14502890	449447.MAE_32660	226	15
14502606	449447.MAE_29820	225	104
14504906	449447.MAE_52800	224	18
14504018	449447.MAE_43950	222	1
14501035	449447.MAE_14100	222	2
14504226	449447.MAE_46030	220	4
14503723	449447.MAE_41000	220	1
14502352	449447.MAE_27260	219	15
14505363	449447.MAE_57380	218	3
14500117	449447.MAE_04910	218	1
14504637	449447.MAE_50120	215	2
14502841	449447.MAE_32170	214	2
14500747	449447.MAE_11220	214	8
14501541	449447.MAE_19160	212	5
14504039	449447.MAE_44160	212	1
14499910	449447.MAE_02840	212	7
14501197	449447.MAE_15720	211	13
14504792	449447.MAE_51670	211	6
14505036	449447.MAE_54100	210	8
14504145	449447.MAE_45220	209	3
14501047	449447.MAE_14220	207	2
14501311	449447.MAE_16860	206	7
14504754	449447.MAE_51290	205	5
14503097	449447.MAE_34740	204	2
14505303	449447.MAE_56780	202	8
14505745	449447.MAE_61190	201	2
14502551	449447.MAE_29270	200	4
14502066	449447.MAE_24410	200	9
14500433	449447.MAE_08070	199	10
14503786	449447.MAE_41630	197	3
14501354	449447.MAE_17290	196	23
14505368	449447.MAE_57430	194	4
14500029	449447.MAE_04030	194	3
14500333	449447.MAE_07070	193	9
14504528	449447.MAE_49030	193	2
14501080	449447.MAE_14550	191	10
14500989	449447.MAE_13640	191	1
14503364	449447.MAE_37410	191	3
14502343	449447.MAE_27170	190	7
14504298	449447.MAE_46740	190	8
14505438	449447.MAE_58120	189	1
14500362	449447.MAE_07360	188	4
14500530	449447.MAE_09050	188	21
14502092	449447.MAE_24670	188	2
14505349	449447.MAE_57240	188	6
14501337	449447.MAE_17120	186	1
14504143	449447.MAE_45200	185	1
14503722	449447.MAE_40990	183	1
14504763	449447.MAE_51380	183	34
14503883	449447.MAE_42600	182	11
14499722	449447.MAE_00960	182	1
14500825	449447.MAE_12000	181	1
14503801	449447.MAE_41780	181	8
14504025	449447.MAE_44020	181	1
14501770	449447.MAE_21450	180	8
14505456	449447.MAE_58300	179	3
14504272	449447.MAE_46490	178	1
14501957	449447.MAE_23320	177	8
14500233	449447.MAE_06070	177	3
14505158	449447.MAE_55330	177	1
14501485	449447.MAE_18600	177	1
14501093	449447.MAE_14680	175	7
14501175	449447.MAE_15500	174	2
14502040	449447.MAE_24150	174	8
14502608	449447.MAE_29840	173	1
14504671	449447.MAE_50460	172	1
14504355	449447.MAE_47300	172	3
14500574	449447.MAE_09490	171	2
14503504	449447.MAE_38810	169	1
14501523	449447.MAE_18980	169	1
14501190	449447.MAE_15650	169	1
14500382	449447.MAE_07560	169	44
14505625	449447.MAE_59990	168	2
14501798	449447.MAE_21730	168	9
14505011	449447.MAE_53850	168	7
14501555	449447.MAE_19300	168	4
14501503	449447.MAE_18780	166	1
14504267	449447.MAE_46440	166	8
14505075	449447.MAE_54500	166	23
14505163	449447.MAE_55380	165	2
14503742	449447.MAE_41190	165	1
14505548	449447.MAE_59220	163	13
14501435	449447.MAE_18100	162	1
14503491	449447.MAE_38680	162	10
14501404	449447.MAE_17790	162	12
14499658	449447.MAE_00320	162	6
14505750	449447.MAE_61240	162	28
14502786	449447.MAE_31620	162	1
14503608	449447.MAE_39850	161	2
14505269	449447.MAE_56440	161	6
14505782	449447.MAE_61560	160	3
14505518	449447.MAE_58920	160	1
14501256	449447.MAE_16310	160	1
14503665	449447.MAE_40420	158	3
14503152	449447.MAE_35290	158	1
14502753	449447.MAE_31290	157	9
14501439	449447.MAE_18140	156	12
14503013	449447.MAE_33900	155	7
14502138	449447.MAE_25130	155	11
14501330	449447.MAE_17050	154	2
14499887	449447.MAE_02610	154	2
14504705	449447.MAE_50800	153	1
14502629	449447.MAE_30050	153	5
14503110	449447.MAE_34870	152	21
14500316	449447.MAE_06900	151	8
14501894	449447.MAE_22690	151	1
14504796	449447.MAE_51710	151	5
14503388	449447.MAE_37650	151	3
14504880	449447.MAE_52550	151	3
14502319	449447.MAE_26930	151	1
14503485	449447.MAE_38620	150	5
14500358	449447.MAE_07320	150	4
14505695	449447.MAE_60690	150	3
14505753	449447.MAE_61270	149	1
14501194	449447.MAE_15690	149	3
14502888	449447.MAE_32640	148	6
14502060	449447.MAE_24350	148	5
14504881	449447.MAE_52560	147	4
14504000	449447.MAE_43770	147	1
14504351	449447.MAE_47260	146	1
14505520	449447.MAE_58940	146	11
14503513	449447.MAE_38900	146	1
14504564	449447.MAE_49390	145	3
14502078	449447.MAE_24530	144	7
14505362	449447.MAE_57370	144	3
14500893	449447.MAE_12680	144	5
14500304	449447.MAE_06780	144	7
14502573	449447.MAE_29490	143	1
14505110	449447.MAE_54850	142	13
14503598	449447.MAE_39750	142	2
14503442	449447.MAE_38190	141	2
14501795	449447.MAE_21700	140	4
14502642	449447.MAE_30180	140	2
14504970	449447.MAE_53440	140	1
14503988	449447.MAE_43650	140	11
14503600	449447.MAE_39770	139	8
14503432	449447.MAE_38090	139	1
14504732	449447.MAE_51070	139	1
14503997	449447.MAE_43740	138	3
14505728	449447.MAE_61020	137	8
14502996	449447.MAE_33740	137	1
14501097	449447.MAE_14720	137	1
14505029	449447.MAE_54030	137	15
14501464	449447.MAE_18390	136	4
14504212	449447.MAE_45890	136	2
14500610	449447.MAE_09850	136	1
14502301	449447.MAE_26750	136	1
14501317	449447.MAE_16920	136	5
14505119	449447.MAE_54940	135	2
14503989	449447.MAE_43660	135	5
14502758	449447.MAE_31340	135	1
14505225	449447.MAE_56000	133	1
14500050	449447.MAE_04240	133	2
14503441	449447.MAE_38180	133	1
14500467	449447.MAE_08420	132	5
14501074	449447.MAE_14490	131	1
14505149	449447.MAE_55240	131	1
14504661	449447.MAE_50360	131	10
14502460	449447.MAE_28340	131	2
14500034	449447.MAE_04080	131	4
14500823	449447.MAE_11980	130	1
14505271	449447.MAE_56460	130	2
14505935	449447.MAE_63100	129	11
14500296	449447.MAE_06700	129	7
14503873	449447.MAE_42500	128	1
14504364	449447.MAE_47390	128	2
14500392	449447.MAE_07660	127	1
14503516	449447.MAE_38930	127	1
14503305	449447.MAE_36820	127	1
14503003	449447.MAE_33810	126	1
14504905	449447.MAE_52790	126	1
14504112	449447.MAE_44890	126	1
14503395	449447.MAE_37720	125	24
14502769	449447.MAE_31450	125	2
14501597	449447.MAE_19720	125	1
14501792	449447.MAE_21670	125	1
14504900	449447.MAE_52740	125	5
14503437	449447.MAE_38140	124	24
14504353	449447.MAE_47280	124	2
14499823	449447.MAE_01970	124	2
14504053	449447.MAE_44300	123	13
14504292	449447.MAE_46680	123	1
14502421	449447.MAE_27950	123	4
14499669	449447.MAE_00430	123	1
14503677	449447.MAE_40540	123	1
14500148	449447.MAE_05220	123	5
14500658	449447.MAE_10330	123	6
14503681	449447.MAE_40580	122	3
14503422	449447.MAE_37990	121	2
14500398	449447.MAE_07720	121	1
14500243	449447.MAE_06170	120	4
14501600	449447.MAE_19750	120	3
14504001	449447.MAE_43780	119	1
14505183	449447.MAE_55580	119	15
14502993	449447.MAE_33710	119	10
14505168	449447.MAE_55430	119	3
14505260	449447.MAE_56350	119	6
14504752	449447.MAE_51270	119	4
14500660	449447.MAE_10350	118	1
14504646	449447.MAE_50210	118	3
14500611	449447.MAE_09860	118	1
14505511	449447.MAE_58850	117	16
14502766	449447.MAE_31420	117	2
14504074	449447.MAE_44510	117	8
14501011	449447.MAE_13860	117	1
14500750	449447.MAE_11250	116	6
14503891	449447.MAE_42680	116	4
14500820	449447.MAE_11950	116	6
14501828	449447.MAE_22030	116	3
14502465	449447.MAE_28390	115	1
14504154	449447.MAE_45310	115	3
14501340	449447.MAE_17150	115	3
14501944	449447.MAE_23190	115	5
14503716	449447.MAE_40930	115	2
14500764	449447.MAE_11390	114	2
14505857	449447.MAE_62310	114	2
14499858	449447.MAE_02320	114	4
14501210	449447.MAE_15850	113	5
14501165	449447.MAE_15400	113	14
14505896	449447.MAE_62700	113	8
14500329	449447.MAE_07030	112	1
14505821	449447.MAE_61950	112	11
14502517	449447.MAE_28930	111	2
14502868	449447.MAE_32440	111	3
14502699	449447.MAE_30750	111	1
14501219	449447.MAE_15940	111	1
14504947	449447.MAE_53210	111	4
14501497	449447.MAE_18720	110	1
14501233	449447.MAE_16080	110	1
14504711	449447.MAE_50860	110	1
14505895	449447.MAE_62690	110	4
14502653	449447.MAE_30290	110	1
14505121	449447.MAE_54960	109	1
14502681	449447.MAE_30570	108	2
14500059	449447.MAE_04330	108	1
14499822	449447.MAE_01960	108	1
14504590	449447.MAE_49650	107	2
14500149	449447.MAE_05230	107	4
14504489	449447.MAE_48640	107	1
14501783	449447.MAE_21580	107	1
14500763	449447.MAE_11380	107	1
14503753	449447.MAE_41300	106	1
14500913	449447.MAE_12880	106	1
14500630	449447.MAE_10050	106	4
14502751	449447.MAE_31270	106	5
14505085	449447.MAE_54600	106	1
14502305	449447.MAE_26790	105	2
14502397	449447.MAE_27710	105	1
14501974	449447.MAE_23490	105	2
14500451	449447.MAE_08250	105	1
14503960	449447.MAE_43370	105	7
14501848	449447.MAE_22230	105	1
14502863	449447.MAE_32390	105	2
14505794	449447.MAE_61680	105	2
14501859	449447.MAE_22340	104	3
14501364	449447.MAE_17390	104	6
14501578	449447.MAE_19530	104	8
14501265	449447.MAE_16400	104	2
14505879	449447.MAE_62530	104	9
14500835	449447.MAE_12100	104	4
14504894	449447.MAE_52680	103	2
14501694	449447.MAE_20690	103	1
14500602	449447.MAE_09770	103	6
14499902	449447.MAE_02760	103	1
14505065	449447.MAE_54400	103	1
14500446	449447.MAE_08200	102	2
14500426	449447.MAE_08000	102	2
14503382	449447.MAE_37590	102	5
14503383	449447.MAE_37600	102	5
14503381	449447.MAE_37580	102	5
14502475	449447.MAE_28490	102	2
14502146	449447.MAE_25210	102	4
14505270	449447.MAE_56450	102	3
14503448	449447.MAE_38250	101	1
14503143	449447.MAE_35200	101	1
14500244	449447.MAE_06180	101	3
14503023	449447.MAE_34000	101	4
14500319	449447.MAE_06930	101	2
14499732	449447.MAE_01060	101	2
14504852	449447.MAE_52270	101	1
14501959	449447.MAE_23340	101	3
14502269	449447.MAE_26430	101	4
14501385	449447.MAE_17600	100	1
14499879	449447.MAE_02530	100	3
14501461	449447.MAE_18360	100	2
14502342	449447.MAE_27160	99.2	6
14503549	449447.MAE_39260	98.9	30
14505348	449447.MAE_57230	98.7	1
14500189	449447.MAE_05630	98.7	10
14504801	449447.MAE_51760	98.7	1
14499703	449447.MAE_00770	98.4	1
14500209	449447.MAE_05830	98.1	2
14503472	449447.MAE_38490	97.3	1
14500114	449447.MAE_04880	96.9	1
14503788	449447.MAE_41650	96.8	1
14505077	449447.MAE_54520	96.6	23
14502424	449447.MAE_27980	96.4	8
14505822	449447.MAE_61960	95.9	7
14503511	449447.MAE_38880	95.7	1
14501403	449447.MAE_17780	95.5	7
14502969	449447.MAE_33470	95.5	1
14505038	449447.MAE_54130	95.3	10
14505243	449447.MAE_56180	95.0	1
14503552	449447.MAE_39290	94.6	3
14504343	449447.MAE_47190	94.4	1
14502404	449447.MAE_27780	94.4	1
14505672	449447.MAE_60460	93.6	1
14500293	449447.MAE_06670	93.6	1
14504822	449447.MAE_51970	93.4	1
14504897	449447.MAE_52710	93.2	8
14504878	449447.MAE_52530	92.9	2
14501865	449447.MAE_22400	92.9	1
14500064	449447.MAE_04380	92.9	1
14504598	449447.MAE_49730	92.8	1
14503342	449447.MAE_37190	92.8	7
14501873	449447.MAE_22480	92.8	1
14504741	449447.MAE_51160	91.8	1
14499695	449447.MAE_00690	91.7	2
14501723	449447.MAE_20980	91.4	3
14503785	449447.MAE_41620	91.1	1
14503548	449447.MAE_39250	90.7	2
14501441	449447.MAE_18160	90.6	4
14502536	449447.MAE_29120	90.5	1
14504862	449447.MAE_52370	90.5	1
14503836	449447.MAE_42130	90.3	1
14503490	449447.MAE_38670	89.7	8
14504336	449447.MAE_47120	89.4	1
14502203	449447.MAE_25780	89.1	3
14502104	449447.MAE_24790	89.0	1
14502742	449447.MAE_31180	89.0	5
14501897	449447.MAE_22720	88.3	1
14504347	449447.MAE_47230	88.3	1
14500736	449447.MAE_11110	88.2	8
14500150	449447.MAE_05240	88.2	8
14502207	449447.MAE_25820	88.1	1
14505816	449447.MAE_61900	87.8	1
14505603	449447.MAE_59770	87.7	2
14501236	449447.MAE_16110	87.7	1
14502372	449447.MAE_27460	87.6	14
14503652	449447.MAE_40290	86.9	1
14503133	449447.MAE_35100	86.9	2
14500590	449447.MAE_09650	86.8	5
14503128	449447.MAE_35050	86.7	4
14499751	449447.MAE_01250	86.5	2
14503809	449447.MAE_41860	86.3	2
14504035	449447.MAE_44120	86.2	1
14505218	449447.MAE_55930	86.2	2
14500599	449447.MAE_09740	86.2	6
14505380	449447.MAE_57550	85.9	2
14504456	449447.MAE_48310	85.9	1
14500126	449447.MAE_05000	85.5	2
14502725	449447.MAE_31010	85.5	1
14502824	449447.MAE_32000	85.4	1
14503618	449447.MAE_39950	85.2	10
14504229	449447.MAE_46060	85.1	1
14505305	449447.MAE_56800	84.8	3
14501512	449447.MAE_18870	84.8	3
14500265	449447.MAE_06390	84.6	4
14502967	449447.MAE_33450	84.4	2
14499817	449447.MAE_01910	84.0	24
14501938	449447.MAE_23130	83.9	6
14505865	449447.MAE_62390	83.5	1
14502438	449447.MAE_28120	83.2	1
14501889	449447.MAE_22640	82.9	1
14500757	449447.MAE_11320	82.9	6
14501316	449447.MAE_16910	82.8	1
14503147	449447.MAE_35240	82.6	5
14500285	449447.MAE_06590	82.5	4
14500604	449447.MAE_09790	82.5	2
14500361	449447.MAE_07350	82.3	2
14500765	449447.MAE_11400	82.2	6
14500503	449447.MAE_08780	82.1	1
14503378	449447.MAE_37550	82.1	1
14504938	449447.MAE_53120	81.8	1
14502827	449447.MAE_32030	81.4	1
14501470	449447.MAE_18450	81.4	4
14500768	449447.MAE_11430	81.4	3
14501438	449447.MAE_18130	81.3	1
14505423	449447.MAE_57970	81.2	2
14505288	449447.MAE_56630	81.2	12
14500454	449447.MAE_08280	81.1	4
14504020	449447.MAE_43970	81.1	2
14500760	449447.MAE_11350	80.9	6
14505622	449447.MAE_59960	80.8	2
14503782	449447.MAE_41590	80.6	2
14502614	449447.MAE_29900	80.6	4
14503163	449447.MAE_35400	80.6	1
14505144	449447.MAE_55190	80.6	1
14500438	449447.MAE_08120	80.5	1
14502975	449447.MAE_33530	80.0	2
14503106	449447.MAE_34830	79.8	1
14503684	449447.MAE_40610	79.6	2
14502185	449447.MAE_25600	79.3	10
14499819	449447.MAE_01930	79.1	1
14505849	449447.MAE_62230	79.0	1
14500402	449447.MAE_07760	79.0	1
14505373	449447.MAE_57480	78.9	2
14503622	449447.MAE_39990	78.9	8
14502220	449447.MAE_25950	78.9	24
14503454	449447.MAE_38310	78.8	1
14503907	449447.MAE_42840	78.8	3
14501232	449447.MAE_16070	78.8	4
14501146	449447.MAE_15210	78.6	1
14501319	449447.MAE_16940	78.5	4
14505420	449447.MAE_57940	78.5	1
14501307	449447.MAE_16820	78.4	1
14502983	449447.MAE_33610	78.1	3
14504407	449447.MAE_47820	78.0	1
14503403	449447.MAE_37800	77.9	2
14502710	449447.MAE_30860	77.9	3
14499672	449447.MAE_00460	77.9	1
14500771	449447.MAE_11460	77.8	3
14500213	449447.MAE_05870	77.6	5
14502091	449447.MAE_24660	77.5	1
14501948	449447.MAE_23230	77.5	2
14504445	449447.MAE_48200	77.0	3
14502732	449447.MAE_31080	77.0	1
14502111	449447.MAE_24860	76.9	1
14502584	449447.MAE_29600	76.9	1
14501254	449447.MAE_16290	76.9	1
14500986	449447.MAE_13610	76.8	3
14501395	449447.MAE_17700	76.6	2
14499644	449447.MAE_00180	75.8	2
14504706	449447.MAE_50810	75.7	1
14500499	449447.MAE_08740	75.6	1
14500992	449447.MAE_13670	75.5	4
14501064	449447.MAE_14390	75.4	1
14499954	449447.MAE_03280	75.3	4
14503131	449447.MAE_35080	75.1	4
14503368	449447.MAE_37450	75.0	1
14499795	449447.MAE_01690	74.8	1
14499908	449447.MAE_02820	74.5	2
14500667	449447.MAE_10420	74.5	1
14503741	449447.MAE_41180	74.5	1
14502329	449447.MAE_27030	74.3	1
14504662	449447.MAE_50370	74.2	1
14500662	449447.MAE_10370	74.1	2
14500095	449447.MAE_04690	73.9	4
14505893	449447.MAE_62670	73.5	4
14500923	449447.MAE_12980	73.2	2
14504747	449447.MAE_51220	73.2	10
14505638	449447.MAE_60120	73.1	1
14503978	449447.MAE_43550	73.1	1
14500519	449447.MAE_08940	73.0	1
14504448	449447.MAE_48230	73.0	6
14503174	449447.MAE_35510	72.9	12
14505318	449447.MAE_56930	72.8	1
14500160	449447.MAE_05340	72.6	6
14505400	449447.MAE_57740	72.6	1
14502866	449447.MAE_32420	72.5	1
14501338	449447.MAE_17130	72.4	1
14505064	449447.MAE_54390	72.3	1
14501749	449447.MAE_21240	72.3	2
14504936	449447.MAE_53100	72.1	9
14504948	449447.MAE_53220	72.0	1
14503711	449447.MAE_40880	71.7	1
14500833	449447.MAE_12080	71.6	1
14504989	449447.MAE_53630	71.3	1
14504146	449447.MAE_45230	71.1	1
14502616	449447.MAE_29920	71.1	1
14505147	449447.MAE_55220	71.1	1
14502126	449447.MAE_25010	71.0	4
14500425	449447.MAE_07990	70.8	2
14503167	449447.MAE_35440	70.8	1
14504861	449447.MAE_52360	70.5	1
14503159	449447.MAE_35360	70.4	1
14504911	449447.MAE_52850	70.3	2
14500814	449447.MAE_11890	70.3	7
14502678	449447.MAE_30540	70.3	1
14505308	449447.MAE_56830	70.2	1
14504159	449447.MAE_45360	70.1	1
14501079	449447.MAE_14540	69.8	1
14502917	449447.MAE_32930	69.8	2
14502222	449447.MAE_25970	69.6	2
14500819	449447.MAE_11940	69.4	3
14502920	449447.MAE_32960	69.2	4
14501625	449447.MAE_20000	68.5	1
14501091	449447.MAE_14660	68.5	4
14502682	449447.MAE_30580	68.4	1
14500810	449447.MAE_11850	68.4	1
14505506	449447.MAE_58800	68.4	1
14504554	449447.MAE_49290	68.3	1
14505644	449447.MAE_60180	68.2	7
14504401	449447.MAE_47760	68.1	1
14505907	449447.MAE_62820	68.0	2
14503931	449447.MAE_43080	68.0	1
14505594	449447.MAE_59680	68.0	5
14501874	449447.MAE_22490	67.8	1
14501060	449447.MAE_14350	67.7	6
14502702	449447.MAE_30780	67.6	3
14504583	449447.MAE_49580	67.5	2
14500142	449447.MAE_05160	67.3	3
14502011	449447.MAE_23860	67.2	4
14499643	449447.MAE_00170	67.2	3
14504061	449447.MAE_44380	67.1	1
14499659	449447.MAE_00330	67.0	1
14503726	449447.MAE_41030	66.9	1
14500337	449447.MAE_07110	66.9	4
14503983	449447.MAE_43600	66.8	3
14500336	449447.MAE_07100	66.6	3
14505239	449447.MAE_56140	66.3	1
14504216	449447.MAE_45930	66.2	3
14503386	449447.MAE_37630	66.1	3
14502244	449447.MAE_26180	66.0	2
14502691	449447.MAE_30670	65.9	1
14500216	449447.MAE_05900	65.6	2
14501171	449447.MAE_15460	65.5	1
14503522	449447.MAE_38990	65.5	4
14500252	449447.MAE_06260	65.4	5
14499665	449447.MAE_00390	65.3	1
14502899	449447.MAE_32750	65.3	4
14505588	449447.MAE_59620	65.2	1
14505526	449447.MAE_59000	64.9	5
14505606	449447.MAE_59800	64.9	1
14505616	449447.MAE_59900	64.8	1
14504523	449447.MAE_48980	64.8	1
14504892	449447.MAE_52660	64.8	2
14504086	449447.MAE_44630	64.7	2
14505082	449447.MAE_54570	64.7	3
14500282	449447.MAE_06560	64.6	1
14499655	449447.MAE_00290	64.6	1
14500299	449447.MAE_06730	64.6	2
14500147	449447.MAE_05210	64.6	4
14505792	449447.MAE_61660	64.4	1
14504119	449447.MAE_44960	64.1	1
14502474	449447.MAE_28480	63.9	2
14503765	449447.MAE_41420	63.9	5
14504449	449447.MAE_48240	63.9	1
14501223	449447.MAE_15980	63.8	7
14502938	449447.MAE_33160	63.8	1
14505592	449447.MAE_59660	63.8	2
14501858	449447.MAE_22330	63.5	1
14503228	449447.MAE_36050	63.4	2
14503411	449447.MAE_37880	63.3	1
14504185	449447.MAE_45620	63.3	1
14505789	449447.MAE_61630	63.1	1
14499990	449447.MAE_03640	63.1	2
14501612	449447.MAE_19870	63.1	5
14500929	449447.MAE_13040	63.0	1
14503230	449447.MAE_36070	62.9	1
14502216	449447.MAE_25910	62.9	1
14505301	449447.MAE_56760	62.9	1
14505137	449447.MAE_55120	62.9	2
14502008	449447.MAE_23830	62.7	1
14505338	449447.MAE_57130	62.4	1
14502686	449447.MAE_30620	62.1	2
14499739	449447.MAE_01130	62.1	1
14501615	449447.MAE_19900	62.0	1
14503264	449447.MAE_36410	61.9	4
14503477	449447.MAE_38540	61.7	9
14501090	449447.MAE_14650	61.6	2
14502777	449447.MAE_31530	61.5	2
14503666	449447.MAE_40430	61.5	1
14504518	449447.MAE_48930	61.4	2
14502076	449447.MAE_24510	61.4	5
14500270	449447.MAE_06440	61.3	1
14504797	449447.MAE_51720	61.3	1
14502461	449447.MAE_28350	61.2	6
14500900	449447.MAE_12750	61.2	3
14502793	449447.MAE_31690	61.2	5
14505169	449447.MAE_55440	60.7	3
14500434	449447.MAE_08080	60.6	3
14499844	449447.MAE_02180	60.6	1
14502743	449447.MAE_31190	60.4	1
14505785	449447.MAE_61590	60.3	1
14502202	449447.MAE_25770	60.3	3
14499661	449447.MAE_00350	60.2	1
14501042	449447.MAE_14170	60.0	2
14500531	449447.MAE_09060	59.8	1
14505866	449447.MAE_62400	59.8	2
14500483	449447.MAE_08580	59.7	4
14505858	449447.MAE_62320	59.6	7
14503643	449447.MAE_40200	59.6	2
14503074	449447.MAE_34510	59.6	1
14502292	449447.MAE_26660	59.1	1
14500226	449447.MAE_06000	59.1	3
14505641	449447.MAE_60150	59.0	1
14505317	449447.MAE_56920	59.0	2
14503300	449447.MAE_36770	58.6	1
14500759	449447.MAE_11340	58.6	2
14503272	449447.MAE_36490	58.4	2
14504204	449447.MAE_45810	58.3	1
14505746	449447.MAE_61200	58.3	2
14500076	449447.MAE_04500	58.3	1
14505759	449447.MAE_61330	58.2	5
14505539	449447.MAE_59130	57.8	1
14504867	449447.MAE_52420	57.8	2
14500657	449447.MAE_10320	57.8	3
14501149	449447.MAE_15240	57.7	1
14501100	449447.MAE_14750	57.6	6
14501273	449447.MAE_16480	57.6	2
14500475	449447.MAE_08500	57.6	2
14501488	449447.MAE_18630	57.4	2
14501179	449447.MAE_15540	57.4	3
14501298	449447.MAE_16730	57.0	1
14501771	449447.MAE_21460	56.9	5
14504893	449447.MAE_52670	56.5	1
14505457	449447.MAE_58310	56.4	1
14504266	449447.MAE_46430	56.3	5
14501215	449447.MAE_15900	56.1	3
14502535	449447.MAE_29110	56.0	11
14504794	449447.MAE_51690	56.0	4
14500826	449447.MAE_12010	55.8	1
14501919	449447.MAE_22940	55.7	2
14500816	449447.MAE_11910	55.7	2
14504194	449447.MAE_45710	55.6	1
14505327	449447.MAE_57020	55.5	2
14504084	449447.MAE_44610	55.3	2
14503579	449447.MAE_39560	55.1	1
14501069	449447.MAE_14440	55.1	4
14503751	449447.MAE_41280	55.1	1
14500572	449447.MAE_09470	55.0	1
14505257	449447.MAE_56320	55.0	1
14503282	449447.MAE_36590	55.0	1
14503764	449447.MAE_41410	55.0	4
14505559	449447.MAE_59330	54.8	1
14501700	449447.MAE_20750	54.5	1
14500261	449447.MAE_06350	54.5	1
14504462	449447.MAE_48370	54.4	2
14505242	449447.MAE_56170	54.3	1
14505570	449447.MAE_59440	54.1	4
14502848	449447.MAE_32240	54.1	1
14504686	449447.MAE_50610	54.0	1
14502929	449447.MAE_33070	54.0	1
14502812	449447.MAE_31880	54.0	1
14502331	449447.MAE_27050	54.0	4
14503857	449447.MAE_42340	53.9	1
14504451	449447.MAE_48260	53.8	3
14500085	449447.MAE_04590	53.7	3
14501187	449447.MAE_15620	53.7	6
14499725	449447.MAE_00990	53.5	1
14504814	449447.MAE_51890	53.3	2
14500192	449447.MAE_05660	53.3	1
14501356	449447.MAE_17310	53.1	2
14501326	449447.MAE_17010	53.1	1
14501299	449447.MAE_16740	52.9	1
14501775	449447.MAE_21500	52.7	2
14504275	449447.MAE_46520	52.5	1
14505196	449447.MAE_55710	52.3	2
14504874	449447.MAE_52490	52.2	1
14501841	449447.MAE_22160	52.1	3
14500561	449447.MAE_09360	52.1	1
14505405	449447.MAE_57790	52.1	1
14503165	449447.MAE_35420	52.0	1
14501627	449447.MAE_20020	51.9	2
14504609	449447.MAE_49840	51.8	2
14501614	449447.MAE_19890	51.8	3
14505250	449447.MAE_56250	51.6	4
14500539	449447.MAE_09140	51.6	1
14505364	449447.MAE_57390	51.6	1
14505484	449447.MAE_58580	51.6	2
14502741	449447.MAE_31170	51.5	4
14502215	449447.MAE_25900	51.5	1
14503390	449447.MAE_37670	51.4	1
14504262	449447.MAE_46390	51.4	2
14502052	449447.MAE_24270	51.2	2
14500158	449447.MAE_05320	51.2	1
14505751	449447.MAE_61250	50.9	1
14503863	449447.MAE_42400	50.8	4
14505771	449447.MAE_61450	50.8	1
14505842	449447.MAE_62160	50.8	1
14505207	449447.MAE_55820	50.4	1
14500206	449447.MAE_05800	50.4	1
14501207	449447.MAE_15820	50.3	2
14505452	449447.MAE_58260	50.3	1
14503895	449447.MAE_42720	50.3	2
14501081	449447.MAE_14560	50.3	1
14505083	449447.MAE_54580	50.2	1
14505850	449447.MAE_62240	50.1	3
14501331	449447.MAE_17060	50.0	3
14505433	449447.MAE_58070	50.0	1
14502902	449447.MAE_32780	49.9	1
14502451	449447.MAE_28250	49.9	1
14503538	449447.MAE_39150	49.8	2
14501880	449447.MAE_22550	49.7	2
14501345	449447.MAE_17200	49.7	4
14500067	449447.MAE_04410	49.6	3
14504624	449447.MAE_49990	49.5	2
14504274	449447.MAE_46510	49.5	2
14501985	449447.MAE_23600	49.4	2
14504252	449447.MAE_46290	49.4	2
14503293	449447.MAE_36700	49.3	3
14504214	449447.MAE_45910	49.2	3
14502441	449447.MAE_28150	49.2	1
14500552	449447.MAE_09270	49.2	1
14500478	449447.MAE_08530	49.1	1
14503508	449447.MAE_38850	49.0	2
14505203	449447.MAE_55780	48.9	1
14500479	449447.MAE_08540	48.9	3
14502371	449447.MAE_27450	48.7	3
14500733	449447.MAE_11080	48.6	8
14502167	449447.MAE_25420	48.5	2
14502531	449447.MAE_29070	48.5	1
14503438	449447.MAE_38150	48.5	2
14501720	449447.MAE_20950	48.4	1
14505709	449447.MAE_60830	48.4	4
14504129	449447.MAE_45060	48.4	3
14504615	449447.MAE_49900	48.2	2
14502784	449447.MAE_31600	48.0	2
14502056	449447.MAE_24310	48.0	3
14504304	449447.MAE_46800	48.0	2
14501913	449447.MAE_22880	47.9	1
14505230	449447.MAE_56050	47.8	1
14502410	449447.MAE_27840	47.8	8
14500073	449447.MAE_04470	47.7	2
14504066	449447.MAE_44430	47.7	2
14504672	449447.MAE_50470	47.7	1
14502498	449447.MAE_28740	47.6	2
14499638	449447.MAE_00120	47.5	1
14502041	449447.MAE_24160	47.4	2
14499919	449447.MAE_02930	47.3	1
14504668	449447.MAE_50430	47.1	4
14501954	449447.MAE_23290	47.0	4
14501148	449447.MAE_15230	46.9	2
14501112	449447.MAE_14870	46.6	1
14499863	449447.MAE_02370	46.5	1
14504864	449447.MAE_52390	46.5	1
14505279	449447.MAE_56540	46.5	1
14503396	449447.MAE_37730	46.4	3
14504992	449447.MAE_53660	46.4	1
14504279	449447.MAE_46560	46.4	2
14500035	449447.MAE_04090	46.3	5
14503800	449447.MAE_41770	46.3	1
14503284	449447.MAE_36610	46.2	2
14500421	449447.MAE_07950	46.1	2
14505760	449447.MAE_61340	46.0	1
14504064	449447.MAE_44410	45.7	1
14503850	449447.MAE_42270	45.7	2
14504559	449447.MAE_49340	45.7	5
14504958	449447.MAE_53320	45.7	2
14500601	449447.MAE_09760	45.7	1
14504807	449447.MAE_51820	45.6	1
14501616	449447.MAE_19910	45.6	1
14502434	449447.MAE_28080	45.5	2
14501442	449447.MAE_18170	45.4	2
14499800	449447.MAE_01740	45.3	3
14504654	449447.MAE_50290	45.3	1
14504536	449447.MAE_49110	45.3	1
14504253	449447.MAE_46300	45.1	1
14502413	449447.MAE_27870	45.1	10
14502872	449447.MAE_32480	45.0	4
14505596	449447.MAE_59700	44.8	1
14501026	449447.MAE_14010	44.8	1
14505837	449447.MAE_62110	44.8	4
14504690	449447.MAE_50650	44.8	2
14505071	449447.MAE_54460	44.8	5
14503528	449447.MAE_39050	44.7	2
14503787	449447.MAE_41640	44.6	2
14502750	449447.MAE_31260	44.5	2
14504515	449447.MAE_48900	44.5	7
14502306	449447.MAE_26800	44.5	4
14500017	449447.MAE_03910	44.4	2
14503494	449447.MAE_38710	44.4	3
14502077	449447.MAE_24520	44.4	2
14505602	449447.MAE_59760	44.3	1
14501761	449447.MAE_21360	44.2	1
14504967	449447.MAE_53410	44.2	3
14501118	449447.MAE_14930	44.2	3
14502415	449447.MAE_27890	44.1	1
14503638	449447.MAE_40150	44.1	3
14502154	449447.MAE_25290	44.0	2
14503313	449447.MAE_36900	44.0	1
14501132	449447.MAE_15070	43.8	1
14504835	449447.MAE_52100	43.7	1
14500178	449447.MAE_05520	43.7	1
14505378	449447.MAE_57530	43.6	3
14500937	449447.MAE_13120	43.6	3
14505046	449447.MAE_54210	43.6	1
14504912	449447.MAE_52860	43.5	2
14504813	449447.MAE_51880	43.5	1
14500228	449447.MAE_06020	43.5	1
14502307	449447.MAE_26810	43.5	1
14505765	449447.MAE_61390	43.4	1
14500708	449447.MAE_10830	43.4	1
14504184	449447.MAE_45610	43.4	2
14503235	449447.MAE_36120	43.3	2
14501220	449447.MAE_15950	43.2	2
14503780	449447.MAE_41570	43.2	3
14502199	449447.MAE_25740	43.1	2
14501185	449447.MAE_15600	43.0	2
14501247	449447.MAE_16220	42.9	2
14503311	449447.MAE_36880	42.8	1
14501995	449447.MAE_23700	42.7	1
14500484	449447.MAE_08590	42.7	2
14504919	449447.MAE_52930	42.6	1
14501392	449447.MAE_17670	42.4	1
14499696	449447.MAE_00700	42.4	4
14499776	449447.MAE_01500	42.3	3
14501890	449447.MAE_22650	42.3	1
14504550	449447.MAE_49250	42.2	4
14502968	449447.MAE_33460	42.0	1
14501142	449447.MAE_15170	41.9	2
14499757	449447.MAE_01310	41.8	7
14501058	449447.MAE_14330	41.6	6
14499877	449447.MAE_02510	41.6	1
14502791	449447.MAE_31670	41.3	1
14501753	449447.MAE_21280	41.2	3
14504738	449447.MAE_51130	41.2	3
14503179	449447.MAE_35560	41.2	4
14503430	449447.MAE_38070	41.2	1
14500690	449447.MAE_10650	41.1	1
14504569	449447.MAE_49440	41.0	2
14502870	449447.MAE_32460	40.8	2
14502400	449447.MAE_27740	40.8	1
14500939	449447.MAE_13140	40.7	1
14503304	449447.MAE_36810	40.7	3
14504986	449447.MAE_53600	40.6	1
14500473	449447.MAE_08480	40.4	2
14501402	449447.MAE_17770	40.3	1
14500020	449447.MAE_03940	40.3	3
14499989	449447.MAE_03630	40.2	3
14503006	449447.MAE_33840	40.2	2
14499873	449447.MAE_02470	40.1	1
14504234	449447.MAE_46110	40.1	2
14502238	449447.MAE_26120	40.0	3
14503720	449447.MAE_40970	40.0	1
14505702	449447.MAE_60760	39.9	2
14500069	449447.MAE_04430	39.8	1
14504677	449447.MAE_50520	39.8	2
14505276	449447.MAE_56510	39.5	2
14504749	449447.MAE_51240	39.4	2
14504887	449447.MAE_52610	39.4	1
14505891	449447.MAE_62650	39.4	2
14502133	449447.MAE_25080	39.3	1
14500930	449447.MAE_13050	39.2	3
14499924	449447.MAE_02980	39.1	1
14500935	449447.MAE_13100	39.1	2
14500039	449447.MAE_04130	38.9	1
14505141	449447.MAE_55160	38.9	1
14503208	449447.MAE_35850	38.8	4
14503100	449447.MAE_34770	38.7	1
14500910	449447.MAE_12850	38.7	1
14503531	449447.MAE_39080	38.4	1
14500030	449447.MAE_04040	38.4	1
14504352	449447.MAE_47270	38.3	1
14500803	449447.MAE_11780	38.2	1
14500305	449447.MAE_06790	38.2	1
14503621	449447.MAE_39980	38.1	2
14502605	449447.MAE_29810	38.1	2
14504636	449447.MAE_50110	37.9	1
14502695	449447.MAE_30710	37.9	2
14505408	449447.MAE_57820	37.7	1
14500481	449447.MAE_08560	37.6	1
14503410	449447.MAE_37870	37.6	2
14502022	449447.MAE_23970	37.4	2
14504855	449447.MAE_52300	37.3	7
14501518	449447.MAE_18930	37.2	1
14501537	449447.MAE_19120	37.2	1
14505497	449447.MAE_58710	37.2	1
14503044	449447.MAE_34210	37.0	1
14500292	449447.MAE_06660	37.0	1
14505536	449447.MAE_59100	36.9	2
14505145	449447.MAE_55200	36.9	1
14503832	449447.MAE_42090	36.9	1
14499714	449447.MAE_00880	36.8	1
14503641	449447.MAE_40180	36.8	3
14502194	449447.MAE_25690	36.7	1
14499773	449447.MAE_01470	36.7	1
14499681	449447.MAE_00550	36.7	1
14501510	449447.MAE_18850	36.6	1
14505030	449447.MAE_54040	36.6	1
14505033	449447.MAE_54070	36.6	1
14503400	449447.MAE_37770	36.5	1
14503331	449447.MAE_37080	36.4	1
14502799	449447.MAE_31750	36.4	3
14505818	449447.MAE_61920	36.3	1
14502648	449447.MAE_30240	36.3	1
14502671	449447.MAE_30470	36.2	1
14500838	449447.MAE_12130	36.2	1
14505386	449447.MAE_57600	36.2	1
14503896	449447.MAE_42730	36.1	1
14501050	449447.MAE_14250	36.1	1
14504482	449447.MAE_48570	35.9	1
14502357	449447.MAE_27310	35.9	1
14505722	449447.MAE_60960	35.9	4
14504693	449447.MAE_50680	35.8	1
14503611	449447.MAE_39880	35.8	1
14500706	449447.MAE_10810	35.6	1
14501928	449447.MAE_23030	35.6	1
14502619	449447.MAE_29950	35.5	1
14503649	449447.MAE_40260	35.5	4
14505805	449447.MAE_61790	35.5	2
14501420	449447.MAE_17950	35.4	2
14500335	449447.MAE_07090	35.3	2
14505747	449447.MAE_61210	35.3	1
14501999	449447.MAE_23740	35.2	1
14504761	449447.MAE_51360	35.2	2
14501124	449447.MAE_14990	35.1	2
14505577	449447.MAE_59510	35.1	1
14504210	449447.MAE_45870	35.1	1
14502776	449447.MAE_31520	35.1	2
14500055	449447.MAE_04290	35.0	1
14500359	449447.MAE_07330	35.0	2
14505880	449447.MAE_62540	34.9	2
14505662	449447.MAE_60360	34.8	1
14502548	449447.MAE_29240	34.7	2
14504929	449447.MAE_53030	34.6	1
14504899	449447.MAE_52730	34.6	1
14503190	449447.MAE_35670	34.6	1
14505715	449447.MAE_60890	34.6	2
14503484	449447.MAE_38610	34.5	17
14501353	449447.MAE_17280	34.4	2
14503963	449447.MAE_43400	34.3	3
14503545	449447.MAE_39220	34.3	1
14501389	449447.MAE_17640	34.3	2
14504244	449447.MAE_46210	34.3	1
14505034	449447.MAE_54080	34.3	5
14505522	449447.MAE_58960	34.2	3
14505091	449447.MAE_54660	34.1	4
14501703	449447.MAE_20780	34.0	2
14505079	449447.MAE_54540	34.0	1
14501932	449447.MAE_23070	34.0	2
14502237	449447.MAE_26110	33.9	1
14502473	449447.MAE_28470	33.9	1
14500338	449447.MAE_07120	33.9	3
14500941	449447.MAE_13160	33.9	1
14501072	449447.MAE_14470	33.7	1
14503542	449447.MAE_39190	33.7	2
14500982	449447.MAE_13570	33.7	1
14503218	449447.MAE_35950	33.6	1
14503216	449447.MAE_35930	33.6	1
14501315	449447.MAE_16900	33.6	2
14504333	449447.MAE_47090	33.6	2
14505189	449447.MAE_55640	33.5	1
14505918	449447.MAE_62930	33.5	2
14505100	449447.MAE_54750	33.3	1
14504629	449447.MAE_50040	33.3	1
14503246	449447.MAE_36230	33.2	1
14505513	449447.MAE_58870	33.1	4
14505613	449447.MAE_59870	33.1	1
14503776	449447.MAE_41530	33.1	1
14503612	449447.MAE_39890	33.1	1
14505734	449447.MAE_61080	33.0	4
14499828	449447.MAE_02020	32.9	1
14504218	449447.MAE_45950	32.9	2
14505589	449447.MAE_59630	32.9	1
14504656	449447.MAE_50310	32.8	2
14499801	449447.MAE_01750	32.8	2
14502395	449447.MAE_27690	32.7	1
14501910	449447.MAE_22850	32.7	3
14501907	449447.MAE_22820	32.5	3
14504993	449447.MAE_53670	32.5	1
14502809	449447.MAE_31850	32.4	1
14501285	449447.MAE_16600	32.3	2
14502850	449447.MAE_32260	32.3	3
14501073	449447.MAE_14480	32.2	3
14502124	449447.MAE_24990	32.2	2
14503060	449447.MAE_34370	32.2	2
14505224	449447.MAE_55990	32.1	2
14500300	449447.MAE_06740	32.1	2
14499701	449447.MAE_00750	32.0	2
14503312	449447.MAE_36890	32.0	1
14499633	449447.MAE_00070	32.0	1
14500427	449447.MAE_08010	32.0	1
14499812	449447.MAE_01860	32.0	1
14504750	449447.MAE_51250	32.0	2
14502820	449447.MAE_31960	31.9	6
14503354	449447.MAE_37310	31.9	2
14502752	449447.MAE_31280	31.8	2
14505847	449447.MAE_62210	31.8	1
14499770	449447.MAE_01440	31.8	1
14505514	449447.MAE_58880	31.5	1
14503749	449447.MAE_41260	31.5	1
14504288	449447.MAE_46640	31.4	1
14505150	449447.MAE_55250	31.4	1
14502911	449447.MAE_32870	31.3	1
14501048	449447.MAE_14230	31.3	2
14501596	449447.MAE_19710	31.3	1
14500015	449447.MAE_03890	31.2	1
14504695	449447.MAE_50700	31.1	2
14503186	449447.MAE_35630	31.1	1
14505486	449447.MAE_58600	31.1	2
14505609	449447.MAE_59830	31.1	1
14504551	449447.MAE_49260	31.0	2
14504895	449447.MAE_52690	31.0	2
14500673	449447.MAE_10480	31.0	1
14501145	449447.MAE_15200	31.0	3
14500405	449447.MAE_07790	30.9	1
14502819	449447.MAE_31950	30.9	2
14501755	449447.MAE_21300	30.8	1
14500621	449447.MAE_09960	30.7	1
14503909	449447.MAE_42860	30.7	1
14502754	449447.MAE_31300	30.7	1
14502411	449447.MAE_27850	30.6	1
14499899	449447.MAE_02730	30.6	1
14504081	449447.MAE_44580	30.5	1
14500271	449447.MAE_06450	30.4	1
14501243	449447.MAE_16180	30.4	1
14500682	449447.MAE_10570	30.3	3
14503242	449447.MAE_36190	30.3	1
14499798	449447.MAE_01720	30.3	1
14503098	449447.MAE_34750	30.2	2
14500990	449447.MAE_13650	30.1	1
14501586	449447.MAE_19610	30.1	1
14500798	449447.MAE_11730	30.0	2
14503546	449447.MAE_39230	30.0	1
14503341	449447.MAE_37180	29.9	1
14504660	449447.MAE_50350	29.9	1
14504141	449447.MAE_45180	29.9	5
14505685	449447.MAE_60590	29.9	4
14503520	449447.MAE_38970	29.8	2
14504581	449447.MAE_49560	29.8	2
14500868	449447.MAE_12430	29.8	3
14505499	449447.MAE_58730	29.7	3
14503406	449447.MAE_37830	29.7	1
14501131	449447.MAE_15060	29.7	1
14504679	449447.MAE_50540	29.7	2
14501780	449447.MAE_21550	29.6	3
14505304	449447.MAE_56790	29.6	1
14504994	449447.MAE_53680	29.5	1
14501639	449447.MAE_20140	29.5	1
14503247	449447.MAE_36240	29.5	1
14500720	449447.MAE_10950	29.4	2
14503419	449447.MAE_37960	29.4	1
14505101	449447.MAE_54760	29.4	1
14504547	449447.MAE_49220	29.3	1
14502458	449447.MAE_28320	29.3	2
14503906	449447.MAE_42830	29.2	2
14501476	449447.MAE_18510	29.1	1
14505217	449447.MAE_55920	29.1	1
14501365	449447.MAE_17400	29.0	1
14502299	449447.MAE_26730	28.9	1
14501550	449447.MAE_19250	28.7	4
14503298	449447.MAE_36750	28.7	3
14505128	449447.MAE_55030	28.6	1
14505059	449447.MAE_54340	28.5	1
14503799	449447.MAE_41760	28.5	1
14505669	449447.MAE_60430	28.5	2
14499692	449447.MAE_00660	28.5	2
14503885	449447.MAE_42620	28.5	1
14504804	449447.MAE_51790	28.4	1
14502995	449447.MAE_33730	28.3	1
14501054	449447.MAE_14290	28.3	1
14505509	449447.MAE_58830	28.2	1
14501169	449447.MAE_15440	28.2	1
14501297	449447.MAE_16720	28.1	1
14500920	449447.MAE_12950	28.1	5
14502004	449447.MAE_23790	28.1	1
14505340	449447.MAE_57150	28.0	1
14500738	449447.MAE_11130	27.9	1
14504201	449447.MAE_45780	27.9	3
14500161	449447.MAE_05350	27.9	1
14500355	449447.MAE_07290	27.8	1
14504544	449447.MAE_49190	27.7	2
14505780	449447.MAE_61540	27.7	1
14502003	449447.MAE_23780	27.7	1
14502001	449447.MAE_23760	27.7	1
14501495	449447.MAE_18700	27.7	1
14502802	449447.MAE_31780	27.6	1
14503781	449447.MAE_41580	27.6	1
14500037	449447.MAE_04110	27.6	1
14505451	449447.MAE_58250	27.5	1
14500571	449447.MAE_09460	27.5	1
14505844	449447.MAE_62180	27.5	2
14504076	449447.MAE_44530	27.5	1
14503964	449447.MAE_43410	27.4	1
14502700	449447.MAE_30760	27.4	3
14502858	449447.MAE_32340	27.4	1
14499646	449447.MAE_00200	27.4	2
14502013	449447.MAE_23880	27.3	4
14500401	449447.MAE_07750	27.3	2
14503505	449447.MAE_38820	27.3	4
14505134	449447.MAE_55090	27.2	1
14503171	449447.MAE_35480	27.1	1
14502683	449447.MAE_30590	27.1	1
14505564	449447.MAE_59380	27.0	1
14501533	449447.MAE_19080	27.0	1
14501515	449447.MAE_18900	26.9	1
14502623	449447.MAE_29990	26.9	1
14502316	449447.MAE_26900	26.9	1
14503954	449447.MAE_43310	26.9	1
14503357	449447.MAE_37340	26.9	4
14502440	449447.MAE_28140	26.8	2
14504757	449447.MAE_51320	26.7	1
14503119	449447.MAE_34960	26.7	1
14500172	449447.MAE_05460	26.7	3
14500636	449447.MAE_10110	26.6	2
14499740	449447.MAE_01140	26.6	1
14504181	449447.MAE_45580	26.6	1
14503697	449447.MAE_40740	26.5	1
14504697	449447.MAE_50720	26.5	1
14504282	449447.MAE_46590	26.5	2
14504281	449447.MAE_46580	26.5	2
14504283	449447.MAE_46600	26.5	2
14500719	449447.MAE_10940	26.4	1
14500415	449447.MAE_07890	26.4	4
14504542	449447.MAE_49170	26.4	1
14504644	449447.MAE_50190	26.4	1
14505090	449447.MAE_54650	26.4	3
14500654	449447.MAE_10290	26.3	1
14505871	449447.MAE_62450	26.3	1
14501821	449447.MAE_21960	26.3	1
14504327	449447.MAE_47030	26.2	1
14502283	449447.MAE_26570	26.1	1
14501708	449447.MAE_20830	26.1	1
14502494	449447.MAE_28680	26.1	1
14503376	449447.MAE_37530	26.0	2
14501977	449447.MAE_23520	26.0	1
14499930	449447.MAE_03040	25.9	1
14505441	449447.MAE_58150	25.9	1
14500664	449447.MAE_10390	25.9	1
14500466	449447.MAE_08410	25.8	3
14500962	449447.MAE_13370	25.8	1
14503130	449447.MAE_35070	25.8	4
14502239	449447.MAE_26130	25.7	1
14501990	449447.MAE_23650	25.7	1
14504367	449447.MAE_47420	25.5	2
14505693	449447.MAE_60670	25.5	1
14500280	449447.MAE_06540	25.5	1
14501975	449447.MAE_23500	25.5	2
14501381	449447.MAE_17560	25.5	1
14502049	449447.MAE_24240	25.4	1
14499957	449447.MAE_03310	25.4	2
14501679	449447.MAE_20540	25.3	1
14503439	449447.MAE_38160	25.3	2
14503523	449447.MAE_39000	25.3	1
14502656	449447.MAE_30320	25.3	3
14502518	449447.MAE_28940	25.2	2
14501391	449447.MAE_17660	25.2	1
14501736	449447.MAE_21110	25.2	1
14501794	449447.MAE_21690	25.2	2
14505049	449447.MAE_54240	25.2	3
14503760	449447.MAE_41370	25.1	1
14501386	449447.MAE_17610	25.1	2
14502455	449447.MAE_28290	25.1	1
14502293	449447.MAE_26670	25.0	1
14499915	449447.MAE_02890	25.0	1
14505653	449447.MAE_60270	25.0	2
14503269	449447.MAE_36460	25.0	1
14502674	449447.MAE_30500	24.9	1
14502163	449447.MAE_25380	24.8	1
14500264	449447.MAE_06380	24.8	1
14504891	449447.MAE_52650	24.8	1
14503455	449447.MAE_38320	24.7	2
14500832	449447.MAE_12070	24.7	1
14501455	449447.MAE_18300	24.7	1
14503593	449447.MAE_39700	24.6	2
14502781	449447.MAE_31570	24.6	1
14500242	449447.MAE_06160	24.6	2
14505845	449447.MAE_62190	24.5	2
14504524	449447.MAE_48990	24.4	2
14499939	449447.MAE_03130	24.4	1
14500844	449447.MAE_12190	24.4	3
14504709	449447.MAE_50840	24.3	1
14501574	449447.MAE_19490	24.3	2
14505510	449447.MAE_58840	24.3	1
14504572	449447.MAE_49470	24.2	2
14504290	449447.MAE_46660	24.1	2
14500097	449447.MAE_04710	24.1	2
14500856	449447.MAE_12310	24.0	3
14502444	449447.MAE_28180	23.9	2
14503947	449447.MAE_43240	23.9	3
14504684	449447.MAE_50590	23.8	2
14502528	449447.MAE_29040	23.8	3
14502617	449447.MAE_29930	23.7	1
14501029	449447.MAE_14040	23.6	1
14501342	449447.MAE_17170	23.6	1
14501745	449447.MAE_21200	23.6	1
14499894	449447.MAE_02680	23.5	1
14502427	449447.MAE_28010	23.5	1
14500858	449447.MAE_12330	23.5	1
14505913	449447.MAE_62880	23.5	1
14501102	449447.MAE_14770	23.5	1
14501071	449447.MAE_14460	23.5	1
14505247	449447.MAE_56220	23.4	2
14501099	449447.MAE_14740	23.4	1
14501930	449447.MAE_23050	23.3	1
14502193	449447.MAE_25680	23.2	1
14503870	449447.MAE_42470	23.2	1
14501593	449447.MAE_19680	23.2	1
14505015	449447.MAE_53890	23.2	1
14500779	449447.MAE_11540	23.2	4
14501156	449447.MAE_15310	23.2	1
14504130	449447.MAE_45070	23.2	1
14501301	449447.MAE_16760	23.1	1
14500450	449447.MAE_08240	23.1	2
14501304	449447.MAE_16790	23.1	1
14503908	449447.MAE_42850	23.0	2
14501384	449447.MAE_17590	23.0	1
14502577	449447.MAE_29530	23.0	1
14500459	449447.MAE_08330	22.9	2
14504072	449447.MAE_44490	22.8	2
14505666	449447.MAE_60400	22.8	1
14504478	449447.MAE_48530	22.8	1
14499912	449447.MAE_02860	22.7	1
14499649	449447.MAE_00230	22.6	2
14504647	449447.MAE_50220	22.6	1
14503350	449447.MAE_37270	22.5	2
14504941	449447.MAE_53150	22.4	2
14503872	449447.MAE_42490	22.3	1
14500453	449447.MAE_08270	22.3	3
14503791	449447.MAE_41680	22.3	1
14504904	449447.MAE_52780	22.2	1
14504385	449447.MAE_47600	22.2	3
14501754	449447.MAE_21290	22.1	3
14503610	449447.MAE_39870	22.1	1
14501454	449447.MAE_18290	22.0	1
14505910	449447.MAE_62850	22.0	2
14500555	449447.MAE_09300	21.9	2
14500028	449447.MAE_04020	21.9	1
14504918	449447.MAE_52920	21.9	1
14499810	449447.MAE_01840	21.9	1
14501573	449447.MAE_19480	21.9	1
14502748	449447.MAE_31240	21.8	1
14500938	449447.MAE_13130	21.8	1
14504305	449447.MAE_46810	21.8	3
14503825	449447.MAE_42020	21.8	1
14502744	449447.MAE_31200	21.8	4
14500852	449447.MAE_12270	21.8	3
14504024	449447.MAE_44010	21.7	2
14504817	449447.MAE_51920	21.6	1
14503858	449447.MAE_42350	21.6	1
14504124	449447.MAE_45010	21.6	1
14501344	449447.MAE_17190	21.5	1
14500094	449447.MAE_04680	21.5	2
14503012	449447.MAE_33890	21.5	1
14501762	449447.MAE_21370	21.5	1
14501158	449447.MAE_15330	21.4	1
14502046	449447.MAE_24210	21.3	2
14501474	449447.MAE_18490	21.3	1
14505442	449447.MAE_58160	21.3	1
14500665	449447.MAE_10400	21.3	1
14500245	449447.MAE_06190	21.3	1
14503458	449447.MAE_38350	21.2	1
14501599	449447.MAE_19740	21.2	2
14500460	449447.MAE_08340	21.2	1
14500744	449447.MAE_11190	21.1	1
14503240	449447.MAE_36170	21.1	1
14503180	449447.MAE_35570	21.1	1
14502045	449447.MAE_24200	21.0	1
14501078	449447.MAE_14530	20.9	2
14505178	449447.MAE_55530	20.9	1
14502913	449447.MAE_32890	20.8	1
14500266	449447.MAE_06400	20.7	1
14502918	449447.MAE_32940	20.7	2
14500805	449447.MAE_11800	20.7	1
14505862	449447.MAE_62360	20.7	3
14500314	449447.MAE_06880	20.6	1
14503344	449447.MAE_37210	20.6	1
14500784	449447.MAE_11590	20.6	1
14505012	449447.MAE_53860	20.6	1
14502156	449447.MAE_25310	20.5	2
14501125	449447.MAE_15000	20.4	1
14500527	449447.MAE_09020	20.4	1
14502757	449447.MAE_31330	20.4	1
14503602	449447.MAE_39790	20.3	2
14500435	449447.MAE_08090	20.3	2
14504424	449447.MAE_47990	20.1	1
14500849	449447.MAE_12240	20.1	1
14501743	449447.MAE_21180	20.1	1
14500971	449447.MAE_13460	20.1	1
14505651	449447.MAE_60250	20.1	1
14504674	449447.MAE_50490	20.1	1
14503771	449447.MAE_41480	20.0	1
14500772	449447.MAE_11470	20.0	1
14505112	449447.MAE_54870	20.0	1
14505445	449447.MAE_58190	19.9	1
14500909	449447.MAE_12840	19.9	6
14505729	449447.MAE_61030	19.8	1
14501479	449447.MAE_18540	19.8	1
14501096	449447.MAE_14710	19.8	1
14504123	449447.MAE_45000	19.7	1
14503856	449447.MAE_42330	19.7	1
14499636	449447.MAE_00100	19.7	2
14502479	449447.MAE_28530	19.7	1
14501459	449447.MAE_18340	19.6	1
14502523	449447.MAE_28990	19.6	1
14500737	449447.MAE_11120	19.6	1
14504328	449447.MAE_47040	19.5	1
14503096	449447.MAE_34730	19.5	3
14500793	449447.MAE_11680	19.5	3
14504285	449447.MAE_46620	19.5	2
14500981	449447.MAE_13560	19.5	2
14505024	449447.MAE_53980	19.4	1
14504007	449447.MAE_43840	19.4	2
14499968	449447.MAE_03420	19.4	2
14505039	449447.MAE_54140	19.4	1
14504334	449447.MAE_47100	19.3	1
14502042	449447.MAE_24170	19.3	1
14505928	449447.MAE_63030	19.3	1
14505929	449447.MAE_63040	19.3	1
14505925	449447.MAE_63000	19.3	1
14505926	449447.MAE_63010	19.3	1
14503201	449447.MAE_35780	19.3	1
14503831	449447.MAE_42080	19.3	1
14503373	449447.MAE_37500	19.3	1
14503530	449447.MAE_39070	19.2	1
14502524	449447.MAE_29000	19.2	1
14501568	449447.MAE_19430	19.2	2
14505534	449447.MAE_59080	19.1	1
14502981	449447.MAE_33590	19.1	1
14501707	449447.MAE_20820	19.0	3
14502311	449447.MAE_26850	19.0	1
14501933	449447.MAE_23080	19.0	1
14502449	449447.MAE_28230	19.0	1
14502828	449447.MAE_32040	18.9	1
14501817	449447.MAE_21920	18.9	1
14504996	449447.MAE_53700	18.9	1
14500906	449447.MAE_12810	18.9	1
14505626	449447.MAE_60000	18.8	3
14504206	449447.MAE_45830	18.8	1
14500010	449447.MAE_03840	18.8	1
14505479	449447.MAE_58530	18.8	2
14503762	449447.MAE_41390	18.7	1
14502436	449447.MAE_28100	18.7	1
14502596	449447.MAE_29720	18.7	1
14500742	449447.MAE_11170	18.6	1
14504825	449447.MAE_52000	18.6	5
14504380	449447.MAE_47550	18.5	2
14504860	449447.MAE_52350	18.5	1
14501939	449447.MAE_23140	18.4	1
14504250	449447.MAE_46270	18.4	1
14505215	449447.MAE_55900	18.3	1
14501519	449447.MAE_18940	18.2	1
14500680	449447.MAE_10550	18.2	1
14503294	449447.MAE_36710	18.2	1
14504134	449447.MAE_45110	18.2	1
14501504	449447.MAE_18790	18.1	1
14499824	449447.MAE_01980	18.1	1
14501886	449447.MAE_22610	18.1	1
14499756	449447.MAE_01300	18.0	3
14502419	449447.MAE_27930	18.0	1
14503478	449447.MAE_38550	18.0	4
14503525	449447.MAE_39020	18.0	2
14502836	449447.MAE_32120	18.0	1
14501480	449447.MAE_18550	17.9	1
14501451	449447.MAE_18260	17.9	1
14505068	449447.MAE_54430	17.9	2
14500557	449447.MAE_09320	17.9	1
14505930	449447.MAE_63050	17.8	1
14505387	449447.MAE_57610	17.8	1
14502254	449447.MAE_26280	17.8	1
14499891	449447.MAE_02650	17.8	1
14503768	449447.MAE_41450	17.7	1
14505686	449447.MAE_60600	17.7	1
14501962	449447.MAE_23370	17.6	2
14504983	449447.MAE_53570	17.6	1
14500591	449447.MAE_09660	17.5	1
14505717	449447.MAE_60910	17.5	2
14505319	449447.MAE_56940	17.5	1
14504356	449447.MAE_47310	17.5	1
14502708	449447.MAE_30840	17.5	1
14501941	449447.MAE_23160	17.4	1
14504666	449447.MAE_50410	17.4	1
14500585	449447.MAE_09600	17.4	1
14500215	449447.MAE_05890	17.4	1
14503483	449447.MAE_38600	17.2	8
14501178	449447.MAE_15530	17.2	1
14502519	449447.MAE_28950	17.2	1
14500544	449447.MAE_09190	17.1	1
14503020	449447.MAE_33970	17.1	3
14505181	449447.MAE_55560	16.9	1
14502481	449447.MAE_28550	16.9	1
14501590	449447.MAE_19650	16.9	1
14502838	449447.MAE_32140	16.9	2
14500011	449447.MAE_03850	16.8	1
14502636	449447.MAE_30120	16.8	1
14505608	449447.MAE_59820	16.8	2
14502035	449447.MAE_24100	16.7	1
14499904	449447.MAE_02780	16.7	1
14500070	449447.MAE_04440	16.7	1
14500012	449447.MAE_03860	16.7	1
14501674	449447.MAE_20490	16.7	1
14501784	449447.MAE_21590	16.7	1
14503775	449447.MAE_41520	16.6	1
14500880	449447.MAE_12550	16.6	1
14503750	449447.MAE_41270	16.6	3
14501797	449447.MAE_21720	16.6	1
14504057	449447.MAE_44340	16.6	1
14501492	449447.MAE_18670	16.5	1
14504054	449447.MAE_44310	16.5	1
14501992	449447.MAE_23670	16.5	1
14501626	449447.MAE_20010	16.4	2
14503231	449447.MAE_36080	16.4	1
14500734	449447.MAE_11090	16.4	1
14501984	449447.MAE_23590	16.4	1
14500884	449447.MAE_12590	16.3	1
14504422	449447.MAE_47970	16.3	1
14500578	449447.MAE_09530	16.3	1
14499945	449447.MAE_03190	16.3	1
14505056	449447.MAE_54310	16.3	1
14503532	449447.MAE_39090	16.2	2
14502067	449447.MAE_24420	16.2	1
14500492	449447.MAE_08670	16.2	1
14500918	449447.MAE_12930	16.2	1
14502393	449447.MAE_27670	16.1	2
14502298	449447.MAE_26720	16.1	1
14503154	449447.MAE_35310	16.1	1
14505680	449447.MAE_60540	16.0	3
14502456	449447.MAE_28300	16.0	2
14505682	449447.MAE_60560	15.9	3
14501152	449447.MAE_15270	15.9	1
14501163	449447.MAE_15380	15.9	2
14503021	449447.MAE_33980	15.8	1
14504103	449447.MAE_44800	15.8	1
14502285	449447.MAE_26590	15.8	1
14503452	449447.MAE_38290	15.6	1
14500729	449447.MAE_11040	15.5	1
14500120	449447.MAE_04940	15.5	1
14504444	449447.MAE_48190	15.5	2
14501159	449447.MAE_15340	15.5	1
14500741	449447.MAE_11160	15.5	2
14501440	449447.MAE_18150	15.5	1
14500728	449447.MAE_11030	15.4	1
14500753	449447.MAE_11280	15.4	1
14504898	449447.MAE_52720	15.4	1
14501376	449447.MAE_17510	15.4	1
14504838	449447.MAE_52130	15.3	1
14505633	449447.MAE_60070	15.3	1
14503980	449447.MAE_43570	15.2	1
14501373	449447.MAE_17480	15.2	1
14500505	449447.MAE_08800	15.2	1
14504164	449447.MAE_45410	15.2	1
14499972	449447.MAE_03460	15.2	3
14500850	449447.MAE_12250	15.2	1
14500795	449447.MAE_11700	15.1	2
14500353	449447.MAE_07270	15.1	1
14499697	449447.MAE_00710	15.1	1
14502823	449447.MAE_31990	15.1	1
14500860	449447.MAE_12350	15.0	1
14505720	449447.MAE_60940	15.0	1
14501842	449447.MAE_22170	15.0	1
14504509	449447.MAE_48840	15.0	1
14504461	449447.MAE_48360	14.9	1
14504089	449447.MAE_44660	14.9	1
14500468	449447.MAE_08430	14.8	1
14504085	449447.MAE_44620	14.8	1
14503316	449447.MAE_36930	14.8	1
14501394	449447.MAE_17690	14.8	1
14502223	449447.MAE_25980	14.7	1
14502861	449447.MAE_32370	14.7	1
14501456	449447.MAE_18310	14.7	1
14505023	449447.MAE_53970	14.7	1
14504659	449447.MAE_50340	14.7	1
14502178	449447.MAE_25530	14.7	1
14500092	449447.MAE_04660	14.6	2
14502433	449447.MAE_28070	14.6	1
14500294	449447.MAE_06680	14.6	2
14504132	449447.MAE_45090	14.6	1
14502125	449447.MAE_25000	14.5	1
14500796	449447.MAE_11710	14.5	1
14500004	449447.MAE_03780	14.5	4
14505668	449447.MAE_60420	14.5	2
14504199	449447.MAE_45760	14.5	1
14503036	449447.MAE_34130	14.5	2
14502012	449447.MAE_23870	14.5	1
14501545	449447.MAE_19200	14.5	2
14504978	449447.MAE_53520	14.4	1
14505712	449447.MAE_60860	14.4	1
14499947	449447.MAE_03210	14.4	1
14503338	449447.MAE_37150	14.3	1
14499950	449447.MAE_03240	14.3	1
14504155	449447.MAE_45320	14.3	1
14500637	449447.MAE_10120	14.2	1
14500019	449447.MAE_03930	14.1	1
14503778	449447.MAE_41550	14.1	1
14505118	449447.MAE_54930	14.1	1
14504915	449447.MAE_52890	14.1	1
14505282	449447.MAE_56570	14.0	1
14502774	449447.MAE_31500	14.0	1
14503239	449447.MAE_36160	14.0	1
14505884	449447.MAE_62580	14.0	1
14505829	449447.MAE_62030	14.0	1
14502423	449447.MAE_27970	14.0	1
14501487	449447.MAE_18620	13.9	1
14505679	449447.MAE_60530	13.9	2
14500581	449447.MAE_09560	13.8	2
14504182	449447.MAE_45590	13.8	2
14502675	449447.MAE_30510	13.8	1
14499965	449447.MAE_03390	13.7	1
14505519	449447.MAE_58930	13.7	1
14502915	449447.MAE_32910	13.7	1
14499685	449447.MAE_00590	13.7	1
14500716	449447.MAE_10910	13.7	1
14502184	449447.MAE_25590	13.6	1
14501562	449447.MAE_19370	13.6	1
14505332	449447.MAE_57070	13.6	1
14499727	449447.MAE_01010	13.6	3
14500437	449447.MAE_08110	13.6	2
14501038	449447.MAE_14130	13.5	1
14501334	449447.MAE_17090	13.5	1
14500966	449447.MAE_13410	13.5	1
14505824	449447.MAE_61980	13.5	1
14502977	449447.MAE_33550	13.4	1
14505249	449447.MAE_56240	13.4	2
14499735	449447.MAE_01090	13.4	2
14502667	449447.MAE_30430	13.3	1
14499936	449447.MAE_03100	13.3	1
14502631	449447.MAE_30070	13.3	1
14505312	449447.MAE_56870	13.2	1
14501788	449447.MAE_21630	13.2	2
14505615	449447.MAE_59890	13.2	1
14503796	449447.MAE_41730	13.1	2
14504241	449447.MAE_46180	13.1	1
14504507	449447.MAE_48820	13.1	1
14502032	449447.MAE_24070	13.1	1
14502780	449447.MAE_31560	13.1	1
14502247	449447.MAE_26210	13.1	1
14505654	449447.MAE_60280	13.0	1
14504957	449447.MAE_53310	12.9	1
14504713	449447.MAE_50880	12.9	1
14504663	449447.MAE_50380	12.9	1
14500032	449447.MAE_04060	12.9	1
14502843	449447.MAE_32190	12.8	2
14505730	449447.MAE_61040	12.8	1
14502644	449447.MAE_30200	12.8	1
14505790	449447.MAE_61640	12.7	1
14500635	449447.MAE_10100	12.7	1
14501251	449447.MAE_16260	12.6	1
14501015	449447.MAE_13900	12.6	1
14504917	449447.MAE_52910	12.6	1
14503200	449447.MAE_35770	12.5	1
14503848	449447.MAE_42250	12.4	1
14504251	449447.MAE_46280	12.4	1
14503460	449447.MAE_38370	12.4	1
14501882	449447.MAE_22570	12.3	1
14504302	449447.MAE_46780	12.3	1
14500947	449447.MAE_13220	12.3	1
14503408	449447.MAE_37850	12.2	1
14505488	449447.MAE_58620	12.2	1
14503116	449447.MAE_34930	12.2	1
14503470	449447.MAE_38470	12.2	1
14500739	449447.MAE_11140	12.2	1
14504289	449447.MAE_46650	12.2	1
14500714	449447.MAE_10890	12.2	1
14499836	449447.MAE_02100	12.2	2
14502885	449447.MAE_32610	12.2	2
14501502	449447.MAE_18770	12.1	1
14500936	449447.MAE_13110	12.1	1
14504055	449447.MAE_44320	12.1	1
14503986	449447.MAE_43630	12.1	2
14505019	449447.MAE_53930	12.0	1
14499630	449447.MAE_00040	12.0	1
14505636	449447.MAE_60100	11.9	1
14499856	449447.MAE_02300	11.9	2
14500873	449447.MAE_12480	11.9	1
14504683	449447.MAE_50580	11.9	1
14502603	449447.MAE_29790	11.9	1
14505758	449447.MAE_61320	11.9	1
14505300	449447.MAE_56750	11.9	1
14504939	449447.MAE_53130	11.8	1
14505826	449447.MAE_62000	11.8	1
14501203	449447.MAE_15780	11.8	1
14502571	449447.MAE_29470	11.7	1
14501922	449447.MAE_22970	11.7	2
14499963	449447.MAE_03370	11.5	1
14503828	449447.MAE_42050	11.5	2
14505532	449447.MAE_59060	11.4	1
14503115	449447.MAE_34920	11.4	1
14501362	449447.MAE_17370	11.3	1
14499748	449447.MAE_01220	11.3	1
14501819	449447.MAE_21940	11.3	1
14505206	449447.MAE_55810	11.3	1
14504029	449447.MAE_44060	11.3	1
14499743	449447.MAE_01170	11.2	1
14505223	449447.MAE_55980	11.2	1
14505060	449447.MAE_54350	11.2	1
14500550	449447.MAE_09250	11.2	1
14502075	449447.MAE_24500	11.2	1
14503987	449447.MAE_43640	11.1	1
14502165	449447.MAE_25400	11.0	1
14503982	449447.MAE_43590	11.0	3
14503789	449447.MAE_41660	11.0	1
14504494	449447.MAE_48690	10.9	1
14505659	449447.MAE_60330	10.9	1
14503693	449447.MAE_40700	10.9	1
14502020	449447.MAE_23950	10.9	1
14500071	449447.MAE_04450	10.9	1
14500222	449447.MAE_05960	10.7	1
14505092	449447.MAE_54670	10.7	2
14502408	449447.MAE_27820	10.7	1
14504617	449447.MAE_49920	10.7	1
14503757	449447.MAE_41340	10.7	2
14501107	449447.MAE_14820	10.7	1
14502962	449447.MAE_33400	10.6	3
14502290	449447.MAE_26640	10.6	1
14504997	449447.MAE_53710	10.5	1
14505783	449447.MAE_61570	10.4	1
14499987	449447.MAE_03610	10.4	3
14502158	449447.MAE_25330	10.4	1
14499749	449447.MAE_01230	10.4	1
14503758	449447.MAE_41350	10.4	2
14503266	449447.MAE_36430	10.3	1
14505411	449447.MAE_57850	10.3	1
14499906	449447.MAE_02800	10.3	1
14502043	449447.MAE_24180	10.3	1
14499926	449447.MAE_03000	10.3	1
14504673	449447.MAE_50480	10.3	1
14501281	449447.MAE_16560	10.3	1
14499932	449447.MAE_03060	10.2	1
14504078	449447.MAE_44550	10.2	1
14503189	449447.MAE_35660	10.2	1
14501127	449447.MAE_15020	10.2	2
14505503	449447.MAE_58770	10.1	1
14505787	449447.MAE_61610	10.1	1
14501840	449447.MAE_22150	10.1	1
14504338	449447.MAE_47140	10.1	1
14505384	449447.MAE_57590	10.1	1
14502643	449447.MAE_30190	9.97	1
14505542	449447.MAE_59160	9.89	1
14503226	449447.MAE_36030	9.88	1
14505496	449447.MAE_58700	9.87	1
14505424	449447.MAE_57980	9.81	1
14499955	449447.MAE_03290	9.74	1
14500967	449447.MAE_13420	9.72	1
14505277	449447.MAE_56520	9.59	1
14502615	449447.MAE_29910	9.58	1
14500529	449447.MAE_09040	9.58	1
14499940	449447.MAE_03140	9.51	1
14505467	449447.MAE_58410	9.43	1
14505419	449447.MAE_57930	9.34	2
14503975	449447.MAE_43520	9.32	1
14502894	449447.MAE_32700	9.3	1
14501566	449447.MAE_19410	9.26	2
14504118	449447.MAE_44950	9.24	1
14502893	449447.MAE_32690	9.2	1
14504604	449447.MAE_49790	9.13	1
14503607	449447.MAE_39840	9.09	1
14504678	449447.MAE_50530	9.03	3
14505873	449447.MAE_62470	8.94	1
14504851	449447.MAE_52260	8.94	1
14503125	449447.MAE_35020	8.89	1
14504438	449447.MAE_48130	8.8	1
14500040	449447.MAE_04140	8.8	1
14501355	449447.MAE_17300	8.76	1
14503479	449447.MAE_38560	8.59	3
14501603	449447.MAE_19780	8.58	1
14505627	449447.MAE_60010	8.56	7
14502081	449447.MAE_24560	8.55	1
14499805	449447.MAE_01790	8.47	1
14499804	449447.MAE_01780	8.39	1
14499901	449447.MAE_02750	8.32	1
14501971	449447.MAE_23460	8.32	1
14503725	449447.MAE_41020	8.29	1
14500865	449447.MAE_12400	8.25	1
14503486	449447.MAE_38630	8.21	3
14503277	449447.MAE_36540	8.17	1
14502694	449447.MAE_30700	8.07	2
14502736	449447.MAE_31120	7.89	3
14503209	449447.MAE_35860	7.89	1
14502570	449447.MAE_29460	7.87	1
14499733	449447.MAE_01070	7.66	1
14499803	449447.MAE_01770	7.64	1
14505634	449447.MAE_60080	7.57	1
14505732	449447.MAE_61060	7.52	1
14501911	449447.MAE_22860	7.51	1
14504432	449447.MAE_48070	7.47	1
14502622	449447.MAE_29980	7.44	1
14502317	449447.MAE_26910	7.44	1
14503953	449447.MAE_43300	7.44	1
14502594	449447.MAE_29700	7.42	1
14502491	449447.MAE_28650	7.37	1
14502272	449447.MAE_26460	7.37	1
14501763	449447.MAE_21380	7.32	1
14502454	449447.MAE_28280	7.17	1
14504372	449447.MAE_47470	7.14	1
14502944	449447.MAE_33220	7.14	1
14504189	449447.MAE_45660	7.14	1
14503213	449447.MAE_35900	7.14	1
14499712	449447.MAE_00860	7.14	1
14501176	449447.MAE_15510	7.14	1
14499854	449447.MAE_02280	7.14	1
14499753	449447.MAE_01270	7.13	1
14502093	449447.MAE_24680	7.13	1
14502688	449447.MAE_30640	7.04	1
14505117	449447.MAE_54920	7.02	2
14503756	449447.MAE_41330	7.02	1
14505275	449447.MAE_56500	6.95	1
14501598	449447.MAE_19730	6.91	1
14499806	449447.MAE_01800	6.91	1
14501144	449447.MAE_15190	6.88	1
14500005	449447.MAE_03790	6.85	1
14505665	449447.MAE_60390	6.85	1
14499729	449447.MAE_01030	6.85	3
14505475	449447.MAE_58490	6.85	3
14504108	449447.MAE_44850	6.83	1
14500328	449447.MAE_07020	6.82	1
14502406	449447.MAE_27800	6.8	1
14502935	449447.MAE_33130	6.78	1
14503249	449447.MAE_36260	6.76	1
14500780	449447.MAE_11550	6.72	1
14501595	449447.MAE_19700	6.71	1
14504787	449447.MAE_51620	6.71	1
14505324	449447.MAE_56990	6.55	1
14500867	449447.MAE_12420	6.52	1
14501634	449447.MAE_20090	6.49	1
14505481	449447.MAE_58550	6.49	1
14501309	449447.MAE_16840	6.48	1
14505535	449447.MAE_59090	6.42	1
14501705	449447.MAE_20800	6.37	1
14501489	449447.MAE_18640	6.33	1
14500785	449447.MAE_11600	6.3	1
14505434	449447.MAE_58080	6.27	4
14505124	449447.MAE_54990	6.27	4
14500370	449447.MAE_07440	6.27	4
14504466	449447.MAE_48410	6.27	4
14505050	449447.MAE_54250	6.27	4
14499889	449447.MAE_02630	6.27	4
14500698	449447.MAE_10730	6.27	4
14504431	449447.MAE_48060	6.27	4
14500474	449447.MAE_08490	6.27	4
14504888	449447.MAE_52620	6.27	4
14505561	449447.MAE_59350	6.27	4
14504137	449447.MAE_45140	6.27	4
14504579	449447.MAE_49540	6.27	4
14500341	449447.MAE_07150	6.24	1
14500315	449447.MAE_06890	6.11	1
14502703	449447.MAE_30790	6.01	1
14504715	449447.MAE_50900	5.99	1
14503236	449447.MAE_36130	5.98	1
14503747	449447.MAE_41240	5.95	1
14502590	449447.MAE_29660	5.91	1
14504800	449447.MAE_51750	5.9	1
14499726	449447.MAE_01000	5.89	1
14505689	449447.MAE_60630	5.86	1
14505493	449447.MAE_58670	5.86	1
14501255	449447.MAE_16300	5.85	1
14500783	449447.MAE_11580	5.81	1
14504570	449447.MAE_49450	5.81	1
14499678	449447.MAE_00520	5.79	1
14504980	449447.MAE_53540	5.77	1
14500898	449447.MAE_12730	5.73	1
14500953	449447.MAE_13280	5.72	1
14500722	449447.MAE_10970	5.58	1
14505051	449447.MAE_54260	5.49	3
14500724	449447.MAE_10990	5.47	1
14503052	449447.MAE_34290	5.34	2
14505688	449447.MAE_60620	5.33	1
14502155	449447.MAE_25300	5.31	4
14501822	449447.MAE_21970	5.31	4
14505052	449447.MAE_54270	5.27	3
14503865	449447.MAE_42420	5.24	1
14500723	449447.MAE_10980	5.21	1
14499662	449447.MAE_00360	5.2	1
14500110	449447.MAE_04840	5.11	3
14502389	449447.MAE_27630	5.08	1
14502588	449447.MAE_29640	5.05	3
14503370	449447.MAE_37470	4.96	1
14504746	449447.MAE_51210	4.96	1
14505690	449447.MAE_60640	4.95	1
14505931	449447.MAE_63060	4.95	1
14503447	449447.MAE_38240	4.84	1
14502901	449447.MAE_32770	4.7	3
14502232	449447.MAE_26070	4.7	3
14501697	449447.MAE_20720	4.7	3
14505772	449447.MAE_61460	4.7	3
14505911	449447.MAE_62860	4.7	3
14501945	449447.MAE_23200	4.7	3
14504932	449447.MAE_53060	4.7	3
14500712	449447.MAE_10870	4.7	3
14503466	449447.MAE_38430	4.7	3
14500546	449447.MAE_09210	4.67	1
14502591	449447.MAE_29670	4.62	2
14503795	449447.MAE_41720	4.57	2
14504171	449447.MAE_45480	4.55	1
14503547	449447.MAE_39240	4.49	1
14500558	449447.MAE_09330	4.44	1
14503038	449447.MAE_34150	4.26	1
14501805	449447.MAE_21800	4.26	1
14502900	449447.MAE_32760	4.21	1
14504232	449447.MAE_46090	4.21	1
14505259	449447.MAE_56340	4.21	1
14504260	449447.MAE_46370	4.21	1
14499683	449447.MAE_00570	4.13	1
14503427	449447.MAE_38040	3.93	1
14505309	449447.MAE_56840	3.87	1
14504125	449447.MAE_45020	3.84	1
14505310	449447.MAE_56850	3.75	1
14502853	449447.MAE_32290	3.72	1
14500569	449447.MAE_09440	3.7	1
14503539	449447.MAE_39160	3.44	1
14502407	449447.MAE_27810	3.4	1
14503480	449447.MAE_38570	3.39	2
14501905	449447.MAE_22800	3.36	1
14502384	449447.MAE_27580	3.06	1
14505673	449447.MAE_60470	2.82	1
14503517	449447.MAE_38940	2.82	1
14505853	449447.MAE_62270	2.82	1
14500241	449447.MAE_06150	2.82	1
14501173	449447.MAE_15480	2.82	1
14501892	449447.MAE_22670	2.82	1
14504173	449447.MAE_45500	2.82	1
14503910	449447.MAE_42870	2.82	1
14505471	449447.MAE_58450	2.82	1
14499766	449447.MAE_01400	2.76	1
14503161	449447.MAE_35380	2.74	1
14503256	449447.MAE_36330	2.61	1
14505328	449447.MAE_57030	2.61	1
14502932	449447.MAE_33100	2.59	2
14504702	449447.MAE_50770	2.58	1
14505330	449447.MAE_57050	2.48	1
14505329	449447.MAE_57040	2.47	1
14505403	449447.MAE_57770	2.44	1
14505741	449447.MAE_61150	2.43	2
14502359	449447.MAE_27330	2.36	2
14499961	449447.MAE_03350	2.36	2
14502277	449447.MAE_26510	2.36	2
14503794	449447.MAE_41710	2.36	2
14501843	449447.MAE_22180	2.36	2
14503051	449447.MAE_34280	2.36	2
14504785	449447.MAE_51600	2.36	2
14503939	449447.MAE_43160	2.36	2
14502559	449447.MAE_29350	2.36	2
14501276	449447.MAE_16510	2.36	2
14500612	449447.MAE_09870	2.36	2
14501282	449447.MAE_16570	2.36	2
14502486	449447.MAE_28600	2.36	2
14501847	449447.MAE_22220	2.33	1
14505325	449447.MAE_57000	2.24	1
14500787	449447.MAE_11620	2.2	1
14503793	449447.MAE_41700	1.87	2
14505681	449447.MAE_60550	1.86	2
14505737	449447.MAE_61110	1.86	2
14500185	449447.MAE_05590	1.83	1
14503095	449447.MAE_34720	1.83	1
14500879	449447.MAE_12540	1.79	1
14501909	449447.MAE_22840	1.61	1
14505631	449447.MAE_60050	1.58	1
14503469	449447.MAE_38460	1.54	1
14505087	449447.MAE_54620	1.54	1
14501396	449447.MAE_17710	1.54	1
14503659	449447.MAE_40360	1.51	1
14501936	449447.MAE_23110	1.51	1
14504700	449447.MAE_50750	1.51	1
14503275	449447.MAE_36520	1.51	1
14501279	449447.MAE_16540	1.51	1
14503864	449447.MAE_42410	1.51	1
14504808	449447.MAE_51830	1.51	1
14503134	449447.MAE_35110	1.49	1
14503888	449447.MAE_42650	1.44	1
14502987	449447.MAE_33650	1.41	2
14503066	449447.MAE_34430	1.41	2
14504626	449447.MAE_50010	1.39	1
14504979	449447.MAE_53530	1.39	1
14504622	449447.MAE_49970	1.39	1
14505639	449447.MAE_60130	1.32	1
14502337	449447.MAE_27110	1.31	2
14503554	449447.MAE_39310	1.3	2
14505042	449447.MAE_54170	1.3	2
14500409	449447.MAE_07830	1.3	2
14500554	449447.MAE_09290	1.3	2
14504470	449447.MAE_48450	1.3	2
14503613	449447.MAE_39900	1.3	2
14505860	449447.MAE_62340	1.3	2
14503893	449447.MAE_42700	1.3	2
14505326	449447.MAE_57010	1.3	2
14500521	449447.MAE_08960	1.3	2
14500616	449447.MAE_09910	1.28	2
14502952	449447.MAE_33300	1.28	2
14505473	449447.MAE_58470	0.914	1
14501846	449447.MAE_22210	0.869	1
14505477	449447.MAE_58510	0.811	1
14505736	449447.MAE_61100	0.795	1
14504006	449447.MAE_43830	0.712	1
14503068	449447.MAE_34450	0.486	1
14502279	449447.MAE_26530	0.336	1
14499792	449447.MAE_01660	0.32	1
14505551	449447.MAE_59250	0.286	1
14502557	449447.MAE_29330	0.269	1
14500458	449447.MAE_08320	0.211	1
14500955	449447.MAE_13300	0.211	1
14503880	449447.MAE_42570	0.209	1
14500144	449447.MAE_05180	0.209	1
14504827	449447.MAE_52020	0.209	1
14501887	449447.MAE_22620	0.209	1
14502109	449447.MAE_24840	0.209	1
14505186	449447.MAE_55610	0.209	1
14502386	449447.MAE_27600	0.209	1
14502313	449447.MAE_26870	0.209	1
14503073	449447.MAE_34500	0.208	1
14504585	449447.MAE_49600	0.208	1
14500239	449447.MAE_06130	0.208	1
14505676	449447.MAE_60500	0.208	1
14502339	449447.MAE_27130	0.208	1
14500121	449447.MAE_04950	0.208	1
14504169	449447.MAE_45460	0.208	1
14500346	449447.MAE_07200	0.208	1
14499953	449447.MAE_03270	0.208	1
14499682	449447.MAE_00560	0.206	1
14505552	449447.MAE_59260	0.206	1
14500105	449447.MAE_04790	0.205	1
14500687	449447.MAE_10620	0.205	1
14504379	449447.MAE_47540	0.205	1
14500124	449447.MAE_04980	0.205	1
14499779	449447.MAE_01530	0.205	1
14503892	449447.MAE_42690	0.205	1
14505766	449447.MAE_61400	0.205	1
14501734	449447.MAE_21090	0.205	1
