#id: 3141380789
#name: Microcystis aeruginosa - Whole organism, Uwoccmrd, SC (Alexova,mcp,2011)
#score: 2.3
#description: abundance based on Spectral counting UWOCCMRD, UWOCCMRD, Interaction consistency score: 2.3, Coverage: 39
#organ: WHOLE_ORGANISM
#integrated: false
#coverage: 39
#link: http://www.ncbi.nlm.nih.gov/pubmed/21610102
#publication_year: 2011
#filename: 449447-MicrocystisAeruginosa_strainNIES-843_UWOCCMRD_PRIDE.txt
#
#internal_id	string_external_id	abundance	raw_spectral_count
14502070	449447.MAE_24450	132592	4881
14502071	449447.MAE_24460	67328	2226
14500652	449447.MAE_10270	36183	1085
14500651	449447.MAE_10260	35121	1355
14500649	449447.MAE_10240	24809	243
14500881	449447.MAE_12560	24645	241
14504354	449447.MAE_47290	20672	556
14505026	449447.MAE_54000	18142	18
14503992	449447.MAE_43690	17422	222
14504459	449447.MAE_48340	16838	780
14502073	449447.MAE_24480	14792	570
14500809	449447.MAE_11840	13896	214
14504418	449447.MAE_47930	13836	331
14504419	449447.MAE_47940	13500	339
14500235	449447.MAE_06090	10856	1017
14505549	449447.MAE_59230	10779	189
14503206	449447.MAE_35830	9209	285
14501516	449447.MAE_18910	8772	565
14502825	449447.MAE_32010	8307	86
14502425	449447.MAE_27990	7750	821
14505025	449447.MAE_53990	7748	284
14502626	449447.MAE_30020	7203	362
14502871	449447.MAE_32470	6840	437
14499718	449447.MAE_00920	6242	635
14501105	449447.MAE_14800	6225	562
14504246	449447.MAE_46230	6210	139
14504048	449447.MAE_44250	5957	338
14501548	449447.MAE_19230	5879	334
14504230	449447.MAE_46070	5818	91
14501190	449447.MAE_15650	5805	31
14499690	449447.MAE_00640	5802	295
14500248	449447.MAE_06220	5717	450
14501789	449447.MAE_21640	5520	208
14504638	449447.MAE_50130	5519	103
14504412	449447.MAE_47870	5446	147
14501547	449447.MAE_19220	5195	181
14503899	449447.MAE_42760	5036	486
14502804	449447.MAE_31800	4976	51
14502978	449447.MAE_33560	4669	63
14501955	449447.MAE_23300	4651	116
14499719	449447.MAE_00930	4583	61
14501785	449447.MAE_21600	4506	101
14503274	449447.MAE_36510	4435	128
14505253	449447.MAE_56280	4308	76
14502256	449447.MAE_26300	4268	251
14503990	449447.MAE_43670	4244	293
14504231	449447.MAE_46080	4191	441
14505062	449447.MAE_54370	4006	69
14503136	449447.MAE_35130	3864	93
14503736	449447.MAE_41130	3699	54
14504105	449447.MAE_44820	3691	127
14505371	449447.MAE_57460	3573	55
14504089	449447.MAE_44660	3516	240
14505635	449447.MAE_60090	3409	55
14500159	449447.MAE_05330	3388	79
14500994	449447.MAE_13690	3226	100
14501552	449447.MAE_19270	3216	344
14505841	449447.MAE_62150	3179	150
14505164	449447.MAE_55390	3125	82
14505719	449447.MAE_60930	3106	110
14502927	449447.MAE_33030	2978	46
14504633	449447.MAE_50080	2957	85
14504641	449447.MAE_50160	2915	182
14502053	449447.MAE_24280	2909	32
14504562	449447.MAE_49370	2904	557
14502128	449447.MAE_25030	2885	261
14500987	449447.MAE_13620	2883	287
14502779	449447.MAE_31550	2777	134
14501456	449447.MAE_18310	2594	116
14503253	449447.MAE_36300	2490	164
14502873	449447.MAE_32490	2473	120
14505358	449447.MAE_57330	2452	59
14500286	449447.MAE_06600	2428	25
14501138	449447.MAE_15130	2340	64
14501509	449447.MAE_18840	2308	212
14504183	449447.MAE_45600	2267	39
14504640	449447.MAE_50150	2263	68
14502846	449447.MAE_32220	2235	59
14505356	449447.MAE_57310	2223	74
14500451	449447.MAE_08250	2177	18
14503786	449447.MAE_41630	2137	38
14499967	449447.MAE_03410	2092	233
14504463	449447.MAE_48380	2092	117
14503112	449447.MAE_34890	2062	136
14502923	449447.MAE_32990	2026	106
14504650	449447.MAE_50250	1960	168
14504630	449447.MAE_50050	1954	70
14504792	449447.MAE_51670	1913	39
14501463	449447.MAE_18380	1852	108
14503227	449447.MAE_36040	1839	52
14505344	449447.MAE_57190	1797	79
14503529	449447.MAE_39060	1781	44
14502979	449447.MAE_33570	1751	74
14500214	449447.MAE_05880	1658	1
14503272	449447.MAE_36490	1649	39
14503224	449447.MAE_36010	1613	4
14505909	449447.MAE_62840	1609	46
14500253	449447.MAE_06270	1541	34
14504382	449447.MAE_47570	1525	125
14501829	449447.MAE_22040	1513	16
14504226	449447.MAE_46030	1480	22
14504637	449447.MAE_50120	1451	3
14504417	449447.MAE_47920	1377	18
14504117	449447.MAE_44940	1377	63
14505252	449447.MAE_56270	1366	21
14504088	449447.MAE_44650	1316	30
14505898	449447.MAE_62720	1312	53
14503468	449447.MAE_38450	1295	87
14503755	449447.MAE_41320	1294	47
14501587	449447.MAE_19620	1290	16
14500956	449447.MAE_13310	1265	30
14504420	449447.MAE_47950	1248	18
14500309	449447.MAE_06830	1231	13
14505333	449447.MAE_57080	1227	79
14499905	449447.MAE_02790	1211	29
14500802	449447.MAE_11770	1208	77
14504995	449447.MAE_53690	1191	26
14502926	449447.MAE_33020	1186	9
14502159	449447.MAE_25340	1143	91
14500308	449447.MAE_06820	1115	14
14502385	449447.MAE_27590	1109	32
14499876	449447.MAE_02500	1088	35
14505544	449447.MAE_59180	1078	27
14505543	449447.MAE_59170	1073	62
14504060	449447.MAE_44370	1057	22
14500756	449447.MAE_11310	1031	19
14501974	449447.MAE_23490	1008	21
14505349	449447.MAE_57240	983	31
14499720	449447.MAE_00940	981	23
14504430	449447.MAE_48050	973	9
14505512	449447.MAE_58860	966	40
14500882	449447.MAE_12570	964	85
14501231	449447.MAE_16060	963	54
14504793	449447.MAE_51680	957	32
14505343	449447.MAE_57180	945	46
14504222	449447.MAE_45990	936	28
14503285	449447.MAE_36620	925	20
14504642	449447.MAE_50170	915	52
14501207	449447.MAE_15820	910	37
14505063	449447.MAE_54380	893	46
14504639	449447.MAE_50140	885	33
14504192	449447.MAE_45690	881	20
14502016	449447.MAE_23910	870	23
14505359	449447.MAE_57340	852	7
14500251	449447.MAE_06250	845	38
14504741	449447.MAE_51160	844	12
14502435	449447.MAE_28090	837	22
14505795	449447.MAE_61690	819	28
14500333	449447.MAE_07070	816	34
14501792	449447.MAE_21670	810	23
14501933	449447.MAE_23080	807	48
14504965	449447.MAE_53390	798	120
14503714	449447.MAE_40910	797	25
14501122	449447.MAE_14970	793	66
14505313	449447.MAE_56880	775	19
14504210	449447.MAE_45870	758	15
14504378	449447.MAE_47530	730	18
14503738	449447.MAE_41150	727	48
14504414	449447.MAE_47890	718	38
14504381	449447.MAE_47560	703	85
14501186	449447.MAE_15610	695	6
14504611	449447.MAE_49860	690	42
14503286	449447.MAE_36630	689	34
14505657	449447.MAE_60310	686	54
14503739	449447.MAE_41160	674	52
14501423	449447.MAE_17980	674	52
14503898	449447.MAE_42750	674	11
14504294	449447.MAE_46700	666	14
14504416	449447.MAE_47910	661	94
14501193	449447.MAE_15680	660	14
14500934	449447.MAE_13090	655	66
14505571	449447.MAE_59450	649	17
14501478	449447.MAE_18530	648	15
14505363	449447.MAE_57380	637	13
14504039	449447.MAE_44160	631	4
14500812	449447.MAE_11870	628	40
14500361	449447.MAE_07350	607	17
14500626	449447.MAE_10010	605	148
14505303	449447.MAE_56780	603	30
14504014	449447.MAE_43910	600	41
14503400	449447.MAE_37770	598	23
14504857	449447.MAE_52320	598	60
14505625	449447.MAE_59990	595	9
14504664	449447.MAE_50390	593	10
14503132	449447.MAE_35090	589	34
14502888	449447.MAE_32640	585	18
14504326	449447.MAE_47020	576	9
14502377	449447.MAE_27510	550	32
14501541	449447.MAE_19160	541	15
14501098	449447.MAE_14730	540	45
14503418	449447.MAE_37950	540	17
14503960	449447.MAE_43370	533	44
14502015	449447.MAE_23900	531	30
14501053	449447.MAE_14280	521	36
14505456	449447.MAE_58300	507	13
14502060	449447.MAE_24350	500	17
14504248	449447.MAE_46250	496	24
14504228	449447.MAE_46050	496	24
14505894	449447.MAE_62680	487	26
14501982	449447.MAE_23570	486	38
14505360	449447.MAE_57350	484	6
14504875	449447.MAE_52500	483	13
14505368	449447.MAE_57430	467	12
14505215	449447.MAE_55900	466	26
14501795	449447.MAE_21700	465	14
14501468	449447.MAE_18430	457	16
14502798	449447.MAE_31740	448	10
14505836	449447.MAE_62100	447	6
14500034	449447.MAE_04080	429	20
14505590	449447.MAE_59640	429	31
14500589	449447.MAE_09640	425	9
14503434	449447.MAE_38110	424	16
14501798	449447.MAE_21730	424	28
14500256	449447.MAE_06300	421	33
14503684	449447.MAE_40610	407	10
14505269	449447.MAE_56440	404	14
14504325	449447.MAE_47010	401	1
14504796	449447.MAE_51710	401	18
14500939	449447.MAE_13140	401	7
14501147	449447.MAE_15220	399	34
14499647	449447.MAE_00210	395	22
14500357	449447.MAE_07310	391	12
14502686	449447.MAE_30620	391	25
14500482	449447.MAE_08570	390	2
14500662	449447.MAE_10370	384	11
14503857	449447.MAE_42340	383	9
14499808	449447.MAE_01820	383	17
14502268	449447.MAE_26420	381	28
14505563	449447.MAE_59370	378	29
14503368	449447.MAE_37450	371	7
14502530	449447.MAE_29060	370	11
14502543	449447.MAE_29190	370	1
14502247	449447.MAE_26210	365	30
14502255	449447.MAE_26290	363	11
14503548	449447.MAE_39250	356	10
14502678	449447.MAE_30540	356	13
14504648	449447.MAE_50230	353	1
14502929	449447.MAE_33070	353	15
14501317	449447.MAE_16920	345	15
14499910	449447.MAE_02840	342	17
14500412	449447.MAE_07860	341	24
14500579	449447.MAE_09540	335	19
14500580	449447.MAE_09550	333	4
14505650	449447.MAE_60240	323	1
14505299	449447.MAE_56740	323	8
14504754	449447.MAE_51290	321	7
14505569	449447.MAE_59430	320	5
14502495	449447.MAE_28690	318	8
14503652	449447.MAE_40290	318	3
14501016	449447.MAE_13910	315	16
14504969	449447.MAE_53430	314	17
14501522	449447.MAE_18970	313	5
14504202	449447.MAE_45790	312	14
14505748	449447.MAE_61220	310	1
14502305	449447.MAE_26790	307	8
14502169	449447.MAE_25440	301	1
14501630	449447.MAE_20050	301	9
14504528	449447.MAE_49030	300	4
14500112	449447.MAE_04860	300	1
14504670	449447.MAE_50450	297	24
14505317	449447.MAE_56920	297	8
14501506	449447.MAE_18810	295	2
14504694	449447.MAE_50690	295	22
14505002	449447.MAE_53760	295	16
14503442	449447.MAE_38190	293	4
14503131	449447.MAE_35080	292	14
14504631	449447.MAE_50060	285	17
14502860	449447.MAE_32360	284	3
14501480	449447.MAE_18550	282	15
14504752	449447.MAE_51270	280	11
14501041	449447.MAE_14160	279	1
14503620	449447.MAE_39970	278	8
14505808	449447.MAE_61820	278	33
14505935	449447.MAE_63100	278	28
14500029	449447.MAE_04030	277	3
14505225	449447.MAE_56000	276	2
14501030	449447.MAE_14050	274	1
14499750	449447.MAE_01240	273	4
14504127	449447.MAE_45040	273	9
14500963	449447.MAE_13380	272	1
14502254	449447.MAE_26280	269	17
14504964	449447.MAE_53380	266	1
14501643	449447.MAE_20180	266	57
14504887	449447.MAE_52610	265	11
14503534	449447.MAE_39110	263	14
14504429	449447.MAE_48040	262	1
14505640	449447.MAE_60140	261	13
14505260	449447.MAE_56350	258	11
14502468	449447.MAE_28420	258	7
14504250	449447.MAE_46270	257	17
14500676	449447.MAE_10510	256	69
14505440	449447.MAE_58140	256	69
14500647	449447.MAE_10220	256	69
14500663	449447.MAE_10380	256	69
14500705	449447.MAE_10800	256	69
14499924	449447.MAE_02980	255	4
14499938	449447.MAE_03120	255	8
14502493	449447.MAE_28670	254	44
14504156	449447.MAE_45330	254	15
14505365	449447.MAE_57400	253	6
14501464	449447.MAE_18390	253	15
14504012	449447.MAE_43890	252	1
14501513	449447.MAE_18880	252	10
14502792	449447.MAE_31680	251	4
14502342	449447.MAE_27160	249	20
14501329	449447.MAE_17040	247	1
14501624	449447.MAE_19990	247	50
14505820	449447.MAE_61940	246	17
14500355	449447.MAE_07290	245	8
14501166	449447.MAE_15410	244	1
14502742	449447.MAE_31180	243	17
14504066	449447.MAE_44430	241	13
14505492	449447.MAE_58660	240	7
14502753	449447.MAE_31290	240	6
14499888	449447.MAE_02620	240	38
14504879	449447.MAE_52540	240	16
14503257	449447.MAE_36340	236	2
14505695	449447.MAE_60690	235	6
14500486	449447.MAE_08610	234	1
14504833	449447.MAE_52080	228	1
14502018	449447.MAE_23930	228	4
14500893	449447.MAE_12680	226	14
14502632	449447.MAE_30080	226	1
14501585	449447.MAE_19600	225	10
14502063	449447.MAE_24380	222	1
14504486	449447.MAE_48610	222	4
14502862	449447.MAE_32380	222	12
14504203	449447.MAE_45800	219	14
14501434	449447.MAE_18090	217	3
14505895	449447.MAE_62690	216	12
14505355	449447.MAE_57300	216	5
14502817	449447.MAE_31930	215	5
14502460	449447.MAE_28340	214	3
14499697	449447.MAE_00710	204	16
14501712	449447.MAE_20870	203	1
14503385	449447.MAE_37620	203	6
14505599	449447.MAE_59730	201	12
14499872	449447.MAE_02460	201	1
14501841	449447.MAE_22160	200	6
14503897	449447.MAE_42740	200	19
14500666	449447.MAE_10410	197	25
14502138	449447.MAE_25130	195	23
14500226	449447.MAE_06000	195	18
14503299	449447.MAE_36760	193	19
14505826	449447.MAE_62000	192	16
14504220	449447.MAE_45970	188	12
14502037	449447.MAE_24120	187	1
14500764	449447.MAE_11390	187	3
14500840	449447.MAE_12150	187	5
14500737	449447.MAE_11120	186	6
14499685	449447.MAE_00590	186	10
14502999	449447.MAE_33770	186	1
14501713	449447.MAE_20880	184	2
14501959	449447.MAE_23340	184	5
14503127	449447.MAE_35040	182	1
14505526	449447.MAE_59000	182	16
14501817	449447.MAE_21920	181	11
14504090	449447.MAE_44670	180	1
14504217	449447.MAE_45940	179	3
14503226	449447.MAE_36030	178	6
14500991	449447.MAE_13660	176	4
14501197	449447.MAE_15720	176	12
14504625	449447.MAE_50000	175	1
14505354	449447.MAE_57290	173	8
14504759	449447.MAE_51340	173	6
14504554	449447.MAE_49290	173	2
14503449	449447.MAE_38260	172	3
14502866	449447.MAE_32420	172	3
14499759	449447.MAE_01330	170	4
14502633	449447.MAE_30090	170	16
14505582	449447.MAE_59560	169	1
14503825	449447.MAE_42020	169	7
14505825	449447.MAE_61990	168	2
14503282	449447.MAE_36590	168	2
14503058	449447.MAE_34350	168	1
14502554	449447.MAE_29300	167	1
14501148	449447.MAE_15230	167	8
14505318	449447.MAE_56930	167	4
14505785	449447.MAE_61590	167	2
14500592	449447.MAE_09670	166	4
14502985	449447.MAE_33630	166	7
14500604	449447.MAE_09790	165	5
14501080	449447.MAE_14550	165	8
14504595	449447.MAE_49700	164	1
14501526	449447.MAE_19010	162	5
14503577	449447.MAE_39540	162	1
14503441	449447.MAE_38180	161	3
14501703	449447.MAE_20780	159	8
14505339	449447.MAE_57140	158	5
14503292	449447.MAE_36690	158	5
14504145	449447.MAE_45220	156	3
14502974	449447.MAE_33520	154	1
14501284	449447.MAE_16590	153	16
14502036	449447.MAE_24110	153	1
14500217	449447.MAE_05910	153	2
14504280	449447.MAE_46570	153	3
14501826	449447.MAE_22010	153	11
14504665	449447.MAE_50400	153	2
14503008	449447.MAE_33860	153	1
14501040	449447.MAE_14150	153	3
14500803	449447.MAE_11780	152	5
14501815	449447.MAE_21900	152	14
14499886	449447.MAE_02600	152	10
14500754	449447.MAE_11290	152	10
14505832	449447.MAE_62060	151	27
14499885	449447.MAE_02590	151	13
14505230	449447.MAE_56050	151	1
14499671	449447.MAE_00450	150	1
14502533	449447.MAE_29090	150	2
14504304	449447.MAE_46800	150	4
14505293	449447.MAE_56680	149	10
14504153	449447.MAE_45300	149	2
14505643	449447.MAE_60170	148	2
14505244	449447.MAE_56190	146	1
14505038	449447.MAE_54130	146	13
14504317	449447.MAE_46930	145	1
14502988	449447.MAE_33660	145	3
14503904	449447.MAE_42810	145	2
14503330	449447.MAE_37070	145	5
14500768	449447.MAE_11430	145	6
14503544	449447.MAE_39210	144	21
14505001	449447.MAE_53750	144	3
14501246	449447.MAE_16210	144	1
14504596	449447.MAE_49710	143	1
14504880	449447.MAE_52550	141	3
14502723	449447.MAE_30990	141	1
14501337	449447.MAE_17120	141	1
14501010	449447.MAE_13850	141	2
14501435	449447.MAE_18100	140	1
14499917	449447.MAE_02910	139	4
14500254	449447.MAE_06280	139	4
14499835	449447.MAE_02090	139	16
14501944	449447.MAE_23190	139	7
14500834	449447.MAE_12090	138	1
14502040	449447.MAE_24150	137	8
14503295	449447.MAE_36720	137	10
14505351	449447.MAE_57260	136	4
14504912	449447.MAE_52860	136	6
14505336	449447.MAE_57110	136	1
14501155	449447.MAE_15300	136	1
14503988	449447.MAE_43650	134	16
14504613	449447.MAE_49880	134	1
14499691	449447.MAE_00650	134	1
14504987	449447.MAE_53610	133	3
14502606	449447.MAE_29820	133	67
14500165	449447.MAE_05390	132	1
14500982	449447.MAE_13570	132	5
14504823	449447.MAE_51980	132	13
14505082	449447.MAE_54570	132	6
14499981	449447.MAE_03550	132	1
14505822	449447.MAE_61960	132	12
14503618	449447.MAE_39950	131	19
14505716	449447.MAE_60900	131	2
14502580	449447.MAE_29560	130	1
14502681	449447.MAE_30570	130	3
14501859	449447.MAE_22340	130	5
14503631	449447.MAE_40080	130	1
14499991	449447.MAE_03650	129	3
14500236	449447.MAE_06100	129	2
14501908	449447.MAE_22830	128	5
14503343	449447.MAE_37200	128	3
14505027	449447.MAE_54010	128	5
14504985	449447.MAE_53590	128	1
14502052	449447.MAE_24270	128	8
14499696	449447.MAE_00700	128	14
14504408	449447.MAE_47830	127	1
14501368	449447.MAE_17430	127	3
14500263	449447.MAE_06370	127	5
14505796	449447.MAE_61700	126	2
14501181	449447.MAE_15560	126	2
14505907	449447.MAE_62820	126	3
14505567	449447.MAE_59410	126	1
14502266	449447.MAE_26400	126	12
14505367	449447.MAE_57420	125	5
14502352	449447.MAE_27260	125	13
14501816	449447.MAE_21910	124	3
14502351	449447.MAE_27250	124	3
14503983	449447.MAE_43600	124	11
14500801	449447.MAE_11760	123	2
14504144	449447.MAE_45210	123	1
14499809	449447.MAE_01830	122	6
14500262	449447.MAE_06360	122	6
14503900	449447.MAE_42770	122	17
14501120	449447.MAE_14950	122	1
14505906	449447.MAE_62810	122	1
14505030	449447.MAE_54040	122	5
14502859	449447.MAE_32350	122	2
14504147	449447.MAE_45240	122	4
14502253	449447.MAE_26270	122	3
14504277	449447.MAE_46540	121	1
14502614	449447.MAE_29900	121	4
14505165	449447.MAE_55400	121	1
14504218	449447.MAE_45950	121	11
14504489	449447.MAE_48640	121	2
14502827	449447.MAE_32030	120	2
14501808	449447.MAE_21830	120	2
14501924	449447.MAE_22990	119	1
14500008	449447.MAE_03820	118	17
14503055	449447.MAE_34320	118	1
14499659	449447.MAE_00330	118	2
14504185	449447.MAE_45620	118	1
14505088	449447.MAE_54630	118	1
14502586	449447.MAE_29620	118	1
14504249	449447.MAE_46260	118	13
14503753	449447.MAE_41300	117	2
14505352	449447.MAE_57270	117	4
14501243	449447.MAE_16180	116	4
14504269	449447.MAE_46460	116	13
14504897	449447.MAE_52710	116	6
14505568	449447.MAE_59420	115	1
14500485	449447.MAE_08600	115	25
14503713	449447.MAE_40900	115	13
14505855	449447.MAE_62290	115	1
14501115	449447.MAE_14900	114	11
14499974	449447.MAE_03480	114	1
14500623	449447.MAE_09980	113	1
14503453	449447.MAE_38300	113	1
14505380	449447.MAE_57550	113	3
14503392	449447.MAE_37690	113	2
14501350	449447.MAE_17250	112	1
14501619	449447.MAE_19940	112	1
14505064	449447.MAE_54390	112	2
14500693	449447.MAE_10680	112	1
14501555	449447.MAE_19300	111	3
14501400	449447.MAE_17750	111	1
14505564	449447.MAE_59380	110	5
14505565	449447.MAE_59390	110	9
14501183	449447.MAE_15580	110	5
14501669	449447.MAE_20440	110	1
14504401	449447.MAE_47760	110	1
14505810	449447.MAE_61840	110	19
14503591	449447.MAE_39680	109	1
14501175	449447.MAE_15500	109	1
14501179	449447.MAE_15540	109	5
14505036	449447.MAE_54100	109	5
14499848	449447.MAE_02220	109	1
14503451	449447.MAE_38280	109	1
14505904	449447.MAE_62790	108	1
14500271	449447.MAE_06450	107	4
14504483	449447.MAE_48580	107	1
14504676	449447.MAE_50510	106	3
14500192	449447.MAE_05660	106	3
14500545	449447.MAE_09200	106	3
14504559	449447.MAE_49340	105	17
14505305	449447.MAE_56800	105	4
14504010	449447.MAE_43870	105	4
14505316	449447.MAE_56910	105	8
14500392	449447.MAE_07660	105	1
14504549	449447.MAE_49240	105	3
14502758	449447.MAE_31340	105	1
14500297	449447.MAE_06710	105	3
14503338	449447.MAE_37150	105	10
14501182	449447.MAE_15570	104	5
14502991	449447.MAE_33690	104	7
14503943	449447.MAE_43200	104	1
14500137	449447.MAE_05110	104	1
14500227	449447.MAE_06010	103	9
14500398	449447.MAE_07720	103	1
14501077	449447.MAE_14520	103	1
14503946	449447.MAE_43230	103	1
14504847	449447.MAE_52220	103	1
14500456	449447.MAE_08300	103	1
14504806	449447.MAE_51810	103	1
14505291	449447.MAE_56660	102	1
14499741	449447.MAE_01150	102	1
14505183	449447.MAE_55580	102	18
14499722	449447.MAE_00960	102	1
14500495	449447.MAE_08700	102	1
14499703	449447.MAE_00770	102	1
14502051	449447.MAE_24260	102	4
14503598	449447.MAE_39750	101	2
14501770	449447.MAE_21450	101	6
14499933	449447.MAE_03070	101	5
14503454	449447.MAE_38310	101	4
14505614	449447.MAE_59880	100	2
14505257	449447.MAE_56320	100	6
14501777	449447.MAE_21520	100.0	2
14504297	449447.MAE_46730	99.8	2
14502449	449447.MAE_28230	99.6	9
14504485	449447.MAE_48600	99.5	1
14500979	449447.MAE_13540	99.2	1
14505438	449447.MAE_58120	99.2	1
14504292	449447.MAE_46680	98.6	1
14500750	449447.MAE_11250	98.5	4
14505746	449447.MAE_61200	98.2	4
14503221	449447.MAE_35980	97.9	1
14502301	449447.MAE_26750	97.7	1
14501749	449447.MAE_21240	97.6	4
14504905	449447.MAE_52790	97.3	1
14505110	449447.MAE_54850	97.1	9
14502794	449447.MAE_31700	97.1	3
14499822	449447.MAE_01960	96.6	2
14505802	449447.MAE_61760	96.6	1
14504298	449447.MAE_46740	96.5	5
14502427	449447.MAE_28010	96.2	5
14500180	449447.MAE_05540	96.0	4
14499919	449447.MAE_02930	96.0	1
14501600	449447.MAE_19750	95.6	3
14504079	449447.MAE_44560	95.6	1
14501898	449447.MAE_22730	95.6	1
14504550	449447.MAE_49250	95.4	6
14504716	449447.MAE_50910	95.3	1
14505838	449447.MAE_62120	95.3	1
14501393	449447.MAE_17680	95.2	1
14504938	449447.MAE_53120	95.1	2
14501210	449447.MAE_15850	95.1	6
14505268	449447.MAE_56430	94.8	1
14501793	449447.MAE_21680	94.4	3
14505045	449447.MAE_54200	94.1	1
14500813	449447.MAE_11880	94.1	2
14505482	449447.MAE_58560	93.9	1
14505085	449447.MAE_54600	93.9	1
14501833	449447.MAE_22080	93.9	1
14503826	449447.MAE_42030	93.5	1
14502299	449447.MAE_26730	93.3	6
14503021	449447.MAE_33980	93.2	3
14502837	449447.MAE_32130	92.9	1
14500417	449447.MAE_07910	92.6	2
14500490	449447.MAE_08650	92.6	2
14503581	449447.MAE_39580	92.4	1
14503190	449447.MAE_35670	92.2	2
14501977	449447.MAE_23520	92.0	2
14499764	449447.MAE_01380	91.8	1
14503426	449447.MAE_38030	91.7	3
14500158	449447.MAE_05320	91.5	2
14503324	449447.MAE_37010	91.3	1
14505240	449447.MAE_56150	91.2	1
14504667	449447.MAE_50420	90.9	17
14503043	449447.MAE_34200	90.5	1
14500358	449447.MAE_07320	90.4	3
14503461	449447.MAE_38380	89.8	5
14500730	449447.MAE_11050	89.7	2
14501858	449447.MAE_22330	89.3	3
14503763	449447.MAE_41400	89.3	7
14503579	449447.MAE_39560	89.2	2
14501723	449447.MAE_20980	88.5	3
14502630	449447.MAE_30060	88.2	2
14502751	449447.MAE_31270	88.1	3
14500924	449447.MAE_12990	88.0	5
14502942	449447.MAE_33200	87.9	1
14500833	449447.MAE_12080	87.7	3
14504123	449447.MAE_45000	87.6	1
14502616	449447.MAE_29920	87.5	2
14500519	449447.MAE_08940	87.3	2
14502645	449447.MAE_30210	87.0	1
14505932	449447.MAE_63070	86.7	1
14504786	449447.MAE_51610	86.1	9
14505083	449447.MAE_54580	86.0	1
14500831	449447.MAE_12060	85.9	3
14500179	449447.MAE_05530	85.8	1
14502348	449447.MAE_27220	85.5	1
14502707	449447.MAE_30830	85.2	2
14500076	449447.MAE_04500	85.2	2
14501503	449447.MAE_18780	85.1	1
14500367	449447.MAE_07410	85.1	1
14502673	449447.MAE_30490	85.0	1
14503366	449447.MAE_37430	84.9	1
14503896	449447.MAE_42730	84.1	4
14502046	449447.MAE_24210	84.1	9
14503118	449447.MAE_34950	84.1	1
14501921	449447.MAE_22960	84.0	2
14499784	449447.MAE_01580	83.7	1
14502066	449447.MAE_24410	83.6	6
14505106	449447.MAE_54810	83.4	4
14504782	449447.MAE_51570	83.1	2
14503094	449447.MAE_34710	83.0	1
14504529	449447.MAE_49040	82.9	3
14505572	449447.MAE_59460	82.7	1
14500997	449447.MAE_13720	82.6	3
14501354	449447.MAE_17290	82.4	10
14504990	449447.MAE_53640	82.4	2
14505169	449447.MAE_55440	82.4	6
14504086	449447.MAE_44630	81.9	3
14503140	449447.MAE_35170	81.9	2
14505896	449447.MAE_62700	81.9	6
14502021	449447.MAE_23960	81.7	1
14499908	449447.MAE_02820	81.5	2
14500765	449447.MAE_11400	81.4	8
14501821	449447.MAE_21960	81.4	2
14499937	449447.MAE_03110	81.3	2
14500660	449447.MAE_10350	81.2	1
14499816	449447.MAE_01900	80.6	1
14504293	449447.MAE_46690	80.5	1
14499717	449447.MAE_00910	80.4	1
14505070	449447.MAE_54450	80.1	3
14502517	449447.MAE_28930	79.9	2
14502426	449447.MAE_28000	79.8	1
14499798	449447.MAE_01720	79.8	3
14502190	449447.MAE_25650	79.7	1
14499915	449447.MAE_02890	79.5	3
14504187	449447.MAE_45640	79.4	1
14501254	449447.MAE_16290	79.3	1
14499650	449447.MAE_00240	79.3	1
14500807	449447.MAE_11820	79.1	3
14504268	449447.MAE_46450	79.0	4
14505581	449447.MAE_59550	78.7	19
14505441	449447.MAE_58150	78.7	4
14500664	449447.MAE_10390	78.7	4
14502011	449447.MAE_23860	78.6	5
14505891	449447.MAE_62650	78.6	5
14500938	449447.MAE_13130	78.6	7
14499787	449447.MAE_01610	78.2	1
14502714	449447.MAE_30900	78.1	1
14503530	449447.MAE_39070	78.0	3
14504751	449447.MAE_51260	77.9	2
14501737	449447.MAE_21120	77.8	1
14500530	449447.MAE_09050	77.5	12
14500610	449447.MAE_09850	77.4	1
14503860	449447.MAE_42370	77.3	3
14500630	449447.MAE_10050	77.2	3
14501297	449447.MAE_16720	77.1	3
14503989	449447.MAE_43660	77.0	4
14500221	449447.MAE_05950	76.5	1
14501916	449447.MAE_22910	76.3	2
14499634	449447.MAE_00080	76.3	2
14500985	449447.MAE_13600	76.0	1
14505015	449447.MAE_53890	75.8	3
14504522	449447.MAE_48970	75.8	1
14501874	449447.MAE_22490	75.8	2
14499817	449447.MAE_01910	75.8	12
14501390	449447.MAE_17650	75.4	1
14505819	449447.MAE_61930	75.3	3
14502082	449447.MAE_24570	74.9	1
14505903	449447.MAE_62780	74.6	6
14503509	449447.MAE_38860	74.5	4
14502209	449447.MAE_25840	74.5	1
14502443	449447.MAE_28170	74.4	6
14505207	449447.MAE_55820	74.4	1
14505570	449447.MAE_59440	74.2	6
14500149	449447.MAE_05230	74.0	3
14499887	449447.MAE_02610	74.0	1
14503162	449447.MAE_35390	73.4	5
14502168	449447.MAE_25430	73.1	2
14505057	449447.MAE_54320	72.7	2
14501869	449447.MAE_22440	72.7	1
14501540	449447.MAE_19150	72.2	3
14505920	449447.MAE_62950	72.0	2
14505226	449447.MAE_56010	72.0	11
14503971	449447.MAE_43480	71.8	1
14505444	449447.MAE_58180	71.8	4
14501187	449447.MAE_15620	71.6	9
14503296	449447.MAE_36730	71.6	1
14499695	449447.MAE_00690	71.6	3
14505170	449447.MAE_55450	71.5	1
14505621	449447.MAE_59950	71.4	5
14505750	449447.MAE_61240	71.1	13
14502561	449447.MAE_29370	70.8	1
14503184	449447.MAE_35610	70.8	1
14505398	449447.MAE_57720	70.4	1
14501586	449447.MAE_19610	70.4	5
14502448	449447.MAE_28220	70.4	2
14501957	449447.MAE_23320	70.3	3
14504862	449447.MAE_52370	70.3	1
14503642	449447.MAE_40190	70.0	1
14501597	449447.MAE_19720	69.9	1
14499984	449447.MAE_03580	69.7	2
14505792	449447.MAE_61660	69.7	2
14500454	449447.MAE_08280	69.5	3
14505341	449447.MAE_57160	69.5	3
14500338	449447.MAE_07120	69.3	3
14501742	449447.MAE_21170	69.3	6
14505399	449447.MAE_57730	69.2	1
14503600	449447.MAE_39770	69.2	3
14500552	449447.MAE_09270	69.1	2
14505366	449447.MAE_57410	68.5	1
14504757	449447.MAE_51320	68.5	2
14500337	449447.MAE_07110	68.4	4
14501472	449447.MAE_18470	68.3	1
14505714	449447.MAE_60880	68.3	1
14500820	449447.MAE_11950	68.1	3
14505613	449447.MAE_59870	68.0	2
14504679	449447.MAE_50540	67.8	3
14499934	449447.MAE_03080	67.7	1
14502536	449447.MAE_29120	67.3	1
14501448	449447.MAE_18230	67.3	2
14502939	449447.MAE_33170	67.2	1
14500478	449447.MAE_08530	67.1	2
14501404	449447.MAE_17790	67.0	6
14499840	449447.MAE_02140	67.0	1
14502261	449447.MAE_26350	66.8	1
14500132	449447.MAE_05060	66.8	3
14505784	449447.MAE_61580	66.8	1
14502769	449447.MAE_31450	66.4	1
14501262	449447.MAE_16370	66.4	1
14501569	449447.MAE_19440	66.3	1
14503325	449447.MAE_37020	66.3	1
14504815	449447.MAE_51900	66.3	1
14504380	449447.MAE_47550	66.2	6
14500314	449447.MAE_06880	66.1	4
14502269	449447.MAE_26430	66.1	3
14501346	449447.MAE_17210	66.0	1
14502292	449447.MAE_26660	65.9	2
14504609	449447.MAE_49840	65.6	2
14500288	449447.MAE_06620	65.5	1
14504677	449447.MAE_50520	65.5	4
14502831	449447.MAE_32070	65.5	3
14500514	449447.MAE_08890	65.4	2
14501751	449447.MAE_21260	65.3	5
14500819	449447.MAE_11940	65.3	4
14505532	449447.MAE_59060	65.2	7
14504861	449447.MAE_52360	64.9	2
14505152	449447.MAE_55270	64.7	1
14501311	449447.MAE_16860	64.5	3
14501358	449447.MAE_17330	64.5	4
14503121	449447.MAE_34980	64.4	1
14501084	449447.MAE_14590	64.2	5
14504794	449447.MAE_51690	64.1	4
14500797	449447.MAE_11720	64.1	2
14505168	449447.MAE_55430	64.1	2
14505218	449447.MAE_55930	63.5	2
14499823	449447.MAE_01970	63.5	2
14503148	449447.MAE_35250	63.5	1
14505423	449447.MAE_57970	63.3	2
14503240	449447.MAE_36170	63.3	2
14501268	449447.MAE_16430	63.1	1
14503117	449447.MAE_34940	63.0	1
14505276	449447.MAE_56510	62.9	4
14503608	449447.MAE_39850	62.7	1
14503523	449447.MAE_39000	62.7	3
14504900	449447.MAE_52740	62.6	3
14503097	449447.MAE_34740	62.5	1
14501938	449447.MAE_23130	62.5	3
14500310	449447.MAE_06840	62.4	2
14504132	449447.MAE_45090	62.4	4
14500632	449447.MAE_10070	62.3	2
14502091	449447.MAE_24660	62.2	1
14504450	449447.MAE_48250	62.2	1
14500555	449447.MAE_09300	62.2	3
14501828	449447.MAE_22030	62.0	2
14504661	449447.MAE_50360	61.8	7
14502453	449447.MAE_28270	61.7	1
14504256	449447.MAE_46330	61.6	1
14501038	449447.MAE_14130	61.6	1
14505312	449447.MAE_56870	61.4	4
14505587	449447.MAE_59610	61.3	1
14505875	449447.MAE_62490	61.3	1
14503735	449447.MAE_41120	61.2	1
14502925	449447.MAE_33010	61.1	1
14500222	449447.MAE_05960	61.1	4
14503228	449447.MAE_36050	61.1	5
14502682	449447.MAE_30580	61.0	1
14501347	449447.MAE_17220	60.9	2
14504935	449447.MAE_53090	60.8	4
14504851	449447.MAE_52260	60.7	5
14503799	449447.MAE_41760	60.6	3
14502498	449447.MAE_28740	60.2	1
14504874	449447.MAE_52490	59.8	1
14503679	449447.MAE_40560	59.6	1
14502867	449447.MAE_32430	59.5	2
14504306	449447.MAE_46820	59.5	1
14505338	449447.MAE_57130	59.5	1
14504154	449447.MAE_45310	59.5	2
14500299	449447.MAE_06730	59.2	2
14500795	449447.MAE_11700	59.2	1
14501026	449447.MAE_14010	59.1	1
14502518	449447.MAE_28940	59.0	7
14502890	449447.MAE_32660	59.0	3
14501365	449447.MAE_17400	59.0	2
14503655	449447.MAE_40320	59.0	1
14499990	449447.MAE_03640	58.6	1
14501614	449447.MAE_19890	58.5	4
14504892	449447.MAE_52660	58.5	1
14504654	449447.MAE_50290	58.4	2
14500264	449447.MAE_06380	58.2	2
14502419	449447.MAE_27930	58.2	5
14501460	449447.MAE_18350	58.1	3
14502512	449447.MAE_28880	58.1	1
14500336	449447.MAE_07100	58.0	3
14500050	449447.MAE_04240	57.9	1
14500922	449447.MAE_12970	57.9	1
14504615	449447.MAE_49900	57.8	4
14501153	449447.MAE_15280	57.8	2
14505153	449447.MAE_55280	57.6	2
14500757	449447.MAE_11320	57.5	7
14499645	449447.MAE_00190	57.4	3
14500362	449447.MAE_07360	57.4	2
14502642	449447.MAE_30180	57.4	1
14505775	449447.MAE_61490	57.4	2
14499655	449447.MAE_00290	57.3	1
14501180	449447.MAE_15550	57.2	1
14500897	449447.MAE_12720	57.2	1
14505850	449447.MAE_62240	56.9	3
14500990	449447.MAE_13650	56.9	4
14499801	449447.MAE_01750	56.9	4
14500343	449447.MAE_07170	56.8	4
14502628	449447.MAE_30040	56.7	2
14502870	449447.MAE_32460	56.7	3
14503587	449447.MAE_39640	56.5	5
14501104	449447.MAE_14790	56.4	1
14502203	449447.MAE_25780	56.4	3
14500760	449447.MAE_11350	56.3	7
14503147	449447.MAE_35240	56.3	4
14503446	449447.MAE_38230	56.2	1
14501330	449447.MAE_17050	56.2	2
14500028	449447.MAE_04020	56.2	2
14504451	449447.MAE_48260	56.1	4
14501076	449447.MAE_14510	55.9	3
14500771	449447.MAE_11460	55.6	3
14502022	449447.MAE_23970	55.5	2
14500276	449447.MAE_06500	55.5	3
14500277	449447.MAE_06510	55.5	3
14503881	449447.MAE_42580	55.3	1
14505266	449447.MAE_56410	55.3	2
14503832	449447.MAE_42090	55.1	2
14503724	449447.MAE_41010	55.0	1
14504328	449447.MAE_47040	55.0	3
14500119	449447.MAE_04930	54.3	3
14501486	449447.MAE_18610	54.3	2
14500755	449447.MAE_11300	54.0	3
14502740	449447.MAE_31160	54.0	3
14501514	449447.MAE_18890	53.4	2
14502617	449447.MAE_29930	53.1	2
14501589	449447.MAE_19640	52.9	4
14505011	449447.MAE_53850	52.8	3
14501232	449447.MAE_16070	52.8	4
14505546	449447.MAE_59200	52.8	1
14501886	449447.MAE_22610	52.7	6
14501121	449447.MAE_14960	52.5	3
14505548	449447.MAE_59220	52.5	7
14505314	449447.MAE_56890	52.4	2
14502074	449447.MAE_24490	52.4	5
14503619	449447.MAE_39960	52.3	2
14503491	449447.MAE_38680	52.2	5
14502220	449447.MAE_25950	52.1	12
14502584	449447.MAE_29600	51.9	1
14503610	449447.MAE_39870	51.9	2
14503255	449447.MAE_36320	51.8	1
14504510	449447.MAE_48850	51.7	1
14501877	449447.MAE_22520	51.6	1
14505628	449447.MAE_60020	51.5	13
14500909	449447.MAE_12840	51.3	16
14505649	449447.MAE_60230	51.2	2
14504536	449447.MAE_49110	51.2	1
14501625	449447.MAE_20000	51.1	1
14502551	449447.MAE_29270	51.1	3
14499877	449447.MAE_02510	51.0	1
14501204	449447.MAE_15790	51.0	3
14499959	449447.MAE_03330	50.9	3
14502653	449447.MAE_30290	50.7	1
14500536	449447.MAE_09110	50.7	1
14501981	449447.MAE_23560	50.4	1
14499841	449447.MAE_02150	50.3	3
14504081	449447.MAE_44580	50.3	1
14501613	449447.MAE_19880	50.2	1
14503390	449447.MAE_37670	50.2	1
14504031	449447.MAE_44080	49.9	1
14505154	449447.MAE_55290	49.8	1
14504876	449447.MAE_52510	49.7	1
14505413	449447.MAE_57870	49.7	2
14505374	449447.MAE_57490	49.7	1
14503242	449447.MAE_36190	49.7	2
14501757	449447.MAE_21320	49.3	1
14504949	449447.MAE_53230	49.3	2
14501326	449447.MAE_17010	49.2	1
14502797	449447.MAE_31730	49.0	1
14502108	449447.MAE_24830	49.0	1
14502654	449447.MAE_30300	48.8	1
14505362	449447.MAE_57370	48.8	1
14500591	449447.MAE_09660	48.8	3
14505922	449447.MAE_62970	48.5	2
14499749	449447.MAE_01230	48.5	2
14504315	449447.MAE_46910	48.2	1
14504271	449447.MAE_46480	47.9	4
14500037	449447.MAE_04110	47.9	3
14500777	449447.MAE_11520	47.8	1
14504479	449447.MAE_48540	47.8	1
14500852	449447.MAE_12270	47.7	6
14505334	449447.MAE_57090	47.7	1
14503862	449447.MAE_42390	47.4	2
14503616	449447.MAE_39930	47.3	1
14504133	449447.MAE_45100	47.2	2
14500595	449447.MAE_09700	47.1	4
14504496	449447.MAE_48710	47.0	2
14505033	449447.MAE_54070	46.9	2
14501375	449447.MAE_17500	46.9	1
14502065	449447.MAE_24400	46.7	1
14501466	449447.MAE_18410	46.7	5
14505081	449447.MAE_54560	46.6	4
14500249	449447.MAE_06230	46.6	1
14504763	449447.MAE_51380	46.5	6
14501296	449447.MAE_16710	46.5	4
14504797	449447.MAE_51720	46.3	1
14501554	449447.MAE_19290	46.0	2
14499733	449447.MAE_01070	46.0	9
14500070	449447.MAE_04440	45.9	2
14501790	449447.MAE_21650	45.9	2
14502820	449447.MAE_31960	45.9	10
14504656	449447.MAE_50310	45.8	3
14505558	449447.MAE_59320	45.7	2
14504041	449447.MAE_44180	45.7	4
14500567	449447.MAE_09420	45.7	1
14501054	449447.MAE_14290	45.6	2
14500983	449447.MAE_13580	45.6	1
14500188	449447.MAE_05620	45.5	4
14502456	449447.MAE_28300	45.5	5
14500359	449447.MAE_07330	45.5	2
14499892	449447.MAE_02660	45.5	1
14505460	449447.MAE_58340	45.4	1
14500728	449447.MAE_11030	45.4	4
14500918	449447.MAE_12930	45.3	4
14504181	449447.MAE_45580	45.3	4
14502993	449447.MAE_33710	45.3	4
14500344	449447.MAE_07180	45.2	1
14504863	449447.MAE_52380	45.2	1
14504205	449447.MAE_45820	45.0	2
14502012	449447.MAE_23870	44.9	3
14505161	449447.MAE_55360	44.8	1
14503601	449447.MAE_39780	44.8	1
14500307	449447.MAE_06810	44.8	1
14505740	449447.MAE_61140	44.8	1
14499757	449447.MAE_01310	44.7	4
14501700	449447.MAE_20750	44.6	1
14499824	449447.MAE_01980	44.5	3
14501307	449447.MAE_16820	44.1	1
14501093	449447.MAE_14680	44.1	2
14504148	449447.MAE_45250	44.0	2
14501100	449447.MAE_14750	43.9	3
14503186	449447.MAE_35630	43.9	2
14501335	449447.MAE_17100	43.9	1
14500475	449447.MAE_08500	43.9	2
14503126	449447.MAE_35030	43.7	1
14500678	449447.MAE_10530	43.7	1
14505488	449447.MAE_58620	43.7	4
14501654	449447.MAE_20290	43.6	1
14499838	449447.MAE_02120	43.5	1
14504936	449447.MAE_53100	43.3	5
14503342	449447.MAE_37190	43.2	4
14505190	449447.MAE_55650	43.2	1
14505072	449447.MAE_54470	43.1	3
14501553	449447.MAE_19280	43.0	1
14504061	449447.MAE_44380	42.9	1
14499992	449447.MAE_03660	42.8	1
14500902	449447.MAE_12770	42.8	1
14501237	449447.MAE_16120	42.8	1
14499658	449447.MAE_00320	42.8	1
14503734	449447.MAE_41110	42.8	1
14500914	449447.MAE_12890	42.7	2
14504267	449447.MAE_46440	42.6	3
14499839	449447.MAE_02130	42.6	1
14501215	449447.MAE_15900	42.6	2
14504303	449447.MAE_46790	42.5	1
14505723	449447.MAE_60970	42.5	3
14503115	449447.MAE_34920	42.5	2
14500966	449447.MAE_13410	42.5	4
14503386	449447.MAE_37630	42.5	2
14503304	449447.MAE_36810	42.4	5
14505332	449447.MAE_57070	42.3	3
14501043	449447.MAE_14180	42.3	3
14503578	449447.MAE_39550	42.2	1
14504460	449447.MAE_48350	42.1	2
14504963	449447.MAE_53370	42.1	1
14505874	449447.MAE_62480	41.9	1
14500181	449447.MAE_05550	41.9	1
14504352	449447.MAE_47270	41.6	1
14500942	449447.MAE_13170	41.6	3
14500673	449447.MAE_10480	41.5	1
14499662	449447.MAE_00360	41.5	2
14502444	449447.MAE_28180	41.4	2
14500769	449447.MAE_11440	41.4	1
14503800	449447.MAE_41770	41.4	1
14505084	449447.MAE_54590	41.3	1
14504927	449447.MAE_53010	41.3	2
14505537	449447.MAE_59110	41.1	1
14503399	449447.MAE_37760	41.0	2
14504342	449447.MAE_47180	41.0	1
14504911	449447.MAE_52850	40.9	2
14505632	449447.MAE_60060	40.8	4
14502550	449447.MAE_29260	40.8	1
14501114	449447.MAE_14890	40.7	2
14505023	449447.MAE_53970	40.6	2
14502689	449447.MAE_30650	40.5	1
14504209	449447.MAE_45860	40.4	1
14504545	449447.MAE_49200	40.4	2
14500920	449447.MAE_12950	40.2	5
14505387	449447.MAE_57610	40.2	3
14503503	449447.MAE_38800	40.2	3
14502692	449447.MAE_30680	40.1	1
14501649	449447.MAE_20240	40.0	1
14501439	449447.MAE_18140	40.0	3
14502230	449447.MAE_26050	39.9	2
14500602	449447.MAE_09770	39.9	2
14505379	449447.MAE_57540	39.8	1
14500005	449447.MAE_03790	39.8	5
14500923	449447.MAE_12980	39.8	1
14503438	449447.MAE_38150	39.7	1
14505731	449447.MAE_61050	39.5	1
14500810	449447.MAE_11850	39.4	1
14500350	449447.MAE_07240	39.3	1
14499890	449447.MAE_02640	39.2	1
14505481	449447.MAE_58550	39.2	9
14502239	449447.MAE_26130	39.1	2
14501985	449447.MAE_23600	39.1	2
14502185	449447.MAE_25600	39.0	7
14504655	449447.MAE_50300	39.0	3
14503719	449447.MAE_40960	38.9	1
14501950	449447.MAE_23250	38.9	1
14499925	449447.MAE_02990	38.9	1
14501381	449447.MAE_17560	38.8	1
14503787	449447.MAE_41640	38.8	4
14504684	449447.MAE_50590	38.7	4
14505340	449447.MAE_57150	38.5	1
14503917	449447.MAE_42940	38.5	3
14502056	449447.MAE_24310	38.5	3
14504258	449447.MAE_46350	38.5	1
14500414	449447.MAE_07880	38.3	1
14504878	449447.MAE_52530	38.2	1
14504813	449447.MAE_51880	38.2	1
14504441	449447.MAE_48160	38.1	1
14503902	449447.MAE_42790	38.0	1
14501535	449447.MAE_19100	37.9	2
14505484	449447.MAE_58580	37.9	9
14504490	449447.MAE_48650	37.9	2
14505304	449447.MAE_56790	37.8	1
14501203	449447.MAE_15780	37.8	3
14501992	449447.MAE_23670	37.7	6
14505879	449447.MAE_62530	37.7	2
14502146	449447.MAE_25210	37.7	2
14501134	449447.MAE_15090	37.6	1
14499949	449447.MAE_03230	37.6	1
14504742	449447.MAE_51170	37.6	2
14505522	449447.MAE_58960	37.5	4
14501163	449447.MAE_15380	37.5	5
14501298	449447.MAE_16730	37.5	2
14501525	449447.MAE_19000	37.5	1
14500440	449447.MAE_08140	37.5	3
14502208	449447.MAE_25830	37.4	1
14504116	449447.MAE_44930	37.4	2
14500234	449447.MAE_06080	37.3	1
14500704	449447.MAE_10790	37.3	2
14502379	449447.MAE_27530	37.2	2
14501512	449447.MAE_18870	37.2	1
14505644	449447.MAE_60180	37.1	4
14499929	449447.MAE_03030	37.0	1
14503638	449447.MAE_40150	36.9	3
14501234	449447.MAE_16090	36.8	6
14500092	449447.MAE_04660	36.7	1
14504106	449447.MAE_44830	36.7	1
14503430	449447.MAE_38070	36.7	3
14500069	449447.MAE_04430	36.6	1
14503764	449447.MAE_41410	36.6	4
14505267	449447.MAE_56420	36.6	1
14503964	449447.MAE_43410	36.5	1
14505573	449447.MAE_59470	36.5	2
14505217	449447.MAE_55920	36.4	1
14503110	449447.MAE_34870	36.3	7
14503693	449447.MAE_40700	36.2	8
14502106	449447.MAE_24810	36.2	5
14505223	449447.MAE_55980	36.2	4
14502229	449447.MAE_26040	36.2	1
14502432	449447.MAE_28060	36.1	4
14499956	449447.MAE_03300	36.1	2
14501635	449447.MAE_20100	36.1	2
14500596	449447.MAE_09710	36.1	2
14503477	449447.MAE_38540	36.0	5
14500225	449447.MAE_05990	35.9	3
14504572	449447.MAE_49470	35.9	1
14501399	449447.MAE_17740	35.8	1
14501762	449447.MAE_21370	35.8	2
14502083	449447.MAE_24580	35.7	1
14501364	449447.MAE_17390	35.7	2
14504251	449447.MAE_46280	35.7	2
14500681	449447.MAE_10560	35.6	3
14501948	449447.MAE_23230	35.6	1
14503837	449447.MAE_42140	35.6	1
14503396	449447.MAE_37730	35.5	2
14501394	449447.MAE_17690	35.4	2
14504926	449447.MAE_53000	35.4	1
14505024	449447.MAE_53980	35.4	2
14503666	449447.MAE_40430	35.4	1
14502482	449447.MAE_28560	35.4	9
14503813	449447.MAE_41900	35.3	2
14501902	449447.MAE_22770	35.2	2
14504855	449447.MAE_52300	35.2	6
14501492	449447.MAE_18670	35.1	3
14502039	449447.MAE_24140	35.0	1
14502310	449447.MAE_26840	35.0	2
14504437	449447.MAE_48120	34.7	1
14504301	449447.MAE_46770	34.7	1
14500453	449447.MAE_08270	34.6	4
14500382	449447.MAE_07560	34.5	12
14502343	449447.MAE_27170	34.4	1
14500088	449447.MAE_04620	34.4	4
14502475	449447.MAE_28490	34.4	1
14500243	449447.MAE_06170	34.3	2
14501940	449447.MAE_23150	34.3	4
14502833	449447.MAE_32090	34.2	3
14503395	449447.MAE_37720	34.1	7
14502041	449447.MAE_24160	34.1	1
14502502	449447.MAE_28780	34.1	1
14500962	449447.MAE_13370	34.0	1
14502124	449447.MAE_24990	33.9	2
14504672	449447.MAE_50470	33.9	1
14502049	449447.MAE_24240	33.8	2
14505527	449447.MAE_59010	33.8	1
14503686	449447.MAE_40630	33.7	1
14501436	449447.MAE_18110	33.7	6
14501356	449447.MAE_17310	33.7	1
14499740	449447.MAE_01140	33.6	2
14502078	449447.MAE_24530	33.5	1
14503044	449447.MAE_34210	33.5	1
14501611	449447.MAE_19860	33.5	1
14499911	449447.MAE_02850	33.4	1
14505445	449447.MAE_58190	33.2	2
14500460	449447.MAE_08340	33.2	2
14502548	449447.MAE_29240	33.2	2
14499965	449447.MAE_03390	33.2	2
14502738	449447.MAE_31140	33.0	1
14503351	449447.MAE_37280	33.0	3
14502789	449447.MAE_31650	33.0	1
14500189	449447.MAE_05630	32.9	2
14502781	449447.MAE_31570	32.9	1
14504973	449447.MAE_53470	32.9	1
14500572	449447.MAE_09470	32.8	1
14505196	449447.MAE_55710	32.8	2
14501753	449447.MAE_21280	32.8	1
14505758	449447.MAE_61320	32.7	3
14499939	449447.MAE_03130	32.7	2
14503100	449447.MAE_34770	32.7	2
14503514	449447.MAE_38910	32.6	1
14505419	449447.MAE_57930	32.6	6
14500150	449447.MAE_05240	32.6	4
14502433	449447.MAE_28070	32.5	2
14503439	449447.MAE_38160	32.5	1
14500215	449447.MAE_05890	32.4	2
14505566	449447.MAE_59400	32.3	1
14501880	449447.MAE_22550	32.3	2
14503963	449447.MAE_43400	32.3	3
14505324	449447.MAE_56990	32.3	4
14500073	449447.MAE_04470	32.2	2
14500903	449447.MAE_12780	32.1	1
14503175	449447.MAE_35520	32.1	1
14500233	449447.MAE_06070	32.0	1
14502702	449447.MAE_30780	32.0	2
14504214	449447.MAE_45910	31.9	2
14504074	449447.MAE_44510	31.9	2
14503246	449447.MAE_36230	31.9	1
14504103	449447.MAE_44800	31.8	2
14500319	449447.MAE_06930	31.8	1
14501604	449447.MAE_19790	31.8	1
14503691	449447.MAE_40680	31.7	2
14499714	449447.MAE_00880	31.6	1
14504627	449447.MAE_50020	31.6	2
14500244	449447.MAE_06180	31.6	1
14502858	449447.MAE_32340	31.6	2
14501442	449447.MAE_18170	31.5	3
14505092	449447.MAE_54670	31.5	8
14504864	449447.MAE_52390	31.5	1
14502178	449447.MAE_25530	31.4	2
14500729	449447.MAE_11040	31.4	2
14501588	449447.MAE_19630	31.3	1
14500961	449447.MAE_13360	31.3	1
14503104	449447.MAE_34810	31.2	1
14502334	449447.MAE_27080	31.2	1
14504432	449447.MAE_48070	31.2	4
14505933	449447.MAE_63080	31.2	1
14504206	449447.MAE_45830	31.1	2
14505705	449447.MAE_60790	31.1	3
14505794	449447.MAE_61680	31.1	1
14503875	449447.MAE_42520	31.0	1
14502787	449447.MAE_31630	31.0	1
14501131	449447.MAE_15060	30.9	2
14500761	449447.MAE_11360	30.8	2
14499628	449447.MAE_00020	30.7	1
14503407	449447.MAE_37840	30.7	1
14504494	449447.MAE_48690	30.7	1
14505577	449447.MAE_59510	30.6	1
14505386	449447.MAE_57600	30.6	1
14500470	449447.MAE_08450	30.6	2
14499738	449447.MAE_01120	30.6	1
14499926	449447.MAE_03000	30.4	4
14504355	449447.MAE_47300	30.4	1
14504212	449447.MAE_45890	30.4	1
14503843	449447.MAE_42200	30.4	1
14500599	449447.MAE_09740	30.4	2
14504219	449447.MAE_45960	30.4	3
14505091	449447.MAE_54660	30.4	4
14500805	449447.MAE_11800	30.3	2
14499708	449447.MAE_00820	30.3	2
14504428	449447.MAE_48030	30.3	4
14502402	449447.MAE_27760	30.3	3
14504737	449447.MAE_51120	30.3	1
14501406	449447.MAE_17810	30.2	1
14503013	449447.MAE_33900	30.1	2
14505271	449447.MAE_56460	30.1	2
14504881	449447.MAE_52560	30.0	1
14499692	449447.MAE_00660	30.0	2
14504957	449447.MAE_53310	30.0	2
14501489	449447.MAE_18640	29.9	2
14499843	449447.MAE_02170	29.9	1
14502615	449447.MAE_29910	29.9	3
14501922	449447.MAE_22970	29.9	6
14502737	449447.MAE_31130	29.8	1
14504981	449447.MAE_53550	29.8	3
14504556	449447.MAE_49310	29.8	1
14501090	449447.MAE_14650	29.7	1
14502306	449447.MAE_26800	29.7	2
14500363	449447.MAE_07370	29.7	1
14502967	449447.MAE_33450	29.6	1
14501842	449447.MAE_22170	29.5	2
14505373	449447.MAE_57480	29.5	1
14500039	449447.MAE_04130	29.5	1
14503847	449447.MAE_42240	29.4	1
14499694	449447.MAE_00680	29.4	1
14500947	449447.MAE_13220	29.4	2
14502541	449447.MAE_29170	29.3	1
14505300	449447.MAE_56750	29.3	3
14505871	449447.MAE_62450	29.2	1
14500383	449447.MAE_07570	29.2	1
14503549	449447.MAE_39260	29.2	11
14502685	449447.MAE_30610	29.1	1
14503525	449447.MAE_39020	29.1	3
14502687	449447.MAE_30630	29.0	2
14501034	449447.MAE_14090	29.0	1
14505361	449447.MAE_57360	29.0	1
14505609	449447.MAE_59830	28.9	1
14499674	449447.MAE_00480	28.9	1
14503919	449447.MAE_42960	28.9	1
14503301	449447.MAE_36780	28.9	3
14502917	449447.MAE_32930	28.9	1
14500077	449447.MAE_04510	28.8	1
14502439	449447.MAE_28130	28.8	3
14504332	449447.MAE_47080	28.7	2
14503490	449447.MAE_38670	28.7	4
14502876	449447.MAE_32520	28.7	1
14505862	449447.MAE_62360	28.7	5
14505029	449447.MAE_54030	28.7	5
14501253	449447.MAE_16280	28.6	1
14502494	449447.MAE_28680	28.6	1
14501743	449447.MAE_21180	28.6	2
14503510	449447.MAE_38870	28.6	1
14505412	449447.MAE_57860	28.6	1
14504898	449447.MAE_52720	28.6	3
14500588	449447.MAE_09630	28.5	2
14504605	449447.MAE_49800	28.5	2
14503856	449447.MAE_42330	28.5	2
14500830	449447.MAE_12050	28.5	2
14503546	449447.MAE_39230	28.4	1
14505022	449447.MAE_53960	28.4	2
14503401	449447.MAE_37780	28.3	1
14502610	449447.MAE_29860	28.3	1
14500926	449447.MAE_13010	28.3	2
14501962	449447.MAE_23370	28.3	2
14503626	449447.MAE_40030	28.2	1
14500590	449447.MAE_09650	28.2	2
14505270	449447.MAE_56450	28.2	2
14503199	449447.MAE_35760	28.1	1
14500853	449447.MAE_12280	28.1	1
14501748	449447.MAE_21230	28.0	1
14502295	449447.MAE_26690	28.0	2
14502916	449447.MAE_32920	27.8	2
14501165	449447.MAE_15400	27.8	3
14503768	449447.MAE_41450	27.7	1
14501301	449447.MAE_16760	27.6	1
14502291	449447.MAE_26650	27.6	1
14504698	449447.MAE_50730	27.6	5
14503225	449447.MAE_36020	27.6	1
14503874	449447.MAE_42510	27.6	2
14499811	449447.MAE_01850	27.5	1
14503622	449447.MAE_39990	27.5	4
14501882	449447.MAE_22570	27.5	3
14503760	449447.MAE_41370	27.5	1
14500720	449447.MAE_10950	27.4	4
14501392	449447.MAE_17670	27.4	2
14504452	449447.MAE_48270	27.4	2
14504455	449447.MAE_48300	27.4	1
14500529	449447.MAE_09040	27.3	3
14502639	449447.MAE_30150	27.3	1
14504617	449447.MAE_49920	27.2	1
14501931	449447.MAE_23060	27.2	1
14503720	449447.MAE_40970	27.2	1
14502806	449447.MAE_31820	27.2	1
14501111	449447.MAE_14860	27.1	1
14505711	449447.MAE_60850	27.1	1
14505913	449447.MAE_62880	27.0	4
14504019	449447.MAE_43960	26.9	1
14502233	449447.MAE_26080	26.9	2
14503872	449447.MAE_42490	26.9	1
14505666	449447.MAE_60400	26.9	2
14503020	449447.MAE_33970	26.9	4
14502666	449447.MAE_30420	26.9	1
14500710	449447.MAE_10850	26.8	1
14502048	449447.MAE_24230	26.8	1
14504542	449447.MAE_49170	26.6	2
14505213	449447.MAE_55880	26.6	1
14501494	449447.MAE_18690	26.6	1
14501708	449447.MAE_20830	26.5	1
14504241	449447.MAE_46180	26.3	1
14501550	449447.MAE_19250	26.2	2
14501487	449447.MAE_18620	26.1	2
14505499	449447.MAE_58730	26.1	3
14501209	449447.MAE_15840	26.0	1
14501976	449447.MAE_23510	26.0	1
14500184	449447.MAE_05580	26.0	2
14502125	449447.MAE_25000	25.9	1
14501158	449447.MAE_15330	25.9	1
14505378	449447.MAE_57530	25.9	2
14500025	449447.MAE_03990	25.9	1
14500780	449447.MAE_11550	25.8	3
14504729	449447.MAE_51040	25.8	1
14504718	449447.MAE_50930	25.8	1
14501562	449447.MAE_19370	25.8	2
14500517	449447.MAE_08920	25.7	1
14503801	449447.MAE_41780	25.6	1
14503707	449447.MAE_40840	25.6	1
14505851	449447.MAE_62250	25.5	2
14504078	449447.MAE_44550	25.4	3
14504632	449447.MAE_50070	25.4	1
14505791	449447.MAE_61650	25.3	1
14504894	449447.MAE_52680	25.3	1
14501116	449447.MAE_14910	25.3	1
14501403	449447.MAE_17780	25.3	2
14505224	449447.MAE_55990	25.2	2
14501913	449447.MAE_22880	25.1	1
14501648	449447.MAE_20230	25.1	1
14503818	449447.MAE_41950	25.1	2
14502814	449447.MAE_31900	25.1	2
14505422	449447.MAE_57960	25.0	1
14501018	449447.MAE_13930	25.0	1
14501223	449447.MAE_15980	24.9	3
14499906	449447.MAE_02800	24.9	2
14499746	449447.MAE_01200	24.9	2
14502129	449447.MAE_25040	24.9	1
14503822	449447.MAE_41990	24.9	2
14499882	449447.MAE_02560	24.9	1
14500603	449447.MAE_09780	24.8	1
14499678	449447.MAE_00520	24.7	1
14503545	449447.MAE_39220	24.7	1
14502701	449447.MAE_30770	24.7	1
14505297	449447.MAE_56720	24.7	1
14503996	449447.MAE_43730	24.6	1
14505790	449447.MAE_61640	24.6	2
14505725	449447.MAE_60990	24.6	1
14503876	449447.MAE_42530	24.5	2
14501736	449447.MAE_21110	24.4	1
14503522	449447.MAE_38990	24.4	2
14500035	449447.MAE_04090	24.3	2
14505077	449447.MAE_54520	24.3	6
14501960	449447.MAE_23350	24.2	2
14505502	449447.MAE_58760	24.2	1
14503362	449447.MAE_37390	24.2	1
14505858	449447.MAE_62320	24.1	2
14505867	449447.MAE_62410	24.1	1
14501124	449447.MAE_14990	24.1	1
14504196	449447.MAE_45730	24.1	1
14503777	449447.MAE_41540	24.1	1
14504624	449447.MAE_49990	24.0	2
14505617	449447.MAE_59910	24.0	1
14503124	449447.MAE_35010	24.0	1
14504703	449447.MAE_50780	23.9	1
14505184	449447.MAE_55590	23.9	1
14502799	449447.MAE_31750	23.9	2
14504766	449447.MAE_51410	23.8	1
14501092	449447.MAE_14670	23.7	1
14505620	449447.MAE_59940	23.7	1
14502902	449447.MAE_32780	23.7	1
14500265	449447.MAE_06390	23.7	1
14504750	449447.MAE_51250	23.6	1
14503060	449447.MAE_34370	23.6	2
14501208	449447.MAE_15830	23.6	1
14504021	449447.MAE_43980	23.6	3
14503867	449447.MAE_42440	23.5	1
14505050	449447.MAE_54250	23.5	6
14505692	449447.MAE_60660	23.5	1
14502894	449447.MAE_32700	23.5	2
14501593	449447.MAE_19680	23.5	1
14505181	449447.MAE_55560	23.4	2
14501206	449447.MAE_15810	23.4	3
14504316	449447.MAE_46920	23.4	1
14500835	449447.MAE_12100	23.4	1
14502915	449447.MAE_32910	23.3	1
14502193	449447.MAE_25680	23.3	3
14500020	449447.MAE_03940	23.3	2
14501626	449447.MAE_20010	23.3	3
14503427	449447.MAE_38040	23.2	1
14501002	449447.MAE_13770	23.2	1
14502259	449447.MAE_26330	23.2	1
14503648	449447.MAE_40250	23.2	2
14501716	449447.MAE_20910	23.1	1
14499806	449447.MAE_01800	23.1	2
14505866	449447.MAE_62400	23.1	1
14502394	449447.MAE_27680	23.0	2
14502621	449447.MAE_29970	23.0	3
14499968	449447.MAE_03420	23.0	2
14504761	449447.MAE_51360	22.9	1
14503831	449447.MAE_42080	22.9	1
14499982	449447.MAE_03560	22.9	1
14503026	449447.MAE_34030	22.9	1
14505706	449447.MAE_60800	22.8	2
14504917	449447.MAE_52910	22.8	1
14504008	449447.MAE_43850	22.8	1
14503360	449447.MAE_37370	22.7	1
14500452	449447.MAE_08260	22.7	1
14502371	449447.MAE_27450	22.7	2
14502741	449447.MAE_31170	22.7	1
14500213	449447.MAE_05870	22.7	2
14502273	449447.MAE_26470	22.7	2
14502490	449447.MAE_28640	22.7	2
14500464	449447.MAE_08390	22.6	1
14504201	449447.MAE_45780	22.6	2
14504993	449447.MAE_53670	22.6	1
14501802	449447.MAE_21770	22.6	2
14501130	449447.MAE_15050	22.6	1
14502045	449447.MAE_24200	22.5	2
14502784	449447.MAE_31600	22.5	1
14502294	449447.MAE_26680	22.4	2
14502297	449447.MAE_26710	22.4	2
14502477	449447.MAE_28510	22.4	1
14500270	449447.MAE_06440	22.4	1
14500725	449447.MAE_11000	22.4	1
14500476	449447.MAE_08510	22.3	1
14503728	449447.MAE_41050	22.3	3
14503821	449447.MAE_41980	22.3	1
14504255	449447.MAE_46320	22.3	1
14503627	449447.MAE_40040	22.3	2
14504558	449447.MAE_49330	22.3	2
14502142	449447.MAE_25170	22.2	1
14502885	449447.MAE_32610	22.2	2
14505530	449447.MAE_59040	22.2	1
14499743	449447.MAE_01170	22.2	1
14504115	449447.MAE_44920	22.2	1
14501910	449447.MAE_22850	22.1	1
14503341	449447.MAE_37180	22.1	1
14505712	449447.MAE_60860	22.1	2
14503539	449447.MAE_39160	22.0	3
14504322	449447.MAE_46980	22.0	1
14503508	449447.MAE_38850	22.0	2
14505282	449447.MAE_56570	22.0	1
14503877	449447.MAE_42540	22.0	1
14500413	449447.MAE_07870	22.0	1
14505717	449447.MAE_60910	21.9	2
14504683	449447.MAE_50580	21.9	2
14501371	449447.MAE_17460	21.9	1
14505824	449447.MAE_61980	21.9	1
14505405	449447.MAE_57790	21.9	1
14504308	449447.MAE_46840	21.9	1
14501763	449447.MAE_21380	21.9	4
14505247	449447.MAE_56220	21.8	2
14500491	449447.MAE_08660	21.8	1
14504890	449447.MAE_52640	21.8	1
14500320	449447.MAE_06940	21.7	1
14503552	449447.MAE_39290	21.7	1
14501811	449447.MAE_21860	21.6	1
14502777	449447.MAE_31530	21.6	1
14501928	449447.MAE_23030	21.6	1
14505449	449447.MAE_58230	21.6	1
14501145	449447.MAE_15200	21.6	2
14504903	449447.MAE_52770	21.5	1
14502156	449447.MAE_25310	21.5	1
14501914	449447.MAE_22890	21.5	1
14501102	449447.MAE_14770	21.5	1
14505254	449447.MAE_56290	21.5	2
14503779	449447.MAE_41560	21.4	1
14502416	449447.MAE_27900	21.4	1
14501441	449447.MAE_18160	21.3	1
14501058	449447.MAE_14330	21.3	2
14500836	449447.MAE_12110	21.2	1
14500734	449447.MAE_11090	21.2	3
14500637	449447.MAE_10120	21.2	2
14500032	449447.MAE_04060	21.1	2
14503009	449447.MAE_33870	21.1	2
14500850	449447.MAE_12250	21.1	1
14505166	449447.MAE_55410	21.1	1
14503312	449447.MAE_36890	21.0	1
14504462	449447.MAE_48370	21.0	1
14504059	449447.MAE_44360	21.0	1
14505309	449447.MAE_56840	20.9	1
14504915	449447.MAE_52890	20.9	2
14500074	449447.MAE_04480	20.9	1
14502450	449447.MAE_28240	20.8	3
14500968	449447.MAE_13430	20.8	1
14502501	449447.MAE_28770	20.8	2
14501055	449447.MAE_14300	20.8	1
14504282	449447.MAE_46590	20.8	2
14504281	449447.MAE_46580	20.8	2
14504283	449447.MAE_46600	20.8	2
14505278	449447.MAE_56530	20.7	1
14500876	449447.MAE_12510	20.7	1
14499800	449447.MAE_01740	20.7	1
14504478	449447.MAE_48530	20.7	1
14501932	449447.MAE_23070	20.7	1
14503754	449447.MAE_41310	20.7	1
14503467	449447.MAE_38440	20.7	1
14500921	449447.MAE_12960	20.6	2
14502780	449447.MAE_31560	20.5	1
14502519	449447.MAE_28950	20.5	1
14505292	449447.MAE_56670	20.5	1
14503209	449447.MAE_35860	20.5	1
14502574	449447.MAE_29500	20.5	1
14501156	449447.MAE_15310	20.4	1
14502635	449447.MAE_30110	20.3	1
14503690	449447.MAE_40670	20.3	2
14502155	449447.MAE_25300	20.3	6
14501822	449447.MAE_21970	20.3	6
14500287	449447.MAE_06610	20.3	1
14501299	449447.MAE_16740	20.2	2
14502167	449447.MAE_25420	20.2	1
14501990	449447.MAE_23650	20.1	1
14501017	449447.MAE_13920	20.1	1
14502793	449447.MAE_31690	20.1	3
14504509	449447.MAE_48840	20.1	2
14501198	449447.MAE_15730	20.1	1
14505250	449447.MAE_56250	20.0	1
14499643	449447.MAE_00170	20.0	1
14501827	449447.MAE_22020	20.0	1
14502311	449447.MAE_26850	20.0	2
14501455	449447.MAE_18300	19.9	1
14505708	449447.MAE_60820	19.9	2
14504623	449447.MAE_49980	19.9	1
14504950	449447.MAE_53240	19.9	1
14501091	449447.MAE_14660	19.9	1
14505659	449447.MAE_60330	19.8	1
14500786	449447.MAE_11610	19.8	3
14500051	449447.MAE_04250	19.8	1
14500727	449447.MAE_11020	19.8	1
14504810	449447.MAE_51850	19.7	1
14505619	449447.MAE_59930	19.7	2
14503649	449447.MAE_40260	19.7	3
14502445	449447.MAE_28190	19.7	2
14501760	449447.MAE_21350	19.6	1
14500870	449447.MAE_12450	19.6	1
14502605	449447.MAE_29810	19.5	2
14504017	449447.MAE_43940	19.5	1
14500804	449447.MAE_11790	19.5	1
14502238	449447.MAE_26120	19.5	2
14504581	449447.MAE_49560	19.4	2
14500151	449447.MAE_05250	19.4	1
14503702	449447.MAE_40790	19.4	1
14503605	449447.MAE_39820	19.3	2
14503986	449447.MAE_43630	19.3	1
14500654	449447.MAE_10290	19.3	1
14502767	449447.MAE_31430	19.3	2
14500094	449447.MAE_04680	19.2	2
14504725	449447.MAE_51000	19.2	1
14505431	449447.MAE_58050	19.2	2
14502469	449447.MAE_28430	19.1	1
14503264	449447.MAE_36410	19.1	1
14500844	449447.MAE_12190	19.1	4
14499847	449447.MAE_02210	19.0	2
14503538	449447.MAE_39150	19.0	1
14503176	449447.MAE_35530	19.0	1
14505194	449447.MAE_55690	19.0	1
14499775	449447.MAE_01490	18.9	1
14503084	449447.MAE_34610	18.9	1
14503673	449447.MAE_40500	18.9	1
14501323	449447.MAE_16980	18.9	1
14501286	449447.MAE_16610	18.9	1
14501089	449447.MAE_14640	18.8	1
14503602	449447.MAE_39790	18.8	3
14502454	449447.MAE_28280	18.8	2
14502770	449447.MAE_31460	18.8	1
14502296	449447.MAE_26700	18.7	2
14504958	449447.MAE_53320	18.5	1
14500975	449447.MAE_13500	18.5	2
14503236	449447.MAE_36130	18.5	2
14502622	449447.MAE_29980	18.5	3
14502317	449447.MAE_26910	18.5	3
14503953	449447.MAE_43300	18.5	3
14501012	449447.MAE_13870	18.4	2
14502694	449447.MAE_30700	18.4	2
14502019	449447.MAE_23940	18.4	1
14502898	449447.MAE_32740	18.4	1
14499842	449447.MAE_02160	18.3	1
14503744	449447.MAE_41210	18.3	1
14505627	449447.MAE_60010	18.3	18
14501638	449447.MAE_20130	18.3	1
14502965	449447.MAE_33430	18.3	1
14505815	449447.MAE_61890	18.3	1
14501224	449447.MAE_15990	18.3	2
14504457	449447.MAE_48320	18.2	1
14502497	449447.MAE_28730	18.2	1
14499748	449447.MAE_01220	18.2	2
14501578	449447.MAE_19530	18.2	2
14505465	449447.MAE_58390	18.2	1
14500295	449447.MAE_06690	18.1	1
14499966	449447.MAE_03400	18.1	3
14502267	449447.MAE_26410	18.1	1
14505263	449447.MAE_56380	18.1	1
14503455	449447.MAE_38320	18.1	2
14505283	449447.MAE_56580	18.1	4
14500418	449447.MAE_07920	18.1	1
14505912	449447.MAE_62870	18.1	1
14505383	449447.MAE_57580	18.1	1
14500353	449447.MAE_07270	18.0	1
14505411	449447.MAE_57850	18.0	2
14505608	449447.MAE_59820	18.0	2
14502408	449447.MAE_27820	18.0	3
14501132	449447.MAE_15070	18.0	1
14504997	449447.MAE_53710	18.0	1
14505453	449447.MAE_58270	17.9	1
14502834	449447.MAE_32100	17.9	1
14503307	449447.MAE_36840	17.8	2
14500873	449447.MAE_12480	17.7	2
14505403	449447.MAE_57770	17.7	4
14503027	449447.MAE_34040	17.7	1
14502331	449447.MAE_27050	17.7	2
14505844	449447.MAE_62180	17.7	3
14503350	449447.MAE_37270	17.7	3
14501450	449447.MAE_18250	17.6	1
14503023	449447.MAE_34000	17.6	1
14505702	449447.MAE_60760	17.6	3
14501994	449447.MAE_23690	17.6	2
14503709	449447.MAE_40860	17.6	2
14500085	449447.MAE_04590	17.5	1
14504482	449447.MAE_48570	17.5	1
14503687	449447.MAE_40640	17.5	2
14500079	449447.MAE_04530	17.5	1
14504608	449447.MAE_49830	17.4	1
14504690	449447.MAE_50650	17.4	1
14504184	449447.MAE_45610	17.4	1
14504444	449447.MAE_48190	17.3	2
14504659	449447.MAE_50340	17.3	1
14502491	449447.MAE_28650	17.3	1
14502272	449447.MAE_26460	17.3	1
14505511	449447.MAE_58850	17.3	2
14503906	449447.MAE_42830	17.3	1
14503987	449447.MAE_43640	17.2	2
14500748	449447.MAE_11230	17.2	1
14500071	449447.MAE_04450	17.2	3
14503729	449447.MAE_41060	17.1	1
14500261	449447.MAE_06350	17.1	1
14504200	449447.MAE_45770	17.1	1
14502043	449447.MAE_24180	17.1	1
14500586	449447.MAE_09610	17.0	1
14502430	449447.MAE_28040	17.0	1
14500715	449447.MAE_10900	17.0	1
14504265	449447.MAE_46420	17.0	3
14503621	449447.MAE_39980	17.0	2
14503309	449447.MAE_36860	17.0	1
14500798	449447.MAE_11730	16.9	2
14501062	449447.MAE_14370	16.9	1
14499873	449447.MAE_02470	16.9	1
14503387	449447.MAE_37640	16.8	1
14502461	449447.MAE_28350	16.8	1
14499726	449447.MAE_01000	16.8	1
14501195	449447.MAE_15700	16.8	2
14504802	449447.MAE_51770	16.8	1
14503172	449447.MAE_35490	16.8	1
14501590	449447.MAE_19650	16.8	1
14503542	449447.MAE_39190	16.8	1
14501032	449447.MAE_14070	16.7	1
14504073	449447.MAE_44500	16.7	1
14501184	449447.MAE_15590	16.7	1
14501557	449447.MAE_19320	16.7	1
14503585	449447.MAE_39620	16.7	1
14503293	449447.MAE_36700	16.7	1
14504216	449447.MAE_45930	16.6	1
14505395	449447.MAE_57690	16.6	2
14501073	449447.MAE_14480	16.6	2
14503791	449447.MAE_41680	16.6	1
14503784	449447.MAE_41610	16.6	2
14504937	449447.MAE_53110	16.6	2
14505513	449447.MAE_58870	16.5	1
14503761	449447.MAE_41380	16.5	1
14501483	449447.MAE_18580	16.4	1
14502035	449447.MAE_24100	16.4	1
14499754	449447.MAE_01280	16.3	1
14503505	449447.MAE_38820	16.3	2
14502710	449447.MAE_30860	16.3	1
14501819	449447.MAE_21940	16.2	2
14505216	449447.MAE_55910	16.2	1
14502852	449447.MAE_32280	16.2	1
14504337	449447.MAE_47130	16.2	1
14503174	449447.MAE_35510	16.2	3
14501107	449447.MAE_14820	16.2	2
14500636	449447.MAE_10110	16.2	1
14500901	449447.MAE_12760	16.1	1
14501470	449447.MAE_18450	16.1	1
14503715	449447.MAE_40920	16.1	1
14503431	449447.MAE_38080	16.1	1
14500509	449447.MAE_08840	16.1	1
14500273	449447.MAE_06470	16.0	1
14500829	449447.MAE_12040	16.0	1
14504904	449447.MAE_52780	16.0	1
14501954	449447.MAE_23290	15.9	2
14503012	449447.MAE_33890	15.9	1
14503463	449447.MAE_38400	15.8	1
14501973	449447.MAE_23480	15.8	1
14500036	449447.MAE_04100	15.8	1
14505835	449447.MAE_62090	15.8	1
14502415	449447.MAE_27890	15.8	1
14505669	449447.MAE_60430	15.8	1
14502463	449447.MAE_28370	15.8	1
14503484	449447.MAE_38610	15.7	9
14500706	449447.MAE_10810	15.7	1
14503340	449447.MAE_37170	15.7	1
14502192	449447.MAE_25670	15.6	1
14505901	449447.MAE_62750	15.6	1
14503501	449447.MAE_38780	15.5	1
14501136	449447.MAE_15110	15.5	1
14504891	449447.MAE_52650	15.5	1
14504583	449447.MAE_49580	15.5	1
14505845	449447.MAE_62190	15.3	3
14503150	449447.MAE_35270	15.3	1
14501453	449447.MAE_18280	15.3	1
14500483	449447.MAE_08580	15.3	1
14502013	449447.MAE_23880	15.2	2
14503303	449447.MAE_36800	15.2	1
14500407	449447.MAE_07810	15.2	1
14505416	449447.MAE_57900	15.2	1
14503528	449447.MAE_39050	15.1	1
14500856	449447.MAE_12310	15.1	2
14504333	449447.MAE_47090	15.1	1
14501939	449447.MAE_23140	15.0	1
14503123	449447.MAE_35000	15.0	1
14504906	449447.MAE_52800	15.0	1
14504967	449447.MAE_53410	15.0	1
14505467	449447.MAE_58410	15.0	1
14500010	449447.MAE_03840	15.0	1
14504947	449447.MAE_53210	14.9	1
14501141	449447.MAE_15160	14.9	1
14500301	449447.MAE_06750	14.9	1
14499756	449447.MAE_01300	14.9	1
14505034	449447.MAE_54080	14.8	2
14504109	449447.MAE_44860	14.7	1
14504274	449447.MAE_46510	14.7	1
14501344	449447.MAE_17190	14.7	1
14505873	449447.MAE_62470	14.7	1
14501238	449447.MAE_16130	14.7	1
14503995	449447.MAE_43720	14.6	2
14502228	449447.MAE_26030	14.6	1
14503284	449447.MAE_36610	14.6	1
14502166	449447.MAE_25410	14.6	1
14505893	449447.MAE_62670	14.6	2
14503750	449447.MAE_41270	14.5	3
14500946	449447.MAE_13210	14.5	1
14504846	449447.MAE_52210	14.5	2
14504367	449447.MAE_47420	14.4	1
14505145	449447.MAE_55200	14.4	1
14502838	449447.MAE_32140	14.4	2
14502977	449447.MAE_33550	14.3	1
14502671	449447.MAE_30470	14.3	1
14502407	449447.MAE_27810	14.3	6
14504747	449447.MAE_51220	14.3	4
14500067	449447.MAE_04410	14.3	1
14503478	449447.MAE_38550	14.2	4
14501052	449447.MAE_14270	14.2	1
14499989	449447.MAE_03630	14.2	1
14503483	449447.MAE_38600	14.2	9
14505668	449447.MAE_60420	14.1	1
14501631	449447.MAE_20060	14.0	1
14504138	449447.MAE_45150	14.0	2
14503908	449447.MAE_42850	14.0	1
14504518	449447.MAE_48930	14.0	1
14504515	449447.MAE_48900	14.0	3
14503947	449447.MAE_43240	13.9	3
14505090	449447.MAE_54650	13.9	1
14504918	449447.MAE_52920	13.9	1
14504702	449447.MAE_50770	13.9	3
14505102	449447.MAE_54770	13.9	1
14502157	449447.MAE_25320	13.8	1
14500566	449447.MAE_09410	13.8	1
14502599	449447.MAE_29750	13.8	1
14502412	449447.MAE_27860	13.8	1
14503848	449447.MAE_42250	13.7	1
14503531	449447.MAE_39080	13.7	1
14502805	449447.MAE_31810	13.7	1
14502982	449447.MAE_33600	13.6	1
14505880	449447.MAE_62540	13.6	1
14505732	449447.MAE_61060	13.5	2
14503909	449447.MAE_42860	13.5	1
14505783	449447.MAE_61570	13.5	3
14501220	449447.MAE_15950	13.4	3
14502406	449447.MAE_27800	13.4	3
14502240	449447.MAE_26140	13.4	1
14504110	449447.MAE_44870	13.4	1
14502775	449447.MAE_31510	13.4	1
14501852	449447.MAE_22270	13.3	2
14502059	449447.MAE_24340	13.3	2
14504331	449447.MAE_47070	13.3	1
14502643	449447.MAE_30190	13.2	3
14500444	449447.MAE_08180	13.2	2
14505728	449447.MAE_61020	13.2	1
14501657	449447.MAE_20320	13.1	1
14501355	449447.MAE_17300	13.1	2
14502808	449447.MAE_31840	13.0	1
14505767	449447.MAE_61410	13.0	1
14505410	449447.MAE_57840	13.0	1
14500708	449447.MAE_10830	13.0	1
14500012	449447.MAE_03860	12.9	1
14500450	449447.MAE_08240	12.9	1
14504519	449447.MAE_48940	12.9	1
14505394	449447.MAE_57680	12.9	1
14500162	449447.MAE_05360	12.8	1
14499701	449447.MAE_00750	12.7	1
14503497	449447.MAE_38740	12.7	1
14504285	449447.MAE_46620	12.7	1
14503458	449447.MAE_38350	12.7	1
14500969	449447.MAE_13440	12.7	1
14503692	449447.MAE_40690	12.6	3
14503850	449447.MAE_42270	12.6	1
14504448	449447.MAE_48230	12.6	1
14501324	449447.MAE_16990	12.6	3
14501545	449447.MAE_19200	12.5	3
14500015	449447.MAE_03890	12.5	1
14500516	449447.MAE_08910	12.5	1
14505520	449447.MAE_58940	12.5	1
14503298	449447.MAE_36750	12.5	1
14505594	449447.MAE_59680	12.4	1
14505682	449447.MAE_60560	12.4	4
14502535	449447.MAE_29110	12.4	4
14503371	449447.MAE_37480	12.4	1
14500385	449447.MAE_07590	12.3	1
14501071	449447.MAE_14460	12.3	1
14504193	449447.MAE_45700	12.3	1
14500953	449447.MAE_13280	12.2	1
14499828	449447.MAE_02020	12.2	1
14499735	449447.MAE_01090	12.2	1
14502757	449447.MAE_31330	12.2	1
14505542	449447.MAE_59160	12.2	1
14504614	449447.MAE_49890	12.1	1
14499987	449447.MAE_03610	12.1	2
14500862	449447.MAE_12370	12.1	2
14501530	449447.MAE_19050	12.1	1
14504208	449447.MAE_45850	12.1	1
14503486	449447.MAE_38630	12.0	4
14503950	449447.MAE_43270	12.0	1
14504567	449447.MAE_49420	12.0	1
14504934	449447.MAE_53080	12.0	1
14500885	449447.MAE_12600	12.0	1
14501633	449447.MAE_20080	12.0	1
14503231	449447.MAE_36080	12.0	1
14500473	449447.MAE_08480	11.9	1
14504994	449447.MAE_53680	11.9	1
14499912	449447.MAE_02860	11.9	1
14503641	449447.MAE_40180	11.9	1
14499874	449447.MAE_02480	11.9	1
14499627	449447.MAE_00010	11.8	1
14501230	449447.MAE_16050	11.8	1
14500736	449447.MAE_11110	11.7	2
14502107	449447.MAE_24820	11.7	1
14504916	449447.MAE_52900	11.7	1
14501796	449447.MAE_21710	11.7	1
14499936	449447.MAE_03100	11.7	1
14505884	449447.MAE_62580	11.6	1
14499646	449447.MAE_00200	11.6	1
14503745	449447.MAE_41220	11.6	1
14502955	449447.MAE_33330	11.6	1
14502285	449447.MAE_26590	11.6	1
14502823	449447.MAE_31990	11.6	2
14504290	449447.MAE_46660	11.5	1
14505469	449447.MAE_58430	11.5	2
14502077	449447.MAE_24520	11.4	1
14500932	449447.MAE_13070	11.4	1
14505060	449447.MAE_54350	11.3	1
14501934	449447.MAE_23090	11.3	1
14502242	449447.MAE_26160	11.3	1
14500682	449447.MAE_10570	11.2	1
14504713	449447.MAE_50880	11.1	1
14502708	449447.MAE_30840	11.1	1
14505878	449447.MAE_62520	11.1	1
14502683	449447.MAE_30590	11.1	1
14499862	449447.MAE_02360	11.1	2
14502298	449447.MAE_26720	11.1	1
14503235	449447.MAE_36120	11.0	1
14500316	449447.MAE_06900	11.0	1
14500716	449447.MAE_10910	11.0	1
14501353	449447.MAE_17280	11.0	1
14503114	449447.MAE_34910	11.0	1
14502802	449447.MAE_31780	11.0	1
14505686	449447.MAE_60600	11.0	1
14503614	449447.MAE_39910	10.9	1
14503858	449447.MAE_42350	10.9	1
14505734	449447.MAE_61080	10.8	3
14503487	449447.MAE_38640	10.8	1
14503479	449447.MAE_38560	10.8	3
14503408	449447.MAE_37850	10.8	1
14500156	449447.MAE_05300	10.8	1
14502440	449447.MAE_28140	10.7	1
14500986	449447.MAE_13610	10.7	1
14501336	449447.MAE_17110	10.7	1
14505479	449447.MAE_58530	10.7	3
14501369	449447.MAE_17440	10.7	1
14505117	449447.MAE_54920	10.6	3
14505654	449447.MAE_60280	10.6	1
14504057	449447.MAE_44340	10.6	1
14502290	449447.MAE_26640	10.6	1
14501334	449447.MAE_17090	10.5	1
14501975	449447.MAE_23500	10.5	1
14503208	449447.MAE_35850	10.5	1
14505262	449447.MAE_56370	10.5	1
14504234	449447.MAE_46110	10.4	1
14504438	449447.MAE_48130	10.4	1
14505275	449447.MAE_56500	10.4	2
14502032	449447.MAE_24070	10.4	1
14502612	449447.MAE_29880	10.4	1
14501501	449447.MAE_18760	10.3	1
14502520	449447.MAE_28960	10.3	1
14505189	449447.MAE_55640	10.3	1
14505178	449447.MAE_55530	10.3	1
14501321	449447.MAE_16960	10.3	3
14501860	449447.MAE_22350	10.3	3
14504707	449447.MAE_50820	10.3	1
14501351	449447.MAE_17260	10.2	1
14502899	449447.MAE_32750	10.2	1
14500581	449447.MAE_09560	10.2	2
14504085	449447.MAE_44620	10.1	1
14503830	449447.MAE_42070	10.1	1
14504111	449447.MAE_44880	10.1	1
14501566	449447.MAE_19410	10.1	1
14502466	449447.MAE_28400	10.1	1
14501342	449447.MAE_17170	10.0	1
14504424	449447.MAE_47990	10.0	1
14499686	449447.MAE_00600	9.99	1
14504305	449447.MAE_46810	9.93	1
14504126	449447.MAE_45030	9.92	1
14502828	449447.MAE_32040	9.91	1
14505720	449447.MAE_60940	9.91	1
14503863	449447.MAE_42400	9.91	1
14500433	449447.MAE_08070	9.87	1
14504825	449447.MAE_52000	9.83	2
14500970	449447.MAE_13450	9.8	1
14505833	449447.MAE_62070	9.77	1
14504800	449447.MAE_51750	9.77	2
14502197	449447.MAE_25720	9.76	1
14501534	449447.MAE_19090	9.69	2
14502801	449447.MAE_31770	9.66	1
14503688	449447.MAE_40650	9.65	1
14504943	449447.MAE_53170	9.64	1
14505579	449447.MAE_59530	9.63	1
14501118	449447.MAE_14930	9.6	1
14504941	449447.MAE_53150	9.6	2
14502154	449447.MAE_25290	9.57	1
14499976	449447.MAE_03500	9.54	3
14502595	449447.MAE_29710	9.53	1
14505759	449447.MAE_61330	9.53	1
14502966	449447.MAE_33440	9.5	1
14504233	449447.MAE_46100	9.49	1
14500242	449447.MAE_06160	9.47	1
14504504	449447.MAE_48790	9.44	1
14500399	449447.MAE_07730	9.26	2
14502684	449447.MAE_30600	9.2	3
14505118	449447.MAE_54930	9.19	1
14500871	449447.MAE_12460	9.15	1
14504570	449447.MAE_49450	9.06	2
14500160	449447.MAE_05340	9.06	1
14501791	449447.MAE_21660	9.05	1
14505173	449447.MAE_55480	9.03	1
14501729	449447.MAE_21040	9.03	1
14502752	449447.MAE_31280	9.0	1
14499814	449447.MAE_01880	8.97	1
14505679	449447.MAE_60530	8.97	3
14502962	449447.MAE_33400	8.92	3
14501904	449447.MAE_22790	8.9	1
14502644	449447.MAE_30200	8.88	1
14500898	449447.MAE_12730	8.87	2
14503757	449447.MAE_41340	8.84	2
14501007	449447.MAE_13820	8.79	1
14501717	449447.MAE_20920	8.79	1
14504709	449447.MAE_50840	8.77	1
14503220	449447.MAE_35970	8.73	1
14500557	449447.MAE_09320	8.72	1
14499846	449447.MAE_02200	8.67	1
14502674	449447.MAE_30500	8.64	1
14501780	449447.MAE_21550	8.64	1
14504513	449447.MAE_48880	8.58	1
14500917	449447.MAE_12920	8.5	1
14503758	449447.MAE_41350	8.42	2
14503593	449447.MAE_39700	8.41	1
14503533	449447.MAE_39100	8.33	1
14505071	449447.MAE_54460	8.33	1
14502981	449447.MAE_33590	8.3	1
14501164	449447.MAE_15390	8.28	1
14501341	449447.MAE_17160	8.26	1
14501144	449447.MAE_15190	8.25	1
14502414	449447.MAE_27880	8.18	1
14504087	449447.MAE_44640	8.18	1
14505821	449447.MAE_61950	8.15	1
14503660	449447.MAE_40370	8.08	1
14500172	449447.MAE_05460	8.08	1
14505284	449447.MAE_56590	8.02	2
14505664	449447.MAE_60380	8.02	1
14505277	449447.MAE_56520	7.94	1
14504803	449447.MAE_51780	7.9	1
14503756	449447.MAE_41330	7.89	1
14499946	449447.MAE_03200	7.88	1
14502895	449447.MAE_32710	7.81	1
14505384	449447.MAE_57590	7.8	1
14502234	449447.MAE_26090	7.79	1
14499813	449447.MAE_01870	7.79	1
14502044	449447.MAE_24190	7.79	1
14505535	449447.MAE_59090	7.76	1
14503747	449447.MAE_41240	7.73	1
14502270	449447.MAE_26440	7.71	3
14503710	449447.MAE_40870	7.66	1
14502431	449447.MAE_28050	7.64	1
14503705	449447.MAE_40820	7.55	1
14502631	449447.MAE_30070	7.5	1
14501568	449447.MAE_19430	7.47	1
14500281	449447.MAE_06550	7.46	1
14502755	449447.MAE_31310	7.46	1
14504578	449447.MAE_49530	7.45	1
14505631	449447.MAE_60050	7.42	3
14503339	449447.MAE_37160	7.41	1
14504975	449447.MAE_53490	7.4	1
14502783	449447.MAE_31590	7.39	1
14502151	449447.MAE_25260	7.29	2
14500972	449447.MAE_13470	7.16	1
14504410	449447.MAE_47850	7.11	1
14501028	449447.MAE_14030	7.08	1
14501060	449447.MAE_14350	7.06	1
14503704	449447.MAE_40810	7.02	1
14501046	449447.MAE_14210	7.0	1
14503894	449447.MAE_42710	6.99	1
14502321	449447.MAE_26950	6.98	2
14504872	449447.MAE_52470	6.97	1
14505503	449447.MAE_58770	6.96	1
14502920	449447.MAE_32960	6.94	1
14503394	449447.MAE_37710	6.94	1
14503759	449447.MAE_41360	6.94	1
14503609	449447.MAE_39860	6.93	1
14503994	449447.MAE_43710	6.91	1
14503437	449447.MAE_38140	6.9	2
14503332	449447.MAE_37090	6.89	1
14503316	449447.MAE_36930	6.81	1
14502085	449447.MAE_24600	6.8	1
14504108	449447.MAE_44850	6.78	1
14502759	449447.MAE_31350	6.77	1
14502995	449447.MAE_33730	6.7	1
14503038	449447.MAE_34150	6.69	2
14501805	449447.MAE_21800	6.69	2
14502570	449447.MAE_29460	6.61	1
14501971	449447.MAE_23460	6.55	1
14505206	449447.MAE_55810	6.53	1
14499683	449447.MAE_00570	6.52	2
14499630	449447.MAE_00040	6.5	1
14501984	449447.MAE_23590	6.46	1
14502165	449447.MAE_25400	6.44	1
14502410	449447.MAE_27840	6.43	2
14501037	449447.MAE_14120	6.41	1
14502843	449447.MAE_32190	6.41	1
14505288	449447.MAE_56630	6.38	1
14500341	449447.MAE_07150	6.35	1
14504199	449447.MAE_45760	6.35	1
14503130	449447.MAE_35070	6.31	1
14500505	449447.MAE_08800	6.29	1
14503098	449447.MAE_34750	6.2	1
14504312	449447.MAE_46880	6.16	1
14500437	449447.MAE_08110	6.1	1
14504512	449447.MAE_48870	5.92	1
14503607	449447.MAE_39840	5.86	1
14501440	449447.MAE_18150	5.85	1
14504007	449447.MAE_43840	5.83	1
14501386	449447.MAE_17610	5.8	1
14499636	449447.MAE_00100	5.75	1
14503606	449447.MAE_39830	5.74	1
14505473	449447.MAE_58470	5.68	4
14502703	449447.MAE_30790	5.65	1
14500733	449447.MAE_11080	5.62	1
14505061	449447.MAE_54360	5.59	1
14503834	449447.MAE_42110	5.57	1
14500164	449447.MAE_05380	5.52	1
14499729	449447.MAE_01030	5.52	4
14505475	449447.MAE_58490	5.52	4
14505487	449447.MAE_58610	5.51	1
14503447	449447.MAE_38240	5.5	1
14503087	449447.MAE_34640	5.41	2
14502932	449447.MAE_33100	5.38	1
14501621	449447.MAE_19960	5.37	2
14500211	449447.MAE_05850	5.37	2
14503480	449447.MAE_38570	5.37	3
14505831	449447.MAE_62050	5.32	2
14502893	449447.MAE_32690	5.32	1
14499768	449447.MAE_01420	5.32	1
14504309	449447.MAE_46850	5.32	1
14503088	449447.MAE_34650	5.27	1
14504473	449447.MAE_48480	5.27	1
14500524	449447.MAE_08990	5.27	1
14504721	449447.MAE_50960	5.27	1
14503725	449447.MAE_41020	5.2	1
14504770	449447.MAE_51450	5.08	2
14504182	449447.MAE_45590	5.08	1
14500294	449447.MAE_06680	4.98	1
14505477	449447.MAE_58510	4.96	4
14502359	449447.MAE_27330	4.84	1
14502277	449447.MAE_26510	4.84	1
14503051	449447.MAE_34280	4.84	1
14504785	449447.MAE_51600	4.84	1
14503939	449447.MAE_43160	4.84	1
14502559	449447.MAE_29350	4.84	1
14501282	449447.MAE_16570	4.84	1
14502486	449447.MAE_28600	4.84	1
14505521	449447.MAE_58950	4.8	1
14500783	449447.MAE_11580	4.71	1
14501705	449447.MAE_20800	4.7	1
14502957	449447.MAE_33350	4.69	1
14503096	449447.MAE_34730	4.67	1
14500793	449447.MAE_11680	4.67	1
14500925	449447.MAE_13000	4.61	1
14505273	449447.MAE_56480	4.57	1
14503783	449447.MAE_41600	4.57	1
14503795	449447.MAE_41720	4.53	2
14500004	449447.MAE_03780	4.52	2
14501376	449447.MAE_17510	4.49	1
14504532	449447.MAE_49070	4.45	1
14500787	449447.MAE_11620	4.31	3
14505311	449447.MAE_56860	4.27	1
14502528	449447.MAE_29040	4.12	1
14500868	449447.MAE_12430	4.11	1
14505434	449447.MAE_58080	3.99	4
14505124	449447.MAE_54990	3.99	4
14500370	449447.MAE_07440	3.99	4
14504466	449447.MAE_48410	3.99	4
14499889	449447.MAE_02630	3.99	4
14500698	449447.MAE_10730	3.99	4
14504431	449447.MAE_48060	3.99	4
14500474	449447.MAE_08490	3.99	4
14504888	449447.MAE_52620	3.99	4
14505561	449447.MAE_59350	3.99	4
14504137	449447.MAE_45140	3.99	4
14504579	449447.MAE_49540	3.99	4
14501502	449447.MAE_18770	3.93	1
14504387	449447.MAE_47620	3.89	1
14501847	449447.MAE_22220	3.88	1
14500466	449447.MAE_08410	3.79	1
14504141	449447.MAE_45180	3.75	1
14505931	449447.MAE_63060	3.74	1
14503095	449447.MAE_34720	3.63	3
14502483	449447.MAE_28570	3.46	3
14504928	449447.MAE_53020	3.37	1
14502288	449447.MAE_26620	3.37	1
14500267	449447.MAE_06410	3.19	1
14505435	449447.MAE_58090	3.19	1
14501968	449447.MAE_23430	3.19	1
14503173	449447.MAE_35500	3.19	1
14504291	449447.MAE_46670	3.19	1
14502785	449447.MAE_31610	3.19	1
14499995	449447.MAE_03690	3.19	1
14504929	449447.MAE_53030	3.15	1
14505550	449447.MAE_59240	3.11	1
14503166	449447.MAE_35430	3.1	1
14503164	449447.MAE_35410	3.1	1
14505683	449447.MAE_60570	3.1	1
14501850	449447.MAE_22250	3.1	1
14501726	449447.MAE_21010	3.1	1
14502211	449447.MAE_25860	3.08	1
14503580	449447.MAE_39570	3.08	2
14502413	449447.MAE_27870	3.06	1
14500109	449447.MAE_04830	3.02	1
14505047	449447.MAE_54220	3.02	1
14499901	449447.MAE_02750	2.97	1
14502956	449447.MAE_33340	2.96	2
14503357	449447.MAE_37340	2.9	1
14504780	449447.MAE_51550	2.86	2
14500766	449447.MAE_11410	2.84	1
14505397	449447.MAE_57710	2.83	1
14503979	449447.MAE_43560	2.73	1
14503651	449447.MAE_40280	2.73	1
14500111	449447.MAE_04850	2.69	1
14500218	449447.MAE_05920	2.69	1
14505051	449447.MAE_54260	2.67	3
14505551	449447.MAE_59250	2.67	5
14504171	449447.MAE_45480	2.63	1
14499788	449447.MAE_01620	2.56	1
14502556	449447.MAE_29320	2.56	1
14504678	449447.MAE_50530	2.55	1
14502557	449447.MAE_29330	2.54	5
14505741	449447.MAE_61150	2.47	2
14500779	449447.MAE_11540	2.4	1
14505680	449447.MAE_60540	2.39	2
14502279	449447.MAE_26530	2.36	3
14503640	449447.MAE_40170	2.33	2
14504178	449447.MAE_45550	2.33	2
14504314	449447.MAE_46900	2.32	2
14503258	449447.MAE_36350	2.32	2
14499796	449447.MAE_01700	2.32	2
14499893	449447.MAE_02670	2.32	2
14504069	449447.MAE_44460	2.32	2
14501721	449447.MAE_20960	2.32	2
14503730	449447.MAE_41070	2.32	2
14505828	449447.MAE_62020	2.32	2
14503543	449447.MAE_39200	2.32	2
14504264	449447.MAE_46410	2.32	2
14503064	449447.MAE_34410	2.32	2
14499782	449447.MAE_01560	2.32	2
14501022	449447.MAE_13970	2.3	2
14499972	449447.MAE_03460	2.28	2
14499792	449447.MAE_01660	2.27	3
14499920	449447.MAE_02940	2.26	1
14505052	449447.MAE_54270	2.26	3
14503073	449447.MAE_34500	2.26	6
14503880	449447.MAE_42570	2.25	6
14500144	449447.MAE_05180	2.25	6
14504827	449447.MAE_52020	2.25	6
14501887	449447.MAE_22620	2.25	6
14505186	449447.MAE_55610	2.25	6
14502386	449447.MAE_27600	2.25	6
14502313	449447.MAE_26870	2.25	6
14505554	449447.MAE_59280	2.24	1
14499682	449447.MAE_00560	2.23	6
14505552	449447.MAE_59260	2.23	6
14503892	449447.MAE_42690	2.22	6
14505766	449447.MAE_61400	2.22	6
14501734	449447.MAE_21090	2.22	6
14504585	449447.MAE_49600	2.22	6
14500239	449447.MAE_06130	2.22	6
14505676	449447.MAE_60500	2.22	6
14502339	449447.MAE_27130	2.22	6
14504169	449447.MAE_45460	2.22	6
14500346	449447.MAE_07200	2.22	6
14499953	449447.MAE_03270	2.22	6
14502391	449447.MAE_27650	2.21	1
14502987	449447.MAE_33650	2.21	3
14503066	449447.MAE_34430	2.21	3
14500105	449447.MAE_04790	2.2	6
14500687	449447.MAE_10620	2.2	6
14504379	449447.MAE_47540	2.2	6
14500124	449447.MAE_04980	2.2	6
14499779	449447.MAE_01530	2.2	6
14501255	449447.MAE_16300	2.15	1
14503982	449447.MAE_43590	2.15	2
14499727	449447.MAE_01010	2.14	2
14500110	449447.MAE_04840	2.12	3
14502337	449447.MAE_27110	2.06	3
14503554	449447.MAE_39310	2.06	3
14505042	449447.MAE_54170	2.06	3
14500409	449447.MAE_07830	2.06	3
14500554	449447.MAE_09290	2.06	3
14504470	449447.MAE_48450	2.06	3
14503613	449447.MAE_39900	2.06	3
14505860	449447.MAE_62340	2.06	3
14503893	449447.MAE_42700	2.06	3
14505326	449447.MAE_57010	2.06	3
14500521	449447.MAE_08960	2.06	3
14502736	449447.MAE_31120	2.0	1
14502232	449447.MAE_26070	1.98	3
14500616	449447.MAE_09910	1.98	3
14501697	449447.MAE_20720	1.98	3
14502952	449447.MAE_33300	1.98	3
14505772	449447.MAE_61460	1.98	3
14505911	449447.MAE_62860	1.98	3
14501945	449447.MAE_23200	1.98	3
14504932	449447.MAE_53060	1.98	3
14500712	449447.MAE_10870	1.98	3
14503466	449447.MAE_38430	1.98	3
14501905	449447.MAE_22800	1.97	1
14505736	449447.MAE_61100	1.95	2
14502744	449447.MAE_31200	1.95	3
14503793	449447.MAE_41700	1.93	2
14502588	449447.MAE_29640	1.92	3
14505681	449447.MAE_60550	1.9	2
14505737	449447.MAE_61110	1.9	2
14500999	449447.MAE_13740	1.88	1
14502109	449447.MAE_24840	1.84	5
14500458	449447.MAE_08320	1.78	4
14500955	449447.MAE_13300	1.78	4
14500198	449447.MAE_05720	1.77	2
14504167	449447.MAE_45440	1.77	2
14502274	449447.MAE_26480	1.77	2
14502489	449447.MAE_28630	1.77	2
14505670	449447.MAE_60440	1.7	2
14504776	449447.MAE_51510	1.7	2
14505172	449447.MAE_55470	1.7	2
14505177	449447.MAE_55520	1.7	2
14500817	449447.MAE_11920	1.7	2
14501854	449447.MAE_22290	1.7	2
14500416	449447.MAE_07900	1.7	2
14503265	449447.MAE_36420	1.7	2
14500108	449447.MAE_04820	1.7	2
14503450	449447.MAE_38270	1.7	2
14501272	449447.MAE_16470	1.7	2
14501192	449447.MAE_15670	1.7	2
14502390	449447.MAE_27640	1.7	2
14501728	449447.MAE_21030	1.7	2
14500133	449447.MAE_05070	1.7	2
14500084	449447.MAE_04580	1.7	2
14502565	449447.MAE_29410	1.7	2
14505673	449447.MAE_60470	1.61	1
14503517	449447.MAE_38940	1.61	1
14505853	449447.MAE_62270	1.61	1
14500241	449447.MAE_06150	1.61	1
14501173	449447.MAE_15480	1.61	1
14501892	449447.MAE_22670	1.61	1
14504173	449447.MAE_45500	1.61	1
14503910	449447.MAE_42870	1.61	1
14505471	449447.MAE_58450	1.61	1
14500121	449447.MAE_04950	1.58	5
14500792	449447.MAE_11670	1.57	1
14503161	449447.MAE_35380	1.54	1
14501846	449447.MAE_22210	1.44	2
14503034	449447.MAE_34110	1.36	1
14502360	449447.MAE_27340	1.34	1
14505685	449447.MAE_60590	1.32	1
14501655	449447.MAE_20300	1.27	1
14503562	449447.MAE_39390	1.27	1
14502634	449447.MAE_30100	1.27	1
14505125	449447.MAE_55000	1.27	1
14502510	449447.MAE_28860	1.27	1
14505188	449447.MAE_55630	1.27	1
14501862	449447.MAE_22370	1.27	1
14504170	449447.MAE_45470	1.27	1
14502350	449447.MAE_27240	1.27	1
14504329	449447.MAE_47050	1.24	1
14501857	449447.MAE_22320	1.2	1
14502361	449447.MAE_27350	1.19	1
14500694	449447.MAE_10690	1.19	1
14499689	449447.MAE_00630	1.19	1
14504093	449447.MAE_44700	1.18	1
14500496	449447.MAE_08710	1.17	1
14502765	449447.MAE_31410	1.07	1
14501278	449447.MAE_16530	1.05	1
14500741	449447.MAE_11160	1.04	1
14501966	449447.MAE_23410	1.04	2
14501582	449447.MAE_19570	1.04	2
14502901	449447.MAE_32770	1.02	2
14503790	449447.MAE_41670	1.01	2
14504805	449447.MAE_51800	0.997	1
14500138	449447.MAE_05120	0.993	1
14504425	449447.MAE_48000	0.993	1
14502095	449447.MAE_24700	0.987	1
14500683	449447.MAE_10580	0.975	1
14500185	449447.MAE_05590	0.97	2
14500374	449447.MAE_07480	0.946	1
14500656	449447.MAE_10310	0.946	1
14501425	449447.MAE_18000	0.91	1
14503062	449447.MAE_34390	0.904	2
14502547	449447.MAE_29230	0.889	2
14500643	449447.MAE_10180	0.872	2
14501201	449447.MAE_15760	0.872	2
14501909	449447.MAE_22840	0.846	2
14504730	449447.MAE_51050	0.84	2
14499700	449447.MAE_00740	0.84	2
14504150	449447.MAE_45270	0.84	2
14503824	449447.MAE_42010	0.84	2
14502567	449447.MAE_29430	0.84	2
14505605	449447.MAE_59790	0.84	2
14502847	449447.MAE_32230	0.84	2
14501021	449447.MAE_13960	0.84	2
14505294	449447.MAE_56690	0.84	2
14501160	449447.MAE_15350	0.838	2
14502323	449447.MAE_26970	0.824	1
14501001	449447.MAE_13760	0.819	1
14504848	449447.MAE_52230	0.819	1
14501845	449447.MAE_22200	0.813	1
14499666	449447.MAE_00400	0.81	1
14504165	449447.MAE_45420	0.81	1
14501396	449447.MAE_17710	0.807	2
14502874	449447.MAE_32500	0.807	2
14503469	449447.MAE_38460	0.807	2
14505087	449447.MAE_54620	0.807	2
14503659	449447.MAE_40360	0.794	2
14504736	449447.MAE_51110	0.794	2
14501936	449447.MAE_23110	0.794	2
14504700	449447.MAE_50750	0.794	2
14503869	449447.MAE_42460	0.794	2
14503864	449447.MAE_42410	0.794	2
14504808	449447.MAE_51830	0.794	2
14504390	449447.MAE_47650	0.791	1
14502585	449447.MAE_29610	0.789	2
14500455	449447.MAE_08290	0.789	1
14505661	449447.MAE_60350	0.782	1
14505889	449447.MAE_62630	0.78	2
14503134	449447.MAE_35110	0.78	2
14503888	449447.MAE_42650	0.76	2
14501024	449447.MAE_13990	0.75	2
14504979	449447.MAE_53530	0.723	2
14504622	449447.MAE_49970	0.723	2
14503424	449447.MAE_38010	0.722	2
14505639	449447.MAE_60130	0.694	2
14503796	449447.MAE_41730	0.619	1
14500229	449447.MAE_06030	0.611	1
14502105	449447.MAE_24800	0.611	1
14503934	449447.MAE_43110	0.611	1
14501733	449447.MAE_21080	0.611	1
14501226	449447.MAE_16010	0.413	1
14503413	449447.MAE_37900	0.377	1
14503275	449447.MAE_36520	0.369	1
14501279	449447.MAE_16540	0.369	1
14504626	449447.MAE_50010	0.336	1
