#id: 632436410
#name: Microcystis aeruginosa - Whole organism, Pcc7806, SC (Alexova,mcp,2011)
#score: 2.6
#description: abundance based on Spectral counting PCC7806, PCC7806, Interaction consistency score: 2.6, Coverage: 44
#organ: WHOLE_ORGANISM
#integrated: false
#coverage: 44
#link: http://www.ncbi.nlm.nih.gov/pubmed/21610102
#publication_year: 2011
#filename: 449447-MicrocystisAeruginosa_strainNIES-843_PCC7806_PRIDE.txt
#
#internal_id	string_external_id	abundance	raw_spectral_count
14502070	449447.MAE_24450	138022	6617
14502071	449447.MAE_24460	71704	3087
14505026	449447.MAE_54000	26213	37
14500651	449447.MAE_10260	24014	1173
14500652	449447.MAE_10270	23484	1090
14504354	449447.MAE_47290	23465	857
14500235	449447.MAE_06090	18437	2037
14504459	449447.MAE_48340	16205	1024
14502073	449447.MAE_24480	14445	790
14503206	449447.MAE_35830	13533	540
14500649	449447.MAE_10240	13288	200
14503992	449447.MAE_43690	13019	223
14502825	449447.MAE_32010	10491	174
14501105	449447.MAE_14800	10217	1117
14500248	449447.MAE_06220	9668	1000
14504419	449447.MAE_47940	9632	306
14504418	449447.MAE_47930	9273	279
14501138	449447.MAE_15130	7817	298
14505549	449447.MAE_59230	7711	215
14500881	449447.MAE_12560	7656	128
14504048	449447.MAE_44250	7588	644
14502256	449447.MAE_26300	7525	581
14502425	449447.MAE_27990	7498	1111
14505025	449447.MAE_53990	7301	371
14501547	449447.MAE_19220	7272	329
14502626	449447.MAE_30020	7215	482
14502871	449447.MAE_32470	7099	594
14501516	449447.MAE_18910	7023	587
14503253	449447.MAE_36300	6923	539
14500809	449447.MAE_11840	6465	152
14502873	449447.MAE_32490	6464	412
14499718	449447.MAE_00920	6136	828
14501955	449447.MAE_23300	5971	172
14503385	449447.MAE_37620	5963	225
14503274	449447.MAE_36510	5799	208
14501548	449447.MAE_19230	5741	443
14500987	449447.MAE_13620	5656	704
14504231	449447.MAE_46080	5451	790
14504638	449447.MAE_50130	5296	149
14502927	449447.MAE_33030	5208	110
14503899	449447.MAE_42760	5125	609
14505252	449447.MAE_56270	5043	118
14504637	449447.MAE_50120	4816	15
14502804	449447.MAE_31800	4774	68
14504412	449447.MAE_47870	4668	172
14503990	449447.MAE_43670	4617	430
14505062	449447.MAE_54370	4562	101
14502978	449447.MAE_33560	4538	75
14504246	449447.MAE_46230	4450	146
14505635	449447.MAE_60090	4411	87
14499719	449447.MAE_00930	4187	65
14504414	449447.MAE_47890	3971	314
14501789	449447.MAE_21640	3810	196
14502128	449447.MAE_25030	3780	441
14499690	449447.MAE_00640	3711	249
14504650	449447.MAE_50250	3711	431
14501190	449447.MAE_15650	3629	33
14505909	449447.MAE_62840	3515	148
14502846	449447.MAE_32220	3482	130
14504230	449447.MAE_46070	3438	75
14504105	449447.MAE_44820	3432	158
14504562	449447.MAE_49370	3276	838
14501785	449447.MAE_21600	3263	91
14505333	449447.MAE_57080	3251	227
14501463	449447.MAE_18380	3084	214
14503136	449447.MAE_35130	2984	96
14500994	449447.MAE_13690	2916	119
14504641	449447.MAE_50160	2890	268
14504417	449447.MAE_47920	2613	38
14504463	449447.MAE_48380	2588	162
14501552	449447.MAE_19270	2553	387
14505358	449447.MAE_57330	2456	83
14505719	449447.MAE_60930	2424	108
14505164	449447.MAE_55390	2354	80
14505512	449447.MAE_58860	2319	99
14505253	449447.MAE_56280	2315	44
14500882	449447.MAE_12570	2287	229
14500681	449447.MAE_10560	2270	184
14505841	449447.MAE_62150	2269	138
14504633	449447.MAE_50080	2180	83
14503227	449447.MAE_36040	2154	85
14503529	449447.MAE_39060	2124	65
14500309	449447.MAE_06830	2071	27
14499905	449447.MAE_02790	2063	69
14500159	449447.MAE_05330	2062	56
14501587	449447.MAE_19620	2055	31
14499967	449447.MAE_03410	2002	310
14502053	449447.MAE_24280	1939	42
14504192	449447.MAE_45690	1936	52
14501098	449447.MAE_14730	1936	212
14504639	449447.MAE_50140	1890	90
14500286	449447.MAE_06600	1867	26
14505356	449447.MAE_57310	1853	86
14505894	449447.MAE_62680	1809	111
14504202	449447.MAE_45790	1801	78
14504294	449447.MAE_46700	1755	60
14504630	449447.MAE_50050	1696	82
14500802	449447.MAE_11770	1631	106
14503736	449447.MAE_41130	1617	36
14503786	449447.MAE_41630	1608	37
14499916	449447.MAE_02900	1576	61
14505590	449447.MAE_59640	1522	150
14502926	449447.MAE_33020	1486	15
14505544	449447.MAE_59180	1471	46
14504640	449447.MAE_50150	1468	50
14505344	449447.MAE_57190	1435	85
14504642	449447.MAE_50170	1387	100
14503292	449447.MAE_36690	1348	55
14503112	449447.MAE_34890	1336	126
14503713	449447.MAE_40900	1283	169
14500589	449447.MAE_09640	1282	28
14499876	449447.MAE_02500	1278	63
14502385	449447.MAE_27590	1270	55
14503755	449447.MAE_41320	1268	60
14505063	449447.MAE_54380	1260	79
14505371	449447.MAE_57460	1255	28
14503468	449447.MAE_38450	1249	113
14505625	449447.MAE_59990	1237	25
14505002	449447.MAE_53760	1218	84
14502923	449447.MAE_32990	1213	84
14502979	449447.MAE_33570	1208	67
14503162	449447.MAE_35390	1191	113
14505543	449447.MAE_59170	1167	79
14503285	449447.MAE_36620	1159	34
14503544	449447.MAE_39210	1153	203
14501122	449447.MAE_14970	1137	149
14504382	449447.MAE_47570	1095	111
14504117	449447.MAE_44940	1095	74
14503534	449447.MAE_39110	1069	88
14504226	449447.MAE_46030	1054	26
14501337	449447.MAE_17120	1047	10
14505898	449447.MAE_62720	1034	53
14504249	449447.MAE_46260	1028	129
14503716	449447.MAE_40930	1027	14
14500580	449447.MAE_09550	1019	17
14500308	449447.MAE_06820	999	23
14504416	449447.MAE_47910	990	215
14505368	449447.MAE_57430	985	36
14500956	449447.MAE_13310	974	29
14501974	449447.MAE_23490	955	33
14502435	449447.MAE_28090	940	33
14504222	449447.MAE_45990	938	39
14501541	449447.MAE_19160	935	33
14504326	449447.MAE_47020	922	19
14504664	449447.MAE_50390	920	22
14504112	449447.MAE_44890	917	12
14505303	449447.MAE_56780	917	58
14505165	449447.MAE_55400	913	10
14504089	449447.MAE_44660	886	73
14500361	449447.MAE_07350	884	34
14500088	449447.MAE_04620	860	104
14500626	449447.MAE_10010	855	179
14499720	449447.MAE_00940	840	26
14505795	449447.MAE_61690	824	35
14505808	449447.MAE_61820	817	131
14501792	449447.MAE_21670	807	34
14505571	449447.MAE_59450	794	30
14504183	449447.MAE_45600	790	19
14501509	449447.MAE_18840	789	94
14503857	449447.MAE_42340	757	23
14504965	449447.MAE_53390	738	145
14502835	449447.MAE_32110	724	3
14500579	449447.MAE_09540	722	54
14503132	449447.MAE_35090	717	51
14500251	449447.MAE_06250	700	43
14504857	449447.MAE_52320	697	93
14500008	449447.MAE_03820	696	95
14504420	449447.MAE_47950	689	15
14503714	449447.MAE_40910	684	26
14500355	449447.MAE_07290	678	29
14501207	449447.MAE_15820	677	25
14500034	449447.MAE_04080	674	44
14505343	449447.MAE_57180	670	41
14501933	449447.MAE_23080	656	48
14504611	449447.MAE_49860	642	53
14505365	449447.MAE_57400	634	24
14501231	449447.MAE_16060	630	48
14500756	449447.MAE_11310	629	16
14503272	449447.MAE_36490	619	19
14504995	449447.MAE_53690	612	17
14503224	449447.MAE_36010	611	2
14503286	449447.MAE_36630	610	40
14505657	449447.MAE_60310	604	62
14500333	449447.MAE_07070	600	34
14502159	449447.MAE_25340	598	65
14500357	449447.MAE_07310	589	18
14500253	449447.MAE_06270	579	13
14504754	449447.MAE_51290	577	19
14503940	449447.MAE_43170	573	42
14504875	449447.MAE_52500	573	20
14501193	449447.MAE_15680	568	17
14503418	449447.MAE_37950	567	21
14503461	449447.MAE_38380	564	47
14502888	449447.MAE_32640	557	25
14502678	449447.MAE_30540	548	24
14505456	449447.MAE_58300	547	17
14504378	449447.MAE_47530	546	19
14504969	449447.MAE_53430	541	34
14504248	449447.MAE_46250	517	31
14504430	449447.MAE_48050	508	7
14501795	449447.MAE_21700	506	21
14500150	449447.MAE_05240	502	67
14500934	449447.MAE_13090	496	66
14504021	449447.MAE_43980	489	69
14504014	449447.MAE_43910	488	47
14500812	449447.MAE_11870	480	41
14505748	449447.MAE_61220	477	2
14502493	449447.MAE_28670	470	90
14501053	449447.MAE_14280	469	42
14501555	449447.MAE_19300	464	20
14504228	449447.MAE_46050	461	29
14505349	449447.MAE_57240	456	18
14505820	449447.MAE_61940	455	36
14501904	449447.MAE_22790	453	58
14500256	449447.MAE_06300	450	45
14500801	449447.MAE_11760	449	9
14502016	449447.MAE_23910	448	15
14501147	449447.MAE_15220	445	58
14505367	449447.MAE_57420	442	26
14504739	449447.MAE_51140	435	24
14503400	449447.MAE_37770	433	21
14504060	449447.MAE_44370	426	11
14501478	449447.MAE_18530	426	14
14504066	449447.MAE_44430	423	27
14505269	449447.MAE_56440	418	20
14505363	449447.MAE_57380	416	11
14501585	449447.MAE_19600	413	21
14502018	449447.MAE_23930	410	9
14504116	449447.MAE_44930	410	25
14501624	449447.MAE_19990	409	89
14504381	449447.MAE_47560	403	64
14504068	449447.MAE_44450	401	1
14502060	449447.MAE_24350	401	18
14505313	449447.MAE_56880	397	13
14500112	449447.MAE_04860	395	6
14502468	449447.MAE_28420	395	13
14504088	449447.MAE_44650	394	12
14501770	449447.MAE_21450	390	27
14500963	449447.MAE_13380	384	2
14505354	449447.MAE_57290	382	23
14502268	449447.MAE_26420	381	33
14503738	449447.MAE_41150	376	35
14501982	449447.MAE_23570	372	36
14505359	449447.MAE_57340	369	5
14505903	449447.MAE_62780	363	32
14504963	449447.MAE_53370	362	14
14505599	449447.MAE_59730	360	31
14502779	449447.MAE_31550	360	19
14505183	449447.MAE_55580	356	85
14505215	449447.MAE_55900	353	26
14501468	449447.MAE_18430	351	16
14503434	449447.MAE_38110	350	17
14500530	449447.MAE_09050	347	71
14501798	449447.MAE_21730	337	30
14499868	449447.MAE_02420	336	2
14503299	449447.MAE_36760	335	44
14503684	449447.MAE_40610	334	11
14505355	449447.MAE_57300	334	9
14505563	449447.MAE_59370	332	39
14502742	449447.MAE_31180	331	29
14501330	449447.MAE_17050	329	11
14502382	449447.MAE_27560	327	6
14503739	449447.MAE_41160	326	30
14501423	449447.MAE_17980	326	30
14499647	449447.MAE_00210	324	23
14502377	449447.MAE_27510	319	23
14499808	449447.MAE_01820	318	23
14505725	449447.MAE_60990	318	9
14500939	449447.MAE_13140	317	7
14504694	449447.MAE_50690	315	33
14505299	449447.MAE_56740	315	12
14499858	449447.MAE_02320	313	13
14501630	449447.MAE_20050	311	14
14503983	449447.MAE_43600	307	31
14500029	449447.MAE_04030	306	6
14503652	449447.MAE_40290	303	4
14500412	449447.MAE_07860	300	24
14502027	449447.MAE_24020	299	1
14503441	449447.MAE_38180	298	7
14504127	449447.MAE_45040	297	13
14499938	449447.MAE_03120	296	13
14503681	449447.MAE_40580	295	13
14503131	449447.MAE_35080	290	21
14504670	449447.MAE_50450	290	34
14501434	449447.MAE_18090	290	5
14499915	449447.MAE_02890	290	12
14505073	449447.MAE_54480	289	1
14500737	449447.MAE_11120	288	13
14504325	449447.MAE_47010	288	1
14502015	449447.MAE_23900	285	20
14501456	449447.MAE_18310	284	17
14501317	449447.MAE_16920	281	14
14500574	449447.MAE_09490	281	4
14502862	449447.MAE_32380	281	21
14501074	449447.MAE_14490	279	3
14499910	449447.MAE_02840	278	19
14504147	449447.MAE_45240	277	10
14502543	449447.MAE_29190	276	1
14501643	449447.MAE_20180	274	68
14502138	449447.MAE_25130	274	41
14500991	449447.MAE_13660	269	9
14501197	449447.MAE_15720	268	28
14500457	449447.MAE_08310	264	2
14502947	449447.MAE_33250	260	2
14502792	449447.MAE_31680	260	6
14500803	449447.MAE_11780	258	11
14504648	449447.MAE_50230	256	1
14501115	449447.MAE_14900	256	36
14502495	449447.MAE_28690	255	8
14501826	449447.MAE_22010	254	25
14503618	449447.MAE_39950	252	43
14502052	449447.MAE_24270	251	23
14499888	449447.MAE_02620	250	50
14504830	449447.MAE_52050	246	7
14501181	449447.MAE_15560	246	5
14504627	449447.MAE_50020	245	23
14505870	449447.MAE_62440	243	10
14501874	449447.MAE_22490	241	7
14505836	449447.MAE_62100	240	5
14505879	449447.MAE_62530	238	33
14504185	449447.MAE_45620	237	3
14502817	449447.MAE_31930	235	7
14504887	449447.MAE_52610	235	13
14504881	449447.MAE_52560	234	10
14504879	449447.MAE_52540	232	21
14502925	449447.MAE_33010	230	5
14501100	449447.MAE_14750	228	33
14503093	449447.MAE_34700	225	3
14504763	449447.MAE_51380	222	32
14502431	449447.MAE_28050	222	26
14502394	449447.MAE_27680	221	25
14502753	449447.MAE_31290	218	9
14505832	449447.MAE_62060	216	45
14504203	449447.MAE_45800	216	18
14505038	449447.MAE_54130	214	31
14500165	449447.MAE_05390	214	2
14501793	449447.MAE_21680	214	9
14503411	449447.MAE_37880	212	1
14501041	449447.MAE_14160	211	1
14504631	449447.MAE_50060	211	16
14500226	449447.MAE_06000	210	21
14503121	449447.MAE_34980	209	1
14500662	449447.MAE_10370	207	10
14501284	449447.MAE_16590	206	29
14502305	449447.MAE_26790	206	6
14500379	449447.MAE_07530	205	1
14505826	449447.MAE_62000	205	22
14500263	449447.MAE_06370	204	13
14502530	449447.MAE_29060	203	8
14500262	449447.MAE_06360	201	12
14499835	449447.MAE_02090	201	31
14500486	449447.MAE_08610	201	2
14504752	449447.MAE_51270	201	9
14501480	449447.MAE_18550	200	14
14504876	449447.MAE_52510	199	3
14503530	449447.MAE_39070	197	9
14504806	449447.MAE_51810	197	2
14501385	449447.MAE_17600	196	2
14500893	449447.MAE_12680	196	14
14504964	449447.MAE_53380	195	1
14504613	449447.MAE_49880	194	2
14504429	449447.MAE_48040	194	1
14504304	449447.MAE_46800	193	7
14499917	449447.MAE_02910	189	4
14503763	449447.MAE_41400	189	23
14500595	449447.MAE_09700	188	16
14501915	449447.MAE_22900	187	4
14503897	449447.MAE_42740	186	22
14505260	449447.MAE_56350	186	13
14501829	449447.MAE_22040	184	3
14505935	449447.MAE_63100	182	23
14499877	449447.MAE_02510	182	6
14501329	449447.MAE_17040	181	1
14505271	449447.MAE_56460	181	7
14505492	449447.MAE_58660	179	7
14504894	449447.MAE_52680	178	10
14505568	449447.MAE_59420	176	2
14505352	449447.MAE_57270	174	8
14502533	449447.MAE_29090	173	3
14504214	449447.MAE_45910	173	17
14500676	449447.MAE_10510	171	56
14505440	449447.MAE_58140	171	56
14500647	449447.MAE_10220	171	56
14500663	449447.MAE_10380	171	56
14500705	449447.MAE_10800	171	56
14502021	449447.MAE_23960	171	2
14500186	449447.MAE_05600	169	1
14503723	449447.MAE_41000	168	1
14501503	449447.MAE_18780	167	2
14503788	449447.MAE_41650	167	2
14504911	449447.MAE_52850	167	8
14505526	449447.MAE_59000	166	18
14499697	449447.MAE_00710	165	16
14501432	449447.MAE_18070	165	2
14500807	449447.MAE_11820	163	8
14500287	449447.MAE_06610	163	9
14501311	449447.MAE_16860	163	9
14501404	449447.MAE_17790	162	19
14502247	449447.MAE_26210	162	16
14501464	449447.MAE_18390	162	14
14504735	449447.MAE_51100	162	1
14505603	449447.MAE_59770	161	4
14502286	449447.MAE_26600	160	1
14505439	449447.MAE_58130	159	1
14501841	449447.MAE_22160	158	6
14502798	449447.MAE_31740	157	5
14500482	449447.MAE_08570	157	1
14503324	449447.MAE_37010	154	3
14503900	449447.MAE_42770	153	27
14501466	449447.MAE_18410	153	26
14502983	449447.MAE_33610	153	10
14502460	449447.MAE_28340	150	3
14501040	449447.MAE_14150	150	5
14500732	449447.MAE_11070	149	4
14503226	449447.MAE_36030	148	8
14502822	449447.MAE_31980	148	1
14500604	449447.MAE_09790	147	6
14500750	449447.MAE_11250	147	6
14505199	449447.MAE_55740	147	1
14505360	449447.MAE_57350	147	3
14501035	449447.MAE_14100	145	2
14501959	449447.MAE_23340	145	5
14500903	449447.MAE_12780	145	4
14504654	449447.MAE_50290	144	6
14503451	449447.MAE_38280	143	2
14505895	449447.MAE_62690	142	10
14499873	449447.MAE_02470	142	7
14505226	449447.MAE_56010	142	27
14504018	449447.MAE_43950	142	1
14505640	449447.MAE_60140	141	9
14505695	449447.MAE_60690	141	5
14505230	449447.MAE_56050	141	2
14499926	449447.MAE_03000	140	9
14500402	449447.MAE_07760	140	6
14504528	449447.MAE_49030	140	2
14502616	449447.MAE_29920	139	3
14502860	449447.MAE_32360	138	2
14500764	449447.MAE_11390	137	3
14504667	449447.MAE_50420	137	40
14500923	449447.MAE_12980	136	7
14501673	449447.MAE_20480	135	2
14505317	449447.MAE_56920	134	5
14504217	449447.MAE_45940	134	3
14504852	449447.MAE_52270	134	1
14501815	449447.MAE_21900	134	15
14502253	449447.MAE_26270	133	4
14500449	449447.MAE_08230	133	13
14502258	449447.MAE_26320	132	1
14504010	449447.MAE_43870	132	7
14504000	449447.MAE_43770	131	1
14502542	449447.MAE_29180	131	1
14504407	449447.MAE_47820	130	1
14503698	449447.MAE_40750	129	7
14500188	449447.MAE_05620	129	13
14500227	449447.MAE_06010	129	14
14504156	449447.MAE_45330	129	7
14501148	449447.MAE_15230	127	8
14504759	449447.MAE_51340	127	6
14502037	449447.MAE_24120	126	1
14499935	449447.MAE_03090	126	6
14502863	449447.MAE_32390	126	1
14504154	449447.MAE_45310	125	5
14505582	449447.MAE_59560	125	1
14500630	449447.MAE_10050	124	8
14500517	449447.MAE_08920	124	4
14502078	449447.MAE_24530	124	5
14504269	449447.MAE_46460	123	19
14505011	449447.MAE_53850	123	6
14499650	449447.MAE_00240	123	2
14505380	449447.MAE_57550	123	2
14500565	449447.MAE_09400	122	2
14503282	449447.MAE_36590	122	3
14504550	449447.MAE_49250	122	11
14502170	449447.MAE_25450	122	1
14501408	449447.MAE_17830	121	1
14501908	449447.MAE_22830	121	6
14505722	449447.MAE_60960	121	21
14501010	449447.MAE_13850	121	2
14500982	449447.MAE_13570	120	6
14501513	449447.MAE_18880	120	6
14501080	449447.MAE_14550	120	7
14502266	449447.MAE_26400	119	14
14503890	449447.MAE_42670	119	1
14504829	449447.MAE_52040	119	3
14502216	449447.MAE_25910	119	3
14502255	449447.MAE_26290	119	4
14503583	449447.MAE_39600	118	1
14503058	449447.MAE_34350	118	1
14502517	449447.MAE_28930	118	6
14502764	449447.MAE_31400	117	4
14502681	449447.MAE_30570	117	3
14500158	449447.MAE_05320	117	3
14500254	449447.MAE_06280	117	4
14502352	449447.MAE_27260	117	14
14503577	449447.MAE_39540	116	1
14504039	449447.MAE_44160	115	1
14505893	449447.MAE_62670	114	10
14503671	449447.MAE_40480	113	1
14501208	449447.MAE_15830	113	6
14501246	449447.MAE_16210	113	1
14500076	449447.MAE_04500	113	3
14503248	449447.MAE_36250	113	1
14505861	449447.MAE_62350	113	1
14499671	449447.MAE_00450	112	1
14505169	449447.MAE_55440	111	10
14500202	449447.MAE_05760	111	1
14503631	449447.MAE_40080	111	1
14504220	449447.MAE_45970	109	9
14500768	449447.MAE_11430	109	6
14502254	449447.MAE_26280	109	10
14504495	449447.MAE_48700	108	1
14503018	449447.MAE_33950	108	1
14502614	449447.MAE_29900	107	5
14499937	449447.MAE_03110	107	4
14504408	449447.MAE_47830	107	1
14501508	449447.MAE_18830	107	1
14504880	449447.MAE_52550	106	3
14505336	449447.MAE_57110	106	1
14499822	449447.MAE_01960	106	5
14505581	449447.MAE_59550	106	28
14503903	449447.MAE_42800	106	1
14502974	449447.MAE_33520	106	1
14502554	449447.MAE_29300	105	1
14502261	449447.MAE_26350	105	2
14503642	449447.MAE_40190	105	1
14502673	449447.MAE_30490	105	2
14502827	449447.MAE_32030	104	3
14504665	449447.MAE_50400	104	2
14504792	449447.MAE_51670	104	3
14505244	449447.MAE_56190	103	1
14500775	449447.MAE_11500	103	1
14503489	449447.MAE_38660	103	5
14504277	449447.MAE_46540	102	1
14502723	449447.MAE_30990	102	1
14501210	449447.MAE_15850	102	8
14505351	449447.MAE_57260	102	4
14503368	449447.MAE_37450	101	2
14501455	449447.MAE_18300	101	3
14502145	449447.MAE_25200	101	1
14504401	449447.MAE_47760	101	2
14503889	449447.MAE_42660	100	1
14500485	449447.MAE_08600	100	40
14502695	449447.MAE_30710	100	6
14499732	449447.MAE_01060	99.9	2
14501683	449447.MAE_20580	99.8	1
14500299	449447.MAE_06730	99.2	4
14503507	449447.MAE_38840	99.0	2
14505399	449447.MAE_57730	98.9	2
14505548	449447.MAE_59220	98.8	17
14499778	449447.MAE_01520	98.6	1
14504210	449447.MAE_45870	98.0	2
14501368	449447.MAE_17430	97.9	3
14503008	449447.MAE_33860	97.6	1
14500840	449447.MAE_12150	97.6	3
14502007	449447.MAE_23820	97.0	2
14505907	449447.MAE_62820	96.8	3
14500814	449447.MAE_11890	96.6	14
14503598	449447.MAE_39750	96.1	3
14500405	449447.MAE_07790	96.1	2
14505618	449447.MAE_59920	95.7	1
14504218	449447.MAE_45950	95.6	10
14503310	449447.MAE_36870	95.3	2
14499886	449447.MAE_02600	95.0	10
14505746	449447.MAE_61200	94.9	5
14504912	449447.MAE_52860	94.8	6
14499789	449447.MAE_01630	94.8	2
14501179	449447.MAE_15540	94.7	6
14501354	449447.MAE_17290	94.6	16
14502598	449447.MAE_29740	94.5	1
14499909	449447.MAE_02830	94.5	1
14501155	449447.MAE_15300	94.1	1
14503472	449447.MAE_38490	94.0	2
14505825	449447.MAE_61990	93.6	2
14503392	449447.MAE_37690	93.6	2
14505225	449447.MAE_56000	93.1	1
14499966	449447.MAE_03400	92.9	12
14500236	449447.MAE_06100	92.8	2
14505567	449447.MAE_59410	92.8	1
14505564	449447.MAE_59380	92.5	6
14500382	449447.MAE_07560	92.3	42
14499991	449447.MAE_03650	92.2	3
14501924	449447.MAE_22990	91.6	1
14499759	449447.MAE_01330	91.6	3
14501180	449447.MAE_15550	91.4	1
14499770	449447.MAE_01440	91.3	5
14505570	449447.MAE_59440	91.0	8
14500417	449447.MAE_07910	90.9	3
14505318	449447.MAE_56930	90.7	4
14500592	449447.MAE_09670	90.7	3
14500454	449447.MAE_08280	90.6	9
14501435	449447.MAE_18100	90.5	1
14505082	449447.MAE_54570	90.5	5
14500834	449447.MAE_12090	90.2	1
14501506	449447.MAE_18810	90.0	1
14501619	449447.MAE_19940	90.0	1
14500548	449447.MAE_09230	90.0	1
14499872	449447.MAE_02460	89.9	1
14501243	449447.MAE_16180	89.7	4
14505168	449447.MAE_55430	89.7	4
14499980	449447.MAE_03540	89.5	2
14504718	449447.MAE_50930	89.5	2
14504815	449447.MAE_51900	89.1	3
14500666	449447.MAE_10410	88.3	13
14504632	449447.MAE_50070	88.3	4
14503463	449447.MAE_38400	87.7	6
14501720	449447.MAE_20950	87.6	4
14505106	449447.MAE_54810	87.6	4
14505110	449447.MAE_54850	87.5	9
14501944	449447.MAE_23190	87.3	5
14503330	449447.MAE_37070	86.9	4
14500225	449447.MAE_05990	86.9	8
14499741	449447.MAE_01150	86.9	1
14503862	449447.MAE_42390	86.8	3
14503753	449447.MAE_41300	86.7	2
14504158	449447.MAE_45350	86.7	2
14504747	449447.MAE_51220	86.6	22
14505341	449447.MAE_57160	86.5	5
14500233	449447.MAE_06070	86.5	3
14499924	449447.MAE_02980	86.4	1
14505810	449447.MAE_61840	85.9	18
14503764	449447.MAE_41410	85.9	13
14501886	449447.MAE_22610	85.7	14
14503343	449447.MAE_37200	84.6	4
14504268	449447.MAE_46450	84.6	6
14501350	449447.MAE_17250	84.5	1
14505141	449447.MAE_55160	84.5	1
14502066	449447.MAE_24410	84.5	8
14505855	449447.MAE_62290	83.9	1
14499885	449447.MAE_02590	83.9	11
14501230	449447.MAE_16050	83.5	2
14505036	449447.MAE_54100	83.4	5
14501305	449447.MAE_16800	83.4	4
14501364	449447.MAE_17390	83.3	7
14503182	449447.MAE_35590	83.0	1
14503898	449447.MAE_42750	82.8	2
14502094	449447.MAE_24690	82.4	2
14505339	449447.MAE_57140	82.4	3
14501539	449447.MAE_19140	82.4	2
14505348	449447.MAE_57230	82.3	1
14503591	449447.MAE_39680	82.2	1
14501712	449447.MAE_20870	82.2	1
14500204	449447.MAE_05780	82.1	2
14505316	449447.MAE_56910	81.8	8
14504572	449447.MAE_49470	81.8	4
14501077	449447.MAE_14520	81.6	1
14505027	449447.MAE_54010	81.5	4
14501043	449447.MAE_14180	80.9	6
14505891	449447.MAE_62650	80.8	7
14500599	449447.MAE_09740	80.2	10
14501026	449447.MAE_14010	80.1	2
14501475	449447.MAE_18500	79.9	1
14503987	449447.MAE_43640	79.9	10
14504235	449447.MAE_46120	79.8	1
14503666	449447.MAE_40430	79.6	3
14502409	449447.MAE_27830	79.5	1
14501859	449447.MAE_22340	79.5	4
14502198	449447.MAE_25730	79.4	1
14504364	449447.MAE_47390	79.3	2
14502991	449447.MAE_33690	79.3	8
14500495	449447.MAE_08700	79.2	1
14503946	449447.MAE_43230	79.1	1
14500692	449447.MAE_10670	79.1	2
14503860	449447.MAE_42370	79.0	4
14505750	449447.MAE_61240	79.0	20
14502606	449447.MAE_29820	79.0	52
14501439	449447.MAE_18140	78.8	6
14504847	449447.MAE_52220	78.7	1
14503620	449447.MAE_39970	78.7	2
14500278	449447.MAE_06520	78.6	1
14502051	449447.MAE_24260	78.5	4
14501703	449447.MAE_20780	77.8	5
14500754	449447.MAE_11290	77.6	7
14499696	449447.MAE_00700	77.3	11
14502208	449447.MAE_25830	77.0	2
14502427	449447.MAE_28010	76.7	5
14502518	449447.MAE_28940	76.5	9
14500456	449447.MAE_08300	76.4	1
14505001	449447.MAE_53750	76.3	2
14503826	449447.MAE_42030	76.3	1
14504079	449447.MAE_44560	76.1	1
14505268	449447.MAE_56430	75.9	1
14500889	449447.MAE_12640	75.8	1
14503845	449447.MAE_42220	75.7	1
14505792	449447.MAE_61660	75.7	3
14505414	449447.MAE_57880	75.6	1
14502217	449447.MAE_25920	75.6	1
14500348	449447.MAE_07220	75.4	1
14504814	449447.MAE_51890	75.4	5
14500447	449447.MAE_08210	75.1	1
14500398	449447.MAE_07720	75.0	1
14499734	449447.MAE_01080	74.9	3
14504315	449447.MAE_46910	74.6	2
14504122	449447.MAE_44990	74.4	1
14505822	449447.MAE_61960	74.4	7
14505785	449447.MAE_61590	74.4	2
14500070	449447.MAE_04440	74.0	2
14500519	449447.MAE_08940	74.0	2
14504796	449447.MAE_51710	73.8	4
14501393	449447.MAE_17680	73.7	1
14502866	449447.MAE_32420	73.6	2
14500358	449447.MAE_07320	73.6	3
14500990	449447.MAE_13650	73.6	5
14499823	449447.MAE_01970	73.4	3
14505532	449447.MAE_59060	73.4	7
14502942	449447.MAE_33200	72.8	1
14505802	449447.MAE_61760	72.7	1
14501809	449447.MAE_21840	72.6	2
14501749	449447.MAE_21240	72.6	4
14503110	449447.MAE_34870	72.4	18
14505030	449447.MAE_54040	72.4	4
14505264	449447.MAE_56390	72.3	1
14502848	449447.MAE_32240	72.3	1
14504897	449447.MAE_52710	72.2	5
14504485	449447.MAE_48600	71.9	1
14499764	449447.MAE_01380	71.9	1
14501777	449447.MAE_21520	71.4	2
14503471	449447.MAE_38480	71.3	1
14501054	449447.MAE_14290	71.3	4
14504966	449447.MAE_53400	70.7	1
14505709	449447.MAE_60830	70.7	11
14503581	449447.MAE_39580	70.5	1
14501807	449447.MAE_21820	70.5	3
14503490	449447.MAE_38670	70.5	8
14501817	449447.MAE_21920	70.4	6
14505775	449447.MAE_61490	70.3	3
14502456	449447.MAE_28300	70.2	11
14499880	449447.MAE_02540	69.9	2
14504123	449447.MAE_45000	69.8	1
14501977	449447.MAE_23520	69.8	2
14501237	449447.MAE_16120	69.6	1
14505154	449447.MAE_55290	69.5	1
14504322	449447.MAE_46980	69.3	3
14502040	449447.MAE_24150	69.3	6
14500763	449447.MAE_11380	69.3	1
14503732	449447.MAE_41090	69.1	1
14501357	449447.MAE_17320	69.1	1
14501326	449447.MAE_17010	69.0	2
14504600	449447.MAE_49750	69.0	1
14503600	449447.MAE_39770	68.9	5
14502306	449447.MAE_26800	68.8	10
14499794	449447.MAE_01680	68.7	1
14504081	449447.MAE_44580	68.7	2
14500212	449447.MAE_05860	68.6	2
14501700	449447.MAE_20750	68.3	2
14503548	449447.MAE_39250	68.2	2
14502432	449447.MAE_28060	68.1	9
14499878	449447.MAE_02520	67.9	1
14505045	449447.MAE_54200	67.9	1
14504292	449447.MAE_46680	67.9	1
14503503	449447.MAE_38800	67.7	8
14500961	449447.MAE_13360	67.6	3
14502156	449447.MAE_25310	67.6	7
14501486	449447.MAE_18610	67.5	3
14501247	449447.MAE_16220	67.5	5
14501194	449447.MAE_15690	67.4	2
14505159	449447.MAE_55340	67.3	2
14505705	449447.MAE_60790	67.3	8
14500938	449447.MAE_13130	67.1	8
14502714	449447.MAE_30900	67.0	1
14503395	449447.MAE_37720	66.9	13
14502573	449447.MAE_29490	66.6	1
14502707	449447.MAE_30830	66.6	1
14505257	449447.MAE_56320	66.5	5
14503433	449447.MAE_38100	66.5	1
14505362	449447.MAE_57370	66.1	3
14500217	449447.MAE_05910	66.0	1
14504074	449447.MAE_44510	65.7	7
14500728	449447.MAE_11030	65.7	6
14502795	449447.MAE_31710	65.6	1
14500427	449447.MAE_08010	65.6	3
14501554	449447.MAE_19290	65.5	3
14502162	449447.MAE_25370	65.4	1
14500051	449447.MAE_04250	65.2	2
14501261	449447.MAE_16360	65.1	1
14501618	449447.MAE_19930	65.1	1
14502067	449447.MAE_24420	65.1	5
14500678	449447.MAE_10530	64.8	2
14503569	449447.MAE_39460	64.7	1
14500831	449447.MAE_12060	64.5	2
14501084	449447.MAE_14590	64.4	6
14502392	449447.MAE_27660	63.9	1
14502342	449447.MAE_27160	63.9	7
14501254	449447.MAE_16290	63.8	1
14500810	449447.MAE_11850	63.8	2
14501472	449447.MAE_18470	63.8	2
14501654	449447.MAE_20290	63.6	1
14505565	449447.MAE_59390	63.6	6
14500769	449447.MAE_11440	63.4	2
14502638	449447.MAE_30140	63.3	1
14500307	449447.MAE_06810	62.8	2
14504041	449447.MAE_44180	62.2	8
14503836	449447.MAE_42130	62.1	1
14502637	449447.MAE_30130	62.1	1
14504757	449447.MAE_51320	62.1	3
14503338	449447.MAE_37150	62.0	8
14503879	449447.MAE_42560	61.8	1
14505606	449447.MAE_59800	61.8	1
14503622	449447.MAE_39990	61.8	11
14500330	449447.MAE_07040	61.6	1
14502193	449447.MAE_25680	61.6	7
14504244	449447.MAE_46210	61.6	2
14505023	449447.MAE_53970	61.5	4
14499933	449447.MAE_03070	61.4	4
14504782	449447.MAE_51570	61.3	2
14504559	449447.MAE_49340	61.3	13
14500367	449447.MAE_07410	61.3	1
14502426	449447.MAE_28000	61.1	1
14499674	449447.MAE_00480	61.1	1
14500114	449447.MAE_04880	60.8	1
14500143	449447.MAE_05170	60.8	1
14505077	449447.MAE_54520	60.6	23
14502299	449447.MAE_26730	60.5	5
14501577	449447.MAE_19520	60.3	1
14502011	449447.MAE_23860	60.3	5
14501038	449447.MAE_14130	60.2	2
14503342	449447.MAE_37190	60.2	7
14502178	449447.MAE_25530	60.1	5
14502985	449447.MAE_33630	60.1	3
14501869	449447.MAE_22440	60.0	1
14504343	449447.MAE_47190	60.0	1
14500221	449447.MAE_05950	59.9	1
14500747	449447.MAE_11220	59.7	4
14505390	449447.MAE_57640	59.7	1
14504727	449447.MAE_51020	59.7	1
14505819	449447.MAE_61930	59.4	3
14500819	449447.MAE_11940	59.3	5
14501569	449447.MAE_19440	59.3	1
14503118	449447.MAE_34950	59.3	1
14502770	449447.MAE_31460	59.2	4
14504842	449447.MAE_52170	59.2	1
14505057	449447.MAE_54320	59.1	2
14500757	449447.MAE_11320	59.1	8
14501586	449447.MAE_19610	59.0	6
14501183	449447.MAE_15580	59.0	4
14502444	449447.MAE_28180	58.9	4
14503127	449447.MAE_35040	58.9	1
14505276	449447.MAE_56510	58.8	4
14502853	449447.MAE_32290	58.7	1
14503021	449447.MAE_33980	58.7	2
14500765	449447.MAE_11400	58.6	8
14504560	449447.MAE_49350	58.6	1
14501574	449447.MAE_19490	58.6	5
14505136	449447.MAE_55110	58.4	1
14503304	449447.MAE_36810	58.4	9
14502318	449447.MAE_26920	58.3	1
14505849	449447.MAE_62230	58.1	2
14504518	449447.MAE_48930	58.0	2
14500228	449447.MAE_06020	57.9	2
14500760	449447.MAE_11350	57.9	8
14503799	449447.MAE_41760	57.7	5
14505749	449447.MAE_61230	57.7	4
14504728	449447.MAE_51030	57.5	2
14504717	449447.MAE_50920	57.5	2
14504741	449447.MAE_51160	57.3	1
14499817	449447.MAE_01910	57.1	13
14500985	449447.MAE_13600	57.1	1
14502633	449447.MAE_30090	57.1	7
14502816	449447.MAE_31920	57.0	1
14500401	449447.MAE_07750	57.0	4
14500610	449447.MAE_09850	56.7	1
14502867	449447.MAE_32430	56.5	3
14501996	449447.MAE_23710	56.5	2
14501816	449447.MAE_21910	56.5	2
14502351	449447.MAE_27250	56.5	2
14502033	449447.MAE_24080	56.4	1
14503936	449447.MAE_43130	56.4	1
14503509	449447.MAE_38860	56.3	4
14503296	449447.MAE_36730	56.1	1
14504319	449447.MAE_46950	55.9	1
14500467	449447.MAE_08420	55.9	4
14505029	449447.MAE_54030	55.8	13
14505672	449447.MAE_60460	55.5	1
14501938	449447.MAE_23130	55.3	4
14505305	449447.MAE_56800	55.2	3
14504861	449447.MAE_52360	55.2	2
14500511	449447.MAE_08860	55.2	1
14502209	449447.MAE_25840	54.9	1
14503785	449447.MAE_41620	54.7	1
14502083	449447.MAE_24580	54.7	2
14499750	449447.MAE_01240	54.6	1
14502988	449447.MAE_33660	54.5	2
14502168	449447.MAE_25430	54.5	2
14500508	449447.MAE_08830	54.5	2
14501737	449447.MAE_21120	54.2	1
14505621	449447.MAE_59950	54.2	5
14501899	449447.MAE_22740	54.1	1
14501589	449447.MAE_19640	54.0	5
14503825	449447.MAE_42020	54.0	3
14505716	449447.MAE_60900	54.0	1
14502929	449447.MAE_33070	54.0	3
14501842	449447.MAE_22170	54.0	5
14505920	449447.MAE_62950	54.0	2
14501134	449447.MAE_15090	53.9	2
14505643	449447.MAE_60170	53.7	1
14501448	449447.MAE_18230	53.7	2
14500081	449447.MAE_04550	53.7	1
14505932	449447.MAE_63070	53.7	1
14502645	449447.MAE_30210	53.5	1
14499843	449447.MAE_02170	53.5	1
14501818	449447.MAE_21930	53.4	1
14500288	449447.MAE_06620	53.3	2
14502732	449447.MAE_31080	53.3	1
14505424	449447.MAE_57980	53.2	7
14502787	449447.MAE_31630	53.2	2
14499755	449447.MAE_01290	53.2	1
14505170	449447.MAE_55450	53.1	1
14504676	449447.MAE_50510	53.0	2
14502304	449447.MAE_26780	53.0	6
14502628	449447.MAE_30040	52.9	2
14500820	449447.MAE_11950	52.8	4
14501346	449447.MAE_17210	52.7	1
14505511	449447.MAE_58850	52.6	10
14501597	449447.MAE_19720	52.4	1
14504144	449447.MAE_45210	52.4	1
14503147	449447.MAE_35240	52.2	5
14499928	449447.MAE_03020	52.1	1
14502512	449447.MAE_28880	52.0	1
14502484	449447.MAE_28580	51.9	1
14502234	449447.MAE_26090	51.8	4
14501262	449447.MAE_16370	51.7	1
14503896	449447.MAE_42730	51.6	4
14501723	449447.MAE_20980	51.5	2
14500527	449447.MAE_09020	51.4	4
14501093	449447.MAE_14680	51.2	3
14500552	449447.MAE_09270	51.0	1
14503871	449447.MAE_42480	50.9	1
14505613	449447.MAE_59870	50.6	2
14504859	449447.MAE_52340	50.6	1
14504874	449447.MAE_52490	50.5	1
14503568	449447.MAE_39450	50.5	1
14502899	449447.MAE_32750	50.5	4
14500393	449447.MAE_07670	50.5	1
14499692	449447.MAE_00660	50.4	4
14504109	449447.MAE_44860	50.4	2
14505293	449447.MAE_56680	50.3	6
14500059	449447.MAE_04330	50.3	1
14501666	449447.MAE_20410	50.3	1
14503065	449447.MAE_34420	50.2	1
14502335	449447.MAE_27090	50.1	1
14503988	449447.MAE_43650	50.0	7
14502056	449447.MAE_24310	49.9	5
14502781	449447.MAE_31570	49.9	3
14501638	449447.MAE_20130	49.8	2
14502577	449447.MAE_29530	49.8	3
14499809	449447.MAE_01830	49.8	3
14500172	449447.MAE_05460	49.8	6
14503117	449447.MAE_34940	49.8	1
14500960	449447.MAE_13350	49.7	1
14500743	449447.MAE_11180	49.7	1
14502320	449447.MAE_26940	49.6	2
14500869	449447.MAE_12440	49.6	1
14499654	449447.MAE_00280	49.3	2
14503491	449447.MAE_38680	49.3	6
14503148	449447.MAE_35250	49.2	1
14501089	449447.MAE_14640	49.1	2
14502536	449447.MAE_29120	49.1	1
14502371	449447.MAE_27450	49.0	4
14500180	449447.MAE_05540	49.0	3
14504679	449447.MAE_50540	48.8	3
14505877	449447.MAE_62510	48.7	1
14505539	449447.MAE_59130	48.7	1
14500567	449447.MAE_09420	48.6	2
14500872	449447.MAE_12470	48.5	2
14502784	449447.MAE_31600	48.4	3
14499840	449447.MAE_02140	48.3	1
14501182	449447.MAE_15570	48.3	3
14505642	449447.MAE_60160	48.1	1
14504297	449447.MAE_46730	48.0	1
14505799	449447.MAE_61730	48.0	1
14504337	449447.MAE_47130	47.9	2
14501390	449447.MAE_17650	47.8	1
14502685	449447.MAE_30610	47.8	2
14502960	449447.MAE_33380	47.6	2
14502091	449447.MAE_24660	47.5	1
14500755	449447.MAE_11300	47.5	3
14504661	449447.MAE_50360	47.4	7
14504723	449447.MAE_50980	47.4	1
14502612	449447.MAE_29880	47.3	1
14503522	449447.MAE_38990	47.2	4
14501949	449447.MAE_23240	47.1	1
14505423	449447.MAE_57970	47.1	2
14501365	449447.MAE_17400	47.0	2
14503307	449447.MAE_36840	47.0	3
14500708	449447.MAE_10830	47.0	3
14500561	449447.MAE_09360	46.8	3
14504132	449447.MAE_45090	46.8	4
14499776	449447.MAE_01500	46.8	2
14503325	449447.MAE_37020	46.8	1
14505638	449447.MAE_60120	46.6	1
14504529	449447.MAE_49040	46.5	2
14502041	449447.MAE_24160	46.4	3
14499984	449447.MAE_03580	46.4	2
14504695	449447.MAE_50700	46.4	7
14504786	449447.MAE_51610	46.3	4
14504357	449447.MAE_47320	46.3	1
14500020	449447.MAE_03940	46.2	6
14500505	449447.MAE_08800	46.2	7
14501146	449447.MAE_15210	46.1	2
14500293	449447.MAE_06670	46.1	1
14502694	449447.MAE_30700	46.0	8
14501131	449447.MAE_15060	45.9	3
14503546	449447.MAE_39230	45.8	2
14502642	449447.MAE_30180	45.7	1
14502617	449447.MAE_29930	45.7	2
14501283	449447.MAE_16580	45.7	1
14503928	449447.MAE_43050	45.6	1
14499797	449447.MAE_01710	45.6	1
14500243	449447.MAE_06170	45.4	3
14503240	449447.MAE_36170	45.4	2
14504564	449447.MAE_49390	45.0	2
14502868	449447.MAE_32440	45.0	2
14500440	449447.MAE_08140	45.0	4
14502682	449447.MAE_30580	45.0	1
14500916	449447.MAE_12910	45.0	1
14504036	449447.MAE_44130	45.0	1
14500027	449447.MAE_04010	44.9	1
14501126	449447.MAE_15010	44.7	2
14505291	449447.MAE_56660	44.7	1
14499702	449447.MAE_00760	44.5	1
14503639	449447.MAE_40160	44.5	1
14499839	449447.MAE_02130	44.5	2
14503919	449447.MAE_42960	44.4	1
14502047	449447.MAE_24220	44.4	2
14499645	449447.MAE_00190	44.3	3
14505520	449447.MAE_58940	44.2	3
14505444	449447.MAE_58180	44.1	4
14503438	449447.MAE_38150	44.1	2
14502344	449447.MAE_27180	44.1	1
14505441	449447.MAE_58150	44.0	3
14500664	449447.MAE_10390	44.0	3
14501184	449447.MAE_15590	43.8	3
14502434	449447.MAE_28080	43.7	1
14500909	449447.MAE_12840	43.6	18
14500813	449447.MAE_11880	43.5	1
14504513	449447.MAE_48880	43.3	3
14503809	449447.MAE_41860	43.3	1
14501454	449447.MAE_18290	43.3	1
14499685	449447.MAE_00590	43.3	3
14505338	449447.MAE_57130	43.2	1
14505614	449447.MAE_59880	43.1	1
14505864	449447.MAE_62380	43.1	1
14500439	449447.MAE_08130	43.0	1
14500795	449447.MAE_11700	43.0	1
14500119	449447.MAE_04930	42.9	3
14501391	449447.MAE_17660	42.9	1
14504251	449447.MAE_46280	42.9	3
14505723	449447.MAE_60970	42.8	4
14501315	449447.MAE_16900	42.7	6
14501897	449447.MAE_22720	42.6	1
14504212	449447.MAE_45890	42.6	2
14503054	449447.MAE_34310	42.6	1
14503587	449447.MAE_39640	42.6	4
14500216	449447.MAE_05900	42.5	4
14503724	449447.MAE_41010	42.5	1
14503680	449447.MAE_40570	42.5	1
14505624	449447.MAE_59980	42.5	1
14500343	449447.MAE_07170	42.5	4
14504554	449447.MAE_49290	42.4	1
14502141	449447.MAE_25160	42.4	1
14504927	449447.MAE_53010	42.0	2
14505142	449447.MAE_55170	41.9	2
14505546	449447.MAE_59200	41.9	1
14499990	449447.MAE_03640	41.8	1
14503163	449447.MAE_35400	41.7	1
14503748	449447.MAE_41250	41.6	1
14504164	449447.MAE_45410	41.5	2
14505628	449447.MAE_60020	41.5	13
14503963	449447.MAE_43400	41.4	5
14501614	449447.MAE_19890	41.4	3
14500699	449447.MAE_10740	41.3	1
14501687	449447.MAE_20620	41.3	1
14501034	449447.MAE_14090	41.2	1
14502600	449447.MAE_29760	41.1	2
14503510	449447.MAE_38870	41.0	2
14504353	449447.MAE_47280	41.0	1
14503232	449447.MAE_36090	40.9	1
14504918	449447.MAE_52920	40.7	2
14505888	449447.MAE_62620	40.7	1
14501745	449447.MAE_21200	40.7	2
14504306	449447.MAE_46820	40.7	1
14503399	449447.MAE_37760	40.6	1
14503446	449447.MAE_38230	40.6	1
14503881	449447.MAE_42580	40.6	1
14503922	449447.MAE_42990	40.5	1
14504541	449447.MAE_49160	40.5	1
14502578	449447.MAE_29540	40.4	1
14503284	449447.MAE_36610	40.4	3
14505776	449447.MAE_61500	40.4	1
14502870	449447.MAE_32460	40.3	4
14501957	449447.MAE_23320	40.3	3
14501960	449447.MAE_23350	40.2	4
14505350	449447.MAE_57250	40.0	2
14503745	449447.MAE_41220	39.9	3
14505896	449447.MAE_62700	39.9	4
14504031	449447.MAE_44080	39.8	1
14500282	449447.MAE_06560	39.7	1
14504684	449447.MAE_50590	39.7	5
14502630	449447.MAE_30060	39.6	1
14505419	449447.MAE_57930	39.6	8
14501399	449447.MAE_17740	39.5	3
14505578	449447.MAE_59520	39.5	1
14502267	449447.MAE_26410	39.3	3
14503390	449447.MAE_37670	39.3	1
14501104	449447.MAE_14790	39.2	1
14502755	449447.MAE_31310	39.2	4
14504451	449447.MAE_48260	39.2	3
14502065	449447.MAE_24400	39.2	1
14501204	449447.MAE_15790	39.0	3
14500876	449447.MAE_12510	39.0	3
14499659	449447.MAE_00330	39.0	1
14501397	449447.MAE_17720	38.9	1
14504271	449447.MAE_46480	38.8	4
14504479	449447.MAE_48540	38.7	1
14500037	449447.MAE_04110	38.6	4
14502938	449447.MAE_33160	38.6	1
14504205	449447.MAE_45820	38.6	2
14502205	449447.MAE_25800	38.6	1
14500149	449447.MAE_05230	38.5	2
14502535	449447.MAE_29110	38.4	15
14505104	449447.MAE_54790	38.3	1
14499959	449447.MAE_03330	38.3	3
14502615	449447.MAE_29910	38.3	3
14504448	449447.MAE_48230	38.2	6
14500160	449447.MAE_05340	38.2	4
14500331	449447.MAE_07050	38.2	2
14500246	449447.MAE_06200	38.0	1
14501928	449447.MAE_23030	38.0	2
14500028	449447.MAE_04020	37.9	2
14504250	449447.MAE_46270	37.9	3
14501442	449447.MAE_18170	37.9	2
14504863	449447.MAE_52380	37.9	1
14501553	449447.MAE_19280	37.8	1
14503207	449447.MAE_35840	37.8	1
14504497	449447.MAE_48720	37.7	1
14503996	449447.MAE_43730	37.7	2
14504742	449447.MAE_51170	37.6	3
14503116	449447.MAE_34930	37.6	1
14504871	449447.MAE_52460	37.6	1
14501604	449447.MAE_19790	37.5	2
14505773	449447.MAE_61470	37.5	1
14504279	449447.MAE_46560	37.3	3
14502269	449447.MAE_26430	37.3	2
14505383	449447.MAE_57580	37.2	1
14502587	449447.MAE_29630	37.1	1
14503997	449447.MAE_43740	37.1	1
14501671	449447.MAE_20460	36.9	1
14500913	449447.MAE_12880	36.9	1
14504994	449447.MAE_53680	36.9	2
14501753	449447.MAE_21280	36.9	2
14503638	449447.MAE_40150	36.8	4
14499971	449447.MAE_03450	36.8	1
14502741	449447.MAE_31170	36.6	3
14503917	449447.MAE_42940	36.6	4
14502654	449447.MAE_30300	36.6	1
14502916	449447.MAE_32920	36.5	3
14505594	449447.MAE_59680	36.5	4
14501358	449447.MAE_17330	36.4	3
14500563	449447.MAE_09380	36.4	3
14503630	449447.MAE_40070	36.4	1
14505601	449447.MAE_59750	36.3	2
14503610	449447.MAE_39870	36.2	2
14503026	449447.MAE_34030	36.1	1
14500295	449447.MAE_06690	36.0	2
14503556	449447.MAE_39330	35.9	1
14504274	449447.MAE_46510	35.9	2
14504810	449447.MAE_51850	35.8	2
14500245	449447.MAE_06190	35.7	2
14503444	449447.MAE_38210	35.7	1
14504987	449447.MAE_53610	35.7	1
14504308	449447.MAE_46840	35.6	2
14505706	449447.MAE_60800	35.6	3
14503822	449447.MAE_41990	35.6	3
14501347	449447.MAE_17220	35.6	1
14499757	449447.MAE_01310	35.5	13
14504915	449447.MAE_52890	35.5	3
14502012	449447.MAE_23870	35.5	3
14505500	449447.MAE_58740	35.3	1
14500924	449447.MAE_12990	35.3	3
14500249	449447.MAE_06230	35.2	1
14502940	449447.MAE_33180	35.1	1
14504797	449447.MAE_51720	35.1	1
14502180	449447.MAE_25550	35.0	1
14500271	449447.MAE_06450	35.0	2
14502125	449447.MAE_25000	35.0	2
14502894	449447.MAE_32700	34.9	2
14503485	449447.MAE_38620	34.8	2
14505758	449447.MAE_61320	34.8	4
14500781	449447.MAE_11560	34.8	1
14500902	449447.MAE_12770	34.8	1
14501275	449447.MAE_16500	34.8	1
14502711	449447.MAE_30870	34.7	1
14500777	449447.MAE_11520	34.7	1
14504234	449447.MAE_46110	34.6	4
14503549	449447.MAE_39260	34.6	14
14505569	449447.MAE_59430	34.5	1
14502897	449447.MAE_32730	34.5	2
14505460	449447.MAE_58340	34.5	1
14500847	449447.MAE_12220	34.4	2
14501141	449447.MAE_15160	34.4	2
14502048	449447.MAE_24230	34.4	2
14502248	449447.MAE_26220	34.3	1
14503908	449447.MAE_42850	34.2	5
14500988	449447.MAE_13630	34.1	3
14501244	449447.MAE_16190	34.1	2
14505196	449447.MAE_55710	34.1	3
14501839	449447.MAE_22140	34.0	1
14501118	449447.MAE_14930	34.0	2
14500384	449447.MAE_07580	33.9	1
14503884	449447.MAE_42610	33.9	1
14500057	449447.MAE_04310	33.9	1
14499914	449447.MAE_02880	33.9	1
14501163	449447.MAE_15380	33.8	6
14503408	449447.MAE_37850	33.7	2
14505242	449447.MAE_56170	33.6	1
14502793	449447.MAE_31690	33.6	4
14504113	449447.MAE_44900	33.6	1
14500301	449447.MAE_06750	33.5	2
14501375	449447.MAE_17500	33.5	1
14500549	449447.MAE_09240	33.5	1
14499968	449447.MAE_03420	33.5	4
14502548	449447.MAE_29240	33.5	3
14504909	449447.MAE_52830	33.4	1
14503405	449447.MAE_37820	33.4	1
14502957	449447.MAE_33350	33.4	2
14501609	449447.MAE_19840	33.3	1
14499806	449447.MAE_01800	33.3	5
14503027	449447.MAE_34040	33.2	2
14503715	449447.MAE_40920	33.2	2
14500344	449447.MAE_07180	33.2	1
14504035	449447.MAE_44120	33.2	1
14502164	449447.MAE_25390	33.2	2
14502814	449447.MAE_31900	33.1	4
14504086	449447.MAE_44630	33.1	2
14501462	449447.MAE_18370	33.1	1
14503036	449447.MAE_34130	33.0	1
14501096	449447.MAE_14710	33.0	3
14503675	449447.MAE_40520	33.0	1
14501441	449447.MAE_18160	33.0	3
14502525	449447.MAE_29010	32.9	1
14505794	449447.MAE_61680	32.8	2
14502823	449447.MAE_31990	32.7	6
14503341	449447.MAE_37180	32.7	2
14505837	449447.MAE_62110	32.5	1
14500846	449447.MAE_12210	32.5	1
14503531	449447.MAE_39080	32.5	3
14500949	449447.MAE_13240	32.5	1
14502424	449447.MAE_27980	32.4	5
14500234	449447.MAE_06080	32.4	1
14502720	449447.MAE_30960	32.3	1
14502293	449447.MAE_26670	32.3	2
14505558	449447.MAE_59320	32.3	1
14504851	449447.MAE_52260	32.2	4
14503902	449447.MAE_42790	32.1	1
14505210	449447.MAE_55850	32.1	1
14505263	449447.MAE_56380	32.1	3
14502479	449447.MAE_28530	32.1	1
14503126	449447.MAE_35030	32.0	1
14503803	449447.MAE_41800	31.9	1
14500433	449447.MAE_08070	31.9	3
14503060	449447.MAE_34370	31.9	4
14502185	449447.MAE_25600	31.9	6
14504751	449447.MAE_51260	31.9	1
14502307	449447.MAE_26810	31.8	1
14499919	449447.MAE_02930	31.8	1
14502134	449447.MAE_25090	31.8	1
14503388	449447.MAE_37650	31.8	1
14504935	449447.MAE_53090	31.7	3
14503768	449447.MAE_41450	31.7	2
14501790	449447.MAE_21650	31.7	2
14501440	449447.MAE_18150	31.6	2
14503386	449447.MAE_37630	31.6	3
14504934	449447.MAE_53080	31.6	2
14505600	449447.MAE_59740	31.6	3
14504133	449447.MAE_45100	31.5	2
14502975	449447.MAE_33530	31.4	1
14500126	449447.MAE_05000	31.4	1
14505084	449447.MAE_54590	31.4	1
14504333	449447.MAE_47090	31.4	2
14501483	449447.MAE_18580	31.4	2
14500998	449447.MAE_13730	31.3	1
14504072	449447.MAE_44490	31.2	4
14500590	449447.MAE_09650	31.2	3
14502890	449447.MAE_32660	31.2	3
14504583	449447.MAE_49580	31.1	2
14504976	449447.MAE_53500	31.1	1
14503417	449447.MAE_37940	31.1	2
14505834	449447.MAE_62080	31.0	1
14505254	449447.MAE_56290	31.0	3
14502689	449447.MAE_30650	30.9	1
14502146	449447.MAE_25210	30.9	2
14501076	449447.MAE_14510	30.8	2
14502549	449447.MAE_29250	30.7	1
14504441	449447.MAE_48160	30.7	1
14500350	449447.MAE_07240	30.6	1
14499838	449447.MAE_02120	30.5	1
14503301	449447.MAE_36780	30.5	3
14502215	449447.MAE_25900	30.4	1
14504623	449447.MAE_49980	30.4	2
14502343	449447.MAE_27170	30.3	2
14501590	449447.MAE_19650	30.3	2
14499629	449447.MAE_00030	30.3	1
14501158	449447.MAE_15330	30.2	5
14500914	449447.MAE_12890	30.2	2
14502794	449447.MAE_31700	30.2	1
14504480	449447.MAE_48550	30.1	1
14504282	449447.MAE_46590	30.1	4
14504281	449447.MAE_46580	30.1	4
14504283	449447.MAE_46600	30.1	4
14504898	449447.MAE_52720	30.1	4
14503964	449447.MAE_43410	30.1	1
14505379	449447.MAE_57540	30.1	1
14501139	449447.MAE_15140	30.0	2
14503378	449447.MAE_37550	30.0	1
14504813	449447.MAE_51880	29.9	1
14503756	449447.MAE_41330	29.9	3
14499643	449447.MAE_00170	29.9	2
14502111	449447.MAE_24860	29.9	1
14505883	449447.MAE_62570	29.8	1
14504838	449447.MAE_52130	29.8	1
14505644	449447.MAE_60180	29.8	4
14501950	449447.MAE_23250	29.7	1
14502858	449447.MAE_32340	29.6	2
14505224	449447.MAE_55990	29.6	3
14500528	449447.MAE_09030	29.6	2
14505114	449447.MAE_54890	29.5	1
14502692	449447.MAE_30680	29.5	1
14502820	449447.MAE_31960	29.5	9
14505717	449447.MAE_60910	29.5	4
14505468	449447.MAE_58420	29.4	2
14504885	449447.MAE_52590	29.4	1
14501227	449447.MAE_16020	29.4	1
14501910	449447.MAE_22850	29.4	3
14503837	449447.MAE_42140	29.4	1
14503695	449447.MAE_40720	29.4	1
14502501	449447.MAE_28770	29.3	3
14504503	449447.MAE_48780	29.3	2
14504298	449447.MAE_46740	29.2	3
14502482	449447.MAE_28560	29.2	7
14499634	449447.MAE_00080	29.2	1
14502603	449447.MAE_29790	29.2	1
14503660	449447.MAE_40370	29.2	2
14500966	449447.MAE_13410	29.2	5
14502647	449447.MAE_30230	29.1	1
14501232	449447.MAE_16070	29.1	3
14500852	449447.MAE_12270	29.1	6
14505872	449447.MAE_62460	29.1	4
14501092	449447.MAE_14670	29.1	2
14502579	449447.MAE_29550	29.1	1
14501932	449447.MAE_23070	29.1	2
14499784	449447.MAE_01580	29.0	1
14503138	449447.MAE_35150	29.0	1
14503872	449447.MAE_42490	29.0	2
14504878	449447.MAE_52530	28.9	1
14502211	449447.MAE_25860	28.9	3
14501786	449447.MAE_21610	28.9	2
14504258	449447.MAE_46350	28.9	1
14503309	449447.MAE_36860	28.9	2
14499695	449447.MAE_00690	28.8	1
14500452	449447.MAE_08260	28.8	2
14500362	449447.MAE_07360	28.8	1
14501086	449447.MAE_14610	28.8	1
14505866	449447.MAE_62400	28.7	2
14499656	449447.MAE_00300	28.7	1
14501102	449447.MAE_14770	28.7	2
14504773	449447.MAE_51480	28.7	2
14501739	449447.MAE_21140	28.6	1
14501381	449447.MAE_17560	28.6	1
14499801	449447.MAE_01750	28.5	2
14502852	449447.MAE_32280	28.5	1
14504262	449447.MAE_46390	28.5	2
14502131	449447.MAE_25060	28.5	3
14501334	449447.MAE_17090	28.5	3
14505304	449447.MAE_56790	28.4	1
14502230	449447.MAE_26050	28.3	2
14500932	449447.MAE_13070	28.3	2
14501525	449447.MAE_19000	28.3	1
14504677	449447.MAE_50520	28.2	2
14503034	449447.MAE_34110	28.1	1
14504219	449447.MAE_45960	28.1	4
14500572	449447.MAE_09470	28.1	1
14501153	449447.MAE_15280	28.0	1
14503989	449447.MAE_43660	27.9	3
14500242	449447.MAE_06160	27.9	3
14503084	449447.MAE_34610	27.9	2
14503673	449447.MAE_40500	27.9	2
14501323	449447.MAE_16980	27.9	2
14501286	449447.MAE_16610	27.9	2
14500716	449447.MAE_10910	27.8	3
14503484	449447.MAE_38610	27.8	23
14502260	449447.MAE_26340	27.7	1
14500736	449447.MAE_11110	27.6	3
14505560	449447.MAE_59340	27.6	1
14504380	449447.MAE_47550	27.6	4
14500928	449447.MAE_13030	27.6	2
14499929	449447.MAE_03030	27.5	1
14504823	449447.MAE_51980	27.4	4
14500043	449447.MAE_04170	27.4	1
14505407	449447.MAE_57810	27.3	3
14502697	449447.MAE_30730	27.3	1
14503270	449447.MAE_36470	27.3	3
14500336	449447.MAE_07100	27.3	2
14501992	449447.MAE_23670	27.3	6
14504405	449447.MAE_47800	27.2	1
14501164	449447.MAE_15390	27.2	2
14505873	449447.MAE_62470	27.2	2
14503447	449447.MAE_38240	27.1	6
14501492	449447.MAE_18670	27.1	3
14500353	449447.MAE_07270	27.0	2
14504950	449447.MAE_53240	27.0	1
14505090	449447.MAE_54650	27.0	3
14503528	449447.MAE_39050	27.0	3
14505791	449447.MAE_61650	27.0	1
14505608	449447.MAE_59820	27.0	4
14500247	449447.MAE_06210	27.0	2
14500276	449447.MAE_06500	26.9	2
14500277	449447.MAE_06510	26.9	2
14501985	449447.MAE_23600	26.9	2
14503547	449447.MAE_39240	26.7	2
14504139	449447.MAE_45160	26.5	1
14500771	449447.MAE_11460	26.4	2
14499925	449447.MAE_02990	26.4	1
14504146	449447.MAE_45230	26.3	1
14504216	449447.MAE_45930	26.2	2
14501611	449447.MAE_19860	26.2	1
14500856	449447.MAE_12310	26.2	4
14504831	449447.MAE_52060	26.1	4
14504053	449447.MAE_44300	26.1	3
14503611	449447.MAE_39880	26.1	1
14500731	449447.MAE_11060	26.1	1
14504520	449447.MAE_48950	26.1	1
14503178	449447.MAE_35550	25.9	1
14504990	449447.MAE_53640	25.9	1
14501954	449447.MAE_23290	25.9	4
14503480	449447.MAE_38570	25.9	15
14500545	449447.MAE_09200	25.9	1
14505300	449447.MAE_56750	25.8	3
14500163	449447.MAE_05370	25.8	1
14499866	449447.MAE_02400	25.8	1
14503686	449447.MAE_40630	25.8	1
14505443	449447.MAE_58170	25.8	1
14500738	449447.MAE_11130	25.8	2
14500500	449447.MAE_08750	25.7	1
14505821	449447.MAE_61950	25.7	3
14503699	449447.MAE_40760	25.7	1
14503784	449447.MAE_41610	25.7	3
14502789	449447.MAE_31650	25.6	1
14505846	449447.MAE_62200	25.6	1
14502949	449447.MAE_33270	25.6	1
14501110	449447.MAE_14850	25.6	1
14500797	449447.MAE_11720	25.6	1
14501940	449447.MAE_23150	25.6	4
14500710	449447.MAE_10850	25.5	1
14505867	449447.MAE_62410	25.5	1
14503876	449447.MAE_42530	25.5	2
14499958	449447.MAE_03320	25.5	1
14505445	449447.MAE_58190	25.4	2
14505527	449447.MAE_59010	25.4	1
14501165	449447.MAE_15400	25.4	4
14499740	449447.MAE_01140	25.4	2
14500314	449447.MAE_06880	25.4	2
14504355	449447.MAE_47300	25.4	1
14502831	449447.MAE_32070	25.3	1
14505669	449447.MAE_60430	25.3	2
14502993	449447.MAE_33710	25.2	3
14501918	449447.MAE_22930	25.2	1
14504802	449447.MAE_51770	25.1	1
14500536	449447.MAE_09110	25.1	1
14505123	449447.MAE_54980	25.1	2
14501512	449447.MAE_18870	25.1	1
14504750	449447.MAE_51250	25.0	2
14504864	449447.MAE_52390	25.0	1
14504656	449447.MAE_50310	25.0	2
14505374	449447.MAE_57490	25.0	1
14501103	449447.MAE_14780	25.0	4
14505400	449447.MAE_57740	24.9	1
14503406	449447.MAE_37830	24.9	1
14502751	449447.MAE_31270	24.9	2
14504636	449447.MAE_50110	24.9	1
14503246	449447.MAE_36230	24.8	1
14500704	449447.MAE_10790	24.8	2
14503505	449447.MAE_38820	24.8	7
14502502	449447.MAE_28780	24.7	1
14505091	449447.MAE_54660	24.7	4
14504120	449447.MAE_44970	24.7	2
14500244	449447.MAE_06180	24.7	1
14502644	449447.MAE_30200	24.6	2
14500588	449447.MAE_09630	24.6	2
14500514	449447.MAE_08890	24.6	1
14505332	449447.MAE_57070	24.6	2
14502433	449447.MAE_28070	24.6	2
14499664	449447.MAE_00380	24.5	1
14505361	449447.MAE_57360	24.5	1
14502130	449447.MAE_25050	24.4	1
14500833	449447.MAE_12080	24.4	1
14501751	449447.MAE_21260	24.4	3
14502334	449447.MAE_27080	24.4	1
14500261	449447.MAE_06350	24.4	2
14503175	449447.MAE_35520	24.3	1
14502142	449447.MAE_25170	24.3	1
14503863	449447.MAE_42400	24.3	3
14503371	449447.MAE_37480	24.3	2
14499714	449447.MAE_00880	24.2	1
14503104	449447.MAE_34810	24.2	1
14499939	449447.MAE_03130	24.2	2
14504737	449447.MAE_51120	24.2	1
14501050	449447.MAE_14250	24.1	1
14499911	449447.MAE_02850	24.1	1
14500962	449447.MAE_13370	24.1	1
14504511	449447.MAE_48860	24.0	1
14505422	449447.MAE_57960	24.0	1
14500591	449447.MAE_09660	24.0	2
14503190	449447.MAE_35670	23.9	1
14500095	449447.MAE_04690	23.9	3
14504981	449447.MAE_53550	23.9	3
14501099	449447.MAE_14740	23.9	1
14505153	449447.MAE_55280	23.9	1
14499821	449447.MAE_01950	23.8	1
14500337	449447.MAE_07110	23.8	2
14505756	449447.MAE_61300	23.8	1
14502194	449447.MAE_25690	23.7	1
14504683	449447.MAE_50580	23.7	3
14500690	449447.MAE_10650	23.6	1
14504949	449447.MAE_53230	23.6	1
14500779	449447.MAE_11540	23.5	11
14501356	449447.MAE_17310	23.5	1
14500383	449447.MAE_07570	23.5	1
14499694	449447.MAE_00680	23.5	1
14504920	449447.MAE_52940	23.4	1
14503401	449447.MAE_37780	23.4	1
14501406	449447.MAE_17810	23.4	1
14503817	449447.MAE_41940	23.4	4
14500853	449447.MAE_12280	23.3	1
14504129	449447.MAE_45060	23.3	3
14500425	449447.MAE_07990	23.3	2
14500780	449447.MAE_11550	23.3	4
14505308	449447.MAE_56830	23.3	1
14502107	449447.MAE_24820	23.3	2
14500761	449447.MAE_11360	23.2	2
14502737	449447.MAE_31130	23.2	2
14501983	449447.MAE_23580	23.1	1
14505022	449447.MAE_53960	23.0	3
14503165	449447.MAE_35420	23.0	1
14503612	449447.MAE_39890	23.0	1
14500490	449447.MAE_08650	23.0	1
14500632	449447.MAE_10070	23.0	1
14505711	449447.MAE_60850	22.9	2
14502855	449447.MAE_32310	22.9	1
14501403	449447.MAE_17780	22.9	2
14501489	449447.MAE_18640	22.9	2
14504040	449447.MAE_44170	22.9	1
14499733	449447.MAE_01070	22.9	6
14504058	449447.MAE_44350	22.8	1
14501206	449447.MAE_15810	22.8	4
14503904	449447.MAE_42810	22.7	1
14501297	449447.MAE_16720	22.7	2
14499908	449447.MAE_02820	22.7	1
14503690	449447.MAE_40670	22.7	3
14505143	449447.MAE_55180	22.7	1
14504698	449447.MAE_50730	22.7	5
14502687	449447.MAE_30630	22.6	2
14504693	449447.MAE_50680	22.6	1
14505734	449447.MAE_61080	22.6	5
14505072	449447.MAE_54470	22.6	2
14504855	449447.MAE_52300	22.6	5
14500986	449447.MAE_13610	22.5	2
14504019	449447.MAE_43960	22.5	1
14499814	449447.MAE_01880	22.5	4
14504547	449447.MAE_49220	22.5	1
14504494	449447.MAE_48690	22.5	1
14500130	449447.MAE_05040	22.5	1
14500264	449447.MAE_06380	22.5	1
14503013	449447.MAE_33900	22.4	2
14503431	449447.MAE_38080	22.4	2
14505521	449447.MAE_58950	22.4	3
14503004	449447.MAE_33820	22.4	1
14504917	449447.MAE_52910	22.4	1
14505777	449447.MAE_61510	22.3	1
14503426	449447.MAE_38030	22.3	1
14505373	449447.MAE_57480	22.3	1
14505573	449447.MAE_59470	22.2	1
14500363	449447.MAE_07370	22.2	1
14503225	449447.MAE_36020	22.2	1
14502967	449447.MAE_33450	22.1	1
14503707	449447.MAE_40840	22.1	2
14501156	449447.MAE_15310	22.1	2
14499975	449447.MAE_03490	22.0	1
14502110	449447.MAE_24850	22.0	1
14503818	449447.MAE_41950	22.0	2
14505420	449447.MAE_57940	22.0	1
14505490	449447.MAE_58640	22.0	1
14503847	449447.MAE_42240	21.9	1
14501066	449447.MAE_14410	21.9	1
14504841	449447.MAE_52160	21.8	1
14500445	449447.MAE_08190	21.8	1
14502285	449447.MAE_26590	21.8	2
14501114	449447.MAE_14890	21.7	1
14503193	449447.MAE_35700	21.7	1
14503856	449447.MAE_42330	21.7	2
14504824	449447.MAE_51990	21.5	1
14504290	449447.MAE_46660	21.5	3
14504278	449447.MAE_46550	21.5	1
14501931	449447.MAE_23060	21.4	1
14502610	449447.MAE_29860	21.4	1
14504702	449447.MAE_50770	21.4	6
14504943	449447.MAE_53170	21.4	3
14503295	449447.MAE_36720	21.3	2
14505493	449447.MAE_58670	21.2	3
14500720	449447.MAE_10950	21.2	4
14505488	449447.MAE_58620	21.2	2
14503302	449447.MAE_36790	21.2	1
14505247	449447.MAE_56220	21.2	3
14501111	449447.MAE_14860	21.1	1
14501976	449447.MAE_23510	21.1	1
14502220	449447.MAE_25950	21.1	10
14504646	449447.MAE_50210	21.0	1
14505274	449447.MAE_56490	21.0	1
14504655	449447.MAE_50300	21.0	2
14499630	449447.MAE_00040	20.9	3
14504576	449447.MAE_49510	20.9	1
14504926	449447.MAE_53000	20.9	1
14499847	449447.MAE_02210	20.9	3
14503765	449447.MAE_41420	20.7	2
14500341	449447.MAE_07150	20.7	3
14504455	449447.MAE_48300	20.7	1
14502833	449447.MAE_32090	20.7	2
14502210	449447.MAE_25850	20.7	1
14502876	449447.MAE_32520	20.6	1
14501811	449447.MAE_21860	20.6	1
14503271	449447.MAE_36480	20.6	1
14500426	449447.MAE_08000	20.5	1
14503791	449447.MAE_41680	20.5	2
14503452	449447.MAE_38290	20.5	1
14505659	449447.MAE_60330	20.4	2
14505875	449447.MAE_62490	20.4	1
14504267	449447.MAE_46440	20.3	2
14502076	449447.MAE_24510	20.3	2
14501187	449447.MAE_15620	20.3	3
14503199	449447.MAE_35760	20.2	1
14504118	449447.MAE_44950	20.2	2
14502523	449447.MAE_28990	20.1	1
14503948	449447.MAE_43250	20.1	1
14500213	449447.MAE_05870	20.1	2
14504869	449447.MAE_52440	20.0	1
14499983	449447.MAE_03570	20.0	1
14502457	449447.MAE_28310	20.0	1
14499899	449447.MAE_02730	20.0	1
14503734	449447.MAE_41110	19.9	1
14502838	449447.MAE_32140	19.9	4
14505155	449447.MAE_55300	19.8	1
14501708	449447.MAE_20830	19.8	1
14505431	449447.MAE_58050	19.8	3
14499746	449447.MAE_01200	19.8	2
14501107	449447.MAE_14820	19.7	2
14505884	449447.MAE_62580	19.7	3
14505481	449447.MAE_58550	19.6	6
14504729	449447.MAE_51040	19.6	1
14505850	449447.MAE_62240	19.6	2
14500300	449447.MAE_06740	19.6	1
14499701	449447.MAE_00750	19.6	2
14502666	449447.MAE_30420	19.6	1
14505412	449447.MAE_57860	19.5	1
14504936	449447.MAE_53100	19.5	2
14502736	449447.MAE_31120	19.4	1
14502801	449447.MAE_31770	19.4	2
14502643	449447.MAE_30190	19.4	4
14503783	449447.MAE_41600	19.4	3
14504209	449447.MAE_45860	19.4	1
14503062	449447.MAE_34390	19.3	3
14503006	449447.MAE_33840	19.3	1
14505378	449447.MAE_57530	19.3	2
14501916	449447.MAE_22910	19.3	1
14501185	449447.MAE_15600	19.2	2
14505747	449447.MAE_61210	19.2	1
14503619	449447.MAE_39960	19.2	1
14505081	449447.MAE_54560	19.2	2
14500182	449447.MAE_05560	19.2	1
14503867	449447.MAE_42440	19.2	1
14502331	449447.MAE_27050	19.1	3
14500674	449447.MAE_10490	19.1	1
14504241	449447.MAE_46180	19.1	1
14503362	449447.MAE_37390	19.1	1
14501002	449447.MAE_13770	19.0	1
14501716	449447.MAE_20910	19.0	1
14504993	449447.MAE_53670	19.0	1
14501799	449447.MAE_21740	19.0	1
14500450	449447.MAE_08240	18.9	2
14505513	449447.MAE_58870	18.9	3
14500025	449447.MAE_03990	18.9	1
14505075	449447.MAE_54500	18.9	7
14504628	449447.MAE_50030	18.9	1
14505457	449447.MAE_58310	18.9	1
14503777	449447.MAE_41540	18.9	1
14505297	449447.MAE_56720	18.9	1
14501298	449447.MAE_16730	18.7	2
14503874	449447.MAE_42510	18.7	2
14505617	449447.MAE_59910	18.7	1
14502799	449447.MAE_31750	18.6	2
14501913	449447.MAE_22880	18.6	1
14505314	449447.MAE_56890	18.6	1
14505484	449447.MAE_58580	18.5	6
14499642	449447.MAE_00160	18.5	1
14502836	449447.MAE_32120	18.5	1
14504255	449447.MAE_46320	18.5	1
14500170	449447.MAE_05440	18.4	1
14503648	449447.MAE_40250	18.4	2
14505033	449447.MAE_54070	18.4	1
14500464	449447.MAE_08390	18.4	1
14502046	449447.MAE_24210	18.4	4
14501821	449447.MAE_21960	18.4	1
14505844	449447.MAE_62180	18.3	3
14502085	449447.MAE_24600	18.3	2
14501812	449447.MAE_21870	18.3	1
14500183	449447.MAE_05570	18.3	1
14500413	449447.MAE_07870	18.3	1
14500465	449447.MAE_08400	18.3	1
14503393	449447.MAE_37700	18.3	1
14501543	449447.MAE_19180	18.3	1
14500222	449447.MAE_05960	18.3	2
14501634	449447.MAE_20090	18.3	3
14503119	449447.MAE_34960	18.2	1
14500950	449447.MAE_13250	18.2	2
14501371	449447.MAE_17460	18.2	1
14502971	449447.MAE_33490	18.2	2
14501296	449447.MAE_16710	18.2	2
14504800	449447.MAE_51750	18.2	3
14501550	449447.MAE_19250	18.2	2
14500318	449447.MAE_06920	18.1	1
14505692	449447.MAE_60660	18.1	1
14503728	449447.MAE_41050	18.1	3
14503925	449447.MAE_43020	18.1	1
14502402	449447.MAE_27760	18.1	2
14502290	449447.MAE_26640	18.0	2
14500164	449447.MAE_05380	18.0	4
14503750	449447.MAE_41270	18.0	4
14505579	449447.MAE_59530	18.0	2
14504327	449447.MAE_47030	17.9	1
14502828	449447.MAE_32040	17.9	1
14504663	449447.MAE_50380	17.9	1
14502000	449447.MAE_23750	17.9	3
14502025	449447.MAE_24000	17.9	1
14503454	449447.MAE_38310	17.9	1
14502674	449447.MAE_30500	17.9	2
14501196	449447.MAE_15710	17.8	1
14503691	449447.MAE_40680	17.8	1
14500884	449447.MAE_12590	17.8	1
14504849	449447.MAE_52240	17.8	1
14501343	449447.MAE_17180	17.8	1
14505334	449447.MAE_57090	17.8	1
14503382	449447.MAE_37590	17.7	1
14503383	449447.MAE_37600	17.7	1
14503381	449447.MAE_37580	17.7	1
14504937	449447.MAE_53110	17.7	3
14502144	449447.MAE_25190	17.7	1
14501562	449447.MAE_19370	17.7	2
14504761	449447.MAE_51360	17.7	1
14505270	449447.MAE_56450	17.6	1
14503124	449447.MAE_35010	17.6	1
14501973	449447.MAE_23480	17.6	2
14504444	449447.MAE_48190	17.6	3
14505502	449447.MAE_58760	17.5	1
14502574	449447.MAE_29500	17.5	2
14504182	449447.MAE_45590	17.5	4
14502528	449447.MAE_29040	17.5	4
14504008	449447.MAE_43850	17.5	1
14501198	449447.MAE_15730	17.4	1
14502477	449447.MAE_28510	17.3	1
14503205	449447.MAE_35820	17.3	1
14505184	449447.MAE_55590	17.3	1
14504447	449447.MAE_48220	17.3	1
14503757	449447.MAE_41340	17.2	2
14502414	449447.MAE_27880	17.2	2
14505094	449447.MAE_54690	17.2	1
14503009	449447.MAE_33870	17.2	2
14502872	449447.MAE_32480	17.2	2
14500475	449447.MAE_08500	17.2	1
14503649	449447.MAE_40260	17.2	3
14501369	449447.MAE_17440	17.2	3
14503960	449447.MAE_43370	17.1	2
14501535	449447.MAE_19100	17.0	1
14500270	449447.MAE_06440	17.0	1
14502470	449447.MAE_28440	17.0	1
14503332	449447.MAE_37090	17.0	2
14502058	449447.MAE_24330	17.0	1
14505862	449447.MAE_62360	17.0	4
14505403	449447.MAE_57770	17.0	6
14501635	449447.MAE_20100	17.0	1
14505577	449447.MAE_59510	16.9	1
14504629	449447.MAE_50040	16.9	1
14501302	449447.MAE_16770	16.9	1
14503641	449447.MAE_40180	16.9	2
14501469	449447.MAE_18440	16.9	1
14503693	449447.MAE_40700	16.8	4
14500850	449447.MAE_12250	16.8	2
14504570	449447.MAE_49450	16.8	5
14505686	449447.MAE_60600	16.8	2
14504578	449447.MAE_49530	16.8	2
14500598	449447.MAE_09730	16.8	1
14501802	449447.MAE_21770	16.8	2
14503361	449447.MAE_37380	16.7	1
14503312	449447.MAE_36890	16.7	1
14502243	449447.MAE_26170	16.7	1
14503758	449447.MAE_41350	16.6	2
14503487	449447.MAE_38640	16.6	3
14502750	449447.MAE_31260	16.6	1
14504115	449447.MAE_44920	16.6	1
14503614	449447.MAE_39910	16.6	2
14499946	449447.MAE_03200	16.5	2
14502791	449447.MAE_31670	16.5	1
14505649	449447.MAE_60230	16.5	1
14501055	449447.MAE_14300	16.5	1
14500725	449447.MAE_11000	16.5	1
14500858	449447.MAE_12330	16.4	1
14503174	449447.MAE_35510	16.4	4
14503737	449447.MAE_41140	16.3	1
14503523	449447.MAE_39000	16.3	1
14500836	449447.MAE_12110	16.3	1
14504411	449447.MAE_47860	16.3	2
14500783	449447.MAE_11580	16.3	4
14500968	449447.MAE_13430	16.3	1
14504496	449447.MAE_48710	16.3	2
14505845	449447.MAE_62190	16.3	3
14505015	449447.MAE_53890	16.3	1
14504138	449447.MAE_45150	16.2	3
14504046	449447.MAE_44230	16.2	2
14500921	449447.MAE_12960	16.1	2
14503427	449447.MAE_38040	16.1	1
14502074	449447.MAE_24490	16.1	2
14500491	449447.MAE_08660	16.1	1
14505451	449447.MAE_58250	16.0	1
14500453	449447.MAE_08270	16.0	3
14501060	449447.MAE_14350	16.0	3
14502458	449447.MAE_28320	16.0	1
14501162	449447.MAE_15370	16.0	1
14504713	449447.MAE_50880	15.9	2
14502780	449447.MAE_31560	15.9	1
14501990	449447.MAE_23650	15.9	1
14500019	449447.MAE_03930	15.8	3
14500742	449447.MAE_11170	15.8	1
14501145	449447.MAE_15200	15.7	2
14504059	449447.MAE_44360	15.7	1
14501994	449447.MAE_23690	15.7	2
14501499	449447.MAE_18740	15.7	1
14502311	449447.MAE_26850	15.7	1
14505619	449447.MAE_59930	15.6	2
14500068	449447.MAE_04420	15.6	1
14502605	449447.MAE_29810	15.6	2
14501797	449447.MAE_21720	15.6	1
14502885	449447.MAE_32610	15.5	3
14505405	449447.MAE_57790	15.5	1
14504523	449447.MAE_48980	15.4	1
14501675	449447.MAE_20500	15.4	1
14504725	449447.MAE_51000	15.4	1
14502416	449447.MAE_27900	15.4	1
14500272	449447.MAE_06460	15.4	1
14505283	449447.MAE_56580	15.3	6
14502372	449447.MAE_27460	15.3	4
14502445	449447.MAE_28190	15.3	2
14501345	449447.MAE_17200	15.3	2
14502019	449447.MAE_23940	15.3	1
14500969	449447.MAE_13440	15.3	2
14500238	449447.MAE_06120	15.3	1
14500824	449447.MAE_11990	15.3	2
14505250	449447.MAE_56250	15.2	1
14499754	449447.MAE_01280	15.2	1
14503097	449447.MAE_34740	15.1	1
14501612	449447.MAE_19870	15.1	3
14502767	449447.MAE_31430	15.1	2
14505467	449447.MAE_58410	15.1	1
14501402	449447.MAE_17770	15.0	1
14502238	449447.MAE_26120	15.0	2
14502464	449447.MAE_28380	14.9	1
14501299	449447.MAE_16740	14.9	2
14500596	449447.MAE_09710	14.9	1
14501784	449447.MAE_21590	14.8	1
14505074	449447.MAE_54490	14.8	1
14501223	449447.MAE_15980	14.8	1
14501121	449447.MAE_14960	14.7	1
14503685	449447.MAE_40620	14.7	1
14504482	449447.MAE_48570	14.7	1
14503483	449447.MAE_38600	14.7	12
14501627	449447.MAE_20020	14.7	1
14503761	449447.MAE_41380	14.6	1
14502413	449447.MAE_27870	14.6	6
14505708	449447.MAE_60820	14.6	2
14502222	449447.MAE_25970	14.6	1
14501476	449447.MAE_18510	14.6	1
14504947	449447.MAE_53210	14.5	1
14502375	449447.MAE_27490	14.5	1
14500294	449447.MAE_06680	14.5	3
14500636	449447.MAE_10110	14.5	2
14499749	449447.MAE_01230	14.5	1
14503801	449447.MAE_41780	14.4	1
14503883	449447.MAE_42600	14.4	2
14501224	449447.MAE_15990	14.4	2
14504515	449447.MAE_48900	14.4	4
14501571	449447.MAE_19460	14.4	1
14501639	449447.MAE_20140	14.3	1
14500739	449447.MAE_11140	14.3	2
14505805	449447.MAE_61790	14.3	1
14505194	449447.MAE_55690	14.2	1
14501956	449447.MAE_23310	14.2	1
14504017	449447.MAE_43940	14.2	1
14500947	449447.MAE_13220	14.2	1
14500094	449447.MAE_04680	14.1	2
14501459	449447.MAE_18340	14.1	1
14504690	449447.MAE_50650	14.1	1
14502244	449447.MAE_26180	14.1	1
14504452	449447.MAE_48270	14.1	2
14502994	449447.MAE_33720	14.1	1
14505522	449447.MAE_58960	14.1	2
14502459	449447.MAE_28330	14.0	1
14505080	449447.MAE_54550	14.0	2
14501814	449447.MAE_21890	14.0	1
14501325	449447.MAE_17000	14.0	1
14499842	449447.MAE_02160	14.0	1
14502450	449447.MAE_28240	14.0	2
14503455	449447.MAE_38320	14.0	2
14501460	449447.MAE_18350	14.0	1
14503269	449447.MAE_36460	14.0	1
14505288	449447.MAE_56630	13.9	3
14505664	449447.MAE_60380	13.9	2
14504803	449447.MAE_51780	13.9	2
14500748	449447.MAE_11230	13.9	2
14500292	449447.MAE_06660	13.8	1
14504685	449447.MAE_50600	13.8	2
14503956	449447.MAE_43330	13.8	1
14501029	449447.MAE_14040	13.8	1
14502631	449447.MAE_30070	13.8	2
14499836	449447.MAE_02100	13.7	2
14504659	449447.MAE_50340	13.7	1
14502406	449447.MAE_27800	13.7	4
14505702	449447.MAE_60760	13.7	3
14501072	449447.MAE_14470	13.6	1
14503744	449447.MAE_41210	13.6	1
14501386	449447.MAE_17610	13.6	2
14500215	449447.MAE_05890	13.6	1
14501071	449447.MAE_14460	13.5	1
14504790	449447.MAE_51650	13.5	1
14502461	449447.MAE_28350	13.5	2
14504941	449447.MAE_53150	13.5	3
14501819	449447.MAE_21940	13.5	2
14504608	449447.MAE_49830	13.4	1
14502520	449447.MAE_28960	13.4	2
14503539	449447.MAE_39160	13.4	2
14503376	449447.MAE_37530	13.4	2
14501220	449447.MAE_15950	13.4	2
14504581	449447.MAE_49560	13.4	2
14500620	449447.MAE_09950	13.4	1
14500625	449447.MAE_10000	13.4	1
14500586	449447.MAE_09610	13.4	1
14503140	449447.MAE_35170	13.4	1
14504265	449447.MAE_46420	13.4	3
14500603	449447.MAE_09780	13.4	1
14500798	449447.MAE_11730	13.4	2
14500418	449447.MAE_07920	13.3	1
14502995	449447.MAE_33730	13.3	1
14500421	449447.MAE_07950	13.3	1
14502295	449447.MAE_26690	13.3	1
14504387	449447.MAE_47620	13.2	3
14502551	449447.MAE_29270	13.2	1
14502566	449447.MAE_29420	13.2	1
14504545	449447.MAE_49200	13.2	1
14501487	449447.MAE_18620	13.2	2
14499849	449447.MAE_02230	13.1	1
14499947	449447.MAE_03210	13.1	1
14501234	449447.MAE_16090	13.1	2
14501341	449447.MAE_17160	13.1	2
14505284	449447.MAE_56590	13.1	4
14500733	449447.MAE_11080	13.1	3
14503906	449447.MAE_42830	13.0	1
14501502	449447.MAE_18770	13.0	2
14500715	449447.MAE_10900	13.0	1
14499662	449447.MAE_00360	13.0	1
14503128	449447.MAE_35050	13.0	1
14501301	449447.MAE_16760	13.0	1
14503373	449447.MAE_37500	13.0	1
14501631	449447.MAE_20060	13.0	1
14504957	449447.MAE_53310	13.0	1
14504201	449447.MAE_45780	12.9	2
14503813	449447.MAE_41900	12.9	1
14503172	449447.MAE_35490	12.9	1
14499636	449447.MAE_00100	12.8	1
14501436	449447.MAE_18110	12.8	4
14501557	449447.MAE_19320	12.8	1
14504114	449447.MAE_44910	12.8	1
14505411	449447.MAE_57850	12.7	2
14504892	449447.MAE_52660	12.7	1
14500479	449447.MAE_08540	12.7	1
14500459	449447.MAE_08330	12.7	1
14502847	449447.MAE_32230	12.7	3
14502192	449447.MAE_25670	12.6	1
14500184	449447.MAE_05580	12.6	2
14499891	449447.MAE_02650	12.6	1
14500861	449447.MAE_12360	12.6	2
14503387	449447.MAE_37640	12.6	1
14499930	449447.MAE_03040	12.6	2
14500805	449447.MAE_11800	12.5	1
14503585	449447.MAE_39620	12.5	1
14501530	449447.MAE_19050	12.5	2
14504206	449447.MAE_45830	12.5	1
14501218	449447.MAE_15930	12.4	1
14500335	449447.MAE_07090	12.4	1
14501902	449447.MAE_22770	12.4	1
14499896	449447.MAE_02700	12.4	1
14499897	449447.MAE_02710	12.4	1
14504769	449447.MAE_51440	12.4	2
14503293	449447.MAE_36700	12.4	1
14500444	449447.MAE_08180	12.3	3
14503869	449447.MAE_42460	12.3	4
14500509	449447.MAE_08840	12.3	1
14499748	449447.MAE_01220	12.2	2
14505666	449447.MAE_60400	12.2	1
14503350	449447.MAE_37270	12.2	2
14503709	449447.MAE_40860	12.2	1
14501078	449447.MAE_14530	12.2	1
14503123	449447.MAE_35000	12.1	1
14500005	449447.MAE_03790	12.1	2
14501572	449447.MAE_19470	12.1	1
14505835	449447.MAE_62090	12.1	1
14505651	449447.MAE_60250	12.0	1
14500871	449447.MAE_12460	12.0	2
14502808	449447.MAE_31840	11.9	2
14504410	449447.MAE_47850	11.9	2
14505922	449447.MAE_62970	11.9	1
14499726	449447.MAE_01000	11.9	2
14505469	449447.MAE_58430	11.9	3
14505525	449447.MAE_58990	11.9	1
14503643	449447.MAE_40200	11.9	1
14500901	449447.MAE_12760	11.8	1
14501453	449447.MAE_18280	11.7	1
14501626	449447.MAE_20010	11.7	2
14499708	449447.MAE_00820	11.7	1
14500296	449447.MAE_06700	11.7	2
14503396	449447.MAE_37730	11.7	1
14505715	449447.MAE_60890	11.7	1
14505092	449447.MAE_54670	11.7	3
14500658	449447.MAE_10330	11.7	1
14501470	449447.MAE_18450	11.7	1
14502172	449447.MAE_25470	11.7	1
14500132	449447.MAE_05060	11.7	1
14501742	449447.MAE_21170	11.6	1
14503357	449447.MAE_37340	11.6	2
14501336	449447.MAE_17110	11.6	1
14501741	449447.MAE_21160	11.5	2
14505790	449447.MAE_61640	11.5	1
14502013	449447.MAE_23880	11.5	2
14505034	449447.MAE_54080	11.5	4
14505744	449447.MAE_61180	11.5	2
14504328	449447.MAE_47040	11.5	1
14502950	449447.MAE_33280	11.4	1
14502223	449447.MAE_25980	11.4	1
14505145	449447.MAE_55200	11.4	1
14502407	449447.MAE_27810	11.4	6
14505019	449447.MAE_53930	11.4	2
14504367	449447.MAE_47420	11.3	1
14501355	449447.MAE_17300	11.3	2
14499931	449447.MAE_03050	11.3	1
14501090	449447.MAE_14650	11.3	1
14505416	449447.MAE_57900	11.3	1
14502430	449447.MAE_28040	11.2	1
14504678	449447.MAE_50530	11.2	4
14501238	449447.MAE_16130	11.2	1
14502166	449447.MAE_25410	11.2	1
14503409	449447.MAE_37860	11.2	1
14500399	449447.MAE_07730	11.1	3
14500772	449447.MAE_11470	11.1	1
14501763	449447.MAE_21380	11.1	3
14501203	449447.MAE_15780	11.1	1
14505223	449447.MAE_55980	11.1	2
14503947	449447.MAE_43240	11.0	3
14505282	449447.MAE_56570	11.0	1
14504569	449447.MAE_49440	11.0	1
14505112	449447.MAE_54870	11.0	1
14501344	449447.MAE_17190	10.9	1
14501308	449447.MAE_16830	10.9	1
14500946	449447.MAE_13210	10.9	1
14499989	449447.MAE_03630	10.9	1
14504063	449447.MAE_44400	10.8	1
14502982	449447.MAE_33600	10.8	1
14505880	449447.MAE_62540	10.8	1
14503501	449447.MAE_38780	10.8	1
14500873	449447.MAE_12480	10.8	2
14505707	449447.MAE_60810	10.8	1
14505006	449447.MAE_53800	10.8	1
14504148	449447.MAE_45250	10.8	1
14502093	449447.MAE_24680	10.8	2
14501791	449447.MAE_21660	10.8	2
14503979	449447.MAE_43560	10.8	2
14503651	449447.MAE_40280	10.8	2
14505615	449447.MAE_59890	10.8	2
14503023	449447.MAE_34000	10.8	1
14499651	449447.MAE_00250	10.8	2
14504561	449447.MAE_49360	10.7	1
14499957	449447.MAE_03310	10.7	1
14504746	449447.MAE_51210	10.7	2
14505278	449447.MAE_56530	10.7	1
14499743	449447.MAE_01170	10.7	1
14502636	449447.MAE_30120	10.7	1
14502955	449447.MAE_33330	10.7	2
14504285	449447.MAE_46620	10.6	1
14504302	449447.MAE_46780	10.6	1
14500926	449447.MAE_13010	10.6	1
14501707	449447.MAE_20820	10.6	1
14505387	449447.MAE_57610	10.6	1
14500332	449447.MAE_07060	10.6	1
14504895	449447.MAE_52690	10.6	2
14504996	449447.MAE_53700	10.6	1
14502124	449447.MAE_24990	10.5	1
14505102	449447.MAE_54770	10.5	1
14500578	449447.MAE_09530	10.5	1
14503909	449447.MAE_42860	10.5	1
14503458	449447.MAE_38350	10.5	1
14499852	449447.MAE_02260	10.5	1
14504062	449447.MAE_44390	10.4	2
14505869	449447.MAE_62430	10.4	1
14500830	449447.MAE_12050	10.4	1
14500273	449447.MAE_06470	10.4	1
14500829	449447.MAE_12040	10.4	1
14504266	449447.MAE_46430	10.4	1
14500566	449447.MAE_09410	10.4	1
14505192	449447.MAE_55670	10.4	1
14501152	449447.MAE_15270	10.4	1
14501788	449447.MAE_21630	10.4	1
14501674	449447.MAE_20490	10.4	1
14500359	449447.MAE_07330	10.3	1
14502294	449447.MAE_26680	10.2	1
14502297	449447.MAE_26710	10.2	1
14503606	449447.MAE_39830	10.2	1
14501870	449447.MAE_22450	10.2	1
14500568	449447.MAE_09430	10.2	1
14500637	449447.MAE_10120	10.2	1
14499954	449447.MAE_03280	10.2	1
14503552	449447.MAE_39290	10.2	1
14502106	449447.MAE_24810	10.2	3
14505783	449447.MAE_61570	10.1	3
14503266	449447.MAE_36430	10.1	1
14500437	449447.MAE_08110	10.1	3
14504928	449447.MAE_53020	10.1	2
14503100	449447.MAE_34770	10.1	1
14502910	449447.MAE_32860	10.1	1
14503704	449447.MAE_40810	10.1	2
14502410	449447.MAE_27840	10.1	4
14503242	449447.MAE_36190	10.1	1
14503995	449447.MAE_43720	10.1	2
14501471	449447.MAE_18460	10.1	1
14500015	449447.MAE_03890	10.0	1
14503542	449447.MAE_39190	10.0	1
14503532	449447.MAE_39090	10.0	1
14500844	449447.MAE_12190	10.0	3
14500012	449447.MAE_03860	10.0	1
14503298	449447.MAE_36750	10.0	1
14500032	449447.MAE_04060	10.0	1
14505818	449447.MAE_61920	10.0	1
14504866	449447.MAE_52410	10.0	1
14504519	449447.MAE_48940	9.99	1
14501069	449447.MAE_14440	9.96	1
14504647	449447.MAE_50220	9.94	1
14502893	449447.MAE_32690	9.94	2
14500516	449447.MAE_08910	9.9	1
14501754	449447.MAE_21290	9.85	2
14505730	449447.MAE_61040	9.85	1
14504331	449447.MAE_47070	9.81	1
14503848	449447.MAE_42250	9.8	1
14503933	449447.MAE_43100	9.8	1
14502667	449447.MAE_30430	9.79	1
14499729	449447.MAE_01030	9.79	5
14500796	449447.MAE_11710	9.77	1
14502240	449447.MAE_26140	9.75	1
14502686	449447.MAE_30620	9.73	1
14505273	449447.MAE_56480	9.71	2
14500252	449447.MAE_06260	9.7	1
14501882	449447.MAE_22570	9.66	2
14505536	449447.MAE_59100	9.66	1
14504565	449447.MAE_49400	9.65	1
14500885	449447.MAE_12600	9.64	1
14503052	449447.MAE_34290	9.64	2
14505346	449447.MAE_57210	9.63	1
14501852	449447.MAE_22270	9.6	1
14504434	449447.MAE_48090	9.59	1
14500385	449447.MAE_07590	9.59	1
14504193	449447.MAE_45700	9.58	1
14502449	449447.MAE_28230	9.55	1
14501370	449447.MAE_17450	9.55	1
14502029	449447.MAE_24040	9.52	1
14501939	449447.MAE_23140	9.51	1
14505505	449447.MAE_58790	9.48	1
14501633	449447.MAE_20080	9.45	1
14504181	449447.MAE_45580	9.44	1
14504929	449447.MAE_53030	9.4	2
14504275	449447.MAE_46520	9.4	1
14500786	449447.MAE_11610	9.4	2
14500918	449447.MAE_12930	9.39	1
14503494	449447.MAE_38710	9.39	1
14503085	449447.MAE_34620	9.37	1
14503038	449447.MAE_34150	9.37	3
14501805	449447.MAE_21800	9.37	3
14502370	449447.MAE_27440	9.35	1
14502054	449447.MAE_24290	9.35	1
14504208	449447.MAE_45850	9.33	1
14505307	449447.MAE_56820	9.32	1
14503236	449447.MAE_36130	9.25	2
14499735	449447.MAE_01090	9.24	1
14505410	449447.MAE_57840	9.22	1
14500304	449447.MAE_06780	9.18	1
14500315	449447.MAE_06890	9.17	2
14503486	449447.MAE_38630	9.16	4
14499627	449447.MAE_00010	9.15	1
14504199	449447.MAE_45760	9.14	1
14499683	449447.MAE_00570	9.12	3
14499646	449447.MAE_00200	9.12	1
14500741	449447.MAE_11160	9.11	3
14501705	449447.MAE_20800	9.11	2
14505528	449447.MAE_59020	9.1	1
14501880	449447.MAE_22550	9.08	1
14500145	449447.MAE_05190	9.07	1
14503870	449447.MAE_42470	9.04	1
14504862	449447.MAE_52370	9.04	1
14503821	449447.MAE_41980	9.04	1
14502909	449447.MAE_32850	9.02	1
14504007	449447.MAE_43840	9.02	2
14499976	449447.MAE_03500	9.02	4
14501709	449447.MAE_20840	9.02	1
14500835	449447.MAE_12100	8.99	1
14502963	449447.MAE_33410	8.98	1
14499906	449447.MAE_02800	8.95	1
14503508	449447.MAE_38850	8.94	1
14500975	449447.MAE_13500	8.89	1
14504015	449447.MAE_43920	8.89	1
14502861	449447.MAE_32370	8.87	1
14502242	449447.MAE_26160	8.85	1
14501012	449447.MAE_13870	8.83	1
14500470	449447.MAE_08450	8.81	1
14504605	449447.MAE_49800	8.8	1
14504793	449447.MAE_51680	8.8	2
14499874	449447.MAE_02480	8.8	1
14502683	449447.MAE_30590	8.77	1
14505195	449447.MAE_55700	8.76	1
14501255	449447.MAE_16300	8.74	3
14501771	449447.MAE_21460	8.7	1
14505397	449447.MAE_57710	8.69	2
14504141	449447.MAE_45180	8.64	2
14500473	449447.MAE_08480	8.61	1
14505679	449447.MAE_60530	8.6	4
14500156	449447.MAE_05300	8.59	1
14499824	449447.MAE_01980	8.54	1
14500655	449447.MAE_10300	8.54	1
14502077	449447.MAE_24520	8.53	1
14505654	449447.MAE_60280	8.52	1
14503114	449447.MAE_34910	8.52	1
14505395	449447.MAE_57690	8.51	2
14500279	449447.MAE_06530	8.51	1
14505069	449447.MAE_54440	8.51	1
14505319	449447.MAE_56940	8.5	1
14501324	449447.MAE_16990	8.48	2
14501058	449447.MAE_14330	8.46	1
14502151	449447.MAE_25260	8.42	2
14502239	449447.MAE_26130	8.42	1
14505682	449447.MAE_60560	8.4	4
14502710	449447.MAE_30860	8.4	1
14504825	449447.MAE_52000	8.39	4
14500848	449447.MAE_12230	8.39	1
14500942	449447.MAE_13170	8.38	1
14505631	449447.MAE_60050	8.38	3
14502296	449447.MAE_26700	8.35	1
14500766	449447.MAE_11410	8.33	2
14503950	449447.MAE_43270	8.31	1
14502022	449447.MAE_23970	8.3	1
14503228	449447.MAE_36050	8.3	1
14503191	449447.MAE_35680	8.3	1
14505479	449447.MAE_58530	8.27	4
14502270	449447.MAE_26440	8.26	2
14504155	449447.MAE_45320	8.24	1
14500316	449447.MAE_06900	8.24	1
14505913	449447.MAE_62880	8.22	2
14503692	449447.MAE_40690	8.18	2
14505060	449447.MAE_54350	8.16	1
14501568	449447.MAE_19430	8.16	1
14500085	449447.MAE_04590	8.15	1
14504707	449447.MAE_50820	8.15	1
14505519	449447.MAE_58930	8.14	1
14501947	449447.MAE_23220	8.11	1
14501209	449447.MAE_15840	8.11	1
14504951	449447.MAE_53250	8.08	1
14505277	449447.MAE_56520	8.08	2
14501353	449447.MAE_17280	8.07	1
14501331	449447.MAE_17060	8.04	1
14501747	449447.MAE_21220	8.02	1
14501578	449447.MAE_19530	8.02	1
14501016	449447.MAE_13910	8.02	1
14505189	449447.MAE_55640	8.01	1
14504111	449447.MAE_44880	8.01	1
14502184	449447.MAE_25590	7.99	1
14500415	449447.MAE_07890	7.99	2
14503629	449447.MAE_40060	7.96	1
14502197	449447.MAE_25720	7.94	1
14502321	449447.MAE_26950	7.92	2
14501501	449447.MAE_18760	7.9	1
14503208	449447.MAE_35850	7.88	1
14501706	449447.MAE_20810	7.88	1
14503479	449447.MAE_38560	7.83	3
14503834	449447.MAE_42110	7.8	2
14504085	449447.MAE_44620	7.74	1
14499894	449447.MAE_02680	7.71	1
14501342	449447.MAE_17170	7.67	1
14504078	449447.MAE_44550	7.67	1
14503891	449447.MAE_42680	7.61	1
14504615	449447.MAE_49900	7.6	1
14501376	449447.MAE_17510	7.59	2
14499715	449447.MAE_00890	7.57	1
14504424	449447.MAE_47990	7.57	1
14504604	449447.MAE_49790	7.56	1
14505632	449447.MAE_60060	7.53	1
14502298	449447.MAE_26720	7.49	1
14505759	449447.MAE_61330	7.48	1
14502595	449447.MAE_29710	7.46	1
14504233	449447.MAE_46100	7.4	1
14499686	449447.MAE_00600	7.32	1
14503130	449447.MAE_35070	7.31	2
14500078	449447.MAE_04520	7.31	1
14505535	449447.MAE_59090	7.3	1
14502466	449447.MAE_28400	7.3	1
14504004	449447.MAE_43810	7.28	1
14500581	449447.MAE_09560	7.23	2
14502497	449447.MAE_28730	7.23	1
14503975	449447.MAE_43520	7.23	1
14502966	449447.MAE_33440	7.21	1
14502154	449447.MAE_25290	7.18	1
14501073	449447.MAE_14480	7.12	1
14503887	449447.MAE_42640	7.1	1
14500067	449447.MAE_04410	7.1	1
14504280	449447.MAE_46570	7.09	1
14503220	449447.MAE_35970	7.05	1
14504126	449447.MAE_45030	7.0	1
14504886	449447.MAE_52600	6.99	1
14504103	449447.MAE_44800	6.98	1
14501321	449447.MAE_16960	6.97	2
14501860	449447.MAE_22350	6.97	2
14503627	449447.MAE_40040	6.95	1
14503048	449447.MAE_34250	6.95	1
14501951	449447.MAE_23260	6.93	1
14501941	449447.MAE_23160	6.93	1
14505049	449447.MAE_54240	6.92	2
14504261	449447.MAE_46380	6.91	2
14504846	449447.MAE_52210	6.88	1
14501361	449447.MAE_17360	6.87	1
14500557	449447.MAE_09320	6.85	1
14499904	449447.MAE_02780	6.85	1
14501905	449447.MAE_22800	6.85	3
14504580	449447.MAE_49550	6.81	4
14500785	449447.MAE_11600	6.8	1
14500340	449447.MAE_07140	6.76	1
14505162	449447.MAE_55370	6.69	1
14504130	449447.MAE_45070	6.66	1
14499800	449447.MAE_01740	6.65	1
14505499	449447.MAE_58730	6.64	1
14504332	449447.MAE_47080	6.57	1
14500682	449447.MAE_10570	6.57	1
14503647	449447.MAE_40240	6.56	1
14505641	449447.MAE_60150	6.56	1
14503687	449447.MAE_40640	6.55	1
14502843	449447.MAE_32190	6.52	1
14503593	449447.MAE_39700	6.46	1
14501281	449447.MAE_16560	6.45	1
14503747	449447.MAE_41240	6.43	1
14504860	449447.MAE_52350	6.36	1
14499804	449447.MAE_01780	6.35	1
14499956	449447.MAE_03300	6.34	1
14502161	449447.MAE_25360	6.34	1
14502621	449447.MAE_29970	6.32	1
14502981	449447.MAE_33590	6.31	1
14502547	449447.MAE_29230	6.29	2
14501226	449447.MAE_16010	6.29	2
14504003	449447.MAE_43800	6.21	1
14504002	449447.MAE_43790	6.21	1
14499805	449447.MAE_01790	6.19	1
14505503	449447.MAE_58770	6.13	1
14505071	449447.MAE_54460	6.11	1
14502980	449447.MAE_33580	6.1	1
14504980	449447.MAE_53540	6.09	1
14500148	449447.MAE_05220	6.09	1
14500654	449447.MAE_10290	6.08	1
14503040	449447.MAE_34170	6.03	1
14501000	449447.MAE_13750	6.03	1
14503249	449447.MAE_36260	6.01	2
14505384	449447.MAE_57590	6.01	1
14500110	449447.MAE_04840	6.0	3
14502252	449447.MAE_26260	5.99	1
14500424	449447.MAE_07980	5.96	1
14500136	449447.MAE_05100	5.93	1
14502366	449447.MAE_27400	5.93	1
14499704	449447.MAE_00780	5.93	1
14502728	449447.MAE_31040	5.93	1
14502120	449447.MAE_24950	5.93	1
14503056	449447.MAE_34330	5.93	1
14503245	449447.MAE_36220	5.93	1
14501868	449447.MAE_22430	5.93	1
14505899	449447.MAE_62730	5.91	1
14503351	449447.MAE_37280	5.91	1
14503621	449447.MAE_39980	5.91	1
14502233	449447.MAE_26080	5.86	1
14505394	449447.MAE_57680	5.83	1
14500281	449447.MAE_06550	5.83	1
14505652	449447.MAE_60260	5.75	1
14502408	449447.MAE_27820	5.75	1
14503710	449447.MAE_40870	5.75	1
14499803	449447.MAE_01770	5.74	1
14502337	449447.MAE_27110	5.72	3
14505858	449447.MAE_62320	5.71	1
14503526	449447.MAE_39030	5.7	1
14503885	449447.MAE_42620	5.64	2
14503851	449447.MAE_42280	5.64	2
14504438	449447.MAE_48130	5.62	1
14502622	449447.MAE_29980	5.58	1
14502317	449447.MAE_26910	5.58	1
14503953	449447.MAE_43300	5.58	1
14500616	449447.MAE_09910	5.57	3
14502952	449447.MAE_33300	5.57	3
14505911	449447.MAE_62860	5.57	3
14504338	449447.MAE_47140	5.56	1
14505324	449447.MAE_56990	5.54	1
14502796	449447.MAE_31720	5.54	1
14500972	449447.MAE_13470	5.53	1
14503994	449447.MAE_43710	5.53	1
14504312	449447.MAE_46880	5.51	1
14504872	449447.MAE_52470	5.5	1
14503865	449447.MAE_42420	5.48	1
14503477	449447.MAE_38540	5.48	2
14502984	449447.MAE_33620	5.47	2
14502819	449447.MAE_31950	5.46	1
14502774	449447.MAE_31500	5.46	1
14502895	449447.MAE_32710	5.45	1
14505275	449447.MAE_56500	5.43	1
14502439	449447.MAE_28130	5.41	1
14502684	449447.MAE_30600	5.38	2
14503759	449447.MAE_41360	5.37	1
14499737	449447.MAE_01110	5.33	1
14500920	449447.MAE_12950	5.33	1
14502625	449447.MAE_30010	5.31	1
14502932	449447.MAE_33100	5.29	2
14504432	449447.MAE_48070	5.28	1
14503394	449447.MAE_37710	5.27	1
14504108	449447.MAE_44850	5.22	1
14502288	449447.MAE_26620	5.2	2
14501971	449447.MAE_23460	5.2	1
14500407	449447.MAE_07810	5.13	1
14503020	449447.MAE_33970	5.06	1
14504442	449447.MAE_48170	5.05	1
14504356	449447.MAE_47310	5.05	1
14501495	449447.MAE_18700	5.05	1
14502165	449447.MAE_25400	4.85	1
14502359	449447.MAE_27330	4.83	2
14502277	449447.MAE_26510	4.83	2
14503051	449447.MAE_34280	4.83	2
14504785	449447.MAE_51600	4.83	2
14503939	449447.MAE_43160	4.83	2
14502559	449447.MAE_29350	4.83	2
14501282	449447.MAE_16570	4.83	2
14502486	449447.MAE_28600	4.83	2
14503037	449447.MAE_34140	4.82	1
14504906	449447.MAE_52800	4.81	1
14500004	449447.MAE_03780	4.8	2
14504024	449447.MAE_44010	4.8	1
14505156	449447.MAE_55310	4.79	1
14505206	449447.MAE_55810	4.78	1
14499663	449447.MAE_00370	4.78	1
14501984	449447.MAE_23590	4.75	1
14504512	449447.MAE_48870	4.73	1
14501930	449447.MAE_23050	4.72	1
14503098	449447.MAE_34750	4.71	1
14503367	449447.MAE_37440	4.69	2
14500338	449447.MAE_07120	4.62	1
14499987	449447.MAE_03610	4.59	1
14503478	449447.MAE_38550	4.54	1
14504509	449447.MAE_48840	4.52	1
14505108	449447.MAE_54830	4.51	1
14505061	449447.MAE_54360	4.42	1
14503370	449447.MAE_37470	4.41	1
14503580	449447.MAE_39570	4.38	2
14503789	449447.MAE_41660	4.37	1
14501309	449447.MAE_16840	4.3	1
14502956	449447.MAE_33340	4.29	2
14500162	449447.MAE_05360	4.24	1
14505627	449447.MAE_60010	4.23	4
14505741	449447.MAE_61150	4.2	4
14501278	449447.MAE_16530	4.19	2
14502570	449447.MAE_29460	4.14	1
14503088	449447.MAE_34650	4.12	1
14504473	449447.MAE_48480	4.12	1
14500524	449447.MAE_08990	4.12	1
14504721	449447.MAE_50960	4.12	1
14505117	449447.MAE_54920	4.1	2
14504780	449447.MAE_51550	4.07	2
14505249	449447.MAE_56240	4.06	1
14503725	449447.MAE_41020	4.04	1
14504805	449447.MAE_51800	4.03	2
14500967	449447.MAE_13420	4.03	1
14499756	449447.MAE_01300	3.98	1
14503858	449447.MAE_42350	3.98	1
14503605	449447.MAE_39820	3.98	1
14500107	449447.MAE_04810	3.93	1
14502656	449447.MAE_30320	3.92	2
14502961	449447.MAE_33390	3.9	1
14502918	449447.MAE_32940	3.86	1
14505473	449447.MAE_58470	3.75	4
14499972	449447.MAE_03460	3.65	4
14505475	449447.MAE_58490	3.64	4
14501363	449447.MAE_17380	3.58	1
14503982	449447.MAE_43590	3.51	2
14501922	449447.MAE_22970	3.51	1
14500860	449447.MAE_12350	3.5	1
14499727	449447.MAE_01010	3.44	4
14504794	449447.MAE_51690	3.44	1
14503986	449447.MAE_43630	3.43	1
14505178	449447.MAE_55530	3.41	1
14503796	449447.MAE_41730	3.36	4
14500898	449447.MAE_12730	3.34	1
14505477	449447.MAE_58510	3.32	4
14505736	449447.MAE_61100	3.27	4
14505931	449447.MAE_63060	3.27	1
14499856	449447.MAE_02300	3.26	1
14501566	449447.MAE_19410	3.24	1
14503793	449447.MAE_41700	3.22	4
14500868	449447.MAE_12430	3.21	1
14505681	449447.MAE_60550	3.18	4
14505737	449447.MAE_61110	3.18	4
14505685	449447.MAE_60590	3.14	4
14500071	449447.MAE_04450	3.07	1
14503602	449447.MAE_39790	3.05	1
14502002	449447.MAE_23770	3.04	1
14502004	449447.MAE_23790	3.04	1
14501599	449447.MAE_19740	3.03	1
14503811	449447.MAE_41880	2.94	1
14503497	449447.MAE_38740	2.92	1
14500466	449447.MAE_08410	2.9	1
14499862	449447.MAE_02360	2.87	1
14501847	449447.MAE_22220	2.87	1
14505934	449447.MAE_63090	2.82	1
14505905	449447.MAE_62800	2.8	1
14503868	449447.MAE_42450	2.73	1
14503277	449447.MAE_36540	2.68	1
14500811	449447.MAE_11860	2.67	1
14500799	449447.MAE_11740	2.61	1
14501621	449447.MAE_19960	2.6	2
14500211	449447.MAE_05850	2.6	2
14505831	449447.MAE_62050	2.59	2
14501942	449447.MAE_23170	2.56	1
14504770	449447.MAE_51450	2.49	2
14500267	449447.MAE_06410	2.46	1
14505435	449447.MAE_58090	2.46	1
14501968	449447.MAE_23430	2.46	1
14503173	449447.MAE_35500	2.46	1
14504291	449447.MAE_46670	2.46	1
14502785	449447.MAE_31610	2.46	1
14499995	449447.MAE_03690	2.46	1
14504428	449447.MAE_48030	2.42	4
14501559	449447.MAE_19340	2.42	1
14503558	449447.MAE_39350	2.41	1
14505550	449447.MAE_59240	2.4	1
14503166	449447.MAE_35430	2.4	1
14503164	449447.MAE_35410	2.4	1
14505683	449447.MAE_60570	2.4	1
14501850	449447.MAE_22250	2.4	1
14501726	449447.MAE_21010	2.4	1
14499766	449447.MAE_01400	2.37	1
14500109	449447.MAE_04830	2.33	1
14499901	449447.MAE_02750	2.28	1
14505047	449447.MAE_54220	2.27	1
14505309	449447.MAE_56840	2.27	1
14505310	449447.MAE_56850	2.2	1
14504171	449447.MAE_45480	2.16	1
14500185	449447.MAE_05590	2.12	3
14502274	449447.MAE_26480	2.07	3
14502489	449447.MAE_28630	2.07	3
14504543	449447.MAE_49180	1.97	1
14502389	449447.MAE_27630	1.96	1
14504490	449447.MAE_48650	1.93	1
14500787	449447.MAE_11620	1.93	2
14499788	449447.MAE_01620	1.87	1
14502556	449447.MAE_29320	1.87	1
14501396	449447.MAE_17710	1.77	3
14499768	449447.MAE_01420	1.75	1
14504309	449447.MAE_46850	1.75	1
14503659	449447.MAE_40360	1.74	3
14504736	449447.MAE_51110	1.74	3
14501936	449447.MAE_23110	1.74	3
14503275	449447.MAE_36520	1.74	3
14501279	449447.MAE_16540	1.74	3
14503864	449447.MAE_42410	1.74	3
14504808	449447.MAE_51830	1.74	3
14502557	449447.MAE_29330	1.73	5
14499920	449447.MAE_02940	1.73	1
14501688	449447.MAE_20630	1.67	1
14503888	449447.MAE_42650	1.66	3
14503095	449447.MAE_34720	1.64	2
14504626	449447.MAE_50010	1.6	3
14504979	449447.MAE_53530	1.6	3
14504622	449447.MAE_49970	1.6	3
14503880	449447.MAE_42570	1.58	6
14500144	449447.MAE_05180	1.58	6
14504827	449447.MAE_52020	1.58	6
14501887	449447.MAE_22620	1.58	6
14505186	449447.MAE_55610	1.58	6
14502386	449447.MAE_27600	1.58	6
14502313	449447.MAE_26870	1.58	6
14501966	449447.MAE_23410	1.57	2
14503073	449447.MAE_34500	1.55	6
14502339	449447.MAE_27130	1.55	6
14500121	449447.MAE_04950	1.55	6
14504169	449447.MAE_45460	1.55	6
14500346	449447.MAE_07200	1.55	6
14499953	449447.MAE_03270	1.55	6
14499682	449447.MAE_00560	1.55	6
14505552	449447.MAE_59260	1.55	6
14503892	449447.MAE_42690	1.55	6
14505766	449447.MAE_61400	1.55	6
14501734	449447.MAE_21090	1.55	6
14505554	449447.MAE_59280	1.53	1
14505639	449447.MAE_60130	1.52	3
14500105	449447.MAE_04790	1.52	6
14500687	449447.MAE_10620	1.52	6
14504379	449447.MAE_47540	1.52	6
14499779	449447.MAE_01530	1.52	6
14502591	449447.MAE_29670	1.51	1
14505051	449447.MAE_54260	1.51	2
14503087	449447.MAE_34640	1.5	1
14505551	449447.MAE_59250	1.5	4
14502962	449447.MAE_33400	1.43	1
14500643	449447.MAE_10180	1.32	2
14505673	449447.MAE_60470	1.32	1
14503517	449447.MAE_38940	1.32	1
14505853	449447.MAE_62270	1.32	1
14500241	449447.MAE_06150	1.32	1
14501173	449447.MAE_15480	1.32	1
14501892	449447.MAE_22670	1.32	1
14504173	449447.MAE_45500	1.32	1
14503910	449447.MAE_42870	1.32	1
14505471	449447.MAE_58450	1.32	1
14505052	449447.MAE_54270	1.32	2
14502987	449447.MAE_33650	1.31	2
14503066	449447.MAE_34430	1.31	2
14500999	449447.MAE_13740	1.31	1
14504585	449447.MAE_49600	1.31	5
14500239	449447.MAE_06130	1.31	5
14505676	449447.MAE_60500	1.31	5
14500124	449447.MAE_04980	1.28	5
14500198	449447.MAE_05720	1.27	2
14504730	449447.MAE_51050	1.27	2
14499700	449447.MAE_00740	1.27	2
14504150	449447.MAE_45270	1.27	2
14503824	449447.MAE_42010	1.27	2
14505605	449447.MAE_59790	1.27	2
14503161	449447.MAE_35380	1.25	1
14505434	449447.MAE_58080	1.24	2
14505124	449447.MAE_54990	1.24	2
14500370	449447.MAE_07440	1.24	2
14504466	449447.MAE_48410	1.24	2
14505050	449447.MAE_54250	1.24	2
14499889	449447.MAE_02630	1.24	2
14500698	449447.MAE_10730	1.24	2
14504431	449447.MAE_48060	1.24	2
14500474	449447.MAE_08490	1.24	2
14504888	449447.MAE_52620	1.24	2
14505561	449447.MAE_59350	1.24	2
14504137	449447.MAE_45140	1.24	2
14504579	449447.MAE_49540	1.24	2
14505670	449447.MAE_60440	1.23	2
14505172	449447.MAE_55470	1.23	2
14505177	449447.MAE_55520	1.23	2
14500817	449447.MAE_11920	1.23	2
14501854	449447.MAE_22290	1.23	2
14500416	449447.MAE_07900	1.23	2
14503265	449447.MAE_36420	1.23	2
14503450	449447.MAE_38270	1.23	2
14501272	449447.MAE_16470	1.23	2
14501192	449447.MAE_15670	1.23	2
14502390	449447.MAE_27640	1.23	2
14501728	449447.MAE_21030	1.23	2
14500084	449447.MAE_04580	1.23	2
14502565	449447.MAE_29410	1.23	2
14502588	449447.MAE_29640	1.22	2
14503554	449447.MAE_39310	1.21	2
14505042	449447.MAE_54170	1.21	2
14500409	449447.MAE_07830	1.21	2
14500554	449447.MAE_09290	1.21	2
14504470	449447.MAE_48450	1.21	2
14503613	449447.MAE_39900	1.21	2
14505860	449447.MAE_62340	1.21	2
14503893	449447.MAE_42700	1.21	2
14505326	449447.MAE_57010	1.21	2
14500521	449447.MAE_08960	1.21	2
14500229	449447.MAE_06030	1.18	2
14502105	449447.MAE_24800	1.18	2
14503934	449447.MAE_43110	1.18	2
14501733	449447.MAE_21080	1.18	2
14502232	449447.MAE_26070	1.18	2
14501697	449447.MAE_20720	1.18	2
14505772	449447.MAE_61460	1.18	2
14501945	449447.MAE_23200	1.18	2
14504932	449447.MAE_53060	1.18	2
14500712	449447.MAE_10870	1.18	2
14503466	449447.MAE_38430	1.18	2
14502744	449447.MAE_31200	1.15	2
14501024	449447.MAE_13990	1.14	2
14502155	449447.MAE_25300	1.08	2
14501822	449447.MAE_21970	1.08	2
14502279	449447.MAE_26530	0.981	2
14502109	449447.MAE_24840	0.968	4
14499792	449447.MAE_01660	0.94	2
14500576	449447.MAE_09510	0.933	1
14502854	449447.MAE_32300	0.933	1
14502446	449447.MAE_28200	0.933	1
14503519	449447.MAE_38960	0.933	1
14505130	449447.MAE_55050	0.933	1
14501036	449447.MAE_14110	0.933	1
14503259	449447.MAE_36360	0.933	1
14505611	449447.MAE_59850	0.933	1
14501667	449447.MAE_20420	0.933	1
14504740	449447.MAE_51150	0.933	1
14500368	449447.MAE_07420	0.933	1
14505008	449447.MAE_53820	0.933	1
14502026	449447.MAE_24010	0.933	1
14504799	449447.MAE_51740	0.933	1
14505287	449447.MAE_56620	0.933	1
14501067	449447.MAE_14420	0.933	1
14503464	449447.MAE_38410	0.933	1
14504140	449447.MAE_45170	0.933	1
14502090	449447.MAE_24650	0.933	1
14502175	449447.MAE_25500	0.933	1
14501909	449447.MAE_22840	0.925	2
14500788	449447.MAE_11630	0.923	1
14502361	449447.MAE_27350	0.878	1
14499689	449447.MAE_00630	0.878	1
14503469	449447.MAE_38460	0.877	2
14505087	449447.MAE_54620	0.877	2
14500496	449447.MAE_08710	0.868	1
14504700	449447.MAE_50750	0.863	2
14505889	449447.MAE_62630	0.845	2
14503134	449447.MAE_35110	0.845	2
14500458	449447.MAE_08320	0.823	3
14500955	449447.MAE_13300	0.823	3
14502765	449447.MAE_31410	0.796	1
14500138	449447.MAE_05120	0.742	1
14504425	449447.MAE_48000	0.742	1
14500374	449447.MAE_07480	0.735	1
14500656	449447.MAE_10310	0.735	1
14504329	449447.MAE_47050	0.692	1
14501857	449447.MAE_22320	0.678	1
14504093	449447.MAE_44700	0.661	1
14501846	449447.MAE_22210	0.59	1
14502095	449447.MAE_24700	0.549	1
14500683	449447.MAE_10580	0.533	1
14501425	449447.MAE_18000	0.509	1
14501001	449447.MAE_13760	0.475	1
14504848	449447.MAE_52230	0.475	1
14501845	449447.MAE_22200	0.472	1
14503640	449447.MAE_40170	0.472	1
14504178	449447.MAE_45550	0.472	1
14504167	449447.MAE_45440	0.464	1
14504314	449447.MAE_46900	0.463	1
14503258	449447.MAE_36350	0.463	1
14499796	449447.MAE_01700	0.463	1
14499893	449447.MAE_02670	0.463	1
14504069	449447.MAE_44460	0.463	1
14499666	449447.MAE_00400	0.463	1
14501721	449447.MAE_20960	0.463	1
14503730	449447.MAE_41070	0.463	1
14504165	449447.MAE_45420	0.463	1
14505828	449447.MAE_62020	0.463	1
14503543	449447.MAE_39200	0.463	1
14504264	449447.MAE_46410	0.463	1
14503064	449447.MAE_34410	0.463	1
14499782	449447.MAE_01560	0.463	1
14501022	449447.MAE_13970	0.46	1
14502323	449447.MAE_26970	0.459	1
14500455	449447.MAE_08290	0.459	1
14504776	449447.MAE_51510	0.448	1
14500108	449447.MAE_04820	0.448	1
14500133	449447.MAE_05070	0.448	1
14504390	449447.MAE_47650	0.447	1
14503430	449447.MAE_38070	0.419	1
14502901	449447.MAE_32770	0.41	1
14501582	449447.MAE_19570	0.392	1
14503790	449447.MAE_41670	0.377	1
14501201	449447.MAE_15760	0.329	1
14502567	449447.MAE_29430	0.316	1
14501021	449447.MAE_13960	0.316	1
14505294	449447.MAE_56690	0.316	1
14502874	449447.MAE_32500	0.308	1
14503413	449447.MAE_37900	0.303	1
14501160	449447.MAE_15350	0.303	1
14502585	449447.MAE_29610	0.295	1
14503424	449447.MAE_38010	0.268	1
