#id: 2899534466
#name: T. gondii - Whole organism, iBAQ (Kloehnetal,bmcbiol2020)
#score: 4.8
#weight:  20%
#description: abundance based on iBAQ, Interaction consistency score: 4.8, Coverage: 6
#organ: WHOLE_ORGANISM
#integrated: false
#coverage: 6
#link: http://www.ncbi.nlm.nih.gov/pubmed/32546260
#publication_year: 2020
#filename: 5811-PXD016133_Tgondii_LFQ.txt
#
#internal_id	string_external_id	abundance
2500483	5811.TGME49_020400	175574	1269179758
2499699	5811.TGME49_009910	147997	1371454273
2504962	5811.TGME49_086420	44453	3692837471
2505514	5811.TGME49_094800	44453	3692837471
2501163	5811.TGME49_029250	24542	215853025
2501866	5811.TGME49_039100	16693	264595279
2499622	5811.TGME49_009030	16492	724866484
2501399	5811.TGME49_032350	14193	550353946
2506751	5811.TGME49_116400	12452	434394068
2505436	5811.TGME49_093690	10937	213035973
2506881	5811.TGME49_119560	10572	182086451
2502665	5811.TGME49_050770	10204	250073174
2503832	5811.TGME49_066960	9821	1176228831
2500563	5811.TGME49_021620	9505	1166196059
2500224	5811.TGME49_016880	9233	277650130
2499844	5811.TGME49_012240	9121	1140825960
2505774	5811.TGME49_100200	8839	151191673
2503393	5811.TGME49_061250	8789	54191256
2501625	5811.TGME49_035470	8643	828749630
2501049	5811.TGME49_027620	8205	116063334
2502324	5811.TGME49_046100	7759	155810855
2503800	5811.TGME49_066640	7596	322466310
2500077	5811.TGME49_015300	7536	135691111
2505089	5811.TGME49_088650	7516	310748332
2501424	5811.TGME49_032610	7438	81840767
2499703	5811.TGME49_009950	7022	443029517
2500222	5811.TGME49_016860	7004	272345077
2506742	5811.TGME49_116310	6659	45516013
2504376	5811.TGME49_073760	6612	390294998
2503610	5811.TGME49_063850	6102	94820201
2502069	5811.TGME49_042330	5469	99767806
2504061	5811.TGME49_069840	5427	130808222
2505609	5811.TGME49_097060	5209	202486047
2502487	5811.TGME49_048340	5194	144243467
2501499	5811.TGME49_033460	5065	201347321
2500523	5811.TGME49_021210	4946	47532181
2500201	5811.TGME49_016650	4791	117511270
2505178	5811.TGME49_089690	4742	187528082
2502818	5811.TGME49_053430	4740	179472986
2506172	5811.TGME49_109810	4713	64240123
2499808	5811.TGME49_011680	4615	257262463
2506902	5811.TGME49_119870	4430	47368439
2499409	5811.TGME49_005470	4255	296836373
2503342	5811.TGME49_060440	4242	92024800
2502916	5811.TGME49_054440	3926	145553173
2499105	5811.TGME49_001780	3900	188305446
2505768	5811.TGME49_100140	3834	64228492
2499517	5811.TGME49_007440	3803	70490291
2505192	5811.TGME49_089830	3483	96352395
2499762	5811.TGME49_011020	3427	37935755
2500028	5811.TGME49_014790	3367	47272243
2501476	5811.TGME49_033230	3366	46507889
2503577	5811.TGME49_063520	3342	57421498
2505244	5811.TGME49_090660	3303	61515309
2501180	5811.TGME49_029420	3273	29038886
2503534	5811.TGME49_063090	3235	101979304
2503762	5811.TGME49_066060	3221	81795338
2504116	5811.TGME49_070510	3166	244305280
2504669	5811.TGME49_079390	3158	103384057
2505501	5811.TGME49_094670	3123	87712480
2502558	5811.TGME49_049180	3026	109616857
2501033	5811.TGME49_027360	2873	85062043
2501003	5811.TGME49_026960	2654	203522956
2499432	5811.TGME49_005700	2649	51020097
2506133	5811.TGME49_109210	2630	40367087
2504100	5811.TGME49_070250	2573	20706549
2502702	5811.TGME49_051550	2495	8521811
2504346	5811.TGME49_073460	2465	233517636
2503555	5811.TGME49_063300	2402	57837778
2501095	5811.TGME49_028190	2376	63877277
2503164	5811.TGME49_058150	2320	44548231
2506239	5811.TGME49_110490	2211	13746621
2500043	5811.TGME49_014940	2155	36306581
2501186	5811.TGME49_029480	2112	30647066
2503487	5811.TGME49_062620	2090	91294669
2505060	5811.TGME49_088360	2087	83621170
2506348	5811.TGME49_111720	2087	97744984
2502478	5811.TGME49_048250	2073	16264967
2501672	5811.TGME49_036040	2071	85368160
2501350	5811.TGME49_031850	2031	60475811
2499858	5811.TGME49_012760	2028	3596633
2501895	5811.TGME49_039500	1995	41484863
2501309	5811.TGME49_031140	1957	12427267
2500093	5811.TGME49_015460	1915	23236845
2504681	5811.TGME49_080380	1902	90430571
2504352	5811.TGME49_073520	1882	153766630
2506810	5811.TGME49_118230	1825	87311983
2505918	5811.TGME49_105160	1800	34422846
2502732	5811.TGME49_051870	1800	34422846
2504226	5811.TGME49_071810	1755	30639295
2502251	5811.TGME49_044560	1736	119444216
2501257	5811.TGME49_030520	1736	19622725
2503494	5811.TGME49_062690	1711	16939214
2503977	5811.TGME49_068850	1710	93113992
2505780	5811.TGME49_100260	1698	65965196
2501561	5811.TGME49_034380	1689	55529918
2500399	5811.TGME49_019250	1634	76910444
2500835	5811.TGME49_025080	1621	20496967
2502428	5811.TGME49_047550	1608	53619565
2505322	5811.TGME49_091960	1599	56008630
2501921	5811.TGME49_039760	1562	6581489
2500681	5811.TGME49_023410	1561	31166267
2500418	5811.TGME49_019540	1503	120780424
2505062	5811.TGME49_088380	1502	110036696
2501700	5811.TGME49_036540	1482	27564962
2507004	5811.TGME49_121520	1473	19603500
2501434	5811.TGME49_032710	1459	29840482
2502227	5811.TGME49_044320	1438	44797148
2502928	5811.TGME49_054560	1405	92306511
2503578	5811.TGME49_063530	1389	15759700
2499763	5811.TGME49_011030	1359	21405186
2501803	5811.TGME49_038050	1343	96563778
2505169	5811.TGME49_089600	1342	45994015
2502579	5811.TGME49_049390	1329	113946688
2504714	5811.TGME49_080710	1323	25293430
2506584	5811.TGME49_114400	1323	24552936
2500431	5811.TGME49_019690	1274	8924678
2501389	5811.TGME49_032250	1258	42747967
2501211	5811.TGME49_029930	1241	8322026
2501661	5811.TGME49_035930	1220	66232065
2503048	5811.TGME49_056760	1187	52698218
2505401	5811.TGME49_093340	1173	25028107
2503069	5811.TGME49_056970	1155	81066939
2502933	5811.TGME49_054610	1136	11475267
2503623	5811.TGME49_064080	1120	11690177
2501467	5811.TGME49_033140	1120	19894402
2502716	5811.TGME49_051690	1115	76467529
2500948	5811.TGME49_026410	1110	29695911
2505219	5811.TGME49_090200	1107	31323150
2500179	5811.TGME49_016410	1091	14809402
2505174	5811.TGME49_089650	1090	63054974
2505184	5811.TGME49_089750	1071	23918823
2500813	5811.TGME49_024850	1070	65884615
2501823	5811.TGME49_038250	1036	3652578
2506820	5811.TGME49_118330	1024	73319822
2499137	5811.TGME49_002200	1024	56015448
2501703	5811.TGME49_036570	1012	39021478
2500438	5811.TGME49_019760	1009	9773919
2502738	5811.TGME49_051930	1005	16499921
2507002	5811.TGME49_121500	1001	32615152
2500548	5811.TGME49_021470	998	86338046
2507014	5811.TGME49_121620	949	106022609
2501501	5811.TGME49_033480	935	35594356
2499154	5811.TGME49_002380	931	46091108
2502617	5811.TGME49_049780	921	22550099
2500362	5811.TGME49_018780	911	24819922
2502697	5811.TGME49_051500	903	60218504
2502220	5811.TGME49_044250	888	27957982
2500980	5811.TGME49_026730	871	78727114
2506470	5811.TGME49_113140	869	49120328
2504719	5811.TGME49_080760	862	5994411
2506907	5811.TGME49_119920	859	26165769
2503442	5811.TGME49_061950	854	59101642
2502628	5811.TGME49_049900	853	26550417
2505653	5811.TGME49_097500	834	42436362
2506254	5811.TGME49_110640	805	38116013
2501149	5811.TGME49_029010	776	85702900
2500832	5811.TGME49_025050	759	29956933
2502856	5811.TGME49_053820	759	16051461
2506920	5811.TGME49_120050	732	18459973
2502723	5811.TGME49_051780	705	52609542
2506429	5811.TGME49_112630	702	107246822
2499776	5811.TGME49_011260	699	23103564
2504672	5811.TGME49_079420	692	46552248
2502163	5811.TGME49_043580	670	24000321
2507020	5811.TGME49_121680	646	25674723
2502065	5811.TGME49_042290	637	17184289
2503612	5811.TGME49_063870	630	32053254
2502234	5811.TGME49_044390	610	10731959
2505263	5811.TGME49_090950	607	110323283
2505257	5811.TGME49_090890	605	26112354
2505149	5811.TGME49_089300	603	45016608
2501408	5811.TGME49_032440	599	11476709
2500263	5811.TGME49_017460	581	36754191
2499433	5811.TGME49_005710	580	33952998
2503731	5811.TGME49_065450	578	24360442
2504501	5811.TGME49_077000	562	43232874
2501498	5811.TGME49_033450	557	20377911
2501174	5811.TGME49_029360	550	20616197
2504272	5811.TGME49_072400	546	7359433
2500271	5811.TGME49_017540	538	15908311
2503309	5811.TGME49_060010	538	15883917
2499318	5811.TGME49_004050	526	24479921
2502973	5811.TGME49_055190	526	66034837
2502408	5811.TGME49_047350	518	46061667
2500006	5811.TGME49_014470	515	24405661
2504821	5811.TGME49_083780	513	18844477
2501872	5811.TGME49_039260	509	3746174
2503532	5811.TGME49_063070	502	40415622
2504495	5811.TGME49_076930	499	4875546
2506962	5811.TGME49_120570	488	26242414
2505978	5811.TGME49_105980	480	29570655
2505453	5811.TGME49_093870	459	2558369
2502595	5811.TGME49_049560	459	18670684
2501064	5811.TGME49_027870	457	4627719
2502298	5811.TGME49_045620	453	2290901
2500732	5811.TGME49_023920	446	92484130
2505935	5811.TGME49_105340	442	93172055
2502176	5811.TGME49_043710	429	23761130
2500679	5811.TGME49_023390	428	82075955
2506205	5811.TGME49_110150	424	24653946
2503232	5811.TGME49_058930	422	7590087
2506615	5811.TGME49_114810	421	4032253
2500444	5811.TGME49_019820	411	23918823
2505096	5811.TGME49_088720	411	7533901
2505315	5811.TGME49_091890	407	13514519
2501620	5811.TGME49_035420	407	55725417
2501989	5811.TGME49_040640	404	10590576
2505834	5811.TGME49_101440	381	17868233
2503926	5811.TGME49_068200	377	11919871
2502131	5811.TGME49_043250	373	47814968
2501073	5811.TGME49_027960	372	7574962
2499492	5811.TGME49_007080	371	28949333
2501357	5811.TGME49_031920	361	12178809
2503226	5811.TGME49_058870	360	19067247
2503263	5811.TGME49_059240	358	3999067
2506426	5811.TGME49_112600	357	5623214
2500405	5811.TGME49_019310	346	18762279
2506796	5811.TGME49_117720	345	13932485
2501214	5811.TGME49_029990	342	19458090
2500106	5811.TGME49_015590	333	18832912
2499406	5811.TGME49_005440	332	18066142
2504451	5811.TGME49_075690	325	22285461
2503981	5811.TGME49_068890	323	11068462
2501673	5811.TGME49_036050	322	35843821
2505764	5811.TGME49_100100	322	45498689
2503032	5811.TGME49_056000	321	5891785
2500402	5811.TGME49_019280	320	17305944
2499754	5811.TGME49_010840	318	22353555
2502804	5811.TGME49_053290	314	18933498
2499166	5811.TGME49_002500	314	7966054
2499525	5811.TGME49_007620	308	14979790
2506260	5811.TGME49_110700	307	10299544
2499986	5811.TGME49_014250	302	1865977
2501069	5811.TGME49_027920	300	1467028
2503583	5811.TGME49_063580	293	16783325
2501632	5811.TGME49_035540	291	6157199
2499527	5811.TGME49_007640	291	22174511
2500442	5811.TGME49_019800	289	14387051
2506198	5811.TGME49_110080	288	24383156
2501985	5811.TGME49_040600	287	18027661
2502188	5811.TGME49_043930	287	14943385
2500183	5811.TGME49_016450	281	8139392
2506257	5811.TGME49_110670	280	27466740
2503037	5811.TGME49_056050	259	5006648
2505941	5811.TGME49_105510	256	12235523
2503290	5811.TGME49_059710	255	4493491
2505369	5811.TGME49_092920	246	19748985
2505304	5811.TGME49_091680	245	15232224
2499473	5811.TGME49_006610	245	30234914
2500416	5811.TGME49_019520	244	8924600
2505074	5811.TGME49_088500	243	13297775
2502592	5811.TGME49_049530	240	34902409
2506869	5811.TGME49_119340	239	12550935
2502424	5811.TGME49_047510	231	9669111
2501361	5811.TGME49_031960	230	17073332
2502567	5811.TGME49_049270	226	46061667
2501316	5811.TGME49_031210	221	13971340
2502522	5811.TGME49_048700	218	5744807
2500261	5811.TGME49_017440	218	5618033
2506164	5811.TGME49_109730	217	18546746
2503451	5811.TGME49_062040	214	6972737
2499153	5811.TGME49_002370	211	11022545
2505925	5811.TGME49_105240	209	25282302
2500215	5811.TGME49_016790	209	16866932
2504393	5811.TGME49_073930	209	7064233
2506736	5811.TGME49_116250	204	5692573
2504011	5811.TGME49_069190	200	5229478
2504611	5811.TGME49_078540	197	2053178
2502206	5811.TGME49_044110	192	6366459
2499607	5811.TGME49_008780	185	1825474
2503531	5811.TGME49_063060	184	14992464
2501398	5811.TGME49_032340	177	8445810
2500828	5811.TGME49_025000	174	10036170
2506685	5811.TGME49_115620	173	9517899
2506333	5811.TGME49_111470	173	4910599
2502493	5811.TGME49_048400	171	5279252
2499169	5811.TGME49_002530	170	15490210
2502443	5811.TGME49_047700	168	31740800
2503283	5811.TGME49_059640	168	22128111
2502185	5811.TGME49_043800	168	11523102
2504830	5811.TGME49_083880	166	6252603
2499388	5811.TGME49_005250	162	10793633
2501464	5811.TGME49_033110	155	7740427
2499574	5811.TGME49_008320	154	6132692
2500018	5811.TGME49_014590	154	4238400
2505215	5811.TGME49_090160	153	13255539
2503173	5811.TGME49_058240	153	13866469
2505434	5811.TGME49_093670	152	7682556
2502263	5811.TGME49_044680	151	20237111
2501805	5811.TGME49_038070	149	5003507
2502260	5811.TGME49_044650	146	5481980
2505021	5811.TGME49_087500	145	7826902
2499343	5811.TGME49_004400	145	5726798
2502215	5811.TGME49_044200	142	10653677
2500004	5811.TGME49_014440	141	6242725
2503353	5811.TGME49_060550	139	7350522
2503858	5811.TGME49_067330	136	7505500
2499208	5811.TGME49_002950	133	18028820
2503719	5811.TGME49_065330	130	5454830
2499843	5811.TGME49_012220	128	6554422
2502777	5811.TGME49_052510	126	8156996
2504519	5811.TGME49_077500	120	7321116
2506419	5811.TGME49_112530	118	4472071
2504703	5811.TGME49_080600	117	10865869
2505470	5811.TGME49_094260	116	3433588
2501373	5811.TGME49_032090	116	3238677
2506166	5811.TGME49_109750	116	5026816
2504112	5811.TGME49_070370	115	4018453
2504670	5811.TGME49_079400	115	1017631
2501604	5811.TGME49_035160	115	14539905
2503015	5811.TGME49_055720	115	5553944
2504010	5811.TGME49_069180	108	13869790
2503517	5811.TGME49_062920	107	8288272
2500195	5811.TGME49_016590	106	8428354
2501213	5811.TGME49_029950	105	6734800
2503710	5811.TGME49_065240	101	9313944
2502882	5811.TGME49_054090	99.7	5122089
2500673	5811.TGME49_023140	97.5	6079404
2502149	5811.TGME49_043440	96.3	9619592
2505832	5811.TGME49_101420	94.3	2026204
2500090	5811.TGME49_015430	93.2	816784
2504999	5811.TGME49_086790	90.3	1671623
2502351	5811.TGME49_046570	89.8	1462582
2502944	5811.TGME49_054720	89.0	1575428
2500193	5811.TGME49_016560	86.6	3507244
2502041	5811.TGME49_041850	85.3	14585233
2503469	5811.TGME49_062420	84.9	9226981
2503180	5811.TGME49_058410	84.9	1407271
2500033	5811.TGME49_014840	84.8	8534834
2499087	5811.TGME49_001400	83.6	4494288
2503905	5811.TGME49_067800	83.5	10537793
2506334	5811.TGME49_111480	81.8	1727121
2503370	5811.TGME49_060820	81.3	1392541
2500533	5811.TGME49_021320	79.4	19039777
2505321	5811.TGME49_091950	79.2	3848878
2505843	5811.TGME49_102050	78.1	3888453
2499988	5811.TGME49_014270	75.1	6965822
2501097	5811.TGME49_028210	74.8	4849753
2499165	5811.TGME49_002490	73.6	15844575
2501588	5811.TGME49_034700	72.3	27171896
2499077	5811.TGME49_001200	71.6	2706144
2503711	5811.TGME49_065250	69.5	6870324
2503978	5811.TGME49_068860	69.1	4795272
2500013	5811.TGME49_014540	66.7	1155672
2501342	5811.TGME49_031770	65.7	7682556
2505524	5811.TGME49_094900	64.8	7976601
2505418	5811.TGME49_093510	63.8	2053786
2500931	5811.TGME49_026240	63.7	1371841
2503669	5811.TGME49_064830	63.4	7835034
2506564	5811.TGME49_114100	62.8	3378033
2502978	5811.TGME49_055250	62.5	4862645
2503792	5811.TGME49_066460	61.2	264424
2500765	5811.TGME49_024260	60.7	18640807
2506115	5811.TGME49_109030	58.9	1533311
2500904	5811.TGME49_025870	58.7	4895133
2502709	5811.TGME49_051620	57.7	2471411
2503812	5811.TGME49_066760	57.6	4006960
2502564	5811.TGME49_049240	57.3	700227
2500144	5811.TGME49_016060	56.5	4353211
2501511	5811.TGME49_033680	56.0	1980916
2500618	5811.TGME49_022270	55.6	2618613
2502014	5811.TGME49_040890	54.7	8329995
2506005	5811.TGME49_106350	54.1	2535383
2506857	5811.TGME49_118710	53.4	4241653
2500031	5811.TGME49_014820	52.8	2063178
2505012	5811.TGME49_087220	52.4	3685178
2505425	5811.TGME49_093580	49.6	1049167
2502165	5811.TGME49_043600	49.5	2563267
2505703	5811.TGME49_098610	48.8	10088224
2504045	5811.TGME49_069650	48.0	1459859
2505655	5811.TGME49_097520	44.8	3734756
2499282	5811.TGME49_003690	44.2	6087494
2506561	5811.TGME49_114070	44.1	1597792
2499288	5811.TGME49_003750	43.3	5256407
2499730	5811.TGME49_010410	42.5	498770
2502748	5811.TGME49_052220	42.2	1861370
2503408	5811.TGME49_061500	41.9	982692
2500353	5811.TGME49_018590	41.8	2142527
2504190	5811.TGME49_071250	41.8	2495944
2504663	5811.TGME49_079330	41.6	1397212
2505029	5811.TGME49_087950	41.4	515344
2506485	5811.TGME49_113300	41.1	2744222
2503727	5811.TGME49_065410	39.3	3266361
2502671	5811.TGME49_050830	38.9	839397
2504601	5811.TGME49_078440	38.0	3225639
2502210	5811.TGME49_044150	37.4	1462689
2505505	5811.TGME49_094710	37.2	2622019
2505207	5811.TGME49_089980	36.2	2144061
2502367	5811.TGME49_046740	35.4	2079967
2499224	5811.TGME49_003110	35.4	1186496
2499585	5811.TGME49_008430	35.0	923919
2502365	5811.TGME49_046720	34.0	1332340
2500905	5811.TGME49_025880	33.8	1631239
2501591	5811.TGME49_034930	33.7	1073856
2504875	5811.TGME49_085230	32.7	1848734
2502813	5811.TGME49_053380	32.3	3318100
2503987	5811.TGME49_068950	31.5	1850566
2505489	5811.TGME49_094550	30.9	17256355
2501901	5811.TGME49_039560	30.4	4248456
2501354	5811.TGME49_031890	30.4	2648867
2506996	5811.TGME49_121440	29.8	2700516
2503672	5811.TGME49_064860	29.3	11381161
2506801	5811.TGME49_118140	29.3	2433378
2505527	5811.TGME49_094930	29.1	2442456
2500196	5811.TGME49_016600	28.8	2817379
2503617	5811.TGME49_064020	28.5	680178
2503079	5811.TGME49_057070	28.2	762921
2499650	5811.TGME49_009420	27.6	1117027
2501732	5811.TGME49_036970	26.7	5595251
2499155	5811.TGME49_002390	25.9	4351811
2503022	5811.TGME49_055890	25.7	1737864
2500241	5811.TGME49_017050	24.7	2072698
2501605	5811.TGME49_035170	24.0	2383327
2502233	5811.TGME49_044380	23.6	1735556
2506608	5811.TGME49_114740	23.6	584126
2502566	5811.TGME49_049260	22.6	3716279
2503652	5811.TGME49_064660	22.4	5063787
2506389	5811.TGME49_112230	21.9	3670565
2506291	5811.TGME49_111030	21.8	7655466
2500301	5811.TGME49_017840	21.7	1443016
2504877	5811.TGME49_085250	21.2	1421447
2506016	5811.TGME49_106460	20.9	1956367
2504356	5811.TGME49_073560	19.8	2605051
2504702	5811.TGME49_080590	19.6	3091120
2505077	5811.TGME49_088530	19.6	1934105
2502030	5811.TGME49_041150	19.6	1128779
2503650	5811.TGME49_064640	19.2	1087693
2504219	5811.TGME49_071740	19.2	2466779
2499429	5811.TGME49_005670	17.9	321546
2506137	5811.TGME49_109250	17.6	2509581
2502205	5811.TGME49_044100	16.4	822493
2506831	5811.TGME49_118440	15.8	2578711
2499053	5811.TGME49_000380	15.6	2038711
2499588	5811.TGME49_008490	14.4	1025244
2503379	5811.TGME49_061010	13.9	2720500
2506756	5811.TGME49_116450	13.7	719567
2505241	5811.TGME49_090630	13.2	2844566
2500308	5811.TGME49_017910	13.2	1920233
2501469	5811.TGME49_033160	12.7	2027411
2501247	5811.TGME49_030420	12.5	1286060
2506648	5811.TGME49_115250	12.4	431377
2502937	5811.TGME49_054650	11.7	399922
2501007	5811.TGME49_027000	11.2	1220543
2502331	5811.TGME49_046170	11.2	1283713
2500716	5811.TGME49_023760	11.1	1238883
2506498	5811.TGME49_113430	10.8	3461156
2502768	5811.TGME49_052420	8.84	413389
2500046	5811.TGME49_014970	8.67	641034
2506758	5811.TGME49_116480	7.78	1806667
2499308	5811.TGME49_003950	7.35	1522211
2502658	5811.TGME49_050700	6.73	554380
2501088	5811.TGME49_028120	6.62	2265776
2500572	5811.TGME49_021710	6.13	2501934
2499051	5811.TGME49_000360	5.4	96672
2502802	5811.TGME49_053170	5.09	1059452
2502267	5811.TGME49_044720	4.68	1130840
2506431	5811.TGME49_112650	4.59	914436
2499938	5811.TGME49_013680	4.5	178224
2500701	5811.TGME49_023610	4.26	699467
2506486	5811.TGME49_113310	2.78	144241
2504156	5811.TGME49_070910	2.57	141566
2504395	5811.TGME49_073950	2.25	179038
2505966	5811.TGME49_105860	1.89	384930
2499748	5811.TGME49_010780	1.76	474806
2501551	5811.TGME49_034280	1.35	117056
2506915	5811.TGME49_120000	1.16	133044
2504733	5811.TGME49_081390	1.1	166882
2501744	5811.TGME49_037090	0.868	186524
2500389	5811.TGME49_019150	0.612	54390
