#id: 2108835063
#name: P.falciparum - Whole organism, SC (Peptideatlas,sep,2012)
#score: 15.6
#weight:  100%
#description: abundance based on Spectral counting, Interaction consistency score: 15.6, Coverage: 35
#organ: WHOLE_ORGANISM
#integrated: false
#coverage: 35
#link: http://www.peptideatlas.org/builds/
#publication_year: 2012
#filename: 5833-PA_201209.txt
#
#internal_id	string_external_id	abundance	raw_spectral_count
2526086	5833.PFC0210c	27821	2153
2524121	5833.PF11_0061	16537	806
2524553	5833.PF11_0545	16456	505
2523762	5833.PF10_0084	14918	3646
2524741	5833.PF13_0201	11669	2894
2527011	5833.PFF0865w	10348	150
2524122	5833.PF11_0062	8930	506
2526556	5833.PFE0165w	8490	632
2527190	5833.PFI0180w	8095	2064
2526937	5833.PFF0510w	7606	134
2526499	5833.PFD1110w	7491	681
2524959	5833.PF14_0065	7254	500
2524772	5833.PF13_0233	7248	2454
2522738	5833.MAL13P1.130	7136	470
2525487	5833.PF14_0598	7093	1200
2524968	5833.PF14_0074	6964	1541
2525351	5833.PF14_0467	6947	932
2523385	5833.MAL8P1.78	6839	603
2527010	5833.PFF0860c	6817	232
2524682	5833.PF13_0141	6235	862
2525255	5833.PF14_0368	6061	572
2524369	5833.PF11_0325	5983	234
2527974	5833.PFL2215w	5963	1622
2527332	5833.PFI0880c	5959	812
2523790	5833.PF10_0112	5935	234
2525709	5833.PFA0200w	5819	337
2526245	5833.PFC0920w	5795	379
2524388	5833.PF11_0344	5717	1864
2523374	5833.MAL8P1.69	5617	898
2526364	5833.PFD0425w	5234	2520
2526652	5833.PFE0660c	4821	536
2526710	5833.PFE0965c	4705	74
2524841	5833.PF13_0304	4576	2180
2524842	5833.PF13_0305	4576	2180
2523610	5833.PF08_0073	4452	906
2527875	5833.PFL1725w	4423	1641
2523591	5833.PF08_0054	4422	1453
2523378	5833.MAL8P1.72	4270	129
2523712	5833.PF10_0039	4261	402
2526487	5833.PFD1050w	4248	1406
2526776	5833.PFE1285w	4232	384
2527331	5833.PFI0875w	4077	1170
2526256	5833.PFC0975c	3981	304
2527017	5833.PFF0895w	3966	692
2523545	5833.PF08_0008	3787	948
2525432	5833.PF14_0545	3603	196
2524810	5833.PF13_0272	3567	252
2527345	5833.PFI0945w	3527	602
2527347	5833.PFI0955w	3491	346
2526365	5833.PFD0430c	3465	1502
2527742	5833.PFL1070c	3459	1772
2527734	5833.PFL1030w	3448	796
2527448	5833.PFI1455c	3437	440
2527959	5833.PFL2140c	3409	410
2524607	5833.PF13_0058	3396	292
2524879	5833.PF13_0346	3306	396
2527976	5833.PFL2225w	3243	222
2527600	5833.PFL0370w	3243	784
2527689	5833.PFL0800c	3221	168
2527377	5833.PFI1105w	3208	758
2526079	5833.PFC0180c	3127	1573
2525312	5833.PF14_0425	2991	798
2527657	5833.PFL0650c	2950	1074
2525545	5833.PF14_0655	2936	512
2523622	5833.PF08_0085	2851	46
2524257	5833.PF11_0208	2841	534
2523945	5833.PF10_0268	2790	322
2523456	5833.PF07_0054	2786	154
2522848	5833.MAL13P1.237	2783	414
2524882	5833.PF13_0349	2764	234
2525013	5833.PF14_0122	2734	218
2525858	5833.PFB0210c	2725	343
2525466	5833.PF14_0578	2699	278
2525884	5833.PFB0325c	2675	943
2523298	5833.MAL8P1.17	2652	654
2527884	5833.PFL1770c	2633	262
2526727	5833.PFE1050w	2629	394
2526133	5833.PFC0400w	2609	90
2526163	5833.PFC0535w	2557	44
2526080	5833.PFC0185w	2548	646
2526381	5833.PFD0520c	2543	174
2526579	5833.PFE0285c	2525	72
2522868	5833.MAL13P1.254	2493	306
2527746	5833.PFL1090w	2482	346
2523611	5833.PF08_0074	2469	212
2524041	5833.PF10_0366	2412	398
2523278	5833.MAL8P1.142	2392	316
2527044	5833.PFF1035w	2382	494
2525906	5833.PFB0425c	2371	582
2523368	5833.MAL8P1.62	2357	426
2523736	5833.PF10_0061	2353	318
2523850	5833.PF10_0170	2351	262
2523834	5833.PF10_0155	2325	570
2527104	5833.PFF1335c	2315	322
2524619	5833.PF13_0069a	2215	26
2523544	5833.PF08_0007	2215	76
2524451	5833.PF11_0415	2203	98
2525755	5833.PFA0440w	2189	224
2526675	5833.PFE0785c	2182	462
2522824	5833.MAL13P1.214	2172	420
2524509	5833.PF11_0474	2085	150
2525710	5833.PFA0205w	2049	780
2526707	5833.PFE0950c	2043	248
2524225	5833.PF11_0175a	2040	246
2524156	5833.PF11_0098	2026	358
2523738	5833.PF10_0063	2021	156
2525372	5833.PF14_0486	2016	800
2525095	5833.PF14_0205	2004	134
2523799	5833.PF10_0121	1978	218
2526789	5833.PFE1350c	1938	78
2527342	5833.PFI0930c	1917	308
2524862	5833.PF13_0328	1913	296
2522922	5833.MAL13P1.308	1901	2294
2527026	5833.PFF0940c	1876	1014
2527565	5833.PFL0185c	1874	264
2524233	5833.PF11_0183	1857	338
2527895	5833.PFL1825w	1842	151
2524857	5833.PF13_0322	1834	1365
2525332	5833.PF14_0447	1826	284
2523021	5833.MAL13P1.56	1815	1199
2522822	5833.MAL13P1.212	1811	326
2523431	5833.PF07_0029	1801	732
2523531	5833.PF07_0127	1788	110
2527471	5833.PFI1565w	1782	158
2525337	5833.PF14_0452	1753	108
2527821	5833.PFL1460c	1730	208
2527941	5833.PFL2055w	1725	152
2522844	5833.MAL13P1.233	1722	180
2523785	5833.PF10_0107	1713	158
2524161	5833.PF11_0106	1695	36
2524382	5833.PF11_0338	1690	134
2525493	5833.PF14_0604	1688	252
2526680	5833.PFE0810c	1668	129
2523435	5833.PF07_0033	1665	664
2526691	5833.PFE0865c	1656	178
2527097	5833.PFF1300w	1647	508
2527762	5833.PFL1170w	1635	556
2527374	5833.PFI1090w	1627	334
2527570	5833.PFL0210c	1622	120
2524767	5833.PF13_0228	1609	154
2526600	5833.PFE0395c	1594	290
2523960	5833.PF10_0283	1582	210
2524418	5833.PF11_0377.1	1579	328
2527750	5833.PFL1110c	1546	430
2527782	5833.PFL1270w	1533	310
2526437	5833.PFD0810w	1531	182
2524702	5833.PF13_0161	1531	866
2522885	5833.MAL13P1.271	1525	64
2524985	5833.PF14_0092	1515	146
2525210	5833.PF14_0323	1500	138
2524765	5833.PF13_0226	1494	285
2526687	5833.PFE0845c	1466	120
2526637	5833.PFE0585c	1457	514
2523869	5833.PF10_0187	1449	94
2525467	5833.PF14_0579	1449	104
2524473	5833.PF11_0438	1434	58
2527718	5833.PFL0955c	1432	170
2524620	5833.PF13_0070	1398	308
2526941	5833.PFF0530w	1388	480
2526109	5833.PFC0290w	1382	32
2523445	5833.PF07_0043	1370	18
2526589	5833.PFE0340c	1337	502
2523612	5833.PF08_0075	1325	138
2523556	5833.PF08_0019	1319	120
2525517	5833.PF14_0627	1315	176
2525909	5833.PFB0445c	1305	322
2523625	5833.PF08_0088	1295	279
2523379	5833.MAL8P1.73	1295	570
2527284	5833.PFI0645w	1294	132
2523966	5833.PF10_0289	1293	260
2526266	5833.PFC1020c	1288	186
2526633	5833.PFE0565w	1285	256
2522896	5833.MAL13P1.283	1274	352
2523088	5833.MAL7P1.125	1250	414
2524168	5833.PF11_0114	1236	334
2523645	5833.PF08_0108	1232	224
2525873	5833.PFB0275w	1232	190
2525015	5833.PF14_0124	1229	445
2525961	5833.PFB0690w	1226	132
2524394	5833.PF11_0351	1225	374
2526488	5833.PFD1055w	1222	146
2525911	5833.PFB0455w.1	1220	22
2525216	5833.PF14_0329	1214	88
2525949	5833.PFB0635w	1213	334
2524357	5833.PF11_0313	1207	178
2525398	5833.PF14_0510	1207	106
2527874	5833.PFL1720w	1205	268
2523941	5833.PF10_0264	1205	174
2525120	5833.PF14_0230	1205	166
2526921	5833.PFF0430w	1198	392
2524115	5833.PF11_0055	1196	290
2526111	5833.PFC0300c	1192	108
2526204	5833.PFC0735w	1192	54
2525148	5833.PF14_0257	1191	110
2526769	5833.PFE1250w	1185	376
2524977	5833.PF14_0083	1175	108
2524318	5833.PF11_0272	1159	78
2524192	5833.PF11_0142	1148	100
2525121	5833.PF14_0231	1143	110
2524356	5833.PF11_0312	1141	40
2524223	5833.PF11_0174	1139	390
2524773	5833.PF13_0234	1135	330
2523059	5833.MAL13P1.92	1132	66
2524395	5833.PF11_0352	1127	362
2527185	5833.PFI0155c	1118	172
2523650	5833.PF08_0113	1109	506
2524565	5833.PF13_0014	1103	88
2527819	5833.PFL1450c	1092	316
2524763	5833.PF13_0224	1084	96
2527947	5833.PFL2080c	1078	26
2526688	5833.PFE0850c	1074	92
2523491	5833.PF07_0089	1074	246
2524712	5833.PF13_0171	1072	74
2523474	5833.PF07_0072	1072	242
2523711	5833.PF10_0038	1070	30
2524599	5833.PF13_0049	1049	50
2523220	5833.MAL7P1.81	1047	148
2525245	5833.PF14_0357	1046	488
2524673	5833.PF13_0132	1038	66
2525329	5833.PF14_0443	1021	102
2527673	5833.PFL0725w	1019	126
2526645	5833.PFE0625w	1017	156
2524125	5833.PF11_0065	1002	134
2526428	5833.PFD0770c	1000	66
2525152	5833.PF14_0261	1000	162
2526212	5833.PFC0775w	998	100
2527251	5833.PFI0475w	997	58
2527635	5833.PFL0545w	992	764
2527566	5833.PFL0190w	991	36
2524155	5833.PF11_0097	990	190
2523883	5833.PF10_0203	973	118
2523778	5833.PF10_0100	971	40
2526323	5833.PFD0210c	971	168
2524989	5833.PF14_0096	963	218
2527182	5833.PFI0140w	963	22
2524216	5833.PF11_0168	961	382
2526405	5833.PFD0665c	957	174
2523608	5833.PF08_0071	957	74
2526121	5833.PFC0350c	955	248
2527015	5833.PFF0885w	954	68
2524752	5833.PF13_0214	954	196
2525059	5833.PF14_0168	952	134
2526097	5833.PFC0255c	947	66
2525308	5833.PF14_0421	945	88
2524727	5833.PF13_0186	945	88
2523831	5833.PF10_0153	931	328
2525519	5833.PF14_0630	925	380
2525458	5833.PF14_0571	918	20
2527643	5833.PFL0585w	917	384
2525430	5833.PF14_0543	916	98
2524302	5833.PF11_0257	915	162
2526202	5833.PFC0725c	911	84
2525408	5833.PF14_0520	909	174
2523633	5833.PF08_0096	900	462
2528023	5833.PFL2460w	900	264
2524345	5833.PF11_0301	895	162
2527467	5833.PFI1545c	888	114
2525381	5833.PF14_0495	885	662
2524495	5833.PF11_0461	883	112
2524660	5833.PF13_0119	881	123
2525505	5833.PF14_0615	876	210
2527659	5833.PFL0660w	876	46
2525325	5833.PF14_0439	876	292
2525994	5833.PFB0865w	862	54
2524820	5833.PF13_0282	860	82
2527870	5833.PFL1700c	860	230
2523490	5833.PF07_0088	855	70
2524720	5833.PF13_0179	854	528
2526567	5833.PFE0225w	853	90
2527813	5833.PFL1425w	852	294
2525188	5833.PF14_0298	851	206
2524376	5833.PF11_0331	850	308
2524572	5833.PF13_0021	846	84
2523656	5833.PF08_0119	842	18
2527950	5833.PFL2095w	840	36
2524047	5833.PF10_0372.2	840	12
2525131	5833.PF14_0241	836	56
2527676	5833.PFL0740c	835	44
2524472	5833.PF11_0437	833	72
2524314	5833.PF11_0268	833	188
2524459	5833.PF11_0423	818	12
2525130	5833.PF14_0240	818	50
2527550	5833.PFL0110c	818	110
2527057	5833.PFF1095w	818	549
2526186	5833.PFC0635c	817	82
2524852	5833.PF13_0316	817	68
2525265	5833.PF14_0378	815	122
2527462	5833.PFI1520w	807	174
2523668	5833.PF08_0131	807	78
2525185	5833.PF14_0295	803	214
2527047	5833.PFF1050w	803	88
2523613	5833.PF08_0076	802	62
2522758	5833.MAL13P1.15	799	40
2524212	5833.PF11_0164	798	102
2526712	5833.PFE0975c	798	36
2522818	5833.MAL13P1.209	797	16
2526244	5833.PFC0915w	797	250
2525759	5833.PFA0460c	797	76
2526918	5833.PFF0415c	793	12
2526239	5833.PFC0900w	789	230
2523568	5833.PF08_0031	784	124
2524129	5833.PF11_0069	782	136
2525747	5833.PFA0400c	779	92
2523744	5833.PF10_0068	779	82
2524019	5833.PF10_0340	774	392
2526108	5833.PFC0285c	771	302
2524997	5833.PF14_0104	769	172
2524751	5833.PF13_0213	767	54
2525264	5833.PF14_0377	766	94
2524104	5833.PF11_0043	763	58
2527069	5833.PFF1155w	763	239
2528030	5833.PFL2505c	759	1022
2525730	5833.PFA0310c	758	307
2526591	5833.PFE0350c	757	156
2526465	5833.PFD0950w	755	68
2524199	5833.PF11_0149.1	750	84
2524795	5833.PF13_0257	747	374
2523890	5833.PF10_0210	741	120
2524487	5833.PF11_0454	740	38
2527906	5833.PFL1880w	738	250
2526340	5833.PFD0305c	736	186
2526110	5833.PFC0295c	734	102
2527942	5833.PFL2060c	733	227
2526490	5833.PFD1065c	732	60
2527557	5833.PFL0145c	730	12
2526701	5833.PFE0915c	729	114
2523949	5833.PF10_0272	725	126
2527898	5833.PFL1840w	723	68
2524671	5833.PF13_0130	720	62
2525033	5833.PF14_0141	715	34
2526103	5833.PFC0271c	711	54
2525958	5833.PFB0680w	705	304
2527639	5833.PFL0565w	703	40
2523018	5833.MAL13P1.540	703	362
2524584	5833.PF13_0033	696	198
2523209	5833.MAL7P1.67	694	78
2523764	5833.PF10_0086	694	102
2523516	5833.PF07_0112	692	104
2524358	5833.PF11_0314	690	172
2524500	5833.PF11_0465	690	324
2527391	5833.PFI1175c	690	56
2524295	5833.PF11_0250	688	66
2524807	5833.PF13_0269	687	224
2527192	5833.PFI0190w	687	44
2525567	5833.PF14_0676	686	94
2524697	5833.PF13_0156	684	64
2526085	5833.PFC0205c	681	32
2523346	5833.MAL8P1.40	679	58
2528000	5833.PFL2345c	677	224
2524764	5833.PF13_0225	676	152
2526758	5833.PFE1195w	675	468
2526104	5833.PFC0275w	675	242
2526232	5833.PFC0870w	674	42
2523196	5833.MAL7P1.38	669	194
2525277	5833.PF14_0390	666	11
2524933	5833.PF14_0038	665	60
2523356	5833.MAL8P1.51	662	44
2525237	5833.PF14_0349	660	68
2527248	5833.PFI0460w	658	254
2526338	5833.PFD0295c	657	278
2525083	5833.PF14_0192	654	188
2523705	5833.PF10_0033	653	36
2523521	5833.PF07_0117	652	92
2522884	5833.MAL13P1.270	652	84
2523475	5833.PF07_0073	650	176
2525186	5833.PF14_0296	637	50
2524154	5833.PF11_0096	637	148
2525474	5833.PF14_0586	634	88
2525980	5833.PFB0795w	632	228
2527381	5833.PFI1125c	631	116
2522901	5833.MAL13P1.288	630	48
2523609	5833.PF08_0072	630	88
2525055	5833.PF14_0164	629	192
2525870	5833.PFB0260w	628	322
2525950	5833.PFB0640c	619	254
2527618	5833.PFL0460w	618	30
2522832	5833.MAL13P1.221	617	146
2527277	5833.PFI0610w	615	44
2523596	5833.PF08_0059	614	60
2523085	5833.MAL7P1.122	612	138
2524684	5833.PF13_0143	610	154
2526203	5833.PFC0730w	608	46
2523793	5833.PF10_0115	606	311
2523082	5833.MAL7P1.119	605	184
2526946	5833.PFF0555w	604	112
2526423	5833.PFD0745c	602	26
2525482	5833.PF14_0593	602	354
2525211	5833.PF14_0324	598	134
2524768	5833.PF13_0229	594	228
2526629	5833.PFE0545c	594	14
2526718	5833.PFE1005w	592	50
2525521	5833.PF14_0632	592	310
2523262	5833.MAL8P1.128	591	112
2527840	5833.PFL1550w	589	152
2523481	5833.PF07_0079	588	26
2527839	5833.PFL1545c	587	210
2525707	5833.PFA0190c	583	76
2527033	5833.PFF0980w	576	20
2524412	5833.PF11_0370	575	66
2524177	5833.PF11_0122	575	230
2523482	5833.PF07_0080	572	38
2523854	5833.PF10_0174	572	98
2525247	5833.PF14_0359	572	118
2526966	5833.PFF0645c	570	300
2525132	5833.PF14_0242	564	88
2523582	5833.PF08_0045	561	306
2527822	5833.PFL1465c	561	48
2527042	5833.PFF1025c	560	86
2523861	5833.PF10_0179a	557	28
2525946	5833.PFB0620w	552	34
2525333	5833.PF14_0448	550	66
2525987	5833.PFB0830w	549	28
2527006	5833.PFF0840w	548	44
2525473	5833.PF14_0585	548	20
2525378	5833.PF14_0492	547	84
2525605	5833.PF14_0716	547	81
2526978	5833.PFF0700c	544	22
2524435	5833.PF11_0396	544	206
2524347	5833.PF11_0303	540	82
2526646	5833.PFE0630c	539	84
2522783	5833.MAL13P1.172	536	76
2523646	5833.PF08_0109	533	106
2524781	5833.PF13_0242	532	146
2525927	5833.PFB0525w	531	124
2523666	5833.PF08_0129	527	112
2526106	5833.PFC0281w	526	14
2527272	5833.PFI0580c	526	80
2523846	5833.PF10_0166	524	106
2525288	5833.PF14_0401	524	132
2524311	5833.PF11_0266	522	38
2523194	5833.MAL7P1.36	522	18
2524859	5833.PF13_0324	522	110
2525030	5833.PF14_0138	521	64
2524229	5833.PF11_0179	520	42
2527652	5833.PFL0625c	519	206
2525167	5833.PF14_0277	517	374
2527319	5833.PFI0820c	515	106
2523904	5833.PF10_0223	514	80
2525038	5833.PF14_0146	514	52
2523259	5833.MAL8P1.125	510	84
2526324	5833.PFD0215c	508	98
2526919	5833.PFF0420c	508	88
2527841	5833.PFL1555w	506	20
2527469	5833.PFI1555w	504	6
2524327	5833.PF11_0282	503	48
2524481	5833.PF11_0447	500	34
2525413	5833.PF14_0526.2	496	74
2523700	5833.PF10_0028.1	496	38
2524157	5833.PF11_0099	496	158
2524662	5833.PF13_0121	495	114
2527497	5833.PFI1685w	494	82
2526207	5833.PFC0750w	492	290
2523576	5833.PF08_0039	491	26
2523789	5833.PF10_0111	490	46
2526068	5833.PFC0135c	490	382
2523393	5833.MAL8P1.85	490	46
2525068	5833.PF14_0177b	489	28
2524544	5833.PF11_0524	486	24
2527713	5833.PFL0930w	484	522
2523957	5833.PF10_0280	483	36
2523400	5833.MAL8P1.95	480	52
2522726	5833.MAL13P1.119	479	176
2523124	5833.MAL7P1.162	477	1305
2523269	5833.MAL8P1.135	477	203
2524721	5833.PF13_0180	476	58
2523461	5833.PF07_0059	475	72
2523183	5833.MAL7P1.300	473	8
2524004	5833.PF10_0325	472	54
2525749	5833.PFA0410w	469	372
2523975	5833.PF10_0298	468	92
2527230	5833.PFI0370c	466	58
2524338	5833.PF11_0293	465	30
2526573	5833.PFE0255w	464	104
2527201	5833.PFI0235w	464	136
2524108	5833.PF11_0048	462	34
2527254	5833.PFI0490c	460	246
2523391	5833.MAL8P1.83	460	46
2524808	5833.PF13_0270	459	28
2524920	5833.PF14_0027	456	18
2522961	5833.MAL13P1.343	455	68
2524966	5833.PF14_0072	454	50
2524998	5833.PF14_0105	453	92
2527086	5833.PFF1245c	453	22
2526623	5833.PFE0510c	451	58
2524771	5833.PF13_0232	451	70
2527306	5833.PFI0755c	451	398
2524612	5833.PF13_0063	450	178
2524266	5833.PF11_0217	448	54
2526466	5833.PFD0955w	448	84
2527444	5833.PFI1435w	447	56
2524958	5833.PF14_0064	446	44
2527200	5833.PFI0230c	446	48
2523707	5833.PF10_0034a	446	16
2522713	5833.MAL13P1.102	444	208
2524227	5833.PF11_0177	440	88
2523781	5833.PF10_0103	440	52
2527281	5833.PFI0630w	440	60
2526409	5833.PFD0680c	438	202
2526319	5833.PFD0195c	437	18
2527343	5833.PFI0935w	433	78
2525176	5833.PF14_0286	431	168
2526904	5833.PFF0345w	430	188
2526793	5833.PFE1370w	430	62
2523573	5833.PF08_0036	430	136
2527472	5833.PFI1570c	430	110
2525735	5833.PFA0335w	429	68
2523901	5833.PF10_0220	429	72
2526700	5833.PFE0910w	428	40
2525941	5833.PFB0600c	428	12
2525441	5833.PF14_0554	428	12
2526382	5833.PFD0525w	428	58
2522756	5833.MAL13P1.148	426	444
2523487	5833.PF07_0085	426	160
2527041	5833.PFF1020c	424	279
2526206	5833.PFC0745c	420	66
2526235	5833.PFC0885c	419	48
2523822	5833.PF10_0144	419	64
2527425	5833.PFI1340w	417	186
2523800	5833.PF10_0122	417	130
2523917	5833.PF10_0236	416	46
2524800	5833.PF13_0262	414	124
2523878	5833.PF10_0196	413	108
2526267	5833.PFC1025w	413	10
2525414	5833.PF14_0527	410	96
2525661	5833.PF14_0778.1	410	32
2524176	5833.PF11_0121	410	42
2524328	5833.PF11_0283	409	4
2527253	5833.PFI0485c	408	242
2525034	5833.PF14_0142	407	94
2526237	5833.PFC0890w	404	38
2524337	5833.PF11_0292	404	60
2526132	5833.PFC0395w	403	104
2523601	5833.PF08_0064	403	30
2527812	5833.PFL1420w	402	40
2527744	5833.PFL1080c	402	38
2527485	5833.PFI1625c	401	82
2527214	5833.PFI0300w	400	34
2523939	5833.PF10_0261a	399	12
2523827	5833.PF10_0149	397	168
2524305	5833.PF11_0260	394	2
2525433	5833.PF14_0546	394	126
2523669	5833.PF08_0132	394	225
2527217	5833.PFI0315c	393	186
2527477	5833.PFI1590c	392	269
2527276	5833.PFI0605c	392	114
2523748	5833.PF10_0071	390	110
2525464	5833.PF14_0576	388	30
2527203	5833.PFI0245c	388	36
2524891	5833.PF13_0358	385	28
2525190	5833.PF14_0301.1	383	64
2524596	5833.PF13_0045	381	14
2527121	5833.PFF1415c	381	68
2527005	5833.PFF0835w	381	62
2526749	5833.PFE1155c	380	102
2526715	5833.PFE0990w	377	24
2525935	5833.PFB0570w	377	50
2527829	5833.PFL1500w	375	74
2525522	5833.PF14_0633	374	104
2524354	5833.PF11_0310	373	88
2522861	5833.MAL13P1.248	373	48
2524239	5833.PF11_0189	371	293
2527494	5833.PFI1670c	370	36
2527661	5833.PFL0670c	369	212
2523624	5833.PF08_0087	369	50
2525399	5833.PF14_0511	368	198
2524614	5833.PF13_0065	367	141
2525478	5833.PF14_0589	365	158
2523586	5833.PF08_0049	365	28
2523543	5833.PF08_0006	365	34
2527777	5833.PFL1245w	364	200
2526602	5833.PFE0405c	363	56
2525606	5833.PF14_0717	363	76
2526657	5833.PFE0690c	361	86
2525280	5833.PF14_0393	360	122
2524315	5833.PF11_0269	359	28
2526922	5833.PFF0435w	359	86
2525071	5833.PF14_0180	359	18
2524918	5833.PF14_0025	359	106
2524432	5833.PF11_0393	358	28
2524448	5833.PF11_0412	358	24
2527359	5833.PFI1015w	358	128
2525463	5833.PF14_0575a	357	4
2524649	5833.PF13_0102	356	122
2523782	5833.PF10_0104	355	46
2524148	5833.PF11_0091	355	222
2523658	5833.PF08_0121	354	30
2526580	5833.PFE0290c	354	26
2525932	5833.PFB0550w	354	120
2524836	5833.PF13_0299	354	145
2523187	5833.MAL7P1.320	353	6
2526069	5833.PFC0140c	352	156
2527309	5833.PFI0770c	351	18
2525379	5833.PF14_0493	351	136
2524325	5833.PF11_0280	350	24
2524332	5833.PF11_0287	350	73
2526559	5833.PFE0185c	349	16
2526123	5833.PFC0360w	348	30
2526578	5833.PFE0280c	348	136
2526676	5833.PFE0790c	348	10
2524475	5833.PF11_0440	347	74
2525742	5833.PFA0370w	346	50
2526001	5833.PFB0888w.1	346	10
2523326	5833.MAL8P1.25a	345	22
2526901	5833.PFF0330w	344	224
2526236	5833.PFC0886w	343	26
2526885	5833.PFF0250w	343	100
2525284	5833.PF14_0397	340	40
2525178	5833.PF14_0288	340	14
2524983	5833.PF14_0089.1	340	30
2522750	5833.MAL13P1.141	339	20
2523915	5833.PF10_0234	337	152
2525708	5833.PFA0195w	337	108
2527588	5833.PFL0310c	336	142
2523119	5833.MAL7P1.158	335	16
2525486	5833.PF14_0597	335	76
2527560	5833.PFL0160w	334	10
2525228	5833.PF14_0341	333	98
2527432	5833.PFI1375w.1	332	28
2527096	5833.PFF1295w	332	50
2523031	5833.MAL13P1.64	331	12
2523755	5833.PF10_0077	330	100
2527492	5833.PFI1660w	330	20
2523243	5833.MAL8P1.105	330	188
2526227	5833.PFC0845c	330	18
2524303	5833.PF11_0258	329	58
2526160	5833.PFC0520w	329	36
2522952	5833.MAL13P1.336	327	68
2526765	5833.PFE1230c	326	6
2524316	5833.PF11_0270	326	236
2526444	5833.PFD0850c	326	52
2525221	5833.PF14_0334	326	500
2526797	5833.PFE1400c	322	132
2525278	5833.PF14_0391	321	46
2523434	5833.PF07_0032	320	34
2523759	5833.PF10_0081	320	82
2527620	5833.PFL0470w	318	80
2526984	5833.PFF0730c	318	84
2524851	5833.PF13_0315	317	56
2523618	5833.PF08_0081	317	76
2523670	5833.PF08_0134	317	12
2527914	5833.PFL1920c	316	32
2525323	5833.PF14_0437	316	102
2524447	5833.PF11_0411	316	92
2523636	5833.PF08_0099	315	18
2525089	5833.PF14_0198	315	144
2527720	5833.PFL0960w	314	20
2524853	5833.PF13_0317	311	26
2527416	5833.PFI1295c	311	56
2522802	5833.MAL13P1.190	310	102
2522847	5833.MAL13P1.236	310	8
2523442	5833.PF07_0040	309	68
2525263	5833.PF14_0376	309	52
2523083	5833.MAL7P1.12	308	340
2526639	5833.PFE0595w	308	30
2527785	5833.PFL1285c	307	40
2527825	5833.PFL1480w	306	64
2524878	5833.PF13_0345	305	76
2526407	5833.PFD0670c	305	46
2524610	5833.PF13_0061	304	58
2526692	5833.PFE0870w	304	194
2524131	5833.PF11_0071	304	84
2526695	5833.PFE0885w	304	144
2527092	5833.PFF1275c	300	60
2526903	5833.PFF0340c	300	40
2525731	5833.PFA0315w	300	18
2527729	5833.PFL1005c	300	40
2523835	5833.PF10_0156	299	62
2525720	5833.PFA0260c	297	18
2524497	5833.PF11_0463	295	164
2527594	5833.PFL0340w	294	82
2524931	5833.PF14_0036	293	48
2525260	5833.PF14_0373	292	44
2523078	5833.MAL7P1.114	291	30
2525988	5833.PFB0835c	291	72
2526451	5833.PFD0880w	291	62
2527421	5833.PFI1320c	290	28
2523283	5833.MAL8P1.148	289	36
2524313	5833.PF11_0267	288	110
2524416	5833.PF11_0374	288	166
2524864	5833.PF13_0330	288	86
2524646	5833.PF13_0099	288	16
2526441	5833.PFD0830w	288	88
2525497	5833.PF14_0607	287	142
2525098	5833.PF14_0208	287	18
2527761	5833.PFL1165w	285	118
2524984	5833.PF14_0090	285	26
2522923	5833.MAL13P1.309	284	56
2527357	5833.PFI1005w	282	34
2527423	5833.PFI1330c	281	41
2525450	5833.PF14_0563	281	108
2524648	5833.PF13_0101	280	222
2523049	5833.MAL13P1.82	279	30
2525919	5833.PFB0490c	277	14
2527686	5833.PFL0785c	276	28
2527741	5833.PFL1065c	275	84
2525910	5833.PFB0450w	273	6
2522779	5833.MAL13P1.169	272	50
2525248	5833.PF14_0360	271	116
2524181	5833.PF11_0126	270	6
2522774	5833.MAL13P1.164	270	70
2526545	5833.PFE0115c	269	26
2526484	5833.PFD1035w	269	56
2522897	5833.MAL13P1.284	269	32
2526243	5833.PFC0912w	269	20
2527987	5833.PFL2280w	268	126
2525940	5833.PFB0595w	268	42
2524715	5833.PF13_0174	266	12
2525573	5833.PF14_0682	266	34
2524991	5833.PF14_0098	266	42
2523797	5833.PF10_0119	264	42
2525846	5833.PFB0161c	263	14
2524938	5833.PF14_0044	262	44
2527107	5833.PFF1350c	262	96
2522947	5833.MAL13P1.331	260	12
2527528	5833.PFI1835c	257	22
2524917	5833.PF14_0024	257	22
2526790	5833.PFE1355c	257	88
2524165	5833.PF11_0111	257	142
2525714	5833.PFA0230c	255	36
2527653	5833.PFL0630w	255	42
2526608	5833.PFE0435c	255	46
2523260	5833.MAL8P1.126	252	126
2523120	5833.MAL7P1.159	250	24
2528002	5833.PFL2355w	248	52
2527419	5833.PFI1310w	248	80
2526721	5833.PFE1020w	248	22
2524307	5833.PF11_0262	247	64
2527198	5833.PFI0220w	244	16
2526891	5833.PFF0280w	244	46
2525590	5833.PF14_0700	244	40
2523972	5833.PF10_0295	244	46
2523716	5833.PF10_0043	244	22
2523153	5833.MAL7P1.208	243	68
2523888	5833.PF10_0208	243	58
2524425	5833.PF11_0384	243	64
2524014	5833.PF10_0334	243	62
2523496	5833.PF07_0093	242	6
2527001	5833.PFF0815w	242	56
2522841	5833.MAL13P1.230	240	100
2527286	5833.PFI0655c	240	20
2527335	5833.PFI0895c	240	32
2524377	5833.PF11_0332	238	40
2523899	5833.PF10_0218	238	60
2525043	5833.PF14_0151	237	48
2525539	5833.PF14_0649	237	330
2526076	5833.PFC0170c	237	42
2527090	5833.PFF1265w	236	36
2524180	5833.PF11_0125	236	26
2523047	5833.MAL13P1.79	236	26
2526107	5833.PFC0282w	235	12
2524825	5833.PF13_0287	235	56
2526613	5833.PFE0460c	235	16
2523808	5833.PF10_0130	233	72
2522842	5833.MAL13P1.231	232	26
2524547	5833.PF11_0528	232	648
2524863	5833.PF13_0329	232	18
2525917	5833.PFB0480w	231	48
2524693	5833.PF13_0152	230	20
2522732	5833.MAL13P1.125	230	44
2527867	5833.PFL1685w	230	8
2527869	5833.PFL1695c	227	12
2523652	5833.PF08_0115	227	60
2524523	5833.PF11_0486	226	186
2524109	5833.PF11_0049	225	331
2523623	5833.PF08_0086	224	92
2525077	5833.PF14_0186	223	86
2525461	5833.PF14_0574	223	20
2523006	5833.MAL13P1.50	223	24
2523877	5833.PF10_0195a	221	14
2525249	5833.PF14_0361	221	38
2523714	5833.PF10_0041	218	124
2526780	5833.PFE1305c.1	216	62
2522768	5833.MAL13P1.159	216	18
2526105	5833.PFC0280c	215	38
2522743	5833.MAL13P1.135	214	26
2526722	5833.PFE1025c	214	22
2523502	5833.PF07_0099	213	12
2525114	5833.PF14_0224	213	136
2527879	5833.PFL1745c	213	24
2526787	5833.PFE1340w	213	20
2523874	5833.PF10_0193	213	20
2524017	5833.PF10_0337	212	34
2524962	5833.PF14_0068	212	36
2527980	5833.PFL2245w	211	24
2523070	5833.MAL7P1.106	211	14
2524711	5833.PF13_0170	210	110
2526442	5833.PFD0835c	210	106
2522953	5833.MAL13P1.337	210	18
2526155	5833.PFC0500w	210	74
2523844	5833.PF10_0164	210	4
2524191	5833.PF11_0141	209	22
2524166	5833.PF11_0112	209	88
2523492	5833.PF07_0090	209	18
2527099	5833.PFF1310c	208	12
2524967	5833.PF14_0073	208	196
2523600	5833.PF08_0063	207	98
2524220	5833.PF11_0171	206	58
2523231	5833.MAL7P1.94	205	16
2526161	5833.PFC0525c	205	50
2527896	5833.PFL1830w	204	14
2524670	5833.PF13_0129	204	10
2527407	5833.PFI1250w	203	10
2527244	5833.PFI0440w	202	58
2522917	5833.MAL13P1.303.1	202	32
2524683	5833.PF13_0142	202	6
2525771	5833.PFA0520c	200	32
2525763	5833.PFA0480w	200	60
2526954	5833.PFF0590c	199	54
2526811	5833.PFE1470w	199	26
2522962	5833.MAL13P1.344	199	62
2527811	5833.PFL1415w	198	88
2525406	5833.PF14_0518	198	16
2525110	5833.PF14_0220	198	48
2526803	5833.PFE1430c	198	12
2526071	5833.PFC0150w	197	120
2526336	5833.PFD0285c	197	216
2526102	5833.PFC0270w	197	34
2527212	5833.PFI0290c	196	108
2528024	5833.PFL2465c	196	34
2525782	5833.PFA0575c	196	6
2525508	5833.PF14_0617	195	32
2526597	5833.PFE0380c	195	65
2525082	5833.PF14_0191	195	30
2527660	5833.PFL0665c	195	20
2522900	5833.MAL13P1.287	193	18
2526176	5833.PFC0582c.1	193	24
2525212	5833.PF14_0325	193	26
2523569	5833.PF08_0032	192	66
2527246	5833.PFI0450c	192	12
2524111	5833.PF11_0051	191	72
2524113	5833.PF11_0053	191	174
2527586	5833.PFL0300c	189	32
2523449	5833.PF07_0047	188	120
2526893	5833.PFF0290w	187	18
2523099	5833.MAL7P1.139	186	22
2524077	5833.PF10_0407	186	62
2526998	5833.PFF0800w	186	96
2527197	5833.PFI0215c	185	14
2525770	5833.PFA0515w	185	156
2522853	5833.MAL13P1.240	185	130
2524766	5833.PF13_0227	184	30
2524143	5833.PF11_0086	183	214
2525234	5833.PF14_0346	183	86
2524287	5833.PF11_0242	182	143
2523787	5833.PF10_0109	182	4
2527193	5833.PFI0195c	181	26
2523386	5833.MAL8P1.79	181	24
2523801	5833.PF10_0123	180	55
2527189	5833.PFI0175w.1	180	64
2523970	5833.PF10_0293	180	12
2524635	5833.PF13_0087	179	30
2526896	5833.PFF0305c	179	12
2523626	5833.PF08_0089	179	230
2525921	5833.PFB0500c	178	26
2524806	5833.PF13_0268	178	14
2524837	5833.PF13_0300	176	8
2527717	5833.PFL0950c	176	143
2524719	5833.PF13_0178	176	14
2526419	5833.PFD0725c	175	28
2527949	5833.PFL2090c	174	18
2525853	5833.PFB0194w	174	30
2524780	5833.PF13_0241a	174	10
2527075	5833.PFF1185w	174	218
2527431	5833.PFI1370c	173	44
2525429	5833.PF14_0542	173	14
2526354	5833.PFD0375w	172	120
2527902	5833.PFL1860c	172	20
2524681	5833.PF13_0140	172	58
2524522	5833.PF11_0485	171	12
2524805	5833.PF13_0267	171	28
2522735	5833.MAL13P1.128	170	14
2525416	5833.PF14_0529	169	84
2527658	5833.PFL0655w	168	54
2523719	5833.PF10_0046	168	74
2526664	5833.PFE0730c	168	16
2522838	5833.MAL13P1.228	167	42
2527899	5833.PFL1845c	167	16
2525405	5833.PF14_0517	167	78
2526817	5833.PFE1510c	167	30
2526073	5833.PFC0160w	167	64
2523912	5833.PF10_0231	167	60
2524887	5833.PF13_0354	166	106
2524273	5833.PF11_0225	166	60
2523146	5833.MAL7P1.202	166	102
2524726	5833.PF13_0185	165	12
2527702	5833.PFL0870w	165	36
2525899	5833.PFB0395w	164	26
2526415	5833.PFD0705c	164	18
2525698	5833.PFA0145c	164	68
2524078	5833.PF10_0409	163	32
2523606	5833.PF08_0069	163	68
2524291	5833.PF11_0246	161	88
2527187	5833.PFI0165c	161	220
2525348	5833.PF14_0464	160	22
2524374	5833.PF11_0329	160	54
2523009	5833.MAL13P1.51	160	28
2526467	5833.PFD0960c	159	12
2524340	5833.PF11_0295	159	38
2525984	5833.PFB0815w	159	54
2527204	5833.PFI0250c	157	96
2523617	5833.PF08_0080	157	56
2523476	5833.PF07_0074	157	108
2523148	5833.MAL7P1.203a	157	4
2525315	5833.PF14_0428	157	122
2527395	5833.PFI1195c	156	36
2523065	5833.MAL7P1.10	156	14
2524241	5833.PF11_0191	156	56
2524402	5833.PF11_0359	156	38
2526744	5833.PFE1130w	155	26
2527371	5833.PFI1075w	154	16
2526555	5833.PFE0160c	154	20
2523255	5833.MAL8P1.121	154	30
2527563	5833.PFL0175c	154	36
2524895	5833.PF13_0362	154	19
2524823	5833.PF13_0285	153	66
2527554	5833.PFL0130c	152	130
2524777	5833.PF13_0238	152	50
2526175	5833.PFC0581w	152	22
2527027	5833.PFF0945c	152	122
2525066	5833.PF14_0176.1	151	24
2527986	5833.PFL2275c	151	30
2524583	5833.PF13_0032	151	46
2523109	5833.MAL7P1.150	150	50
2522754	5833.MAL13P1.146	150	44
2522777	5833.MAL13P1.167	149	14
2525019	5833.PF14_0128.1	148	12
2524346	5833.PF11_0302	148	28
2522875	5833.MAL13P1.260	148	104
2524761	5833.PF13_0222	148	56
2524417	5833.PF11_0375	148	60
2526424	5833.PFD0750w	148	24
2523815	5833.PF10_0137	147	28
2527549	5833.PFL0105w	147	26
2523106	5833.MAL7P1.147	147	204
2523924	5833.PF10_0244	147	50
2525860	5833.PFB0220w	146	26
2527360	5833.PFI1020c	146	34
2524007	5833.PF10_0328	146	46
2527701	5833.PFL0865w	145	32
2524754	5833.PF13_0216	144	10
2524605	5833.PF13_0055	144	20
2526961	5833.PFF0620c	144	22
2524256	5833.PF11_0207	142	70
2523703	5833.PF10_0031	142	54
2522773	5833.MAL13P1.163.1	141	16
2527815	5833.PFL1432w	141	6
2523765	5833.PF10_0087	141	16
2523967	5833.PF10_0290	141	62
2523086	5833.MAL7P1.123	141	18
2526413	5833.PFD0695w	141	20
2526140	5833.PFC0430w	140	72
2524039	5833.PF10_0363	139	68
2524290	5833.PF11_0245	139	36
2522997	5833.MAL13P1.47	138	24
2526879	5833.PFF0220w	138	152
2523616	5833.PF08_0079	138	14
2525157	5833.PF14_0267	138	36
2527233	5833.PFI0385c	137	24
2527756	5833.PFL1140w	137	12
2522971	5833.MAL13P1.352	137	66
2524940	5833.PF14_0046	137	26
2526373	5833.PFD0465c	136	22
2526551	5833.PFE0140c	136	6
2525663	5833.PF14_0783	136	4
2523753	5833.PF10_0075	135	50
2526214	5833.PFC0785c	135	18
2523441	5833.PF07_0039	135	8
2527934	5833.PFL2020c	135	50
2527404	5833.PFI1235w	134	36
2523050	5833.MAL13P1.83	134	90
2523813	5833.PF10_0135	133	30
2523519	5833.PF07_0115	133	116
2522944	5833.MAL13P1.329	132	14
2527414	5833.PFI1281w	132	6
2522782	5833.MAL13P1.171	132	12
2522880	5833.MAL13P1.266	132	112
2526856	5833.PFF0105w	131	24
2527003	5833.PFF0825c	131	26
2525203	5833.PF14_0316	130	84
2527188	5833.PFI0170w	129	84
2527245	5833.PFI0445c	129	38
2523357	5833.MAL8P1.52	129	6
2524426	5833.PF11_0385	128	26
2523527	5833.PF07_0123	128	46
2523999	5833.PF10_0320a	127	20
2523647	5833.PF08_0110	127	18
2524254	5833.PF11_0205	127	8
2524838	5833.PF13_0301	127	14
2525728	5833.PFA0300c	127	28
2524230	5833.PF11_0180	126	10
2524406	5833.PF11_0363	126	14
2525078	5833.PF14_0187	125	14
2523290	5833.MAL8P1.154	125	258
2524731	5833.PF13_0190	125	18
2524695	5833.PF13_0154	125	14
2527229	5833.PFI0365w	124	66
2524784	5833.PF13_0246	124	14
2523149	5833.MAL7P1.204	123	86
2526124	5833.PFC0365w	123	16
2525069	5833.PF14_0178	123	12
2527707	5833.PFL0895c	123	84
2527961	5833.PFL2150c	123	20
2523116	5833.MAL7P1.156	123	34
2522887	5833.MAL13P1.274	122	56
2524861	5833.PF13_0327	122	18
2526763	5833.PFE1220w	121	10
2524152	5833.PF11_0095	121	10
2525118	5833.PF14_0228	121	66
2527303	5833.PFI0740c	120	2
2527645	5833.PFL0595c	120	20
2525435	5833.PF14_0548	119	26
2525170	5833.PF14_0280	119	26
2528014	5833.PFL2415w	119	26
2523865	5833.PF10_0183	119	114
2526496	5833.PFD1095w	119	14
2526433	5833.PFD0795w	118	56
2527685	5833.PFL0780w	118	16
2522769	5833.MAL13P1.16	118	20
2522920	5833.MAL13P1.306.1	118	22
2525058	5833.PF14_0167	117	10
2525504	5833.PF14_0614	117	94
2527271	5833.PFI0575c	117	14
2523143	5833.MAL7P1.19	117	222
2526440	5833.PFD0825c	117	26
2524446	5833.PF11_0409	117	18
2525856	5833.PFB0200c	116	23
2524630	5833.PF13_0082	116	10
2523261	5833.MAL8P1.127	116	64
2526489	5833.PFD1060w	115	158
2527014	5833.PFF0880c	114	12
2526723	5833.PFE1030c	114	18
2526596	5833.PFE0375w	114	18
2523036	5833.MAL13P1.69	113	20
2527032	5833.PFF0975c	113	44
2527120	5833.PFF1410c	112	33
2524833	5833.PF13_0296	112	10
2525051	5833.PF14_0159	111	60
2524237	5833.PF11_0187	111	10
2525454	5833.PF14_0567	111	32
2525444	5833.PF14_0557	110	16
2526228	5833.PFC0850c	110	46
2525659	5833.PF14_0774	110	34
2527612	5833.PFL0430w	110	6
2526816	5833.PFE1505w	110	6
2522871	5833.MAL13P1.257	109	10
2523048	5833.MAL13P1.81	108	6
2525753	5833.PFA0430c	108	62
2527106	5833.PFF1345w	108	64
2526685	5833.PFE0835w	107	70
2527135	5833.PFF1485w	107	50
2526970	5833.PFF0665c	107	40
2527296	5833.PFI0705w	107	16
2526331	5833.PFD0255w	107	44
2525215	5833.PF14_0328	107	6
2527318	5833.PFI0815c	107	16
2527998	5833.PFL2335w	106	52
2523926	5833.PF10_0246	105	56
2522907	5833.MAL13P1.294	105	20
2524449	5833.PF11_0413	105	10
2524404	5833.PF11_0361.1	105	6
2527644	5833.PFL0590c	104	48
2526333	5833.PFD0265w	104	148
2523913	5833.PF10_0232	104	156
2526081	5833.PFC0190c	103	38
2526947	5833.PFF0560c	103	38
2524205	5833.PF11_0157	103	22
2525883	5833.PFB0320c	102	10
2523898	5833.PF10_0217	102	22
2523215	5833.MAL7P1.75	101	4
2524668	5833.PF13_0127	101	30
2523809	5833.PF10_0131	101	34
2525905	5833.PFB0423c	101	30
2527943	5833.PFL2065c	101	6
2523903	5833.PF10_0222	101	12
2523072	5833.MAL7P1.108	100.0	94
2525550	5833.PF14_0660	99.9	14
2525139	5833.PF14_0248	99.8	4
2528022	5833.PFL2455w	99.6	2
2523557	5833.PF08_0020	99.1	54
2527864	5833.PFL1670c	98.9	40
2527796	5833.PFL1340c	98.8	44
2526434	5833.PFD0800c	98.1	20
2522835	5833.MAL13P1.225	97.8	10
2526406	5833.PFD0669c	97.8	6
2524312	5833.PF11_0266a	97.4	6
2523932	5833.PF10_0253b	97.3	6
2522729	5833.MAL13P1.121	96.9	28
2522985	5833.MAL13P1.40	96.7	22
2526363	5833.PFD0420c	96.6	26
2525085	5833.PF14_0194	96.3	6
2527672	5833.PFL0720w	95.7	6
2526100	5833.PFC0262c	95.7	4
2522912	5833.MAL13P1.299	95.7	20
2523632	5833.PF08_0095	94.8	40
2526150	5833.PFC0475c	94.7	54
2525172	5833.PF14_0282	94.1	112
2524010	5833.PF10_0331	93.8	38
2522874	5833.MAL13P1.26	93.8	170
2523246	5833.MAL8P1.108	93.7	22
2526746	5833.PFE1140c	93.4	12
2527430	5833.PFI1365w	93.4	6
2523030	5833.MAL13P1.63	93.3	52
2524585	5833.PF13_0034	93.0	30
2525878	5833.PFB0295w	92.8	26
2527463	5833.PFI1525w	92.7	12
2526199	5833.PFC0710w.2	92.7	24
2525262	5833.PF14_0375	92.3	14
2524951	5833.PF14_0057	92.2	6
2526209	5833.PFC0760c	92.1	124
2524240	5833.PF11_0190	91.6	14
2526940	5833.PFF0525w	91.6	6
2527627	5833.PFL0505c	91.4	14
2525667	5833.PF14_0790	91.3	10
2525536	5833.PF14_0646	91.1	6
2524756	5833.PF13_0218	90.8	46
2526762	5833.PFE1215c	90.6	20
2526217	5833.PFC0800w	90.4	18
2523245	5833.MAL8P1.107	90.1	6
2526454	5833.PFD0895c	90.1	10
2524003	5833.PF10_0324	90.0	4
2525443	5833.PF14_0556	89.6	78
2526093	5833.PFC0240c	89.4	24
2527615	5833.PFL0445w	89.4	68
2525295	5833.PF14_0408	89.1	70
2524267	5833.PF11_0218	88.7	80
2527312	5833.PFI0785c	88.5	45
2526327	5833.PFD0235c	87.6	28
2524195	5833.PF11_0145	87.2	20
2527350	5833.PFI0970c	87.0	46
2525672	5833.PF14_0815	86.9	6
2525122	5833.PF14_0232	86.4	16
2526491	5833.PFD1070w	86.3	16
2525939	5833.PFB0590w	86.3	9
2526341	5833.PFD0310w	85.9	4
2523068	5833.MAL7P1.104	85.6	8
2527064	5833.PFF1130c	85.4	20
2526635	5833.PFE0575c	84.7	12
2526218	5833.PFC0805w	84.3	76
2525934	5833.PFB0560w	84.2	158
2525025	5833.PF14_0133	84.1	16
2526603	5833.PFE0410w	83.8	14
2527060	5833.PFF1110c	83.5	20
2523620	5833.PF08_0083	83.0	28
2528018	5833.PFL2435w	82.5	8
2523323	5833.MAL8P1.23	82.4	248
2523176	5833.MAL7P1.26	82.1	10
2524045	5833.PF10_0370	82.1	6
2525562	5833.PF14_0671	82.0	6
2524261	5833.PF11_0212	82.0	32
2523256	5833.MAL8P1.122	82.0	10
2526141	5833.PFC0435w	81.5	46
2525137	5833.PF14_0246	80.9	47
2526404	5833.PFD0660w	80.9	8
2524496	5833.PF11_0462	80.7	26
2524868	5833.PF13_0335	80.2	42
2525411	5833.PF14_0523	80.0	20
2524811	5833.PF13_0273	80.0	100
2523389	5833.MAL8P1.81	79.6	8
2523349	5833.MAL8P1.43	79.3	16
2523709	5833.PF10_0036	79.0	8
2524883	5833.PF13_0350	78.6	20
2523347	5833.MAL8P1.41	78.5	12
2526703	5833.PFE0925c	78.3	44
2524643	5833.PF13_0096	77.9	22
2524218	5833.PF11_0169	77.3	6
2527048	5833.PFF1055c	77.1	32
2527373	5833.PFI1085w	76.7	42
2527854	5833.PFL1620w	76.6	204
2525772	5833.PFA0525w	76.3	16
2524947	5833.PF14_0053	76.2	16
2527646	5833.PFL0600w	76.0	18
2524615	5833.PF13_0066	75.7	12
2527964	5833.PFL2165w	75.5	44
2527226	5833.PFI0350c	75.1	8
2523631	5833.PF08_0094	74.7	38
2524657	5833.PF13_0116	74.6	46
2523763	5833.PF10_0085	74.5	20
2523925	5833.PF10_0245	74.5	38
2523621	5833.PF08_0084	74.4	12
2524745	5833.PF13_0205	74.4	26
2522968	5833.MAL13P1.35	73.8	14
2524704	5833.PF13_0163	73.4	8
2527301	5833.PFI0730w	73.4	28
2526650	5833.PFE0650c	73.3	8
2525547	5833.PF14_0657	73.3	50
2525240	5833.PF14_0352	73.2	31
2527184	5833.PFI0150c	73.1	6
2527127	5833.PFF1445c	73.0	40
2523358	5833.MAL8P1.53	72.9	18
2524162	5833.PF11_0107	72.6	18
2524622	5833.PF13_0072	72.0	86
2527450	5833.PFI1463w	71.6	8
2524308	5833.PF11_0263	71.5	6
2526993	5833.PFF0775w	71.0	12
2526798	5833.PFE1405c	70.9	24
2522986	5833.MAL13P1.405	70.2	48
2527134	5833.PFF1480w	70.1	16
2527499	5833.PFI1695c	69.4	6
2524112	5833.PF11_0052	69.3	12
2526897	5833.PFF0310w	69.1	4
2527378	5833.PFI1110w	69.1	28
2523657	5833.PF08_0120	68.8	12
2524972	5833.PF14_0078	68.4	18
2525222	5833.PF14_0335	68.2	6
2525507	5833.PF14_0616	68.2	15
2524510	5833.PF11_0476	67.8	8
2525778	5833.PFA0555c	67.8	16
2524158	5833.PF11_0100	67.6	6
2526010	5833.PFB0923c	67.5	4
2525294	5833.PF14_0407	67.2	112
2524037	5833.PF10_0361.1	67.0	42
2523964	5833.PF10_0287	66.4	20
2525239	5833.PF14_0351	66.4	6
2526485	5833.PFD1037w	66.3	8
2525362	5833.PF14_0477	65.8	20
2525238	5833.PF14_0350	65.6	22
2526436	5833.PFD0807c	64.9	4
2523052	5833.MAL13P1.85	64.5	6
2524224	5833.PF11_0175	64.4	38
2523419	5833.PF07_0017	63.9	32
2525286	5833.PF14_0399	63.7	10
2527955	5833.PFL2120w	63.4	46
2523959	5833.PF10_0282	63.3	2
2525880	5833.PFB0305c.1	63.2	6
2523244	5833.MAL8P1.106.1	62.2	4
2526092	5833.PFC0235w	62.2	38
2527609	5833.PFL0415w	62.1	6
2522791	5833.MAL13P1.18	62.0	47
2527968	5833.PFL2185w	62.0	14
2524791	5833.PF13_0253	61.7	20
2522892	5833.MAL13P1.279	61.1	12
2523746	5833.PF10_0070	60.9	6
2527691	5833.PFL0815w	60.9	26
2524515	5833.PF11_0480	60.8	70
2524138	5833.PF11_0078	60.2	26
2524474	5833.PF11_0439	60.0	22
2527133	5833.PFF1475c	60.0	10
2523860	5833.PF10_0179	59.7	56
2522751	5833.MAL13P1.142	59.6	6
2524349	5833.PF11_0305	59.5	16
2523395	5833.MAL8P1.9	59.4	4
2526144	5833.PFC0445w	59.2	10
2526977	5833.PFF0695w	59.0	8
2527261	5833.PFI0525w	58.8	10
2523401	5833.MAL8P1.96	58.8	14
2524163	5833.PF11_0108	58.6	40
2523043	5833.MAL13P1.75	57.8	20
2527708	5833.PFL0900c	57.5	16
2523365	5833.MAL8P1.6	57.5	2
2527054	5833.PFF1085a	57.0	2
2523362	5833.MAL8P1.57	56.9	20
2525252	5833.PF14_0365	56.7	12
2524595	5833.PF13_0044	56.2	64
2523995	5833.PF10_0317	56.2	6
2527222	5833.PFI0335w	56.2	8
2523946	5833.PF10_0269	56.2	6
2527632	5833.PFL0530c	56.0	22
2523776	5833.PF10_0098	55.9	14
2524468	5833.PF11_0433	55.6	74
2525719	5833.PFA0255c	55.0	16
2525371	5833.PF14_0485	54.7	26
2526113	5833.PFC0310c	54.7	8
2527711	5833.PFL0920c	54.7	22
2525699	5833.PFA0150c	54.6	10
2527593	5833.PFL0335c	54.3	16
2525982	5833.PFB0805c	54.2	2
2527871	5833.PFL1705w	54.2	32
2527866	5833.PFL1680w	54.1	34
2526003	5833.PFB0895c	54.0	24
2522965	5833.MAL13P1.347	53.2	6
2527093	5833.PFF1280w	53.1	24
2527390	5833.PFI1170c	53.1	16
2527280	5833.PFI0625c	53.0	18
2524208	5833.PF11_0160	52.9	18
2523933	5833.PF10_0254	52.8	32
2527302	5833.PFI0735c	52.7	12
2526429	5833.PFD0775c	52.5	18
2524601	5833.PF13_0051	52.2	4
2526274	5833.PFC1060c	51.9	16
2524963	5833.PF14_0069	51.9	7
2524717	5833.PF13_0176	51.7	12
2525081	5833.PF14_0190	51.7	14
2524694	5833.PF13_0153	51.6	20
2526636	5833.PFE0580w	51.5	6
2524492	5833.PF11_0458	51.3	8
2525045	5833.PF14_0153	51.3	26
2527068	5833.PFF1150w	51.3	8
2523614	5833.PF08_0077	51.1	10
2527382	5833.PFI1130c	51.1	6
2523798	5833.PF10_0120	50.9	4
2525542	5833.PF14_0652	50.2	24
2526598	5833.PFE0385w	50.2	34
2527352	5833.PFI0980w	50.0	18
2525100	5833.PF14_0210	49.5	8
2526418	5833.PFD0720w	49.4	6
2523792	5833.PF10_0114	49.4	10
2526764	5833.PFE1225w	49.4	6
2523603	5833.PF08_0066	49.4	18
2524629	5833.PF13_0081	49.3	2
2526374	5833.PFD0470c	49.1	30
2526936	5833.PFF0505c	49.0	16
2525902	5833.PFB0410c	48.9	16
2525327	5833.PF14_0441	48.7	12
2523014	5833.MAL13P1.53	48.5	6
2526766	5833.PFE1235c	48.4	16
2525527	5833.PF14_0637	48.2	42
2526127	5833.PFC0375c	48.2	26
2523459	5833.PF07_0057	48.2	12
2526924	5833.PFF0445w	47.9	132
2527582	5833.PFL0280c	47.9	10
2528006	5833.PFL2375c	47.7	6
2523041	5833.MAL13P1.73	47.7	28
2524654	5833.PF13_0109	47.6	20
2526143	5833.PFC0441c.1	47.6	6
2523019	5833.MAL13P1.55	47.5	4
2523353	5833.MAL8P1.48	47.3	4
2525192	5833.PF14_0304	46.8	42
2525018	5833.PF14_0127	46.7	10
2523501	5833.PF07_0098	46.7	6
2525223	5833.PF14_0336	46.5	6
2524913	5833.PF14_0020	46.5	8
2527682	5833.PFL0765w	46.4	12
2525328	5833.PF14_0442	46.1	66
2523571	5833.PF08_0034	46.0	28
2525339	5833.PF14_0453	45.9	10
2524141	5833.PF11_0083	45.8	12
2525613	5833.PF14_0724	45.6	12
2526951	5833.PFF0575c	45.4	56
2523976	5833.PF10_0299	45.2	10
2527768	5833.PFL1200c	45.1	4
2526716	5833.PFE0995c	45.1	12
2525490	5833.PF14_0601	45.1	6
2527409	5833.PFI1260c	45.1	8
2525898	5833.PFB0391c.2	44.8	8
2526347	5833.PFD0340c	44.6	42
2526450	5833.PFD0875c	44.1	24
2526942	5833.PFF0535c	44.0	26
2527004	5833.PFF0830w	43.8	24
2527587	5833.PFL0305c	43.5	12
2524301	5833.PF11_0256	43.4	12
2524443	5833.PF11_0406	42.9	14
2523074	5833.MAL7P1.110	42.7	6
2525966	5833.PFB0715w	42.7	24
2525555	5833.PF14_0665	42.7	6
2527441	5833.PFI1420w	42.7	6
2524174	5833.PF11_0119	42.5	8
2525985	5833.PFB0820c	42.3	28
2525456	5833.PF14_0569	42.3	18
2523458	5833.PF07_0056	42.3	24
2525570	5833.PF14_0679	42.0	12
2523986	5833.PF10_0310	42.0	14
2526867	5833.PFF0160c	41.8	16
2523247	5833.MAL8P1.109	41.7	6
2523885	5833.PF10_0205	41.2	40
2525356	5833.PF14_0471	41.2	14
2523848	5833.PF10_0168.2	40.9	12
2524204	5833.PF11_0156	40.8	12
2527353	5833.PFI0985c	40.8	6
2527313	5833.PFI0790w	40.7	2
2524978	5833.PF14_0084	40.7	146
2527994	5833.PFL2315c	40.6	2
2523991	5833.PF10_0314	40.4	20
2524598	5833.PF13_0048	40.3	22
2522973	5833.MAL13P1.36	40.2	6
2524470	5833.PF11_0435	40.1	32
2523242	5833.MAL8P1.104	40.0	24
2525440	5833.PF14_0553	39.8	8
2526902	5833.PFF0335c	39.7	8
2525087	5833.PF14_0196	39.6	30
2524994	5833.PF14_0101	39.6	72
2525370	5833.PF14_0484	39.5	6
2527619	5833.PFL0465c	39.3	26
2525933	5833.PFB0555c	39.3	84
2524872	5833.PF13_0339	39.1	20
2525572	5833.PF14_0681	39.0	8
2524189	5833.PF11_0139	38.9	4
2527997	5833.PFL2330w	38.8	8
2525250	5833.PF14_0363	38.7	38
2525579	5833.PF14_0689	38.7	2
2523428	5833.PF07_0026	38.6	14
2522867	5833.MAL13P1.253	38.6	2
2527481	5833.PFI1610c	38.5	4
2525989	5833.PFB0840w	38.5	8
2524537	5833.PF11_0515	37.8	2
2524344	5833.PF11_0300	37.7	10
2523443	5833.PF07_0041	37.7	10
2527095	5833.PFF1290c	37.6	6
2522845	5833.MAL13P1.234	37.5	115
2525291	5833.PF14_0404	37.5	72
2524463	5833.PF11_0427	37.2	6
2526221	5833.PFC0820w	37.1	92
2527194	5833.PFI0200c	36.8	24
2523334	5833.MAL8P1.31	36.8	4
2527931	5833.PFL2005w	36.7	10
2527037	5833.PFF1000w	36.6	12
2527207	5833.PFI0265c	36.6	20
2526815	5833.PFE1500c	36.6	4
2525109	5833.PF14_0218	36.5	10
2526865	5833.PFF0150c	36.3	6
2523384	5833.MAL8P1.77	36.1	2
2523350	5833.MAL8P1.45	36.1	14
2527662	5833.PFL0675c	36.0	18
2525923	5833.PFB0505c	35.6	2
2524219	5833.PF11_0170	35.6	6
2525764	5833.PFA0485w.1	35.6	10
2526610	5833.PFE0445c	35.5	6
2524299	5833.PF11_0254	35.0	12
2527857	5833.PFL1635w	35.0	20
2524698	5833.PF13_0157	34.7	8
2527926	5833.PFL1980c	34.4	42
2526570	5833.PFE0240w	34.2	2
2525282	5833.PF14_0395	33.9	14
2523152	5833.MAL7P1.207	33.8	34
2522921	5833.MAL13P1.307	33.8	2
2526473	5833.PFD0990w	33.8	4
2524866	5833.PF13_0333	33.5	18
2524677	5833.PF13_0136	33.3	6
2526938	5833.PFF0515c	33.3	2
2524929	5833.PF14_0034	33.2	6
2526772	5833.PFE1265w	33.2	10
2527243	5833.PFI0435c	33.0	14
2526038	5833.PFB1035w	32.7	2
2524645	5833.PF13_0098	32.1	4
2525365	5833.PF14_0479	32.1	34
2523489	5833.PF07_0087	32.1	4
2527655	5833.PFL0640w	31.9	6
2527328	5833.PFI0860c	31.8	14
2523849	5833.PF10_0169	31.7	6
2526558	5833.PFE0175c	31.7	14
2523444	5833.PF07_0042	31.6	60
2526385	5833.PFD0540c	31.5	14
2524221	5833.PF11_0172	31.3	4
2523091	5833.MAL7P1.129	31.2	10
2527654	5833.PFL0635c	31.1	12
2527252	5833.PFI0480w	31.0	22
2523390	5833.MAL8P1.82	31.0	24
2525733	5833.PFA0325w	31.0	2
2525602	5833.PF14_0713	31.0	10
2525108	5833.PF14_0217	30.9	14
2527764	5833.PFL1180w	30.9	4
2523754	5833.PF10_0076	30.6	16
2524590	5833.PF13_0039	30.5	2
2527218	5833.PFI0320w	30.4	6
2525427	5833.PF14_0540	30.4	11
2524953	5833.PF14_0059	30.4	36
2525016	5833.PF14_0125	30.4	10
2527776	5833.PFL1240c	30.1	26
2524249	5833.PF11_0200	30.1	4
2523953	5833.PF10_0276	30.1	4
2523906	5833.PF10_0225	29.9	4
2526720	5833.PFE1015c	29.8	10
2527849	5833.PFL1590c	29.7	12
2525251	5833.PF14_0364	29.7	12
2526396	5833.PFD0605c	29.7	6
2523286	5833.MAL8P1.150	29.5	36
2524264	5833.PF11_0215	29.5	2
2524246	5833.PF11_0197	29.4	8
2527664	5833.PFL0685w	29.3	14
2526907	5833.PFF0360w	29.3	6
2525938	5833.PFB0585w	29.2	8
2523226	5833.MAL7P1.88	28.9	8
2525035	5833.PF14_0143	28.7	30
2527128	5833.PFF1450w	28.7	6
2526090	5833.PFC0225c	28.6	6
2524692	5833.PF13_0151	28.6	6
2527031	5833.PFF0970w	28.2	4
2527873	5833.PFL1715w	28.1	8
2524277	5833.PF11_0229	27.9	10
2528007	5833.PFL2380c	27.7	10
2526135	5833.PFC0410w	27.5	4
2523498	5833.PF07_0095	27.4	4
2524284	5833.PF11_0239	27.0	22
2523464	5833.PF07_0062	26.9	10
2522949	5833.MAL13P1.333	26.8	48
2526931	5833.PFF0480w	26.5	24
2527317	5833.PFI0810c	26.3	8
2526670	5833.PFE0760w	26.3	2
2525214	5833.PF14_0327	26.0	6
2524611	5833.PF13_0062	25.9	6
2525246	5833.PF14_0358	25.9	2
2524465	5833.PF11_0429	25.9	6
2527479	5833.PFI1600w	25.9	10
2528009	5833.PFL2390c	25.3	40
2526358	5833.PFD0395c	25.3	2
2527089	5833.PFF1260c	25.2	20
2524971	5833.PF14_0077	25.2	6
2527247	5833.PFI0455w	25.1	16
2526932	5833.PFF0485c	24.9	2
2524365	5833.PF11_0321	24.8	8
2524280	5833.PF11_0232	24.5	12
2526900	5833.PFF0325c	24.4	26
2527112	5833.PFF1375c.1	24.4	2
2523802	5833.PF10_0124	24.3	16
2524796	5833.PF13_0258	24.2	20
2525283	5833.PF14_0396	24.1	8
2527771	5833.PFL1215c	24.1	8
2525580	5833.PF14_0690	23.8	22
2524348	5833.PF11_0304	23.8	20
2525565	5833.PF14_0674	23.6	6
2527621	5833.PFL0475w	23.5	14
2527623	5833.PFL0485w	23.5	2
2525768	5833.PFA0505c	23.4	4
2524491	5833.PF11_0457	23.4	4
2524364	5833.PF11_0320	23.2	2
2526310	5833.PFD0145c	23.2	6
2526783	5833.PFE1320w	23.2	16
2526075	5833.PFC0166w	23.1	4
2525064	5833.PF14_0174	22.8	6
2523241	5833.MAL8P1.103	22.6	8
2527293	5833.PFI0690c	22.6	12
2522790	5833.MAL13P1.179	22.5	6
2524255	5833.PF11_0206	22.4	16
2523081	5833.MAL7P1.118	22.4	6
2525721	5833.PFA0265c	22.3	2
2524215	5833.PF11_0167	22.2	2
2526067	5833.PFC0130c	22.1	4
2527349	5833.PFI0965w	22.0	4
2524270	5833.PF11_0222	22.0	6
2524006	5833.PF10_0327	22.0	8
2527073	5833.PFF1175c	21.9	8
2523268	5833.MAL8P1.134	21.8	16
2522806	5833.MAL13P1.194	21.7	8
2523757	5833.PF10_0079	21.6	42
2525304	5833.PF14_0417	21.5	6
2525896	5833.PFB0385w	21.5	2
2527456	5833.PFI1485c	21.5	14
2524005	5833.PF10_0326	21.5	10
2524142	5833.PF11_0084	21.3	8
2523376	5833.MAL8P1.70	21.2	8
2523185	5833.MAL7P1.310	21.2	2
2523224	5833.MAL7P1.86	21.0	4
2527753	5833.PFL1125w	20.7	14
2527264	5833.PFI0540w	20.7	10
2524405	5833.PF11_0362	20.6	8
2526631	5833.PFE0555w	20.5	6
2527228	5833.PFI0360c	20.3	2
2527790	5833.PFL1310c	20.1	22
2527380	5833.PFI1120c	19.9	46
2523011	5833.MAL13P1.52	19.9	12
2527970	5833.PFL2195w	19.8	4
2525457	5833.PF14_0570	19.8	2
2527975	5833.PFL2220w	19.8	6
2524331	5833.PF11_0286	19.8	4
2524818	5833.PF13_0280	19.8	4
2525127	5833.PF14_0237	19.8	4
2526322	5833.PFD0207c	19.7	4
2523581	5833.PF08_0044	19.7	10
2527677	5833.PFL0745c	19.6	4
2526622	5833.PFE0505w	19.6	6
2522974	5833.MAL13P1.360	19.5	6
2527259	5833.PFI0515w	19.5	2
2524445	5833.PF11_0408	19.2	22
2527918	5833.PFL1940w	19.1	6
2525196	5833.PF14_0309	19.0	2
2524675	5833.PF13_0134	18.9	4
2527897	5833.PFL1835w	18.8	18
2522941	5833.MAL13P1.326	18.8	4
2526061	5833.PFC0100c	18.7	4
2524210	5833.PF11_0162	18.7	4
2526800	5833.PFE1415w	18.6	2
2526500	5833.PFD1115c	18.5	12
2523629	5833.PF08_0092	18.5	10
2524746	5833.PF13_0208	18.5	6
2522902	5833.MAL13P1.289	18.5	10
2523514	5833.PF07_0110	18.5	6
2524460	5833.PF11_0424	18.3	8
2525842	5833.PFB0145c	18.1	18
2524128	5833.PF11_0068	18.1	4
2526213	5833.PFC0780w	18.1	28
2527670	5833.PFL0710w	17.9	2
2526247	5833.PFC0930c	17.8	14
2523057	5833.MAL13P1.90	17.6	6
2524574	5833.PF13_0023	17.6	2
2525554	5833.PF14_0664	17.5	32
2524674	5833.PF13_0133	17.5	4
2522966	5833.MAL13P1.348	17.4	6
2527488	5833.PFI1640c	17.3	2
2524511	5833.PF11_0477	17.2	8
2524603	5833.PF13_0053	16.9	12
2525713	5833.PFA0225w	16.7	5
2526131	5833.PFC0390w	16.5	6
2524524	5833.PF11_0487	16.5	2
2525740	5833.PFA0360c	16.4	4
2523038	5833.MAL13P1.70	16.3	28
2525047	5833.PF14_0155	16.3	4
2522950	5833.MAL13P1.334	16.1	4
2526607	5833.PFE0430w	16.0	18
2525593	5833.PF14_0704	16.0	2
2523105	5833.MAL7P1.146	15.9	40
2525830	5833.PFB0090c	15.9	12
2524149	5833.PF11_0092	15.9	12
2523982	5833.PF10_0306	15.9	4
2526857	5833.PFF0110w	15.7	4
2522970	5833.MAL13P1.351	15.5	24
2524739	5833.PF13_0199	15.5	12
2527712	5833.PFL0925w	15.2	20
2524173	5833.PF11_0118	15.2	4
2526855	5833.PFF0100w	15.1	12
2525383	5833.PF14_0497	15.0	4
2523821	5833.PF10_0143	14.9	16
2527704	5833.PFL0880c	14.8	16
2526989	5833.PFF0755c	14.8	18
2526422	5833.PFD0740w	14.7	6
2523595	5833.PF08_0058	14.7	8
2523559	5833.PF08_0022	14.6	4
2527590	5833.PFL0320w	14.4	2
2524567	5833.PF13_0016	14.3	2
2526314	5833.PFD0165w	14.3	2
2525236	5833.PF14_0348	14.3	2
2527202	5833.PFI0240c	14.2	18
2527699	5833.PFL0855c	14.2	2
2526252	5833.PFC0955w	14.1	6
2527446	5833.PFI1445w	14.1	12
2525882	5833.PFB0315w	14.0	14
2526571	5833.PFE0245c	13.7	18
2526619	5833.PFE0490w	13.7	2
2522888	5833.MAL13P1.275	13.7	8
2527903	5833.PFL1865w	13.6	12
2524471	5833.PF11_0436	13.5	4
2525094	5833.PF14_0204	13.4	8
2522856	5833.MAL13P1.243	13.3	10
2523530	5833.PF07_0126	13.3	10
2524478	5833.PF11_0442	13.3	8
2525852	5833.PFB0190c	13.3	16
2523274	5833.MAL8P1.139	13.2	34
2523940	5833.PF10_0262	13.1	10
2527215	5833.PFI0305c	13.0	4
2527399	5833.PFI1215w	13.0	4
2526858	5833.PFF0115c	13.0	6
2526458	5833.PFD0915w	12.9	2
2523397	5833.MAL8P1.91	12.9	4
2525321	5833.PF14_0434	12.9	2
2525208	5833.PF14_0321	12.7	2
2526572	5833.PFE0250w	12.7	20
2523577	5833.PF08_0040	12.7	4
2525202	5833.PF14_0315	12.6	34
2525171	5833.PF14_0281	12.6	4
2524420	5833.PF11_0379	12.6	2
2527616	5833.PFL0450c	12.6	4
2527641	5833.PFL0575w	12.6	18
2523426	5833.PF07_0024	12.5	18
2525944	5833.PFB0610c	12.5	4
2526968	5833.PFF0655c	12.5	8
2524283	5833.PF11_0238	12.4	2
2527022	5833.PFF0920c.2	12.4	8
2524159	5833.PF11_0101	12.4	2
2527887	5833.PFL1785c	12.3	2
2525386	5833.PF14_0500	12.3	2
2525476	5833.PF14_0587	12.2	4
2525373	5833.PF14_0487	12.2	10
2525581	5833.PF14_0691	12.2	2
2523154	5833.MAL7P1.209	12.1	6
2523900	5833.PF10_0219	12.0	4
2523126	5833.MAL7P1.164	11.9	4
2524870	5833.PF13_0337	11.9	2
2526316	5833.PFD0180c	11.8	6
2526917	5833.PFF0410w	11.8	12
2527110	5833.PFF1365c	11.7	62
2524183	5833.PF11_0128	11.6	2
2523089	5833.MAL7P1.126	11.5	8
2526330	5833.PFD0250c	11.5	8
2526717	5833.PFE1000c	11.4	4
2524321	5833.PF11_0275	11.3	6
2527100	5833.PFF1315w	11.3	10
2525537	5833.PF14_0647	11.2	10
2524545	5833.PF11_0526	11.1	2
2525693	5833.PFA0120c	11.1	6
2523257	5833.MAL8P1.123	10.9	10
2526648	5833.PFE0640w	10.8	2
2526533	5833.PFE0055c	10.7	6
2527757	5833.PFL1145w	10.7	2
2525549	5833.PF14_0659	10.6	2
2524661	5833.PF13_0120	10.6	8
2525766	5833.PFA0495c	10.6	6
2525384	5833.PF14_0498	10.3	2
2523077	5833.MAL7P1.113	10.3	4
2526889	5833.PFF0270c	10.3	12
2527249	5833.PFI0465c	10.3	4
2527490	5833.PFI1650w	10.3	4
2524020	5833.PF10_0341	10.3	5
2525290	5833.PF14_0403	10.3	4
2525183	5833.PF14_0293	10.3	2
2522752	5833.MAL13P1.144	10.2	2
2523121	5833.MAL7P1.16	10.2	18
2526641	5833.PFE0605c	10.1	4
2525387	5833.PF14_0501	10.1	16
2527792	5833.PFL1320w	10.1	6
2525335	5833.PF14_0450	10.1	2
2526234	5833.PFC0880c	10.1	4
2525129	5833.PF14_0239	10.0	2
2526275	5833.PFC1065w	9.88	4
2522909	5833.MAL13P1.296	9.81	16
2527953	5833.PFL2110c	9.8	8
2526705	5833.PFE0935c	9.63	6
2524438	5833.PF11_0400	9.58	8
2524437	5833.PF11_0398	9.56	8
2526714	5833.PFE0985w	9.52	4
2526682	5833.PFE0820c	9.47	2
2526194	5833.PFC0690c	9.38	2
2525587	5833.PF14_0697	9.34	2
2523421	5833.PF07_0019	9.32	6
2524812	5833.PF13_0274	9.28	6
2526739	5833.PFE1105c	9.27	4
2526542	5833.PFE0100w	9.19	6
2524889	5833.PF13_0356	9.13	2
2526634	5833.PFE0570w	9.06	40
2525480	5833.PF14_0591	9.03	6
2524873	5833.PF13_0340	8.96	2
2524107	5833.PF11_0047	8.92	2
2525943	5833.PFB0605w	8.88	2
2524317	5833.PF11_0271	8.86	6
2527227	5833.PFI0355c	8.79	4
2524592	5833.PF13_0041	8.76	6
2522898	5833.MAL13P1.285	8.76	10
2525769	5833.PFA0510w	8.72	6
2526062	5833.PFC0105w	8.57	6
2526651	5833.PFE0655w	8.54	16
2524672	5833.PF13_0131	8.29	2
2526328	5833.PFD0240c	8.28	2
2527372	5833.PFI1080w	8.21	2
2527637	5833.PFL0555c	8.21	8
2525029	5833.PF14_0137	8.2	2
2525446	5833.PF14_0559	8.09	6
2523213	5833.MAL7P1.73	8.08	2
2524701	5833.PF13_0160	7.99	2
2523248	5833.MAL8P1.11	7.99	6
2524824	5833.PF13_0286	7.98	2
2523639	5833.PF08_0102	7.85	6
2524105	5833.PF11_0044	7.83	6
2523053	5833.MAL13P1.86	7.77	4
2525320	5833.PF14_0433	7.74	2
2527304	5833.PFI0745w	7.72	2
2527364	5833.PFI1040c	7.55	10
2523760	5833.PF10_0082	7.49	4
2527341	5833.PFI0925w	7.48	6
2523520	5833.PF07_0116	7.36	8
2526681	5833.PFE0815w	7.24	2
2526095	5833.PFC0245c	7.07	14
2524744	5833.PF13_0204	6.98	2
2524477	5833.PF11_0441a	6.93	2
2523828	5833.PF10_0150	6.85	2
2527892	5833.PFL1810w	6.84	2
2524243	5833.PF11_0193	6.82	2
2525783	5833.PFA0580c	6.81	2
2526859	5833.PFF0120w	6.77	2
2527877	5833.PFL1735c	6.68	4
2523484	5833.PF07_0082	6.67	10
2523619	5833.PF08_0082	6.51	2
2524235	5833.PF11_0185	6.38	6
2526671	5833.PFE0765w	6.33	6
2526359	5833.PFD0400w	6.32	4
2524714	5833.PF13_0173	6.26	2
2523112	5833.MAL7P1.153	6.25	2
2527285	5833.PFI0650c	6.16	2
2527055	5833.PFF1085c	6.15	2
2527820	5833.PFL1455w	6.14	2
2522983	5833.MAL13P1.395	6.13	2
2523664	5833.PF08_0127	6.04	2
2524640	5833.PF13_0091	6.03	2
2525584	5833.PF14_0694	5.99	2
2524434	5833.PF11_0395	5.92	10
2525503	5833.PF14_0613	5.92	10
2522899	5833.MAL13P1.286	5.75	6
2524422	5833.PF11_0381	5.73	2
2523665	5833.PF08_0128	5.69	2
2527933	5833.PFL2015w	5.68	2
2524444	5833.PF11_0407	5.64	2
2525417	5833.PF14_0530	5.59	4
2525031	5833.PF14_0139	5.58	2
2523439	5833.PF07_0037	5.46	8
2527012	5833.PFF0870w	5.44	2
2526226	5833.PFC0840w	5.41	4
2524995	5833.PF14_0102	5.35	2
2526625	5833.PFE0520c	5.32	2
2524634	5833.PF13_0086	5.21	2
2525392	5833.PF14_0505	5.17	2
2526455	5833.PFD0900w	5.16	4
2527406	5833.PFI1245c	5.15	6
2525973	5833.PFB0750w	5.07	2
2522870	5833.MAL13P1.256	5.03	6
2525352	5833.PF14_0468	4.96	2
2523922	5833.PF10_0242	4.93	2
2524455	5833.PF11_0419	4.9	2
2526992	5833.PFF0770c	4.85	4
2524342	5833.PF11_0297	4.78	2
2525259	5833.PF14_0372	4.77	4
2523585	5833.PF08_0048	4.69	8
2523147	5833.MAL7P1.203	4.63	4
2523127	5833.MAL7P1.167	4.63	6
2526868	5833.PFF0165c	4.55	2
2524217	5833.PF11_0168a	4.48	4
2525079	5833.PF14_0188	4.44	4
2523370	5833.MAL8P1.64	4.41	2
2527111	5833.PFF1370w	4.4	6
2526472	5833.PFD0985w	4.24	14
2523500	5833.PF07_0097	4.23	2
2527501	5833.PFI1700c	4.2	2
2527368	5833.PFI1060w	4.19	4
2525509	5833.PF14_0618	4.12	2
2526795	5833.PFE1390w	4.09	2
2525559	5833.PF14_0668	4.05	6
2525724	5833.PFA0280w	4.02	6
2526588	5833.PFE0335w	3.96	2
2523289	5833.MAL8P1.153	3.93	4
2522862	5833.MAL13P1.249	3.89	6
2526345	5833.PFD0330w	3.87	2
2527580	5833.PFL0270c	3.85	2
2527837	5833.PFL1535w	3.75	2
2523090	5833.MAL7P1.127	3.75	4
2526770	5833.PFE1255w	3.73	4
2525269	5833.PF14_0382	3.71	2
2527901	5833.PFL1855w	3.68	2
2524359	5833.PF11_0315	3.57	2
2525924	5833.PFB0510w	3.55	2
2527834	5833.PFL1525c	3.49	2
2524372	5833.PF11_0327	3.45	2
2527859	5833.PFL1645w	3.45	6
2526142	5833.PFC0440c	3.42	4
2526565	5833.PFE0215w	3.4	2
2523605	5833.PF08_0068	3.38	4
2527807	5833.PFL1395c	3.31	4
2523096	5833.MAL7P1.134	3.26	6
2522976	5833.MAL13P1.37	3.25	2
2522881	5833.MAL13P1.267	3.19	2
2526618	5833.PFE0485w	3.15	2
2523845	5833.PF10_0165	3.08	2
2523777	5833.PF10_0099	3.04	2
2525004	5833.PF14_0112	3.03	4
2523299	5833.MAL8P1.18	2.91	2
2527584	5833.PFL0290w	2.82	2
2525213	5833.PF14_0326	2.77	10
2522737	5833.MAL13P1.13	2.77	4
2526368	5833.PFD0445c	2.73	4
2523628	5833.PF08_0091	2.73	2
2526389	5833.PFD0560w	2.66	2
2526561	5833.PFE0195w	2.51	2
2524803	5833.PF13_0265	2.48	2
2524336	5833.PF11_0291	2.47	2
2526063	5833.PFC0110w	2.34	2
2523279	5833.MAL8P1.143.1	2.33	2
2523488	5833.PF07_0086	2.29	4
2522911	5833.MAL13P1.298	2.23	2
2527803	5833.PFL1375w	2.23	2
2523306	5833.MAL8P1.203	2.22	2
2527454	5833.PFI1475w	2.21	2
2527893	5833.PFL1815c	2.18	2
2525270	5833.PF14_0383	2.1	2
2525345	5833.PF14_0461	2.02	4
2525163	5833.PF14_0273	1.73	2
2525995	5833.PFB0870w	1.72	2
2524399	5833.PF11_0356	1.69	2
2527238	5833.PFI0410c	1.67	2
2526971	5833.PFF0670w	1.66	2
2527459	5833.PFI1500w	1.62	4
2525829	5833.PFB0085c	1.6	2
2523718	5833.PF10_0045	1.43	2
2526438	5833.PFD0815c	1.4	2
2526726	5833.PFE1045c	1.33	2
2525611	5833.PF14_0722	1.23	4
2523033	5833.MAL13P1.66	1.12	2
2525061	5833.PF14_0170	1.06	2
2524370	5833.PF11_0326	0.956	2
2527126	5833.PFF1440w	0.947	4
2522906	5833.MAL13P1.293	0.912	2
2522981	5833.MAL13P1.39	0.763	2
