#id: 3880108551
#name: P.falciparum - Whole organism, SC (Gpm,aug,2014)
#score: 12.6
#weight:  50%
#description: abundance based on Spectral counting, Interaction consistency score: 12.6, Coverage: 48
#organ: WHOLE_ORGANISM
#integrated: false
#coverage: 48
#link: http://www.thegpm.org/
#publication_year: 2014
#filename: 5833-GPM_201408.txt
#
#internal_id	string_external_id	abundance	raw_spectral_count
2525832	5833.PFB0100c	80259	26896
2526535	5833.PFE0065w	55866	16296
2527825	5833.PFL1480w	18987	27371
2526084	5833.PFC0200w.1	18734	195
2524121	5833.PF11_0061	18470	3100
2524122	5833.PF11_0062	18305	4218
2525487	5833.PF14_0598	16897	22644
2524879	5833.PF13_0346	16622	10739
2527570	5833.PFL0210c	14516	6797
2524841	5833.PF13_0304	11481	32662
2524842	5833.PF13_0305	11481	32662
2523633	5833.PF08_0096	11438	11123
2523591	5833.PF08_0054	11256	23668
2525277	5833.PF14_0390	10635	1953
2526579	5833.PFE0285c	9552	2165
2523410	5833.PF07_0008	9433	6403
2523838	5833.PF10_0159	9187	24960
2523611	5833.PF08_0074	8838	4060
2527331	5833.PFI0875w	8566	17147
2523834	5833.PF10_0155	7652	12686
2527652	5833.PFL0625c	6413	6781
2524682	5833.PF13_0141	6349	8138
2523431	5833.PF07_0029	6064	17902
2527010	5833.PFF0860c	5878	2415
2527377	5833.PFI1105w	5774	8482
2522824	5833.MAL13P1.214	5615	7126
2526591	5833.PFE0350c	5507	5916
2526937	5833.PFF0510w	5458	1945
2527974	5833.PFL2215w	5374	9990
2523456	5833.PF07_0054	5279	1380
2523445	5833.PF07_0043	5128	238
2527557	5833.PFL0145c	5127	220
2524272	5833.PF11_0224	4941	869
2527643	5833.PFL0585w	4865	10608
2524767	5833.PF13_0228	4851	2926
2525312	5833.PF14_0425	4710	7227
2524165	5833.PF11_0111	4674	9023
2526530	5833.PFE0040c	4639	12345
2523738	5833.PF10_0063	4621	1392
2523762	5833.PF10_0084	4532	8333
2526922	5833.PFF0435w	4528	8947
2523612	5833.PF08_0075	4348	1820
2526111	5833.PFC0300c	4335	2234
2524356	5833.PF11_0312	4176	486
2526488	5833.PFD1055w	4125	2431
2524233	5833.PF11_0183	4046	3592
2525517	5833.PF14_0627	4001	2635
2523374	5833.MAL8P1.69	3908	3808
2524673	5833.PF13_0132	3905	985
2527097	5833.PFF1300w	3838	7273
2524561	5833.PF13_0011	3783	2552
2523799	5833.PF10_0121	3719	3326
2526266	5833.PFC1020c	3585	2354
2527454	5833.PFI1475w	3581	17084
2526163	5833.PFC0535w	3369	541
2524624	5833.PF13_0076	3330	1340
2527011	5833.PFF0865w	3194	1413
2523945	5833.PF10_0268	3180	2160
2524810	5833.PF13_0272	3149	1571
2527015	5833.PFF0885w	3117	553
2526830	5833.PFE1590w	3102	918
2524694	5833.PF13_0153	3095	3215
2527192	5833.PFI0190w	3063	949
2525887	5833.PFB0340c	3039	9102
2522844	5833.MAL13P1.233	2997	1662
2523949	5833.PF10_0272	2960	2383
2522848	5833.MAL13P1.237	2944	3320
2523793	5833.PF10_0115	2886	7432
2523613	5833.PF08_0076	2883	965
2524257	5833.PF11_0208	2877	2043
2526245	5833.PFC0920w	2864	2035
2524599	5833.PF13_0049	2774	472
2525545	5833.PF14_0655	2746	4446
2525372	5833.PF14_0486	2726	8077
2523700	5833.PF10_0028.1	2716	801
2526109	5833.PFC0290w	2711	519
2526680	5833.PFE0810c	2614	1448
2524318	5833.PF11_0272	2613	1033
2526393	5833.PFD0590c	2543	6513
2526212	5833.PFC0775w	2542	970
2526487	5833.PFD1050w	2520	6970
2524977	5833.PF14_0083	2508	1589
2524806	5833.PF13_0268	2470	816
2523716	5833.PF10_0043	2460	795
2527742	5833.PFL1070c	2443	7444
2526718	5833.PFE1005w	2427	627
2524394	5833.PF11_0351	2418	5920
2527374	5833.PFI1090w	2386	6576
2527805	5833.PFL1385c	2368	5086
2523712	5833.PF10_0039	2336	1480
2523576	5833.PF08_0039	2301	404
2524156	5833.PF11_0098	2299	2071
2524852	5833.PF13_0316	2292	956
2523409	5833.PF07_0007	2286	953
2523435	5833.PF07_0033	2196	6614
2527190	5833.PFI0180w	2193	7259
2525333	5833.PF14_0448	2169	1583
2525120	5833.PF14_0230	2158	1887
2527042	5833.PFF1025c	2153	2164
2524751	5833.PF13_0213	2142	1014
2523941	5833.PF10_0264	2130	1737
2526776	5833.PFE1285w	2043	1217
2526652	5833.PFE0660c	2039	2302
2526712	5833.PFE0975c	1987	423
2525590	5833.PF14_0700	1982	1575
2527998	5833.PFL2335w	1951	3384
2525223	5833.PF14_0336	1948	982
2526815	5833.PFE1500c	1938	498
2523744	5833.PF10_0068	1907	1240
2527941	5833.PFL2055w	1904	785
2526748	5833.PFE1150w	1877	5046
2525751	5833.PFA0420w	1869	200
2523556	5833.PF08_0019	1865	2371
2525255	5833.PF14_0368	1790	1633
2526727	5833.PFE1050w	1786	2702
2524763	5833.PF13_0224	1783	815
2524670	5833.PF13_0129	1758	914
2525033	5833.PF14_0141	1745	755
2525569	5833.PF14_0678	1743	1830
2526133	5833.PFC0400w	1717	735
2527342	5833.PFI0930c	1709	1500
2525265	5833.PF14_0378	1697	1818
2526637	5833.PFE0585c	1691	3839
2526204	5833.PFC0735w	1688	588
2525130	5833.PF14_0240	1686	537
2525467	5833.PF14_0579	1663	507
2526465	5833.PFD0950w	1620	742
2525909	5833.PFB0445c	1618	2586
2527762	5833.PFL1170w	1604	4593
2527319	5833.PFI0820c	1590	1079
2527207	5833.PFI0265c	1581	4661
2524565	5833.PF13_0014	1530	606
2525247	5833.PF14_0359	1512	2104
2523021	5833.MAL13P1.56	1479	6078
2523966	5833.PF10_0289	1460	2316
2527895	5833.PFL1825w	1456	1396
2524473	5833.PF11_0438	1440	234
2523378	5833.MAL8P1.72	1420	200
2522952	5833.MAL13P1.336	1388	1994
2526645	5833.PFE0625w	1354	978
2525095	5833.PF14_0205	1348	330
2525432	5833.PF14_0545	1341	500
2526687	5833.PFE0845c	1331	967
2527411	5833.PFI1270w	1317	908
2524374	5833.PF11_0329	1303	2377
2524357	5833.PF11_0313	1302	2921
2523831	5833.PF10_0153	1291	2784
2524041	5833.PF10_0366	1289	1315
2523711	5833.PF10_0038	1280	348
2523490	5833.PF07_0088	1269	879
2527047	5833.PFF1050w	1263	870
2527391	5833.PFI1175c	1226	634
2525131	5833.PF14_0241	1226	472
2524572	5833.PF13_0021	1210	626
2524995	5833.PF14_0102	1193	4873
2526108	5833.PFC0285c	1186	2769
2527104	5833.PFF1335c	1185	1209
2524002	5833.PF10_0323	1179	1258
2526629	5833.PFE0545c	1177	437
2527446	5833.PFI1445w	1171	6228
2525186	5833.PF14_0296	1169	420
2526256	5833.PFC0975c	1155	1683
2526688	5833.PFE0850c	1139	648
2523298	5833.MAL8P1.17	1135	2490
2526758	5833.PFE1195w	1134	5549
2524813	5833.PF13_0275	1130	1149
2527284	5833.PFI0645w	1129	1181
2525211	5833.PF14_0324	1127	1373
2523668	5833.PF08_0131	1120	902
2527508	5833.PFI1735c	1118	1532
2524862	5833.PF13_0328	1114	1252
2523133	5833.MAL7P1.174	1077	544
2526556	5833.PFE0165w	1076	549
2523198	5833.MAL7P1.5	1074	827
2524712	5833.PF13_0171	1054	684
2527782	5833.PFL1270w	1052	1041
2526559	5833.PFE0185c	1051	188
2523624	5833.PF08_0087	1048	1566
2524851	5833.PF13_0315	1043	1128
2523883	5833.PF10_0203	1043	754
2527005	5833.PFF0835w	1042	911
2527026	5833.PFF0940c	1040	3586
2527185	5833.PFI0155c	1034	879
2526341	5833.PFD0310w	1030	1205
2525911	5833.PFB0455w.1	1030	161
2527829	5833.PFL1500w	1028	1050
2526110	5833.PFC0295c	1021	730
2525987	5833.PFB0830w	1019	218
2523764	5833.PF10_0086	1017	822
2527639	5833.PFL0565w	1001	593
2524302	5833.PF11_0257	973	1363
2527874	5833.PFL1720w	965	1652
2527813	5833.PFL1425w	961	1966
2525717	5833.PFA0245w	948	1295
2524104	5833.PF11_0043	948	496
2526978	5833.PFF0700c	941	215
2525015	5833.PF14_0124	921	2613
2524614	5833.PF13_0065	920	2659
2524472	5833.PF11_0437	914	319
2523608	5833.PF08_0071	909	610
2527069	5833.PFF1155w	905	2066
2523080	5833.MAL7P1.117	891	9
2524125	5833.PF11_0065	891	583
2523130	5833.MAL7P1.171	888	4024
2526437	5833.PFD0810w	884	708
2523869	5833.PF10_0187	879	392
2523890	5833.PF10_0210	874	851
2525278	5833.PF14_0391	854	642
2525919	5833.PFB0490c	852	281
2527750	5833.PFL1110c	842	1412
2524969	5833.PF14_0075	842	1235
2526793	5833.PFE1370w	821	819
2523481	5833.PF07_0079	821	394
2524584	5833.PF13_0033	816	1378
2523059	5833.MAL13P1.92	814	269
2526300	5833.PFD0080c	810	1349
2524684	5833.PF13_0143	809	1458
2524358	5833.PF11_0314	807	1263
2524706	5833.PF13_0165	805	996
2525605	5833.PF14_0716	804	939
2525473	5833.PF14_0585	795	136
2524660	5833.PF13_0119	785	732
2527644	5833.PFL0590c	777	2494
2525148	5833.PF14_0257	776	1237
2524487	5833.PF11_0454	772	223
2524376	5833.PF11_0331	770	1708
2527565	5833.PFL0185c	762	633
2524212	5833.PF11_0164	761	700
2527306	5833.PFI0755c	758	4531
2524752	5833.PF13_0214	754	881
2523569	5833.PF08_0032	754	1667
2524857	5833.PF13_0322	751	3125
2526277	5833.PFC1080c	745	2246
2525325	5833.PF14_0439	741	2072
2524037	5833.PF10_0361.1	728	3390
2525405	5833.PF14_0517	724	3346
2525759	5833.PFA0460c	715	340
2523085	5833.MAL7P1.122	714	1125
2526340	5833.PFD0305c	710	1763
2528000	5833.PFL2345c	709	1409
2524882	5833.PF13_0349	702	339
2526538	5833.PFE0080c	701	1382
2524500	5833.PF11_0465	698	1878
2524143	5833.PF11_0086	697	3807
2526849	5833.PFF0060w	694	2221
2525927	5833.PFB0525w	687	1395
2523781	5833.PF10_0103	685	315
2527332	5833.PFI0880c	679	1339
2523346	5833.MAL8P1.40	675	391
2527582	5833.PFL0280c	671	771
2526104	5833.PFC0275w	666	1049
2523391	5833.MAL8P1.83	664	496
2526239	5833.PFC0900w	663	1316
2525749	5833.PFA0410w	663	3129
2526121	5833.PFC0350c	654	1455
2522884	5833.MAL13P1.270	647	557
2527713	5833.PFL0930w	646	3328
2525058	5833.PF14_0167	643	286
2523516	5833.PF07_0112	642	699
2526407	5833.PFD0670c	642	567
2524224	5833.PF11_0175	641	2077
2525902	5833.PFB0410c	638	714
2524092	5833.PF11_0025	637	2284
2526405	5833.PFD0665c	631	906
2525190	5833.PF14_0301.1	628	648
2525888	5833.PFB0345c	624	2479
2525408	5833.PF14_0520	621	1054
2526199	5833.PFC0710w.2	607	773
2523368	5833.MAL8P1.62	606	529
2524115	5833.PF11_0055	601	1083
2524060	5833.PF10_0390	599	2226
2524338	5833.PF11_0293	594	108
2527142	5833.PFF1525c	589	2226
2525755	5833.PFA0440w	580	324
2524971	5833.PF14_0077	575	1192
2525121	5833.PF14_0231	573	335
2524451	5833.PF11_0415	571	158
2526029	5833.PFB0985c	561	2184
2526853	5833.PFF0090w	560	312
2524154	5833.PF11_0096	556	707
2526206	5833.PFC0745c	556	639
2524972	5833.PF14_0078	555	1112
2524246	5833.PF11_0197	553	504
2527811	5833.PFL1415w	551	1294
2523220	5833.MAL7P1.81	550	687
2523618	5833.PF08_0081	547	674
2527746	5833.PFL1090w	546	448
2523018	5833.MAL13P1.540	545	1446
2525798	5833.PFA0680c	545	2092
2523475	5833.PF07_0073	544	1072
2526921	5833.PFF0430w	543	1328
2525428	5833.PF14_0541	540	1323
2524720	5833.PF13_0179	540	2154
2525152	5833.PF14_0261	538	552
2524997	5833.PF14_0104	537	764
2525228	5833.PF14_0341	536	1127
2523336	5833.MAL8P1.32	534	1156
2525685	5833.PFA0065w	532	2057
2525886	5833.PFB0335c	532	1779
2523720	5833.PF10_0047	530	862
2525901	5833.PFB0405w	529	6177
2527471	5833.PFI1565w	528	492
2525701	5833.PFA0160c	524	933
2527276	5833.PFI0605c	517	842
2526302	5833.PFD0090c	516	503
2526428	5833.PFD0770c	514	175
2524814	5833.PF13_0276	512	211
2527230	5833.PFI0370c	510	396
2527212	5833.PFI0290c	501	1350
2523177	5833.MAL7P1.27	498	1083
2524800	5833.PF13_0262	497	1041
2526058	5833.PFC0085c	495	554
2527759	5833.PFL1155w	493	508
2525264	5833.PF14_0377	492	495
2524530	5833.PF11_0508	490	651
2524733	5833.PF13_0192	488	547
2525288	5833.PF14_0401	485	750
2524649	5833.PF13_0102	483	1357
2525984	5833.PFB0815w	483	903
2526103	5833.PFC0271c	482	164
2527942	5833.PFL2060c	478	1028
2522832	5833.MAL13P1.221	475	761
2524495	5833.PF11_0461	474	332
2524671	5833.PF13_0130	472	157
2524790	5833.PF13_0252	471	832
2524920	5833.PF14_0027	469	196
2526063	5833.PFC0110w	468	6363
2523183	5833.MAL7P1.300	465	26
2525879	5833.PFB0300c	464	257
2522989	5833.MAL13P1.413	463	224
2525055	5833.PF14_0164	451	959
2524327	5833.PF11_0282	451	293
2527839	5833.PFL1545c	449	1299
2522738	5833.MAL13P1.130	448	329
2527467	5833.PFI1545c	447	539
2526064	5833.PFC0120w	444	6241
2526919	5833.PFF0420c	434	722
2523532	5833.PF07_0129	433	1047
2526328	5833.PFD0240c	429	593
2524337	5833.PF11_0292	426	361
2526186	5833.PFC0635c	424	377
2527812	5833.PFL1420w	419	873
2524305	5833.PF11_0260	418	3
2527494	5833.PFI1670c	417	289
2525329	5833.PF14_0443	414	253
2522896	5833.MAL13P1.283	414	778
2527096	5833.PFF1295w	414	571
2524346	5833.PF11_0302	409	888
2524685	5833.PF13_0144	408	597
2527645	5833.PFL0595c	408	324
2524004	5833.PF10_0325	406	551
2525433	5833.PF14_0546	405	878
2525940	5833.PFB0595w	405	386
2527360	5833.PFI1020c	399	674
2524612	5833.PF13_0063	397	956
2525466	5833.PF14_0578	393	300
2526790	5833.PFE1355c	392	697
2525177	5833.PF14_0287	391	260
2527075	5833.PFF1185w	390	2378
2525231	5833.PF14_0344	389	1350
2523688	5833.PF10_0016	387	124
2526532	5833.PFE0050w	387	386
2524192	5833.PF11_0142	386	416
2526232	5833.PFC0870w	386	245
2523259	5833.MAL8P1.125	383	571
2522961	5833.MAL13P1.343	383	398
2527729	5833.PFL1005c	382	334
2524019	5833.PF10_0340	382	1371
2524772	5833.PF13_0233	381	987
2527777	5833.PFL1245w	380	1579
2526501	5833.PFD1120c	379	203
2528012	5833.PFL2405c	374	4528
2525539	5833.PF14_0649	372	2519
2527017	5833.PFF0895w	372	447
2527121	5833.PFF1415c	372	443
2526657	5833.PFE0690c	370	588
2527688	5833.PFL0795c	368	289
2525454	5833.PF14_0567	360	618
2527517	5833.PFI1780w	357	378
2525398	5833.PF14_0510	357	236
2526833	5833.PFE1605w	357	929
2522842	5833.MAL13P1.231	355	530
2525771	5833.PFA0520c	355	779
2525240	5833.PF14_0352	353	1009
2524954	5833.PF14_0060	353	748
2524345	5833.PF11_0301	351	892
2526789	5833.PFE1350c	349	138
2527986	5833.PFL2275c	348	371
2525837	5833.PFB0120w	346	131
2527899	5833.PFL1845c	345	184
2524697	5833.PF13_0156	345	224
2524607	5833.PF13_0058	344	250
2526499	5833.PFD1110w	343	534
2525606	5833.PF14_0717	338	501
2522818	5833.MAL13P1.209	336	70
2527371	5833.PFI1075w	335	159
2527875	5833.PFL1725w	335	987
2523759	5833.PF10_0081	334	586
2525478	5833.PF14_0589	333	794
2524239	5833.PF11_0189	332	1573
2525216	5833.PF14_0329	331	223
2523804	5833.PF10_0126	328	608
2526418	5833.PFD0720w	327	254
2526243	5833.PFC0912w	326	241
2526510	5833.PFD1170c	325	490
2524947	5833.PF14_0053	325	547
2525280	5833.PF14_0393	325	602
2524737	5833.PF13_0197	321	499
2525180	5833.PF14_0290	320	373
2527343	5833.PFI0935w	318	804
2523801	5833.PF10_0123	315	733
2527976	5833.PFL2225w	312	231
2525730	5833.PFA0310c	311	1660
2523083	5833.MAL7P1.12	311	1804
2523278	5833.MAL8P1.142	309	673
2527469	5833.PFI1555w	309	10
2527785	5833.PFL1285c	307	367
2524962	5833.PF14_0068	306	234
2524781	5833.PF13_0242	305	428
2525210	5833.PF14_0323	305	293
2527959	5833.PFL2140c	303	333
2528002	5833.PFL2355w	302	313
2526691	5833.PFE0865c	301	162
2526534	5833.PFE0060w	300	333
2523400	5833.MAL8P1.95	298	547
2522897	5833.MAL13P1.284	298	354
2523291	5833.MAL8P1.156	297	1008
2524303	5833.PF11_0258	297	229
2527201	5833.PFI0235w	294	576
2527549	5833.PFL0105w	293	350
2526589	5833.PFE0340c	291	778
2523050	5833.MAL13P1.83	291	946
2525379	5833.PF14_0493	290	1024
2523489	5833.PF07_0087	289	527
2524022	5833.PF10_0343	287	495
2527543	5833.PFL0075w	284	274
2524985	5833.PF14_0092	283	353
2525747	5833.PFA0400c	283	319
2523482	5833.PF07_0080	282	125
2523521	5833.PF07_0117	281	407
2525034	5833.PF14_0142	281	460
2524029	5833.PF10_0351	280	689
2525092	5833.PF14_0201	277	1583
2527012	5833.PFF0870w	274	685
2526244	5833.PFC0915w	274	584
2527756	5833.PFL1140w	273	302
2524795	5833.PF13_0257	273	1154
2524820	5833.PF13_0282	272	413
2524934	5833.PF14_0039	271	105
2527341	5833.PFI0925w	271	885
2523755	5833.PF10_0077	270	525
2525834	5833.PFB0106c	269	251
2523646	5833.PF08_0109	267	484
2526976	5833.PFF0690c	265	809
2528030	5833.PFL2505c	265	2100
2523854	5833.PF10_0174	264	422
2525858	5833.PFB0210c	264	634
2523647	5833.PF08_0110	264	192
2523901	5833.PF10_0220	264	343
2524388	5833.PF11_0344	264	568
2525381	5833.PF14_0495	263	1728
2527685	5833.PFL0780w	263	229
2525083	5833.PF14_0192	262	603
2524970	5833.PF14_0076	260	732
2526832	5833.PFE1600w	260	828
2525521	5833.PF14_0632	258	1307
2523544	5833.PF08_0007	258	53
2523043	5833.MAL13P1.75	258	234
2526675	5833.PFE0785c	256	391
2525321	5833.PF14_0434	256	233
2525691	5833.PFA0110w	256	1346
2526769	5833.PFE1250w	252	998
2524407	5833.PF11_0364	249	181
2525214	5833.PF14_0327	249	437
2524989	5833.PF14_0096	248	348
2525461	5833.PF14_0574	248	140
2524238	5833.PF11_0188	248	921
2524435	5833.PF11_0396	247	625
2526267	5833.PFC1025w	245	26
2526009	5833.PFB0921c	245	102
2526646	5833.PFE0630c	244	204
2523789	5833.PF10_0111	244	343
2524295	5833.PF11_0250	243	162
2525078	5833.PF14_0187	243	223
2524721	5833.PF13_0180	239	266
2523357	5833.MAL8P1.52	238	33
2523082	5833.MAL7P1.119	238	448
2524087	5833.PF11_0014	235	362
2524007	5833.PF10_0328	235	365
2527673	5833.PFL0725w	234	247
2525735	5833.PFA0335w	233	202
2523623	5833.PF08_0086	231	383
2527661	5833.PFL0670c	230	724
2527472	5833.PFI1570c	230	453
2524229	5833.PF11_0179	230	155
2525831	5833.PFB0095c	229	1579
2524940	5833.PF14_0046	228	197
2524874	5833.PF13_0341	227	86
2524998	5833.PF14_0105	227	337
2526621	5833.PFE0500c	226	1072
2524023	5833.PF10_0344	226	1194
2522802	5833.MAL13P1.190	226	424
2527980	5833.PFL2245w	225	291
2523446	5833.PF07_0044	224	86
2527497	5833.PFI1685w	222	299
2526692	5833.PFE0870w	221	1027
2525725	5833.PFA0285c	220	410
2524909	5833.PF14_0016	219	107
2523893	5833.PF10_0213	219	784
2526306	5833.PFD0115c	219	137
2525526	5833.PF14_0636	219	505
2524290	5833.PF11_0245	218	397
2527176	5833.PFI0110c	218	467
2526441	5833.PFD0830w	217	390
2524418	5833.PF11_0377.1	217	283
2524326	5833.PF11_0281	216	282
2527378	5833.PFI1110w	215	618
2527299	5833.PFI0720w	214	908
2523262	5833.MAL8P1.128	214	420
2526567	5833.PFE0225w	213	261
2524129	5833.PF11_0069	213	249
2523231	5833.MAL7P1.94	213	126
2524864	5833.PF13_0330	212	451
2527760	5833.PFL1160c	211	191
2525885	5833.PFB0330c	211	534
2526903	5833.PFF0340c	211	213
2527296	5833.PFI0705w	209	214
2525949	5833.PFB0635w	208	469
2524785	5833.PF13_0247	208	333
2527057	5833.PFF1095w	208	1042
2526003	5833.PFB0895c	207	456
2525567	5833.PF14_0676	207	189
2526715	5833.PFE0990w	205	46
2524596	5833.PF13_0045	204	281
2527931	5833.PFL2005w	203	311
2526879	5833.PFF0220w	202	1357
2527003	5833.PFF0825c	202	314
2524711	5833.PF13_0170	202	568
2524316	5833.PF11_0270	202	823
2524825	5833.PF13_0287	201	564
2526941	5833.PFF0530w	201	857
2526097	5833.PFC0255c	200	204
2523821	5833.PF10_0143	200	875
2522922	5833.MAL13P1.308	198	2174
2525737	5833.PFA0345w.1	198	90
2525698	5833.PFA0145c	194	432
2523636	5833.PF08_0099	193	66
2527708	5833.PFL0900c	193	403
2525728	5833.PFA0300c	190	251
2524766	5833.PF13_0227	190	184
2524223	5833.PF11_0174	189	673
2523009	5833.MAL13P1.51	189	170
2524112	5833.PF11_0052	188	305
2525082	5833.PF14_0191	187	441
2526409	5833.PFD0680c	185	531
2524347	5833.PF11_0303	185	252
2525430	5833.PF14_0543	184	377
2527906	5833.PFL1880w	182	653
2524332	5833.PF11_0287	182	211
2524620	5833.PF13_0070	182	282
2525419	5833.PF14_0532	182	1243
2526141	5833.PFC0435w	181	819
2524108	5833.PF11_0048	180	156
2524642	5833.PF13_0095	180	791
2523628	5833.PF08_0091	180	795
2526068	5833.PFC0135c	176	962
2523379	5833.MAL8P1.73	175	644
2527686	5833.PFL0785c	174	92
2524777	5833.PF13_0238	174	435
2526537	5833.PFE0075c	174	440
2525450	5833.PF14_0563	174	481
2526132	5833.PFC0395w	173	553
2527272	5833.PFI0580c	173	320
2523358	5833.MAL8P1.53	173	355
2523467	5833.PF07_0065	172	365
2527197	5833.PFI0215c	172	94
2523874	5833.PF10_0193	171	111
2525249	5833.PF14_0361	171	406
2526949	5833.PFF0570c	171	224
2527764	5833.PFL1180w	170	159
2525067	5833.PF14_0177	169	601
2524377	5833.PF11_0332	169	221
2522861	5833.MAL13P1.248	169	102
2524382	5833.PF11_0338	168	458
2524111	5833.PF11_0051	168	414
2524918	5833.PF14_0025	167	291
2523543	5833.PF08_0006	167	178
2524531	5833.PF11_0509	166	927
2526404	5833.PFD0660w	166	120
2523474	5833.PF07_0072	165	232
2524256	5833.PF11_0207	164	459
2523778	5833.PF10_0100	164	103
2524416	5833.PF11_0374	163	551
2526885	5833.PFF0250w	163	409
2524025	5833.PF10_0346	162	209
2524683	5833.PF13_0142	162	28
2526509	5833.PFD1165w	161	383
2528023	5833.PFL2460w	159	380
2525932	5833.PFB0550w	159	300
2526102	5833.PFC0270w	158	180
2527538	5833.PFL0050c	158	244
2525612	5833.PF14_0723	157	1261
2526856	5833.PFF0105w	157	115
2523898	5833.PF10_0217	157	181
2524933	5833.PF14_0038	156	56
2527124	5833.PFF1430c	156	120
2523674	5833.PF08_0137	155	502
2526701	5833.PFE0915c	155	277
2524961	5833.PF14_0067	154	893
2524959	5833.PF14_0065	154	173
2524210	5833.PF11_0162	154	285
2524907	5833.PF14_0014	153	105
2525362	5833.PF14_0477	153	284
2526303	5833.PFD0095c	153	325
2527910	5833.PFL1900w	152	920
2526904	5833.PFF0345w	152	458
2528024	5833.PFL2465c	152	133
2525414	5833.PF14_0527	151	338
2526160	5833.PFC0520w	151	166
2527309	5833.PFI0770c	150	64
2522750	5833.MAL13P1.141	150	63
2524744	5833.PF13_0204	150	188
2524963	5833.PF14_0069	149	111
2523006	5833.MAL13P1.50	149	122
2523792	5833.PF10_0114	148	152
2526361	5833.PFD0405c	147	47
2527707	5833.PFL0895c	145	608
2523833	5833.PF10_0154	145	217
2526555	5833.PFE0160c	144	78
2523425	5833.PF07_0023	144	474
2527867	5833.PFL1685w	143	79
2525708	5833.PFA0195w	143	331
2523606	5833.PF08_0069	143	506
2526788	5833.PFE1345c	143	493
2524991	5833.PF14_0098	142	155
2524662	5833.PF13_0121	142	220
2527431	5833.PFI1370c	141	177
2525505	5833.PF14_0615	141	391
2523763	5833.PF10_0085	140	235
2523822	5833.PF10_0144	140	136
2527107	5833.PFF1350c	140	461
2522917	5833.MAL13P1.303.1	139	204
2527181	5833.PFI0135c	139	497
2522743	5833.MAL13P1.135	139	120
2525238	5833.PF14_0350	139	281
2523797	5833.PF10_0119	138	111
2524214	5833.PF11_0166	138	115
2525482	5833.PF14_0593	138	688
2525980	5833.PFB0795w	137	302
2523601	5833.PF08_0064	137	66
2523782	5833.PF10_0104	137	152
2523846	5833.PF10_0166	136	166
2525490	5833.PF14_0601	136	208
2526076	5833.PFC0170c	136	267
2525165	5833.PF14_0275	136	174
2525089	5833.PF14_0198	136	350
2524395	5833.PF11_0352	135	421
2524574	5833.PF13_0023	135	53
2525603	5833.PF14_0714	134	176
2523568	5833.PF08_0031	134	157
2525351	5833.PF14_0467	133	118
2524674	5833.PF13_0133	133	259
2524161	5833.PF11_0106	133	19
2523753	5833.PF10_0075	133	640
2523392	5833.MAL8P1.84	133	354
2523572	5833.PF08_0035	132	476
2526875	5833.PFF0200c	131	532
2525989	5833.PFB0840w	130	207
2525399	5833.PF14_0511	130	512
2524553	5833.PF11_0545	130	72
2527390	5833.PFI1170c	128	250
2523800	5833.PF10_0122	128	443
2524630	5833.PF13_0082	128	123
2523697	5833.PF10_0025	126	447
2526485	5833.PFD1037w	126	132
2523078	5833.MAL7P1.114	125	103
2527672	5833.PFL0720w	125	121
2525720	5833.PFA0260c	125	60
2523980	5833.PF10_0303	125	120
2526600	5833.PFE0395c	125	154
2523650	5833.PF08_0113	124	636
2524913	5833.PF14_0020	124	198
2525778	5833.PFA0555c	124	335
2526749	5833.PFE1155c	124	245
2524195	5833.PF11_0145	123	191
2522768	5833.MAL13P1.159	123	100
2526161	5833.PFC0525c	123	176
2523256	5833.MAL8P1.122	123	83
2523531	5833.PF07_0127	123	56
2526695	5833.PFE0885w	123	451
2523590	5833.PF08_0053	122	128
2524311	5833.PF11_0266	122	43
2526710	5833.PFE0965c	121	49
2527914	5833.PFL1920c	121	124
2523309	5833.MAL8P1.206	120	258
2522769	5833.MAL13P1.16	120	134
2523217	5833.MAL7P1.77	120	223
2527349	5833.PFI0965w	120	132
2523600	5833.PF08_0063	119	431
2527485	5833.PFI1625c	119	198
2525376	5833.PF14_0490	118	46
2526126	5833.PFC0371w	118	28
2527618	5833.PFL0460w	118	50
2525185	5833.PF14_0295	116	184
2527281	5833.PFI0630w	116	185
2524871	5833.PF13_0338	116	481
2527554	5833.PFL0130c	115	616
2526086	5833.PFC0210c	115	128
2526356	5833.PFD0385w	115	509
2527915	5833.PFL1925w	115	271
2525756	5833.PFA0445w	115	667
2526143	5833.PFC0441c.1	115	132
2524887	5833.PF13_0354	115	516
2526013	5833.PFB0930w	114	94
2524911	5833.PF14_0018	114	225
2526960	5833.PFF0615c	114	224
2527649	5833.PFL0615w	114	53
2523048	5833.MAL13P1.81	112	88
2526203	5833.PFC0730w	112	213
2523074	5833.MAL7P1.110	112	78
2523632	5833.PF08_0095	112	327
2525994	5833.PFB0865w	111	32
2525711	5833.PFA0210c	111	274
2526536	5833.PFE0070w	111	183
2523692	5833.PF10_0020	111	366
2523573	5833.PF08_0036	111	401
2523129	5833.MAL7P1.170	111	177
2524829	5833.PF13_0291	111	466
2524227	5833.PF11_0177	109	241
2526007	5833.PFB0915w	108	425
2523672	5833.PF08_0136	107	16
2523597	5833.PF08_0060	107	403
2524654	5833.PF13_0109	107	250
2526811	5833.PFE1470w	106	86
2527200	5833.PFI0230c	106	64
2523954	5833.PF10_0277	106	63
2525853	5833.PFB0194w	106	125
2523153	5833.MAL7P1.208	106	203
2526682	5833.PFE0820c	105	132
2525890	5833.PFB0355c	105	810
2527588	5833.PFL0310c	104	646
2526382	5833.PFD0525w	104	118
2525788	5833.PFA0620c	104	153
2526786	5833.PFE1335c	103	90
2527106	5833.PFF1345w	103	468
2523049	5833.MAL13P1.82	103	96
2526241	5833.PFC0910w	101	131
2524731	5833.PF13_0190	101	204
2527841	5833.PFL1555w	101	64
2523721	5833.PF10_0048	101	74
2525572	5833.PF14_0681	101	214
2524838	5833.PF13_0301	101	75
2524127	5833.PF11_0067	101	262
2524993	5833.PF14_0100	100	317
2525118	5833.PF14_0228	99.8	556
2525474	5833.PF14_0586	99.7	111
2523491	5833.PF07_0089	99.1	381
2524131	5833.PF11_0071	99.1	204
2522773	5833.MAL13P1.163.1	99.0	121
2523442	5833.PF07_0040	98.9	132
2525304	5833.PF14_0417	98.7	292
2524168	5833.PF11_0114	98.7	167
2526202	5833.PFC0725c	98.5	322
2527373	5833.PFI1085w	98.5	458
2525308	5833.PF14_0421	98.5	139
2527650	5833.PFL0620c	98.2	235
2523241	5833.MAL8P1.103	98.0	176
2525570	5833.PF14_0679	97.9	256
2526752	5833.PFE1170w	97.6	201
2523930	5833.PF10_0252	97.4	9
2525534	5833.PF14_0644	97.0	348
2524405	5833.PF11_0362	96.9	247
2525870	5833.PFB0260w	96.7	383
2522965	5833.MAL13P1.347	96.2	99
2526920	5833.PFF0425w	95.8	84
2524254	5833.PF11_0205	95.2	37
2525386	5833.PF14_0500	94.3	76
2524157	5833.PF11_0099	94.3	337
2524791	5833.PF13_0253	93.9	225
2525341	5833.PF14_0455	93.1	587
2525714	5833.PFA0230c	92.1	84
2527642	5833.PFL0580w	92.0	275
2522962	5833.MAL13P1.344	91.5	191
2523662	5833.PF08_0125	91.5	239
2525203	5833.PF14_0316	90.7	448
2523449	5833.PF07_0047	90.7	556
2527001	5833.PFF0815w	90.3	237
2523850	5833.PF10_0170	90.2	72
2527444	5833.PFI1435w	90.1	95
2523540	5833.PF08_0003	89.9	122
2525248	5833.PF14_0360	89.8	204
2526762	5833.PFE1215c	89.7	132
2524786	5833.PF13_0248	89.6	140
2524771	5833.PF13_0232	89.6	238
2525946	5833.PFB0620w	88.6	41
2523053	5833.MAL13P1.86	88.3	349
2523957	5833.PF10_0280	88.2	52
2526214	5833.PFC0785c	87.9	72
2526597	5833.PFE0380c	87.8	156
2524984	5833.PF14_0090	87.6	79
2524024	5833.PF10_0345	87.4	154
2524695	5833.PF13_0154	87.2	207
2525323	5833.PF14_0437	87.1	164
2524990	5833.PF14_0097	87.0	183
2525222	5833.PF14_0335	86.7	56
2523999	5833.PF10_0320a	86.4	94
2522901	5833.MAL13P1.288	86.4	72
2525260	5833.PF14_0373	86.3	167
2526491	5833.PFD1070w	86.3	141
2523146	5833.MAL7P1.202	85.2	372
2524595	5833.PF13_0044	84.8	792
2527593	5833.PFL0335c	84.5	247
2522875	5833.MAL13P1.260	84.2	224
2525441	5833.PF14_0554	83.4	19
2522900	5833.MAL13P1.287	83.4	71
2524583	5833.PF13_0032	83.4	138
2526419	5833.PFD0725c	83.1	145
2526700	5833.PFE0910w	83.0	26
2526350	5833.PFD0355c	82.9	49
2526001	5833.PFB0888w.1	82.5	25
2523327	5833.MAL8P1.26	82.3	6
2527788	5833.PFL1300c	81.7	151
2524218	5833.PF11_0169	81.0	50
2527428	5833.PFI1355w	80.5	140
2527566	5833.PFL0190w	80.3	100
2526676	5833.PFE0790c	80.2	24
2526124	5833.PFC0365w	79.8	147
2526655	5833.PFE0675c	79.5	206
2527335	5833.PFI0895c	79.0	132
2524824	5833.PF13_0286	78.2	186
2527753	5833.PFL1125w	78.1	446
2524213	5833.PF11_0165	78.0	364
2527961	5833.PFL2150c	77.9	58
2525889	5833.PFB0350c	77.3	345
2526639	5833.PFE0595w	77.2	29
2522838	5833.MAL13P1.228	76.7	119
2526342	5833.PFD0311w	76.4	81
2525038	5833.PF14_0146	76.4	85
2523487	5833.PF07_0085	76.0	179
2526798	5833.PFE1405c	75.8	278
2524426	5833.PF11_0385	75.7	122
2525493	5833.PF14_0604	75.5	75
2524479	5833.PF11_0443	75.5	83
2526954	5833.PFF0590c	75.0	165
2525810	5833.PFA0750w	74.9	40
2525768	5833.PFA0505c	74.7	76
2526071	5833.PFC0150w	74.4	234
2523247	5833.MAL8P1.109	74.3	89
2524299	5833.PF11_0254	74.1	93
2526722	5833.PFE1025c	73.9	164
2522746	5833.MAL13P1.139	73.8	48
2525719	5833.PFA0255c	73.5	173
2523106	5833.MAL7P1.147	73.4	614
2527198	5833.PFI0220w	73.1	37
2527463	5833.PFI1525w	72.9	61
2525315	5833.PF14_0428	72.8	286
2527193	5833.PFI0195c	72.6	85
2524209	5833.PF11_0161	72.5	348
2523385	5833.MAL8P1.78	72.4	54
2526069	5833.PFC0140c	72.4	233
2526078	5833.PFC0176c	72.4	71
2525763	5833.PFA0480w	72.3	191
2523154	5833.MAL7P1.209	72.2	205
2527629	5833.PFL0515w	72.0	63
2522730	5833.MAL13P1.122	71.6	678
2523657	5833.PF08_0120	71.3	127
2525753	5833.PFA0430c	71.3	240
2523541	5833.PF08_0004	71.3	29
2526454	5833.PFD0895c	71.2	70
2525064	5833.PF14_0174	71.2	115
2522887	5833.MAL13P1.274	71.2	261
2523031	5833.MAL13P1.64	71.0	16
2524241	5833.PF11_0191	70.9	157
2525018	5833.PF14_0127	70.7	91
2522783	5833.MAL13P1.172	70.7	67
2524544	5833.PF11_0524	70.4	21
2527120	5833.PFF1410c	70.3	160
2525938	5833.PFB0585w	70.2	118
2524172	5833.PF11_0117	70.0	80
2525899	5833.PFB0395w	70.0	86
2524859	5833.PF13_0324	69.4	259
2523134	5833.MAL7P1.176	69.3	287
2524084	5833.PF11_0009	69.2	1356
2523975	5833.PF10_0298	69.0	181
2525827	5833.PFB0075c	68.9	33
2523408	5833.PF07_0006	68.8	74
2526610	5833.PFE0445c	68.6	82
2525486	5833.PF14_0597	68.3	164
2525137	5833.PF14_0246	68.0	311
2527632	5833.PFL0530c	68.0	286
2527547	5833.PFL0095c	67.8	28
2523401	5833.MAL8P1.96	67.5	48
2526896	5833.PFF0305c	67.2	57
2525243	5833.PF14_0355	67.1	13
2524524	5833.PF11_0487	67.1	39
2524773	5833.PF13_0234	66.9	180
2527419	5833.PFI1310w	66.6	272
2524039	5833.PF10_0363	66.0	226
2524216	5833.PF11_0168	65.7	270
2524425	5833.PF11_0384	65.4	186
2523705	5833.PF10_0033	65.0	46
2527227	5833.PFI0355c	64.9	166
2527171	5833.PFI0086w	64.9	55
2526947	5833.PFF0560c	64.8	172
2525856	5833.PFB0200c	64.8	113
2526596	5833.PFE0375w	64.4	120
2524745	5833.PF13_0205	64.3	168
2524027	5833.PF10_0348	64.3	125
2524719	5833.PF13_0178	63.5	59
2524853	5833.PF13_0317	63.2	40
2526787	5833.PFE1340w	63.0	49
2522958	5833.MAL13P1.341	62.9	53
2526716	5833.PFE0995c	62.7	132
2526641	5833.PFE0605c	61.8	112
2523695	5833.PF10_0023	61.4	64
2526129	5833.PFC0381c	61.3	59
2522835	5833.MAL13P1.225	61.3	41
2526096	5833.PFC0250c	61.0	140
2525783	5833.PFA0580c	60.7	91
2527945	5833.PFL2075c	60.6	32
2524481	5833.PF11_0447	60.5	89
2524155	5833.PF11_0097	60.3	85
2526865	5833.PFF0150c	60.3	67
2525547	5833.PF14_0657	60.1	202
2523459	5833.PF07_0057	60.0	73
2526123	5833.PFC0360w	59.9	47
2525444	5833.PF14_0557	59.7	81
2527277	5833.PFI0610w	59.6	48
2525077	5833.PF14_0186	59.5	163
2524761	5833.PF13_0222	59.1	182
2523616	5833.PF08_0079	58.5	51
2525237	5833.PF14_0349	58.4	30
2523924	5833.PF10_0244	58.2	203
2526744	5833.PFE1130w	58.1	116
2527303	5833.PFI0740c	57.7	14
2527425	5833.PFI1340w	57.6	150
2526225	5833.PFC0835c	57.4	105
2524497	5833.PF11_0463	57.0	242
2526092	5833.PFC0235w	56.9	129
2526322	5833.PFD0207c	56.9	59
2524339	5833.PF11_0294	56.8	450
2525921	5833.PFB0500c	56.8	56
2526946	5833.PFF0555w	56.6	53
2522782	5833.MAL13P1.171	56.3	46
2527751	5833.PFL1115w	56.2	71
2526080	5833.PFC0185w	56.2	136
2525508	5833.PF14_0617	56.1	51
2527897	5833.PFL1835w	56.0	252
2527226	5833.PFI0350c	55.9	41
2525215	5833.PF14_0328	55.7	48
2523234	5833.MAL7P1.98	55.1	25
2523798	5833.PF10_0120	55.0	68
2526456	5833.PFD0905w	54.9	56
2527950	5833.PFL2095w	54.8	30
2525620	5833.PF14_0732	54.8	98
2523209	5833.MAL7P1.67	54.6	78
2524768	5833.PF13_0229	54.3	294
2523545	5833.PF08_0008	54.0	155
2523906	5833.PF10_0225	53.9	67
2528016	5833.PFL2425w	53.7	17
2523187	5833.MAL7P1.320	53.6	3
2524291	5833.PF11_0246	53.4	341
2524610	5833.PF13_0061	53.4	74
2525458	5833.PF14_0571	53.3	87
2523827	5833.PF10_0149	53.2	162
2523363	5833.MAL8P1.58	52.9	81
2525339	5833.PF14_0453	52.7	96
2526062	5833.PFC0105w	52.6	258
2524144	5833.PF11_0087	52.6	65
2523808	5833.PF10_0130	52.4	204
2525950	5833.PFB0640c	52.2	312
2527955	5833.PFL2120w	52.1	258
2525848	5833.PFB0175c	51.8	44
2524189	5833.PF11_0139	51.7	50
2522728	5833.MAL13P1.120	51.7	100
2524735	5833.PF13_0194	51.6	36
2527027	5833.PFF0945c	51.2	309
2528018	5833.PFL2435w	51.1	27
2524014	5833.PF10_0334	51.1	95
2527036	5833.PFF0995c	50.9	74
2522785	5833.MAL13P1.174	50.9	58
2524236	5833.PF11_0186	50.9	41
2527189	5833.PFI0175w.1	50.8	92
2524958	5833.PF14_0064	50.8	42
2525801	5833.PFA0700c	50.7	24
2527362	5833.PFI1030c.1	50.7	67
2527048	5833.PFF1055c	50.7	138
2527423	5833.PFI1330c	50.4	38
2525029	5833.PF14_0137	50.4	128
2525219	5833.PF14_0332	50.3	38
2525796	5833.PFA0670c	50.0	62
2527507	5833.PFI1730w	49.9	374
2524354	5833.PF11_0310	49.8	255
2524529	5833.PF11_0506	49.6	1191
2526796	5833.PFE1395c	49.5	20
2524646	5833.PF13_0099	49.4	25
2524895	5833.PF13_0362	49.4	30
2527691	5833.PFL0815w	49.3	202
2527214	5833.PFI0300w	49.2	30
2525043	5833.PF14_0151	49.1	73
2527550	5833.PFL0110c	49.1	119
2522907	5833.MAL13P1.294	48.9	59
2526376	5833.PFD0485w	48.9	75
2523719	5833.PF10_0046	48.8	168
2524009	5833.PF10_0330	48.8	29
2525132	5833.PF14_0242	48.6	70
2525234	5833.PF14_0346	48.6	191
2525348	5833.PF14_0464	48.5	44
2525962	5833.PFB0695c	48.4	175
2525830	5833.PFB0090c	48.4	231
2522779	5833.MAL13P1.169	48.3	57
2523243	5833.MAL8P1.105	48.2	191
2527430	5833.PFI1365w	48.1	33
2524741	5833.PF13_0201	48.1	117
2524727	5833.PF13_0186	47.9	50
2525507	5833.PF14_0616	47.8	123
2525743	5833.PFA0375c	47.7	221
2524717	5833.PF13_0176	47.5	103
2524702	5833.PF13_0161	47.4	156
2524598	5833.PF13_0048	47.3	148
2526081	5833.PFC0190c	47.1	91
2525051	5833.PF14_0159	47.1	156
2526650	5833.PFE0650c	46.8	40
2525427	5833.PF14_0540	46.7	184
2523995	5833.PF10_0317	46.6	83
2527509	5833.PFI1740c.1	46.5	20
2523030	5833.MAL13P1.63	46.5	250
2526116	5833.PFC0325c	46.5	214
2524968	5833.PF14_0074	46.4	80
2524508	5833.PF11_0473	46.3	28
2524526	5833.PF11_0503	46.2	75
2527254	5833.PFI0490c	46.2	201
2527701	5833.PFL0865w	46.1	79
2523194	5833.MAL7P1.36	45.8	9
2523824	5833.PF10_0146	45.5	284
2526385	5833.PFD0540c	45.5	110
2523495	5833.PF07_0092	45.4	85
2523593	5833.PF08_0056	45.3	24
2524170	5833.PF11_0115	45.2	80
2526218	5833.PFC0805w	45.1	354
2526363	5833.PFD0420c	44.9	74
2527477	5833.PFI1590c	44.9	294
2524849	5833.PF13_0313	44.8	92
2522777	5833.MAL13P1.167	44.5	92
2523161	5833.MAL7P1.217	44.5	1249
2522774	5833.MAL13P1.164	44.5	78
2524043	5833.PF10_0368	44.5	118
2525522	5833.PF14_0633	44.1	145
2525958	5833.PFB0680w	44.0	93
2522830	5833.MAL13P1.22	43.9	147
2527892	5833.PFL1810w	43.8	89
2525629	5833.PF14_0741	43.4	56
2524221	5833.PF11_0172	43.4	129
2527583	5833.PFL0285w	43.3	65
2526451	5833.PFD0880w	42.8	75
2527654	5833.PFL0635c	42.7	99
2525988	5833.PFB0835c	42.7	154
2527878	5833.PFL1740w	42.7	38
2526540	5833.PFE0090w	42.6	100
2523389	5833.MAL8P1.81	42.6	37
2527519	5833.PFI1790w	42.3	208
2525359	5833.PF14_0474	42.3	18
2522817	5833.MAL13P1.206	42.2	131
2527879	5833.PFL1745c	42.1	50
2524449	5833.PF11_0413	41.9	41
2522912	5833.MAL13P1.299	41.8	50
2526533	5833.PFE0055c	41.7	271
2523742	5833.PF10_0066	41.5	14
2526424	5833.PFD0750w	41.5	40
2525135	5833.PF14_0244	41.3	206
2526274	5833.PFC1060c	41.3	82
2526803	5833.PFE1430c	41.3	67
2525069	5833.PF14_0178	41.0	44
2524415	5833.PF11_0373	41.0	64
2523546	5833.PF08_0009	40.8	55
2526018	5833.PFB0953w	40.6	26
2524421	5833.PF11_0380	40.2	58
2523790	5833.PF10_0112	40.2	27
2527933	5833.PFL2015w	40.2	74
2527304	5833.PFI0745w	40.2	39
2524943	5833.PF14_0049	40.0	15
2526387	5833.PFD0550c	39.9	25
2523088	5833.MAL7P1.125	39.9	60
2526444	5833.PFD0850c	39.8	60
2523669	5833.PF08_0132	39.7	263
2526237	5833.PFC0890w	39.7	46
2524113	5833.PF11_0053	39.7	222
2527187	5833.PFI0165c	39.7	317
2523418	5833.PF07_0016	39.6	278
2526738	5833.PFE1100w	39.5	4
2525710	5833.PFA0205w	39.4	158
2525504	5833.PF14_0614	39.4	226
2523028	5833.MAL13P1.61	39.3	43
2525910	5833.PFB0450w	39.1	9
2525066	5833.PF14_0176.1	39.0	34
2527653	5833.PFL0630w	38.8	42
2522794	5833.MAL13P1.182	38.7	43
2523621	5833.PF08_0084	38.7	27
2524878	5833.PF13_0345	38.6	70
2526573	5833.PFE0255w	38.5	71
2526333	5833.PFD0265w	38.4	373
2527822	5833.PFL1465c	38.4	88
2524836	5833.PF13_0299	38.3	96
2524891	5833.PF13_0358	38.3	17
2524260	5833.PF11_0211	38.2	65
2525836	5833.PFB0115w	38.1	130
2523691	5833.PF10_0019	38.1	19
2524880	5833.PF13_0347	37.9	16
2525114	5833.PF14_0224	37.6	115
2525011	5833.PF14_0120	37.5	152
2523316	5833.MAL8P1.213	37.3	74
2526576	5833.PFE0270c	37.2	200
2527128	5833.PFF1450w	37.0	34
2524475	5833.PF11_0440	37.0	35
2523913	5833.PF10_0232	36.3	444
2524594	5833.PF13_0043	36.2	19
2523461	5833.PF07_0059	36.1	46
2524163	5833.PF11_0108	35.9	117
2527720	5833.PFL0960w	35.9	70
2524417	5833.PF11_0375	35.8	136
2527271	5833.PFI0575c	35.8	21
2524128	5833.PF11_0068	35.6	68
2527807	5833.PFL1395c	35.5	359
2524675	5833.PF13_0134	35.3	54
2523468	5833.PF07_0066	35.2	104
2523502	5833.PF07_0099	35.2	29
2525465	5833.PF14_0577	35.2	142
2527499	5833.PFI1695c	35.1	29
2524698	5833.PF13_0157	34.9	83
2527346	5833.PFI0950w	34.9	126
2526175	5833.PFC0581w	34.9	31
2523486	5833.PF07_0084	34.9	18
2523091	5833.MAL7P1.129	34.8	76
2526894	5833.PFF0295c	34.8	146
2525159	5833.PF14_0269	34.8	25
2525416	5833.PF14_0529	34.8	146
2524446	5833.PF11_0409	34.8	32
2527019	5833.PFF0905w	34.5	33
2523926	5833.PF10_0246	34.5	90
2527535	5833.PFL0035c	34.4	139
2524634	5833.PF13_0086	34.4	70
2526674	5833.PFE0780w	34.3	154
2526250	5833.PFC0945w	34.3	39
2522806	5833.MAL13P1.194	34.3	39
2527616	5833.PFL0450c	34.1	19
2524432	5833.PF11_0393	34.0	20
2526272	5833.PFC1050w	33.9	32
2524657	5833.PF13_0116	33.8	229
2525030	5833.PF14_0138	33.8	26
2524001	5833.PF10_0322	33.7	137
2525253	5833.PF14_0366	33.5	61
2526372	5833.PFD0462w	33.5	127
2523839	5833.PF10_0160	33.4	95
2525356	5833.PF14_0471	33.4	71
2523246	5833.MAL8P1.108	33.3	45
2525959	5833.PFB0685c	33.3	141
2524548	5833.PF11_0529	33.3	1202
2525878	5833.PFB0295w	33.2	60
2527359	5833.PFI1015w	33.2	70
2525742	5833.PFA0370w	33.2	26
2526015	5833.PFB0935w	32.8	953
2526127	5833.PFC0375c	32.8	176
2527203	5833.PFI0245c	32.6	24
2524331	5833.PF11_0286	32.6	60
2527790	5833.PFL1310c	32.5	132
2526410	5833.PFD0685c	32.4	126
2522871	5833.MAL13P1.257	32.4	65
2524273	5833.PF11_0225	32.1	84
2523176	5833.MAL7P1.26	32.0	27
2524219	5833.PF11_0170	31.9	28
2527904	5833.PFL1870c	31.9	46
2525263	5833.PF14_0376	31.8	39
2525905	5833.PFB0423c	31.8	87
2524296	5833.PF11_0251	31.8	72
2522997	5833.MAL13P1.47	31.6	28
2526804	5833.PFE1435c	31.6	36
2527249	5833.PFI0465c	31.6	67
2526797	5833.PFE1400c	31.6	89
2525663	5833.PF14_0783	31.5	16
2523282	5833.MAL8P1.146	31.3	94
2525157	5833.PF14_0267	31.1	53
2525013	5833.PF14_0122	31.1	22
2524776	5833.PF13_0237	31.1	110
2523622	5833.PF08_0085	30.9	43
2527409	5833.PFI1260c	30.9	37
2526335	5833.PFD0275w	30.8	40
2525345	5833.PF14_0461	30.8	85
2525303	5833.PF14_0416	30.5	27
2526867	5833.PFF0160c	30.2	70
2527259	5833.PFI0515w	30.1	17
2527441	5833.PFI1420w	30.0	21
2524506	5833.PF11_0471	29.9	74
2526521	5833.PFD1230c	29.9	300
2527539	5833.PFL0055c	29.9	97
2524107	5833.PF11_0047	29.9	74
2526101	5833.PFC0265c	29.9	81
2524643	5833.PF13_0096	29.7	84
2528022	5833.PFL2455w	29.7	52
2527893	5833.PFL1815c	29.5	145
2527068	5833.PFF1150w	29.5	36
2527090	5833.PFF1265w	29.4	46
2525785	5833.PFA0590w	29.4	304
2527840	5833.PFL1550w	29.3	57
2526251	5833.PFC0950c	29.2	143
2528014	5833.PFL2415w	29.1	37
2527873	5833.PFL1715w	29.1	39
2525435	5833.PF14_0548	29.0	50
2525022	5833.PF14_0131	28.9	9
2523466	5833.PF07_0064	28.9	50
2524314	5833.PF11_0268	28.8	53
2527734	5833.PFL1030w	28.8	59
2526119	5833.PFC0340w	28.8	67
2524289	5833.PF11_0244	28.7	51
2526227	5833.PFC0845c	28.6	19
2523586	5833.PF08_0049	28.6	11
2524480	5833.PF11_0445	28.6	47
2525906	5833.PFB0425c	28.5	49
2525757	5833.PFA0450c	28.4	22
2527382	5833.PFI1130c	28.3	65
2526580	5833.PFE0290c	28.2	13
2526338	5833.PFD0295c	28.2	73
2526374	5833.PFD0470c	28.1	343
2526235	5833.PFC0885c	28.1	36
2524609	5833.PF13_0060	28.1	13
2525144	5833.PF14_0254	27.9	111
2523714	5833.PF10_0041	27.9	154
2527560	5833.PFL0160w	27.8	8
2524666	5833.PF13_0125	27.7	27
2525660	5833.PF14_0775	27.6	15
2523626	5833.PF08_0089	27.6	301
2527732	5833.PFL1020w	27.6	13
2524987	5833.PF14_0094	27.5	68
2523218	5833.MAL7P1.78	27.4	9
2526723	5833.PFE1030c	27.4	38
2527014	5833.PFF0880c	27.3	14
2524732	5833.PF13_0191	27.2	26
2527586	5833.PFL0300c	26.8	38
2527261	5833.PFI0525w	26.7	53
2525672	5833.PF14_0815	26.6	9
2523300	5833.MAL8P1.19	26.4	92
2522938	5833.MAL13P1.323	26.4	155
2528026	5833.PFL2475w	26.3	47
2522756	5833.MAL13P1.148	26.3	205
2525176	5833.PF14_0286	26.3	82
2526208	5833.PFC0755c	26.3	131
2527722	5833.PFL0970w	26.1	59
2525525	5833.PF14_0635	26.1	13
2524056	5833.PF10_0380	26.0	79
2526598	5833.PFE0385w	25.9	69
2523582	5833.PF08_0045	25.8	104
2526996	5833.PFF0790c	25.6	11
2526165	5833.PFC0545c	25.5	37
2523666	5833.PF08_0129	25.5	87
2524349	5833.PF11_0305	25.5	39
2526038	5833.PFB1035w	25.4	1185
2525098	5833.PF14_0208	25.3	7
2523933	5833.PF10_0254	25.3	152
2524808	5833.PF13_0270	25.2	42
2526806	5833.PFE1445c	25.0	114
2524730	5833.PF13_0189	25.0	120
2525245	5833.PF14_0357	25.0	90
2524881	5833.PF13_0348	25.0	86
2527328	5833.PFI0860c	24.9	97
2523075	5833.MAL7P1.111	24.8	14
2523100	5833.MAL7P1.14	24.7	17
2524047	5833.PF10_0372.2	24.6	6
2524703	5833.PF13_0162	24.6	184
2523851	5833.PF10_0171	24.5	45
2527659	5833.PFL0660w	24.4	7
2525127	5833.PF14_0237	24.3	26
2525814	5833.PFB0015c	24.3	1322
2524621	5833.PF13_0071	24.2	54
2525497	5833.PF14_0607	24.1	107
2524491	5833.PF11_0457	24.1	70
2526649	5833.PFE0645w	24.0	31
2525709	5833.PFA0200w	24.0	13
2524966	5833.PF14_0072	24.0	17
2523580	5833.PF08_0043	23.9	15
2524386	5833.PF11_0342	23.7	167
2523845	5833.PF10_0165	23.7	95
2525262	5833.PF14_0375	23.7	14
2526033	5833.PFB1010w	23.6	1269
2527496	5833.PFI1680w	23.6	34
2523557	5833.PF08_0020	23.6	115
2524601	5833.PF13_0051	23.5	9
2526523	5833.PFD1240w	23.5	1261
2527386	5833.PFI1150w	23.4	68
2524304	5833.PF11_0259	23.4	16
2527112	5833.PFF1375c.1	23.3	69
2525440	5833.PF14_0553	23.0	48
2523255	5833.MAL8P1.121	23.0	31
2523356	5833.MAL8P1.51	22.9	12
2525895	5833.PFB0380c	22.9	92
2527188	5833.PFI0170w	22.9	119
2525145	5833.PF14_0255	22.8	35
2524045	5833.PF10_0370	22.8	15
2524307	5833.PF11_0262	22.7	32
2524085	5833.PF11_0010	22.6	319
2526275	5833.PFC1065w	22.5	84
2523976	5833.PF10_0299	22.5	47
2524180	5833.PF11_0125	22.5	23
2527796	5833.PFL1340c	22.3	69
2524865	5833.PF13_0331	22.3	23
2523345	5833.MAL8P1.4	22.2	17
2527600	5833.PFL0370w	22.1	38
2523919	5833.PF10_0238	22.1	19
2523351	5833.MAL8P1.46	22.0	15
2527655	5833.PFL0640w	21.9	20
2523693	5833.PF10_0021	21.9	18
2526728	5833.PFE1055c	21.7	25
2524402	5833.PF11_0359	21.6	75
2523253	5833.MAL8P1.114	21.4	5
2526735	5833.PFE1085w	21.3	59
2523802	5833.PF10_0124	21.3	95
2523709	5833.PF10_0036	21.3	17
2526423	5833.PFD0745c	21.2	8
2526917	5833.PFF0410w	21.2	196
2527064	5833.PFF1130c	21.1	24
2526868	5833.PFF0165c	21.1	72
2523991	5833.PF10_0314	21.1	72
2527717	5833.PFL0950c	21.0	176
2527585	5833.PFL0295c	21.0	59
2524261	5833.PF11_0212	21.0	56
2525010	5833.PF14_0119	20.9	32
2527563	5833.PFL0175c	20.8	43
2524412	5833.PF11_0370	20.7	23
2526201	5833.PFC0720w	20.7	26
2526247	5833.PFC0930c	20.6	155
2523899	5833.PF10_0218	20.6	49
2523785	5833.PF10_0107	20.5	19
2524582	5833.PF13_0031	20.5	29
2523419	5833.PF07_0017	20.5	97
2525387	5833.PF14_0501	20.4	171
2522949	5833.MAL13P1.333	20.4	200
2524863	5833.PF13_0329	20.3	20
2526902	5833.PFF0335c	20.3	34
2526746	5833.PFE1140c	20.3	10
2526283	5833.PFC1115w	20.3	1303
2527871	5833.PFL1705w	20.3	133
2523494	5833.PF07_0091	20.2	10
2527866	5833.PFL1680w	20.2	140
2523473	5833.PF07_0071	20.1	55
2524812	5833.PF13_0274	20.1	66
2525731	5833.PFA0315w	20.1	38
2526936	5833.PFF0505c	20.0	29
2527741	5833.PFL1065c	19.9	44
2526049	5833.PFC0040w	19.9	323
2527596	5833.PFL0350c	19.8	118
2527587	5833.PFL0305c	19.8	33
2526768	5833.PFE1245w	19.7	42
2524908	5833.PF14_0015	19.5	37
2525241	5833.PF14_0353	19.5	11
2524611	5833.PF13_0062	19.5	39
2527594	5833.PFL0340w	19.4	82
2524619	5833.PF13_0069a	19.4	7
2524899	5833.PF14_0004	19.4	1257
2525555	5833.PF14_0665	19.3	17
2524799	5833.PF13_0261	19.3	33
2525833	5833.PFB0105c	19.3	14
2523519	5833.PF07_0115	19.2	199
2523560	5833.PF08_0023	19.2	49
2525267	5833.PF14_0380	19.0	77
2526288	5833.PFD0025w	19.0	1228
2526772	5833.PFE1265w	19.0	42
2523686	5833.PF10_0013	18.9	19
2525510	5833.PF14_0619	18.8	30
2526155	5833.PFC0500w	18.8	49
2524176	5833.PF11_0121	18.7	9
2525040	5833.PF14_0148	18.7	29
2527925	5833.PFL1975c	18.7	30
2525170	5833.PF14_0280	18.7	32
2527148	5833.PFF1560c	18.6	323
2525587	5833.PF14_0697	18.5	27
2523002	5833.MAL13P1.485	18.4	84
2522729	5833.MAL13P1.121	18.3	57
2525707	5833.PFA0190c	18.3	25
2525167	5833.PF14_0277	18.2	105
2526217	5833.PFC0800w	18.2	32
2526093	5833.PFC0240c	18.1	79
2524166	5833.PF11_0112	18.1	81
2525294	5833.PF14_0407	18.1	196
2524994	5833.PF14_0101	18.0	278
2527929	5833.PFL1995c	17.9	21
2527926	5833.PFL1980c	17.8	201
2525930	5833.PFB0540w	17.8	85
2523684	5833.PF10_0005	17.8	1183
2523690	5833.PF10_0018	17.8	55
2525811	5833.PFA0760w	17.7	1189
2526970	5833.PFF0665c	17.6	65
2525042	5833.PF14_0150	17.5	5
2524340	5833.PF11_0295	17.5	33
2527524	5833.PFI1815c	17.5	66
2525807	5833.PFA0735w	17.5	26
2523297	5833.MAL8P1.163	17.5	26
2525044	5833.PF14_0152	17.5	51
2522953	5833.MAL13P1.337	17.4	15
2522954	5833.MAL13P1.338	17.4	14
2523703	5833.PF10_0031	17.3	54
2527787	5833.PFL1295w	17.3	21
2527890	5833.PFL1800w	17.2	129
2524681	5833.PF13_0140	17.1	55
2527657	5833.PFL0650c	17.1	48
2527526	5833.PFI1825w	17.1	1310
2523676	5833.PF08_0139	17.1	1310
2525966	5833.PFB0715w	17.0	91
2524883	5833.PF13_0350	16.8	33
2524623	5833.PF13_0073	16.8	19
2526881	5833.PFF0230c	16.8	18
2524199	5833.PF11_0149.1	16.8	16
2527512	5833.PFI1755c	16.7	27
2524661	5833.PF13_0120	16.7	82
2527060	5833.PFF1110c	16.6	92
2527202	5833.PFI0240c	16.6	170
2527802	5833.PFL1370w	16.5	33
2526364	5833.PFD0425w	16.5	67
2526608	5833.PFE0435c	16.5	19
2525659	5833.PF14_0774	16.4	33
2523171	5833.MAL7P1.229	16.4	541
2523140	5833.MAL7P1.185	16.4	1238
2523131	5833.MAL7P1.172	16.3	60
2526162	5833.PFC0530w	16.3	24
2527256	5833.PFI0500w	16.2	25
2522944	5833.MAL13P1.329	16.2	55
2526995	5833.PFF0785w	16.2	54
2524361	5833.PF11_0317	16.2	88
2527896	5833.PFL1830w	16.1	4
2524066	5833.PF10_0396	16.1	63
2527888	5833.PFL1790w	16.1	68
2525543	5833.PF14_0653.1	16.0	16
2526073	5833.PFC0160w	16.0	82
2525445	5833.PF14_0558	16.0	72
2527153	5833.PFF1590w	16.0	1186
2526311	5833.PFD0150w	15.9	23
2526107	5833.PFC0282w	15.9	12
2527111	5833.PFF1370w	15.9	178
2524738	5833.PF13_0198	15.8	291
2523865	5833.PF10_0183	15.8	152
2527313	5833.PFI0790w	15.7	8
2524266	5833.PF11_0217	15.7	16
2527361	5833.PFI1025w	15.7	21
2524237	5833.PF11_0187	15.6	10
2525256	5833.PF14_0369	15.6	16
2525122	5833.PF14_0232	15.6	22
2526128	5833.PFC0380w	15.6	34
2525081	5833.PF14_0190	15.6	17
2527884	5833.PFL1770c	15.5	6
2524811	5833.PF13_0273	15.5	89
2524109	5833.PF11_0049	15.5	152
2525595	5833.PF14_0706	15.5	95
2524148	5833.PF11_0091	15.5	100
2524191	5833.PF11_0141	15.3	38
2524240	5833.PF11_0190	15.3	17
2524931	5833.PF14_0036	15.3	18
2525415	5833.PF14_0528	15.3	51
2522971	5833.MAL13P1.352	15.2	60
2525694	5833.PFA0125c	15.2	81
2525316	5833.PF14_0429	15.1	38
2526651	5833.PFE0655w	14.9	186
2523196	5833.MAL7P1.38	14.9	51
2527229	5833.PFI0365w	14.9	49
2526433	5833.PFD0795w	14.9	84
2525645	5833.PF14_0758	14.9	64
2527776	5833.PFL1240c	14.8	83
2526654	5833.PFE0670w	14.7	7
2526999	5833.PFF0805c	14.7	26
2523063	5833.MAL13P1.96	14.7	53
2523334	5833.MAL8P1.31	14.7	5
2526551	5833.PFE0140c	14.7	4
2524017	5833.PF10_0337	14.5	9
2525773	5833.PFA0530c	14.4	12
2524585	5833.PF13_0034	14.4	49
2527233	5833.PFI0385c	14.4	22
2526489	5833.PFD1060w	14.4	140
2527505	5833.PFI1720w	14.3	8
2523417	5833.PF07_0015	14.2	48
2526842	5833.PFF0015c	14.1	1178
2522867	5833.MAL13P1.253	14.1	5
2527091	5833.PFF1270c	14.1	16
2525128	5833.PF14_0238	14.1	51
2525896	5833.PFB0385w	14.1	7
2525209	5833.PF14_0322	14.0	30
2523617	5833.PF08_0080	14.0	22
2527008	5833.PFF0850c	13.9	12
2523849	5833.PF10_0169	13.9	12
2527262	5833.PFI0530c	13.8	24
2525016	5833.PF14_0125	13.7	40
2526396	5833.PFD0605c	13.7	18
2522787	5833.MAL13P1.176	13.6	286
2527422	5833.PFI1325w	13.6	6
2525634	5833.PF14_0746	13.6	24
2527265	5833.PFI0545w	13.6	13
2526150	5833.PFC0475c	13.6	50
2523848	5833.PF10_0168.2	13.5	32
2526611	5833.PFE0450w	13.5	60
2522993	5833.MAL13P1.45	13.4	12
2524575	5833.PF13_0024	13.4	93
2524287	5833.PF11_0242	13.3	96
2523101	5833.MAL7P1.141	13.3	7
2526105	5833.PFC0280c	13.3	15
2527384	5833.PFI1140w	13.2	17
2526720	5833.PFE1015c	13.2	40
2527854	5833.PFL1620w	13.2	148
2527399	5833.PFI1215w	13.2	27
2525061	5833.PF14_0170	13.2	170
2527646	5833.PFL0600w	13.1	26
2527975	5833.PFL2220w	13.1	48
2524460	5833.PF11_0424	13.1	63
2526292	5833.PFD0040c	13.1	1179
2524392	5833.PF11_0348	13.0	31
2523875	5833.PF10_0194	12.9	10
2527739	5833.PFL1055c	12.9	20
2525818	5833.PFB0035c	12.8	1288
2527158	5833.PFI0020w	12.7	1213
2524677	5833.PF13_0136	12.6	22
2523658	5833.PF08_0121	12.6	7
2523900	5833.PF10_0219	12.6	55
2522976	5833.MAL13P1.37	12.5	44
2525296	5833.PF14_0409	12.4	42
2522921	5833.MAL13P1.307	12.4	11
2523504	5833.PF07_0101	12.4	97
2525550	5833.PF14_0660	12.4	20
2524807	5833.PF13_0269	12.4	33
2527996	5833.PFL2325c	12.3	26
2523016	5833.MAL13P1.535	12.3	1288
2524854	5833.PF13_0318	12.3	5
2526668	5833.PFE0750c	12.2	19
2523661	5833.PF08_0124	12.2	23
2527381	5833.PFI1125c	12.2	11
2524837	5833.PF13_0300	12.1	13
2523596	5833.PF08_0059	12.1	7
2525713	5833.PFA0225w	12.0	34
2524726	5833.PF13_0185	11.9	5
2527031	5833.PFF0970w	11.9	9
2523157	5833.MAL7P1.213	11.9	1171
2525425	5833.PF14_0538	11.9	91
2527864	5833.PFL1670c	11.9	36
2525456	5833.PF14_0569	11.9	47
2526855	5833.PFF0100w	11.9	51
2525476	5833.PF14_0587	11.8	27
2523922	5833.PF10_0242	11.8	54
2526205	5833.PFC0740c	11.8	28
2523547	5833.PF08_0010	11.8	43
2527357	5833.PFI1005w	11.7	7
2523203	5833.MAL7P1.58	11.7	6
2527294	5833.PFI0695c	11.7	22
2524089	5833.PF11_0021	11.7	1295
2523946	5833.PF10_0269	11.7	11
2524541	5833.PF11_0520	11.7	1202
2527161	5833.PFI0035c	11.6	1288
2524949	5833.PF14_0055	11.6	39
2526794	5833.PFE1375c	11.6	14
2526326	5833.PFD0230c	11.5	40
2526500	5833.PFD1115c	11.5	69
2525657	5833.PF14_0772	11.5	1171
2526365	5833.PFD0430c	11.4	42
2528058	5833.PFL2660w	11.4	1177
2525318	5833.PF14_0431	11.4	45
2522751	5833.MAL13P1.142	11.3	17
2527455	5833.PFI1480w	11.3	32
2526181	5833.PFC0605w	11.3	6
2527949	5833.PFL2090c	11.3	9
2522868	5833.MAL13P1.254	11.3	10
2526780	5833.PFE1305c.1	11.2	18
2525852	5833.PFB0190c	11.2	65
2527903	5833.PFL1865w	11.0	86
2526962	5833.PFF0625w	11.0	24
2525682	5833.PFA0050c	11.0	1288
2523349	5833.MAL8P1.43	11.0	17
2523416	5833.PF07_0014	11.0	23
2524951	5833.PF14_0057	11.0	7
2525817	5833.PFB0030c	10.9	1171
2524344	5833.PF11_0300	10.9	17
2524886	5833.PF13_0353	10.9	12
2523434	5833.PF07_0032	10.9	10
2527317	5833.PFI0810c	10.9	13
2525154	5833.PF14_0264	10.9	30
2524868	5833.PF13_0335	10.8	44
2522857	5833.MAL13P1.244	10.8	14
2525998	5833.PFB0880w	10.8	22
2523087	5833.MAL7P1.124	10.7	15
2528013	5833.PFL2410w	10.7	25
2527733	5833.PFL1025c	10.7	24
2525271	5833.PF14_0384	10.7	23
2527676	5833.PFL0740c	10.7	3
2523757	5833.PF10_0079	10.6	120
2523743	5833.PF10_0067	10.6	15
2527199	5833.PFI0225w	10.6	42
2525361	5833.PF14_0476	10.6	13
2527677	5833.PFL0745c	10.5	21
2522714	5833.MAL13P1.103	10.5	32
2524545	5833.PF11_0526	10.5	7
2526515	5833.PFD1200c	10.5	9
2527609	5833.PFL0415w	10.5	4
2528043	5833.PFL2570w	10.5	62
2525860	5833.PFB0220w	10.5	17
2523311	5833.MAL8P1.208	10.5	34
2526286	5833.PFD0015c	10.5	34
2526603	5833.PFE0410w	10.4	19
2525866	5833.PFB0245c	10.4	10
2525242	5833.PF14_0354	10.4	26
2523062	5833.MAL13P1.95	10.4	6
2527660	5833.PFL0665c	10.3	9
2527093	5833.PFF1280w	10.3	22
2523427	5833.PF07_0025	10.3	15
2524782	5833.PF13_0243	10.3	31
2527156	5833.PFI0010c	10.3	1171
2526925	5833.PFF0450c	10.3	29
2524667	5833.PF13_0126	10.2	38
2523390	5833.MAL8P1.82	10.2	74
2523045	5833.MAL13P1.77	10.2	13
2523149	5833.MAL7P1.204	10.2	88
2525252	5833.PF14_0365	10.1	14
2527065	5833.PFF1135w	10.1	17
2524533	5833.PF11_0511	10.1	8
2526473	5833.PFD0990w	10.1	9
2527127	5833.PFF1445c	10.0	88
2525934	5833.PFB0560w	10.0	156
2524275	5833.PF11_0227	9.97	24
2526319	5833.PFD0195c	9.91	6
2528054	5833.PFL2640c	9.9	1190
2527248	5833.PFI0460w	9.87	15
2526754	5833.PFE1175w	9.78	7
2525917	5833.PFB0480w	9.76	17
2523675	5833.PF08_0138	9.74	1171
2526236	5833.PFC0886w	9.71	5
2525328	5833.PF14_0442	9.68	114
2523195	5833.MAL7P1.37	9.68	17
2522839	5833.MAL13P1.229	9.68	8
2524431	5833.PF11_0392	9.66	93
2523683	5833.PF10_0004	9.63	1171
2524897	5833.PF14_0002	9.62	1171
2526095	5833.PFC0245c	9.61	131
2525457	5833.PF14_0570	9.55	12
2524468	5833.PF11_0433	9.54	85
2523843	5833.PF10_0163	9.53	8
2522920	5833.MAL13P1.306.1	9.52	22
2525281	5833.PF14_0394	9.49	15
2524736	5833.PF13_0196	9.46	14
2526497	5833.PFD1100c	9.45	13
2526072	5833.PFC0155c	9.42	3
2527894	5833.PFL1820w	9.41	23
2527247	5833.PFI0455w	9.41	48
2525674	5833.PFA0010c	9.36	1171
2526140	5833.PFC0430w	9.3	39
2523432	5833.PF07_0030	9.29	15
2524474	5833.PF11_0439	9.27	43
2524522	5833.PF11_0485	9.21	6
2524242	5833.PF11_0192	9.2	18
2524068	5833.PF10_0398	9.17	1171
2524518	5833.PF11_0482	9.15	53
2525116	5833.PF14_0226	9.08	25
2523458	5833.PF07_0056	9.05	52
2527615	5833.PFL0445w	8.96	55
2523512	5833.PF07_0109	8.89	5
2523652	5833.PF08_0115	8.88	35
2527218	5833.PFI0320w	8.84	35
2525071	5833.PF14_0180	8.82	4
2524310	5833.PF11_0265	8.81	17
2523007	5833.MAL13P1.500	8.76	1288
2526636	5833.PFE0580w	8.75	5
2524492	5833.PF11_0458	8.72	9
2523444	5833.PF07_0042	8.69	89
2525201	5833.PF14_0314	8.69	7
2526613	5833.PFE0460c	8.68	3
2524901	5833.PF14_0006	8.68	350
2526942	5833.PFF0535c	8.65	33
2524861	5833.PF13_0327	8.64	5
2527166	5833.PFI0065w	8.56	1171
2526050	5833.PFC0045w	8.54	5
2527301	5833.PFI0730w	8.52	25
2525437	5833.PF14_0550	8.5	36
2526968	5833.PFF0655c	8.5	43
2526439	5833.PFD0820w	8.48	23
2525298	5833.PF14_0411	8.45	4
2524765	5833.PF13_0226	8.43	16
2526041	5833.PFB1050w	8.42	1171
2526685	5833.PFE0835w	8.41	55
2524098	5833.PF11_0037	8.41	18
2524315	5833.PF11_0269	8.39	3
2524159	5833.PF11_0101	8.39	11
2523828	5833.PF10_0150	8.37	16
2523736	5833.PF10_0061	8.36	11
2524950	5833.PF14_0056	8.32	24
2524448	5833.PF11_0412	8.31	4
2523997	5833.PF10_0319	8.3	17
2525439	5833.PF14_0552	8.28	90
2527350	5833.PFI0970c	8.27	41
2523160	5833.MAL7P1.216	8.26	1219
2523068	5833.MAL7P1.104	8.26	6
2523436	5833.PF07_0034	8.24	10
2522973	5833.MAL13P1.36	8.24	10
2527282	5833.PFI0635c	8.19	3
2526667	5833.PFE0745w	8.18	14
2525337	5833.PF14_0452	8.16	6
2527045	5833.PFF1040w	8.14	8
2527351	5833.PFI0975c	8.14	90
2527322	5833.PFI0830c	8.13	47
2525289	5833.PF14_0402	8.13	63
2527682	5833.PFL0765w	8.13	20
2523370	5833.MAL8P1.64	8.12	31
2523811	5833.PF10_0133	8.08	65
2524099	5833.PF11_0038	8.08	10
2524073	5833.PF10_0403	8.05	393
2526061	5833.PFC0100c	8.04	21
2527379	5833.PFI1115c	8.04	34
2526394	5833.PFD0595w	8.03	27
2522810	5833.MAL13P1.2	8.0	1171
2523748	5833.PF10_0071	8.0	23
2526520	5833.PFD1225w	7.9	294
2527103	5833.PFF1330c	7.88	8
2527730	5833.PFL1010c	7.86	67
2524140	5833.PF11_0080	7.84	3
2526131	5833.PFC0390w	7.82	32
2526607	5833.PFE0430w	7.78	36
2524334	5833.PF11_0289	7.78	45
2526337	5833.PFD0290w	7.76	3
2523807	5833.PF10_0129	7.74	36
2526764	5833.PFE1225w	7.72	6
2526290	5833.PFD0030c	7.72	1171
2524063	5833.PF10_0393	7.66	393
2527577	5833.PFL0255c	7.65	15
2526901	5833.PFF0330w	7.65	60
2526813	5833.PFE1485w	7.62	61
2527836	5833.PFL1530w	7.6	40
2522725	5833.MAL13P1.118	7.58	28
2523319	5833.MAL8P1.218	7.56	294
2524365	5833.PF11_0321	7.55	18
2526955	5833.PFF0595c	7.53	35
2526984	5833.PFF0730c	7.51	12
2527018	5833.PFF0900c	7.51	4
2525681	5833.PFA0045c	7.48	1171
2524086	5833.PF11_0011	7.47	294
2523428	5833.PF07_0026	7.46	37
2527413	5833.PFI1280c	7.46	83
2523982	5833.PF10_0306	7.46	13
2524964	5833.PF14_0070	7.45	11
2525196	5833.PF14_0309	7.45	5
2526176	5833.PFC0582c.1	7.44	6
2527581	5833.PFL0275w	7.44	29
2526546	5833.PFE0120c	7.43	13
2525172	5833.PF14_0282	7.43	57
2527123	5833.PFF1425w	7.43	19
2524525	5833.PF11_0488	7.43	29
2523958	5833.PF10_0281	7.4	13
2524220	5833.PF11_0171	7.39	14
2526511	5833.PFD1175w	7.39	20
2524267	5833.PF11_0218	7.38	36
2522864	5833.MAL13P1.250	7.38	6
2522814	5833.MAL13P1.202	7.37	37
2525661	5833.PF14_0778.1	7.36	18
2526972	5833.PFF0675c	7.35	80
2526816	5833.PFE1505w	7.33	4
2526452	5833.PFD0885c	7.32	22
2524690	5833.PF13_0149	7.3	20
2525330	5833.PF14_0444	7.28	16
2526466	5833.PFD0955w	7.26	10
2524005	5833.PF10_0326	7.24	18
2523969	5833.PF10_0292	7.24	29
2525884	5833.PFB0325c	7.22	19
2524075	5833.PF10_0405	7.19	1171
2528027	5833.PFL2480w	7.19	13
2524380	5833.PF11_0336	7.19	7
2523837	5833.PF10_0158	7.19	21
2525883	5833.PFB0320c	7.19	4
2526932	5833.PFF0485c	7.18	21
2526844	5833.PFF0025w	7.17	1171
2527775	5833.PFL1235c	7.1	18
2523971	5833.PF10_0294	7.09	32
2527147	5833.PFF1555w	7.08	1171
2523637	5833.PF08_0100	7.07	14
2522885	5833.MAL13P1.271	7.04	17
2526724	5833.PFE1035c	7.03	4
2523320	5833.MAL8P1.219	7.03	282
2524714	5833.PF13_0173	7.03	24
2523347	5833.MAL8P1.41	6.96	7
2527797	5833.PFL1345c	6.95	26
2524845	5833.PF13_0308	6.93	23
2525875	5833.PFB0280w	6.93	83
2527966	5833.PFL2175w	6.92	5
2526209	5833.PFC0760c	6.91	63
2523731	5833.PF10_0057	6.89	51
2526113	5833.PFC0310c	6.88	7
2523041	5833.MAL13P1.73	6.88	27
2526634	5833.PFE0570w	6.84	247
2527488	5833.PFI1640c	6.84	7
2526254	5833.PFC0965w	6.82	68
2527662	5833.PFL0675c	6.82	30
2525564	5833.PF14_0673	6.81	19
2527041	5833.PFF1020c	6.79	32
2524692	5833.PF13_0151	6.79	8
2524281	5833.PF11_0233	6.78	61
2526822	5833.PFE1535w	6.77	25
2526429	5833.PFD0775c	6.73	11
2525197	5833.PF14_0310	6.72	17
2525654	5833.PF14_0769	6.69	1171
2525273	5833.PF14_0386	6.68	34
2525246	5833.PF14_0358	6.66	3
2528055	5833.PFL2645c	6.64	324
2527481	5833.PFI1610c	6.63	3
2524557	5833.PF13_0004	6.63	1180
2527795	5833.PFL1335w	6.61	37
2523986	5833.PF10_0310	6.61	23
2525931	5833.PFB0545c	6.59	4
2526317	5833.PFD0185c	6.57	13
2527119	5833.PFF1405c	6.53	10
2524118	5833.PF11_0058.1	6.5	4
2523480	5833.PF07_0078	6.5	12
2525335	5833.PF14_0450	6.49	11
2526527	5833.PFE0020c	6.49	1175
2526877	5833.PFF0210w	6.46	14
2524917	5833.PF14_0024	6.45	6
2523970	5833.PF10_0293	6.43	4
2525059	5833.PF14_0168	6.42	8
2524789	5833.PF13_0251	6.4	10
2523610	5833.PF08_0073	6.4	9
2524249	5833.PF11_0200	6.39	4
2525953	5833.PFB0655c	6.39	16
2524815	5833.PF13_0277	6.38	40
2527859	5833.PFL1645w	6.37	111
2526421	5833.PFD0735c	6.34	58
2524605	5833.PF13_0055	6.33	8
2525891	5833.PFB0360c	6.24	76
2524010	5833.PF10_0331	6.23	18
2523549	5833.PF08_0012	6.23	53
2525772	5833.PFA0525w	6.22	11
2526625	5833.PFE0520c	6.21	11
2523274	5833.MAL8P1.139	6.2	164
2524279	5833.PF11_0231	6.19	8
2524889	5833.PF13_0356	6.18	6
2527255	5833.PFI0495w	6.13	60
2526893	5833.PFF0290w	6.13	10
2524753	5833.PF13_0215	6.09	5
2525779	5833.PFA0560c	6.07	6
2527006	5833.PFF0840w	6.06	4
2527597	5833.PFL0355c	6.05	10
2525129	5833.PF14_0239	6.05	9
2525754	5833.PFA0435w	6.04	7
2526044	5833.PFC0010c	6.03	1171
2525865	5833.PFB0240w	6.01	11
2523362	5833.MAL8P1.57	6.0	30
2525087	5833.PF14_0196	5.96	28
2526152	5833.PFC0486c	5.94	5
2523746	5833.PF10_0070	5.86	7
2526182	5833.PFC0610c	5.85	23
2523245	5833.MAL8P1.107	5.78	4
2524471	5833.PF11_0436	5.74	9
2523109	5833.MAL7P1.150	5.72	14
2524569	5833.PF13_0018	5.71	24
2525340	5833.PF14_0454	5.68	31
2524906	5833.PF14_0013	5.68	9
2526280	5833.PFC1095w	5.67	1171
2525447	5833.PF14_0560	5.65	7
2524640	5833.PF13_0091	5.63	10
2523092	5833.MAL7P1.13	5.63	3
2526122	5833.PFC0355c	5.62	10
2524478	5833.PF11_0442	5.61	29
2522847	5833.MAL13P1.236	5.57	3
2525829	5833.PFB0085c	5.57	21
2526761	5833.PFE1210c	5.57	9
2525383	5833.PF14_0497	5.56	19
2524860	5833.PF13_0326	5.55	4
2524540	5833.PF11_0519	5.55	1171
2524280	5833.PF11_0232	5.54	14
2525208	5833.PF14_0321	5.48	6
2525091	5833.PF14_0200	5.48	13
2525819	5833.PFB0040c	5.48	1171
2528051	5833.PFL2625w	5.48	1171
2526531	5833.PFE0045c	5.43	18
2523664	5833.PF08_0127	5.4	15
2525075	5833.PF14_0184	5.4	26
2526048	5833.PFC0035w	5.39	327
2525491	5833.PF14_0602	5.37	11
2523564	5833.PF08_0027	5.36	21
2526484	5833.PFD1035w	5.35	6
2522985	5833.MAL13P1.40	5.35	6
2523537	5833.PF07_0138	5.35	1171
2527416	5833.PFI1295c	5.35	10
2525904	5833.PFB0420w	5.34	5
2526795	5833.PFE1390w	5.3	12
2525142	5833.PF14_0252	5.29	48
2524185	5833.PF11_0130	5.29	28
2523500	5833.PF07_0097	5.28	30
2525257	5833.PF14_0370	5.24	28
2527345	5833.PFI0945w	5.23	5
2524939	5833.PF14_0045	5.22	24
2526633	5833.PFE0565w	5.22	9
2527135	5833.PFF1485w	5.22	19
2522752	5833.MAL13P1.144	5.22	5
2525540	5833.PF14_0650	5.17	3
2524445	5833.PF11_0408	5.17	39
2526329	5833.PFD0245c	5.16	12
2525105	5833.PF14_0214	5.15	31
2525584	5833.PF14_0694	5.15	15
2527623	5833.PFL0485w	5.13	4
2526455	5833.PFD0900w	5.1	39
2527297	5833.PFI0710c	5.09	37
2526369	5833.PFD0450c	5.09	7
2527635	5833.PFL0545w	5.09	27
2526604	5833.PFE0415w	5.07	6
2526296	5833.PFD0055w	5.05	324
2527780	5833.PFL1260w	5.04	7
2526447	5833.PFD0865c	5.03	16
2527225	5833.PFI0345w	5.01	18
2524558	5833.PF13_0005	5.01	276
2524463	5833.PF11_0427	5.01	6
2524564	5833.PF13_0013	5.01	9
2525822	5833.PFB0055c	4.99	60
2528049	5833.PFL2615w	4.97	1171
2526838	5833.PFE1630w	4.92	117
2525903	5833.PFB0415c	4.91	7
2526966	5833.PFF0645c	4.82	19
2524905	5833.PF14_0010	4.8	20
2525769	5833.PFA0510w	4.78	25
2526384	5833.PFD0535w	4.77	26
2526142	5833.PFC0440c	4.73	36
2527694	5833.PFL0830w	4.71	13
2522724	5833.MAL13P1.117	4.69	6
2524072	5833.PF10_0402	4.68	60
2526233	5833.PFC0875w	4.66	60
2523120	5833.MAL7P1.159	4.64	6
2523888	5833.PF10_0208	4.64	14
2524534	5833.PF11_0512	4.62	25
2522978	5833.MAL13P1.38	4.61	12
2526137	5833.PFC0416w	4.59	3
2527530	5833.PFL0010c	4.58	1171
2526561	5833.PFE0195w	4.53	43
2523816	5833.PF10_0138	4.53	25
2525378	5833.PF14_0492	4.52	3
2524783	5833.PF13_0245	4.51	5
2527916	5833.PFL1930w	4.5	87
2527705	5833.PFL0885w	4.48	9
2523340	5833.MAL8P1.35	4.47	8
2527347	5833.PFI0955w	4.46	18
2526179	5833.PFC0595c	4.42	5
2526619	5833.PFE0490w	4.42	4
2522797	5833.MAL13P1.185	4.41	6
2525655	5833.PF14_0770	4.41	60
2522983	5833.MAL13P1.395	4.4	18
2523359	5833.MAL8P1.54	4.4	42
2526783	5833.PFE1320w	4.39	26
2524559	5833.PF13_0006	4.36	60
2524754	5833.PF13_0216	4.36	3
2524464	5833.PF11_0428	4.35	6
2527774	5833.PFL1230w	4.34	7
2523484	5833.PF07_0082	4.33	39
2523264	5833.MAL8P1.130	4.33	8
2524784	5833.PF13_0246	4.31	4
2523210	5833.MAL7P1.68	4.3	17
2524364	5833.PF11_0320	4.27	3
2526153	5833.PFC0490w	4.26	10
2524067	5833.PF10_0397	4.25	60
2524021	5833.PF10_0342	4.21	20
2526739	5833.PFE1105c	4.2	18
2526686	5833.PFE0840c	4.19	38
2527370	5833.PFI1070c	4.19	4
2523139	5833.MAL7P1.184	4.16	276
2524225	5833.PF11_0175a	4.15	7
2527511	5833.PFI1750c	4.15	3
2526114	5833.PFC0315c	4.15	4
2526631	5833.PFE0555w	4.07	23
2524622	5833.PF13_0072	4.07	25
2525320	5833.PF14_0433	4.06	10
2525420	5833.PF14_0533	4.06	9
2524957	5833.PF14_0063	4.03	16
2527484	5833.PFI1620c	4.03	26
2524406	5833.PF11_0363	4.03	11
2524320	5833.PF11_0274	4.02	4
2528009	5833.PFL2390c	4.01	70
2526502	5833.PFD1130w	3.99	6
2524587	5833.PF13_0036	3.99	3
2525556	5833.PF14_0666	3.98	3
2524359	5833.PF11_0315	3.97	8
2527461	5833.PFI1510w	3.95	12
2523565	5833.PF08_0028	3.94	20
2527979	5833.PFL2240w	3.92	7
2524981	5833.PF14_0087	3.92	6
2526482	5833.PFD1020c	3.92	276
2524999	5833.PF14_0106	3.91	4
2527102	5833.PFF1325c	3.88	8
2527819	5833.PFL1450c	3.88	7
2525282	5833.PF14_0395	3.87	12
2526125	5833.PFC0370w	3.87	7
2524147	5833.PF11_0090	3.85	6
2526939	5833.PFF0520w	3.85	13
2525373	5833.PF14_0487	3.83	23
2527870	5833.PFL1700c	3.83	20
2526618	5833.PFE0485w	3.83	29
2523420	5833.PF07_0018	3.82	17
2524255	5833.PF11_0206	3.79	34
2525251	5833.PF14_0364	3.78	21
2524856	5833.PF13_0321	3.78	6
2524818	5833.PF13_0280	3.74	8
2523983	5833.PF10_0307	3.73	9
2526426	5833.PFD0760c	3.73	5
2523441	5833.PF07_0039	3.71	4
2522744	5833.MAL13P1.137	3.71	41
2526226	5833.PFC0840w	3.71	16
2524903	5833.PF14_0008	3.7	276
2524470	5833.PF11_0435	3.68	20
2524537	5833.PF11_0515	3.67	60
2524869	5833.PF13_0336	3.67	10
2527718	5833.PFL0955c	3.66	3
2525565	5833.PF14_0674	3.65	8
2523393	5833.MAL8P1.85	3.65	3
2527683	5833.PFL0770w	3.65	20
2526213	5833.PFC0780w	3.64	52
2527149	5833.PFF1565c	3.63	279
2523832	5833.PF10_0153a.1	3.62	3
2526146	5833.PFC0455w	3.61	17
2525332	5833.PF14_0447	3.57	13
2524770	5833.PF13_0231	3.56	4
2526427	5833.PFD0765w	3.56	12
2526425	5833.PFD0755c	3.56	4
2526144	5833.PFC0445w	3.54	3
2526581	5833.PFE0295w	3.53	3
2524174	5833.PF11_0119	3.52	3
2524665	5833.PF13_0124	3.52	6
2523261	5833.MAL8P1.127	3.51	12
2527460	5833.PFI1505c	3.51	12
2524570	5833.PF13_0019	3.51	34
2527712	5833.PFL0925w	3.5	32
2524816	5833.PF13_0278	3.49	15
2526079	5833.PFC0180c	3.49	13
2526951	5833.PFF0575c	3.49	39
2525873	5833.PFB0275w	3.48	6
2523202	5833.MAL7P1.57	3.48	276
2525542	5833.PF14_0652	3.46	10
2524635	5833.PF13_0087	3.45	5
2526308	5833.PFD0135c	3.45	276
2525632	5833.PF14_0744	3.44	9
2523369	5833.MAL8P1.63	3.44	9
2524693	5833.PF13_0152	3.43	5
2526295	5833.PFD0050w	3.43	276
2522883	5833.MAL13P1.269	3.42	7
2525828	5833.PFB0080c	3.41	7
2523571	5833.PF08_0034	3.41	15
2524486	5833.PF11_0453	3.37	8
2526028	5833.PFB0980w	3.36	36
2526850	5833.PFF0065c	3.36	36
2526276	5833.PFC1075w	3.36	36
2524093	5833.PF11_0026	3.36	36
2527141	5833.PFF1520w	3.36	36
2523404	5833.PF07_0002	3.36	36
2524834	5833.PF13_0297	3.34	5
2523897	5833.PF10_0216	3.32	3
2526817	5833.PFE1510c	3.32	3
2524938	5833.PF14_0044	3.32	14
2527356	5833.PFI1000w	3.3	33
2527442	5833.PFI1425w	3.29	5
2526413	5833.PFD0695w	3.29	3
2525787	5833.PFA0615w	3.28	4
2525686	5833.PFA0080c	3.28	276
2522825	5833.MAL13P1.215	3.28	5
2524858	5833.PF13_0323	3.27	11
2523955	5833.PF10_0278	3.27	3
2522816	5833.MAL13P1.204	3.25	4
2522980	5833.MAL13P1.385	3.24	5
2524571	5833.PF13_0020	3.22	7
2523667	5833.PF08_0130	3.21	52
2526442	5833.PFD0835c	3.21	7
2524321	5833.PF11_0275	3.2	17
2526860	5833.PFF0125c	3.19	11
2524198	5833.PF11_0148	3.18	3
2524679	5833.PF13_0138	3.17	3
2526840	5833.PFF0005c	3.16	148
2523509	5833.PF07_0106	3.15	12
2526924	5833.PFF0445w	3.14	75
2528036	5833.PFL2535w	3.13	3
2524700	5833.PF13_0159	3.12	3
2526704	5833.PFE0930w	3.12	15
2527436	5833.PFI1395w	3.11	7
2524142	5833.PF11_0084	3.11	7
2523756	5833.PF10_0078	3.11	28
2524069	5833.PF10_0399	3.1	60
2525695	5833.PFA0130c	3.09	8
2526952	5833.PFF0580w	3.09	4
2524915	5833.PF14_0022	3.08	4
2523595	5833.PF08_0058	3.05	12
2524064	5833.PF10_0394	3.02	60
2524247	5833.PF11_0198	3.01	5
2522893	5833.MAL13P1.28	3.01	8
2523323	5833.MAL8P1.23	3.0	85
2526228	5833.PFC0850c	3.0	10
2523498	5833.PF07_0095	3.0	3
2522898	5833.MAL13P1.285	2.99	17
2524133	5833.PF11_0073	2.98	16
2526231	5833.PFC0865w	2.98	4
2527286	5833.PFI0655c	2.98	3
2526578	5833.PFE0280c	2.95	6
2524631	5833.PF13_0083	2.94	6
2523072	5833.MAL7P1.108	2.94	37
2524026	5833.PF10_0347	2.93	5
2526469	5833.PFD0970c	2.93	35
2527164	5833.PFI0055c	2.92	276
2524055	5833.PF10_0379	2.92	6
2524749	5833.PF13_0211	2.91	7
2525503	5833.PF14_0613	2.9	37
2525935	5833.PFB0570w	2.88	3
2525224	5833.PF14_0337	2.88	14
2526609	5833.PFE0440w	2.88	29
2526293	5833.PFD0045c	2.87	60
2525302	5833.PF14_0415	2.87	4
2525809	5833.PFA0745w	2.87	60
2525676	5833.PFA0020w	2.87	276
2526434	5833.PFD0800c	2.85	6
2527834	5833.PFL1525c	2.85	19
2522801	5833.MAL13P1.19	2.84	102
2523902	5833.PF10_0221	2.84	7
2527486	5833.PFI1630c	2.82	3
2523696	5833.PF10_0024	2.81	6
2527215	5833.PFI0305c	2.8	7
2523317	5833.MAL8P1.216	2.79	276
2522986	5833.MAL13P1.405	2.78	18
2525413	5833.PF14_0526.2	2.77	3
2524688	5833.PF13_0147	2.76	4
2524006	5833.PF10_0327	2.76	8
2523440	5833.PF07_0038	2.76	10
2525680	5833.PFA0040w	2.76	276
2526075	5833.PFC0166w	2.75	3
2522908	5833.MAL13P1.295	2.75	29
2527252	5833.PFI0480w	2.73	17
2523124	5833.MAL7P1.162	2.72	58
2526648	5833.PFE0640w	2.71	3
2526070	5833.PFC0145c	2.68	17
2526505	5833.PFD1145c	2.66	4
2524020	5833.PF10_0341	2.64	6
2527944	5833.PFL2070w	2.63	4
2527305	5833.PFI0750c	2.63	17
2527327	5833.PFI0855w	2.62	5
2526380	5833.PFD0515w	2.61	3
2523625	5833.PF08_0088	2.61	4
2527163	5833.PFI0050c	2.59	276
2524138	5833.PF11_0078	2.58	10
2524592	5833.PF13_0041	2.57	18
2527552	5833.PFL0120c	2.56	4
2524070	5833.PF10_0400	2.55	276
2524844	5833.PF13_0307	2.55	10
2523414	5833.PF07_0012	2.55	8
2522991	5833.MAL13P1.43	2.54	3
2524353	5833.PF11_0309	2.54	3
2527134	5833.PFF1480w	2.53	6
2523463	5833.PF07_0061	2.52	23
2523423	5833.PF07_0021	2.52	10
2525963	5833.PFB0700c	2.51	15
2525221	5833.PF14_0334	2.5	40
2523061	5833.MAL13P1.94	2.5	4
2525770	5833.PFA0515w	2.49	15
2522856	5833.MAL13P1.243	2.48	15
2526090	5833.PFC0225c	2.48	5
2523127	5833.MAL7P1.167	2.47	24
2526593	5833.PFE0360c	2.47	5
2526810	5833.PFE1465w.1	2.46	12
2526297	5833.PFD0060w	2.46	276
2525295	5833.PF14_0408	2.45	18
2523663	5833.PF08_0126	2.45	12
2527971	5833.PFL2200w	2.45	3
2525178	5833.PF14_0288	2.44	3
2524787	5833.PF13_0249	2.44	8
2526595	5833.PFE0370c	2.44	15
2526703	5833.PFE0925c	2.44	9
2526671	5833.PFE0765w	2.43	20
2527087	5833.PFF1250w	2.42	4
2525648	5833.PF14_0761	2.41	7
2525368	5833.PF14_0482	2.37	3
2527051	5833.PFF1070c	2.36	8
2524197	5833.PF11_0147	2.35	5
2523470	5833.PF07_0068	2.34	4
2523089	5833.MAL7P1.126	2.34	7
2525626	5833.PF14_0738	2.34	4
2527664	5833.PFL0685w	2.34	16
2526565	5833.PFE0215w	2.33	9
2528001	5833.PFL2350c	2.33	4
2523405	5833.PF07_0003	2.32	276
2525290	5833.PF14_0403	2.31	28
2527133	5833.PFF1475c	2.31	4
2523477	5833.PF07_0075	2.29	9
2526194	5833.PFC0690c	2.29	3
2524030	5833.PF10_0352	2.29	4
2525094	5833.PF14_0204	2.29	7
2524414	5833.PF11_0372	2.28	10
2527619	5833.PFL0465c	2.27	10
2526528	5833.PFE0025c	2.26	276
2523137	5833.MAL7P1.179	2.26	60
2525774	5833.PFA0535c	2.25	12
2525519	5833.PF14_0630	2.24	10
2524716	5833.PF13_0175	2.24	6
2527211	5833.PFI0285w	2.23	11
2527110	5833.PFF1365c	2.23	87
2525076	5833.PF14_0185	2.23	8
2523108	5833.MAL7P1.15	2.21	33
2524832	5833.PF13_0295	2.19	7
2525498	5833.PF14_0608	2.18	4
2527913	5833.PFL1915w	2.18	8
2525097	5833.PF14_0207	2.17	3
2527792	5833.PFL1320w	2.17	9
2523604	5833.PF08_0067	2.17	4
2525028	5833.PF14_0136	2.17	7
2525602	5833.PF14_0713	2.14	6
2523631	5833.PF08_0094	2.13	7
2525824	5833.PFB0060w	2.13	276
2526862	5833.PFF0135w	2.12	4
2526959	5833.PFF0610c	2.11	4
2524953	5833.PF14_0059	2.1	22
2523960	5833.PF10_0283	2.09	4
2527462	5833.PFI1520w	2.09	3
2523642	5833.PF08_0105	2.09	276
2525151	5833.PF14_0260	2.08	7
2522892	5833.MAL13P1.279	2.08	3
2527206	5833.PFI0260c	2.08	62
2526415	5833.PFD0705c	2.08	3
2527250	5833.PFI0470w	2.08	11
2523371	5833.MAL8P1.65	2.06	6
2524828	5833.PF13_0290	2.06	6
2527167	5833.PFI0070w	2.05	276
2527826	5833.PFL1485w	2.03	4
2527009	5833.PFF0855c	2.02	276
2523619	5833.PF08_0082	2.02	6
2524286	5833.PF11_0241	2.02	20
2523829	5833.PF10_0151	2.01	5
2523216	5833.MAL7P1.76	1.99	7
2525764	5833.PFA0485w.1	1.96	7
2526252	5833.PFC0955w	1.96	3
2522739	5833.MAL13P1.131	1.96	5
2524208	5833.PF11_0160	1.96	4
2527059	5833.PFF1105c	1.95	5
2528029	5833.PFL2490c	1.95	6
2523514	5833.PF07_0110	1.95	6
2527396	5833.PFI1200w	1.95	6
2526705	5833.PFE0935c	1.95	11
2527763	5833.PFL1175w	1.95	5
2523520	5833.PF07_0116	1.94	13
2526935	5833.PFF0500c	1.93	3
2524975	5833.PF14_0081	1.93	9
2526389	5833.PFD0560w	1.92	8
2527081	5833.PFF1220w	1.9	3
2523012	5833.MAL13P1.520	1.9	276
2522798	5833.MAL13P1.186	1.89	8
2522950	5833.MAL13P1.334	1.89	5
2523905	5833.PF10_0224	1.87	50
2523806	5833.PF10_0128	1.86	8
2525182	5833.PF14_0292	1.86	4
2525537	5833.PF14_0647	1.83	23
2526336	5833.PFD0285c	1.83	21
2527044	5833.PFF1035w	1.83	4
2524419	5833.PF11_0378	1.82	6
2527100	5833.PFF1315w	1.82	12
2526173	5833.PFC0575w	1.82	6
2524758	5833.PF13_0219	1.81	6
2527406	5833.PFI1245c	1.8	3
2523953	5833.PF10_0276	1.8	3
2527395	5833.PFI1195c	1.79	3
2526268	5833.PFC1030w	1.78	11
2524539	5833.PF11_0517	1.76	276
2524937	5833.PF14_0042	1.74	3
2527194	5833.PFI0200c	1.74	8
2527736	5833.PFL1040w	1.74	4
2527627	5833.PFL0505c	1.73	3
2524477	5833.PF11_0441a	1.73	3
2526402	5833.PFD0640c	1.71	276
2528004	5833.PFL2365w	1.71	6
2523964	5833.PF10_0287	1.7	4
2522800	5833.MAL13P1.189	1.68	5
2525874	5833.PFB0279w	1.67	4
2527637	5833.PFL0555c	1.67	12
2524946	5833.PF14_0052	1.67	5
2526602	5833.PFE0405c	1.66	3
2522925	5833.MAL13P1.310	1.64	14
2526470	5833.PFD0975w	1.63	3
2527820	5833.PFL1455w	1.62	5
2523039	5833.MAL13P1.71	1.62	3
2523027	5833.MAL13P1.60	1.62	3
2525230	5833.PF14_0343	1.6	10
2527340	5833.PFI0920c	1.6	3
2526020	5833.PFB0960c	1.59	13
2526908	5833.PFF0365c	1.58	10
2524323	5833.PF11_0277	1.57	4
2527883	5833.PFL1765c	1.57	3
2524285	5833.PF11_0240	1.56	56
2526464	5833.PFD0945c	1.56	5
2522974	5833.MAL13P1.360	1.56	3
2523583	5833.PF08_0046	1.55	3
2527620	5833.PFL0470w	1.53	6
2527037	5833.PFF1000w	1.52	5
2526926	5833.PFF0455w	1.51	3
2524434	5833.PF11_0395	1.51	24
2527168	5833.PFI0075w	1.51	276
2523769	5833.PF10_0091	1.5	6
2527109	5833.PFF1360w	1.49	3
2524648	5833.PF13_0101	1.48	8
2523813	5833.PF10_0135	1.47	3
2527329	5833.PFI0865w	1.46	3
2525933	5833.PFB0555c	1.46	41
2525530	5833.PF14_0640	1.45	3
2522789	5833.MAL13P1.178	1.44	5
2526222	5833.PFC0825c	1.44	12
2524775	5833.PF13_0236	1.43	3
2527610	5833.PFL0420w	1.42	10
2524447	5833.PF11_0411	1.41	4
2527740	5833.PFL1060c	1.4	3
2526989	5833.PFF0755c	1.39	15
2526148	5833.PFC0465c	1.38	3
2525065	5833.PF14_0175	1.38	16
2526379	5833.PFD0505c	1.38	5
2525527	5833.PF14_0637	1.37	7
2523643	5833.PF08_0106	1.36	153
2523867	5833.PF10_0185	1.36	16
2524652	5833.PF13_0106	1.36	6
2527292	5833.PFI0685w	1.35	8
2527761	5833.PFL1165w	1.34	5
2526910	5833.PFF0375c	1.33	4
2525700	5833.PFA0155c	1.32	4
2526889	5833.PFF0270c	1.32	5
2524162	5833.PF11_0107	1.32	3
2526118	5833.PFC0335c	1.31	13
2526422	5833.PFD0740w	1.3	4
2526554	5833.PFE0155w	1.3	4
2523577	5833.PF08_0040	1.28	5
2526403	5833.PFD0645w	1.27	276
2524796	5833.PF13_0258	1.27	8
2523443	5833.PF07_0041	1.25	4
2523857	5833.PF10_0177a	1.25	9
2524077	5833.PF10_0407	1.25	3
2523010	5833.MAL13P1.515	1.25	276
2524894	5833.PF13_0361	1.25	3
2522862	5833.MAL13P1.249	1.24	12
2527810	5833.PFL1410c	1.23	11
2523143	5833.MAL7P1.19	1.23	15
2524036	5833.PF10_0360	1.23	3
2527004	5833.PFF0830w	1.23	5
2525957	5833.PFB0675w	1.22	7
2525693	5833.PFA0120c	1.22	6
2522881	5833.MAL13P1.267	1.21	6
2524252	5833.PF11_0203	1.21	7
2527002	5833.PFF0820w	1.2	7
2526316	5833.PFD0180c	1.19	3
2522733	5833.MAL13P1.126	1.17	5
2527934	5833.PFL2020c	1.16	3
2524360	5833.PF11_0316	1.15	5
2527987	5833.PFL2280w	1.13	4
2523718	5833.PF10_0045	1.13	23
2524676	5833.PF13_0135	1.11	5
2527674	5833.PFL0730w	1.1	3
2524637	5833.PF13_0089	1.09	9
2525052	5833.PF14_0160	1.09	9
2525727	5833.PFA0295c	1.09	4
2523248	5833.MAL8P1.11	1.08	9
2526480	5833.PFD1010w	1.08	4
2527204	5833.PFI0250c	1.07	14
2522754	5833.MAL13P1.146	1.07	3
2524628	5833.PF13_0080	1.07	6
2523925	5833.PF10_0245	1.07	5
2523602	5833.PF08_0065	1.07	4
2525847	5833.PFB0170w	1.06	4
2525299	5833.PF14_0412	1.05	4
2525181	5833.PF14_0291	1.05	11
2526355	5833.PFD0380c	1.04	5
2525380	5833.PF14_0494	1.04	7
2526892	5833.PFF0285c	1.04	8
2527855	5833.PFL1625w	1.03	3
2525488	5833.PF14_0599	1.03	3
2527264	5833.PFI0540w	1.03	3
2525301	5833.PF14_0414	1.03	15
2526463	5833.PFD0940w	1.03	18
2525531	5833.PF14_0641	1.02	3
2526622	5833.PFE0505w	1.02	4
2526572	5833.PFE0250w	1.01	15
2523289	5833.MAL8P1.153	1.01	8
2526558	5833.PFE0175c	1.0	3
2524397	5833.PF11_0354	0.997	15
2525000	5833.PF14_0107	0.995	3
2524778	5833.PF13_0239	0.994	4
2526588	5833.PFE0335w	0.99	7
2522826	5833.MAL13P1.216	0.985	6
2527022	5833.PFF0920c.2	0.978	3
2525002	5833.PF14_0110	0.977	4
2524873	5833.PF13_0340	0.974	3
2523777	5833.PF10_0099	0.961	27
2527273	5833.PFI0585c	0.953	5
2526931	5833.PFF0480w	0.947	6
2523710	5833.PF10_0037	0.943	6
2525511	5833.PF14_0620	0.941	5
2525973	5833.PFB0750w	0.94	3
2527085	5833.PFF1240w	0.938	6
2525797	5833.PFA0675w	0.925	36
2527687	5833.PFL0790w	0.916	3
2522888	5833.MAL13P1.275	0.91	3
2525446	5833.PF14_0559	0.901	5
2522874	5833.MAL13P1.26	0.878	13
2525371	5833.PF14_0485	0.865	4
2523563	5833.PF08_0026	0.855	3
2527863	5833.PFL1665c	0.853	3
2525613	5833.PF14_0724	0.849	5
2523885	5833.PF10_0205	0.84	6
2523866	5833.PF10_0184	0.838	8
2527711	5833.PFL0920c	0.833	4
2527217	5833.PFI0315c	0.824	3
2525876	5833.PFB0285c	0.821	4
2525168	5833.PF14_0278	0.82	27
2524336	5833.PF11_0291	0.818	8
2526432	5833.PFD0790c	0.818	5
2526660	5833.PFE0705c	0.801	4
2525352	5833.PF14_0468	0.801	3
2524603	5833.PF13_0053	0.797	7
2526271	5833.PFC1045c	0.796	3
2525365	5833.PF14_0479	0.784	7
2524515	5833.PF11_0480	0.78	30
2526310	5833.PFD0145c	0.775	3
2524454	5833.PF11_0418	0.771	8
2523882	5833.PF10_0200	0.76	4
2527368	5833.PFI1060w	0.759	5
2523439	5833.PF07_0037	0.754	5
2527219	5833.PFI0325c	0.742	3
2526725	5833.PFE1040c	0.74	5
2522791	5833.MAL13P1.18	0.73	25
2525967	5833.PFB0720c	0.714	3
2523818	5833.PF10_0140	0.711	4
2524217	5833.PF11_0168a	0.638	21
2525163	5833.PF14_0273	0.636	6
2527392	5833.PFI1180w	0.626	4
2524341	5833.PF11_0296	0.606	4
2525004	5833.PF14_0112	0.599	7
2527625	5833.PFL0495c	0.582	3
2525871	5833.PFB0265c	0.58	5
2527525	5833.PFI1820w	0.563	148
2527638	5833.PFL0560c	0.561	14
2522918	5833.MAL13P1.304	0.56	4
2526397	5833.PFD0610w	0.56	3
2526843	5833.PFF0020c	0.543	148
2526992	5833.PFF0770c	0.543	4
2522845	5833.MAL13P1.234	0.543	14
2527569	5833.PFL0205w	0.543	5
2526330	5833.PFD0250c	0.506	3
2523268	5833.MAL8P1.134	0.506	3
2523530	5833.PF07_0126	0.503	3
2526731	5833.PFE1070c	0.492	4
2523306	5833.MAL8P1.203	0.48	3
2524317	5833.PF11_0271	0.472	11
2526305	5833.PFD0110w	0.47	9
2524846	5833.PF13_0309	0.468	4
2527951	5833.PFL2100w	0.461	4
2524105	5833.PF11_0044	0.456	3
2527536	5833.PFL0040c	0.443	3
2526051	5833.PFC0050c	0.431	3
2527476	5833.PFI1587c	0.431	10
2526713	5833.PFE0980c	0.426	4
2527723	5833.PFL0975w	0.417	8
2526392	5833.PFD0585c	0.415	4
2523152	5833.MAL7P1.207	0.41	3
2523942	5833.PF10_0265	0.397	4
2527154	5833.PFF1595c	0.397	148
2524120	5833.PF11_0060	0.397	4
2524441	5833.PF11_0404	0.389	5
2523680	5833.PF10_0001	0.389	148
2527641	5833.PFL0575w	0.373	26
2522911	5833.MAL13P1.298	0.373	3
2525892	5833.PFB0365w	0.371	3
2525995	5833.PFB0870w	0.368	4
2527924	5833.PFL1970w	0.359	148
2527714	5833.PFL0935c	0.353	148
2526042	5833.PFB1055c	0.352	148
2526476	5833.PFD1000c	0.348	148
2526475	5833.PFD0995c	0.343	148
2527527	5833.PFI1830c	0.343	148
2524082	5833.PF11_0007	0.342	148
2525952	5833.PFB0650w	0.338	3
2527921	5833.PFL1955w	0.335	148
2526472	5833.PFD0985w	0.335	4
2523200	5833.MAL7P1.55	0.331	148
2522972	5833.MAL13P1.356	0.33	148
2522880	5833.MAL13P1.266	0.321	3
2526524	5833.PFD1245c	0.318	148
2525673	5833.PFA0005w	0.316	148
2525483	5833.PF14_0594	0.315	4
2527984	5833.PFL2265c	0.315	5
2523156	5833.MAL7P1.212	0.315	148
2526481	5833.PFD1015c	0.313	148
2523199	5833.MAL7P1.50	0.306	148
2523451	5833.PF07_0049	0.305	148
2523679	5833.PF08_0142	0.305	148
2527529	5833.PFL0005w	0.304	148
2523201	5833.MAL7P1.56	0.303	148
2525812	5833.PFA0765c	0.3	148
2526726	5833.PFE1045c	0.3	3
2523322	5833.MAL8P1.220	0.299	148
2528059	5833.PFL2665c	0.292	148
2526839	5833.PFE1640w	0.282	148
2527266	5833.PFI0550w	0.282	3
2525580	5833.PF14_0690	0.276	3
2523142	5833.MAL7P1.187	0.273	148
2524366	5833.PF11_0322	0.272	10
2523644	5833.PF08_0107	0.271	148
2524627	5833.PF13_0079	0.267	3
2524556	5833.PF13_0003	0.255	148
2526841	5833.PFF0010w	0.255	148
2527155	5833.PFI0005w	0.253	148
2526287	5833.PFD0020c	0.252	148
2524797	5833.PF13_0259	0.246	22
2526285	5833.PFD0005w	0.245	148
2522981	5833.MAL13P1.39	0.244	6
2523290	5833.MAL8P1.154	0.24	5
2523426	5833.PF07_0024	0.236	4
2525912	5833.PFB0460c	0.236	3
2527973	5833.PFL2210w	0.23	6
2523677	5833.PF08_0140	0.226	148
2523881	5833.PF10_0199	0.219	8
2526664	5833.PFE0730c	0.215	22
2525090	5833.PF14_0199	0.211	16
2524206	5833.PF11_0158	0.208	3
2523038	5833.MAL13P1.70	0.199	3
2526357	5833.PFD0390c	0.196	4
2525789	5833.PFA0625w	0.177	6
2525929	5833.PFB0535w	0.169	22
2527152	5833.PFF1580c	0.165	148
2523128	5833.MAL7P1.17	0.16	3
2526074	5833.PFC0165w	0.149	3
2526486	5833.PFD1045c	0.127	4
2527808	5833.PFL1400c	0.126	10
2523240	5833.MAL8P1.102	0.125	22
2525369	5833.PF14_0483	0.123	22
2525025	5833.PF14_0133	0.119	5
2526986	5833.PFF0740c	0.117	10
2523522	5833.PF07_0118	0.111	4
2524547	5833.PF11_0528	0.109	3
2523132	5833.MAL7P1.173	0.101	5
2527568	5833.PFL0200c	0.1	3
2524978	5833.PF14_0084	0.098	3
2527816	5833.PFL1435c	0.092	4
2526870	5833.PFF0175c	0.088	3
2526273	5833.PFC1055w	0.086	22
2527843	5833.PFL1565c	0.081	22
2525195	5833.PF14_0308	0.08	10
2523360	5833.MAL8P1.55	0.07	22
2525235	5833.PF14_0347	0.066	22
2526864	5833.PFF0145w	0.063	5
2527291	5833.PFI0680c	0.062	22
2525017	5833.PF14_0126	0.053	22
2524835	5833.PF13_0298	0.05	22
2527293	5833.PFI0690c	0.048	22
2525702	5833.PFA0165c	0.047	5
2526974	5833.PFF0683c	0.047	5
2523605	5833.PF08_0068	0.046	22
2527040	5833.PFF1015w	0.038	5
2523464	5833.PF07_0062	0.037	5
2526411	5833.PFD0690c	0.034	5
2524723	5833.PF13_0182	0.03	22
2526678	5833.PFE0800w	0.026	5
2525418	5833.PF14_0531	0.023	5
2524513	5833.PF11_0479	0.022	10
2525705	5833.PFA0180w	0.019	5
2526971	5833.PFF0670w	0.015	22
2523402	5833.MAL8P1.97	0.012	5
2525516	5833.PF14_0626	0.012	10
2525306	5833.PF14_0419	0.012	10
2525202	5833.PF14_0315	0.01	22
2526443	5833.PFD0840w	0.009	22
2524542	5833.PF11_0521	0.008	5
2524689	5833.PF13_0148	0.006	5
2523227	5833.MAL7P1.89	0.004	5
2526742	5833.PFE1120w	0.003	5
