#id: 4142497775
#name: H.salinarum(NRC-1) - Whole organism, SC (Peptideatlas,aug,2013)
#score: 10.3
#weight:  35%
#description: abundance based on Spectral counting, Interaction consistency score: 10.3, Coverage: 67
#organ: WHOLE_ORGANISM
#integrated: false
#coverage: 67
#link: http://www.peptideatlas.org/builds/
#publication_year: 2013
#filename: 64091-PA_201308.txt
#
#internal_id	string_external_id	abundance	raw_spectral_count
58397949	64091.VNG_2143G	46931	1776
58398370	64091.VNG_2679G	42943	19162
58398057	64091.VNG_2273H	22516	458
58398033	64091.VNG_2243G	14680	2007
58398192	64091.VNG_2443G	14040	2530
58397623	64091.VNG_1714G	13264	870
58398350	64091.VNG_2649G	10200	3751
58398019	64091.VNG_2226G	10190	4913
58397187	64091.VNG_1134G	8648	595
58398209	64091.VNG_2467G	8279	814
58397205	64091.VNG_1157G	7756	614
58397625	64091.VNG_1716G	7397	611
58397614	64091.VNG_1701G	7391	1034
58396562	64091.VNG_0315G	6835	1452
58396921	64091.VNG_0787G	6831	1623
58397908	64091.VNG_2096G	6729	3953
58397191	64091.VNG_1139G	6617	383
58398120	64091.VNG_2349G	6157	3665
58397116	64091.VNG_1038C	6084	198
58397615	64091.VNG_1702G	6061	599
58397189	64091.VNG_1137G	6051	772
58397190	64091.VNG_1138G	5979	880
58398356	64091.VNG_2657G	5942	1073
58397607	64091.VNG_1692G	5940	791
58397846	64091.VNG_2010G	5872	1077
58397232	64091.VNG_1190G	5816	580
58397186	64091.VNG_1133G	5724	933
58397622	64091.VNG_1713G	5700	896
58397605	64091.VNG_1690G	5606	1674
58397621	64091.VNG_1711G	5463	797
58397182	64091.VNG_1128G	5290	1947
58397604	64091.VNG_1689G	5270	1628
58397620	64091.VNG_1709G	5199	629
58398131	64091.VNG_2367G	5196	877
58398357	64091.VNG_2658G	5173	391
58398288	64091.VNG_2574G	5114	2439
58396522	64091.VNG_0259G	5105	940
58396618	64091.VNG_0394C	5032	1076
58396911	64091.VNG_0771G	4969	2473
58397168	64091.VNG_1105G	4507	957
58396739	64091.VNG_0550G	4499	447
58397609	64091.VNG_1695G	4493	709
58397901	64091.VNG_2086G	4452	774
58398354	64091.VNG_2654G	4436	3007
58396504	64091.VNG_0234C	4416	561
58397481	64091.VNG_1524C	4331	2020
58396924	64091.VNG_0790G	4177	715
58397167	64091.VNG_1104G	4017	500
58398244	64091.VNG_2514G	3988	400
58397185	64091.VNG_1132G	3945	614
58398013	64091.VNG_2218G	3932	1235
58398074	64091.VNG_2293G	3918	501
58396447	64091.VNG_0161G	3907	1130
58398312	64091.VNG_2604G	3838	1095
58397617	64091.VNG_1705G	3756	469
58397874	64091.VNG_2048G	3729	490
58397930	64091.VNG_2122G	3706	1233
58397613	64091.VNG_1700G	3668	618
58397588	64091.VNG_1668G	3642	437
58397215	64091.VNG_1170G	3577	411
58397583	64091.VNG_1663C	3522	1433
58397626	64091.VNG_1718G	3519	185
58397619	64091.VNG_1707G	3425	565
58396694	64091.VNG_0491G	3390	1332
58397208	64091.VNG_1160G	3341	658
58397400	64091.VNG_1414G	3332	993
58397608	64091.VNG_1693G	3329	634
58396999	64091.VNG_0891G	3213	646
58396460	64091.VNG_0177G	3197	239
58397624	64091.VNG_1715G	3188	478
58398207	64091.VNG_2465C	3127	191
58397606	64091.VNG_1691G	3060	324
58397741	64091.VNG_1873G	3059	1201
58398322	64091.VNG_2616G	3034	1464
58398211	64091.VNG_2469G	3021	10
58398243	64091.VNG_2513G	2894	1105
58397948	64091.VNG_2142G	2834	367
58396793	64091.VNG_0620G	2833	501
58396731	64091.VNG_0540G	2822	812
58397154	64091.VNG_1088C	2800	191
58397023	64091.VNG_0924G	2774	672
58397906	64091.VNG_2093G	2747	1301
58397610	64091.VNG_1697G	2687	495
58396840	64091.VNG_0679G	2678	812
58397840	64091.VNG_2001G	2551	1046
58397437	64091.VNG_1464G	2545	1158
58397501	64091.VNG_1550G	2539	425
58397873	64091.VNG_2047G	2532	87
58396927	64091.VNG_0795G	2532	109
58398256	64091.VNG_2527G	2488	1136
58397510	64091.VNG_1562H	2470	290
58397199	64091.VNG_1149C	2467	1306
58396451	64091.VNG_0166G	2462	747
58397309	64091.VNG_1294G	2461	281
58397356	64091.VNG_1356G	2439	1021
58397618	64091.VNG_1706G	2409	102
58397006	64091.VNG_0903C	2404	750
58396780	64091.VNG_0601H	2384	212
58397945	64091.VNG_2139G	2372	1355
58396483	64091.VNG_0207H	2341	405
58397771	64091.VNG_1912G	2321	744
58397207	64091.VNG_1159G	2310	122
58398215	64091.VNG_2473G	2300	741
58398014	64091.VNG_2219G	2294	1014
58396932	64091.VNG_0801C	2294	135
58397414	64091.VNG_1433G	2261	58
58396792	64091.VNG_0617H	2249	319
58397181	64091.VNG_1125G	2249	769
58398039	64091.VNG_2251G	2232	672
58398015	64091.VNG_2220G	2116	608
58397724	64091.VNG_1850G	2109	271
58397453	64091.VNG_1482G	2092	536
58397854	64091.VNG_2021C	2078	1095
58397495	64091.VNG_1542G	2069	493
58396567	64091.VNG_0321G	2047	728
58397563	64091.VNG_1638H	2029	338
58397092	64091.VNG_1008G	2012	1231
58397306	64091.VNG_1289H	2007	17
58397195	64091.VNG_1143G	2003	293
58397786	64091.VNG_1933G	1997	511
58397956	64091.VNG_2151G	1990	392
58397944	64091.VNG_2138G	1984	981
58397473	64091.VNG_1511C	1966	1137
58396396	64091.VNG_0099G	1964	239
58397681	64091.VNG_1793C	1943	473
58396844	64091.VNG_0683C	1926	437
58398018	64091.VNG_2224G	1913	160
58396668	64091.VNG_0459G	1905	419
58396766	64091.VNG_0585H	1901	103
58397494	64091.VNG_1541G	1898	863
58396719	64091.VNG_0524G	1845	604
58396514	64091.VNG_0249G	1844	591
58396799	64091.VNG_0628G	1834	547
58398012	64091.VNG_2217G	1820	544
58396721	64091.VNG_0527C	1815	913
58396392	64091.VNG_0095G	1783	542
58398224	64091.VNG_2486G	1775	493
58397611	64091.VNG_1698G	1764	83
58398152	64091.VNG_2393G	1758	395
58397169	64091.VNG_1108G	1753	150
58397155	64091.VNG_1089G	1746	669
58397553	64091.VNG_1624G	1735	1025
58396966	64091.VNG_0849C	1713	428
58397914	64091.VNG_2102G	1695	481
58396666	64091.VNG_0457G	1690	329
58397506	64091.VNG_1557G	1664	260
58396696	64091.VNG_0494G	1663	207
58396776	64091.VNG_0597H	1654	43
58397052	64091.VNG_0961G	1652	1062
58397277	64091.VNG_1250H	1601	314
58397503	64091.VNG_1553G	1597	318
58397787	64091.VNG_1934H	1582	158
58396574	64091.VNG_0330G	1581	1040
58398232	64091.VNG_2499G	1572	441
58396518	64091.VNG_0254G	1559	543
58397505	64091.VNG_1555G	1549	256
58398271	64091.VNG_2549C	1548	561
58396918	64091.VNG_0782H	1547	563
58397504	64091.VNG_1554G	1521	435
58396916	64091.VNG_0779C	1513	800
58397319	64091.VNG_1306G	1488	1053
58397772	64091.VNG_1914G	1479	167
58396681	64091.VNG_0474G	1476	774
58396669	64091.VNG_0461G	1473	601
58396842	64091.VNG_0681G	1472	385
58397567	64091.VNG_1644G	1442	1329
58398269	64091.VNG_2546G	1433	485
58397166	64091.VNG_1103G	1431	13
58396783	64091.VNG_0606G	1425	163
58396998	64091.VNG_0890G	1407	251
58397217	64091.VNG_1173G	1406	5
58398349	64091.VNG_2648G	1406	201
58396736	64091.VNG_0546C	1404	364
58397206	64091.VNG_1158G	1402	33
58398344	64091.VNG_2643H	1402	195
58398309	64091.VNG_2600G	1399	212
58397513	64091.VNG_1566G	1391	1395
58398136	64091.VNG_2372G	1389	179
58398296	64091.VNG_2584C	1380	163
58397051	64091.VNG_0960G	1379	692
58396680	64091.VNG_0473G	1375	301
58397086	64091.VNG_1001G	1353	750
58397616	64091.VNG_1703G	1343	196
58398121	64091.VNG_2351C	1327	417
58397398	64091.VNG_1412H	1326	336
58398044	64091.VNG_2256G	1309	356
58397324	64091.VNG_1313G	1297	713
58396990	64091.VNG_0880G	1296	282
58397759	64091.VNG_1898C	1293	94
58396880	64091.VNG_0734G	1257	359
58397911	64091.VNG_2099C	1245	153
58396507	64091.VNG_0239C	1245	167
58397242	64091.VNG_1204G	1234	450
58397690	64091.VNG_1804G	1221	418
58397173	64091.VNG_1114G	1219	411
58396807	64091.VNG_0637G	1218	780
58397122	64091.VNG_1048G	1213	369
58397255	64091.VNG_1220H	1210	148
58398360	64091.VNG_2664G	1208	993
58398359	64091.VNG_2662G	1204	439
58397782	64091.VNG_1926G	1191	170
58397463	64091.VNG_1496G	1182	77
58396521	64091.VNG_0258H	1177	128
58397587	64091.VNG_1667G	1162	1012
58398362	64091.VNG_2666G	1143	654
58397444	64091.VNG_1472G	1142	911
58398130	64091.VNG_2366C	1140	104
58396740	64091.VNG_0551G	1118	27
58397660	64091.VNG_1768G	1114	78
58396744	64091.VNG_0557H	1114	111
58397216	64091.VNG_1172G	1110	212
58396710	64091.VNG_0510G	1107	383
58396941	64091.VNG_0815G	1102	332
58398197	64091.VNG_2449G	1100	433
58397487	64091.VNG_1532G	1098	567
58397093	64091.VNG_1009G	1085	803
58396720	64091.VNG_0525C	1083	587
58398265	64091.VNG_2539H	1079	418
58396800	64091.VNG_0629G	1071	335
58396640	64091.VNG_0424C	1069	98
58397395	64091.VNG_1408G	1066	568
58397695	64091.VNG_1814G	1061	632
58398116	64091.VNG_2343G	1059	391
58398187	64091.VNG_2437G	1057	326
58397995	64091.VNG_2195G	1042	107
58398361	64091.VNG_2665G	1041	609
58397543	64091.VNG_1611C	1040	212
58396674	64091.VNG_0467G	1017	293
58398084	64091.VNG_2305C	1015	155
58397951	64091.VNG_2146H	1007	129
58397083	64091.VNG_0998G	996	346
58398274	64091.VNG_2553G	994	113
58397492	64091.VNG_1538H	992	169
58397462	64091.VNG_1494G	992	38
58396660	64091.VNG_0448G	985	354
58397053	64091.VNG_0962G	981	661
58397581	64091.VNG_1659G	980	512
58397631	64091.VNG_1724G	975	263
58397333	64091.VNG_1325C	966	366
58397705	64091.VNG_1829G	963	260
58396485	64091.VNG_0209H	963	253
58396763	64091.VNG_0582C	950	239
58398325	64091.VNG_2620G	950	744
58397213	64091.VNG_1168C	937	187
58397338	64091.VNG_1332G	934	213
58397796	64091.VNG_1944C	930	131
58397879	64091.VNG_2056G	918	201
58398097	64091.VNG_2321G	907	102
58397502	64091.VNG_1551G	891	256
58396645	64091.VNG_0429H	891	115
58396839	64091.VNG_0678G	888	206
58397813	64091.VNG_1967G	882	353
58397923	64091.VNG_2115H	878	28
58398276	64091.VNG_2555C	872	120
58398323	64091.VNG_2617G	871	265
58398238	64091.VNG_2508C	869	93
58396878	64091.VNG_0732G	869	127
58396745	64091.VNG_0559G	868	202
58397735	64091.VNG_1866G	867	133
58397706	64091.VNG_1830G	865	504
58396393	64091.VNG_0096C	851	129
58397955	64091.VNG_2150G	849	78
58397889	64091.VNG_2072G	844	374
58397950	64091.VNG_2144G	838	239
58398101	64091.VNG_2326G	836	295
58396465	64091.VNG_0183G	834	98
58398179	64091.VNG_2424G	834	358
58397535	64091.VNG_1601G	832	335
58396997	64091.VNG_0889G	823	583
58398345	64091.VNG_2644C	811	74
58397465	64091.VNG_1498G	805	298
58397064	64091.VNG_0976G	805	213
58397263	64091.VNG_1233G	804	171
58397449	64091.VNG_1478G	801	59
58398270	64091.VNG_2547G	800	724
58397843	64091.VNG_2005G	794	289
58397698	64091.VNG_1818G	788	185
58397711	64091.VNG_1835G	784	537
58398065	64091.VNG_2283G	783	618
58396571	64091.VNG_0326G	782	486
58396440	64091.VNG_0153C	782	192
58398137	64091.VNG_2373G	770	319
58397283	64091.VNG_1257H	769	31
58397515	64091.VNG_1568G	768	119
58397214	64091.VNG_1169C	763	113
58397287	64091.VNG_1262G	759	84
58397158	64091.VNG_1093C	757	164
58397651	64091.VNG_1756G	754	73
58398340	64091.VNG_2639G	749	295
58396917	64091.VNG_0780H	746	48
58397188	64091.VNG_1136G	745	188
58396624	64091.VNG_0403G	742	382
58396399	64091.VNG_0104G	741	139
58396558	64091.VNG_0310C	741	248
58396767	64091.VNG_0586C	740	83
58397514	64091.VNG_1567G	735	216
58398159	64091.VNG_2400H	735	144
58396552	64091.VNG_0303G	734	448
58397037	64091.VNG_0940G	732	314
58396808	64091.VNG_0639G	726	133
58397447	64091.VNG_1475C	716	314
58396934	64091.VNG_0806G	712	333
58397194	64091.VNG_1142G	703	246
58396864	64091.VNG_0715G	702	332
58397947	64091.VNG_2141G	701	133
58397342	64091.VNG_1339C	696	328
58397839	64091.VNG_2000G	696	328
58396855	64091.VNG_0702H	694	22
58396989	64091.VNG_0879C	691	70
58397917	64091.VNG_2106G	681	232
58397320	64091.VNG_1308G	677	223
58398248	64091.VNG_2519H	677	265
58396758	64091.VNG_0575G	675	158
58397156	64091.VNG_1090H	670	21
58396806	64091.VNG_0636G	664	164
58397229	64091.VNG_1187G	662	328
58397353	64091.VNG_1352G	661	352
58398064	64091.VNG_2282C	658	197
58397061	64091.VNG_0971G	654	277
58397184	64091.VNG_1131G	654	158
58397845	64091.VNG_2008H	650	55
58397689	64091.VNG_1802H	650	251
58397855	64091.VNG_2023G	648	185
58398363	64091.VNG_2668G	645	35
58398117	64091.VNG_2344G	644	235
58397416	64091.VNG_1437G	643	161
58396928	64091.VNG_0796G	642	125
58397850	64091.VNG_2015C	639	63
58397082	64091.VNG_0997G	637	441
58397038	64091.VNG_0941C	637	165
58397743	64091.VNG_1875G	630	161
58397192	64091.VNG_1140G	627	68
58397312	64091.VNG_1297C	625	204
58397928	64091.VNG_2120G	625	125
58396633	64091.VNG_0414G	624	384
58398314	64091.VNG_2607C	619	145
58397297	64091.VNG_1276C	616	144
58397454	64091.VNG_1483C	615	89
58396525	64091.VNG_0264H	614	179
58396644	64091.VNG_0428G	612	96
58396472	64091.VNG_0192G	611	236
58396505	64091.VNG_0237H	609	10
58397828	64091.VNG_1987G	607	313
58397057	64091.VNG_0966G	600	170
58398280	64091.VNG_2562H	598	183
58396809	64091.VNG_0640G	592	113
58397912	64091.VNG_2100G	591	236
58397080	64091.VNG_0995H	587	35
58397718	64091.VNG_1844G	582	174
58396760	64091.VNG_0578H	580	54
58398348	64091.VNG_2647G	579	212
58397992	64091.VNG_2190G	575	585
58396622	64091.VNG_0401G	574	324
58397545	64091.VNG_1615G	574	229
58397696	64091.VNG_1815G	572	142
58398165	64091.VNG_2410G	571	126
58397202	64091.VNG_1153G	568	253
58397102	64091.VNG_1021C	566	118
58396995	64091.VNG_0885G	566	378
58396803	64091.VNG_0632G	562	240
58396888	64091.VNG_0743H	561	124
58396801	64091.VNG_0630G	558	58
58396772	64091.VNG_0593G	556	159
58397151	64091.VNG_1085H	556	68
58396765	64091.VNG_0584H	555	162
58397893	64091.VNG_2076G	554	6
58397485	64091.VNG_1529G	553	305
58397648	64091.VNG_1752C	546	125
58397883	64091.VNG_2063G	546	212
58398213	64091.VNG_2471G	544	198
58398135	64091.VNG_2371C	535	141
58397580	64091.VNG_1658C	534	77
58397108	64091.VNG_1029C	531	96
58397107	64091.VNG_1027G	530	40
58398062	64091.VNG_2280G	528	217
58398142	64091.VNG_2379H	525	25
58397420	64091.VNG_1444G	524	143
58397286	64091.VNG_1261H	523	28
58398236	64091.VNG_2505G	520	222
58397701	64091.VNG_1822G	519	42
58397031	64091.VNG_0933G	516	127
58397049	64091.VNG_0958G	512	195
58396538	64091.VNG_0283C	511	71
58396653	64091.VNG_0439C	510	242
58398118	64091.VNG_2346G	504	182
58397308	64091.VNG_1292H	499	26
58396605	64091.VNG_0376G	499	167
58397838	64091.VNG_1999H	498	76
58398321	64091.VNG_2615C	497	338
58396582	64091.VNG_0343H	497	34
58397157	64091.VNG_1092C	494	179
58396996	64091.VNG_0887G	491	368
58397700	64091.VNG_1821G	490	130
58398046	64091.VNG_2259C	485	218
58397907	64091.VNG_2094G	482	79
58397967	64091.VNG_2163H	482	82
58396913	64091.VNG_0775G	481	159
58396583	64091.VNG_0345G	481	168
58396845	64091.VNG_0684G	478	103
58396836	64091.VNG_0675C	478	108
58397536	64091.VNG_1603G	475	151
58398017	64091.VNG_2223G	474	431
58397630	64091.VNG_1723H	470	52
58396313	64091.VNG_0001H	470	182
58398337	64091.VNG_2636G	467	493
58397384	64091.VNG_1394H	465	80
58396900	64091.VNG_0758C	463	96
58396983	64091.VNG_0872G	462	134
58398004	64091.VNG_2206G	457	237
58398020	64091.VNG_2227C	457	100
58396899	64091.VNG_0757G	457	124
58398313	64091.VNG_2606G	452	137
58397925	64091.VNG_2117C	451	86
58397007	64091.VNG_0905G	449	241
58396604	64091.VNG_0375G	445	53
58398186	64091.VNG_2436G	444	162
58396484	64091.VNG_0208H	444	66
58397870	64091.VNG_2043G	441	87
58397258	64091.VNG_1227H	441	144
58396441	64091.VNG_0154G	440	162
58397507	64091.VNG_1558H	439	36
58396407	64091.VNG_0115G	438	80
58397851	64091.VNG_2017G	437	218
58397965	64091.VNG_2160C	437	150
58397762	64091.VNG_1901C	436	138
58397413	64091.VNG_1432G	436	131
58397966	64091.VNG_2162C	435	101
58397904	64091.VNG_2089H	432	25
58396994	64091.VNG_0884G	432	176
58398038	64091.VNG_2249G	432	164
58397663	64091.VNG_1771C	429	42
58396630	64091.VNG_0409C	423	230
58396977	64091.VNG_0864G	421	135
58397425	64091.VNG_1451C	418	149
58397989	64091.VNG_2186G	418	29
58397539	64091.VNG_1607G	414	18
58397668	64091.VNG_1776G	414	122
58397068	64091.VNG_0982C	414	34
58396634	64091.VNG_0415G	414	258
58398184	64091.VNG_2432C	411	42
58398063	64091.VNG_2281C	408	187
58397238	64091.VNG_1198C	408	117
58398002	64091.VNG_2204H	408	71
58396894	64091.VNG_0751C	405	59
58398343	64091.VNG_2642H	404	41
58396756	64091.VNG_0573C	404	67
58396467	64091.VNG_0186G	403	175
58398154	64091.VNG_2395C	402	157
58397280	64091.VNG_1253C	397	92
58397415	64091.VNG_1435G	395	97
58397047	64091.VNG_0954C	393	75
58396609	64091.VNG_0383H	392	14
58397001	64091.VNG_0893G	391	109
58398311	64091.VNG_2603H	391	43
58397153	64091.VNG_1087C	391	158
58398347	64091.VNG_2646C	390	75
58397537	64091.VNG_1605G	390	11
58397830	64091.VNG_1989H	390	11
58397654	64091.VNG_1760G	389	253
58398125	64091.VNG_2358G	388	190
58396651	64091.VNG_0437C	387	135
58398122	64091.VNG_2352G	382	202
58397770	64091.VNG_1911G	382	153
58397934	64091.VNG_2126C	382	124
58397029	64091.VNG_0931G	379	119
58396419	64091.VNG_0129G	378	60
58397089	64091.VNG_1005H	375	32
58396590	64091.VNG_0355G	373	157
58396732	64091.VNG_0541G	373	109
58397508	64091.VNG_1559H	372	69
58397142	64091.VNG_1071G	369	45
58397152	64091.VNG_1086C	369	43
58397727	64091.VNG_1853G	369	144
58397779	64091.VNG_1922G	369	22
58397477	64091.VNG_1518H	368	27
58397645	64091.VNG_1748C	367	42
58397836	64091.VNG_1997G	367	250
58397657	64091.VNG_1765G	365	140
58397281	64091.VNG_1255C	365	214
58398025	64091.VNG_2234G	365	26
58398027	64091.VNG_2237G	364	126
58398286	64091.VNG_2570G	363	34
58396728	64091.VNG_0536G	362	70
58396546	64091.VNG_0294G	362	66
58396825	64091.VNG_0662G	361	34
58396615	64091.VNG_0390G	358	63
58396837	64091.VNG_0676C	357	19
58397289	64091.VNG_1264C	356	35
58396626	64091.VNG_0405C	356	132
58397062	64091.VNG_0973G	355	116
58397039	64091.VNG_0942G	354	36
58398001	64091.VNG_2203G	354	99
58398210	64091.VNG_2468C	351	61
58396685	64091.VNG_0481G	348	213
58397601	64091.VNG_1686G	344	75
58398104	64091.VNG_2330G	339	102
58396662	64091.VNG_0451G	339	61
58396738	64091.VNG_0549G	338	119
58397316	64091.VNG_1302H	338	23
58396754	64091.VNG_0571C	333	108
58397019	64091.VNG_0919G	332	71
58397665	64091.VNG_1773G	332	33
58398214	64091.VNG_2472G	331	30
58397697	64091.VNG_1816G	330	51
58396862	64091.VNG_0711C	328	62
58396439	64091.VNG_0152G	328	75
58397941	64091.VNG_2135G	327	60
58396812	64091.VNG_0643G	326	21
58396526	64091.VNG_0265G	325	113
58397946	64091.VNG_2140G	324	33
58397887	64091.VNG_2068C	319	139
58396675	64091.VNG_0468C	317	127
58396895	64091.VNG_0752G	317	93
58397054	64091.VNG_0963G	312	89
58397791	64091.VNG_1939G	312	106
58396781	64091.VNG_0602C	312	8
58398089	64091.VNG_2311H	309	23
58397361	64091.VNG_1364G	309	81
58397119	64091.VNG_1042H	308	32
58398173	64091.VNG_2418G	307	102
58397030	64091.VNG_0932C	305	51
58396353	64091.VNG_0046G	304	141
58396632	64091.VNG_0412G	304	221
58397024	64091.VNG_0925C	302	78
58397124	64091.VNG_1052H	300	44
58397658	64091.VNG_1766C	295	58
58397808	64091.VNG_1960H	294	17
58397806	64091.VNG_1957G	294	141
58397861	64091.VNG_2031G	293	50
58397590	64091.VNG_1672H	293	44
58397688	64091.VNG_1801G	292	52
58396988	64091.VNG_0878G	288	15
58398295	64091.VNG_2582H	287	24
58398237	64091.VNG_2507G	284	137
58397401	64091.VNG_1416G	283	108
58396318	64091.VNG_0008G	282	38
58396969	64091.VNG_0853C	280	45
58396577	64091.VNG_0335G	280	67
58396926	64091.VNG_0794G	279	32
58397162	64091.VNG_1097G	279	89
58398059	64091.VNG_2276G	279	128
58397163	64091.VNG_1099C	279	83
58398141	64091.VNG_2378G	277	75
58397785	64091.VNG_1932G	276	63
58397318	64091.VNG_1305G	275	71
58396982	64091.VNG_0870G	270	30
58397780	64091.VNG_1924G	270	66
58397952	64091.VNG_2147G	268	72
58396718	64091.VNG_0523G	268	73
58398264	64091.VNG_2537G	267	43
58397127	64091.VNG_1055G	267	98
58397267	64091.VNG_1237C	267	56
58397781	64091.VNG_1925H	266	2
58396642	64091.VNG_0426G	266	25
58397871	64091.VNG_2044H	263	22
58396597	64091.VNG_0365G	262	78
58397139	64091.VNG_1068G	261	176
58397551	64091.VNG_1622G	261	141
58397938	64091.VNG_2131G	260	171
58396725	64091.VNG_0533H	259	54
58397987	64091.VNG_2184G	257	65
58396700	64091.VNG_0500G	256	61
58396661	64091.VNG_0450C	256	26
58397633	64091.VNG_1727G	256	61
58396973	64091.VNG_0860G	254	35
58398088	64091.VNG_2310H	253	22
58397060	64091.VNG_0970G	252	65
58396835	64091.VNG_0674C	251	85
58396782	64091.VNG_0604H	251	20
58397538	64091.VNG_1606G	250	62
58396570	64091.VNG_0324G	250	154
58398318	64091.VNG_2612G	249	191
58396381	64091.VNG_0077H	249	61
58398204	64091.VNG_2459G	248	129
58397433	64091.VNG_1459H	248	11
58396805	64091.VNG_0635G	246	32
58397876	64091.VNG_2051G	246	7
58397223	64091.VNG_1180G	246	15
58397900	64091.VNG_2085G	244	57
58398146	64091.VNG_2384G	244	259
58397728	64091.VNG_1856G	243	134
58398077	64091.VNG_2296C	242	37
58396804	64091.VNG_0633G	242	41
58396663	64091.VNG_0452G	242	62
58398093	64091.VNG_2315H	242	45
58397798	64091.VNG_1946G	241	93
58396813	64091.VNG_0646G	241	63
58397352	64091.VNG_1351G	240	18
58397915	64091.VNG_2104G	239	96
58397540	64091.VNG_1608C	238	48
58396647	64091.VNG_0431G	238	53
58397499	64091.VNG_1547C	237	42
58396655	64091.VNG_0441H	236	40
58397227	64091.VNG_1184G	236	80
58398230	64091.VNG_2497H	235	35
58397252	64091.VNG_1216G	235	82
58397200	64091.VNG_1150G	234	81
58397511	64091.VNG_1564H	231	111
58396588	64091.VNG_0352H	229	8
58396519	64091.VNG_0255C	229	52
58396344	64091.VNG_0037H	228	17
58396897	64091.VNG_0754C	227	46
58397531	64091.VNG_1591H	226	23
58397877	64091.VNG_2053G	226	23
58397364	64091.VNG_1367G	226	16
58398326	64091.VNG_2622H	225	57
58397147	64091.VNG_1079G	225	64
58396575	64091.VNG_0331H	224	18
58396416	64091.VNG_0125H	224	26
58398052	64091.VNG_2268H	224	12
58396423	64091.VNG_0134G	223	45
58398291	64091.VNG_2577C	218	26
58397440	64091.VNG_1467G	217	41
58398254	64091.VNG_2525H	217	16
58397294	64091.VNG_1272C	215	68
58398249	64091.VNG_2520C	213	47
58396422	64091.VNG_0133G	213	52
58398206	64091.VNG_2462G	212	79
58397237	64091.VNG_1197G	212	17
58397926	64091.VNG_2118G	211	28
58396935	64091.VNG_0808G	211	77
58398098	64091.VNG_2322G	211	63
58396596	64091.VNG_0364G	209	71
58398016	64091.VNG_2222G	209	40
58396962	64091.VNG_0841G	209	53
58396623	64091.VNG_0402H	208	4
58396757	64091.VNG_0574C	207	19
58396798	64091.VNG_0627G	207	54
58397719	64091.VNG_1845C	205	88
58397784	64091.VNG_1929G	204	37
58398164	64091.VNG_2408C	202	21
58396649	64091.VNG_0435H	202	18
58396967	64091.VNG_0851C	202	49
58398304	64091.VNG_2595G	201	53
58396817	64091.VNG_0651G	201	81
58396794	64091.VNG_0622H	200	84
58397094	64091.VNG_1011C	200	20
58398151	64091.VNG_2392H	197	23
58397419	64091.VNG_1442G	197	54
58397994	64091.VNG_2193G	196	46
58398087	64091.VNG_2308G	196	70
58397882	64091.VNG_2062G	195	91
58396970	64091.VNG_0854C	194	57
58396704	64091.VNG_0504G	194	63
58396517	64091.VNG_0252C	193	20
58397596	64091.VNG_1679H	192	28
58396981	64091.VNG_0869G	192	83
58397197	64091.VNG_1145G	192	51
58398078	64091.VNG_2297H	192	13
58396693	64091.VNG_0489G	191	69
58396657	64091.VNG_0444G	191	32
58397829	64091.VNG_1988G	191	30
58396987	64091.VNG_0876G	190	39
58396391	64091.VNG_0094C	189	32
58397655	64091.VNG_1762G	189	47
58397486	64091.VNG_1530H	189	6
58397382	64091.VNG_1389C	188	58
58396822	64091.VNG_0657G	187	64
58398006	64091.VNG_2208G	187	80
58398199	64091.VNG_2452C	187	43
58397063	64091.VNG_0974G	186	40
58398260	64091.VNG_2533G	186	86
58398307	64091.VNG_2598G	185	50
58397812	64091.VNG_1965H	185	33
58397428	64091.VNG_1454C	185	99
58397218	64091.VNG_1174G	184	44
58396838	64091.VNG_0677H	184	27
58398177	64091.VNG_2422G	181	94
58396795	64091.VNG_0623G	180	91
58398252	64091.VNG_2523H	180	26
58398235	64091.VNG_2504G	179	66
58396424	64091.VNG_0136G	178	48
58396688	64091.VNG_0484G	176	119
58398266	64091.VNG_2541C	176	54
58396753	64091.VNG_0570H	175	9
58396594	64091.VNG_0361C	175	17
58398200	64091.VNG_2454C	174	23
58397096	64091.VNG_1013G	174	72
58397067	64091.VNG_0981C	174	52
58398185	64091.VNG_2433H	174	10
58397196	64091.VNG_1144H	173	32
58397426	64091.VNG_1452G	172	42
58396901	64091.VNG_0759H	172	23
58398140	64091.VNG_2377G	172	26
58396601	64091.VNG_0371G	172	81
58397875	64091.VNG_2049C	172	2
58398255	64091.VNG_2526G	172	156
58396667	64091.VNG_0458G	171	58
58398082	64091.VNG_2302G	170	84
58397751	64091.VNG_1887G	168	40
58396874	64091.VNG_0727C	165	52
58398005	64091.VNG_2207H	165	70
58397240	64091.VNG_1201G	165	16
58397996	64091.VNG_2196G	165	17
58398153	64091.VNG_2394G	163	49
58397815	64091.VNG_1971G	163	58
58396602	64091.VNG_0373H	163	13
58397340	64091.VNG_1336C	162	14
58397002	64091.VNG_0896G	162	14
58396414	64091.VNG_0123G	161	90
58397509	64091.VNG_1561C	161	34
58396512	64091.VNG_0247C	161	30
58397766	64091.VNG_1905C	160	70
58397299	64091.VNG_1280C	160	16
58397056	64091.VNG_0965C	160	41
58397471	64091.VNG_1508C	159	106
58398251	64091.VNG_2522C	158	29
58397176	64091.VNG_1118G	157	33
58398275	64091.VNG_2554H	155	39
58397111	64091.VNG_1033G	155	63
58397480	64091.VNG_1523G	154	50
58398258	64091.VNG_2531G	153	34
58396857	64091.VNG_0704C	153	15
58397365	64091.VNG_1369G	152	41
58397347	64091.VNG_1344G	152	57
58397738	64091.VNG_1869C	152	52
58397823	64091.VNG_1982C	150	54
58398105	64091.VNG_2331G	148	55
58396933	64091.VNG_0804C	148	50
58396940	64091.VNG_0814C	148	24
58397405	64091.VNG_1422H	147	50
58396557	64091.VNG_0309C	147	43
58396636	64091.VNG_0419C	146	11
58396785	64091.VNG_0609C	145	34
58396759	64091.VNG_0576C	145	10
58398221	64091.VNG_2482G	144	53
58397322	64091.VNG_1310G	144	26
58397284	64091.VNG_1259G	142	37
58396432	64091.VNG_0144H	141	25
58397304	64091.VNG_1285G	141	40
58397550	64091.VNG_1621H	140	22
58396866	64091.VNG_0717H	139	12
58396755	64091.VNG_0572G	139	40
58398239	64091.VNG_2509H	136	25
58397560	64091.VNG_1634G	136	3
58397704	64091.VNG_1827H	135	12
58396656	64091.VNG_0442G	134	57
58397077	64091.VNG_0992H	134	45
58397476	64091.VNG_1515G	133	33
58396608	64091.VNG_0382G	133	36
58397470	64091.VNG_1506G	132	45
58396726	64091.VNG_0534C	132	44
58396870	64091.VNG_0723G	132	59
58397110	64091.VNG_1031C	132	25
58397517	64091.VNG_1572C	131	28
58397305	64091.VNG_1287C	130	21
58398163	64091.VNG_2406C	130	29
58398330	64091.VNG_2627C	128	63
58397804	64091.VNG_1954H	128	15
58396515	64091.VNG_0250C	128	24
58396586	64091.VNG_0349G	127	81
58396723	64091.VNG_0530G	127	26
58397929	64091.VNG_2121C	126	12
58397104	64091.VNG_1024C	126	22
58396819	64091.VNG_0653G	125	34
58396910	64091.VNG_0769H	124	12
58398047	64091.VNG_2260H	124	29
58397797	64091.VNG_1945G	124	28
58396357	64091.VNG_0051G	124	55
58397809	64091.VNG_1962C	123	23
58397683	64091.VNG_1795C	123	48
58398308	64091.VNG_2599H	123	14
58396474	64091.VNG_0195H	123	8
58397236	64091.VNG_1196H	122	5
58397028	64091.VNG_0930G	121	28
58396355	64091.VNG_0049H	120	28
58397457	64091.VNG_1487H	120	24
58396603	64091.VNG_0374G	120	21
58396925	64091.VNG_0793G	119	99
58397183	64091.VNG_1130H	119	11
58396881	64091.VNG_0735G	119	24
58398036	64091.VNG_2247G	119	25
58397411	64091.VNG_1429C	117	32
58397055	64091.VNG_0964C	117	35
58396641	64091.VNG_0425G	117	26
58397640	64091.VNG_1739G	116	25
58396614	64091.VNG_0389C	116	14
58397729	64091.VNG_1857C	115	19
58398108	64091.VNG_2334C	114	138
58397710	64091.VNG_1834G	114	22
58397512	64091.VNG_1565G	113	66
58396625	64091.VNG_0404H	113	12
58396717	64091.VNG_0521G	112	103
58396684	64091.VNG_0479G	112	25
58398157	64091.VNG_2398G	112	21
58398096	64091.VNG_2320G	111	48
58397112	64091.VNG_1034H	111	19
58397822	64091.VNG_1980C	111	25
58397348	64091.VNG_1345H	111	11
58397969	64091.VNG_2165H	111	18
58397902	64091.VNG_2087G	110	23
58398024	64091.VNG_2233C	109	19
58396683	64091.VNG_0478C	109	10
58396764	64091.VNG_0583G	109	21
58397373	64091.VNG_1379G	108	26
58396576	64091.VNG_0332C	107	13
58397548	64091.VNG_1618H	107	18
58397890	64091.VNG_2073C	107	25
58397746	64091.VNG_1880C	107	40
58397561	64091.VNG_1635G	105	17
58397940	64091.VNG_2133H	105	18
58398229	64091.VNG_2496G	105	8
58398003	64091.VNG_2205H	104	17
58396686	64091.VNG_0482H	104	21
58397653	64091.VNG_1759G	104	27
58397171	64091.VNG_1111G	104	38
58396848	64091.VNG_0689G	103	30
58397647	64091.VNG_1751H	103	26
58398029	64091.VNG_2239C	103	30
58396691	64091.VNG_0487H	102	18
58396568	64091.VNG_0322H	102	9
58397632	64091.VNG_1726G	101	26
58398306	64091.VNG_2597C	100.0	20
58396369	64091.VNG_0063G	99.0	45
58398119	64091.VNG_2347G	98.8	30
58396371	64091.VNG_0065G	98.4	39
58396319	64091.VNG_0009G	97.7	29
58397903	64091.VNG_2088G	96.9	37
58397198	64091.VNG_1148G	95.6	10
58396709	64091.VNG_0509H	94.9	6
58397095	64091.VNG_1012H	94.9	6
58397321	64091.VNG_1309G	93.5	13
58398113	64091.VNG_2340H	92.7	22
58397963	64091.VNG_2158G	92.5	24
58396457	64091.VNG_0174G	90.3	21
58397069	64091.VNG_0983C	90.3	49
58396551	64091.VNG_0301C	90.1	18
58396561	64091.VNG_0314G	89.7	15
58396965	64091.VNG_0847H	89.3	26
58397820	64091.VNG_1977H	88.6	27
58398132	64091.VNG_2368G	88.1	54
58396708	64091.VNG_0508H	87.3	11
58398293	64091.VNG_2580C	87.1	24
58398250	64091.VNG_2521H	86.9	13
58396827	64091.VNG_0665G	86.8	11
58397773	64091.VNG_1916H	86.7	7
58396462	64091.VNG_0179C	86.5	16
58396978	64091.VNG_0865C	86.0	19
58397150	64091.VNG_1084G	85.9	19
58398138	64091.VNG_2374G	85.5	40
58396430	64091.VNG_0142C	85.2	22
58397627	64091.VNG_1719G	85.1	15
58397835	64091.VNG_1995C	83.9	6
58397547	64091.VNG_1617H	83.5	10
58397916	64091.VNG_2105H	82.9	3
58396487	64091.VNG_0212H	82.6	26
58398369	64091.VNG_2678H	82.5	42
58397336	64091.VNG_1329H	82.4	14
58398090	64091.VNG_2312C	82.0	17
58397235	64091.VNG_1194H	81.8	8
58397693	64091.VNG_1809H	81.8	14
58396659	64091.VNG_0447H	81.4	40
58397249	64091.VNG_1213C	80.9	27
58397212	64091.VNG_1165G	80.9	27
58397591	64091.VNG_1673G	80.8	26
58396698	64091.VNG_0498C	80.7	11
58396403	64091.VNG_0108G	80.5	69
58396620	64091.VNG_0398G	80.4	24
58397446	64091.VNG_1474G	80.0	14
58396354	64091.VNG_0047G	79.6	23
58396902	64091.VNG_0761G	79.6	17
58397138	64091.VNG_1067G	78.8	26
58396389	64091.VNG_0090G	78.4	18
58396497	64091.VNG_0223G	78.1	23
58397814	64091.VNG_1969G	77.4	50
58396774	64091.VNG_0595H	77.4	19
58397832	64091.VNG_1992G	77.1	35
58396384	64091.VNG_0081G	77.0	19
58396690	64091.VNG_0486G	76.5	9
58396648	64091.VNG_0433C	75.9	9
58398299	64091.VNG_2587C	75.7	13
58396572	64091.VNG_0327G	75.6	29
58397033	64091.VNG_0935G	75.4	17
58396893	64091.VNG_0750C	75.4	17
58397335	64091.VNG_1327G	74.9	4
58397794	64091.VNG_1942H	74.9	9
58397461	64091.VNG_1493G	74.3	54
58396834	64091.VNG_0673G	73.9	10
58396713	64091.VNG_0514C	73.6	52
58397115	64091.VNG_1037G	73.4	16
58396375	64091.VNG_0069H	73.2	4
58397301	64091.VNG_1282G	73.1	22
58398161	64091.VNG_2403H	73.1	16
58397600	64091.VNG_1684G	73.0	16
58398305	64091.VNG_2596G	72.9	7
58397834	64091.VNG_1994C	72.4	4
58396814	64091.VNG_0647G	72.4	5
58398339	64091.VNG_2638G	72.1	20
58397065	64091.VNG_0978H	71.9	20
58396592	64091.VNG_0359C	71.1	13
58396511	64091.VNG_0245G	70.9	13
58396887	64091.VNG_0742H	70.9	13
58398110	64091.VNG_2337C	70.9	6
58397125	64091.VNG_1053G	70.3	15
58396898	64091.VNG_0755C	70.3	16
58398196	64091.VNG_2447G	70.3	14
58396316	64091.VNG_0005H	69.9	38
58397731	64091.VNG_1861C	69.9	19
58397865	64091.VNG_2036G	68.6	20
58396692	64091.VNG_0488H	68.4	9
58396394	64091.VNG_0097G	68.4	18
58397962	64091.VNG_2157C	68.3	4
58398106	64091.VNG_2332G	68.3	6
58398233	64091.VNG_2501C	68.0	11
58397230	64091.VNG_1188G	67.5	5
58396929	64091.VNG_0798H	67.3	22
58398171	64091.VNG_2416G	67.2	14
58397634	64091.VNG_1729G	67.0	22
58397807	64091.VNG_1959G	67.0	40
58398247	64091.VNG_2518C	66.9	17
58397483	64091.VNG_1526G	66.6	22
58396892	64091.VNG_0749G	66.5	58
58396448	64091.VNG_0162G	66.2	31
58396652	64091.VNG_0438G	65.7	12
58397123	64091.VNG_1050H	65.6	7
58396324	64091.VNG_0016H	65.0	13
58398007	64091.VNG_2210G	64.9	23
58396914	64091.VNG_0777G	64.6	6
58397764	64091.VNG_1903C	63.9	18
58397847	64091.VNG_2011G	62.9	19
58396750	64091.VNG_0565C	62.5	4
58398168	64091.VNG_2413H	62.5	7
58397725	64091.VNG_1851G	62.4	15
58396873	64091.VNG_0726C	62.4	16
58396599	64091.VNG_0368C	62.3	13
58397349	64091.VNG_1347C	62.1	18
58397744	64091.VNG_1877C	61.7	2
58396920	64091.VNG_0786G	61.4	3
58397716	64091.VNG_1842H	61.4	14
58397898	64091.VNG_2082G	61.2	15
58397241	64091.VNG_1202C	60.7	6
58397220	64091.VNG_1176G	60.3	12
58397407	64091.VNG_1425H	60.3	5
58396581	64091.VNG_0342G	60.2	74
58396536	64091.VNG_0281G	60.2	20
58397225	64091.VNG_1182H	60.2	13
58397129	64091.VNG_1057C	60.1	28
58396872	64091.VNG_0725H	59.9	21
58396593	64091.VNG_0360C	59.8	10
58398107	64091.VNG_2333C	59.7	29
58396984	64091.VNG_0873G	59.7	9
58398368	64091.VNG_2677H	59.6	19
58397120	64091.VNG_1046H	58.8	7
58396820	64091.VNG_0654C	58.5	17
58397143	64091.VNG_1073G	57.9	22
58397541	64091.VNG_1609C	57.8	10
58396702	64091.VNG_0502G	57.4	17
58397003	64091.VNG_0897G	57.2	11
58397408	64091.VNG_1426H	57.0	8
58397311	64091.VNG_1296C	56.9	7
58398109	64091.VNG_2335H	56.3	16
58396682	64091.VNG_0475C	55.9	4
58398067	64091.VNG_2285C	55.6	6
58396503	64091.VNG_0233H	55.5	4
58398302	64091.VNG_2593H	54.8	3
58397852	64091.VNG_2019C	54.8	20
58397976	64091.VNG_2173G	54.7	32
58397878	64091.VNG_2054H	54.4	4
58396461	64091.VNG_0178H	54.2	18
58397307	64091.VNG_1291H	53.5	13
58397641	64091.VNG_1740C	53.4	14
58396627	64091.VNG_0406C	53.0	13
58397920	64091.VNG_2110C	52.8	18
58398315	64091.VNG_2608C	52.8	18
58396401	64091.VNG_0106G	52.7	28
58397427	64091.VNG_1453H	52.4	4
58397468	64091.VNG_1503C	52.3	10
58398358	64091.VNG_2661G	52.2	9
58398267	64091.VNG_2543C	52.2	7
58396398	64091.VNG_0102C	52.2	15
58396638	64091.VNG_0421C	52.1	8
58397679	64091.VNG_1790H	51.5	2
58397388	64091.VNG_1401C	51.0	7
58397937	64091.VNG_2130G	50.9	9
58397472	64091.VNG_1510C	50.9	30
58396459	64091.VNG_0176H	50.2	15
58396367	64091.VNG_0061C	50.1	22
58397692	64091.VNG_1807H	50.0	6
58397546	64091.VNG_1616C	49.8	19
58397717	64091.VNG_1843C	49.8	11
58396733	64091.VNG_0542C	49.5	18
58396884	64091.VNG_0738H	49.3	7
58396841	64091.VNG_0680G	49.1	20
58398049	64091.VNG_2263G	48.9	11
58397271	64091.VNG_1241G	48.7	7
58396464	64091.VNG_0181G	48.1	15
58398145	64091.VNG_2383G	47.9	24
58397761	64091.VNG_1900C	47.3	12
58396658	64091.VNG_0446G	47.2	11
58397650	64091.VNG_1755G	47.0	19
58398234	64091.VNG_2502C	46.9	26
58396376	64091.VNG_0070H	46.6	6
58397984	64091.VNG_2181G	46.6	30
58397669	64091.VNG_1777H	46.5	7
58397014	64091.VNG_0914H	46.1	9
58396991	64091.VNG_0881G	45.9	21
58397008	64091.VNG_0906H	45.7	10
58396639	64091.VNG_0422G	45.3	18
58397228	64091.VNG_1185G	45.2	9
58396858	64091.VNG_0705C	45.0	18
58398319	64091.VNG_2613H	44.6	9
58397970	64091.VNG_2166C	44.5	7
58396815	64091.VNG_0648G	44.5	8
58396317	64091.VNG_0006G	44.3	28
58397253	64091.VNG_1218C	44.2	12
58396875	64091.VNG_0729H	44.1	8
58397816	64091.VNG_1972G	44.1	21
58397975	64091.VNG_2172C	44.0	11
58397968	64091.VNG_2164C	43.9	2
58397180	64091.VNG_1123G	43.8	2
58398085	64091.VNG_2306H	43.8	12
58397556	64091.VNG_1628G	43.6	17
58397178	64091.VNG_1120H	43.5	5
58398030	64091.VNG_2240G	43.2	15
58396768	64091.VNG_0587H	43.2	6
58397793	64091.VNG_1941C	42.9	20
58398076	64091.VNG_2295G	42.2	6
58398227	64091.VNG_2493C	40.5	7
58397678	64091.VNG_1788C	40.4	13
58396580	64091.VNG_0340C	40.4	9
58396528	64091.VNG_0267H	40.0	14
58398056	64091.VNG_2272G	39.9	7
58397733	64091.VNG_1864G	39.8	7
58397674	64091.VNG_1784C	39.8	17
58396387	64091.VNG_0086G	39.8	27
58397702	64091.VNG_1823C	39.4	7
58397646	64091.VNG_1749G	39.3	15
58396915	64091.VNG_0778C	39.3	7
58397391	64091.VNG_1404G	39.2	6
58398273	64091.VNG_2552G	38.8	8
58396635	64091.VNG_0417H	38.7	4
58396415	64091.VNG_0124C	38.3	8
58397339	64091.VNG_1335G	38.3	19
58396453	64091.VNG_0168H	38.2	8
58397344	64091.VNG_1341G	38.0	8
58398327	64091.VNG_2624G	37.7	4
58397516	64091.VNG_1570H	37.7	9
58397372	64091.VNG_1377G	37.5	7
58397442	64091.VNG_1470G	37.4	16
58396499	64091.VNG_0227H	37.2	3
58396960	64091.VNG_0838G	37.2	12
58398143	64091.VNG_2380H	37.1	5
58396975	64091.VNG_0862G	36.9	8
58397715	64091.VNG_1839H	36.6	10
58396699	64091.VNG_0499G	36.6	17
58398009	64091.VNG_2213G	36.5	33
58397362	64091.VNG_1365C	36.4	1
58396727	64091.VNG_0535C	36.0	2
58396771	64091.VNG_0592G	36.0	6
58398129	64091.VNG_2365G	35.8	13
58396531	64091.VNG_0271C	35.6	18
58397323	64091.VNG_1311G	35.1	7
58398075	64091.VNG_2294G	35.0	8
58396598	64091.VNG_0367H	34.8	4
58397261	64091.VNG_1230G	34.8	17
58396746	64091.VNG_0560C	34.7	16
58398042	64091.VNG_2254C	34.6	13
58397059	64091.VNG_0969H	34.5	8
58397466	64091.VNG_1500H	34.4	7
58397775	64091.VNG_1918C	34.2	6
58397899	64091.VNG_2084G	33.7	10
58397659	64091.VNG_1767G	32.7	8
58398257	64091.VNG_2529G	32.4	8
58398332	64091.VNG_2629G	32.2	7
58396729	64091.VNG_0537C	31.3	12
58396650	64091.VNG_0436G	31.1	10
58397210	64091.VNG_1163G	31.0	7
58398367	64091.VNG_2675C	30.9	9
58396323	64091.VNG_0015H	30.7	3
58396778	64091.VNG_0599C	30.7	2
58398178	64091.VNG_2423G	30.6	8
58396314	64091.VNG_0002G	30.4	8
58396830	64091.VNG_0668C	30.2	10
58397266	64091.VNG_1236C	30.2	12
58397243	64091.VNG_1205C	30.1	16
58396539	64091.VNG_0284C	30.0	17
58397649	64091.VNG_1754G	29.8	11
58397709	64091.VNG_1833C	29.7	6
58397109	64091.VNG_1030G	29.5	1
58397837	64091.VNG_1998H	29.5	5
58397421	64091.VNG_1446H	29.4	3
58396985	64091.VNG_0874G	29.2	10
58397448	64091.VNG_1476C	29.2	9
58396826	64091.VNG_0664G	29.1	10
58398182	64091.VNG_2430G	29.0	11
58397894	64091.VNG_2078G	28.7	4
58397638	64091.VNG_1735C	28.7	11
58397597	64091.VNG_1680G	28.6	9
58397933	64091.VNG_2125G	28.5	4
58398124	64091.VNG_2356G	28.3	21
58397826	64091.VNG_1985C	28.3	9
58397872	64091.VNG_2045G	28.2	13
58397661	64091.VNG_1769C	28.1	6
58397895	64091.VNG_2079G	27.9	1
58397757	64091.VNG_1895H	27.8	4
58396695	64091.VNG_0492H	27.7	8
58397644	64091.VNG_1746C	27.5	7
58398111	64091.VNG_2338G	27.5	31
58397973	64091.VNG_2170H	27.3	3
58398320	64091.VNG_2614H	27.2	4
58396959	64091.VNG_0837H	27.2	3
58396879	64091.VNG_0733H	27.2	5
58396418	64091.VNG_0128C	26.8	10
58397594	64091.VNG_1676G	26.7	13
58398102	64091.VNG_2328H	26.7	2
58397662	64091.VNG_1770C	26.6	14
58397424	64091.VNG_1450G	26.5	12
58397518	64091.VNG_1573G	26.4	8
58397853	64091.VNG_2020C	26.4	7
58397254	64091.VNG_1219G	26.0	7
58397667	64091.VNG_1775C	25.9	6
58397827	64091.VNG_1986C	25.7	7
58398139	64091.VNG_2376H	25.7	3
58397058	64091.VNG_0967G	25.6	5
58397392	64091.VNG_1405C	25.6	4
58397149	64091.VNG_1083G	25.2	8
58397005	64091.VNG_0901G	25.1	14
58398316	64091.VNG_2610C	24.9	5
58396529	64091.VNG_0268C	24.8	5
58397350	64091.VNG_1349C	24.8	3
58397758	64091.VNG_1896C	24.6	13
58397346	64091.VNG_1343C	24.6	7
58397500	64091.VNG_1548C	24.4	6
58398333	64091.VNG_2631H	24.3	5
58397290	64091.VNG_1266G	24.2	9
58396923	64091.VNG_0789C	23.9	5
58397777	64091.VNG_1920H	23.9	3
58396540	64091.VNG_0285C	23.7	3
58398341	64091.VNG_2640G	23.5	7
58397491	64091.VNG_1537C	23.4	12
58397317	64091.VNG_1303C	23.4	11
58396434	64091.VNG_0147C	23.3	7
58397586	64091.VNG_1666H	23.2	5
58397148	64091.VNG_1081G	23.1	11
58396520	64091.VNG_0256H	23.0	5
58398070	64091.VNG_2289G	23.0	12
58396417	64091.VNG_0127C	22.6	4
58397686	64091.VNG_1798H	22.3	3
58396907	64091.VNG_0766G	22.3	9
58397121	64091.VNG_1047H	22.3	2
58398300	64091.VNG_2589C	22.2	5
58396936	64091.VNG_0810H	22.1	7
58396425	64091.VNG_0137G	22.0	7
58396712	64091.VNG_0512G	21.9	9
58397691	64091.VNG_1806H	21.7	1
58397720	64091.VNG_1846C	21.7	4
58396849	64091.VNG_0690C	21.6	5
58398051	64091.VNG_2267G	21.4	5
58397666	64091.VNG_1774G	21.1	8
58397896	64091.VNG_2080C	20.9	1
58396345	64091.VNG_0038H	20.6	3
58397130	64091.VNG_1058H	20.6	10
58396449	64091.VNG_0163G	20.6	24
58397960	64091.VNG_2155C	20.6	8
58397091	64091.VNG_1007H	20.3	6
58397574	64091.VNG_1651H	20.3	6
58396486	64091.VNG_0210H	20.3	6
58397079	64091.VNG_0994H	20.3	6
58397521	64091.VNG_1577C	20.2	2
58397862	64091.VNG_2032G	19.8	4
58396436	64091.VNG_0149G	19.5	11
58398298	64091.VNG_2586C	18.9	5
58396445	64091.VNG_0159G	18.7	12
58397394	64091.VNG_1407C	18.7	5
58397464	64091.VNG_1497C	18.5	3
58396631	64091.VNG_0410G	18.4	9
58396867	64091.VNG_0718C	18.4	4
58397021	64091.VNG_0921G	18.3	10
58397103	64091.VNG_1023C	18.3	5
58397730	64091.VNG_1859G	18.2	6
58396664	64091.VNG_0453G	18.1	5
58396619	64091.VNG_0396C	18.1	2
58397042	64091.VNG_0946G	18.0	1
58396600	64091.VNG_0370H	18.0	1
58396385	64091.VNG_0084G	17.6	4
58397393	64091.VNG_1406G	17.6	7
58397358	64091.VNG_1359G	17.1	5
58396779	64091.VNG_0600C	17.1	9
58396816	64091.VNG_0650C	17.1	8
58397412	64091.VNG_1431C	17.1	5
58397490	64091.VNG_1536C	16.9	2
58397012	64091.VNG_0911H	16.8	2
58396979	64091.VNG_0867G	16.8	6
58396509	64091.VNG_0243C	16.8	9
58398032	64091.VNG_2242C	16.6	2
58396527	64091.VNG_0266H	16.4	2
58398216	64091.VNG_2474C	16.3	5
58396853	64091.VNG_0698H	15.9	4
58398285	64091.VNG_2569H	15.8	3
58398180	64091.VNG_2426G	15.7	2
58397274	64091.VNG_1246H	15.6	3
58397226	64091.VNG_1183H	15.5	1
58397554	64091.VNG_1625H	15.5	4
58397164	64091.VNG_1100C	15.5	4
58398253	64091.VNG_2524H	15.4	2
58397745	64091.VNG_1879G	14.9	5
58397656	64091.VNG_1764G	14.9	3
58397285	64091.VNG_1260C	14.8	1
58396957	64091.VNG_0835G	14.7	3
58397577	64091.VNG_1655H	14.6	1
58397525	64091.VNG_1582G	14.5	3
58396616	64091.VNG_0391C	14.5	4
58396532	64091.VNG_0272H	14.4	2
58396797	64091.VNG_0626G	14.3	1
58398342	64091.VNG_2641H	14.2	1
58397250	64091.VNG_1214H	14.2	6
58396559	64091.VNG_0311H	13.9	1
58397603	64091.VNG_1688C	13.9	5
58397385	64091.VNG_1395G	13.8	5
58398150	64091.VNG_2390G	13.7	10
58397386	64091.VNG_1397C	13.6	4
58396876	64091.VNG_0730C	13.6	3
58397469	64091.VNG_1505G	13.4	8
58397885	64091.VNG_2065G	13.4	4
58397013	64091.VNG_0913H	13.2	5
58397857	64091.VNG_2025G	12.9	3
58397010	64091.VNG_0908G	12.6	4
58397527	64091.VNG_1585C	12.5	6
58397579	64091.VNG_1657H	12.3	3
58397295	64091.VNG_1273G	12.3	2
58396550	64091.VNG_0300C	12.3	5
58397035	64091.VNG_0937G	11.7	4
58398231	64091.VNG_2498H	11.6	1
58396761	64091.VNG_0579H	11.6	1
58397431	64091.VNG_1457C	11.6	3
58396315	64091.VNG_0003C	11.5	3
58397387	64091.VNG_1398C	11.5	2
58396665	64091.VNG_0455G	11.4	2
58397585	64091.VNG_1665G	11.4	3
58396980	64091.VNG_0868H	11.4	2
58398066	64091.VNG_2284G	11.1	2
58396610	64091.VNG_0384G	11.1	6
58397953	64091.VNG_2148H	10.9	3
58397144	64091.VNG_1074G	10.6	3
58396730	64091.VNG_0539C	10.6	3
58398166	64091.VNG_2411G	10.6	8
58397302	64091.VNG_1283H	10.5	1
58396905	64091.VNG_0764C	10.3	3
58396748	64091.VNG_0563G	10.2	4
58398055	64091.VNG_2271G	10.1	4
58398351	64091.VNG_2650G	10.0	2
58397045	64091.VNG_0950G	9.8	3
58397479	64091.VNG_1520G	9.75	3
58398331	64091.VNG_2628H	9.73	2
58398279	64091.VNG_2560G	9.71	2
58396548	64091.VNG_0297H	9.65	1
58398334	64091.VNG_2632G	9.6	2
58396350	64091.VNG_0043H	9.57	1
58396891	64091.VNG_0748G	9.47	5
58397999	64091.VNG_2201G	9.45	5
58396843	64091.VNG_0682C	9.4	3
58396947	64091.VNG_0823G	9.29	6
58398263	64091.VNG_2536C	9.19	2
58396534	64091.VNG_0277G	9.17	5
58397455	64091.VNG_1484H	9.03	3
58397341	64091.VNG_1337C	9.0	5
58397760	64091.VNG_1899G	8.98	3
58396402	64091.VNG_0107G	8.9	6
58397298	64091.VNG_1279H	8.83	1
58396547	64091.VNG_0296H	8.62	3
58396543	64091.VNG_0289H	8.57	2
58396471	64091.VNG_0190C	8.57	3
58397078	64091.VNG_0993H	8.53	2
58397300	64091.VNG_1281H	8.34	1
58396516	64091.VNG_0251C	8.19	2
58398156	64091.VNG_2397G	8.18	3
58397233	64091.VNG_1191G	8.13	3
58397958	64091.VNG_2153G	8.12	1
58398169	64091.VNG_2414H	8.11	2
58397558	64091.VNG_1631G	7.96	1
58396606	64091.VNG_0378C	7.92	2
58396444	64091.VNG_0158G	7.91	3
58398225	64091.VNG_2488C	7.8	3
58398278	64091.VNG_2558G	7.76	3
58396352	64091.VNG_0045C	7.69	3
58397251	64091.VNG_1215G	7.66	2
58397957	64091.VNG_2152C	7.63	1
58396654	64091.VNG_0440C	7.51	4
58397451	64091.VNG_1480C	7.43	1
58396388	64091.VNG_0089G	7.26	1
58397159	64091.VNG_1094H	7.19	3
58397881	64091.VNG_2060G	7.18	3
58396770	64091.VNG_0591C	7.11	2
58396463	64091.VNG_0180G	6.93	1
58397048	64091.VNG_0955G	6.91	1
58398176	64091.VNG_2421G	6.91	2
58397402	64091.VNG_1417H	6.84	2
58397128	64091.VNG_1056C	6.83	3
58397282	64091.VNG_1256G	6.65	2
58397924	64091.VNG_2116C	6.56	1
58397044	64091.VNG_0949G	6.53	6
58396882	64091.VNG_0736G	6.45	5
58396992	64091.VNG_0882G	6.26	1
58397811	64091.VNG_1964H	6.21	3
58397582	64091.VNG_1660G	6.19	1
58398023	64091.VNG_2232G	6.11	2
58398126	64091.VNG_2359G	6.07	1
58397270	64091.VNG_1240G	5.95	4
58397291	64091.VNG_1268H	5.95	2
58397445	64091.VNG_1473H	5.95	1
58398073	64091.VNG_2292H	5.92	1
58397004	64091.VNG_0898G	5.85	2
58398103	64091.VNG_2329C	5.77	1
58397789	64091.VNG_1937C	5.71	2
58396846	64091.VNG_0686C	5.7	2
58397443	64091.VNG_1471C	5.7	1
58397578	64091.VNG_1656H	5.67	1
58397935	64091.VNG_2128C	5.66	3
58397100	64091.VNG_1018G	5.66	4
58396383	64091.VNG_0080H	5.63	1
58397134	64091.VNG_1063H	5.55	2
58397848	64091.VNG_2012C	5.49	2
58397331	64091.VNG_1323C	5.04	3
58397175	64091.VNG_1117C	4.89	2
58396993	64091.VNG_0883H	4.71	1
58397972	64091.VNG_2168C	4.65	1
58397262	64091.VNG_1232G	4.64	2
58397496	64091.VNG_1543G	4.61	2
58397011	64091.VNG_0909H	4.56	1
58396863	64091.VNG_0713C	4.51	1
58396952	64091.VNG_0829G	4.5	5
58397343	64091.VNG_1340C	4.49	1
58396446	64091.VNG_0160G	4.39	3
58396351	64091.VNG_0044H	4.37	2
58397685	64091.VNG_1797G	4.36	1
58397354	64091.VNG_1353C	4.33	2
58397113	64091.VNG_1035C	4.31	3
58397259	64091.VNG_1228C	4.27	1
58397542	64091.VNG_1610C	4.24	1
58397589	64091.VNG_1670C	4.23	1
58396579	64091.VNG_0339H	4.19	1
58396334	64091.VNG_0026C	4.15	3
58397533	64091.VNG_1595C	4.06	1
58396787	64091.VNG_0611H	3.95	1
58396554	64091.VNG_0306C	3.94	1
58397458	64091.VNG_1488G	3.91	1
58397713	64091.VNG_1837G	3.89	1
58397974	64091.VNG_2171G	3.85	2
58396963	64091.VNG_0845C	3.77	1
58397397	64091.VNG_1410H	3.67	1
58397209	64091.VNG_1162H	3.64	1
58396904	64091.VNG_0763G	3.63	1
58397315	64091.VNG_1301G	3.59	1
58396790	64091.VNG_0614G	3.44	9
58396321	64091.VNG_0013C	3.43	3
58397844	64091.VNG_2006C	3.4	1
58397747	64091.VNG_1882G	3.34	3
58397432	64091.VNG_1458G	3.11	1
58397467	64091.VNG_1501G	3.06	2
58397296	64091.VNG_1275G	2.86	1
58398261	64091.VNG_2534C	2.83	1
58396364	64091.VNG_0058H	2.79	1
58397739	64091.VNG_1871G	2.78	1
58397740	64091.VNG_1872C	2.75	1
58397204	64091.VNG_1156G	2.71	1
58396612	64091.VNG_0387G	2.66	1
58396456	64091.VNG_0172G	2.43	2
58397326	64091.VNG_1315H	2.4	1
58398190	64091.VNG_2441G	2.28	2
58397278	64091.VNG_1251G	2.27	2
58398081	64091.VNG_2301G	2.24	1
58396890	64091.VNG_0746C	2.14	1
58397027	64091.VNG_0928G	2.12	1
58397866	64091.VNG_2037C	2.12	1
58396573	64091.VNG_0329G	2.1	1
58396617	64091.VNG_0393C	2.1	1
58397313	64091.VNG_1299C	2.04	1
58397748	64091.VNG_1883G	1.97	1
58396470	64091.VNG_0189C	1.96	1
58397329	64091.VNG_1319H	1.9	1
58397520	64091.VNG_1576G	1.89	1
58396854	64091.VNG_0700G	1.83	1
58396329	64091.VNG_0021H	1.76	1
58397939	64091.VNG_2132G	1.72	1
58397020	64091.VNG_0920H	1.55	1
58396362	64091.VNG_0056H	1.46	1
58397022	64091.VNG_0923G	1.46	1
58397435	64091.VNG_1462G	1.26	7
58398028	64091.VNG_2238C	1.24	1
58397377	64091.VNG_1383G	1.17	1
58397399	64091.VNG_1413H	1.11	1
58397488	64091.VNG_1533H	0.736	1
58398128	64091.VNG_2363G	0.655	1
58397636	64091.VNG_1733G	0.279	1
58396938	64091.VNG_0812G	0.071	1
