#id: 1483204763
#name: Halobacterium salinarum NRC-1 - Whole organism, SC (Gpm,aug,2014)
#score: 8.6
#description: abundance based on Spectral counting, Interaction consistency score: 8.6, Coverage: 59
#organ: WHOLE_ORGANISM
#integrated: false
#coverage: 59
#link: http://www.thegpm.org/
#publication_year: 2014
#filename: 64091-GPM_201408.txt
#
#internal_id	string_external_id	abundance	raw_spectral_count
58398370	64091.VNG_2679G	37604	14884
58397949	64091.VNG_2143G	32509	1113
58398057	64091.VNG_2273H	26122	560
58397306	64091.VNG_1289H	11484	42
58397623	64091.VNG_1714G	10722	578
58398192	64091.VNG_2443G	10593	1700
58398019	64091.VNG_2226G	9763	4041
58398350	64091.VNG_2649G	8840	2725
58397205	64091.VNG_1157G	8705	613
58397187	64091.VNG_1134G	7612	468
58397232	64091.VNG_1190G	6962	740
58397614	64091.VNG_1701G	6702	788
58398209	64091.VNG_2467G	6666	555
58397414	64091.VNG_1433G	6307	92
58398120	64091.VNG_2349G	6005	3173
58397615	64091.VNG_1702G	5931	552
58396921	64091.VNG_0787G	5794	1255
58397116	64091.VNG_1038C	5774	158
58397622	64091.VNG_1713G	5728	906
58397625	64091.VNG_1716G	5725	402
58398288	64091.VNG_2574G	5452	2185
58397182	64091.VNG_1128G	5396	1844
58397605	64091.VNG_1690G	5356	1491
58397588	64091.VNG_1668G	5351	578
58397611	64091.VNG_1698G	5326	124
58397189	64091.VNG_1137G	5282	593
58398357	64091.VNG_2658G	5231	352
58398244	64091.VNG_2514G	5209	493
58396618	64091.VNG_0394C	5208	976
58396911	64091.VNG_0771G	5168	2160
58397908	64091.VNG_2096G	5107	2810
58397583	64091.VNG_1663C	5013	1769
58397609	64091.VNG_1695G	4975	665
58397846	64091.VNG_2010G	4905	803
58397874	64091.VNG_2048G	4823	533
58396460	64091.VNG_0177G	4803	263
58397186	64091.VNG_1133G	4740	719
58396447	64091.VNG_0161G	4739	1120
58396522	64091.VNG_0259G	4698	752
58397168	64091.VNG_1105G	4671	899
58398356	64091.VNG_2657G	4646	696
58397191	64091.VNG_1139G	4638	220
58396924	64091.VNG_0790G	4526	708
58397607	64091.VNG_1692G	4520	546
58397604	64091.VNG_1689G	4519	1219
58398354	64091.VNG_2654G	4500	2728
58397613	64091.VNG_1700G	4432	660
58397620	64091.VNG_1709G	4291	467
58397092	64091.VNG_1008G	4185	2912
58397930	64091.VNG_2122G	4168	1157
58398131	64091.VNG_2367G	4141	608
58398211	64091.VNG_2469G	4042	6
58396694	64091.VNG_0491G	4040	1377
58397617	64091.VNG_1705G	3973	413
58397215	64091.VNG_1170G	3906	372
58396740	64091.VNG_0551G	3745	56
58396505	64091.VNG_0237H	3657	48
58397616	64091.VNG_1703G	3625	430
58397621	64091.VNG_1711G	3585	532
58396739	64091.VNG_0550G	3576	337
58397606	64091.VNG_1691G	3564	328
58398013	64091.VNG_2218G	3514	968
58397185	64091.VNG_1132G	3471	509
58397741	64091.VNG_1873G	3470	1202
58397167	64091.VNG_1104G	3466	366
58397190	64091.VNG_1138G	3392	458
58397481	64091.VNG_1524C	3329	1350
58397052	64091.VNG_0961G	3329	2566
58397771	64091.VNG_1912G	3245	1018
58397619	64091.VNG_1707G	3229	468
58397948	64091.VNG_2142G	3192	402
58397154	64091.VNG_1088C	3125	162
58396999	64091.VNG_0891G	3121	550
58396844	64091.VNG_0683C	3049	536
58396793	64091.VNG_0620G	2982	494
58396776	64091.VNG_0597H	2981	68
58397845	64091.VNG_2008H	2963	219
58396504	64091.VNG_0234C	2939	308
58397901	64091.VNG_2086G	2918	490
58397608	64091.VNG_1693G	2816	476
58398074	64091.VNG_2293G	2794	257
58397207	64091.VNG_1159G	2762	149
58397772	64091.VNG_1914G	2735	306
58397051	64091.VNG_0960G	2733	1753
58396451	64091.VNG_0166G	2710	754
58397501	64091.VNG_1550G	2659	435
58398322	64091.VNG_2616G	2575	1093
58397840	64091.VNG_2001G	2574	1046
58397681	64091.VNG_1793C	2523	548
58397400	64091.VNG_1414G	2507	685
58398207	64091.VNG_2465C	2494	122
58397093	64091.VNG_1009G	2481	2090
58397610	64091.VNG_1697G	2472	420
58396799	64091.VNG_0628G	2423	570
58397208	64091.VNG_1160G	2406	452
58398039	64091.VNG_2251G	2392	710
58397053	64091.VNG_0962G	2351	1835
58398184	64091.VNG_2432C	2338	203
58398312	64091.VNG_2604G	2299	580
58396780	64091.VNG_0601H	2283	196
58397356	64091.VNG_1356G	2275	794
58397626	64091.VNG_1718G	2273	130
58396792	64091.VNG_0617H	2270	308
58398215	64091.VNG_2473G	2248	668
58398256	64091.VNG_2527G	2242	890
58398349	64091.VNG_2648G	2207	242
58398136	64091.VNG_2372G	2201	270
58396998	64091.VNG_0890G	2191	278
58396840	64091.VNG_0679G	2188	570
58396990	64091.VNG_0880G	2167	366
58397956	64091.VNG_2151G	2165	398
58396567	64091.VNG_0321G	2148	661
58397624	64091.VNG_1715G	2130	306
58397338	64091.VNG_1332G	2106	393
58398344	64091.VNG_2643H	2098	269
58397786	64091.VNG_1933G	2063	475
58397023	64091.VNG_0924G	2038	435
58396392	64091.VNG_0095G	2014	534
58397906	64091.VNG_2093G	1999	834
58398243	64091.VNG_2513G	1982	733
58397181	64091.VNG_1125G	1981	564
58397759	64091.VNG_1898C	1977	140
58397945	64091.VNG_2139G	1972	1025
58397199	64091.VNG_1149C	1971	891
58397006	64091.VNG_0903C	1951	566
58397453	64091.VNG_1482G	1949	451
58397563	64091.VNG_1638H	1933	289
58397068	64091.VNG_0982C	1933	151
58398152	64091.VNG_2393G	1900	333
58398232	64091.VNG_2499G	1899	440
58398018	64091.VNG_2224G	1893	150
58396842	64091.VNG_0681G	1875	424
58397944	64091.VNG_2138G	1837	776
58396966	64091.VNG_0849C	1797	403
58398015	64091.VNG_2220G	1793	480
58397494	64091.VNG_1541G	1777	729
58396668	64091.VNG_0459G	1777	314
58397660	64091.VNG_1768G	1762	77
58397914	64091.VNG_2102G	1752	444
58397854	64091.VNG_2021C	1695	823
58396396	64091.VNG_0099G	1658	158
58398012	64091.VNG_2217G	1655	432
58398033	64091.VNG_2243G	1643	174
58397492	64091.VNG_1538H	1628	251
58396916	64091.VNG_0779C	1622	794
58397169	64091.VNG_1108G	1617	136
58397690	64091.VNG_1804G	1600	478
58397504	64091.VNG_1554G	1589	375
58398014	64091.VNG_2219G	1588	646
58397195	64091.VNG_1143G	1581	226
58396731	64091.VNG_0540G	1578	423
58397398	64091.VNG_1412H	1565	311
58397155	64091.VNG_1089G	1562	510
58397213	64091.VNG_1168C	1561	279
58397567	64091.VNG_1644G	1540	1274
58397553	64091.VNG_1624G	1537	872
58396669	64091.VNG_0461G	1523	553
58398121	64091.VNG_2351C	1494	391
58398269	64091.VNG_2546G	1478	518
58396744	64091.VNG_0557H	1473	136
58397473	64091.VNG_1511C	1471	784
58397631	64091.VNG_1724G	1470	355
58396696	64091.VNG_0494G	1468	190
58398361	64091.VNG_2665G	1446	671
58396574	64091.VNG_0330G	1440	831
58398309	64091.VNG_2600G	1430	201
58396721	64091.VNG_0527C	1430	675
58397995	64091.VNG_2195G	1429	133
58396719	64091.VNG_0524G	1424	365
58397688	64091.VNG_1801G	1424	282
58398360	64091.VNG_2664G	1423	1011
58397495	64091.VNG_1542G	1419	327
58396680	64091.VNG_0473G	1416	271
58396783	64091.VNG_0606G	1411	150
58397277	64091.VNG_1250H	1411	210
58397319	64091.VNG_1306G	1408	944
58397506	64091.VNG_1557G	1401	178
58396918	64091.VNG_0782H	1397	444
58398296	64091.VNG_2584C	1393	159
58397309	64091.VNG_1294G	1369	147
58396927	64091.VNG_0795G	1362	56
58397705	64091.VNG_1829G	1359	291
58398363	64091.VNG_2668G	1353	71
58397503	64091.VNG_1553G	1344	231
58396766	64091.VNG_0585H	1340	63
58396440	64091.VNG_0153C	1331	253
58397324	64091.VNG_1313G	1328	623
58397724	64091.VNG_1850G	1327	164
58396736	64091.VNG_0546C	1325	315
58398359	64091.VNG_2662G	1322	415
58397513	64091.VNG_1566G	1289	1093
58396839	64091.VNG_0678G	1282	268
58396507	64091.VNG_0239C	1279	142
58397651	64091.VNG_1756G	1266	122
58397444	64091.VNG_1472G	1259	964
58396710	64091.VNG_0510G	1259	425
58396681	64091.VNG_0474G	1258	563
58398097	64091.VNG_2321G	1253	120
58397587	64091.VNG_1667G	1247	982
58398187	64091.VNG_2437G	1241	348
58397082	64091.VNG_0997G	1237	873
58397955	64091.VNG_2150G	1236	95
58397173	64091.VNG_1114G	1234	394
58397122	64091.VNG_1048G	1232	337
58396514	64091.VNG_0249G	1213	388
58396645	64091.VNG_0429H	1198	147
58397779	64091.VNG_1922G	1176	63
58398345	64091.VNG_2644C	1173	104
58397287	64091.VNG_1262G	1171	101
58397242	64091.VNG_1204G	1168	372
58396807	64091.VNG_0637G	1167	665
58397229	64091.VNG_1187G	1150	503
58397086	64091.VNG_1001G	1125	542
58397408	64091.VNG_1426H	1124	184
58397214	64091.VNG_1169C	1118	144
58397893	64091.VNG_2076G	1114	6
58397449	64091.VNG_1478G	1109	72
58397877	64091.VNG_2053G	1109	96
58396932	64091.VNG_0801C	1090	71
58397487	64091.VNG_1532G	1090	591
58397206	64091.VNG_1158G	1089	9
58396609	64091.VNG_0383H	1089	32
58396989	64091.VNG_0879C	1086	112
58396720	64091.VNG_0525C	1079	467
58398311	64091.VNG_2603H	1077	106
58396640	64091.VNG_0424C	1076	85
58397695	64091.VNG_1814G	1076	528
58396888	64091.VNG_0743H	1071	204
58398274	64091.VNG_2553G	1068	117
58397951	64091.VNG_2146H	1066	115
58398044	64091.VNG_2256G	1065	236
58396767	64091.VNG_0586C	1064	102
58396674	64091.VNG_0467G	1061	294
58397320	64091.VNG_1308G	1059	299
58397505	64091.VNG_1555G	1056	166
58397255	64091.VNG_1220H	1055	120
58397782	64091.VNG_1926G	1050	144
58397796	64091.VNG_1944C	1047	146
58397658	64091.VNG_1766C	1044	205
58397787	64091.VNG_1934H	1042	109
58398197	64091.VNG_2449G	1041	413
58397395	64091.VNG_1408G	1031	497
58397510	64091.VNG_1562H	1024	112
58397911	64091.VNG_2099C	1022	106
58398137	64091.VNG_2373G	1013	392
58397923	64091.VNG_2115H	995	21
58397581	64091.VNG_1659G	994	491
58396800	64091.VNG_0629G	988	283
58396472	64091.VNG_0192G	979	320
58398362	64091.VNG_2666G	969	482
58396623	64091.VNG_0402H	967	18
58397083	64091.VNG_0998G	965	284
58397297	64091.VNG_1276C	962	218
58397950	64091.VNG_2144G	961	231
58397928	64091.VNG_2120G	960	181
58397889	64091.VNG_2072G	960	365
58396521	64091.VNG_0258H	952	86
58397064	64091.VNG_0976G	947	242
58398276	64091.VNG_2555C	947	123
58398179	64091.VNG_2424G	942	407
58398265	64091.VNG_2539H	937	345
58397514	64091.VNG_1567G	936	253
58398084	64091.VNG_2305C	935	124
58398325	64091.VNG_2620G	930	646
58397947	64091.VNG_2141G	926	182
58396393	64091.VNG_0096C	922	108
58396344	64091.VNG_0037H	921	55
58398314	64091.VNG_2607C	916	204
58397515	64091.VNG_1568G	914	141
58397543	64091.VNG_1611C	914	178
58397813	64091.VNG_1967G	912	331
58396666	64091.VNG_0457G	907	151
58397502	64091.VNG_1551G	906	217
58398116	64091.VNG_2343G	897	333
58396782	64091.VNG_0604H	888	63
58397194	64091.VNG_1142G	888	249
58397689	64091.VNG_1802H	883	333
58398271	64091.VNG_2549C	878	301
58396878	64091.VNG_0732G	877	123
58397216	64091.VNG_1172G	876	151
58396571	64091.VNG_0326G	875	462
58396558	64091.VNG_0310C	874	268
58396763	64091.VNG_0582C	867	194
58397507	64091.VNG_1558H	867	65
58396552	64091.VNG_0303G	866	422
58396745	64091.VNG_0559G	865	188
58398065	64091.VNG_2283G	862	604
58397580	64091.VNG_1658C	861	119
58398165	64091.VNG_2410G	854	164
58398238	64091.VNG_2508C	851	89
58398270	64091.VNG_2547G	849	676
58397711	64091.VNG_1835G	831	500
58397912	64091.VNG_2100G	826	273
58397158	64091.VNG_1093C	825	170
58396725	64091.VNG_0533H	824	134
58397188	64091.VNG_1136G	821	199
58397780	64091.VNG_1924G	818	202
58397465	64091.VNG_1498G	817	279
58397283	64091.VNG_1257H	813	36
58397648	64091.VNG_1752C	802	170
58396855	64091.VNG_0702H	802	18
58397089	64091.VNG_1005H	794	64
58397917	64091.VNG_2106G	791	255
58397618	64091.VNG_1706G	787	33
58396765	64091.VNG_0584H	778	233
58396605	64091.VNG_0376G	777	226
58398347	64091.VNG_2646C	773	150
58396582	64091.VNG_0343H	768	49
58396801	64091.VNG_0630G	766	78
58396941	64091.VNG_0815G	763	221
58396809	64091.VNG_0640G	762	120
58397192	64091.VNG_1140G	761	79
58398159	64091.VNG_2400H	754	136
58397184	64091.VNG_1131G	751	168
58397698	64091.VNG_1818G	748	161
58398151	64091.VNG_2392H	744	83
58398141	64091.VNG_2378G	740	171
58397835	64091.VNG_1995C	737	69
58397925	64091.VNG_2117C	733	132
58396913	64091.VNG_0775G	731	236
58397735	64091.VNG_1866G	723	115
58396781	64091.VNG_0602C	720	17
58396660	64091.VNG_0448G	716	255
58396910	64091.VNG_0769H	713	60
58398323	64091.VNG_2617G	709	194
58397966	64091.VNG_2162C	708	158
58397333	64091.VNG_1325C	708	253
58397353	64091.VNG_1352G	707	338
58397061	64091.VNG_0971G	705	281
58397839	64091.VNG_2000G	696	303
58396928	64091.VNG_0796G	694	124
58397941	64091.VNG_2135G	687	116
58396917	64091.VNG_0780H	685	38
58397992	64091.VNG_2190G	682	629
58398101	64091.VNG_2326G	679	239
58397663	64091.VNG_1771C	677	58
58397508	64091.VNG_1559H	676	114
58397202	64091.VNG_1153G	674	315
58396758	64091.VNG_0575G	672	137
58397967	64091.VNG_2163H	671	112
58397454	64091.VNG_1483C	671	90
58397037	64091.VNG_0940G	669	235
58397700	64091.VNG_1821G	668	169
58397152	64091.VNG_1086C	666	70
58397124	64091.VNG_1052H	666	110
58396838	64091.VNG_0677H	664	85
58397108	64091.VNG_1029C	664	111
58396862	64091.VNG_0711C	655	121
58396997	64091.VNG_0889G	651	399
58397039	64091.VNG_0942G	651	67
58398248	64091.VNG_2519H	645	230
58397838	64091.VNG_1999H	645	88
58396647	64091.VNG_0431G	645	133
58397879	64091.VNG_2056G	645	125
58397312	64091.VNG_1297C	644	199
58397038	64091.VNG_0941C	639	165
58397420	64091.VNG_1444G	638	141
58397965	64091.VNG_2160C	637	178
58396518	64091.VNG_0254G	637	199
58397127	64091.VNG_1055G	634	206
58397654	64091.VNG_1760G	634	456
58397870	64091.VNG_2043G	633	109
58397692	64091.VNG_1807H	632	70
58396630	64091.VNG_0409C	632	305
58397031	64091.VNG_0933G	629	148
58397855	64091.VNG_2023G	627	148
58396644	64091.VNG_0428G	619	102
58398017	64091.VNG_2223G	618	446
58397236	64091.VNG_1196H	617	18
58398249	64091.VNG_2520C	614	95
58398062	64091.VNG_2280G	608	221
58397063	64091.VNG_0974G	604	109
58397934	64091.VNG_2126C	601	153
58397102	64091.VNG_1021C	597	121
58397828	64091.VNG_1987G	596	269
58396624	64091.VNG_0403G	594	270
58396738	64091.VNG_0549G	593	185
58397843	64091.VNG_2005G	592	201
58397227	64091.VNG_1184G	591	204
58397665	64091.VNG_1773G	589	57
58397696	64091.VNG_1815G	588	135
58397485	64091.VNG_1529G	587	272
58397462	64091.VNG_1494G	584	18
58397258	64091.VNG_1227H	579	186
58398291	64091.VNG_2577C	575	53
58398088	64091.VNG_2310H	575	48
58396399	64091.VNG_0104G	575	116
58398267	64091.VNG_2543C	574	68
58396465	64091.VNG_0183G	574	55
58397263	64091.VNG_1233G	571	121
58396622	64091.VNG_0401G	571	284
58396633	64091.VNG_0414G	570	341
58398348	64091.VNG_2647G	570	186
58398340	64091.VNG_2639G	569	211
58396772	64091.VNG_0593G	566	161
58396934	64091.VNG_0806G	564	258
58397235	64091.VNG_1194H	563	47
58397718	64091.VNG_1844G	562	153
58397289	64091.VNG_1264C	561	50
58396526	64091.VNG_0265G	554	159
58397416	64091.VNG_1437G	548	127
58397883	64091.VNG_2063G	547	184
58396583	64091.VNG_0345G	547	149
58396441	64091.VNG_0154G	543	197
58397342	64091.VNG_1339C	541	238
58396391	64091.VNG_0094C	540	67
58398118	64091.VNG_2346G	537	173
58397601	64091.VNG_1686G	537	111
58397850	64091.VNG_2015C	530	52
58398117	64091.VNG_2344G	526	166
58397706	64091.VNG_1830G	525	274
58398020	64091.VNG_2227C	524	112
58396467	64091.VNG_0186G	523	243
58396604	64091.VNG_0375G	518	58
58397107	64091.VNG_1027G	518	29
58396836	64091.VNG_0675C	517	111
58396806	64091.VNG_0636G	517	119
58397157	64091.VNG_1092C	516	164
58398236	64091.VNG_2505G	516	190
58398077	64091.VNG_2296C	515	73
58398130	64091.VNG_2366C	508	48
58396718	64091.VNG_0523G	508	141
58398321	64091.VNG_2615C	507	295
58397238	64091.VNG_1198C	505	145
58398122	64091.VNG_2352G	505	245
58398286	64091.VNG_2570G	499	47
58397049	64091.VNG_0958G	499	196
58396988	64091.VNG_0878G	499	23
58396407	64091.VNG_0115G	498	87
58398089	64091.VNG_2311H	498	37
58397535	64091.VNG_1601G	494	179
58396525	64091.VNG_0264H	493	139
58398139	64091.VNG_2376H	492	52
58397057	64091.VNG_0966G	492	124
58397727	64091.VNG_1853G	489	186
58397382	64091.VNG_1389C	488	137
58397545	64091.VNG_1615G	485	169
58396900	64091.VNG_0758C	482	89
58397904	64091.VNG_2089H	481	24
58398004	64091.VNG_2206G	480	234
58397447	64091.VNG_1475C	480	188
58398186	64091.VNG_2436G	474	155
58397538	64091.VNG_1606G	473	106
58398064	64091.VNG_2282C	472	133
58397851	64091.VNG_2017G	469	219
58397029	64091.VNG_0931G	468	139
58397311	64091.VNG_1296C	464	50
58396419	64091.VNG_0129G	464	68
58397413	64091.VNG_1432G	464	115
58397627	64091.VNG_1719G	462	76
58397002	64091.VNG_0896G	462	37
58397281	64091.VNG_1255C	461	249
58398063	64091.VNG_2281C	461	205
58397463	64091.VNG_1496G	456	20
58396615	64091.VNG_0390G	455	62
58396995	64091.VNG_0885G	454	268
58397308	64091.VNG_1292H	447	23
58397728	64091.VNG_1856G	446	301
58396798	64091.VNG_0627G	445	116
58396899	64091.VNG_0757G	442	71
58397001	64091.VNG_0893G	441	112
58398173	64091.VNG_2418G	441	144
58398230	64091.VNG_2497H	441	65
58397994	64091.VNG_2193G	439	80
58396439	64091.VNG_0152G	438	91
58398204	64091.VNG_2459G	437	206
58396732	64091.VNG_0541G	435	118
58396653	64091.VNG_0439C	434	178
58396962	64091.VNG_0841G	432	106
58398295	64091.VNG_2582H	430	32
58396685	64091.VNG_0481G	430	237
58396590	64091.VNG_0355G	428	176
58396416	64091.VNG_0125H	428	42
58396754	64091.VNG_0571C	424	138
58397299	64091.VNG_1280C	423	39
58397668	64091.VNG_1776G	422	111
58398280	64091.VNG_2562H	421	109
58397280	64091.VNG_1253C	420	94
58396983	64091.VNG_0872G	418	99
58397645	64091.VNG_1748C	417	38
58396519	64091.VNG_0255C	415	83
58396651	64091.VNG_0437C	413	144
58396557	64091.VNG_0309C	413	95
58397163	64091.VNG_1099C	413	104
58397697	64091.VNG_1816G	412	62
58396538	64091.VNG_0283C	409	56
58397425	64091.VNG_1451C	408	134
58397907	64091.VNG_2094G	408	57
58398002	64091.VNG_2204H	406	65
58397119	64091.VNG_1042H	403	37
58396894	64091.VNG_0751C	402	54
58398210	64091.VNG_2468C	402	60
58396808	64091.VNG_0639G	400	60
58397762	64091.VNG_1901C	399	128
58398224	64091.VNG_2486G	398	115
58396977	64091.VNG_0864G	398	106
58398001	64091.VNG_2203G	398	110
58398213	64091.VNG_2471G	397	125
58398046	64091.VNG_2259C	397	174
58396655	64091.VNG_0441H	395	59
58396691	64091.VNG_0487H	394	73
58398025	64091.VNG_2234G	394	27
58396313	64091.VNG_0001H	393	135
58397340	64091.VNG_1336C	388	30
58396837	64091.VNG_0676C	388	15
58397062	64091.VNG_0973G	387	127
58396817	64091.VNG_0651G	386	146
58396700	64091.VNG_0500G	386	82
58396675	64091.VNG_0468C	384	148
58397743	64091.VNG_1875G	383	88
58396994	64091.VNG_0884G	383	142
58396641	64091.VNG_0425G	378	78
58396996	64091.VNG_0887G	377	234
58397060	64091.VNG_0970G	372	86
58397153	64091.VNG_1087C	372	134
58397536	64091.VNG_1603G	370	113
58398154	64091.VNG_2395C	368	136
58398142	64091.VNG_2379H	368	14
58397415	64091.VNG_1435G	367	79
58398343	64091.VNG_2642H	364	34
58396626	64091.VNG_0405C	361	125
58397806	64091.VNG_1957G	361	157
58397836	64091.VNG_1997G	361	226
58398038	64091.VNG_2249G	361	111
58397657	64091.VNG_1765G	360	123
58396812	64091.VNG_0643G	358	22
58397147	64091.VNG_1079G	358	85
58398337	64091.VNG_2636G	357	328
58397798	64091.VNG_1946G	352	118
58396887	64091.VNG_0742H	350	63
58396940	64091.VNG_0814C	349	54
58397363	64091.VNG_1366H	346	20
58397962	64091.VNG_2157C	340	31
58397477	64091.VNG_1518H	340	27
58396926	64091.VNG_0794G	339	36
58396845	64091.VNG_0684G	338	72
58396649	64091.VNG_0435H	337	30
58398275	64091.VNG_2554H	336	87
58397655	64091.VNG_1762G	332	76
58397784	64091.VNG_1929G	331	59
58397030	64091.VNG_0932C	330	60
58396642	64091.VNG_0426G	329	20
58397080	64091.VNG_0995H	329	21
58397139	64091.VNG_1068G	329	186
58397539	64091.VNG_1607G	329	12
58398318	64091.VNG_2612G	328	202
58398078	64091.VNG_2297H	328	13
58397218	64091.VNG_1174G	327	72
58398237	64091.VNG_2507G	327	146
58397770	64091.VNG_1911G	325	116
58397305	64091.VNG_1287C	324	41
58396933	64091.VNG_0804C	323	105
58398125	64091.VNG_2358G	322	142
58396864	64091.VNG_0715G	319	133
58396594	64091.VNG_0361C	318	27
58397252	64091.VNG_1216G	317	114
58396756	64091.VNG_0573C	315	43
58397384	64091.VNG_1394H	314	53
58398200	64091.VNG_2454C	313	38
58396794	64091.VNG_0622H	313	122
58396704	64091.VNG_0504G	313	87
58396895	64091.VNG_0752G	312	105
58397267	64091.VNG_1237C	312	61
58397915	64091.VNG_2104G	310	120
58396967	64091.VNG_0851C	309	58
58397318	64091.VNG_1305G	309	85
58397294	64091.VNG_1272C	307	102
58396570	64091.VNG_0324G	305	173
58397047	64091.VNG_0954C	301	50
58396546	64091.VNG_0294G	301	57
58397996	64091.VNG_2196G	298	27
58397946	64091.VNG_2140G	298	26
58397890	64091.VNG_2073C	297	64
58396835	64091.VNG_0674C	294	97
58398153	64091.VNG_2394G	293	81
58398135	64091.VNG_2371C	293	78
58396688	64091.VNG_0484G	292	170
58397952	64091.VNG_2147G	291	75
58398027	64091.VNG_2237G	291	90
58398157	64091.VNG_2398G	290	46
58398104	64091.VNG_2330G	289	81
58398254	64091.VNG_2525H	289	19
58397304	64091.VNG_1285G	288	71
58396803	64091.VNG_0632G	286	108
58397871	64091.VNG_2044H	284	30
58397428	64091.VNG_1454C	284	132
58396638	64091.VNG_0421C	284	33
58396692	64091.VNG_0488H	283	39
58396562	64091.VNG_0315G	282	73
58397785	64091.VNG_1932G	280	63
58396614	64091.VNG_0389C	280	37
58396632	64091.VNG_0412G	280	167
58397499	64091.VNG_1547C	278	44
58396901	64091.VNG_0759H	278	34
58396602	64091.VNG_0373H	276	22
58397162	64091.VNG_1097G	274	84
58396723	64091.VNG_0530G	274	48
58396969	64091.VNG_0853C	274	39
58398235	64091.VNG_2504G	273	83
58396819	64091.VNG_0653G	272	87
58397142	64091.VNG_1071G	272	33
58398006	64091.VNG_2208G	271	104
58397176	64091.VNG_1118G	270	50
58396827	64091.VNG_0665G	269	21
58397548	64091.VNG_1618H	267	37
58396760	64091.VNG_0578H	267	21
58397834	64091.VNG_1994C	266	12
58398266	64091.VNG_2541C	264	82
58397220	64091.VNG_1176G	263	55
58397486	64091.VNG_1530H	262	9
58396662	64091.VNG_0451G	261	42
58397457	64091.VNG_1487H	260	47
58397007	64091.VNG_0905G	259	127
58397630	64091.VNG_1723H	259	27
58397902	64091.VNG_2087G	256	42
58397352	64091.VNG_1351G	256	14
58398250	64091.VNG_2521H	256	33
58396575	64091.VNG_0331H	254	17
58396652	64091.VNG_0438G	254	41
58397200	64091.VNG_1150G	253	78
58397719	64091.VNG_1845C	251	97
58397710	64091.VNG_1834G	249	48
58397596	64091.VNG_1679H	248	36
58398056	64091.VNG_2272G	248	32
58397426	64091.VNG_1452G	247	57
58398293	64091.VNG_2580C	247	67
58398105	64091.VNG_2331G	247	71
58398140	64091.VNG_2377G	247	40
58397325	64091.VNG_1314H	247	11
58397517	64091.VNG_1572C	246	49
58398214	64091.VNG_2472G	244	20
58398164	64091.VNG_2408C	244	21
58396515	64091.VNG_0250C	243	41
58397196	64091.VNG_1144H	242	46
58397632	64091.VNG_1726G	242	51
58397701	64091.VNG_1822G	242	26
58397751	64091.VNG_1887G	242	59
58398113	64091.VNG_2340H	242	44
58396635	64091.VNG_0417H	240	25
58398016	64091.VNG_2222G	239	56
58396369	64091.VNG_0063G	239	85
58396663	64091.VNG_0452G	238	49
58396805	64091.VNG_0635G	237	27
58396318	64091.VNG_0008G	236	29
58397809	64091.VNG_1962C	235	40
58396596	64091.VNG_0364G	235	70
58398059	64091.VNG_2276G	234	103
58397183	64091.VNG_1130H	234	20
58396511	64091.VNG_0245G	233	31
58397054	64091.VNG_0963G	233	65
58396517	64091.VNG_0252C	232	20
58397480	64091.VNG_1523G	232	145
58396728	64091.VNG_0536G	231	35
58397151	64091.VNG_1085H	230	26
58396577	64091.VNG_0335G	229	45
58398067	64091.VNG_2285C	228	14
58398326	64091.VNG_2622H	228	51
58398093	64091.VNG_2315H	227	43
58397365	64091.VNG_1369G	226	57
58397989	64091.VNG_2186G	226	16
58397766	64091.VNG_1905C	226	97
58396753	64091.VNG_0570H	226	11
58397445	64091.VNG_1473H	225	29
58398082	64091.VNG_2302G	225	111
58397405	64091.VNG_1422H	224	70
58398206	64091.VNG_2462G	224	74
58397316	64091.VNG_1302H	224	13
58397550	64091.VNG_1621H	224	33
58396820	64091.VNG_0654C	222	76
58397829	64091.VNG_1988G	221	28
58397008	64091.VNG_0906H	220	50
58397470	64091.VNG_1506G	220	61
58396714	64091.VNG_0516H	219	8
58397419	64091.VNG_1442G	216	68
58397361	64091.VNG_1364G	213	47
58397540	64091.VNG_1608C	213	43
58396690	64091.VNG_0486G	213	26
58396636	64091.VNG_0419C	213	22
58396422	64091.VNG_0133G	211	44
58396804	64091.VNG_0633G	211	30
58397446	64091.VNG_1474G	210	30
58396661	64091.VNG_0450C	210	22
58397929	64091.VNG_2121C	209	18
58397551	64091.VNG_1622G	209	104
58398247	64091.VNG_2518C	209	45
58396608	64091.VNG_0382G	208	57
58396453	64091.VNG_0168H	208	46
58398307	64091.VNG_2598G	208	43
58397640	64091.VNG_1739G	206	44
58396634	64091.VNG_0415G	206	119
58397887	64091.VNG_2068C	206	80
58397240	64091.VNG_1201G	205	19
58397900	64091.VNG_2085G	204	46
58397094	64091.VNG_1011C	203	18
58397676	64091.VNG_1786H	203	13
58397471	64091.VNG_1508C	203	122
58397633	64091.VNG_1727G	202	48
58398098	64091.VNG_2322G	201	64
58396759	64091.VNG_0576C	197	14
58397050	64091.VNG_0959H	197	22
58396970	64091.VNG_0854C	196	55
58396423	64091.VNG_0134G	196	39
58397797	64091.VNG_1945G	196	33
58398178	64091.VNG_2423G	195	50
58398229	64091.VNG_2496G	195	10
58396461	64091.VNG_0178H	194	60
58397865	64091.VNG_2036G	193	55
58396693	64091.VNG_0489G	193	66
58396874	64091.VNG_0727C	190	57
58396474	64091.VNG_0195H	189	9
58398177	64091.VNG_2422G	189	85
58397969	64091.VNG_2165H	189	29
58397150	64091.VNG_1084G	189	35
58397228	64091.VNG_1185G	188	41
58397823	64091.VNG_1982C	187	61
58396785	64091.VNG_0609C	186	42
58398313	64091.VNG_2606G	186	61
58396601	64091.VNG_0371G	185	82
58398304	64091.VNG_2595G	184	45
58396935	64091.VNG_0808G	184	70
58398005	64091.VNG_2207H	184	63
58396381	64091.VNG_0077H	183	40
58397096	64091.VNG_1013G	181	68
58397322	64091.VNG_1310G	180	28
58397963	64091.VNG_2158G	179	44
58397476	64091.VNG_1515G	179	42
58397349	64091.VNG_1347C	179	44
58397271	64091.VNG_1241G	178	25
58397104	64091.VNG_1024C	176	29
58397067	64091.VNG_0981C	176	51
58397764	64091.VNG_1903C	175	43
58397374	64091.VNG_1380H	175	35
58398036	64091.VNG_2247G	175	32
58396424	64091.VNG_0136G	175	40
58396448	64091.VNG_0162G	174	81
58396464	64091.VNG_0181G	173	51
58398255	64091.VNG_2526G	173	156
58397590	64091.VNG_1672H	172	24
58397873	64091.VNG_2047G	171	6
58396656	64091.VNG_0442G	171	56
58397891	64091.VNG_2074H	170	20
58398199	64091.VNG_2452C	169	39
58396774	64091.VNG_0595H	169	37
58397531	64091.VNG_1591H	168	15
58396987	64091.VNG_0876G	168	24
58396973	64091.VNG_0860G	167	24
58396826	64091.VNG_0664G	167	60
58397284	64091.VNG_1259G	166	36
58397033	64091.VNG_0935G	166	33
58396353	64091.VNG_0046G	166	67
58398049	64091.VNG_2263G	164	29
58396881	64091.VNG_0735G	164	31
58397591	64091.VNG_1673G	164	50
58396319	64091.VNG_0009G	164	55
58396797	64091.VNG_0626G	164	9
58396597	64091.VNG_0365G	164	48
58397111	64091.VNG_1033G	163	56
58396599	64091.VNG_0368C	163	28
58397401	64091.VNG_1416G	163	55
58396902	64091.VNG_0761G	163	33
58396795	64091.VNG_0623G	162	68
58397364	64091.VNG_1367G	162	12
58396658	64091.VNG_0446G	161	36
58397861	64091.VNG_2031G	160	24
58396354	64091.VNG_0047G	160	40
58397702	64091.VNG_1823C	159	24
58397059	64091.VNG_0969H	159	32
58396866	64091.VNG_0717H	158	10
58396512	64091.VNG_0247C	157	28
58396561	64091.VNG_0314G	156	23
58397372	64091.VNG_1377G	156	26
58396398	64091.VNG_0102C	156	31
58397938	64091.VNG_2131G	155	91
58397667	64091.VNG_1775C	154	23
58397815	64091.VNG_1971G	154	50
58396726	64091.VNG_0534C	154	49
58396667	64091.VNG_0458G	153	51
58397937	64091.VNG_2130G	153	30
58397120	64091.VNG_1046H	153	17
58396982	64091.VNG_0870G	153	19
58397056	64091.VNG_0965C	152	39
58396648	64091.VNG_0433C	151	10
58396925	64091.VNG_0793G	151	143
58397019	64091.VNG_0919G	151	30
58398258	64091.VNG_2531G	151	29
58398185	64091.VNG_2433H	151	8
58397055	64091.VNG_0964C	151	43
58398096	64091.VNG_2320G	149	58
58397916	64091.VNG_2105H	148	5
58396822	64091.VNG_0657G	148	46
58397474	64091.VNG_1513H	148	3
58398260	64091.VNG_2533G	147	58
58396394	64091.VNG_0097G	146	25
58396586	64091.VNG_0349G	145	98
58398102	64091.VNG_2328H	145	11
58397193	64091.VNG_1141G	145	3
58398108	64091.VNG_2334C	145	154
58396815	64091.VNG_0648G	144	11
58396414	64091.VNG_0123G	143	74
58398264	64091.VNG_2537G	141	29
58396686	64091.VNG_0482H	141	29
58397738	64091.VNG_1869C	141	44
58398090	64091.VNG_2312C	141	29
58398119	64091.VNG_2347G	140	34
58397509	64091.VNG_1561C	140	27
58397249	64091.VNG_1213C	140	37
58397757	64091.VNG_1895H	138	19
58396603	64091.VNG_0374G	137	23
58396415	64091.VNG_0124C	136	26
58398047	64091.VNG_2260H	136	34
58396659	64091.VNG_0447H	136	66
58397882	64091.VNG_2062G	134	54
58397344	64091.VNG_1341G	133	35
58397807	64091.VNG_1959G	132	47
58396755	64091.VNG_0572G	131	30
58397644	64091.VNG_1746C	130	35
58397794	64091.VNG_1942H	130	15
58396430	64091.VNG_0142C	129	29
58396872	64091.VNG_0725H	129	33
58398007	64091.VNG_2210G	129	36
58398239	64091.VNG_2509H	127	23
58397237	64091.VNG_1197G	127	9
58398315	64091.VNG_2608C	127	44
58397121	64091.VNG_1047H	127	10
58396848	64091.VNG_0689G	127	39
58396683	64091.VNG_0478C	127	11
58396432	64091.VNG_0144H	125	13
58398029	64091.VNG_2239C	125	26
58396371	64091.VNG_0065G	124	47
58397791	64091.VNG_1939G	123	50
58397171	64091.VNG_1111G	123	39
58397197	64091.VNG_1145G	123	39
58397820	64091.VNG_1977H	122	35
58396620	64091.VNG_0398G	122	34
58397541	64091.VNG_1609C	122	20
58398233	64091.VNG_2501C	122	21
58396702	64091.VNG_0502G	121	35
58396497	64091.VNG_0223G	121	36
58397647	64091.VNG_1751H	119	25
58397110	64091.VNG_1031C	118	18
58398339	64091.VNG_2638G	118	30
58396857	64091.VNG_0704C	118	10
58396529	64091.VNG_0268C	117	30
58398171	64091.VNG_2416G	117	24
58397024	64091.VNG_0925C	117	29
58397223	64091.VNG_1180G	116	10
58396870	64091.VNG_0723G	115	52
58397895	64091.VNG_2079G	114	3
58398300	64091.VNG_2589C	114	23
58397339	64091.VNG_1335G	113	49
58396462	64091.VNG_0179C	111	21
58398132	64091.VNG_2368G	110	60
58397898	64091.VNG_2082G	109	23
58397212	64091.VNG_1165G	108	33
58396527	64091.VNG_0266H	108	8
58397335	64091.VNG_1327G	108	10
58396884	64091.VNG_0738H	107	15
58397556	64091.VNG_1628G	107	38
58397307	64091.VNG_1291H	106	23
58397678	64091.VNG_1788C	106	26
58398330	64091.VNG_2627C	106	54
58397373	64091.VNG_1379G	105	27
58396717	64091.VNG_0521G	104	83
58397847	64091.VNG_2011G	104	35
58397761	64091.VNG_1900C	104	20
58397286	64091.VNG_1261H	104	7
58397561	64091.VNG_1635G	103	7
58396588	64091.VNG_0352H	102	3
58398087	64091.VNG_2308G	102	29
58398253	64091.VNG_2524H	101	23
58397402	64091.VNG_1417H	101	32
58397347	64091.VNG_1344G	100.0	37
58397138	64091.VNG_1067G	99.1	28
58397993	64091.VNG_2191H	99.0	17
58398085	64091.VNG_2306H	98.7	24
58397725	64091.VNG_1851G	98.4	20
58398106	64091.VNG_2332G	98.1	15
58396576	64091.VNG_0332C	98.0	10
58397095	64091.VNG_1012H	97.9	5
58398327	64091.VNG_2624G	96.4	8
58397346	64091.VNG_1343C	96.3	21
58396375	64091.VNG_0069H	96.3	4
58396499	64091.VNG_0227H	96.0	6
58397830	64091.VNG_1989H	96.0	5
58397143	64091.VNG_1073G	95.8	32
58396357	64091.VNG_0051G	95.8	35
58396898	64091.VNG_0755C	95.4	23
58398052	64091.VNG_2268H	95.4	8
58396580	64091.VNG_0340C	95.2	20
58396978	64091.VNG_0865C	95.0	21
58398251	64091.VNG_2522C	93.8	11
58397733	64091.VNG_1864G	93.6	16
58398163	64091.VNG_2406C	93.1	22
58396915	64091.VNG_0778C	92.5	14
58396965	64091.VNG_0847H	92.4	25
58398107	64091.VNG_2333C	92.1	39
58397600	64091.VNG_1684G	92.0	18
58396984	64091.VNG_0873G	91.0	11
58397301	64091.VNG_1282G	90.8	21
58396418	64091.VNG_0128C	90.4	31
58397069	64091.VNG_0983C	90.4	45
58398333	64091.VNG_2631H	90.0	13
58397920	64091.VNG_2110C	89.4	29
58397512	64091.VNG_1565G	88.9	48
58397731	64091.VNG_1861C	88.3	20
58396991	64091.VNG_0881G	87.8	34
58398298	64091.VNG_2586C	87.5	23
58397746	64091.VNG_1880C	87.4	30
58396684	64091.VNG_0479G	87.0	18
58397715	64091.VNG_1839H	86.9	21
58397546	64091.VNG_1616C	86.6	30
58397872	64091.VNG_2045G	86.2	29
58397579	64091.VNG_1657H	85.9	21
58397198	64091.VNG_1148G	85.7	8
58397812	64091.VNG_1965H	85.6	15
58397704	64091.VNG_1827H	85.2	9
58396384	64091.VNG_0081G	85.0	19
58396625	64091.VNG_0404H	84.5	10
58397729	64091.VNG_1857C	83.6	13
58396825	64091.VNG_0662G	83.6	7
58398024	64091.VNG_2233C	83.4	12
58396572	64091.VNG_0327G	83.3	29
58396963	64091.VNG_0845C	83.0	19
58396593	64091.VNG_0360C	82.7	11
58397125	64091.VNG_1053G	82.5	16
58397225	64091.VNG_1182H	82.4	18
58397832	64091.VNG_1992G	82.4	37
58396473	64091.VNG_0194H	81.2	3
58398299	64091.VNG_2587C	80.7	14
58397683	64091.VNG_1795C	79.9	26
58397857	64091.VNG_2025G	79.8	21
58396897	64091.VNG_0754C	79.5	13
58396403	64091.VNG_0108G	79.3	58
58397793	64091.VNG_1941C	79.3	29
58397894	64091.VNG_2078G	79.1	9
58396544	64091.VNG_0291H	79.1	10
58396708	64091.VNG_0508H	78.9	11
58396434	64091.VNG_0147C	78.7	14
58397065	64091.VNG_0978H	77.2	19
58397926	64091.VNG_2118G	76.9	13
58397077	64091.VNG_0992H	76.9	23
58396873	64091.VNG_0726C	76.3	20
58397638	64091.VNG_1735C	76.2	28
58396559	64091.VNG_0311H	76.0	12
58397730	64091.VNG_1859G	75.8	26
58397709	64091.VNG_1833C	75.2	20
58396733	64091.VNG_0542C	75.1	25
58397149	64091.VNG_1083G	75.1	21
58396959	64091.VNG_0837H	74.8	8
58397674	64091.VNG_1784C	74.4	31
58396531	64091.VNG_0271C	74.3	33
58397597	64091.VNG_1680G	74.0	19
58397411	64091.VNG_1429C	73.8	19
58396813	64091.VNG_0646G	73.8	17
58396893	64091.VNG_0750C	73.5	15
58396389	64091.VNG_0090G	72.9	13
58397226	64091.VNG_1183H	72.7	4
58397669	64091.VNG_1777H	72.3	10
58397814	64091.VNG_1969G	72.0	41
58397777	64091.VNG_1920H	71.8	9
58397222	64091.VNG_1179C	71.7	13
58398138	64091.VNG_2374G	71.5	24
58397896	64091.VNG_2080C	71.5	3
58396960	64091.VNG_0838G	70.7	25
58396639	64091.VNG_0422G	70.0	27
58397878	64091.VNG_2054H	69.6	4
58397427	64091.VNG_1453H	68.6	4
58397960	64091.VNG_2155C	68.0	16
58398332	64091.VNG_2629G	68.0	15
58397661	64091.VNG_1769C	67.7	9
58397822	64091.VNG_1980C	67.7	16
58397387	64091.VNG_1398C	67.3	9
58396457	64091.VNG_0174G	67.3	14
58397650	64091.VNG_1755G	67.3	33
58397826	64091.VNG_1985C	66.4	17
58398076	64091.VNG_2295G	65.4	8
58398368	64091.VNG_2677H	64.8	20
58397115	64091.VNG_1037G	64.7	15
58397659	64091.VNG_1767G	64.5	16
58398341	64091.VNG_2640G	64.0	17
58397323	64091.VNG_1311G	64.0	14
58397903	64091.VNG_2088G	63.8	23
58398308	64091.VNG_2599H	63.6	7
58397336	64091.VNG_1329H	63.3	9
58397716	64091.VNG_1842H	63.0	18
58397383	64091.VNG_1390H	63.0	10
58398161	64091.VNG_2403H	63.0	17
58398319	64091.VNG_2613H	62.5	12
58397844	64091.VNG_2006C	62.3	18
58397970	64091.VNG_2166C	61.9	9
58397253	64091.VNG_1218C	61.7	11
58397862	64091.VNG_2032G	61.0	11
58397641	64091.VNG_1740C	60.8	13
58396698	64091.VNG_0498C	60.8	12
58397431	64091.VNG_1457C	60.7	17
58396387	64091.VNG_0086G	60.6	39
58397266	64091.VNG_1236C	60.5	21
58397933	64091.VNG_2125G	60.3	7
58398369	64091.VNG_2678H	59.9	32
58396830	64091.VNG_0668C	59.4	23
58397040	64091.VNG_0943C	59.3	11
58397464	64091.VNG_1497C	58.9	12
58397048	64091.VNG_0955G	58.7	11
58396876	64091.VNG_0730C	58.6	16
58396975	64091.VNG_0862G	58.3	12
58397442	64091.VNG_1470G	58.2	20
58398306	64091.VNG_2597C	58.2	11
58397468	64091.VNG_1503C	57.8	11
58396929	64091.VNG_0798H	57.7	19
58396875	64091.VNG_0729H	57.6	10
58397178	64091.VNG_1120H	57.5	5
58397774	64091.VNG_1917H	57.3	7
58398060	64091.VNG_2277H	57.3	6
58398109	64091.VNG_2335H	57.2	13
58397984	64091.VNG_2181G	56.9	32
58397899	64091.VNG_2084G	56.3	13
58396616	64091.VNG_0391C	56.2	11
58398066	64091.VNG_2284G	55.8	7
58397490	64091.VNG_1536C	55.0	4
58397390	64091.VNG_1403H	54.8	6
58397594	64091.VNG_1676G	54.7	26
58397656	64091.VNG_1764G	54.5	10
58397028	64091.VNG_0930G	54.4	11
58397649	64091.VNG_1754G	53.2	15
58396773	64091.VNG_0594H	53.2	6
58397010	64091.VNG_0908G	53.0	15
58397686	64091.VNG_1798H	52.8	8
58398182	64091.VNG_2430G	52.4	18
58396914	64091.VNG_0777G	51.3	4
58397511	64091.VNG_1564H	50.6	26
58397758	64091.VNG_1896C	50.3	28
58396355	64091.VNG_0049H	49.2	9
58397440	64091.VNG_1467G	48.8	9
58396985	64091.VNG_0874G	48.3	18
58396816	64091.VNG_0650C	48.2	17
58396317	64091.VNG_0006G	48.0	21
58396581	64091.VNG_0342G	47.3	54
58397348	64091.VNG_1345H	47.2	4
58398168	64091.VNG_2413H	47.0	5
58396749	64091.VNG_0564H	46.8	3
58396528	64091.VNG_0267H	46.2	18
58398273	64091.VNG_2552G	45.8	8
58396907	64091.VNG_0766G	45.6	22
58397174	64091.VNG_1115H	45.2	8
58396539	64091.VNG_0284C	45.1	23
58398342	64091.VNG_2641H	44.9	3
58397164	64091.VNG_1100C	44.4	9
58397852	64091.VNG_2019C	44.3	13
58397300	64091.VNG_1281H	43.8	6
58397045	64091.VNG_0950G	43.2	13
58396746	64091.VNG_0560C	43.0	18
58396385	64091.VNG_0084G	43.0	10
58398234	64091.VNG_2502C	42.4	21
58397035	64091.VNG_0937G	41.9	11
58396598	64091.VNG_0367H	40.7	4
58396592	64091.VNG_0359C	40.1	8
58396867	64091.VNG_0718C	40.1	11
58397326	64091.VNG_1315H	40.0	8
58397251	64091.VNG_1215G	39.6	9
58398042	64091.VNG_2254C	39.6	15
58397144	64091.VNG_1074G	39.2	10
58396579	64091.VNG_0339H	39.2	9
58398252	64091.VNG_2523H	39.2	4
58398358	64091.VNG_2661G	39.1	5
58396454	64091.VNG_0170C	39.1	5
58396952	64091.VNG_0829G	38.9	32
58398334	64091.VNG_2632G	38.8	8
58397148	64091.VNG_1081G	38.7	16
58396953	64091.VNG_0830G	38.6	14
58398227	64091.VNG_2493C	38.3	7
58398216	64091.VNG_2474C	38.3	13
58398111	64091.VNG_2338G	37.8	37
58397455	64091.VNG_1484H	37.5	15
58396627	64091.VNG_0406C	36.6	9
58396843	64091.VNG_0682C	36.2	10
58396863	64091.VNG_0713C	36.1	4
58396536	64091.VNG_0281G	35.6	11
58396699	64091.VNG_0499G	35.3	16
58396417	64091.VNG_0127C	34.8	6
58396316	64091.VNG_0005H	34.5	22
58396367	64091.VNG_0061C	34.4	13
58396712	64091.VNG_0512G	33.9	12
58396713	64091.VNG_0514C	33.4	23
58396406	64091.VNG_0113H	33.3	8
58397291	64091.VNG_1268H	33.1	13
58397603	64091.VNG_1688C	33.1	10
58397358	64091.VNG_1359G	32.9	7
58398075	64091.VNG_2294G	32.1	12
58398257	64091.VNG_2529G	32.0	5
58397003	64091.VNG_0897G	31.9	5
58397975	64091.VNG_2172C	31.9	7
58397437	64091.VNG_1464G	31.7	18
58398146	64091.VNG_2384G	31.5	26
58397421	64091.VNG_1446H	31.2	4
58397279	64091.VNG_1252G	31.0	4
58397017	64091.VNG_0917G	30.6	9
58397261	64091.VNG_1230G	30.5	11
58398316	64091.VNG_2610C	30.0	3
58397586	64091.VNG_1666H	29.7	6
58396757	64091.VNG_0574C	29.3	3
58397250	64091.VNG_1214H	29.0	12
58397290	64091.VNG_1266G	28.8	8
58397653	64091.VNG_1759G	28.8	23
58397394	64091.VNG_1407C	28.4	7
58397612	64091.VNG_1699C	28.3	4
58398367	64091.VNG_2675C	28.0	7
58396436	64091.VNG_0149G	27.7	16
58398279	64091.VNG_2560G	27.4	5
58396314	64091.VNG_0002G	27.3	7
58397424	64091.VNG_1450G	27.3	11
58396550	64091.VNG_0300C	27.1	9
58396444	64091.VNG_0158G	26.7	9
58397058	64091.VNG_0967G	26.6	5
58396980	64091.VNG_0868H	26.3	3
58396459	64091.VNG_0176H	25.8	7
58397491	64091.VNG_1537C	25.5	12
58397972	64091.VNG_2168C	25.4	3
58397412	64091.VNG_1431C	25.4	7
58397021	64091.VNG_0921G	25.1	14
58397391	64091.VNG_1404G	24.6	4
58397693	64091.VNG_1809H	24.5	3
58398231	64091.VNG_2498H	24.5	3
58397500	64091.VNG_1548C	24.2	5
58397578	64091.VNG_1656H	23.9	4
58397458	64091.VNG_1488G	23.8	8
58397254	64091.VNG_1219G	23.6	5
58396787	64091.VNG_0611H	23.6	9
58396654	64091.VNG_0440C	23.3	10
58396764	64091.VNG_0583G	22.7	4
58397775	64091.VNG_1918C	22.7	4
58397448	64091.VNG_1476C	22.7	6
58396748	64091.VNG_0563G	22.6	8
58397881	64091.VNG_2060G	22.5	8
58397562	64091.VNG_1637G	22.4	4
58396402	64091.VNG_0107G	22.1	13
58398194	64091.VNG_2445C	22.0	4
58397243	64091.VNG_1205C	21.8	13
58397175	64091.VNG_1117C	21.8	7
58398196	64091.VNG_2447G	21.4	6
58396947	64091.VNG_0823G	21.0	13
58397958	64091.VNG_2153G	20.9	7
58397472	64091.VNG_1510C	20.0	9
58398051	64091.VNG_2267G	19.5	4
58397768	64091.VNG_1907H	19.5	4
58396841	64091.VNG_0680G	19.5	7
58396348	64091.VNG_0041C	19.4	4
58397274	64091.VNG_1246H	19.4	3
58398009	64091.VNG_2213G	18.9	15
58396880	64091.VNG_0734G	18.8	12
58397385	64091.VNG_1395G	18.6	5
58398129	64091.VNG_2365G	18.5	8
58397129	64091.VNG_1057C	18.4	9
58397014	64091.VNG_0914H	17.6	4
58396923	64091.VNG_0789C	17.1	4
58397924	64091.VNG_2116C	16.9	3
58396324	64091.VNG_0016H	16.8	3
58398263	64091.VNG_2536C	16.7	4
58396554	64091.VNG_0306C	16.5	4
58397130	64091.VNG_1058H	16.4	8
58397516	64091.VNG_1570H	16.3	3
58397393	64091.VNG_1406G	16.2	4
58396425	64091.VNG_0137G	15.8	6
58397816	64091.VNG_1972G	15.8	8
58397760	64091.VNG_1899G	15.7	4
58396446	64091.VNG_0160G	15.6	12
58396846	64091.VNG_0686C	15.6	3
58397466	64091.VNG_1500H	15.3	3
58396905	64091.VNG_0764C	15.3	5
58397436	64091.VNG_1463G	15.1	3
58397369	64091.VNG_1374G	15.0	6
58396516	64091.VNG_0251C	14.8	4
58396779	64091.VNG_0600C	14.3	9
58397105	64091.VNG_1025H	14.3	3
58396703	64091.VNG_0503C	14.2	3
58397341	64091.VNG_1337C	14.0	7
58396610	64091.VNG_0384G	13.7	7
58398124	64091.VNG_2356G	13.7	11
58397103	64091.VNG_1023C	13.5	3
58397134	64091.VNG_1063H	13.5	8
58396445	64091.VNG_0159G	13.3	9
58396858	64091.VNG_0705C	13.3	5
58396509	64091.VNG_0243C	13.2	7
58398166	64091.VNG_2411G	13.1	7
58397520	64091.VNG_1576G	12.4	4
58396449	64091.VNG_0163G	12.3	14
58397519	64091.VNG_1574G	12.2	3
58398261	64091.VNG_2534C	12.2	4
58396954	64091.VNG_0831G	12.1	8
58398030	64091.VNG_2240G	11.6	4
58397027	64091.VNG_0928G	11.5	5
58396650	64091.VNG_0436G	11.3	3
58397013	64091.VNG_0913H	10.8	4
58397483	64091.VNG_1526G	10.7	3
58398150	64091.VNG_2390G	10.2	8
58396993	64091.VNG_0883H	9.96	4
58397317	64091.VNG_1303C	9.81	3
58396849	64091.VNG_0690C	9.79	6
58397662	64091.VNG_1770C	9.63	4
58396771	64091.VNG_0592G	9.24	3
58396936	64091.VNG_0810H	9.13	3
58397720	64091.VNG_1846C	8.74	3
58397296	64091.VNG_1275G	8.65	3
58396885	64091.VNG_0740C	8.05	4
58397461	64091.VNG_1493G	7.73	6
58397345	64091.VNG_1342G	7.69	3
58396790	64091.VNG_0614G	7.57	18
58397646	64091.VNG_1749G	7.26	3
58398328	64091.VNG_2625C	6.73	4
58397518	64091.VNG_1573G	6.69	3
58397976	64091.VNG_2173G	6.26	3
58397999	64091.VNG_2201G	6.16	3
58398145	64091.VNG_2383G	6.06	3
58397262	64091.VNG_1232G	6.01	3
58397671	64091.VNG_1781C	5.64	3
58398221	64091.VNG_2482G	5.58	5
58397331	64091.VNG_1323C	5.55	4
58397803	64091.VNG_1953C	5.02	4
58396854	64091.VNG_0700G	4.52	3
58397044	64091.VNG_0949G	4.46	4
58396938	64091.VNG_0812G	4.42	4
58397748	64091.VNG_1883G	4.15	3
58397399	64091.VNG_1413H	2.91	3
