#id: 2196959800
#name: A.mellifera - Whole organism, SC (Peptideatlas,march,2010)
#score: 16.4
#weight:  50%
#description: abundance based on Spectral counting, Interaction consistency score: 16.4, Coverage: 20
#organ: WHOLE_ORGANISM
#integrated: false
#coverage: 20
#link: http://www.peptideatlas.org/builds/honeybee//index.php
#publication_year: 2010
#filename: 7460-honeybee_atlas_build_282_new.txt
#
#internal_id	string_external_id	abundance	raw_spectral_count
3408830	7460.GB55205-PA	16951	44784
3399831	7460.GB45796-PA	15887	31872
3405488	7460.GB51697-PA	15595	41058
3399071	7460.GB44996-PA	15423	34036
3408829	7460.GB55204-PA	15134	42200
3408836	7460.GB55211-PA	11626	35286
3408837	7460.GB55212-PA	11598	43534
3408105	7460.GB54446-PA	10507	17097
3406474	7460.GB52736-PA	10441	21190
3408397	7460.GB54753-PA	10345	11514
3408039	7460.GB54372-PA	10159	18942
3394538	7460.GB40232-PA	10033	10090
3400238	7460.GB46223-PA	9315	5546
3396720	7460.GB42526-PA	8426	11104
3404728	7460.GB50902-PA	8287	8670
3408010	7460.GB54343-PA	8266	3041
3404086	7460.GB50236-PA	8134	1449
3402798	7460.GB48904-PA	8027	7466
3409065	7460.GB55452-PA	7990	4812
3395292	7460.GB41028-PA	7594	14855
3403620	7460.GB49756-PA	7099	839
3394995	7460.GB40713-PA	6580	4601
3401821	7460.GB47880-PA	6269	4076
3404791	7460.GB50970-PA	6261	7153
3399832	7460.GB45797-PA	6249	15935
3396266	7460.GB42053-PA	6088	3234
3409064	7460.GB55451-PA	5697	1013
3395015	7460.GB40735-PA	5607	9947
3395134	7460.GB40866-PA	5453	18568
3402681	7460.GB48784-PA	5200	3475
3396040	7460.GB41818-PA	5127	1230
3408986	7460.GB55368-PA	4848	3570
3406835	7460.GB53114-PA	4845	158
3407257	7460.GB53550-PA	4807	1488
3394601	7460.GB40299-PA	4649	2318
3397967	7460.GB43825-PA	4596	4737
3407256	7460.GB53549-PA	4505	623
3408856	7460.GB55232-PA	4414	4367
3408036	7460.GB54369-PA	4391	2700
3395048	7460.GB40770-PA	4356	3458
3402757	7460.GB48862-PA	4322	4914
3403000	7460.GB49117-PA	4278	13070
3403189	7460.GB49313-PA	4275	5004
3396799	7460.GB42608-PA	4240	752
3403621	7460.GB49757-PA	4201	1642
3403854	7460.GB49999-PA	4161	3050
3405487	7460.GB51696-PA	4129	12221
3401572	7460.GB47617-PA	4086	3054
3398065	7460.GB43930-PA	4050	1890
3404741	7460.GB50917-PA	3963	2024
3395861	7460.GB41633-PA	3940	2559
3406840	7460.GB53119-PA	3935	1421
3404904	7460.GB51086-PA	3867	1980
3396989	7460.GB42809-PA	3818	2587
3402799	7460.GB48905-PA	3789	2060
3408768	7460.GB55139-PA	3760	2371
3394755	7460.GB40460-PA	3697	4988
3395624	7460.GB41383-PA	3689	1264
3407571	7460.GB53887-PA	3634	9800
3404765	7460.GB50942-PA	3629	6904
3408037	7460.GB54370-PA	3599	2140
3398256	7460.GB44133-PA	3537	12258
3396620	7460.GB42422-PA	3509	6306
3400312	7460.GB46297-PA	3505	394
3395601	7460.GB41358-PA	3492	7234
3394688	7460.GB40389-PA	3427	2309
3403195	7460.GB49320-PA	3391	9989
3406081	7460.GB52324-PA	3370	1357
3408838	7460.GB55213-PA	3321	7620
3398418	7460.GB44311-PA	3299	19068
3405489	7460.GB51698-PA	3289	6765
3395933	7460.GB41708-PA	3267	386
3408163	7460.GB54507-PA	3243	43420
3403474	7460.GB49606-PA	3212	369
3404114	7460.GB50265-PA	3174	3691
3401298	7460.GB47336-PA	3163	7238
3405837	7460.GB52073-PA	3161	5317
3404598	7460.GB50761-PA	3134	3390
3404204	7460.GB50356-PA	3087	1587
3400245	7460.GB46230-PA	3086	2004
3403118	7460.GB49240-PA	3082	6746
3397208	7460.GB43029-PA	3074	16417
3394753	7460.GB40457-PA	3048	154
3402872	7460.GB48980-PA	3029	4511
3395047	7460.GB40769-PA	3009	2385
3409146	7460.GB55537-PA	2959	6638
3403368	7460.GB49497-PA	2947	5914
3404437	7460.GB50598-PA	2927	4623
3400568	7460.GB46565-PA	2884	7230
3397767	7460.GB43618-PA	2872	7068
3394956	7460.GB40673-PA	2868	5538
3405475	7460.GB51683-PA	2833	3622
3407046	7460.GB53333-PA	2794	8159
3396498	7460.GB42297-PA	2788	8204
3398165	7460.GB44039-PA	2778	3678
3395240	7460.GB40976-PA	2769	10530
3395555	7460.GB41306-PA	2728	18695
3395557	7460.GB41308-PA	2728	18695
3394604	7460.GB40302-PA	2726	4201
3394465	7460.GB40157-PA	2713	4319
3395559	7460.GB41310-PA	2705	18487
3402482	7460.GB48574-PA	2688	1214
3397418	7460.GB43248-PA	2647	7322
3408454	7460.GB54817-PA	2537	3090
3395654	7460.GB41413-PA	2482	1952
3409107	7460.GB55496-PA	2480	3391
3401420	7460.GB47462-PA	2441	6123
3404076	7460.GB50226-PA	2387	5863
3394756	7460.GB40461-PA	2374	2877
3396184	7460.GB41965-PA	2356	806
3401436	7460.GB47478-PA	2345	2567
3403284	7460.GB49410-PA	2336	1626
3404448	7460.GB50609-PA	2296	11919
3399319	7460.GB45258-PA	2289	3895
3397835	7460.GB43688-PA	2253	2786
3400229	7460.GB46214-PA	2188	3732
3401356	7460.GB47396-PA	2165	1222
3398785	7460.GB44693-PA	2151	1807
3400063	7460.GB46039-PA	2093	8735
3404434	7460.GB50595-PA	2092	3020
3405871	7460.GB52107-PA	2092	8735
3409251	7460.GB55643-PA	2085	2418
3400115	7460.GB46094-PA	2017	3570
3396632	7460.GB42434-PA	1996	3717
3396355	7460.GB42146-PA	1996	1835
3406558	7460.GB52829-PA	1992	4685
3395155	7460.GB40887-PA	1960	1587
3408083	7460.GB54419-PA	1951	1968
3394446	7460.GB40137-PA	1935	2313
3403415	7460.GB49544-PA	1916	10830
3401565	7460.GB47610-PA	1900	889
3397817	7460.GB43670-PA	1881	392
3394445	7460.GB40136-PA	1874	2508
3408202	7460.GB54549-PA	1869	3998
3404320	7460.GB50477-PA	1821	998
3401510	7460.GB47553-PA	1748	2332
3398199	7460.GB44074-PA	1747	8302
3401927	7460.GB47990-PA	1730	1806
3395000	7460.GB40718-PA	1683	2329
3408006	7460.GB54339-PA	1681	13303
3400287	7460.GB46272-PA	1668	225
3408834	7460.GB55209-PA	1653	1170
3407082	7460.GB53369-PA	1649	1141
3406223	7460.GB52468-PA	1631	341
3396267	7460.GB42054-PA	1628	5823
3402440	7460.GB48527-PA	1622	2123
3405141	7460.GB51335-PA	1616	2460
3405237	7460.GB51436-PA	1613	2441
3402920	7460.GB49031-PA	1605	839
3399170	7460.GB45099-PA	1589	1476
3396088	7460.GB41867-PA	1566	5602
3403183	7460.GB49306-PA	1561	1821
3404435	7460.GB50596-PA	1541	2544
3405794	7460.GB52028-PA	1534	5299
3397336	7460.GB43161-PA	1527	870
3403977	7460.GB50123-PA	1514	1206
3400240	7460.GB46225-PA	1514	726
3396751	7460.GB42560-PA	1479	2553
3406726	7460.GB53000-PA	1476	2676
3394344	7460.GB40031-PA	1473	928
3403496	7460.GB49628-PA	1463	3596
3405089	7460.GB51283-PA	1459	2411
3404501	7460.GB50663-PA	1432	1739
3407884	7460.GB54211-PA	1429	1433
3408338	7460.GB54693-PA	1429	1826
3402420	7460.GB48505-PA	1427	3064
3408943	7460.GB55325-PA	1427	141
3400708	7460.GB46713-PA	1414	5040
3397965	7460.GB43823-PA	1413	675
3394861	7460.GB40576-PA	1410	1275
3403222	7460.GB49347-PA	1410	1456
3397014	7460.GB42834-PA	1378	943
3402736	7460.GB48841-PA	1376	1262
3406910	7460.GB53194-PA	1375	764
3400141	7460.GB46120-PA	1363	2558
3398128	7460.GB43999-PA	1355	835
3401235	7460.GB47268-PA	1353	1398
3398257	7460.GB44134-PA	1353	5708
3404860	7460.GB51042-PA	1352	1694
3396001	7460.GB41776-PA	1333	665
3401458	7460.GB47500-PA	1331	1586
3397837	7460.GB43690-PA	1321	3117
3399345	7460.GB45286-PA	1307	2215
3397109	7460.GB42929-PA	1295	1272
3396002	7460.GB41777-PA	1295	456
3399158	7460.GB45087-PA	1279	2104
3404068	7460.GB50218-PA	1275	1791
3402168	7460.GB48244-PA	1267	704
3405013	7460.GB51206-PA	1258	265
3402718	7460.GB48823-PA	1256	823
3405021	7460.GB51214-PA	1232	1316
3396747	7460.GB42556-PA	1214	666
3407439	7460.GB53748-PA	1213	1166
3398835	7460.GB44749-PA	1210	952
3402010	7460.GB48079-PA	1202	1213
3400588	7460.GB46587-PA	1201	416
3408833	7460.GB55208-PA	1199	4820
3398182	7460.GB44056-PA	1190	2138
3400650	7460.GB46652-PA	1187	1101
3395057	7460.GB40779-PA	1171	1591
3398227	7460.GB44104-PA	1156	446
3395684	7460.GB41443-PA	1155	377
3408251	7460.GB54601-PA	1147	1564
3401263	7460.GB47299-PA	1126	1880
3400379	7460.GB46365-PA	1124	545
3395668	7460.GB41427-PA	1113	2616
3409493	7460.GB55901-PA	1112	2565
3409053	7460.GB55440-PA	1106	1114
3402861	7460.GB48969-PA	1093	402
3408332	7460.GB54687-PA	1089	1905
3408322	7460.GB54676-PA	1083	1280
3400327	7460.GB46312-PA	1074	512
3395932	7460.GB41707-PA	1063	5346
3399756	7460.GB45720-PA	1059	854
3405838	7460.GB52074-PA	1035	1923
3399058	7460.GB44983-PA	1019	1490
3396583	7460.GB42385-PA	1019	1660
3404123	7460.GB50274-PA	1014	3267
3402231	7460.GB48308-PA	1012	1765
3395940	7460.GB41715-PA	1010	1804
3395560	7460.GB41311-PA	1004	2611
3397638	7460.GB43482-PA	998	1254
3396235	7460.GB42019-PA	996	1077
3397009	7460.GB42829-PA	989	1596
3395061	7460.GB40783-PA	988	2136
3408142	7460.GB54485-PA	988	1466
3400241	7460.GB46226-PA	973	689
3409189	7460.GB55581-PA	970	519
3398044	7460.GB43908-PA	951	4459
3405574	7460.GB51787-PA	949	760
3402540	7460.GB48634-PA	941	938
3408946	7460.GB55328-PA	941	1121
3402728	7460.GB48833-PA	939	1080
3395585	7460.GB41338-PA	936	1365
3404500	7460.GB50662-PA	930	5638
3396629	7460.GB42431-PA	919	1015
3398446	7460.GB44340-PA	916	228
3396350	7460.GB42141-PA	916	1152
3403424	7460.GB49554-PA	916	273
3406857	7460.GB53138-PA	912	1141
3395082	7460.GB40806-PA	909	1546
3403322	7460.GB49448-PA	900	1791
3399429	7460.GB45377-PA	897	1794
3399481	7460.GB45434-PA	897	365
3404355	7460.GB50513-PA	885	1005
3406326	7460.GB52581-PA	885	306
3399238	7460.GB45174-PA	885	402
3406386	7460.GB52644-PA	882	385
3406383	7460.GB52641-PA	879	1061
3400242	7460.GB46227-PA	877	555
3395150	7460.GB40882-PA	874	355
3399275	7460.GB45211-PA	869	619
3399537	7460.GB45495-PA	868	4523
3398534	7460.GB44430-PA	868	1408
3394557	7460.GB40253-PA	866	1120
3397417	7460.GB43247-PA	860	1793
3396867	7460.GB42679-PA	857	692
3395629	7460.GB41388-PA	855	910
3406103	7460.GB52347-PA	855	1087
3397691	7460.GB43540-PA	852	1385
3394748	7460.GB40451-PA	849	1884
3405500	7460.GB51710-PA	848	1413
3401627	7460.GB47679-PA	841	345
3406467	7460.GB52728-PA	839	1664
3409056	7460.GB55443-PA	834	1137
3396930	7460.GB42749-PA	824	530
3404121	7460.GB50272-PA	823	933
3396624	7460.GB42426-PA	822	4332
3403881	7460.GB50026-PA	822	569
3395859	7460.GB41631-PA	809	85
3404618	7460.GB50783-PA	809	306
3396376	7460.GB42168-PA	793	315
3408831	7460.GB55206-PA	793	2145
3402848	7460.GB48956-PA	789	170
3395550	7460.GB41301-PA	788	1069
3402041	7460.GB48111-PA	787	823
3409047	7460.GB55434-PA	783	1338
3401463	7460.GB47506-PA	782	258
3404568	7460.GB50730-PA	781	2851
3398503	7460.GB44398-PA	773	1011
3405925	7460.GB52161-PA	773	215
3404999	7460.GB51192-PA	773	643
3401545	7460.GB47590-PA	771	321
3408247	7460.GB54596-PA	768	348
3395455	7460.GB41198-PA	761	509
3402756	7460.GB48861-PA	748	286
3400992	7460.GB47016-PA	748	218
3403500	7460.GB49632-PA	747	714
3394903	7460.GB40619-PA	746	302
3396398	7460.GB42191-PA	740	132
3409425	7460.GB55828-PA	740	427
3399946	7460.GB45913-PA	738	251
3397042	7460.GB42862-PA	736	769
3394544	7460.GB40240-PA	736	525
3407280	7460.GB53578-PA	735	1187
3401898	7460.GB47960-PA	728	1430
3394936	7460.GB40653-PA	719	189
3406586	7460.GB52857-PA	716	274
3395631	7460.GB41390-PA	716	1150
3400743	7460.GB46750-PA	715	433
3397164	7460.GB42985-PA	712	964
3396806	7460.GB42616-PA	710	1831
3409513	7460.GB55921-PA	705	1069
3397025	7460.GB42845-PA	704	739
3407446	7460.GB53755-PA	700	1486
3407124	7460.GB53412-PA	699	5546
3400304	7460.GB46289-PA	685	1419
3395045	7460.GB40767-PA	681	882
3408164	7460.GB54508-PA	672	1382
3408451	7460.GB54814-PA	671	321
3400486	7460.GB46481-PA	667	641
3404088	7460.GB50238-PA	665	4374
3406222	7460.GB52467-PA	662	946
3395834	7460.GB41604-PA	660	606
3408936	7460.GB55318-PA	658	387
3405949	7460.GB52186-PA	649	908
3398526	7460.GB44422-PA	647	813
3401074	7460.GB47103-PA	638	506
3406523	7460.GB52789-PA	632	268
3406831	7460.GB53110-PA	628	150
3396021	7460.GB41798-PA	621	1642
3405884	7460.GB52120-PA	620	347
3406856	7460.GB53137-PA	613	4169
3404269	7460.GB50423-PA	611	345
3395036	7460.GB40758-PA	609	230
3408726	7460.GB55096-PA	607	1788
3400237	7460.GB46222-PA	606	344
3403366	7460.GB49495-PA	602	1279
3407866	7460.GB54192-PA	601	442
3395409	7460.GB41150-PA	601	720
3407419	7460.GB53727-PA	597	660
3397467	7460.GB43300-PA	597	765
3408337	7460.GB54692-PA	594	243
3407073	7460.GB53360-PA	592	440
3404101	7460.GB50252-PA	591	486
3404779	7460.GB50958-PA	584	2070
3404615	7460.GB50780-PA	582	310
3395683	7460.GB41442-PA	578	581
3397836	7460.GB43689-PA	576	627
3408917	7460.GB55298-PA	572	175
3406725	7460.GB52999-PA	572	425
3403050	7460.GB49170-PA	572	323
3408087	7460.GB54423-PA	571	754
3404446	7460.GB50607-PA	570	637
3404651	7460.GB50817-PA	569	250
3395552	7460.GB41303-PA	566	296
3409198	7460.GB55590-PA	565	490
3405350	7460.GB51551-PA	557	458
3408832	7460.GB55207-PA	557	2721
3401017	7460.GB47043-PA	556	1383
3403251	7460.GB49377-PA	556	600
3399978	7460.GB45947-PA	555	343
3402504	7460.GB48597-PA	552	504
3397516	7460.GB43350-PA	545	663
3397235	7460.GB43056-PA	545	663
3397185	7460.GB43006-PA	544	1081
3409093	7460.GB55482-PA	543	461
3407889	7460.GB54216-PA	539	2652
3405342	7460.GB51543-PA	538	235
3399548	7460.GB45506-PA	531	65
3406015	7460.GB52256-PA	530	448
3408307	7460.GB54661-PA	527	1095
3397884	7460.GB43739-PA	525	849
3402980	7460.GB49097-PA	522	474
3403571	7460.GB49705-PA	518	416
3395879	7460.GB41651-PA	513	1321
3395630	7460.GB41389-PA	513	213
3400163	7460.GB46145-PA	512	667
3397854	7460.GB43708-PA	510	413
3397289	7460.GB43112-PA	510	237
3396196	7460.GB41979-PA	508	1254
3404889	7460.GB51071-PA	508	532
3406735	7460.GB53010-PA	505	283
3406740	7460.GB53015-PA	503	469
3404144	7460.GB50296-PA	503	178
3409169	7460.GB55561-PA	502	130
3394582	7460.GB40280-PA	501	2676
3406542	7460.GB52810-PA	498	904
3409247	7460.GB55639-PA	497	517
3407952	7460.GB54281-PA	493	799
3407062	7460.GB53349-PA	490	629
3408096	7460.GB54433-PA	485	146
3404396	7460.GB50555-PA	484	538
3403196	7460.GB49321-PA	484	386
3406267	7460.GB52520-PA	483	429
3398357	7460.GB44237-PA	482	447
3397015	7460.GB42835-PA	481	1684
3398565	7460.GB44462-PA	479	387
3407440	7460.GB53749-PA	476	260
3396851	7460.GB42663-PA	476	171
3394369	7460.GB40057-PA	476	439
3402706	7460.GB48810-PA	475	334
3404725	7460.GB50899-PA	474	391
3401077	7460.GB47106-PA	472	1278
3399042	7460.GB44966-PA	471	389
3404547	7460.GB50709-PA	471	428
3402258	7460.GB48335-PA	471	428
3399610	7460.GB45569-PA	467	276
3407916	7460.GB54243-PA	464	450
3404010	7460.GB50158-PA	462	558
3400383	7460.GB46369-PA	460	474
3402104	7460.GB48178-PA	460	1294
3399724	7460.GB45688-PA	459	787
3398962	7460.GB44882-PA	457	1693
3398647	7460.GB44549-PA	456	983
3400962	7460.GB46985-PA	456	298
3402871	7460.GB48979-PA	456	732
3399421	7460.GB45369-PA	454	616
3395242	7460.GB40978-PA	453	341
3408048	7460.GB54381-PA	448	302
3396934	7460.GB42753-PA	446	493
3400565	7460.GB46562-PA	446	159
3405779	7460.GB52013-PA	445	551
3397400	7460.GB43229-PA	444	381
3396298	7460.GB42088-PA	443	96
3399767	7460.GB45731-PA	443	308
3398235	7460.GB44112-PA	442	64
3396361	7460.GB42152-PA	442	1656
3403047	7460.GB49167-PA	440	205
3394853	7460.GB40568-PA	436	441
3405964	7460.GB52202-PA	435	95
3399119	7460.GB45047-PA	432	500
3405411	7460.GB51617-PA	431	111
3396748	7460.GB42557-PA	430	378
3402964	7460.GB49079-PA	429	538
3406435	7460.GB52694-PA	428	390
3407516	7460.GB53830-PA	421	671
3409145	7460.GB55536-PA	418	49
3404890	7460.GB51072-PA	418	397
3400353	7460.GB46339-PA	417	1314
3401392	7460.GB47433-PA	415	153
3394990	7460.GB40708-PA	414	272
3399603	7460.GB45562-PA	413	141
3405008	7460.GB51201-PA	410	248
3405821	7460.GB52056-PA	410	722
3398334	7460.GB44212-PA	409	220
3406771	7460.GB53047-PA	408	763
3395032	7460.GB40754-PA	408	2004
3406316	7460.GB52571-PA	407	48
3401530	7460.GB47573-PA	407	778
3403961	7460.GB50106-PA	403	461
3400088	7460.GB46066-PA	402	413
3394826	7460.GB40539-PA	401	162
3408835	7460.GB55210-PA	401	963
3409561	7460.GB55970-PA	398	300
3405866	7460.GB52102-PA	398	100
3399788	7460.GB45752-PA	396	146
3399195	7460.GB45128-PA	396	1321
3399387	7460.GB45334-PA	394	343
3408612	7460.GB54979-PA	394	199
3407488	7460.GB53799-PA	394	413
3409287	7460.GB55680-PA	391	171
3394726	7460.GB40429-PA	391	378
3404724	7460.GB50898-PA	391	389
3402179	7460.GB48255-PA	391	384
3396837	7460.GB42648-PA	391	910
3401531	7460.GB47574-PA	390	210
3397876	7460.GB43731-PA	390	305
3403892	7460.GB50037-PA	388	2079
3395025	7460.GB40746-PA	388	475
3409511	7460.GB55919-PA	387	876
3408708	7460.GB55078-PA	386	2704
3407268	7460.GB53566-PA	385	951
3404033	7460.GB50183-PA	384	228
3407649	7460.GB53967-PA	380	2676
3396028	7460.GB41806-PA	379	334
3403831	7460.GB49974-PA	378	626
3406179	7460.GB52424-PA	378	1071
3402448	7460.GB48536-PA	377	866
3399579	7460.GB45537-PA	375	295
3397852	7460.GB43706-PA	374	429
3395346	7460.GB41084-PA	372	57
3405587	7460.GB51800-PA	370	502
3399318	7460.GB45257-PA	369	140
3399463	7460.GB45415-PA	369	807
3402274	7460.GB48351-PA	369	1175
3404856	7460.GB51038-PA	366	237
3395241	7460.GB40977-PA	365	1301
3406851	7460.GB53132-PA	364	741
3403453	7460.GB49583-PA	363	143
3401124	7460.GB47153-PA	362	173
3399779	7460.GB45743-PA	362	195
3407895	7460.GB54222-PA	359	1276
3409143	7460.GB55533-PA	359	193
3400807	7460.GB46817-PA	358	395
3400389	7460.GB46375-PA	358	227
3395294	7460.GB41030-PA	357	223
3402407	7460.GB48492-PA	356	518
3405176	7460.GB51371-PA	355	836
3405446	7460.GB51652-PA	355	549
3408646	7460.GB55014-PA	353	442
3404905	7460.GB51087-PA	353	513
3395628	7460.GB41387-PA	353	118
3398658	7460.GB44560-PA	353	330
3407325	7460.GB53626-PA	353	179
3395037	7460.GB40759-PA	350	281
3405535	7460.GB51746-PA	349	181
3398619	7460.GB44520-PA	349	114
3398851	7460.GB44765-PA	348	613
3398445	7460.GB44339-PA	348	613
3401368	7460.GB47408-PA	348	613
3401462	7460.GB47505-PA	348	613
3397266	7460.GB43088-PA	348	776
3405030	7460.GB51223-PA	347	135
3400804	7460.GB46814-PA	347	654
3404828	7460.GB51009-PA	345	596
3397369	7460.GB43198-PA	343	1492
3406425	7460.GB52684-PA	341	141
3408845	7460.GB55220-PA	338	263
3403520	7460.GB49653-PA	336	457
3401051	7460.GB47079-PA	335	833
3399041	7460.GB44965-PA	335	44
3401691	7460.GB47747-PA	332	273
3408594	7460.GB54961-PA	332	207
3402213	7460.GB48290-PA	331	2070
3400055	7460.GB46031-PA	331	46
3399538	7460.GB45496-PA	328	19
3400313	7460.GB46298-PA	327	283
3396067	7460.GB41846-PA	326	393
3397777	7460.GB43629-PA	326	323
3407084	7460.GB53371-PA	325	186
3406284	7460.GB52537-PA	324	2277
3396091	7460.GB41871-PA	324	102
3403848	7460.GB49993-PA	323	72
3399587	7460.GB45545-PA	323	125
3405247	7460.GB51446-PA	321	88
3394428	7460.GB40119-PA	321	497
3409441	7460.GB55847-PA	319	1366
3402913	7460.GB49024-PA	318	155
3397324	7460.GB43147-PA	316	259
3399086	7460.GB45012-PA	316	385
3402463	7460.GB48552-PA	315	248
3399942	7460.GB45909-PA	315	233
3405969	7460.GB52208-PA	314	117
3407572	7460.GB53888-PA	314	354
3405375	7460.GB51580-PA	312	791
3400725	7460.GB46732-PA	308	582
3403855	7460.GB50000-PA	308	261
3398775	7460.GB44683-PA	307	140
3405495	7460.GB51704-PA	306	148
3397490	7460.GB43324-PA	306	232
3394694	7460.GB40395-PA	305	181
3402212	7460.GB48289-PA	305	221
3396675	7460.GB42479-PA	303	796
3401460	7460.GB47503-PA	302	919
3409206	7460.GB55598-PA	301	240
3397231	7460.GB43052-PA	301	494
3407080	7460.GB53367-PA	301	235
3395579	7460.GB41332-PA	300	653
3400239	7460.GB46224-PA	300	153
3407369	7460.GB53672-PA	299	479
3408498	7460.GB54861-PA	299	195
3405761	7460.GB51994-PA	299	274
3400939	7460.GB46962-PA	298	283
3403645	7460.GB49784-PA	297	493
3394334	7460.GB40021-PA	294	1414
3398270	7460.GB44147-PA	293	128
3395463	7460.GB41207-PA	292	317
3404491	7460.GB50652-PA	292	497
3402311	7460.GB48391-PA	286	179
3405817	7460.GB52052-PA	284	686
3398846	7460.GB44760-PA	284	212
3401441	7460.GB47483-PA	284	212
3401464	7460.GB47507-PA	284	212
3401341	7460.GB47381-PA	284	212
3407667	7460.GB53986-PA	283	557
3408081	7460.GB54417-PA	283	557
3396029	7460.GB41807-PA	283	288
3399202	7460.GB45137-PA	283	264
3405031	7460.GB51224-PA	283	134
3407145	7460.GB53435-PA	282	162
3397021	7460.GB42841-PA	282	665
3400278	7460.GB46263-PA	280	674
3399918	7460.GB45884-PA	278	236
3403343	7460.GB49471-PA	275	248
3397883	7460.GB43738-PA	274	787
3406763	7460.GB53038-PA	273	508
3406245	7460.GB52498-PA	270	223
3404864	7460.GB51046-PA	270	147
3397124	7460.GB42944-PA	269	419
3398929	7460.GB44848-PA	269	152
3395891	7460.GB41663-PA	269	123
3397862	7460.GB43716-PA	267	625
3408035	7460.GB54368-PA	267	306
3395055	7460.GB40777-PA	266	155
3404704	7460.GB50873-PA	264	151
3404300	7460.GB50455-PA	263	91
3398320	7460.GB44198-PA	262	1322
3409045	7460.GB55432-PA	262	494
3405530	7460.GB51741-PA	260	167
3409034	7460.GB55420-PA	259	259
3398324	7460.GB44202-PA	258	83
3394778	7460.GB40489-PA	256	543
3407650	7460.GB53968-PA	255	2676
3398040	7460.GB43903-PA	255	144
3399426	7460.GB45374-PA	254	134
3405880	7460.GB52116-PA	254	70
3405789	7460.GB52023-PA	253	558
3403905	7460.GB50050-PA	253	168
3399698	7460.GB45661-PA	253	59
3396596	7460.GB42398-PA	252	261
3406702	7460.GB52976-PA	251	212
3401520	7460.GB47563-PA	249	351
3405505	7460.GB51716-PA	249	122
3404697	7460.GB50866-PA	249	385
3409311	7460.GB55708-PA	248	86
3408585	7460.GB54952-PA	248	299
3401196	7460.GB47227-PA	248	102
3400571	7460.GB46569-PA	246	414
3398843	7460.GB44757-PA	245	669
3404940	7460.GB51125-PA	244	401
3405447	7460.GB51653-PA	240	2104
3394564	7460.GB40261-PA	239	324
3403231	7460.GB49356-PA	238	328
3395626	7460.GB41385-PA	238	123
3409424	7460.GB55827-PA	237	60
3397859	7460.GB43713-PA	237	592
3400075	7460.GB46052-PA	237	203
3405496	7460.GB51705-PA	237	693
3404909	7460.GB51091-PA	236	111
3407663	7460.GB53981-PA	235	205
3405164	7460.GB51359-PA	234	90
3396108	7460.GB41889-PA	234	415
3394757	7460.GB40462-PA	234	29
3403967	7460.GB50112-PA	233	156
3407758	7460.GB54080-PA	232	56
3401365	7460.GB47405-PA	231	872
3397708	7460.GB43559-PA	230	157
3396710	7460.GB42516-PA	230	334
3406516	7460.GB52782-PA	230	152
3407855	7460.GB54181-PA	229	294
3404254	7460.GB50408-PA	228	74
3405381	7460.GB51586-PA	228	344
3407629	7460.GB53947-PA	227	97
3395330	7460.GB41068-PA	227	138
3409300	7460.GB55693-PA	227	978
3401912	7460.GB47974-PA	227	547
3398950	7460.GB44869-PA	226	334
3401367	7460.GB47407-PA	225	293
3398425	7460.GB44318-PA	225	293
3401366	7460.GB47406-PA	225	293
3401342	7460.GB47382-PA	225	293
3408908	7460.GB55288-PA	224	226
3401559	7460.GB47604-PA	224	307
3400580	7460.GB46579-PA	224	481
3404565	7460.GB50727-PA	222	161
3405626	7460.GB51841-PA	222	558
3397699	7460.GB43548-PA	221	217
3398671	7460.GB44576-PA	221	208
3396927	7460.GB42746-PA	219	100
3400243	7460.GB46228-PA	218	129
3399043	7460.GB44967-PA	218	214
3404883	7460.GB51065-PA	217	168
3409380	7460.GB55782-PA	217	120
3394876	7460.GB40592-PA	216	804
3404526	7460.GB50688-PA	216	191
3397184	7460.GB43005-PA	215	541
3409005	7460.GB55388-PA	214	466
3401845	7460.GB47904-PA	214	441
3398420	7460.GB44313-PA	213	298
3403039	7460.GB49159-PA	213	87
3396729	7460.GB42537-PA	213	70
3400306	7460.GB46291-PA	213	243
3400309	7460.GB46294-PA	212	660
3395007	7460.GB40726-PA	212	471
3402412	7460.GB48497-PA	212	184
3409010	7460.GB55393-PA	212	209
3396817	7460.GB42627-PA	211	227
3395219	7460.GB40955-PA	211	211
3396078	7460.GB41857-PA	211	225
3400301	7460.GB46286-PA	211	305
3401956	7460.GB48020-PA	210	308
3401668	7460.GB47723-PA	208	240
3396977	7460.GB42797-PA	208	210
3405201	7460.GB51396-PA	207	437
3406789	7460.GB53065-PA	206	184
3402052	7460.GB48124-PA	206	426
3407487	7460.GB53798-PA	205	330
3396292	7460.GB42082-PA	204	336
3402244	7460.GB48321-PA	204	410
3405570	7460.GB51783-PA	204	601
3403188	7460.GB49312-PA	203	180
3398336	7460.GB44214-PA	202	822
3398331	7460.GB44209-PA	201	334
3403849	7460.GB49994-PA	201	71
3408243	7460.GB54590-PA	200	536
3394387	7460.GB40077-PA	200	428
3408597	7460.GB54964-PA	200	69
3400736	7460.GB46743-PA	198	227
3407027	7460.GB53314-PA	197	458
3406259	7460.GB52512-PA	197	65
3406477	7460.GB52739-PA	197	440
3402989	7460.GB49106-PA	196	2238
3409305	7460.GB55701-PA	195	306
3399284	7460.GB45221-PA	195	303
3402180	7460.GB48256-PA	195	14
3401641	7460.GB47694-PA	195	34
3398639	7460.GB44541-PA	193	748
3394728	7460.GB40431-PA	193	143
3403637	7460.GB49775-PA	191	114
3398327	7460.GB44205-PA	189	307
3404706	7460.GB50875-PA	189	173
3400888	7460.GB46904-PA	187	128
3403715	7460.GB49854-PA	187	396
3395081	7460.GB40805-PA	186	276
3400380	7460.GB46366-PA	185	180
3405441	7460.GB51647-PA	184	362
3409624	7460.GB56035-PA	184	123
3403795	7460.GB49937-PA	183	341
3402604	7460.GB48699-PA	183	230
3397594	7460.GB43434-PA	182	59
3402169	7460.GB48245-PA	182	45
3406037	7460.GB52278-PA	181	1340
3406837	7460.GB53116-PA	181	51
3404091	7460.GB50242-PA	180	151
3397165	7460.GB42986-PA	180	127
3397872	7460.GB43727-PA	180	406
3398031	7460.GB43892-PA	179	700
3406860	7460.GB53141-PA	179	108
3401493	7460.GB47536-PA	179	214
3400468	7460.GB46462-PA	178	149
3398590	7460.GB44490-PA	177	118
3398344	7460.GB44223-PA	176	620
3402822	7460.GB48928-PA	176	227
3401293	7460.GB47331-PA	175	102
3400768	7460.GB46776-PA	174	98
3402836	7460.GB48943-PA	173	190
3409487	7460.GB55895-PA	173	51
3408402	7460.GB54760-PA	173	164
3401215	7460.GB47247-PA	173	261
3402062	7460.GB48134-PA	173	355
3401267	7460.GB47303-PA	172	352
3395669	7460.GB41428-PA	170	21
3400164	7460.GB46146-PA	170	175
3407281	7460.GB53579-PA	170	291
3405973	7460.GB52212-PA	169	2676
3401497	7460.GB47540-PA	169	412
3396146	7460.GB41927-PA	169	164
3394662	7460.GB40360-PA	169	187
3402936	7460.GB49047-PA	169	303
3396625	7460.GB42427-PA	167	1858
3399322	7460.GB45261-PA	166	218
3398661	7460.GB44564-PA	165	51
3398535	7460.GB44431-PA	164	282
3402174	7460.GB48250-PA	162	135
3405430	7460.GB51636-PA	162	48
3404665	7460.GB50832-PA	161	130
3404742	7460.GB50918-PA	160	105
3409623	7460.GB56034-PA	160	133
3408207	7460.GB54554-PA	157	132
3404117	7460.GB50268-PA	155	75
3403300	7460.GB49426-PA	155	761
3405256	7460.GB51455-PA	154	106
3401268	7460.GB47304-PA	153	94
3404664	7460.GB50831-PA	153	149
3398333	7460.GB44211-PA	153	236
3404358	7460.GB50516-PA	153	217
3400475	7460.GB46469-PA	153	313
3406278	7460.GB52531-PA	153	98
3401113	7460.GB47142-PA	152	194
3402516	7460.GB48610-PA	152	46
3394580	7460.GB40278-PA	151	296
3395303	7460.GB41039-PA	151	92
3406809	7460.GB53086-PA	151	143
3399339	7460.GB45280-PA	151	354
3397448	7460.GB43279-PA	150	85
3409201	7460.GB55593-PA	150	42
3408741	7460.GB55111-PA	150	29
3394792	7460.GB40503-PA	150	313
3399717	7460.GB45681-PA	149	42
3402393	7460.GB48478-PA	149	269
3396880	7460.GB42693-PA	149	286
3396064	7460.GB41843-PA	148	243
3395821	7460.GB41591-PA	148	141
3395966	7460.GB41741-PA	147	72
3394450	7460.GB40141-PA	147	215
3404726	7460.GB50900-PA	146	316
3399772	7460.GB45736-PA	145	323
3397895	7460.GB43750-PA	144	100
3396789	7460.GB42598-PA	144	106
3407951	7460.GB54280-PA	144	35
3397887	7460.GB43742-PA	142	174
3400337	7460.GB46322-PA	142	305
3402716	7460.GB48820-PA	142	186
3404440	7460.GB50601-PA	141	48
3397931	7460.GB43786-PA	141	360
3402425	7460.GB48510-PA	140	240
3396131	7460.GB41912-PA	140	251
3399797	7460.GB45761-PA	139	336
3407085	7460.GB53372-PA	138	139
3401285	7460.GB47322-PA	138	154
3399989	7460.GB45958-PA	138	524
3404181	7460.GB50333-PA	138	109
3408255	7460.GB54606-PA	138	476
3409139	7460.GB55529-PA	137	80
3409167	7460.GB55559-PA	137	225
3399250	7460.GB45186-PA	137	151
3401389	7460.GB47430-PA	137	128
3407984	7460.GB54315-PA	136	136
3398405	7460.GB44298-PA	135	130
3402574	7460.GB48669-PA	135	348
3403976	7460.GB50121-PA	135	35
3406463	7460.GB52724-PA	134	302
3405518	7460.GB51729-PA	134	268
3403761	7460.GB49902-PA	134	147
3404877	7460.GB51059-PA	133	294
3409031	7460.GB55416-PA	133	76
3401443	7460.GB47485-PA	133	317
3397306	7460.GB43129-PA	133	126
3394586	7460.GB40284-PA	133	201
3397449	7460.GB43280-PA	132	131
3397150	7460.GB42970-PA	132	106
3407628	7460.GB53946-PA	132	47
3409551	7460.GB55960-PA	131	90
3401894	7460.GB47955-PA	130	193
3395911	7460.GB41686-PA	130	39
3403055	7460.GB49175-PA	130	236
3398029	7460.GB43890-PA	129	200
3403400	7460.GB49529-PA	129	169
3405025	7460.GB51218-PA	128	465
3408290	7460.GB54643-PA	128	333
3402232	7460.GB48309-PA	126	55
3396003	7460.GB41778-PA	126	160
3399599	7460.GB45558-PA	125	83
3395733	7460.GB41495-PA	125	520
3398188	7460.GB44063-PA	124	90
3400872	7460.GB46887-PA	124	83
3406334	7460.GB52590-PA	123	1027
3396891	7460.GB42704-PA	123	162
3405220	7460.GB51419-PA	123	144
3407998	7460.GB54331-PA	122	87
3408840	7460.GB55215-PA	122	679
3399709	7460.GB45673-PA	122	118
3406439	7460.GB52698-PA	121	40
3402341	7460.GB48423-PA	121	28
3397720	7460.GB43571-PA	119	327
3404795	7460.GB50974-PA	118	404
3399945	7460.GB45912-PA	118	38
3402727	7460.GB48832-PA	118	149
3408455	7460.GB54818-PA	118	286
3403416	7460.GB49545-PA	118	96
3408256	7460.GB54607-PA	118	51
3404080	7460.GB50230-PA	117	29
3401395	7460.GB47436-PA	117	253
3397359	7460.GB43187-PA	117	28
3402266	7460.GB48343-PA	117	243
3409330	7460.GB55729-PA	116	204
3401847	7460.GB47906-PA	116	69
3399406	7460.GB45354-PA	116	154
3401610	7460.GB47661-PA	116	165
3399547	7460.GB45505-PA	116	43
3406193	7460.GB52438-PA	116	209
3403099	7460.GB49220-PA	115	15
3407970	7460.GB54301-PA	115	57
3400758	7460.GB46766-PA	114	106
3403497	7460.GB49629-PA	114	91
3405485	7460.GB51694-PA	114	257
3401640	7460.GB47693-PA	114	45
3400993	7460.GB47017-PA	114	52
3399982	7460.GB45951-PA	114	213
3408359	7460.GB54714-PA	113	193
3399774	7460.GB45738-PA	113	260
3395902	7460.GB41674-PA	112	165
3408499	7460.GB54862-PA	111	159
3404752	7460.GB50929-PA	109	113
3401250	7460.GB47284-PA	109	206
3406890	7460.GB53174-PA	109	297
3396913	7460.GB42732-PA	108	295
3396974	7460.GB42794-PA	108	111
3398928	7460.GB44847-PA	108	69
3395606	7460.GB41363-PA	108	150
3395779	7460.GB41545-PA	108	71
3408260	7460.GB54611-PA	108	188
3402199	7460.GB48275-PA	107	209
3408375	7460.GB54730-PA	107	45
3397729	7460.GB43580-PA	107	43
3406675	7460.GB52947-PA	107	630
3406182	7460.GB52427-PA	106	234
3405662	7460.GB51884-PA	106	98
3404561	7460.GB50723-PA	105	58
3397435	7460.GB43266-PA	105	118
3402353	7460.GB48435-PA	105	162
3407720	7460.GB54041-PA	104	60
3401266	7460.GB47302-PA	104	124
3395026	7460.GB40747-PA	104	114
3399288	7460.GB45225-PA	104	349
3394412	7460.GB40103-PA	104	76
3403405	7460.GB49534-PA	104	440
3400730	7460.GB46737-PA	104	191
3404748	7460.GB50924-PA	104	195
3395442	7460.GB41183-PA	103	59
3395403	7460.GB41143-PA	103	122
3406520	7460.GB52786-PA	103	61
3405844	7460.GB52080-PA	103	110
3402916	7460.GB49027-PA	103	212
3399794	7460.GB45758-PA	102	282
3398958	7460.GB44878-PA	102	114
3408991	7460.GB55373-PA	101	86
3406244	7460.GB52497-PA	101	36
3397994	7460.GB43852-PA	100	70
3396679	7460.GB42484-PA	100	789
3401136	7460.GB47165-PA	100	137
3403458	7460.GB49588-PA	100	47
3404730	7460.GB50904-PA	99.7	92
3398255	7460.GB44132-PA	99.5	114
3405667	7460.GB51889-PA	99.4	108
3396189	7460.GB41970-PA	98.9	153
3408853	7460.GB55229-PA	98.8	71
3402775	7460.GB48881-PA	98.8	379
3396020	7460.GB41797-PA	98.5	125
3394873	7460.GB40589-PA	98.4	45
3395816	7460.GB41586-PA	98.3	45
3399274	7460.GB45210-PA	98.3	45
3399986	7460.GB45955-PA	98.0	178
3401780	7460.GB47839-PA	97.9	148
3403824	7460.GB49967-PA	97.1	288
3406934	7460.GB53219-PA	96.6	24
3394589	7460.GB40287-PA	95.5	152
3395687	7460.GB41446-PA	95.1	19
3407081	7460.GB53368-PA	94.7	56
3396315	7460.GB42106-PA	94.7	76
3398743	7460.GB44650-PA	94.7	414
3398239	7460.GB44116-PA	94.6	458
3404196	7460.GB50348-PA	93.8	214
3401499	7460.GB47542-PA	93.4	99
3403887	7460.GB50032-PA	92.9	43
3397232	7460.GB43053-PA	90.9	251
3394422	7460.GB40113-PA	90.9	150
3405177	7460.GB51372-PA	90.5	103
3399095	7460.GB45023-PA	90.5	135
3400232	7460.GB46217-PA	90.5	252
3401484	7460.GB47527-PA	89.8	386
3397028	7460.GB42848-PA	89.8	286
3408786	7460.GB55157-PA	89.5	28
3395209	7460.GB40945-PA	89.3	153
3404067	7460.GB50217-PA	89.1	136
3409138	7460.GB55528-PA	89.1	159
3405699	7460.GB51924-PA	88.9	200
3398886	7460.GB44803-PA	88.9	87
3409074	7460.GB55463-PA	88.8	119
3397445	7460.GB43276-PA	88.6	349
3407411	7460.GB53719-PA	88.6	64
3408143	7460.GB54486-PA	88.3	157
3406276	7460.GB52529-PA	88.3	94
3401971	7460.GB48038-PA	88.3	25
3404089	7460.GB50239-PA	88.1	142
3402141	7460.GB48215-PA	87.8	122
3396550	7460.GB42351-PA	87.3	96
3398045	7460.GB43909-PA	86.7	232
3400766	7460.GB46774-PA	86.6	81
3401349	7460.GB47389-PA	86.4	274
3405540	7460.GB51751-PA	84.7	208
3397061	7460.GB42881-PA	84.5	98
3408022	7460.GB54355-PA	84.2	64
3401390	7460.GB47431-PA	83.6	71
3409466	7460.GB55873-PA	83.6	106
3396290	7460.GB42079-PA	83.5	162
3402755	7460.GB48860-PA	83.1	67
3396847	7460.GB42659-PA	82.7	87
3403245	7460.GB49370-PA	82.7	80
3400878	7460.GB46893-PA	82.2	60
3397722	7460.GB43573-PA	82.2	111
3395459	7460.GB41203-PA	82.2	145
3400093	7460.GB46071-PA	82.1	153
3397348	7460.GB43176-PA	81.5	73
3403931	7460.GB50076-PA	81.2	155
3401075	7460.GB47104-PA	79.4	41
3401071	7460.GB47100-PA	79.2	662
3402737	7460.GB48842-PA	79.2	74
3398631	7460.GB44533-PA	79.1	283
3401152	7460.GB47181-PA	79.0	48
3405766	7460.GB51999-PA	78.8	200
3401973	7460.GB48040-PA	78.6	165
3404205	7460.GB50357-PA	78.6	536
3406395	7460.GB52653-PA	78.6	135
3400989	7460.GB47012-PA	78.5	79
3399568	7460.GB45526-PA	78.5	56
3401873	7460.GB47933-PA	77.8	93
3403138	7460.GB49260-PA	77.8	145
3404801	7460.GB50980-PA	77.4	84
3403732	7460.GB49871-PA	77.2	151
3402793	7460.GB48899-PA	76.8	158
3397850	7460.GB43704-PA	76.2	154
3397470	7460.GB43303-PA	76.1	158
3395598	7460.GB41354-PA	76.0	17
3408159	7460.GB54503-PA	75.9	77
3408417	7460.GB54776-PA	75.8	83
3408921	7460.GB55302-PA	75.4	74
3406417	7460.GB52675-PA	75.0	143
3408567	7460.GB54934-PA	75.0	50
3406494	7460.GB52756-PA	74.8	136
3404284	7460.GB50439-PA	74.2	57
3408642	7460.GB55010-PA	74.1	111
3407135	7460.GB53424-PA	74.0	44
3397011	7460.GB42831-PA	73.8	87
3404906	7460.GB51088-PA	73.6	139
3398269	7460.GB44146-PA	73.6	124
3405791	7460.GB52025-PA	73.5	194
3399097	7460.GB45025-PA	73.3	113
3409218	7460.GB55610-PA	73.3	99
3402456	7460.GB48544-PA	73.3	53
3403751	7460.GB49890-PA	73.2	135
3397833	7460.GB43686-PA	72.9	32
3402039	7460.GB48109-PA	72.9	74
3402261	7460.GB48338-PA	72.9	28
3395480	7460.GB41225-PA	72.6	36
3402164	7460.GB48240-PA	72.5	36
3399233	7460.GB45169-PA	72.4	26
3398501	7460.GB44396-PA	72.3	111
3398863	7460.GB44777-PA	72.2	33
3402752	7460.GB48857-PA	72.1	135
3403263	7460.GB49389-PA	72.0	110
3403040	7460.GB49160-PA	72.0	34
3398646	7460.GB44548-PA	71.6	130
3398335	7460.GB44213-PA	71.5	723
3400784	7460.GB46792-PA	71.4	126
3397451	7460.GB43282-PA	70.9	162
3396978	7460.GB42798-PA	70.8	37
3404908	7460.GB51090-PA	70.6	52
3400429	7460.GB46420-PA	70.2	122
3405373	7460.GB51578-PA	70.0	74
3398796	7460.GB44704-PA	69.7	57
3406748	7460.GB53023-PA	69.5	92
3398560	7460.GB44457-PA	69.5	144
3408700	7460.GB55070-PA	69.2	59
3395143	7460.GB40875-PA	69.2	36
3401433	7460.GB47475-PA	68.8	34
3403864	7460.GB50009-PA	68.5	19
3399565	7460.GB45523-PA	68.1	30
3406342	7460.GB52598-PA	68.1	78
3403361	7460.GB49490-PA	68.0	52
3394385	7460.GB40075-PA	67.9	201
3406044	7460.GB52285-PA	67.0	157
3407053	7460.GB53340-PA	66.8	676
3407789	7460.GB54112-PA	66.7	55
3394607	7460.GB40305-PA	66.6	156
3398702	7460.GB44608-PA	66.4	34
3403143	7460.GB49265-PA	66.3	75
3400251	7460.GB46236-PA	66.1	59
3409083	7460.GB55472-PA	65.9	133
3399944	7460.GB45911-PA	65.7	62
3405549	7460.GB51760-PA	65.5	84
3408996	7460.GB55378-PA	65.5	296
3397067	7460.GB42887-PA	65.4	39
3400867	7460.GB46882-PA	65.1	86
3400032	7460.GB46007-PA	65.1	294
3400961	7460.GB46984-PA	65.0	33
3402152	7460.GB48228-PA	64.8	62
3403057	7460.GB49177-PA	64.6	28
3399606	7460.GB45565-PA	64.4	110
3403212	7460.GB49337-PA	64.3	124
3404868	7460.GB51050-PA	64.2	221
3397206	7460.GB43027-PA	63.6	346
3400474	7460.GB46468-PA	63.0	14
3405203	7460.GB51399-PA	62.9	308
3395199	7460.GB40934-PA	62.8	62
3405824	7460.GB52059-PA	62.8	46
3396902	7460.GB42720-PA	62.7	109
3400300	7460.GB46285-PA	62.6	82
3403432	7460.GB49562-PA	62.5	96
3402739	7460.GB48844-PA	62.5	62
3403950	7460.GB50095-PA	62.4	23
3408030	7460.GB54363-PA	62.3	141
3403122	7460.GB49244-PA	62.2	28
3395592	7460.GB41345-PA	62.2	310
3405885	7460.GB52121-PA	62.2	20
3399445	7460.GB45394-PA	61.8	243
3398601	7460.GB44502-PA	61.7	157
3404886	7460.GB51068-PA	61.7	125
3401522	7460.GB47565-PA	61.4	100
3408240	7460.GB54587-PA	61.4	32
3406571	7460.GB52842-PA	61.3	107
3401265	7460.GB47301-PA	61.2	93
3401105	7460.GB47134-PA	61.0	62
3409581	7460.GB55990-PA	61.0	32
3408049	7460.GB54384-PA	61.0	29
3395627	7460.GB41386-PA	60.9	88
3403393	7460.GB49522-PA	60.6	38
3401844	7460.GB47903-PA	60.2	39
3400543	7460.GB46540-PA	60.0	39
3401502	7460.GB47545-PA	59.7	145
3400091	7460.GB46069-PA	59.5	188
3407483	7460.GB53794-PA	59.3	188
3407389	7460.GB53695-PA	59.2	131
3402090	7460.GB48163-PA	59.0	55
3394994	7460.GB40712-PA	58.9	48
3399231	7460.GB45167-PA	58.6	42
3402823	7460.GB48929-PA	58.3	51
3405245	7460.GB51444-PA	58.3	129
3401352	7460.GB47392-PA	58.1	65
3402003	7460.GB48072-PA	58.0	123
3396105	7460.GB41886-PA	57.3	72
3399324	7460.GB45263-PA	57.2	15
3396883	7460.GB42696-PA	57.2	17
3407126	7460.GB53415-PA	56.4	18
3408326	7460.GB54680-PA	56.3	256
3398169	7460.GB44043-PA	56.3	67
3407365	7460.GB53668-PA	56.2	13
3398657	7460.GB44559-PA	55.8	17
3398804	7460.GB44712-PA	55.6	11
3400567	7460.GB46564-PA	55.5	1068
3400031	7460.GB46006-PA	55.3	63
3401098	7460.GB47127-PA	55.2	348
3405419	7460.GB51625-PA	55.2	17
3399362	7460.GB45303-PA	55.0	71
3397098	7460.GB42918-PA	54.5	74
3399766	7460.GB45730-PA	54.4	39
3405408	7460.GB51614-PA	53.9	81
3399347	7460.GB45288-PA	53.9	24
3395413	7460.GB41154-PA	53.8	74
3398042	7460.GB43905-PA	53.7	92
3398617	7460.GB44518-PA	53.0	45
3397111	7460.GB42931-PA	52.7	46
3396441	7460.GB42234-PA	52.5	98
3402900	7460.GB49010-PA	52.2	53
3395957	7460.GB41732-PA	52.0	124
3405823	7460.GB52058-PA	52.0	27
3401775	7460.GB47832-PA	51.9	145
3403254	7460.GB49380-PA	51.8	113
3405023	7460.GB51216-PA	51.5	293
3403228	7460.GB49353-PA	51.3	168
3408662	7460.GB55030-PA	51.1	18
3397864	7460.GB43718-PA	51.0	302
3404766	7460.GB50943-PA	50.8	160
3405185	7460.GB51380-PA	50.8	55
3396430	7460.GB42223-PA	50.6	160
3399657	7460.GB45616-PA	50.6	31
3398147	7460.GB44018-PA	50.5	34
3394396	7460.GB40086-PA	50.4	66
3406803	7460.GB53080-PA	50.3	73
3401822	7460.GB47881-PA	50.1	43
3398010	7460.GB43870-PA	50.1	774
3397666	7460.GB43510-PA	49.6	53
3408643	7460.GB55011-PA	49.5	57
3395633	7460.GB41392-PA	49.5	50
3405749	7460.GB51979-PA	49.4	28
3405161	7460.GB51356-PA	49.1	100
3398816	7460.GB44726-PA	49.0	42
3399442	7460.GB45391-PA	48.8	24
3405467	7460.GB51674-PA	48.8	51
3403966	7460.GB50111-PA	48.7	8
3400283	7460.GB46268-PA	48.7	43
3403919	7460.GB50064-PA	48.6	23
3403739	7460.GB49878-PA	48.6	89
3399975	7460.GB45944-PA	48.3	110
3398910	7460.GB44829-PA	48.3	125
3405523	7460.GB51734-PA	48.2	358
3409110	7460.GB55499-PA	47.9	108
3398977	7460.GB44897-PA	47.9	85
3394460	7460.GB40151-PA	47.9	41
3399188	7460.GB45119-PA	47.8	69
3408327	7460.GB54681-PA	47.8	21
3406374	7460.GB52632-PA	47.7	16
3394987	7460.GB40705-PA	47.6	54
3399218	7460.GB45153-PA	47.5	103
3403296	7460.GB49422-PA	47.3	16
3396465	7460.GB42264-PA	47.0	42
3406101	7460.GB52345-PA	47.0	55
3397625	7460.GB43468-PA	47.0	56
3402738	7460.GB48843-PA	46.9	46
3396790	7460.GB42599-PA	46.8	56
3396841	7460.GB42652-PA	46.8	144
3399889	7460.GB45855-PA	46.6	70
3406961	7460.GB53247-PA	46.3	44
3408718	7460.GB55088-PA	46.1	56
3403860	7460.GB50005-PA	46.0	28
3405058	7460.GB51251-PA	46.0	38
3409276	7460.GB55669-PA	45.9	106
3400692	7460.GB46697-PA	45.7	55
3400033	7460.GB46008-PA	45.7	19
3404732	7460.GB50906-PA	45.2	12
3405393	7460.GB51598-PA	45.1	27
3403271	7460.GB49397-PA	45.0	57
3396006	7460.GB41781-PA	45.0	82
3400281	7460.GB46266-PA	44.8	63
3396788	7460.GB42597-PA	44.7	31
3399344	7460.GB45285-PA	44.6	74
3408300	7460.GB54654-PA	44.5	7
3407559	7460.GB53875-PA	44.5	16
3399366	7460.GB45307-PA	44.4	53
3405199	7460.GB51394-PA	44.2	77
3397468	7460.GB43301-PA	44.2	69
3400515	7460.GB46512-PA	44.1	149
3408636	7460.GB55004-PA	43.9	51
3395156	7460.GB40888-PA	43.8	80
3398283	7460.GB44160-PA	43.8	26
3409607	7460.GB56018-PA	43.7	51
3405111	7460.GB51305-PA	43.7	132
3400105	7460.GB46084-PA	43.5	25
3402831	7460.GB48937-PA	43.5	38
3400123	7460.GB46102-PA	43.4	364
3403792	7460.GB49934-PA	43.3	25
3395014	7460.GB40734-PA	43.2	76
3401276	7460.GB47313-PA	43.2	98
3399213	7460.GB45148-PA	42.9	37
3408566	7460.GB54933-PA	42.6	9
3404713	7460.GB50883-PA	42.5	22
3402165	7460.GB48241-PA	42.5	39
3408391	7460.GB54747-PA	42.4	79
3397668	7460.GB43512-PA	42.4	50
3408262	7460.GB54613-PA	42.3	153
3400779	7460.GB46787-PA	42.2	25
3399450	7460.GB45399-PA	42.2	72
3409223	7460.GB55615-PA	42.1	39
3398524	7460.GB44420-PA	42.0	57
3407500	7460.GB53812-PA	42.0	146
3406014	7460.GB52255-PA	42.0	72
3407076	7460.GB53363-PA	42.0	89
3406273	7460.GB52526-PA	41.8	66
3394368	7460.GB40056-PA	41.8	10
3399736	7460.GB45700-PA	41.7	60
3398629	7460.GB44531-PA	41.6	18
3396623	7460.GB42425-PA	41.6	219
3399055	7460.GB44980-PA	41.6	63
3405501	7460.GB51712-PA	41.5	24
3403646	7460.GB49785-PA	41.3	66
3404537	7460.GB50699-PA	41.0	38
3395136	7460.GB40868-PA	40.9	57
3403482	7460.GB49614-PA	40.2	17
3404862	7460.GB51044-PA	40.1	36
3396094	7460.GB41874-PA	39.9	143
3407868	7460.GB54194-PA	39.8	29
3399943	7460.GB45910-PA	39.8	29
3406413	7460.GB52671-PA	39.8	184
3404968	7460.GB51158-PA	39.5	16
3398473	7460.GB44367-PA	39.5	43
3405139	7460.GB51333-PA	39.4	92
3405857	7460.GB52093-PA	39.4	43
3406896	7460.GB53180-PA	39.3	34
3408350	7460.GB54705-PA	39.1	24
3398530	7460.GB44426-PA	39.0	48
3395617	7460.GB41376-PA	39.0	28
3405575	7460.GB51788-PA	38.9	6
3403274	7460.GB49400-PA	38.6	92
3403801	7460.GB49943-PA	38.5	78
3404283	7460.GB50438-PA	38.5	40
3404199	7460.GB50351-PA	38.3	11
3404897	7460.GB51079-PA	38.3	69
3407989	7460.GB54321-PA	38.2	90
3404861	7460.GB51043-PA	38.2	71
3404588	7460.GB50750-PA	38.0	77
3405623	7460.GB51838-PA	37.9	34
3396907	7460.GB42725-PA	37.6	22
3409013	7460.GB55396-PA	37.6	56
3394541	7460.GB40237-PA	37.4	253
3406738	7460.GB53013-PA	37.4	93
3395204	7460.GB40939-PA	37.3	12
3397786	7460.GB43638-PA	37.3	47
3398675	7460.GB44580-PA	37.1	35
3401582	7460.GB47629-PA	37.1	17
3409203	7460.GB55595-PA	36.9	34
3398149	7460.GB44020-PA	36.9	82
3401503	7460.GB47546-PA	36.5	59
3399669	7460.GB45629-PA	36.5	16
3408971	7460.GB55353-PA	36.3	47
3398868	7460.GB44783-PA	36.3	47
3405044	7460.GB51237-PA	36.3	142
3399872	7460.GB45838-PA	36.2	32
3398043	7460.GB43906-PA	36.0	68
3401771	7460.GB47828-PA	36.0	33
3395983	7460.GB41758-PA	36.0	48
3402376	7460.GB48459-PA	36.0	49
3397555	7460.GB43392-PA	35.9	91
3398599	7460.GB44500-PA	35.9	30
3395979	7460.GB41754-PA	35.8	52
3402172	7460.GB48248-PA	35.7	38
3408973	7460.GB55355-PA	35.7	23
3395574	7460.GB41326-PA	35.6	45
3397267	7460.GB43089-PA	35.5	36
3401274	7460.GB47310-PA	35.5	36
3398922	7460.GB44841-PA	35.4	59
3401843	7460.GB47902-PA	35.4	16
3398276	7460.GB44153-PA	35.4	10
3397186	7460.GB43007-PA	35.1	85
3404701	7460.GB50870-PA	35.0	25
3395145	7460.GB40877-PA	34.9	22
3399096	7460.GB45024-PA	34.9	7
3404907	7460.GB51089-PA	34.5	21
3402133	7460.GB48207-PA	34.4	31
3400262	7460.GB46247-PA	34.3	33
3399100	7460.GB45028-PA	34.2	84
3405516	7460.GB51727-PA	34.2	40
3402097	7460.GB48171-PA	34.2	16
3407940	7460.GB54268-PA	34.1	88
3404683	7460.GB50851-PA	34.0	54
3406887	7460.GB53171-PA	34.0	24
3396135	7460.GB41916-PA	33.9	37
3404363	7460.GB50522-PA	33.8	67
3409532	7460.GB55941-PA	33.8	44
3404973	7460.GB51163-PA	33.8	90
3398791	7460.GB44699-PA	33.8	28
3405859	7460.GB52095-PA	33.7	23
3401783	7460.GB47842-PA	33.6	40
3408392	7460.GB54748-PA	33.5	30
3397102	7460.GB42922-PA	33.5	68
3400374	7460.GB46360-PA	33.5	138
3395133	7460.GB40865-PA	33.5	169
3399591	7460.GB45549-PA	33.5	20
3400805	7460.GB46815-PA	33.4	23
3400897	7460.GB46914-PA	33.4	71
3400050	7460.GB46026-PA	33.3	76
3409477	7460.GB55885-PA	33.1	18
3404833	7460.GB51014-PA	33.1	28
3399419	7460.GB45367-PA	33.0	37
3396972	7460.GB42792-PA	33.0	17
3405453	7460.GB51659-PA	32.9	44
3399420	7460.GB45368-PA	32.9	52
3404298	7460.GB50453-PA	32.8	35
3397724	7460.GB43575-PA	32.7	74
3396043	7460.GB41821-PA	32.6	84
3407599	7460.GB53916-PA	32.4	81
3400606	7460.GB46606-PA	32.4	46
3406274	7460.GB52527-PA	32.3	17
3403827	7460.GB49970-PA	32.3	64
3395406	7460.GB41147-PA	32.2	66
3396864	7460.GB42676-PA	32.1	31
3402130	7460.GB48204-PA	32.1	253
3401669	7460.GB47724-PA	31.9	16
3396554	7460.GB42355-PA	31.9	33
3395342	7460.GB41080-PA	31.7	55
3397674	7460.GB43518-PA	31.7	49
3409447	7460.GB55853-PA	31.5	55
3403845	7460.GB49990-PA	31.4	103
3398983	7460.GB44903-PA	31.3	27
3401245	7460.GB47279-PA	31.3	97
3394547	7460.GB40243-PA	30.9	30
3399328	7460.GB45267-PA	30.8	46
3401681	7460.GB47736-PA	30.8	51
3406706	7460.GB52980-PA	30.7	100
3402534	7460.GB48628-PA	30.7	37
3397582	7460.GB43419-PA	30.6	44
3403211	7460.GB49336-PA	30.3	281
3401247	7460.GB47281-PA	30.2	125
3399036	7460.GB44960-PA	29.9	22
3406073	7460.GB52316-PA	29.5	140
3398668	7460.GB44573-PA	29.3	70
3406959	7460.GB53245-PA	29.3	42
3398543	7460.GB44439-PA	29.2	89
3403477	7460.GB49609-PA	29.1	31
3403489	7460.GB49621-PA	28.9	71
3400955	7460.GB46978-PA	28.8	20
3406202	7460.GB52447-PA	28.8	18
3394603	7460.GB40301-PA	28.8	37
3406277	7460.GB52530-PA	28.8	26
3404499	7460.GB50661-PA	28.7	35
3405942	7460.GB52179-PA	28.7	52
3398017	7460.GB43877-PA	28.5	18
3401790	7460.GB47849-PA	28.5	19
3400449	7460.GB46440-PA	28.5	6
3401871	7460.GB47931-PA	28.4	16
3409176	7460.GB55568-PA	28.3	38
3400569	7460.GB46567-PA	28.3	15
3406904	7460.GB53188-PA	28.3	42
3402577	7460.GB48672-PA	28.3	13
3406373	7460.GB52631-PA	28.2	28
3397037	7460.GB42857-PA	28.1	18
3407777	7460.GB54100-PA	28.1	10
3395410	7460.GB41151-PA	27.8	25
3401957	7460.GB48022-PA	27.7	66
3399738	7460.GB45702-PA	27.7	57
3409290	7460.GB55683-PA	27.7	17
3400817	7460.GB46827-PA	27.6	25
3394427	7460.GB40118-PA	27.2	47
3398332	7460.GB44210-PA	27.2	120
3397707	7460.GB43558-PA	27.1	13
3398811	7460.GB44721-PA	27.1	26
3396922	7460.GB42741-PA	27.0	18
3407941	7460.GB54269-PA	27.0	106
3403465	7460.GB49597-PA	26.9	31
3401746	7460.GB47803-PA	26.9	22
3402240	7460.GB48317-PA	26.9	33
3398205	7460.GB44080-PA	26.8	27
3408226	7460.GB54573-PA	26.8	63
3403392	7460.GB49521-PA	26.8	27
3398308	7460.GB44186-PA	26.6	154
3399400	7460.GB45348-PA	26.4	148
3409152	7460.GB55544-PA	26.4	67
3395210	7460.GB40946-PA	26.4	63
3406720	7460.GB52994-PA	26.3	12
3405736	7460.GB51963-PA	26.2	52
3398677	7460.GB44582-PA	26.1	16
3397783	7460.GB43635-PA	26.1	36
3399939	7460.GB45906-PA	25.8	18
3404472	7460.GB50633-PA	25.8	33
3394568	7460.GB40265-PA	25.6	13
3401827	7460.GB47886-PA	25.6	10
3405879	7460.GB52115-PA	25.5	28
3397781	7460.GB43633-PA	25.4	13
3398974	7460.GB44894-PA	25.3	30
3401147	7460.GB47176-PA	25.2	12
3404566	7460.GB50728-PA	25.1	24
3397983	7460.GB43841-PA	25.1	28
3401432	7460.GB47474-PA	25.0	46
3401431	7460.GB47473-PA	25.0	7
3395553	7460.GB41304-PA	25.0	89
3406099	7460.GB52343-PA	24.9	33
3409208	7460.GB55600-PA	24.5	28
3406209	7460.GB52454-PA	24.5	14
3395399	7460.GB41139-PA	24.5	7
3409346	7460.GB55746-PA	24.4	118
3402567	7460.GB48662-PA	24.4	41
3404183	7460.GB50335-PA	24.4	3
3406302	7460.GB52557-PA	24.4	82
3400647	7460.GB46648-PA	24.4	3
3404150	7460.GB50302-PA	24.4	29
3399967	7460.GB45935-PA	24.3	67
3405112	7460.GB51306-PA	24.2	59
3404197	7460.GB50349-PA	24.1	26
3394910	7460.GB40626-PA	24.1	29
3408479	7460.GB54842-PA	24.1	80
3394848	7460.GB40563-PA	24.0	93
3404267	7460.GB50421-PA	24.0	99
3405027	7460.GB51220-PA	23.8	6
3407981	7460.GB54312-PA	23.8	13
3403556	7460.GB49689-PA	23.7	29
3403998	7460.GB50146-PA	23.7	49
3404928	7460.GB51113-PA	23.5	164
3407070	7460.GB53357-PA	23.5	74
3397352	7460.GB43180-PA	23.4	24
3398391	7460.GB44281-PA	23.3	13
3406343	7460.GB52599-PA	23.2	4
3408098	7460.GB54436-PA	23.2	63
3399799	7460.GB45763-PA	23.1	102
3403730	7460.GB49869-PA	23.0	109
3408128	7460.GB54470-PA	23.0	76
3401908	7460.GB47970-PA	23.0	89
3399898	7460.GB45864-PA	22.9	46
3405295	7460.GB51494-PA	22.9	69
3407569	7460.GB53885-PA	22.9	24
3397621	7460.GB43464-PA	22.9	37
3400753	7460.GB46761-PA	22.8	24
3397634	7460.GB43478-PA	22.8	22
3406398	7460.GB52656-PA	22.7	29
3404030	7460.GB50180-PA	22.7	50
3402386	7460.GB48470-PA	22.7	17
3403295	7460.GB49421-PA	22.7	9
3401758	7460.GB47815-PA	22.6	29
3399257	7460.GB45193-PA	22.4	35
3399428	7460.GB45376-PA	22.3	12
3395291	7460.GB41027-PA	22.3	15
3396967	7460.GB42786-PA	22.2	42
3396446	7460.GB42239-PA	22.2	35
3403866	7460.GB50011-PA	22.2	35
3399326	7460.GB45265-PA	22.2	68
3398264	7460.GB44141-PA	22.1	18
3409489	7460.GB55897-PA	22.0	44
3401421	7460.GB47463-PA	22.0	153
3408500	7460.GB54863-PA	21.9	37
3403422	7460.GB49552-PA	21.9	33
3404449	7460.GB50610-PA	21.9	18
3397664	7460.GB43508-PA	21.9	19
3395659	7460.GB41418-PA	21.8	81
3397177	7460.GB42998-PA	21.8	11
3402511	7460.GB48604-PA	21.7	26
3408524	7460.GB54889-PA	21.7	19
3395174	7460.GB40907-PA	21.7	50
3406010	7460.GB52251-PA	21.7	34
3400903	7460.GB46920-PA	21.7	21
3402625	7460.GB48720-PA	21.6	34
3400741	7460.GB46748-PA	21.4	14
3404345	7460.GB50503-PA	21.3	50
3395076	7460.GB40800-PA	21.1	12
3396598	7460.GB42400-PA	20.8	18
3403455	7460.GB49585-PA	20.6	5
3406647	7460.GB52919-PA	20.6	18
3401685	7460.GB47741-PA	20.5	16
3396678	7460.GB42482-PA	20.5	67
3400166	7460.GB46148-PA	20.4	153
3405834	7460.GB52070-PA	20.4	14
3400244	7460.GB46229-PA	20.0	9
3407821	7460.GB54146-PA	20.0	15
3399045	7460.GB44969-PA	20.0	39
3399800	7460.GB45764-PA	19.9	102
3400440	7460.GB46431-PA	19.8	74
3406756	7460.GB53031-PA	19.8	8
3408464	7460.GB54827-PA	19.8	45
3408606	7460.GB54973-PA	19.7	13
3401375	7460.GB47415-PA	19.5	38
3397962	7460.GB43819-PA	19.5	28
3405140	7460.GB51334-PA	19.5	29
3407324	7460.GB53625-PA	19.4	15
3404519	7460.GB50681-PA	19.4	20
3409057	7460.GB55444-PA	19.4	38
3400329	7460.GB46314-PA	19.4	8
3405965	7460.GB52203-PA	19.3	4
3400792	7460.GB46801-PA	19.3	37
3399454	7460.GB45403-PA	19.2	7
3407396	7460.GB53702-PA	19.2	6
3399212	7460.GB45147-PA	19.2	18
3401399	7460.GB47440-PA	19.2	74
3403419	7460.GB49548-PA	19.1	82
3400333	7460.GB46318-PA	19.1	35
3407150	7460.GB53440-PA	19.1	27
3408839	7460.GB55214-PA	19.1	34
3403970	7460.GB50115-PA	19.1	4
3404102	7460.GB50253-PA	19.0	27
3400755	7460.GB46763-PA	19.0	27
3403475	7460.GB49607-PA	19.0	21
3409309	7460.GB55706-PA	18.9	17
3398018	7460.GB43879-PA	18.9	9
3408362	7460.GB54717-PA	18.9	20
3408549	7460.GB54916-PA	18.9	24
3399467	7460.GB45419-PA	18.9	27
3398183	7460.GB44058-PA	18.8	35
3403038	7460.GB49158-PA	18.6	38
3398184	7460.GB44059-PA	18.6	23
3395905	7460.GB41677-PA	18.6	24
3402103	7460.GB48177-PA	18.4	34
3397766	7460.GB43617-PA	18.3	23
3405184	7460.GB51379-PA	18.2	21
3402443	7460.GB48531-PA	18.1	31
3402903	7460.GB49013-PA	18.1	12
3397036	7460.GB42856-PA	18.0	67
3399466	7460.GB45418-PA	18.0	16
3399694	7460.GB45657-PA	18.0	13
3404761	7460.GB50938-PA	17.9	13
3402032	7460.GB48101-PA	17.9	77
3408430	7460.GB54789-PA	17.9	65
3402388	7460.GB48472-PA	17.7	4
3395417	7460.GB41158-PA	17.7	17
3408194	7460.GB54541-PA	17.6	34
3409063	7460.GB55450-PA	17.6	11
3408107	7460.GB54448-PA	17.6	20
3406865	7460.GB53146-PA	17.5	33
3409101	7460.GB55490-PA	17.4	345
3407421	7460.GB53729-PA	17.4	91
3405395	7460.GB51600-PA	17.4	5
3396349	7460.GB42140-PA	17.3	20
3400291	7460.GB46276-PA	17.3	35
3406651	7460.GB52923-PA	17.3	30
3402926	7460.GB49037-PA	17.3	56
3402568	7460.GB48663-PA	17.2	39
3403953	7460.GB50098-PA	17.2	24
3403102	7460.GB49223-PA	17.1	387
3398288	7460.GB44165-PA	17.0	29
3405643	7460.GB51863-PA	16.9	35
3402096	7460.GB48170-PA	16.9	51
3399465	7460.GB45417-PA	16.8	140
3396653	7460.GB42455-PA	16.7	99
3406703	7460.GB52977-PA	16.6	8
3396683	7460.GB42488-PA	16.5	7
3403897	7460.GB50042-PA	16.5	22
3402927	7460.GB49038-PA	16.4	15
3397481	7460.GB43314-PA	16.4	54
3395845	7460.GB41617-PA	16.4	44
3407728	7460.GB54049-PA	16.3	33
3407544	7460.GB53860-PA	16.3	12
3394835	7460.GB40548-PA	16.3	55
3397697	7460.GB43546-PA	16.2	11
3394563	7460.GB40259-PA	16.1	17
3402547	7460.GB48641-PA	16.1	22
3397970	7460.GB43828-PA	16.0	14
3402818	7460.GB48924-PA	16.0	15
3407735	7460.GB54056-PA	16.0	32
3395063	7460.GB40785-PA	16.0	24
3405361	7460.GB51564-PA	16.0	14
3402850	7460.GB48958-PA	15.9	2
3396410	7460.GB42203-PA	15.9	28
3405084	7460.GB51278-PA	15.9	14
3403899	7460.GB50044-PA	15.8	4
3395414	7460.GB41155-PA	15.7	6
3407877	7460.GB54204-PA	15.7	48
3394733	7460.GB40436-PA	15.7	12
3398277	7460.GB44154-PA	15.7	24
3395029	7460.GB40750-PA	15.6	42
3398316	7460.GB44194-PA	15.6	4
3404556	7460.GB50718-PA	15.5	16
3397961	7460.GB43818-PA	15.5	16
3399248	7460.GB45184-PA	15.5	25
3404686	7460.GB50854-PA	15.5	47
3403414	7460.GB49543-PA	15.4	26
3402999	7460.GB49116-PA	15.4	24
3396482	7460.GB42281-PA	15.3	23
3407767	7460.GB54089-PA	15.3	15
3404584	7460.GB50746-PA	15.1	9
3401745	7460.GB47802-PA	15.0	16
3395786	7460.GB41553-PA	15.0	16
3405050	7460.GB51243-PA	15.0	13
3408272	7460.GB54623-PA	14.9	28
3395054	7460.GB40776-PA	14.9	3
3404220	7460.GB50373-PA	14.9	22
3405972	7460.GB52211-PA	14.9	56
3406072	7460.GB52315-PA	14.9	33
3396486	7460.GB42285-PA	14.8	27
3403201	7460.GB49326-PA	14.8	18
3395053	7460.GB40775-PA	14.7	33
3407901	7460.GB54228-PA	14.5	40
3407384	7460.GB53690-PA	14.4	56
3396265	7460.GB42052-PA	14.4	24
3398582	7460.GB44482-PA	14.4	41
3406991	7460.GB53277-PA	14.4	17
3409094	7460.GB55483-PA	14.3	478
3398459	7460.GB44353-PA	14.3	23
3408480	7460.GB54843-PA	14.2	71
3399019	7460.GB44941-PA	14.2	29
3403954	7460.GB50099-PA	14.1	73
3405166	7460.GB51361-PA	14.1	40
3396873	7460.GB42685-PA	14.0	21
3396570	7460.GB42372-PA	14.0	6
3398678	7460.GB44583-PA	14.0	8
3406942	7460.GB53228-PA	14.0	2
3396251	7460.GB42036-PA	13.9	17
3398694	7460.GB44600-PA	13.8	4
3399707	7460.GB45670-PA	13.8	4
3402561	7460.GB48656-PA	13.8	17
3406530	7460.GB52796-PA	13.7	12
3397704	7460.GB43554-PA	13.7	15
3400314	7460.GB46299-PA	13.6	2
3398873	7460.GB44789-PA	13.6	21
3407367	7460.GB53670-PA	13.6	74
3400377	7460.GB46363-PA	13.6	14
3403898	7460.GB50043-PA	13.5	54
3406788	7460.GB53064-PA	13.5	95
3402917	7460.GB49028-PA	13.5	8
3401896	7460.GB47957-PA	13.5	9
3409421	7460.GB55824-PA	13.4	18
3401013	7460.GB47039-PA	13.4	45
3408445	7460.GB54808-PA	13.3	26
3408621	7460.GB54988-PA	13.3	30
3396080	7460.GB41859-PA	13.3	11
3403105	7460.GB49226-PA	13.3	17
3396396	7460.GB42189-PA	13.3	11
3404638	7460.GB50804-PA	13.3	21
3398406	7460.GB44299-PA	13.3	25
3399811	7460.GB45775-PA	13.2	12
3395754	7460.GB41519-PA	13.2	36
3399782	7460.GB45746-PA	13.2	20
3404372	7460.GB50531-PA	13.2	14
3400764	7460.GB46772-PA	13.2	17
3400742	7460.GB46749-PA	13.1	29
3405646	7460.GB51867-PA	13.1	22
3400596	7460.GB46595-PA	13.1	6
3409180	7460.GB55572-PA	13.0	8
3401588	7460.GB47635-PA	13.0	41
3397524	7460.GB43358-PA	12.9	15
3405113	7460.GB51307-PA	12.9	4
3405069	7460.GB51262-PA	12.9	5
3402708	7460.GB48812-PA	12.9	24
3408548	7460.GB54914-PA	12.9	4
3403171	7460.GB49294-PA	12.8	9
3397143	7460.GB42963-PA	12.8	44
3404360	7460.GB50519-PA	12.7	9
3408056	7460.GB54391-PA	12.7	24
3400898	7460.GB46915-PA	12.7	17
3396499	7460.GB42298-PA	12.7	19
3402754	7460.GB48859-PA	12.6	22
3404587	7460.GB50749-PA	12.6	62
3401995	7460.GB48064-PA	12.5	12
3403814	7460.GB49956-PA	12.5	12
3399519	7460.GB45476-PA	12.5	7
3409100	7460.GB55489-PA	12.4	34
3409299	7460.GB55692-PA	12.4	11
3409126	7460.GB55515-PA	12.3	11
3402222	7460.GB48299-PA	12.3	4
3409403	7460.GB55805-PA	12.3	18
3401311	7460.GB47349-PA	12.3	20
3406510	7460.GB52775-PA	12.3	19
3400582	7460.GB46581-PA	12.3	4
3394745	7460.GB40448-PA	12.2	1
3394930	7460.GB40647-PA	12.2	15
3395388	7460.GB41128-PA	12.1	18
3404138	7460.GB50290-PA	12.1	21
3407096	7460.GB53384-PA	12.1	38
3395467	7460.GB41211-PA	12.0	28
3402075	7460.GB48148-PA	12.0	8
3403731	7460.GB49870-PA	11.9	28
3401977	7460.GB48044-PA	11.9	9
3402077	7460.GB48150-PA	11.9	15
3408739	7460.GB55109-PA	11.9	11
3397292	7460.GB43115-PA	11.9	3
3404714	7460.GB50885-PA	11.9	7
3399129	7460.GB45057-PA	11.9	6
3402688	7460.GB48791-PA	11.9	7
3394909	7460.GB40625-PA	11.8	11
3402592	7460.GB48687-PA	11.8	123
3403736	7460.GB49875-PA	11.7	16
3407625	7460.GB53943-PA	11.7	6
3396516	7460.GB42316-PA	11.7	13
3402256	7460.GB48333-PA	11.5	12
3409552	7460.GB55961-PA	11.5	3
3406917	7460.GB53201-PA	11.5	15
3398709	7460.GB44615-PA	11.5	31
3398698	7460.GB44604-PA	11.5	2
3394570	7460.GB40267-PA	11.4	16
3405233	7460.GB51432-PA	11.4	13
3402732	7460.GB48837-PA	11.4	20
3401400	7460.GB47441-PA	11.4	4
3395108	7460.GB40837-PA	11.4	14
3408009	7460.GB54342-PA	11.4	20
3400520	7460.GB46517-PA	11.3	2
3397700	7460.GB43549-PA	11.3	30
3408793	7460.GB55164-PA	11.2	49
3399183	7460.GB45113-PA	11.2	15
3403982	7460.GB50128-PA	11.2	25
3394637	7460.GB40335-PA	11.1	17
3402842	7460.GB48949-PA	11.1	48
3397218	7460.GB43039-PA	11.1	23
3405529	7460.GB51740-PA	11.1	6
3401453	7460.GB47495-PA	11.1	28
3406970	7460.GB53256-PA	11.0	11
3395892	7460.GB41664-PA	11.0	5
3396665	7460.GB42467-PA	11.0	15
3405585	7460.GB51798-PA	10.9	32
3396980	7460.GB42800-PA	10.9	17
3397283	7460.GB43105-PA	10.9	21
3408118	7460.GB54460-PA	10.9	33
3409151	7460.GB55542-PA	10.9	3
3397951	7460.GB43808-PA	10.9	9
3409578	7460.GB55987-PA	10.9	16
3401895	7460.GB47956-PA	10.8	2
3394651	7460.GB40349-PA	10.8	17
3396811	7460.GB42621-PA	10.8	10
3407023	7460.GB53310-PA	10.8	26
3406537	7460.GB52803-PA	10.8	5
3398810	7460.GB44718-PA	10.6	16
3403821	7460.GB49963-PA	10.6	22
3405022	7460.GB51215-PA	10.6	59
3401613	7460.GB47664-PA	10.6	3
3394698	7460.GB40399-PA	10.5	10
3405569	7460.GB51782-PA	10.5	53
3396164	7460.GB41945-PA	10.4	12
3403454	7460.GB49584-PA	10.4	32
3408493	7460.GB54856-PA	10.4	10
3396167	7460.GB41948-PA	10.4	8
3400375	7460.GB46361-PA	10.4	5
3396031	7460.GB41809-PA	10.3	6
3395695	7460.GB41454-PA	10.3	59
3400390	7460.GB46376-PA	10.3	15
3398592	7460.GB44492-PA	10.3	12
3400116	7460.GB46095-PA	10.3	47
3396165	7460.GB41946-PA	10.2	8
3403027	7460.GB49146-PA	10.2	31
3402552	7460.GB48646-PA	10.1	7
3408156	7460.GB54500-PA	10.1	12
3397302	7460.GB43125-PA	10.1	31
3404521	7460.GB50683-PA	10.1	35
3395233	7460.GB40969-PA	10.1	9
3406990	7460.GB53276-PA	10.1	12
3409590	7460.GB55999-PA	10.1	14
3409529	7460.GB55938-PA	10.0	3
3408791	7460.GB55162-PA	10.0	7
3403746	7460.GB49885-PA	9.92	28
3400265	7460.GB46250-PA	9.92	11
3398533	7460.GB44429-PA	9.87	29
3399990	7460.GB45960-PA	9.84	6
3396016	7460.GB41793-PA	9.82	8
3396981	7460.GB42801-PA	9.77	16
3404350	7460.GB50508-PA	9.76	135
3396440	7460.GB42233-PA	9.75	14
3407451	7460.GB53760-PA	9.74	35
3396889	7460.GB42702-PA	9.7	10
3406404	7460.GB52662-PA	9.69	9
3397830	7460.GB43683-PA	9.68	5
3402694	7460.GB48797-PA	9.68	6
3405717	7460.GB51943-PA	9.67	1
3399393	7460.GB45340-PA	9.61	25
3406468	7460.GB52729-PA	9.6	27
3397721	7460.GB43572-PA	9.6	75
3400305	7460.GB46290-PA	9.52	20
3407730	7460.GB54051-PA	9.48	16
3403912	7460.GB50057-PA	9.46	20
3398009	7460.GB43869-PA	9.45	7
3403747	7460.GB49886-PA	9.39	25
3395950	7460.GB41725-PA	9.35	4
3397293	7460.GB43116-PA	9.31	5
3403369	7460.GB49498-PA	9.28	17
3395949	7460.GB41724-PA	9.26	12
3394599	7460.GB40297-PA	9.26	5
3401108	7460.GB47137-PA	9.26	4
3409088	7460.GB55477-PA	9.22	11
3395926	7460.GB41701-PA	9.2	23
3402334	7460.GB48414-PA	9.2	5
3401171	7460.GB47200-PA	9.19	12
3404128	7460.GB50279-PA	9.15	14
3394531	7460.GB40225-PA	9.13	71
3404439	7460.GB50600-PA	9.12	9
3397607	7460.GB43448-PA	9.09	26
3398171	7460.GB44045-PA	9.07	18
3400702	7460.GB46707-PA	9.06	4
3405669	7460.GB51893-PA	9.06	20
3404982	7460.GB51174-PA	9.05	15
3402227	7460.GB48304-PA	9.05	13
3407887	7460.GB54214-PA	9.05	33
3399176	7460.GB45105-PA	9.03	12
3401748	7460.GB47805-PA	9.01	9
3399066	7460.GB44991-PA	8.99	5
3409025	7460.GB55408-PA	8.95	9
3406648	7460.GB52920-PA	8.9	15
3402042	7460.GB48112-PA	8.87	10
3397029	7460.GB42849-PA	8.87	42
3407831	7460.GB54156-PA	8.81	21
3401085	7460.GB47114-PA	8.8	20
3403674	7460.GB49813-PA	8.78	11
3396512	7460.GB42312-PA	8.72	14
3397669	7460.GB43513-PA	8.72	15
3397374	7460.GB43203-PA	8.7	41
3408089	7460.GB54425-PA	8.67	42
3407969	7460.GB54300-PA	8.67	5
3405338	7460.GB51539-PA	8.64	5
3409555	7460.GB55964-PA	8.62	2
3401529	7460.GB47572-PA	8.6	64
3404760	7460.GB50937-PA	8.57	3
3406437	7460.GB52696-PA	8.54	10
3396047	7460.GB41825-PA	8.49	29
3394613	7460.GB40311-PA	8.48	5
3403035	7460.GB49155-PA	8.48	17
3407120	7460.GB53408-PA	8.47	40
3403112	7460.GB49234-PA	8.45	2
3397469	7460.GB43302-PA	8.39	13
3404613	7460.GB50778-PA	8.38	2
3405374	7460.GB51579-PA	8.37	3
3406976	7460.GB53262-PA	8.3	12
3402820	7460.GB48926-PA	8.29	8
3401408	7460.GB47450-PA	8.29	24
3397996	7460.GB43855-PA	8.29	30
3404236	7460.GB50389-PA	8.22	4
3394611	7460.GB40309-PA	8.2	8
3401068	7460.GB47097-PA	8.16	9
3407459	7460.GB53770-PA	8.14	4
3395799	7460.GB41569-PA	8.12	12
3408191	7460.GB54538-PA	8.08	60
3394939	7460.GB40656-PA	8.05	11
3407047	7460.GB53334-PA	7.98	9
3406429	7460.GB52688-PA	7.97	2
3405285	7460.GB51484-PA	7.93	7
3397132	7460.GB42952-PA	7.92	7
3400881	7460.GB46896-PA	7.92	5
3398340	7460.GB44219-PA	7.91	11
3396885	7460.GB42698-PA	7.9	6
3407566	7460.GB53882-PA	7.89	5
3407538	7460.GB53853-PA	7.89	8
3409006	7460.GB55389-PA	7.88	17
3397038	7460.GB42858-PA	7.87	9
3405428	7460.GB51634-PA	7.85	20
3406247	7460.GB52500-PA	7.85	9
3402128	7460.GB48202-PA	7.81	3
3400727	7460.GB46734-PA	7.8	3
3404569	7460.GB50731-PA	7.75	5
3408418	7460.GB54777-PA	7.74	32
3395091	7460.GB40816-PA	7.72	25
3396089	7460.GB41869-PA	7.71	26
3404275	7460.GB50429-PA	7.69	8
3400361	7460.GB46347-PA	7.68	27
3395010	7460.GB40730-PA	7.68	7
3400326	7460.GB46311-PA	7.68	1
3407892	7460.GB54219-PA	7.66	30
3403504	7460.GB49637-PA	7.59	12
3397051	7460.GB42871-PA	7.56	4
3407097	7460.GB53385-PA	7.56	15
3408573	7460.GB54940-PA	7.56	5
3402810	7460.GB48916-PA	7.55	3
3396004	7460.GB41779-PA	7.52	7
3406784	7460.GB53060-PA	7.52	19
3407917	7460.GB54244-PA	7.52	12
3408271	7460.GB54622-PA	7.51	24
3395590	7460.GB41343-PA	7.51	14
3397054	7460.GB42874-PA	7.5	24
3396352	7460.GB42143-PA	7.5	15
3406482	7460.GB52744-PA	7.46	17
3401618	7460.GB47669-PA	7.44	17
3404060	7460.GB50210-PA	7.43	4
3396732	7460.GB42540-PA	7.42	2
3403273	7460.GB49399-PA	7.41	16
3403917	7460.GB50062-PA	7.41	10
3407786	7460.GB54109-PA	7.39	26
3409001	7460.GB55383-PA	7.39	10
3397580	7460.GB43417-PA	7.37	6
3400617	7460.GB46618-PA	7.32	43
3406083	7460.GB52326-PA	7.29	3
3399691	7460.GB45654-PA	7.27	14
3407399	7460.GB53706-PA	7.27	16
3399956	7460.GB45923-PA	7.25	12
3405034	7460.GB51227-PA	7.21	27
3407924	7460.GB54251-PA	7.18	6
3405688	7460.GB51913-PA	7.18	7
3404466	7460.GB50627-PA	7.16	18
3404930	7460.GB51115-PA	7.15	12
3404767	7460.GB50944-PA	7.14	8
3401281	7460.GB47318-PA	7.14	1
3396973	7460.GB42793-PA	7.11	6
3402726	7460.GB48831-PA	7.11	3
3399520	7460.GB45477-PA	7.09	3
3401454	7460.GB47496-PA	7.02	9
3399987	7460.GB45956-PA	7.01	3
3398048	7460.GB43912-PA	7.0	18
3397059	7460.GB42879-PA	6.95	8
3401915	7460.GB47977-PA	6.95	601
3399976	7460.GB45945-PA	6.93	4
3408591	7460.GB54958-PA	6.92	8
3404052	7460.GB50202-PA	6.91	11
3403406	7460.GB49535-PA	6.9	12
3407534	7460.GB53848-PA	6.88	14
3400505	7460.GB46502-PA	6.88	4
3406210	7460.GB52455-PA	6.85	6
3396136	7460.GB41917-PA	6.83	11
3409066	7460.GB55453-PA	6.75	12
3406440	7460.GB52700-PA	6.75	9
3402325	7460.GB48405-PA	6.73	9
3404019	7460.GB50167-PA	6.73	6
3401495	7460.GB47538-PA	6.71	4
3398624	7460.GB44526-PA	6.68	20
3395154	7460.GB40886-PA	6.68	9
3408777	7460.GB55148-PA	6.66	21
3404129	7460.GB50280-PA	6.65	14
3403206	7460.GB49331-PA	6.61	7
3408842	7460.GB55217-PA	6.61	54
3394591	7460.GB40289-PA	6.56	6
3403650	7460.GB49789-PA	6.52	14
3396481	7460.GB42280-PA	6.5	5
3402083	7460.GB48156-PA	6.5	18
3395466	7460.GB41210-PA	6.46	4
3408850	7460.GB55226-PA	6.44	12
3396762	7460.GB42571-PA	6.44	12
3402167	7460.GB48243-PA	6.43	18
3408562	7460.GB54929-PA	6.43	13
3401233	7460.GB47266-PA	6.42	1
3409534	7460.GB55943-PA	6.41	16
3399637	7460.GB45596-PA	6.38	7
3396383	7460.GB42175-PA	6.37	5
3395391	7460.GB41131-PA	6.37	12
3406190	7460.GB52435-PA	6.37	24
3405468	7460.GB51675-PA	6.37	9
3396655	7460.GB42457-PA	6.34	14
3395430	7460.GB41171-PA	6.31	11
3402557	7460.GB48652-PA	6.29	5
3395526	7460.GB41275-PA	6.27	9
3404029	7460.GB50179-PA	6.27	3
3407627	7460.GB53945-PA	6.23	4
3408648	7460.GB55016-PA	6.2	9
3403733	7460.GB49872-PA	6.18	49
3404796	7460.GB50975-PA	6.16	15
3399496	7460.GB45449-PA	6.15	5
3400159	7460.GB46141-PA	6.14	7
3404996	7460.GB51189-PA	6.13	23
3405601	7460.GB51815-PA	6.13	30
3400438	7460.GB46429-PA	6.12	26
3404921	7460.GB51106-PA	6.1	5
3396400	7460.GB42193-PA	6.09	6
3400328	7460.GB46313-PA	6.05	2
3396843	7460.GB42654-PA	6.04	9
3400431	7460.GB46422-PA	6.03	9
3408589	7460.GB54956-PA	6.0	5
3398134	7460.GB44005-PA	6.0	4
3397174	7460.GB42995-PA	5.98	3
3399314	7460.GB45253-PA	5.95	6
3405204	7460.GB51400-PA	5.95	19
3394382	7460.GB40072-PA	5.93	13
3396129	7460.GB41910-PA	5.93	12
3405938	7460.GB52174-PA	5.91	12
3408826	7460.GB55201-PA	5.9	10
3395129	7460.GB40861-PA	5.89	6
3394803	7460.GB40514-PA	5.89	2
3406762	7460.GB53037-PA	5.88	1
3399737	7460.GB45701-PA	5.87	9
3395482	7460.GB41227-PA	5.87	9
3394918	7460.GB40635-PA	5.86	6
3401509	7460.GB47552-PA	5.85	5
3409520	7460.GB55929-PA	5.85	7
3402129	7460.GB48203-PA	5.8	43
3399539	7460.GB45497-PA	5.8	15
3400196	7460.GB46179-PA	5.73	2
3401563	7460.GB47608-PA	5.73	11
3400653	7460.GB46655-PA	5.72	5
3409494	7460.GB55902-PA	5.7	9
3395586	7460.GB41339-PA	5.7	9
3408707	7460.GB55077-PA	5.69	4
3407114	7460.GB53402-PA	5.66	5
3409174	7460.GB55566-PA	5.63	6
3398298	7460.GB44175-PA	5.62	19
3398676	7460.GB44581-PA	5.59	14
3398155	7460.GB44028-PA	5.58	23
3399455	7460.GB45404-PA	5.57	7
3394862	7460.GB40577-PA	5.57	14
3400537	7460.GB46534-PA	5.56	10
3395487	7460.GB41233-PA	5.54	25
3404482	7460.GB50643-PA	5.54	10
3404822	7460.GB51003-PA	5.54	5
3405383	7460.GB51588-PA	5.53	7
3394448	7460.GB40139-PA	5.51	7
3407936	7460.GB54263-PA	5.49	18
3408551	7460.GB54918-PA	5.49	11
3408346	7460.GB54701-PA	5.48	3
3404207	7460.GB50360-PA	5.48	8
3398077	7460.GB43942-PA	5.47	10
3396626	7460.GB42428-PA	5.47	10
3406813	7460.GB53090-PA	5.47	8
3402144	7460.GB48219-PA	5.47	4
3407025	7460.GB53312-PA	5.46	5
3404398	7460.GB50558-PA	5.45	6
3398957	7460.GB44877-PA	5.45	6
3403198	7460.GB49323-PA	5.44	7
3405953	7460.GB52190-PA	5.41	8
3404516	7460.GB50678-PA	5.41	11
3396960	7460.GB42779-PA	5.4	9
3406757	7460.GB53032-PA	5.39	2
3405148	7460.GB51342-PA	5.39	7
3406709	7460.GB52983-PA	5.39	16
3402098	7460.GB48172-PA	5.39	6
3403120	7460.GB49242-PA	5.38	11
3404137	7460.GB50289-PA	5.38	11
3398328	7460.GB44206-PA	5.38	2
3403330	7460.GB49456-PA	5.37	19
3409012	7460.GB55395-PA	5.35	3
3403737	7460.GB49876-PA	5.34	26
3404420	7460.GB50580-PA	5.33	6
3399527	7460.GB45484-PA	5.33	8
3397318	7460.GB43141-PA	5.32	14
3395261	7460.GB40997-PA	5.29	6
3399206	7460.GB45141-PA	5.28	2
3402787	7460.GB48893-PA	5.26	1
3403555	7460.GB49688-PA	5.25	18
3394610	7460.GB40308-PA	5.25	7
3404259	7460.GB50413-PA	5.24	12
3395080	7460.GB40804-PA	5.23	14
3397858	7460.GB43712-PA	5.23	3
3408318	7460.GB54672-PA	5.22	5
3407967	7460.GB54298-PA	5.21	4
3394773	7460.GB40480-PA	5.18	11
3400348	7460.GB46334-PA	5.17	9
3405591	7460.GB51805-PA	5.16	6
3395494	7460.GB41240-PA	5.16	3
3400691	7460.GB46696-PA	5.15	21
3403687	7460.GB49826-PA	5.15	12
3395279	7460.GB41015-PA	5.15	2
3402216	7460.GB48293-PA	5.14	3
3399864	7460.GB45829-PA	5.12	13
3397362	7460.GB43191-PA	5.1	11
3403787	7460.GB49929-PA	5.08	60
3408759	7460.GB55130-PA	5.08	6
3400117	7460.GB46096-PA	5.07	20
3407733	7460.GB54054-PA	5.07	17
3401508	7460.GB47551-PA	5.06	17
3401070	7460.GB47099-PA	5.05	2
3403691	7460.GB49830-PA	5.04	2
3402978	7460.GB49095-PA	5.04	2
3400523	7460.GB46520-PA	5.03	8
3396906	7460.GB42724-PA	4.98	10
3400963	7460.GB46986-PA	4.98	8
3407464	7460.GB53775-PA	4.98	6
3407002	7460.GB53288-PA	4.95	6
3404021	7460.GB50170-PA	4.91	15
3408186	7460.GB54532-PA	4.89	4
3397623	7460.GB43466-PA	4.89	7
3400414	7460.GB46404-PA	4.88	4
3401080	7460.GB47109-PA	4.87	4
3407841	7460.GB54166-PA	4.86	4
3400889	7460.GB46906-PA	4.83	3
3396954	7460.GB42773-PA	4.81	31
3408565	7460.GB54932-PA	4.8	9
3404407	7460.GB50567-PA	4.8	5
3404379	7460.GB50538-PA	4.77	24
3407267	7460.GB53565-PA	4.77	13
3399960	7460.GB45927-PA	4.76	18
3407963	7460.GB54294-PA	4.75	7
3403867	7460.GB50012-PA	4.73	2
3400325	7460.GB46310-PA	4.72	2
3403753	7460.GB49892-PA	4.7	17
3401239	7460.GB47272-PA	4.7	5
3398474	7460.GB44368-PA	4.68	11
3408633	7460.GB55001-PA	4.64	5
3405418	7460.GB51624-PA	4.62	3
3400436	7460.GB46427-PA	4.61	8
3396077	7460.GB41856-PA	4.58	10
3401865	7460.GB47925-PA	4.58	16
3406183	7460.GB52428-PA	4.56	3
3408617	7460.GB54984-PA	4.54	3
3403045	7460.GB49165-PA	4.54	2
3395997	7460.GB41772-PA	4.54	4
3401561	7460.GB47606-PA	4.52	4
3405922	7460.GB52158-PA	4.52	14
3403956	7460.GB50101-PA	4.5	11
3402575	7460.GB48670-PA	4.49	8
3395936	7460.GB41711-PA	4.48	3
3395302	7460.GB41038-PA	4.48	34
3400446	7460.GB46437-PA	4.46	2
3406739	7460.GB53014-PA	4.45	9
3407397	7460.GB53703-PA	4.45	1
3398528	7460.GB44424-PA	4.45	3
3396008	7460.GB41783-PA	4.39	3
3398440	7460.GB44334-PA	4.39	7
3402750	7460.GB48855-PA	4.38	5
3399216	7460.GB45151-PA	4.35	8
3399894	7460.GB45860-PA	4.33	11
3397663	7460.GB43507-PA	4.32	6
3402121	7460.GB48195-PA	4.32	7
3398119	7460.GB43990-PA	4.31	4
3398613	7460.GB44514-PA	4.3	4
3404046	7460.GB50196-PA	4.29	3
3397958	7460.GB43815-PA	4.26	2
3402328	7460.GB48408-PA	4.25	4
3403797	7460.GB49939-PA	4.25	8
3396515	7460.GB42315-PA	4.25	5
3398145	7460.GB44016-PA	4.22	3
3402598	7460.GB48693-PA	4.21	43
3404133	7460.GB50284-PA	4.2	2
3406744	7460.GB53019-PA	4.19	3
3405217	7460.GB51414-PA	4.18	6
3398279	7460.GB44156-PA	4.17	15
3402445	7460.GB48533-PA	4.15	7
3406065	7460.GB52308-PA	4.13	7
3397454	7460.GB43285-PA	4.12	6
3409568	7460.GB55977-PA	4.1	2
3395112	7460.GB40842-PA	4.09	8
3404151	7460.GB50303-PA	4.08	14
3404182	7460.GB50334-PA	4.08	8
3400002	7460.GB45973-PA	4.07	9
3401316	7460.GB47355-PA	4.07	1
3403049	7460.GB49169-PA	4.06	10
3398097	7460.GB43964-PA	4.06	5
3405290	7460.GB51489-PA	4.03	6
3395707	7460.GB41466-PA	4.02	5
3407933	7460.GB54260-PA	4.01	14
3403752	7460.GB49891-PA	3.99	16
3404797	7460.GB50976-PA	3.98	4
3405774	7460.GB52008-PA	3.96	16
3406578	7460.GB52849-PA	3.96	17
3398404	7460.GB44297-PA	3.96	4
3407088	7460.GB53375-PA	3.96	4
3400634	7460.GB46635-PA	3.94	5
3399235	7460.GB45171-PA	3.94	2
3402286	7460.GB48364-PA	3.93	6
3400728	7460.GB46735-PA	3.93	9
3396750	7460.GB42559-PA	3.91	10
3404146	7460.GB50298-PA	3.91	11
3409077	7460.GB55466-PA	3.91	10
3407620	7460.GB53938-PA	3.91	2
3403880	7460.GB50025-PA	3.9	4
3406758	7460.GB53033-PA	3.89	6
3408127	7460.GB54469-PA	3.88	2
3399714	7460.GB45678-PA	3.87	6
3408712	7460.GB55082-PA	3.86	3
3406260	7460.GB52513-PA	3.85	1
3395149	7460.GB40881-PA	3.85	2
3398375	7460.GB44262-PA	3.85	81
3403624	7460.GB49762-PA	3.85	7
3396840	7460.GB42651-PA	3.83	12
3407427	7460.GB53736-PA	3.83	44
3406593	7460.GB52864-PA	3.82	4
3399190	7460.GB45122-PA	3.82	2
3395818	7460.GB41588-PA	3.81	3
3400629	7460.GB46630-PA	3.79	10
3404700	7460.GB50869-PA	3.79	7
3409220	7460.GB55612-PA	3.78	4
3401086	7460.GB47115-PA	3.77	2
3408623	7460.GB54990-PA	3.76	8
3398930	7460.GB44849-PA	3.76	1
3408799	7460.GB55171-PA	3.74	4
3399703	7460.GB45666-PA	3.71	8
3400655	7460.GB46657-PA	3.69	6
3399796	7460.GB45760-PA	3.69	13
3397284	7460.GB43106-PA	3.68	4
3409291	7460.GB55684-PA	3.66	2
3396688	7460.GB42493-PA	3.62	15
3401264	7460.GB47300-PA	3.61	20
3408618	7460.GB54985-PA	3.61	2
3396216	7460.GB42000-PA	3.61	6
3401837	7460.GB47896-PA	3.56	1
3406792	7460.GB53068-PA	3.56	6
3406622	7460.GB52893-PA	3.55	8
3406583	7460.GB52854-PA	3.52	5
3401384	7460.GB47425-PA	3.52	7
3403894	7460.GB50039-PA	3.51	15
3401928	7460.GB47991-PA	3.5	2
3400732	7460.GB46739-PA	3.5	15
3404938	7460.GB51123-PA	3.5	4
3402713	7460.GB48817-PA	3.5	6
3396908	7460.GB42726-PA	3.5	3
3394542	7460.GB40238-PA	3.5	6
3400024	7460.GB45998-PA	3.48	10
3403028	7460.GB49147-PA	3.47	5
3404926	7460.GB51111-PA	3.46	15
3397873	7460.GB43728-PA	3.45	8
3403464	7460.GB49596-PA	3.44	6
3400777	7460.GB46785-PA	3.43	4
3405494	7460.GB51703-PA	3.43	42
3397349	7460.GB43177-PA	3.4	3
3398509	7460.GB44404-PA	3.39	6
3405902	7460.GB52138-PA	3.39	1
3407106	7460.GB53394-PA	3.38	5
3409117	7460.GB55506-PA	3.37	8
3400039	7460.GB46014-PA	3.37	7
3395158	7460.GB40890-PA	3.36	2
3402832	7460.GB48938-PA	3.34	16
3399726	7460.GB45690-PA	3.34	17
3394333	7460.GB40020-PA	3.34	8
3402273	7460.GB48350-PA	3.33	2
3409020	7460.GB55403-PA	3.31	7
3394966	7460.GB40684-PA	3.3	3
3395881	7460.GB41653-PA	3.3	5
3398567	7460.GB44464-PA	3.29	2
3394638	7460.GB40336-PA	3.28	6
3394664	7460.GB40362-PA	3.28	3
3407983	7460.GB54314-PA	3.27	4
3402853	7460.GB48961-PA	3.25	2
3396542	7460.GB42343-PA	3.24	4
3402034	7460.GB48103-PA	3.24	5
3394760	7460.GB40466-PA	3.22	8
3402792	7460.GB48898-PA	3.21	7
3401846	7460.GB47905-PA	3.21	4
3399062	7460.GB44987-PA	3.21	5
3398665	7460.GB44570-PA	3.2	16
3397141	7460.GB42961-PA	3.2	4
3409625	7460.GB56036-PA	3.19	2
3399885	7460.GB45851-PA	3.19	4
3409199	7460.GB55591-PA	3.19	29
3395781	7460.GB41547-PA	3.18	11
3408609	7460.GB54976-PA	3.17	4
3403331	7460.GB49457-PA	3.17	5
3402142	7460.GB48216-PA	3.16	1
3395367	7460.GB41105-PA	3.14	7
3406811	7460.GB53088-PA	3.13	7
3409033	7460.GB55419-PA	3.13	4
3408611	7460.GB54978-PA	3.13	5
3400663	7460.GB46668-PA	3.12	1
3402846	7460.GB48954-PA	3.11	1
3403842	7460.GB49987-PA	3.09	1
3394843	7460.GB40558-PA	3.08	5
3396884	7460.GB42697-PA	3.08	3
3404003	7460.GB50151-PA	3.08	1
3400272	7460.GB46257-PA	3.07	7
3408885	7460.GB55263-PA	3.07	6
3409523	7460.GB55932-PA	3.07	2
3404933	7460.GB51118-PA	3.05	2
3406397	7460.GB52655-PA	3.05	3
3394680	7460.GB40381-PA	3.04	2
3405232	7460.GB51431-PA	3.04	2
3397161	7460.GB42981-PA	3.04	8
3397653	7460.GB43497-PA	3.02	24
3394845	7460.GB40560-PA	3.02	3
3401307	7460.GB47345-PA	3.0	42
3395706	7460.GB41465-PA	3.0	6
3408990	7460.GB55372-PA	2.98	42
3402984	7460.GB49101-PA	2.98	42
3407226	7460.GB53518-PA	2.98	5
3396852	7460.GB42664-PA	2.97	28
3403964	7460.GB50109-PA	2.97	1
3397676	7460.GB43520-PA	2.95	7
3404993	7460.GB51186-PA	2.94	5
3396170	7460.GB41951-PA	2.94	1
3401900	7460.GB47962-PA	2.93	9
3395777	7460.GB41543-PA	2.92	3
3405795	7460.GB52029-PA	2.91	1
3401097	7460.GB47126-PA	2.91	2
3395760	7460.GB41525-PA	2.89	3
3407865	7460.GB54191-PA	2.88	2
3403165	7460.GB49287-PA	2.88	2
3396130	7460.GB41911-PA	2.85	5
3396673	7460.GB42477-PA	2.85	42
3399900	7460.GB45866-PA	2.85	5
3404455	7460.GB50616-PA	2.85	2
3399424	7460.GB45372-PA	2.85	5
3398635	7460.GB44537-PA	2.84	12
3404210	7460.GB50363-PA	2.84	1
3400484	7460.GB46479-PA	2.84	7
3401567	7460.GB47612-PA	2.83	1
3408966	7460.GB55348-PA	2.82	8
3403539	7460.GB49672-PA	2.8	5
3396116	7460.GB41897-PA	2.8	5
3398553	7460.GB44449-PA	2.77	6
3398525	7460.GB44421-PA	2.77	6
3396191	7460.GB41973-PA	2.77	2
3406052	7460.GB52294-PA	2.76	1
3398786	7460.GB44694-PA	2.76	42
3404774	7460.GB50952-PA	2.75	2
3404922	7460.GB51107-PA	2.74	4
3398611	7460.GB44512-PA	2.74	8
3401636	7460.GB47689-PA	2.74	4
3399688	7460.GB45651-PA	2.74	4
3396892	7460.GB42705-PA	2.73	1
3403806	7460.GB49948-PA	2.72	3
3400592	7460.GB46591-PA	2.72	1
3402970	7460.GB49085-PA	2.69	1
3404041	7460.GB50191-PA	2.69	4
3402185	7460.GB48261-PA	2.67	11
3408453	7460.GB54816-PA	2.67	2
3400892	7460.GB46909-PA	2.67	1
3401130	7460.GB47159-PA	2.66	3
3397002	7460.GB42822-PA	2.65	7
3404064	7460.GB50214-PA	2.64	6
3403844	7460.GB49989-PA	2.64	1
3395196	7460.GB40931-PA	2.63	6
3402173	7460.GB48249-PA	2.63	1
3406017	7460.GB52258-PA	2.62	2
3403581	7460.GB49716-PA	2.6	1
3409225	7460.GB55617-PA	2.58	4
3407934	7460.GB54261-PA	2.58	5
3409432	7460.GB55835-PA	2.57	1
3406074	7460.GB52317-PA	2.57	1
3401270	7460.GB47306-PA	2.55	8
3394395	7460.GB40085-PA	2.55	5
3401440	7460.GB47482-PA	2.54	2
3407371	7460.GB53674-PA	2.54	2
3407444	7460.GB53753-PA	2.54	7
3409347	7460.GB55747-PA	2.53	2
3409363	7460.GB55765-PA	2.53	7
3407958	7460.GB54288-PA	2.53	13
3403779	7460.GB49921-PA	2.53	14
3398803	7460.GB44711-PA	2.52	6
3397893	7460.GB43748-PA	2.52	2
3407140	7460.GB53430-PA	2.5	4
3403128	7460.GB49250-PA	2.49	3
3400787	7460.GB46795-PA	2.49	26
3401826	7460.GB47885-PA	2.47	6
3400735	7460.GB46742-PA	2.47	4
3409084	7460.GB55473-PA	2.46	1
3404166	7460.GB50318-PA	2.45	2
3400540	7460.GB46537-PA	2.44	4
3408914	7460.GB55295-PA	2.44	3
3398007	7460.GB43867-PA	2.44	4
3401890	7460.GB47951-PA	2.43	3
3397473	7460.GB43306-PA	2.42	1
3401277	7460.GB47314-PA	2.41	1
3399658	7460.GB45617-PA	2.41	4
3404347	7460.GB50505-PA	2.41	7
3397361	7460.GB43189-PA	2.4	14
3398667	7460.GB44572-PA	2.4	2
3406434	7460.GB52693-PA	2.39	2
3399017	7460.GB44939-PA	2.38	2
3405231	7460.GB51430-PA	2.38	1
3397096	7460.GB42916-PA	2.37	3
3408456	7460.GB54819-PA	2.37	3
3395658	7460.GB41417-PA	2.37	4
3399343	7460.GB45284-PA	2.36	10
3397851	7460.GB43705-PA	2.36	2
3407074	7460.GB53361-PA	2.34	3
3396097	7460.GB41877-PA	2.34	5
3402857	7460.GB48965-PA	2.34	1
3403973	7460.GB50118-PA	2.34	1
3405745	7460.GB51973-PA	2.34	4
3394360	7460.GB40047-PA	2.33	7
3403352	7460.GB49481-PA	2.32	5
3407932	7460.GB54259-PA	2.32	4
3397463	7460.GB43295-PA	2.32	4
3396696	7460.GB42501-PA	2.32	16
3404085	7460.GB50235-PA	2.32	4
3398548	7460.GB44444-PA	2.31	1
3400987	7460.GB47010-PA	2.31	3
3406410	7460.GB52668-PA	2.29	1
3401112	7460.GB47141-PA	2.29	4
3400641	7460.GB46642-PA	2.29	4
3408154	7460.GB54498-PA	2.29	3
3396741	7460.GB42550-PA	2.28	4
3407095	7460.GB53382-PA	2.28	2
3407009	7460.GB53296-PA	2.28	7
3394842	7460.GB40556-PA	2.28	4
3402902	7460.GB49012-PA	2.27	5
3409605	7460.GB56016-PA	2.27	2
3409570	7460.GB55979-PA	2.26	29
3407136	7460.GB53426-PA	2.25	3
3408492	7460.GB54855-PA	2.24	2
3395696	7460.GB41455-PA	2.23	8
3400832	7460.GB46842-PA	2.23	11
3397590	7460.GB43427-PA	2.23	4
3399210	7460.GB45145-PA	2.23	5
3399091	7460.GB45017-PA	2.22	4
3405303	7460.GB51502-PA	2.22	23
3399650	7460.GB45609-PA	2.22	4
3408086	7460.GB54422-PA	2.21	22
3396195	7460.GB41977-PA	2.2	4
3404580	7460.GB50742-PA	2.19	4
3404744	7460.GB50920-PA	2.19	3
3402426	7460.GB48511-PA	2.19	4
3396895	7460.GB42708-PA	2.18	8
3401614	7460.GB47665-PA	2.18	3
3407101	7460.GB53389-PA	2.18	6
3407010	7460.GB53297-PA	2.17	1
3395651	7460.GB41410-PA	2.16	3
3405163	7460.GB51358-PA	2.16	2
3399217	7460.GB45152-PA	2.16	5
3395027	7460.GB40748-PA	2.15	4
3400700	7460.GB46705-PA	2.15	46
3399748	7460.GB45712-PA	2.14	2
3408447	7460.GB54810-PA	2.14	1
3408238	7460.GB54585-PA	2.13	1
3407840	7460.GB54165-PA	2.13	5
3399315	7460.GB45254-PA	2.13	4
3401111	7460.GB47140-PA	2.13	2
3402695	7460.GB48798-PA	2.12	3
3404723	7460.GB50897-PA	2.11	5
3402745	7460.GB48850-PA	2.11	4
3399577	7460.GB45535-PA	2.11	3
3395247	7460.GB40983-PA	2.1	2
3406491	7460.GB52753-PA	2.1	1
3399985	7460.GB45954-PA	2.09	9
3394641	7460.GB40339-PA	2.09	3
3408043	7460.GB54376-PA	2.08	2
3399410	7460.GB45358-PA	2.07	1
3398150	7460.GB44021-PA	2.05	10
3408254	7460.GB54605-PA	2.05	2
3406889	7460.GB53173-PA	2.05	10
3399784	7460.GB45748-PA	2.04	11
3402653	7460.GB48750-PA	2.03	4
3409306	7460.GB55703-PA	2.02	3
3399690	7460.GB45653-PA	2.0	1
3400499	7460.GB46494-PA	1.98	2
3409310	7460.GB55707-PA	1.97	2
3396257	7460.GB42043-PA	1.96	9
3401554	7460.GB47599-PA	1.95	4
3402747	7460.GB48852-PA	1.94	2
3405429	7460.GB51635-PA	1.93	1
3403140	7460.GB49262-PA	1.93	3
3402761	7460.GB48866-PA	1.93	2
3397393	7460.GB43222-PA	1.92	2
3396566	7460.GB42367-PA	1.92	4
3404918	7460.GB51103-PA	1.92	3
3400957	7460.GB46980-PA	1.92	3
3398314	7460.GB44192-PA	1.92	3
3400217	7460.GB46201-PA	1.91	2
3394321	7460.GB40008-PA	1.91	17
3404026	7460.GB50175-PA	1.9	3
3400453	7460.GB46444-PA	1.88	2
3403441	7460.GB49571-PA	1.88	3
3394327	7460.GB40014-PA	1.88	8
3403734	7460.GB49873-PA	1.88	4
3399249	7460.GB45185-PA	1.87	4
3408645	7460.GB55013-PA	1.87	1
3397602	7460.GB43442-PA	1.86	1
3405064	7460.GB51257-PA	1.86	6
3403767	7460.GB49908-PA	1.86	5
3400586	7460.GB46585-PA	1.85	1
3404802	7460.GB50981-PA	1.84	2
3406264	7460.GB52517-PA	1.84	2
3406220	7460.GB52465-PA	1.84	3
3402236	7460.GB48313-PA	1.83	4
3400619	7460.GB46620-PA	1.81	9
3403346	7460.GB49475-PA	1.81	1
3404745	7460.GB50921-PA	1.8	6
3403870	7460.GB50015-PA	1.79	4
3409258	7460.GB55650-PA	1.79	38
3408847	7460.GB55223-PA	1.78	5
3408011	7460.GB54344-PA	1.78	1
3395540	7460.GB41289-PA	1.78	1
3399440	7460.GB45389-PA	1.77	8
3403324	7460.GB49450-PA	1.77	1
3400246	7460.GB46231-PA	1.77	5
3408091	7460.GB54427-PA	1.76	4
3404758	7460.GB50935-PA	1.76	4
3402806	7460.GB48912-PA	1.75	2
3399866	7460.GB45831-PA	1.75	3
3404513	7460.GB50675-PA	1.75	3
3406025	7460.GB52266-PA	1.74	10
3400524	7460.GB46521-PA	1.74	4
3395531	7460.GB41280-PA	1.74	4
3398039	7460.GB43902-PA	1.73	2
3408335	7460.GB54690-PA	1.73	1
3396962	7460.GB42781-PA	1.73	9
3400891	7460.GB46908-PA	1.73	6
3395605	7460.GB41362-PA	1.72	1
3401606	7460.GB47657-PA	1.72	2
3396478	7460.GB42277-PA	1.71	25
3396709	7460.GB42515-PA	1.71	4
3401766	7460.GB47823-PA	1.7	1
3398472	7460.GB44366-PA	1.7	9
3401204	7460.GB47236-PA	1.69	3
3400043	7460.GB46018-PA	1.68	1
3399899	7460.GB45865-PA	1.67	1
3399998	7460.GB45969-PA	1.67	2
3399869	7460.GB45834-PA	1.67	5
3406906	7460.GB53190-PA	1.66	3
3397294	7460.GB43117-PA	1.66	2
3407762	7460.GB54084-PA	1.66	1
3401340	7460.GB47380-PA	1.66	1
3407763	7460.GB54085-PA	1.66	1
3401461	7460.GB47504-PA	1.66	1
3401444	7460.GB47486-PA	1.66	1
3399702	7460.GB45665-PA	1.66	10
3396480	7460.GB42279-PA	1.65	25
3401457	7460.GB47499-PA	1.64	4
3403375	7460.GB49504-PA	1.64	2
3396579	7460.GB42381-PA	1.63	1
3408170	7460.GB54516-PA	1.63	4
3399111	7460.GB45039-PA	1.63	1
3408050	7460.GB54385-PA	1.63	1
3402837	7460.GB48944-PA	1.61	2
3399327	7460.GB45266-PA	1.6	11
3399194	7460.GB45127-PA	1.6	4
3394787	7460.GB40498-PA	1.59	27
3401004	7460.GB47030-PA	1.59	2
3406915	7460.GB53199-PA	1.58	3
3397670	7460.GB43514-PA	1.58	3
3404318	7460.GB50474-PA	1.58	4
3407713	7460.GB54033-PA	1.57	2
3397541	7460.GB43376-PA	1.57	1
3406844	7460.GB53124-PA	1.57	2
3398834	7460.GB44747-PA	1.57	3
3404490	7460.GB50651-PA	1.55	2
3407316	7460.GB53617-PA	1.55	4
3404441	7460.GB50602-PA	1.54	2
3403936	7460.GB50081-PA	1.54	1
3404749	7460.GB50925-PA	1.53	2
3398502	7460.GB44397-PA	1.53	1
3408110	7460.GB54451-PA	1.53	2
3402549	7460.GB48643-PA	1.52	3
3404286	7460.GB50441-PA	1.51	3
3398656	7460.GB44558-PA	1.51	2
3397929	7460.GB43784-PA	1.5	2
3394622	7460.GB40320-PA	1.5	3
3404834	7460.GB51015-PA	1.5	4
3400089	7460.GB46067-PA	1.5	1
3409210	7460.GB55602-PA	1.49	4
3394931	7460.GB40648-PA	1.49	4
3408935	7460.GB55317-PA	1.49	2
3408038	7460.GB54371-PA	1.49	2
3394998	7460.GB40716-PA	1.48	2
3397771	7460.GB43623-PA	1.48	25
3399412	7460.GB45360-PA	1.48	6
3409236	7460.GB55628-PA	1.47	1
3408523	7460.GB54888-PA	1.46	2
3400207	7460.GB46190-PA	1.46	1
3407815	7460.GB54140-PA	1.46	3
3407424	7460.GB53732-PA	1.46	4
3397434	7460.GB43265-PA	1.46	1
3404452	7460.GB50613-PA	1.46	1
3399444	7460.GB45393-PA	1.45	1
3405762	7460.GB51995-PA	1.45	2
3402707	7460.GB48811-PA	1.45	26
3401241	7460.GB47274-PA	1.43	1
3399771	7460.GB45735-PA	1.43	2
3402966	7460.GB49081-PA	1.43	4
3400140	7460.GB46119-PA	1.43	4
3408629	7460.GB54997-PA	1.43	2
3400457	7460.GB46449-PA	1.43	3
3407805	7460.GB54129-PA	1.43	1
3404078	7460.GB50228-PA	1.42	2
3399559	7460.GB45517-PA	1.41	5
3401524	7460.GB47567-PA	1.4	3
3403937	7460.GB50082-PA	1.4	1
3399478	7460.GB45431-PA	1.38	1
3397632	7460.GB43476-PA	1.38	5
3401273	7460.GB47309-PA	1.37	12
3394744	7460.GB40447-PA	1.37	1
3400943	7460.GB46966-PA	1.36	3
3403614	7460.GB49750-PA	1.36	3
3403275	7460.GB49401-PA	1.36	3
3395820	7460.GB41590-PA	1.36	2
3404792	7460.GB50971-PA	1.35	5
3400626	7460.GB46627-PA	1.34	5
3403885	7460.GB50030-PA	1.34	3
3408775	7460.GB55146-PA	1.34	4
3408166	7460.GB54511-PA	1.34	25
3408828	7460.GB55203-PA	1.34	3
3403225	7460.GB49350-PA	1.34	3
3407619	7460.GB53937-PA	1.33	7
3401776	7460.GB47833-PA	1.33	1
3401579	7460.GB47626-PA	1.32	4
3395098	7460.GB40823-PA	1.3	6
3405268	7460.GB51467-PA	1.3	2
3405542	7460.GB51753-PA	1.28	2
3402507	7460.GB48600-PA	1.28	3
3396802	7460.GB42612-PA	1.27	1
3405407	7460.GB51613-PA	1.27	4
3395132	7460.GB40864-PA	1.26	1
3404069	7460.GB50219-PA	1.26	6
3406517	7460.GB52783-PA	1.25	1
3403531	7460.GB49664-PA	1.25	1
3400382	7460.GB46368-PA	1.25	1
3397773	7460.GB43625-PA	1.24	2
3405436	7460.GB51642-PA	1.24	4
3404071	7460.GB50221-PA	1.24	2
3409594	7460.GB56004-PA	1.24	2
3406078	7460.GB52321-PA	1.24	4
3394590	7460.GB40288-PA	1.24	14
3408053	7460.GB54388-PA	1.23	1
3396377	7460.GB42169-PA	1.23	18
3404470	7460.GB50631-PA	1.22	1
3398414	7460.GB44307-PA	1.21	6
3395468	7460.GB41212-PA	1.21	2
3395508	7460.GB41257-PA	1.2	2
3396961	7460.GB42780-PA	1.2	1
3405484	7460.GB51693-PA	1.2	6
3402333	7460.GB48413-PA	1.19	2
3396121	7460.GB41902-PA	1.18	2
3395130	7460.GB40862-PA	1.18	1
3403988	7460.GB50135-PA	1.16	2
3405825	7460.GB52060-PA	1.16	2
3401945	7460.GB48009-PA	1.15	1
3405998	7460.GB52239-PA	1.15	14
3403184	7460.GB49307-PA	1.14	2
3407935	7460.GB54262-PA	1.14	2
3409095	7460.GB55484-PA	1.14	2
3409408	7460.GB55811-PA	1.14	4
3395922	7460.GB41697-PA	1.13	1
3398704	7460.GB44610-PA	1.13	3
3403893	7460.GB50038-PA	1.12	4
3406077	7460.GB52320-PA	1.12	1
3395495	7460.GB41241-PA	1.12	4
3402673	7460.GB48776-PA	1.11	2
3405438	7460.GB51644-PA	1.11	2
3407393	7460.GB53699-PA	1.09	1
3408106	7460.GB54447-PA	1.08	1
3403818	7460.GB49960-PA	1.08	1
3402450	7460.GB48538-PA	1.08	1
3408952	7460.GB55334-PA	1.08	2
3404008	7460.GB50156-PA	1.08	5
3398275	7460.GB44152-PA	1.08	1
3409103	7460.GB55492-PA	1.08	3
3406412	7460.GB52670-PA	1.07	1
3395823	7460.GB41593-PA	1.07	2
3398714	7460.GB44621-PA	1.07	2
3396378	7460.GB42170-PA	1.07	13
3404002	7460.GB50150-PA	1.06	2
3403287	7460.GB49413-PA	1.05	1
3398267	7460.GB44144-PA	1.05	2
3399853	7460.GB45818-PA	1.04	2
3405305	7460.GB51504-PA	1.03	1
3400233	7460.GB46218-PA	1.03	1
3397947	7460.GB43802-PA	1.03	1
3402648	7460.GB48745-PA	1.03	3
3407129	7460.GB53418-PA	1.03	1
3397896	7460.GB43751-PA	1.02	2
3402057	7460.GB48129-PA	1.02	1
3403294	7460.GB49420-PA	1.01	1
3400059	7460.GB46035-PA	1.01	3
3399332	7460.GB45272-PA	1.01	4
3400616	7460.GB46617-PA	1.01	1
3394767	7460.GB40473-PA	0.998	1
3403802	7460.GB49944-PA	0.995	1
3398736	7460.GB44643-PA	0.99	4
3401615	7460.GB47666-PA	0.989	2
3403519	7460.GB49652-PA	0.988	3
3397926	7460.GB43781-PA	0.985	1
3397360	7460.GB43188-PA	0.982	1
3401511	7460.GB47554-PA	0.981	2
3398600	7460.GB44501-PA	0.979	1
3400645	7460.GB46646-PA	0.978	1
3395344	7460.GB41082-PA	0.978	3
3407607	7460.GB53925-PA	0.975	2
3404475	7460.GB50636-PA	0.97	1
3398437	7460.GB44331-PA	0.968	3
3407330	7460.GB53632-PA	0.968	15
3409575	7460.GB55984-PA	0.96	1
3399674	7460.GB45635-PA	0.956	1
3404720	7460.GB50891-PA	0.952	2
3400948	7460.GB46971-PA	0.947	5
3400292	7460.GB46277-PA	0.945	1
3404203	7460.GB50355-PA	0.944	1
3399056	7460.GB44981-PA	0.943	4
3399602	7460.GB45561-PA	0.937	1
3403929	7460.GB50074-PA	0.936	1
3395929	7460.GB41704-PA	0.936	2
3400873	7460.GB46888-PA	0.936	1
3405387	7460.GB51592-PA	0.935	1
3399664	7460.GB45624-PA	0.934	1
3404631	7460.GB50796-PA	0.933	1
3409041	7460.GB55427-PA	0.926	1
3405508	7460.GB51719-PA	0.926	3
3407078	7460.GB53365-PA	0.925	3
3407931	7460.GB54258-PA	0.923	1
3407214	7460.GB53506-PA	0.922	2
3408419	7460.GB54778-PA	0.92	3
3403723	7460.GB49862-PA	0.92	1
3401944	7460.GB48008-PA	0.919	1
3397290	7460.GB43113-PA	0.915	2
3400500	7460.GB46495-PA	0.91	1
3400950	7460.GB46973-PA	0.91	3
3404572	7460.GB50734-PA	0.908	1
3402833	7460.GB48940-PA	0.904	4
3404325	7460.GB50482-PA	0.896	7
3401172	7460.GB47201-PA	0.89	3
3405213	7460.GB51409-PA	0.888	1
3404814	7460.GB50995-PA	0.888	1
3402058	7460.GB48130-PA	0.888	1
3402446	7460.GB48534-PA	0.887	1
3402372	7460.GB48454-PA	0.886	2
3406012	7460.GB52253-PA	0.883	7
3403199	7460.GB49324-PA	0.881	2
3398787	7460.GB44695-PA	0.877	1
3400248	7460.GB46233-PA	0.874	2
3403332	7460.GB49458-PA	0.872	2
3396823	7460.GB42634-PA	0.868	1
3406246	7460.GB52499-PA	0.859	2
3398174	7460.GB44048-PA	0.858	2
3403748	7460.GB49887-PA	0.849	11
3402060	7460.GB48132-PA	0.849	1
3403100	7460.GB49221-PA	0.847	1
3400985	7460.GB47008-PA	0.844	1
3400270	7460.GB46255-PA	0.844	2
3395113	7460.GB40843-PA	0.843	2
3396928	7460.GB42747-PA	0.842	1
3398004	7460.GB43863-PA	0.842	1
3401391	7460.GB47432-PA	0.841	7
3400181	7460.GB46163-PA	0.84	1
3403813	7460.GB49955-PA	0.839	1
3398248	7460.GB44125-PA	0.831	2
3405948	7460.GB52185-PA	0.831	1
3404059	7460.GB50209-PA	0.83	1
3397672	7460.GB43516-PA	0.829	1
3398984	7460.GB44904-PA	0.823	1
3399974	7460.GB45943-PA	0.822	7
3408345	7460.GB54700-PA	0.817	4
3394323	7460.GB40010-PA	0.817	22
3405435	7460.GB51641-PA	0.815	2
3402329	7460.GB48409-PA	0.814	1
3395490	7460.GB41236-PA	0.813	1
3399325	7460.GB45264-PA	0.811	1
3399997	7460.GB45968-PA	0.809	5
3394852	7460.GB40567-PA	0.808	4
3408639	7460.GB55007-PA	0.806	1
3397784	7460.GB43636-PA	0.805	6
3398741	7460.GB44648-PA	0.797	3
3408484	7460.GB54847-PA	0.794	2
3402865	7460.GB48973-PA	0.793	2
3409506	7460.GB55914-PA	0.786	1
3403205	7460.GB49330-PA	0.785	2
3394822	7460.GB40535-PA	0.785	1
3395517	7460.GB41266-PA	0.781	2
3404162	7460.GB50314-PA	0.78	1
3403882	7460.GB50027-PA	0.78	1
3409286	7460.GB55679-PA	0.78	1
3401312	7460.GB47350-PA	0.775	10
3402405	7460.GB48490-PA	0.775	2
3395418	7460.GB41159-PA	0.765	1
3401935	7460.GB47998-PA	0.764	1
3401446	7460.GB47488-PA	0.764	5
3405954	7460.GB52191-PA	0.763	2
3394806	7460.GB40517-PA	0.761	1
3408109	7460.GB54450-PA	0.76	3
3407297	7460.GB53596-PA	0.752	2
3405980	7460.GB52219-PA	0.746	1
3403001	7460.GB49118-PA	0.744	1
3403359	7460.GB49488-PA	0.742	1
3397219	7460.GB43040-PA	0.741	1
3398782	7460.GB44690-PA	0.728	2
3406853	7460.GB53134-PA	0.724	3
3404827	7460.GB51008-PA	0.723	1
3404108	7460.GB50259-PA	0.723	2
3401170	7460.GB47199-PA	0.711	1
3402304	7460.GB48384-PA	0.71	1
3407910	7460.GB54237-PA	0.71	1
3401607	7460.GB47658-PA	0.707	1
3404787	7460.GB50966-PA	0.705	1
3395521	7460.GB41270-PA	0.704	1
3404195	7460.GB50347-PA	0.703	1
3396646	7460.GB42448-PA	0.702	1
3406221	7460.GB52466-PA	0.698	1
3404418	7460.GB50578-PA	0.696	1
3394393	7460.GB40083-PA	0.691	1
3404442	7460.GB50603-PA	0.69	1
3402791	7460.GB48897-PA	0.69	3
3404119	7460.GB50270-PA	0.689	1
3401877	7460.GB47938-PA	0.688	9
3399920	7460.GB45886-PA	0.682	1
3399597	7460.GB45555-PA	0.681	2
3409120	7460.GB55509-PA	0.675	1
3401343	7460.GB47383-PA	0.675	2
3405288	7460.GB51487-PA	0.671	1
3401081	7460.GB47110-PA	0.668	2
3404593	7460.GB50756-PA	0.664	1
3404698	7460.GB50867-PA	0.664	1
3397642	7460.GB43486-PA	0.663	1
3398343	7460.GB44222-PA	0.662	2
3395998	7460.GB41773-PA	0.655	2
3405932	7460.GB52168-PA	0.652	3
3396950	7460.GB42769-PA	0.641	1
3395002	7460.GB40720-PA	0.638	1
3394660	7460.GB40358-PA	0.637	1
3403426	7460.GB49556-PA	0.631	2
3398118	7460.GB43989-PA	0.628	1
3407345	7460.GB53648-PA	0.625	1
3407545	7460.GB53861-PA	0.624	1
3397997	7460.GB43856-PA	0.623	2
3397658	7460.GB43502-PA	0.62	2
3408671	7460.GB55039-PA	0.62	1
3409351	7460.GB55751-PA	0.617	3
3405088	7460.GB51282-PA	0.616	1
3405071	7460.GB51264-PA	0.614	1
3409457	7460.GB55864-PA	0.609	1
3401913	7460.GB47975-PA	0.608	11
3399075	7460.GB45000-PA	0.607	1
3405332	7460.GB51533-PA	0.605	1
3396248	7460.GB42032-PA	0.603	1
3396057	7460.GB41836-PA	0.602	3
3404051	7460.GB50201-PA	0.601	1
3395231	7460.GB40967-PA	0.601	2
3404419	7460.GB50579-PA	0.595	1
3408485	7460.GB54848-PA	0.594	2
3398700	7460.GB44606-PA	0.593	3
3396919	7460.GB42738-PA	0.591	1
3408147	7460.GB54490-PA	0.59	1
3400759	7460.GB46767-PA	0.584	1
3396742	7460.GB42551-PA	0.565	1
3407323	7460.GB53624-PA	0.564	1
3397531	7460.GB43366-PA	0.564	1
3399607	7460.GB45566-PA	0.554	1
3407774	7460.GB54097-PA	0.554	1
3399907	7460.GB45873-PA	0.553	2
3397288	7460.GB43111-PA	0.552	1
3396553	7460.GB42354-PA	0.549	2
3409353	7460.GB55753-PA	0.549	1
3400139	7460.GB46118-PA	0.547	1
3406191	7460.GB52436-PA	0.542	3
3399271	7460.GB45207-PA	0.537	2
3402911	7460.GB49021-PA	0.535	1
3397671	7460.GB43515-PA	0.535	2
3403510	7460.GB49643-PA	0.535	1
3406509	7460.GB52774-PA	0.533	1
3409090	7460.GB55479-PA	0.533	1
3403878	7460.GB50023-PA	0.532	1
3397328	7460.GB43153-PA	0.53	1
3403800	7460.GB49942-PA	0.526	1
3405864	7460.GB52100-PA	0.524	2
3399336	7460.GB45277-PA	0.519	2
3402427	7460.GB48512-PA	0.518	2
3401540	7460.GB47584-PA	0.516	2
3398053	7460.GB43917-PA	0.514	1
3396795	7460.GB42604-PA	0.513	1
3394634	7460.GB40332-PA	0.511	1
3397969	7460.GB43827-PA	0.51	1
3402036	7460.GB48105-PA	0.505	6
3399092	7460.GB45018-PA	0.501	1
3396671	7460.GB42475-PA	0.5	1
3407723	7460.GB54044-PA	0.5	1
3401411	7460.GB47453-PA	0.5	2
3395335	7460.GB41073-PA	0.498	1
3405028	7460.GB51221-PA	0.496	2
3398593	7460.GB44493-PA	0.494	1
3398970	7460.GB44890-PA	0.494	3
3405005	7460.GB51198-PA	0.493	1
3403915	7460.GB50060-PA	0.492	1
3397940	7460.GB43795-PA	0.488	1
3397083	7460.GB42903-PA	0.487	1
3408303	7460.GB54657-PA	0.487	6
3407833	7460.GB54158-PA	0.485	3
3397410	7460.GB43239-PA	0.485	2
3398802	7460.GB44710-PA	0.482	2
3401119	7460.GB47148-PA	0.482	1
3408870	7460.GB55247-PA	0.481	1
3397409	7460.GB43238-PA	0.481	3
3399532	7460.GB45490-PA	0.479	1
3407284	7460.GB53582-PA	0.475	1
3402468	7460.GB48557-PA	0.475	2
3408985	7460.GB55367-PA	0.474	1
3407839	7460.GB54164-PA	0.474	1
3401584	7460.GB47631-PA	0.471	6
3396462	7460.GB42261-PA	0.465	1
3404216	7460.GB50369-PA	0.46	2
3401456	7460.GB47498-PA	0.459	1
3399752	7460.GB45716-PA	0.457	1
3397881	7460.GB43736-PA	0.455	1
3397311	7460.GB43134-PA	0.453	1
3403872	7460.GB50017-PA	0.45	1
3398138	7460.GB44009-PA	0.45	2
3394443	7460.GB40134-PA	0.45	3
3407320	7460.GB53621-PA	0.447	1
3403986	7460.GB50132-PA	0.446	2
3407132	7460.GB53421-PA	0.445	1
3402046	7460.GB48117-PA	0.443	2
3402579	7460.GB48674-PA	0.442	1
3398793	7460.GB44701-PA	0.44	1
3408224	7460.GB54571-PA	0.437	1
3396127	7460.GB41908-PA	0.436	2
3399482	7460.GB45435-PA	0.435	1
3397865	7460.GB43719-PA	0.435	3
3406535	7460.GB52801-PA	0.434	1
3402922	7460.GB49033-PA	0.434	1
3402572	7460.GB48667-PA	0.432	1
3395084	7460.GB40808-PA	0.43	5
3407018	7460.GB53305-PA	0.429	4
3402844	7460.GB48951-PA	0.426	1
3403987	7460.GB50133-PA	0.426	2
3402294	7460.GB48374-PA	0.425	1
3395114	7460.GB40845-PA	0.424	2
3398964	7460.GB44884-PA	0.42	2
3408624	7460.GB54992-PA	0.416	1
3407517	7460.GB53831-PA	0.415	1
3405210	7460.GB51406-PA	0.41	3
3402347	7460.GB48429-PA	0.409	1
3409566	7460.GB55975-PA	0.406	1
3408900	7460.GB55280-PA	0.401	1
3397728	7460.GB43579-PA	0.399	3
3406769	7460.GB53045-PA	0.399	1
3398795	7460.GB44703-PA	0.396	3
3405599	7460.GB51813-PA	0.395	3
3396397	7460.GB42190-PA	0.392	1
3398991	7460.GB44912-PA	0.39	2
3399677	7460.GB45638-PA	0.387	1
3404093	7460.GB50244-PA	0.385	1
3403421	7460.GB49551-PA	0.384	1
3395489	7460.GB41235-PA	0.384	1
3395589	7460.GB41342-PA	0.382	1
3394574	7460.GB40271-PA	0.381	1
3398881	7460.GB44798-PA	0.38	2
3404678	7460.GB50846-PA	0.378	1
3398606	7460.GB44507-PA	0.376	1
3401371	7460.GB47411-PA	0.373	1
3396968	7460.GB42787-PA	0.373	1
3402293	7460.GB48373-PA	0.372	1
3401942	7460.GB48006-PA	0.37	1
3407661	7460.GB53979-PA	0.366	2
3403832	7460.GB49975-PA	0.362	1
3398215	7460.GB44091-PA	0.361	9
3395919	7460.GB41694-PA	0.359	1
3409272	7460.GB55665-PA	0.354	1
3397317	7460.GB43140-PA	0.35	1
3406631	7460.GB52902-PA	0.349	1
3400005	7460.GB45976-PA	0.345	1
3406869	7460.GB53150-PA	0.342	2
3407907	7460.GB54234-PA	0.34	1
3403886	7460.GB50031-PA	0.339	1
3405952	7460.GB52189-PA	0.338	2
3404579	7460.GB50741-PA	0.337	1
3395756	7460.GB41521-PA	0.335	1
3395863	7460.GB41635-PA	0.334	1
3398295	7460.GB44172-PA	0.333	1
3401160	7460.GB47189-PA	0.322	1
3404045	7460.GB50195-PA	0.321	1
3399088	7460.GB45014-PA	0.321	1
3400675	7460.GB46680-PA	0.319	1
3400981	7460.GB47004-PA	0.319	1
3398398	7460.GB44291-PA	0.318	1
3401695	7460.GB47752-PA	0.316	2
3408054	7460.GB54389-PA	0.315	1
3405605	7460.GB51819-PA	0.314	2
3400038	7460.GB46013-PA	0.313	1
3405423	7460.GB51629-PA	0.312	1
3407937	7460.GB54264-PA	0.312	1
3399483	7460.GB45436-PA	0.31	1
3402451	7460.GB48539-PA	0.309	1
3396984	7460.GB42804-PA	0.307	2
3404314	7460.GB50470-PA	0.307	1
3402094	7460.GB48167-PA	0.307	2
3394322	7460.GB40009-PA	0.304	1
3403768	7460.GB49909-PA	0.303	1
3408638	7460.GB55006-PA	0.301	1
3400994	7460.GB47018-PA	0.3	1
3399167	7460.GB45096-PA	0.297	1
3397665	7460.GB43509-PA	0.296	1
3402965	7460.GB49080-PA	0.295	1
3401410	7460.GB47452-PA	0.294	4
3399169	7460.GB45098-PA	0.293	2
3403299	7460.GB49425-PA	0.291	1
3407593	7460.GB53909-PA	0.29	2
3405242	7460.GB51441-PA	0.289	1
3402290	7460.GB48370-PA	0.289	1
3404445	7460.GB50606-PA	0.281	2
3408415	7460.GB54774-PA	0.28	2
3396903	7460.GB42721-PA	0.275	1
3403875	7460.GB50020-PA	0.272	1
3407313	7460.GB53614-PA	0.271	1
3406761	7460.GB53036-PA	0.271	1
3396658	7460.GB42460-PA	0.27	2
3403203	7460.GB49328-PA	0.27	1
3398163	7460.GB44037-PA	0.269	1
3402649	7460.GB48746-PA	0.268	1
3409337	7460.GB55736-PA	0.267	2
3404975	7460.GB51165-PA	0.262	1
3403490	7460.GB49622-PA	0.262	1
3398158	7460.GB44031-PA	0.26	1
3395110	7460.GB40839-PA	0.259	1
3396920	7460.GB42739-PA	0.258	2
3405515	7460.GB51726-PA	0.257	9
3404881	7460.GB51063-PA	0.256	1
3407054	7460.GB53341-PA	0.247	2
3400765	7460.GB46773-PA	0.247	1
3404790	7460.GB50969-PA	0.246	2
3404780	7460.GB50959-PA	0.242	2
3400778	7460.GB46786-PA	0.242	1
3404264	7460.GB50418-PA	0.235	1
3407890	7460.GB54217-PA	0.234	1
3407019	7460.GB53306-PA	0.231	1
3405740	7460.GB51967-PA	0.231	1
3399243	7460.GB45179-PA	0.227	1
3403341	7460.GB49469-PA	0.227	1
3400257	7460.GB46242-PA	0.226	1
3409509	7460.GB55917-PA	0.224	6
3398341	7460.GB44220-PA	0.223	1
3407272	7460.GB53570-PA	0.222	1
3397099	7460.GB42919-PA	0.222	1
3394330	7460.GB40017-PA	0.222	1
3402990	7460.GB49107-PA	0.217	1
3395493	7460.GB41239-PA	0.216	1
3401901	7460.GB47963-PA	0.216	1
3402442	7460.GB48530-PA	0.214	2
3398034	7460.GB43897-PA	0.209	1
3407820	7460.GB54145-PA	0.205	1
3402262	7460.GB48339-PA	0.204	1
3404661	7460.GB50828-PA	0.203	1
3407248	7460.GB53540-PA	0.201	1
3406288	7460.GB52541-PA	0.199	1
3408993	7460.GB55375-PA	0.196	3
3396525	7460.GB42326-PA	0.193	1
3408187	7460.GB54533-PA	0.178	1
3401772	7460.GB47829-PA	0.168	1
3401990	7460.GB48059-PA	0.164	2
3396241	7460.GB42025-PA	0.157	1
3406224	7460.GB52469-PA	0.148	1
3404094	7460.GB50245-PA	0.147	1
3401885	7460.GB47946-PA	0.144	2
3398979	7460.GB44899-PA	0.141	1
3396185	7460.GB41966-PA	0.133	1
3394320	7460.GB40007-PA	0.129	4
3396204	7460.GB41988-PA	0.125	1
3402155	7460.GB48231-PA	0.122	1
3401016	7460.GB47042-PA	0.115	1
3406633	7460.GB52904-PA	0.114	2
3405391	7460.GB51596-PA	0.112	3
3407988	7460.GB54320-PA	0.1	1
3399244	7460.GB45180-PA	0.072	1
3401886	7460.GB47947-PA	0.071	1
3404000	7460.GB50148-PA	0.056	1
3407033	7460.GB53320-PA	0.056	2
3409317	7460.GB55714-PA	0.051	1
