#id: 1197581815
#name: Danio rerio - Kidney, SC (Kelkar,mcp,2014)
#score: 9.0
#description: abundance based on Spectral counting, Interaction consistency score: 9.0, Coverage: 9
#organ: KIDNEY
#integrated: false
#coverage: 9
#link: http://www.ncbi.nlm.nih.gov/pubmed/25060758
#publication_year: 2014
#filename: 7955-ZF_Kidney_Kelkar_2014_SEQUEST.txt
#
#internal_id	string_external_id	abundance	raw_spectral_count
3579636	7955.ENSDARP00000100779	29190	311
3579931	7955.ENSDARP00000101541	25619	299
3585260	7955.ENSDARP00000112199	20303	148
3586007	7955.ENSDARP00000114072	20158	20
3567801	7955.ENSDARP00000020595	11951	36
3568045	7955.ENSDARP00000023121	11584	99
3574520	7955.ENSDARP00000075658	11005	245
3583776	7955.ENSDARP00000109518	10696	186
3577262	7955.ENSDARP00000092488	10696	186
3588416	7955.ENSDARP00000120315	10277	45
3588413	7955.ENSDARP00000120304	9594	51
3568311	7955.ENSDARP00000025613	8420	86
3577885	7955.ENSDARP00000095248	5996	6
3568540	7955.ENSDARP00000027947	5569	85
3579761	7955.ENSDARP00000101082	5473	32
3567842	7955.ENSDARP00000021095	5235	12
3572065	7955.ENSDARP00000061957	5152	19
3571826	7955.ENSDARP00000060309	4923	77
3588745	7955.ENSDARP00000121190	4536	9
3570678	7955.ENSDARP00000053076	4535	24
3576843	7955.ENSDARP00000090664	4489	14
3577261	7955.ENSDARP00000092484	4454	39
3572450	7955.ENSDARP00000064310	4291	18
3570965	7955.ENSDARP00000054986	4291	126
3589178	7955.ENSDARP00000122263	4291	126
3572340	7955.ENSDARP00000063661	4055	38
3583765	7955.ENSDARP00000109497	4021	13
3586591	7955.ENSDARP00000115580	3982	25
3583585	7955.ENSDARP00000109185	3767	22
3582518	7955.ENSDARP00000107173	3736	14
3567278	7955.ENSDARP00000015397	3683	18
3572458	7955.ENSDARP00000064375	3608	16
3570303	7955.ENSDARP00000050237	3577	493
3583915	7955.ENSDARP00000109765	3491	14
3574547	7955.ENSDARP00000075790	3365	26
3573917	7955.ENSDARP00000072687	3347	456
3568320	7955.ENSDARP00000025702	3283	95
3588559	7955.ENSDARP00000120686	3240	17
3566252	7955.ENSDARP00000005382	3210	45
3568052	7955.ENSDARP00000023177	3092	18
3574391	7955.ENSDARP00000074998	3078	16
3586227	7955.ENSDARP00000114642	3050	1
3567605	7955.ENSDARP00000018594	3033	3
3569301	7955.ENSDARP00000038799	3006	17
3576244	7955.ENSDARP00000087875	2970	3
3572887	7955.ENSDARP00000067081	2915	9
3569738	7955.ENSDARP00000043687	2897	14
3570760	7955.ENSDARP00000053541	2844	13
3568614	7955.ENSDARP00000029079	2780	9
3573985	7955.ENSDARP00000072971	2730	26
3570045	7955.ENSDARP00000047158	2686	13
3571777	7955.ENSDARP00000060055	2653	30
3568837	7955.ENSDARP00000032453	2652	9
3567392	7955.ENSDARP00000016453	2601	123
3569365	7955.ENSDARP00000039656	2595	27
3566348	7955.ENSDARP00000006339	2593	33
3583335	7955.ENSDARP00000108711	2529	122
3578233	7955.ENSDARP00000096752	2489	14
3569663	7955.ENSDARP00000042894	2480	52
3576241	7955.ENSDARP00000087872	2471	5
3569246	7955.ENSDARP00000038063	2456	17
3566070	7955.ENSDARP00000003641	2442	12
3587360	7955.ENSDARP00000117628	2442	30
3576178	7955.ENSDARP00000087500	2427	16
3585976	7955.ENSDARP00000113988	2353	399
3573914	7955.ENSDARP00000072678	2341	311
3566021	7955.ENSDARP00000003281	2318	29
3573479	7955.ENSDARP00000070225	2296	17
3570216	7955.ENSDARP00000049166	2290	14
3572520	7955.ENSDARP00000064737	2256	9
3577863	7955.ENSDARP00000095139	2222	8
3586362	7955.ENSDARP00000115012	2189	371
3568515	7955.ENSDARP00000027654	2185	8
3570629	7955.ENSDARP00000052729	2127	9
3569223	7955.ENSDARP00000037758	2117	10
3571567	7955.ENSDARP00000058694	2116	5
3573552	7955.ENSDARP00000070561	2058	36
3584450	7955.ENSDARP00000110768	2039	41
3574622	7955.ENSDARP00000076104	2020	15
3571958	7955.ENSDARP00000061164	1998	226
3569835	7955.ENSDARP00000044837	1995	21
3567647	7955.ENSDARP00000018980	1967	12
3588935	7955.ENSDARP00000121670	1950	10
3574910	7955.ENSDARP00000077706	1942	12
3583471	7955.ENSDARP00000108965	1933	10
3576938	7955.ENSDARP00000091094	1920	4
3572361	7955.ENSDARP00000063799	1905	20
3580732	7955.ENSDARP00000103634	1870	20
3567911	7955.ENSDARP00000021916	1870	20
3586669	7955.ENSDARP00000115796	1866	5
3590857	7955.ENSDARP00000126732	1859	6
3573843	7955.ENSDARP00000072376	1857	8
3566040	7955.ENSDARP00000003389	1848	14
3590581	7955.ENSDARP00000126028	1818	7
3576784	7955.ENSDARP00000090434	1809	15
3567186	7955.ENSDARP00000014456	1784	23
3565967	7955.ENSDARP00000002844	1783	22
3573652	7955.ENSDARP00000071301	1755	19
3571087	7955.ENSDARP00000055709	1736	35
3578167	7955.ENSDARP00000096504	1712	31
3567087	7955.ENSDARP00000013329	1698	21
3584770	7955.ENSDARP00000111337	1695	24
3574007	7955.ENSDARP00000073057	1692	22
3573421	7955.ENSDARP00000069948	1689	23
3570186	7955.ENSDARP00000048827	1681	99
3566295	7955.ENSDARP00000005837	1679	2
3589183	7955.ENSDARP00000122284	1654	17
3590492	7955.ENSDARP00000125799	1620	3
3591526	7955.ENSDARP00000128271	1594	6
3580325	7955.ENSDARP00000102559	1582	14
3586559	7955.ENSDARP00000115511	1580	12
3572550	7955.ENSDARP00000064973	1569	17
3580832	7955.ENSDARP00000103895	1561	10
3586164	7955.ENSDARP00000114480	1512	13
3583130	7955.ENSDARP00000108316	1509	23
3567991	7955.ENSDARP00000022592	1496	12
3582783	7955.ENSDARP00000107661	1474	3
3579413	7955.ENSDARP00000100195	1474	88
3567370	7955.ENSDARP00000016228	1472	23
3570092	7955.ENSDARP00000047681	1462	12
3566996	7955.ENSDARP00000012454	1454	12
3574323	7955.ENSDARP00000074623	1425	4
3589070	7955.ENSDARP00000122013	1412	6
3568845	7955.ENSDARP00000032575	1400	21
3567508	7955.ENSDARP00000017569	1398	19
3584282	7955.ENSDARP00000110449	1395	9
3573852	7955.ENSDARP00000072408	1388	3
3588905	7955.ENSDARP00000121591	1372	8
3579522	7955.ENSDARP00000100461	1352	14
3585812	7955.ENSDARP00000113539	1343	25
3579028	7955.ENSDARP00000099156	1320	8
3576417	7955.ENSDARP00000088646	1316	14
3583170	7955.ENSDARP00000108396	1301	18
3566857	7955.ENSDARP00000011243	1287	16
3577559	7955.ENSDARP00000093898	1268	20
3589800	7955.ENSDARP00000123883	1268	26
3568957	7955.ENSDARP00000034077	1258	26
3573366	7955.ENSDARP00000069612	1236	6
3571305	7955.ENSDARP00000057089	1224	7
3567474	7955.ENSDARP00000017246	1218	24
3571508	7955.ENSDARP00000058383	1213	15
3577318	7955.ENSDARP00000092760	1208	9
3592023	7955.ENSDARP00000129330	1202	26
3590883	7955.ENSDARP00000126796	1202	26
3587461	7955.ENSDARP00000117879	1202	26
3579085	7955.ENSDARP00000099321	1202	26
3575763	7955.ENSDARP00000084277	1202	26
3570056	7955.ENSDARP00000047268	1202	26
3579803	7955.ENSDARP00000101193	1202	26
3582828	7955.ENSDARP00000107737	1202	26
3588427	7955.ENSDARP00000120344	1202	26
3585047	7955.ENSDARP00000111851	1202	26
3591753	7955.ENSDARP00000128757	1202	26
3576638	7955.ENSDARP00000089753	1202	26
3581455	7955.ENSDARP00000105220	1202	26
3577534	7955.ENSDARP00000093790	1202	26
3585524	7955.ENSDARP00000112824	1202	26
3577531	7955.ENSDARP00000093781	1202	26
3585724	7955.ENSDARP00000113307	1202	26
3573044	7955.ENSDARP00000067896	1202	26
3591366	7955.ENSDARP00000127943	1202	26
3566589	7955.ENSDARP00000008646	1186	33
3577796	7955.ENSDARP00000094849	1180	96
3592047	7955.ENSDARP00000129394	1177	22
3583058	7955.ENSDARP00000108190	1173	17
3579766	7955.ENSDARP00000101100	1163	18
3571194	7955.ENSDARP00000056381	1161	9
3571389	7955.ENSDARP00000057604	1152	11
3570502	7955.ENSDARP00000051971	1132	5
3573057	7955.ENSDARP00000067953	1121	9
3572845	7955.ENSDARP00000066929	1119	12
3568466	7955.ENSDARP00000027115	1115	9
3578080	7955.ENSDARP00000096200	1114	4
3573822	7955.ENSDARP00000072300	1112	4
3568866	7955.ENSDARP00000032834	1111	19
3572025	7955.ENSDARP00000061697	1108	4
3587723	7955.ENSDARP00000118521	1106	3
3578318	7955.ENSDARP00000097248	1106	2
3570213	7955.ENSDARP00000049134	1095	17
3568227	7955.ENSDARP00000024752	1079	41
3588581	7955.ENSDARP00000120742	1077	19
3591762	7955.ENSDARP00000128775	1071	9
3583181	7955.ENSDARP00000108417	1068	30
3589719	7955.ENSDARP00000123619	1068	30
3583393	7955.ENSDARP00000108828	1068	30
3580387	7955.ENSDARP00000102749	1068	30
3581301	7955.ENSDARP00000104918	1068	30
3586968	7955.ENSDARP00000116574	1068	30
3582554	7955.ENSDARP00000107234	1068	30
3584507	7955.ENSDARP00000110869	1068	30
3582368	7955.ENSDARP00000106877	1068	30
3580599	7955.ENSDARP00000103318	1068	30
3581151	7955.ENSDARP00000104630	1068	30
3578856	7955.ENSDARP00000098726	1068	30
3576869	7955.ENSDARP00000090794	1068	30
3585311	7955.ENSDARP00000112301	1068	30
3580802	7955.ENSDARP00000103819	1068	30
3573054	7955.ENSDARP00000067945	1068	30
3581033	7955.ENSDARP00000104399	1068	30
3577533	7955.ENSDARP00000093787	1068	30
3581495	7955.ENSDARP00000105290	1068	30
3577530	7955.ENSDARP00000093780	1068	30
3576832	7955.ENSDARP00000090632	1068	30
3573041	7955.ENSDARP00000067891	1068	30
3580705	7955.ENSDARP00000103576	1068	30
3573042	7955.ENSDARP00000067893	1068	30
3573043	7955.ENSDARP00000067895	1068	30
3580367	7955.ENSDARP00000102682	1068	30
3569039	7955.ENSDARP00000035273	1067	4
3581525	7955.ENSDARP00000105344	1063	10
3574016	7955.ENSDARP00000073095	1062	4
3570212	7955.ENSDARP00000049108	1059	13
3588328	7955.ENSDARP00000120093	1058	16
3570984	7955.ENSDARP00000055135	1044	90
3570861	7955.ENSDARP00000054229	1044	13
3586147	7955.ENSDARP00000114437	1040	69
3567496	7955.ENSDARP00000017456	1033	25
3580055	7955.ENSDARP00000101866	1027	39
3582552	7955.ENSDARP00000107232	1024	30
3568613	7955.ENSDARP00000029074	1014	23
3589125	7955.ENSDARP00000122141	1013	5
3587135	7955.ENSDARP00000117024	1012	12
3569934	7955.ENSDARP00000045900	1002	5
3571050	7955.ENSDARP00000055503	998	6
3572107	7955.ENSDARP00000062323	995	15
3578103	7955.ENSDARP00000096295	990	14
3571186	7955.ENSDARP00000056318	990	3
3569236	7955.ENSDARP00000037871	989	16
3583064	7955.ENSDARP00000108197	983	4
3569433	7955.ENSDARP00000040396	973	10
3571936	7955.ENSDARP00000061000	968	13
3567233	7955.ENSDARP00000014978	962	23
3577521	7955.ENSDARP00000093747	957	30
3589524	7955.ENSDARP00000123136	952	7
3569652	7955.ENSDARP00000042765	950	7
3588765	7955.ENSDARP00000121255	947	7
3568555	7955.ENSDARP00000028118	944	5
3567130	7955.ENSDARP00000013803	941	17
3568482	7955.ENSDARP00000027342	939	5
3577086	7955.ENSDARP00000091816	933	28
3590038	7955.ENSDARP00000124670	931	14
3573750	7955.ENSDARP00000071885	931	10
3576823	7955.ENSDARP00000090576	930	11
3572093	7955.ENSDARP00000062219	919	11
3571612	7955.ENSDARP00000058955	919	12
3574316	7955.ENSDARP00000074570	917	17
3568490	7955.ENSDARP00000027389	912	17
3566533	7955.ENSDARP00000008085	905	12
3568669	7955.ENSDARP00000029876	891	2
3566125	7955.ENSDARP00000004139	891	19
3571683	7955.ENSDARP00000059365	888	12
3580408	7955.ENSDARP00000102802	886	16
3589181	7955.ENSDARP00000122279	886	3
3574505	7955.ENSDARP00000075601	885	5
3570063	7955.ENSDARP00000047390	884	5
3592042	7955.ENSDARP00000129378	883	87
3582717	7955.ENSDARP00000107547	883	87
3582961	7955.ENSDARP00000107998	883	87
3580053	7955.ENSDARP00000101862	883	87
3582507	7955.ENSDARP00000107148	883	87
3582747	7955.ENSDARP00000107585	883	87
3582030	7955.ENSDARP00000106245	883	87
3579903	7955.ENSDARP00000101467	883	87
3583687	7955.ENSDARP00000109355	883	87
3583232	7955.ENSDARP00000108502	883	87
3591884	7955.ENSDARP00000129044	883	87
3585008	7955.ENSDARP00000111786	883	87
3581376	7955.ENSDARP00000105059	883	87
3583513	7955.ENSDARP00000109044	883	87
3583528	7955.ENSDARP00000109071	883	87
3574937	7955.ENSDARP00000077832	883	87
3584547	7955.ENSDARP00000110935	883	87
3582143	7955.ENSDARP00000106443	883	87
3575508	7955.ENSDARP00000082327	883	87
3581427	7955.ENSDARP00000105168	883	87
3582167	7955.ENSDARP00000106496	883	87
3585088	7955.ENSDARP00000111930	883	87
3581027	7955.ENSDARP00000104379	883	87
3584867	7955.ENSDARP00000111526	883	87
3582447	7955.ENSDARP00000107028	883	87
3583658	7955.ENSDARP00000109299	883	87
3579848	7955.ENSDARP00000101311	883	87
3583635	7955.ENSDARP00000109257	883	87
3582243	7955.ENSDARP00000106634	883	87
3582939	7955.ENSDARP00000107946	883	87
3585153	7955.ENSDARP00000112034	883	87
3584679	7955.ENSDARP00000111175	883	87
3568597	7955.ENSDARP00000028837	883	8
3577111	7955.ENSDARP00000091899	881	6
3566407	7955.ENSDARP00000006882	874	19
3590079	7955.ENSDARP00000124804	870	4
3571430	7955.ENSDARP00000057866	869	12
3584444	7955.ENSDARP00000110759	865	30
3590662	7955.ENSDARP00000126252	864	8
3583379	7955.ENSDARP00000108798	860	7
3576174	7955.ENSDARP00000087462	859	20
3572681	7955.ENSDARP00000065771	858	4
3589932	7955.ENSDARP00000124304	857	2
3566628	7955.ENSDARP00000009096	855	4
3585438	7955.ENSDARP00000112549	851	5
3572283	7955.ENSDARP00000063250	844	5
3572163	7955.ENSDARP00000062617	829	9
3583516	7955.ENSDARP00000109049	828	10
3584033	7955.ENSDARP00000109990	822	5
3572360	7955.ENSDARP00000063788	821	5
3570522	7955.ENSDARP00000052096	816	4
3587376	7955.ENSDARP00000117673	812	8
3573586	7955.ENSDARP00000070803	811	3
3569827	7955.ENSDARP00000044682	807	15
3569013	7955.ENSDARP00000034885	801	12
3573436	7955.ENSDARP00000070002	800	12
3568041	7955.ENSDARP00000023063	799	14
3572841	7955.ENSDARP00000066897	798	5
3570476	7955.ENSDARP00000051762	789	4
3585920	7955.ENSDARP00000113859	788	10
3570703	7955.ENSDARP00000053207	785	3
3588997	7955.ENSDARP00000121828	775	12
3567020	7955.ENSDARP00000012691	775	10
3569258	7955.ENSDARP00000038227	772	2
3572143	7955.ENSDARP00000062517	771	7
3580339	7955.ENSDARP00000102600	763	3
3571797	7955.ENSDARP00000060165	755	12
3570793	7955.ENSDARP00000053793	754	3
3578290	7955.ENSDARP00000097045	752	16
3570598	7955.ENSDARP00000052528	750	3
3573318	7955.ENSDARP00000069300	750	5
3568467	7955.ENSDARP00000027118	749	15
3573870	7955.ENSDARP00000072492	742	3
3584793	7955.ENSDARP00000111399	742	18
3569196	7955.ENSDARP00000037484	735	4
3591553	7955.ENSDARP00000128327	732	5
3577181	7955.ENSDARP00000092179	727	6
3576867	7955.ENSDARP00000090766	726	31
3570624	7955.ENSDARP00000052687	726	46
3571757	7955.ENSDARP00000059960	725	4
3570518	7955.ENSDARP00000052081	722	3
3588296	7955.ENSDARP00000120028	716	15
3581097	7955.ENSDARP00000104528	713	3
3572118	7955.ENSDARP00000062369	712	86
3571556	7955.ENSDARP00000058628	712	86
3574408	7955.ENSDARP00000075110	712	86
3570642	7955.ENSDARP00000052837	712	86
3579514	7955.ENSDARP00000100434	712	86
3583001	7955.ENSDARP00000108089	712	5
3573962	7955.ENSDARP00000072874	709	8
3570539	7955.ENSDARP00000052255	704	2
3569057	7955.ENSDARP00000035513	704	2
3572803	7955.ENSDARP00000066644	703	1
3566627	7955.ENSDARP00000009095	702	1
3567036	7955.ENSDARP00000012808	699	8
3572771	7955.ENSDARP00000066429	692	83
3567630	7955.ENSDARP00000018850	690	15
3573788	7955.ENSDARP00000072101	687	3
3577519	7955.ENSDARP00000093734	685	41
3568238	7955.ENSDARP00000024900	684	13
3572485	7955.ENSDARP00000064522	681	6
3570414	7955.ENSDARP00000051361	681	242
3571219	7955.ENSDARP00000056539	680	4
3574551	7955.ENSDARP00000075802	677	16
3578639	7955.ENSDARP00000098182	674	17
3582016	7955.ENSDARP00000106218	671	2
3566278	7955.ENSDARP00000005644	671	3
3589440	7955.ENSDARP00000122934	669	4
3569423	7955.ENSDARP00000040327	669	30
3580361	7955.ENSDARP00000102672	663	17
3587453	7955.ENSDARP00000117864	662	3
3580567	7955.ENSDARP00000103212	659	5
3569507	7955.ENSDARP00000041278	659	51
3568526	7955.ENSDARP00000027770	655	2
3570595	7955.ENSDARP00000052510	653	3
3589716	7955.ENSDARP00000123611	648	3
3571179	7955.ENSDARP00000056285	647	3
3567388	7955.ENSDARP00000016376	645	3
3569584	7955.ENSDARP00000041959	644	11
3569554	7955.ENSDARP00000041699	642	7
3583469	7955.ENSDARP00000108963	641	26
3573681	7955.ENSDARP00000071527	641	5
3574311	7955.ENSDARP00000074552	641	15
3570334	7955.ENSDARP00000050602	638	4
3578931	7955.ENSDARP00000098911	635	1
3569164	7955.ENSDARP00000037025	632	8
3572955	7955.ENSDARP00000067447	631	9
3573331	7955.ENSDARP00000069386	631	2
3577741	7955.ENSDARP00000094626	626	53
3588867	7955.ENSDARP00000121495	624	8
3569495	7955.ENSDARP00000041141	623	45
3588896	7955.ENSDARP00000121564	623	2
3567563	7955.ENSDARP00000018027	622	10
3571955	7955.ENSDARP00000061148	621	49
3570394	7955.ENSDARP00000051185	621	4
3592038	7955.ENSDARP00000129366	619	21
3568154	7955.ENSDARP00000024104	615	6
3591926	7955.ENSDARP00000129150	615	2
3573313	7955.ENSDARP00000069273	614	3
3573022	7955.ENSDARP00000067802	610	6
3589389	7955.ENSDARP00000122796	608	21
3579798	7955.ENSDARP00000101178	608	21
3584339	7955.ENSDARP00000110558	608	21
3566185	7955.ENSDARP00000004830	607	7
3574087	7955.ENSDARP00000073439	606	7
3582228	7955.ENSDARP00000106602	605	3
3586982	7955.ENSDARP00000116604	603	11
3587566	7955.ENSDARP00000118098	597	13
3571880	7955.ENSDARP00000060684	597	4
3586775	7955.ENSDARP00000116075	595	226
3586312	7955.ENSDARP00000114871	593	16
3566844	7955.ENSDARP00000011148	591	3
3568123	7955.ENSDARP00000023819	589	8
3583462	7955.ENSDARP00000108949	586	3
3587511	7955.ENSDARP00000117985	585	7
3566870	7955.ENSDARP00000011338	580	2
3570857	7955.ENSDARP00000054204	580	3
3590555	7955.ENSDARP00000125941	579	15
3583079	7955.ENSDARP00000108224	570	227
3586416	7955.ENSDARP00000115147	568	3
3570974	7955.ENSDARP00000055061	567	5
3571193	7955.ENSDARP00000056380	566	5
3591336	7955.ENSDARP00000127877	566	21
3572100	7955.ENSDARP00000062263	564	6
3591308	7955.ENSDARP00000127819	563	26
3577697	7955.ENSDARP00000094415	561	5
3591820	7955.ENSDARP00000128898	560	12
3567578	7955.ENSDARP00000018197	558	9
3568990	7955.ENSDARP00000034555	557	3
3587462	7955.ENSDARP00000117880	556	10
3568878	7955.ENSDARP00000033069	552	2
3568076	7955.ENSDARP00000023429	552	36
3580791	7955.ENSDARP00000103794	550	16
3583194	7955.ENSDARP00000108439	549	10
3572507	7955.ENSDARP00000064656	548	3
3574258	7955.ENSDARP00000074190	546	9
3588164	7955.ENSDARP00000119683	542	1
3583108	7955.ENSDARP00000108280	542	2
3583431	7955.ENSDARP00000108896	536	9
3586230	7955.ENSDARP00000114649	536	16
3567794	7955.ENSDARP00000020536	533	11
3571029	7955.ENSDARP00000055379	533	45
3569334	7955.ENSDARP00000039143	531	3
3573053	7955.ENSDARP00000067943	531	18
3591006	7955.ENSDARP00000127047	531	18
3572465	7955.ENSDARP00000064399	531	18
3568998	7955.ENSDARP00000034733	529	11
3583419	7955.ENSDARP00000108873	529	3
3577290	7955.ENSDARP00000092617	529	2
3567247	7955.ENSDARP00000015065	529	3
3566474	7955.ENSDARP00000007588	528	6
3577855	7955.ENSDARP00000095111	526	4
3576276	7955.ENSDARP00000088020	521	36
3567721	7955.ENSDARP00000019829	520	14
3576353	7955.ENSDARP00000088354	518	7
3573079	7955.ENSDARP00000068086	518	4
3568869	7955.ENSDARP00000032940	515	2
3570739	7955.ENSDARP00000053425	514	4
3581392	7955.ENSDARP00000105094	514	22
3567332	7955.ENSDARP00000015917	513	10
3570380	7955.ENSDARP00000051054	510	4
3589753	7955.ENSDARP00000123712	507	6
3577595	7955.ENSDARP00000094021	507	7
3574812	7955.ENSDARP00000076916	506	2
3566631	7955.ENSDARP00000009133	503	3
3584218	7955.ENSDARP00000110339	502	8
3569494	7955.ENSDARP00000041113	502	3
3578076	7955.ENSDARP00000096178	501	2
3577274	7955.ENSDARP00000092551	497	10
3580939	7955.ENSDARP00000104168	494	7
3584160	7955.ENSDARP00000110238	494	15
3568789	7955.ENSDARP00000031764	494	1
3574427	7955.ENSDARP00000075204	492	6
3583439	7955.ENSDARP00000108912	492	4
3586379	7955.ENSDARP00000115054	489	217
3584411	7955.ENSDARP00000110694	489	12
3568732	7955.ENSDARP00000030881	488	17
3570762	7955.ENSDARP00000053567	487	3
3583599	7955.ENSDARP00000109203	487	3
3577107	7955.ENSDARP00000091884	486	2
3580958	7955.ENSDARP00000104211	485	10
3583922	7955.ENSDARP00000109780	484	5
3570623	7955.ENSDARP00000052682	484	40
3573215	7955.ENSDARP00000068783	484	13
3567835	7955.ENSDARP00000021016	481	39
3577113	7955.ENSDARP00000091902	478	2
3577430	7955.ENSDARP00000093331	477	13
3577395	7955.ENSDARP00000093211	475	16
3578637	7955.ENSDARP00000098175	471	5
3577011	7955.ENSDARP00000091498	471	3
3588908	7955.ENSDARP00000121595	471	5
3573256	7955.ENSDARP00000069027	470	2
3578405	7955.ENSDARP00000097572	469	4
3569521	7955.ENSDARP00000041384	469	4
3569604	7955.ENSDARP00000042199	464	12
3589948	7955.ENSDARP00000124366	463	34
3566648	7955.ENSDARP00000009258	461	9
3570258	7955.ENSDARP00000049650	461	8
3568607	7955.ENSDARP00000028970	460	11
3572666	7955.ENSDARP00000065651	460	2
3590849	7955.ENSDARP00000126712	460	64
3580515	7955.ENSDARP00000103087	460	2
3572995	7955.ENSDARP00000067634	460	4
3576612	7955.ENSDARP00000089645	459	12
3566949	7955.ENSDARP00000012094	458	2
3572373	7955.ENSDARP00000063862	457	3
3570603	7955.ENSDARP00000052551	450	2
3569162	7955.ENSDARP00000037018	450	3
3584765	7955.ENSDARP00000111326	448	213
3574402	7955.ENSDARP00000075074	448	3
3587939	7955.ENSDARP00000119055	445	43
3569285	7955.ENSDARP00000038651	445	14
3571272	7955.ENSDARP00000056857	444	1
3568114	7955.ENSDARP00000023774	444	6
3574726	7955.ENSDARP00000076508	440	2
3579264	7955.ENSDARP00000099772	440	208
3567805	7955.ENSDARP00000020667	440	4
3572375	7955.ENSDARP00000063876	438	3
3573379	7955.ENSDARP00000069669	437	12
3582740	7955.ENSDARP00000107576	436	6
3566489	7955.ENSDARP00000007716	436	2
3581148	7955.ENSDARP00000104621	436	3
3578046	7955.ENSDARP00000095998	434	2
3584934	7955.ENSDARP00000111658	432	5
3566861	7955.ENSDARP00000011271	430	7
3569770	7955.ENSDARP00000043960	430	13
3567030	7955.ENSDARP00000012767	430	29
3577359	7955.ENSDARP00000093027	428	42
3577154	7955.ENSDARP00000092020	428	3
3569028	7955.ENSDARP00000035103	427	2
3578430	7955.ENSDARP00000097644	427	5
3576099	7955.ENSDARP00000086897	426	2
3584833	7955.ENSDARP00000111476	425	2
3566271	7955.ENSDARP00000005533	425	1
3574483	7955.ENSDARP00000075490	423	47
3571894	7955.ENSDARP00000060744	422	7
3566960	7955.ENSDARP00000012197	418	5
3568172	7955.ENSDARP00000024272	415	44
3567128	7955.ENSDARP00000013777	414	3
3567985	7955.ENSDARP00000022552	412	2
3581582	7955.ENSDARP00000105443	411	2
3573350	7955.ENSDARP00000069513	411	4
3573765	7955.ENSDARP00000071963	411	5
3569511	7955.ENSDARP00000041303	410	3
3572377	7955.ENSDARP00000063891	409	13
3583982	7955.ENSDARP00000109890	409	11
3587562	7955.ENSDARP00000118091	408	16
3570877	7955.ENSDARP00000054339	408	3
3573184	7955.ENSDARP00000068620	407	2
3588789	7955.ENSDARP00000121323	407	12
3566729	7955.ENSDARP00000010055	407	3
3589582	7955.ENSDARP00000123299	406	21
3566085	7955.ENSDARP00000003744	405	9
3567093	7955.ENSDARP00000013402	405	6
3567489	7955.ENSDARP00000017410	405	4
3568250	7955.ENSDARP00000025042	404	2
3566174	7955.ENSDARP00000004708	404	5
3568033	7955.ENSDARP00000022971	402	8
3572033	7955.ENSDARP00000061735	398	3
3583345	7955.ENSDARP00000108724	398	39
3573425	7955.ENSDARP00000069977	398	3
3571120	7955.ENSDARP00000055920	398	4
3578435	7955.ENSDARP00000097665	398	16
3581721	7955.ENSDARP00000105678	398	16
3573694	7955.ENSDARP00000071587	396	4
3573587	7955.ENSDARP00000070807	395	7
3587312	7955.ENSDARP00000117497	395	6
3570013	7955.ENSDARP00000046890	395	4
3574447	7955.ENSDARP00000075289	394	3
3572155	7955.ENSDARP00000062555	390	2
3569689	7955.ENSDARP00000043172	389	1
3574113	7955.ENSDARP00000073559	389	1
3582492	7955.ENSDARP00000107122	388	42
3572834	7955.ENSDARP00000066858	388	42
3573888	7955.ENSDARP00000072577	387	2
3566334	7955.ENSDARP00000006207	386	6
3567469	7955.ENSDARP00000017217	385	5
3572982	7955.ENSDARP00000067585	384	4
3567512	7955.ENSDARP00000017597	384	3
3578535	7955.ENSDARP00000097937	383	5
3574792	7955.ENSDARP00000076844	383	8
3577733	7955.ENSDARP00000094590	382	3
3570924	7955.ENSDARP00000054690	379	12
3569712	7955.ENSDARP00000043402	379	3
3571682	7955.ENSDARP00000059359	378	7
3574800	7955.ENSDARP00000076883	378	4
3573895	7955.ENSDARP00000072597	377	28
3588841	7955.ENSDARP00000121437	376	4
3565970	7955.ENSDARP00000002874	376	4
3591257	7955.ENSDARP00000127700	375	10
3578376	7955.ENSDARP00000097494	375	4
3566473	7955.ENSDARP00000007584	374	2
3568243	7955.ENSDARP00000024981	374	4
3571654	7955.ENSDARP00000059227	373	12
3586458	7955.ENSDARP00000115274	370	4
3570266	7955.ENSDARP00000049792	370	8
3590631	7955.ENSDARP00000126183	369	2
3574289	7955.ENSDARP00000074464	369	5
3574191	7955.ENSDARP00000073908	369	2
3583868	7955.ENSDARP00000109682	368	12
3567418	7955.ENSDARP00000016749	368	12
3583770	7955.ENSDARP00000109508	368	5
3571794	7955.ENSDARP00000060156	367	6
3565858	7955.ENSDARP00000000956	367	3
3573301	7955.ENSDARP00000069223	367	6
3583297	7955.ENSDARP00000108629	367	4
3567846	7955.ENSDARP00000021126	367	4
3572229	7955.ENSDARP00000062982	367	3
3570849	7955.ENSDARP00000054152	366	2
3581706	7955.ENSDARP00000105649	365	1
3577666	7955.ENSDARP00000094289	365	4
3579705	7955.ENSDARP00000100964	365	7
3573832	7955.ENSDARP00000072334	364	4
3566552	7955.ENSDARP00000008262	364	4
3585504	7955.ENSDARP00000112765	363	1
3569276	7955.ENSDARP00000038520	363	3
3588195	7955.ENSDARP00000119756	363	2
3576987	7955.ENSDARP00000091392	363	2
3578162	7955.ENSDARP00000096468	362	2
3566917	7955.ENSDARP00000011778	361	4
3567984	7955.ENSDARP00000022550	361	10
3590695	7955.ENSDARP00000126346	360	4
3572121	7955.ENSDARP00000062382	359	10
3571147	7955.ENSDARP00000056094	356	2
3567628	7955.ENSDARP00000018820	353	9
3577210	7955.ENSDARP00000092307	353	9
3566763	7955.ENSDARP00000010393	353	9
3570309	7955.ENSDARP00000050307	353	9
3572624	7955.ENSDARP00000065391	353	9
3569023	7955.ENSDARP00000035027	353	9
3572314	7955.ENSDARP00000063524	353	6
3566945	7955.ENSDARP00000012048	352	13
3566058	7955.ENSDARP00000003519	352	3
3573569	7955.ENSDARP00000070677	351	1
3586513	7955.ENSDARP00000115408	350	4
3572114	7955.ENSDARP00000062351	350	16
3587662	7955.ENSDARP00000118368	350	5
3571672	7955.ENSDARP00000059320	348	3
3572422	7955.ENSDARP00000064143	348	5
3569372	7955.ENSDARP00000039787	348	1
3573309	7955.ENSDARP00000069254	347	2
3566197	7955.ENSDARP00000004932	347	11
3591254	7955.ENSDARP00000127697	346	5
3571564	7955.ENSDARP00000058679	346	5
3566172	7955.ENSDARP00000004700	345	3
3567758	7955.ENSDARP00000020181	345	8
3577963	7955.ENSDARP00000095532	344	3
3567099	7955.ENSDARP00000013441	340	8
3572371	7955.ENSDARP00000063848	339	34
3568544	7955.ENSDARP00000027982	338	1
3571768	7955.ENSDARP00000060004	337	1
3581386	7955.ENSDARP00000105079	337	2
3574481	7955.ENSDARP00000075482	337	3
3571810	7955.ENSDARP00000060204	337	7
3568857	7955.ENSDARP00000032730	333	12
3570382	7955.ENSDARP00000051080	333	22
3566380	7955.ENSDARP00000006624	333	1
3573268	7955.ENSDARP00000069063	330	11
3573051	7955.ENSDARP00000067933	330	31
3579938	7955.ENSDARP00000101565	328	4
3566084	7955.ENSDARP00000003738	327	10
3568137	7955.ENSDARP00000023938	326	2
3572760	7955.ENSDARP00000066382	325	16
3568050	7955.ENSDARP00000023158	325	15
3572171	7955.ENSDARP00000062670	325	12
3582385	7955.ENSDARP00000106906	325	4
3569925	7955.ENSDARP00000045815	324	11
3567800	7955.ENSDARP00000020578	323	5
3572692	7955.ENSDARP00000065850	322	4
3585295	7955.ENSDARP00000112265	321	16
3565883	7955.ENSDARP00000001845	320	3
3570550	7955.ENSDARP00000052324	319	6
3568579	7955.ENSDARP00000028571	319	8
3571939	7955.ENSDARP00000061036	318	2
3567639	7955.ENSDARP00000018923	317	7
3589679	7955.ENSDARP00000123530	316	4
3577658	7955.ENSDARP00000094267	315	2
3568182	7955.ENSDARP00000024338	315	6
3572073	7955.ENSDARP00000062066	315	6
3568517	7955.ENSDARP00000027662	314	3
3567059	7955.ENSDARP00000013042	313	28
3572849	7955.ENSDARP00000066942	313	5
3578354	7955.ENSDARP00000097435	312	2
3588124	7955.ENSDARP00000119567	312	1
3571155	7955.ENSDARP00000056150	311	9
3568947	7955.ENSDARP00000033907	311	8
3568853	7955.ENSDARP00000032688	310	8
3568640	7955.ENSDARP00000029491	310	7
3572829	7955.ENSDARP00000066805	309	2
3574808	7955.ENSDARP00000076902	309	3
3571615	7955.ENSDARP00000058964	309	5
3571941	7955.ENSDARP00000061057	308	32
3583080	7955.ENSDARP00000108226	308	11
3571020	7955.ENSDARP00000055323	307	2
3585546	7955.ENSDARP00000112873	307	2
3578291	7955.ENSDARP00000097050	306	8
3583049	7955.ENSDARP00000108177	306	2
3571475	7955.ENSDARP00000058161	305	8
3581460	7955.ENSDARP00000105230	305	8
3585823	7955.ENSDARP00000113555	304	1
3576544	7955.ENSDARP00000089263	304	16
3572784	7955.ENSDARP00000066505	303	1
3566726	7955.ENSDARP00000010013	303	5
3567475	7955.ENSDARP00000017257	303	4
3571953	7955.ENSDARP00000061142	302	4
3577771	7955.ENSDARP00000094764	302	2
3584495	7955.ENSDARP00000110851	301	35
3568163	7955.ENSDARP00000024189	301	2
3571224	7955.ENSDARP00000056582	300	3
3566461	7955.ENSDARP00000007446	299	2
3589541	7955.ENSDARP00000123183	299	2
3574285	7955.ENSDARP00000074422	298	5
3582233	7955.ENSDARP00000106613	298	7
3582264	7955.ENSDARP00000106674	298	2
3577269	7955.ENSDARP00000092510	296	16
3582929	7955.ENSDARP00000107930	296	16
3567268	7955.ENSDARP00000015318	294	4
3566416	7955.ENSDARP00000006973	293	3
3581065	7955.ENSDARP00000104468	293	16
3587830	7955.ENSDARP00000118774	293	16
3582576	7955.ENSDARP00000107270	293	1
3565896	7955.ENSDARP00000002122	292	4
3588830	7955.ENSDARP00000121415	292	8
3585190	7955.ENSDARP00000112092	292	39
3579276	7955.ENSDARP00000099813	292	39
3588853	7955.ENSDARP00000121459	292	39
3580400	7955.ENSDARP00000102775	292	39
3584751	7955.ENSDARP00000111298	292	39
3578737	7955.ENSDARP00000098432	292	39
3585814	7955.ENSDARP00000113541	292	39
3589069	7955.ENSDARP00000122009	292	39
3579924	7955.ENSDARP00000101525	292	39
3582808	7955.ENSDARP00000107702	292	39
3589594	7955.ENSDARP00000123323	292	39
3584315	7955.ENSDARP00000110511	292	39
3584846	7955.ENSDARP00000111493	292	39
3573055	7955.ENSDARP00000067948	292	39
3587029	7955.ENSDARP00000116739	292	39
3570302	7955.ENSDARP00000050236	292	39
3571119	7955.ENSDARP00000055912	292	39
3577535	7955.ENSDARP00000093791	292	39
3585117	7955.ENSDARP00000111973	292	39
3581760	7955.ENSDARP00000105746	292	39
3566222	7955.ENSDARP00000005183	291	9
3569621	7955.ENSDARP00000042367	290	2
3589567	7955.ENSDARP00000123249	290	5
3578829	7955.ENSDARP00000098664	290	7
3579771	7955.ENSDARP00000101121	289	2
3590149	7955.ENSDARP00000125055	289	5
3566469	7955.ENSDARP00000007548	288	2
3568675	7955.ENSDARP00000029933	288	22
3581695	7955.ENSDARP00000105632	288	9
3586126	7955.ENSDARP00000114381	287	2
3566260	7955.ENSDARP00000005448	287	6
3588785	7955.ENSDARP00000121314	287	2
3571905	7955.ENSDARP00000060821	287	2
3585431	7955.ENSDARP00000112527	286	39
3566703	7955.ENSDARP00000009817	286	5
3571678	7955.ENSDARP00000059346	285	4
3570716	7955.ENSDARP00000053303	285	22
3568331	7955.ENSDARP00000025779	284	5
3588367	7955.ENSDARP00000120183	282	2
3581989	7955.ENSDARP00000106169	281	1
3588520	7955.ENSDARP00000120591	281	2
3567415	7955.ENSDARP00000016703	280	4
3569571	7955.ENSDARP00000041841	280	2
3582097	7955.ENSDARP00000106359	279	4
3571543	7955.ENSDARP00000058564	278	1
3568463	7955.ENSDARP00000027102	278	3
3587748	7955.ENSDARP00000118581	278	1
3578647	7955.ENSDARP00000098194	277	1
3580688	7955.ENSDARP00000103528	276	1
3581872	7955.ENSDARP00000105955	275	7
3588457	7955.ENSDARP00000120430	274	2
3571747	7955.ENSDARP00000059885	274	4
3572810	7955.ENSDARP00000066699	273	1
3567881	7955.ENSDARP00000021569	273	40
3569946	7955.ENSDARP00000046049	272	2
3583665	7955.ENSDARP00000109315	272	39
3586129	7955.ENSDARP00000114396	270	5
3565933	7955.ENSDARP00000002483	270	11
3577833	7955.ENSDARP00000095029	270	5
3573435	7955.ENSDARP00000070001	269	7
3566163	7955.ENSDARP00000004582	269	2
3587514	7955.ENSDARP00000117990	268	1
3570630	7955.ENSDARP00000052730	268	3
3577050	7955.ENSDARP00000091666	267	2
3566795	7955.ENSDARP00000010745	267	1
3586854	7955.ENSDARP00000116255	267	1
3570176	7955.ENSDARP00000048728	266	5
3570004	7955.ENSDARP00000046783	266	2
3569856	7955.ENSDARP00000045068	266	4
3566306	7955.ENSDARP00000005930	265	4
3582120	7955.ENSDARP00000106401	263	1
3570512	7955.ENSDARP00000052060	263	3
3580527	7955.ENSDARP00000103118	263	7
3582317	7955.ENSDARP00000106781	263	39
3584817	7955.ENSDARP00000111447	263	39
3580850	7955.ENSDARP00000103937	263	39
3581799	7955.ENSDARP00000105815	263	6
3574257	7955.ENSDARP00000074186	263	10
3569129	7955.ENSDARP00000036607	262	2
3566906	7955.ENSDARP00000011656	262	4
3589366	7955.ENSDARP00000122727	259	1
3565901	7955.ENSDARP00000002175	258	31
3586663	7955.ENSDARP00000115782	258	2
3574428	7955.ENSDARP00000075208	257	5
3569466	7955.ENSDARP00000040755	257	3
3568757	7955.ENSDARP00000031228	257	1
3587370	7955.ENSDARP00000117657	256	4
3569409	7955.ENSDARP00000040189	256	4
3567727	7955.ENSDARP00000019888	255	21
3571504	7955.ENSDARP00000058363	254	1
3587223	7955.ENSDARP00000117259	253	3
3573776	7955.ENSDARP00000072059	253	7
3569537	7955.ENSDARP00000041530	253	1
3569430	7955.ENSDARP00000040379	252	4
3567476	7955.ENSDARP00000017258	250	3
3571441	7955.ENSDARP00000057943	250	1
3580564	7955.ENSDARP00000103208	250	39
3584687	7955.ENSDARP00000111194	250	39
3574513	7955.ENSDARP00000075639	250	5
3572840	7955.ENSDARP00000066896	249	1
3587204	7955.ENSDARP00000117212	249	7
3591117	7955.ENSDARP00000127355	249	3
3585232	7955.ENSDARP00000112153	248	1
3566471	7955.ENSDARP00000007566	248	2
3577655	7955.ENSDARP00000094251	248	2
3583782	7955.ENSDARP00000109528	247	2
3571260	7955.ENSDARP00000056766	246	3
3573708	7955.ENSDARP00000071656	246	1
3567312	7955.ENSDARP00000015775	245	4
3567886	7955.ENSDARP00000021652	245	4
3569350	7955.ENSDARP00000039324	245	17
3573534	7955.ENSDARP00000070488	245	9
3569530	7955.ENSDARP00000041461	244	2
3567902	7955.ENSDARP00000021850	244	2
3567924	7955.ENSDARP00000022077	243	14
3572019	7955.ENSDARP00000061671	242	2
3588626	7955.ENSDARP00000120878	242	1
3576875	7955.ENSDARP00000090833	241	2
3579211	7955.ENSDARP00000099639	240	16
3573195	7955.ENSDARP00000068662	239	7
3568943	7955.ENSDARP00000033828	239	3
3571945	7955.ENSDARP00000061097	239	32
3577927	7955.ENSDARP00000095394	238	5
3569224	7955.ENSDARP00000037759	237	2
3590582	7955.ENSDARP00000126029	237	5
3581935	7955.ENSDARP00000106067	235	8
3573536	7955.ENSDARP00000070509	235	2
3585975	7955.ENSDARP00000113985	233	3
3585906	7955.ENSDARP00000113812	233	2
3570024	7955.ENSDARP00000046980	232	3
3590007	7955.ENSDARP00000124569	232	1
3587025	7955.ENSDARP00000116723	232	2
3586546	7955.ENSDARP00000115483	232	2
3566233	7955.ENSDARP00000005260	232	3
3574050	7955.ENSDARP00000073284	230	1
3569975	7955.ENSDARP00000046442	230	32
3587982	7955.ENSDARP00000119179	230	30
3570821	7955.ENSDARP00000053935	229	1
3590012	7955.ENSDARP00000124593	228	3
3588274	7955.ENSDARP00000119966	228	1
3581653	7955.ENSDARP00000105565	228	3
3567804	7955.ENSDARP00000020656	227	1
3592134	7955.ENSDARP00000129595	227	3
3566362	7955.ENSDARP00000006445	226	2
3568202	7955.ENSDARP00000024560	226	5
3572761	7955.ENSDARP00000066383	225	12
3568356	7955.ENSDARP00000026065	225	11
3585565	7955.ENSDARP00000112921	224	2
3568281	7955.ENSDARP00000025342	224	1
3589685	7955.ENSDARP00000123538	224	1
3573302	7955.ENSDARP00000069226	224	3
3566007	7955.ENSDARP00000003167	224	1
3581703	7955.ENSDARP00000105646	223	39
3579173	7955.ENSDARP00000099550	223	39
3583556	7955.ENSDARP00000109119	223	7
3582982	7955.ENSDARP00000108050	223	5
3573272	7955.ENSDARP00000069087	223	2
3592133	7955.ENSDARP00000129592	222	4
3568955	7955.ENSDARP00000034052	222	2
3573742	7955.ENSDARP00000071853	222	4
3570879	7955.ENSDARP00000054355	222	1
3569305	7955.ENSDARP00000038835	222	3
3571839	7955.ENSDARP00000060362	221	2
3567271	7955.ENSDARP00000015328	221	2
3577608	7955.ENSDARP00000094070	221	1
3571418	7955.ENSDARP00000057787	220	39
3566670	7955.ENSDARP00000009474	219	11
3568861	7955.ENSDARP00000032748	219	5
3578586	7955.ENSDARP00000098055	218	5
3577940	7955.ENSDARP00000095458	217	1
3578212	7955.ENSDARP00000096674	217	8
3580936	7955.ENSDARP00000104161	216	5
3570411	7955.ENSDARP00000051312	215	5
3576842	7955.ENSDARP00000090658	214	1
3574759	7955.ENSDARP00000076693	214	2
3569434	7955.ENSDARP00000040404	214	6
3582516	7955.ENSDARP00000107168	212	1
3568130	7955.ENSDARP00000023871	212	1
3571247	7955.ENSDARP00000056711	212	3
3577537	7955.ENSDARP00000093801	212	39
3566371	7955.ENSDARP00000006510	212	4
3566715	7955.ENSDARP00000009909	212	4
3566123	7955.ENSDARP00000004127	212	10
3577696	7955.ENSDARP00000094413	212	10
3580306	7955.ENSDARP00000102498	212	10
3570789	7955.ENSDARP00000053774	212	10
3567318	7955.ENSDARP00000015805	212	10
3582714	7955.ENSDARP00000107538	212	1
3579176	7955.ENSDARP00000099554	211	5
3567683	7955.ENSDARP00000019400	209	3
3574128	7955.ENSDARP00000073630	209	1
3589912	7955.ENSDARP00000124229	209	2
3574366	7955.ENSDARP00000074862	209	4
3574035	7955.ENSDARP00000073195	207	32
3577355	7955.ENSDARP00000092990	207	1
3576936	7955.ENSDARP00000091083	207	2
3569734	7955.ENSDARP00000043659	207	5
3575516	7955.ENSDARP00000082411	207	2
3581250	7955.ENSDARP00000104823	206	5
3573397	7955.ENSDARP00000069759	206	4
3579046	7955.ENSDARP00000099216	205	1
3567136	7955.ENSDARP00000013902	205	2
3571766	7955.ENSDARP00000060000	205	3
3582531	7955.ENSDARP00000107199	205	1
3577573	7955.ENSDARP00000093927	204	1
3584716	7955.ENSDARP00000111245	204	2
3576026	7955.ENSDARP00000086433	203	3
3578701	7955.ENSDARP00000098342	203	39
3586449	7955.ENSDARP00000115240	202	2
3570626	7955.ENSDARP00000052702	202	2
3571547	7955.ENSDARP00000058585	201	2
3567362	7955.ENSDARP00000016160	201	3
3578195	7955.ENSDARP00000096596	201	1
3568292	7955.ENSDARP00000025466	201	5
3592211	7955.ENSDARP00000129778	200	1
3575398	7955.ENSDARP00000081474	199	4
3566322	7955.ENSDARP00000006085	199	3
3566177	7955.ENSDARP00000004738	199	6
3580972	7955.ENSDARP00000104241	199	4
3586595	7955.ENSDARP00000115589	199	4
3573605	7955.ENSDARP00000070950	198	2
3569501	7955.ENSDARP00000041228	197	1
3571316	7955.ENSDARP00000057173	196	1
3568284	7955.ENSDARP00000025370	196	1
3573566	7955.ENSDARP00000070658	196	3
3583113	7955.ENSDARP00000108289	196	32
3569879	7955.ENSDARP00000045298	195	2
3587206	7955.ENSDARP00000117214	195	4
3573768	7955.ENSDARP00000072006	195	16
3568073	7955.ENSDARP00000023354	193	5
3577492	7955.ENSDARP00000093629	193	2
3576660	7955.ENSDARP00000089816	193	3
3567776	7955.ENSDARP00000020361	193	3
3582321	7955.ENSDARP00000106788	192	2
3586127	7955.ENSDARP00000114387	192	6
3570340	7955.ENSDARP00000050670	192	6
3584159	7955.ENSDARP00000110237	192	6
3586703	7955.ENSDARP00000115880	192	2
3571026	7955.ENSDARP00000055339	191	2
3585712	7955.ENSDARP00000113278	190	1
3585932	7955.ENSDARP00000113885	190	8
3588648	7955.ENSDARP00000120922	190	2
3590611	7955.ENSDARP00000126116	190	1
3573105	7955.ENSDARP00000068197	189	1
3576240	7955.ENSDARP00000087871	189	1
3570023	7955.ENSDARP00000046972	189	3
3582933	7955.ENSDARP00000107935	189	3
3574717	7955.ENSDARP00000076487	189	1
3567279	7955.ENSDARP00000015404	189	4
3588881	7955.ENSDARP00000121524	188	2
3584069	7955.ENSDARP00000110052	188	2
3580536	7955.ENSDARP00000103150	187	3
3566496	7955.ENSDARP00000007792	187	2
3573403	7955.ENSDARP00000069804	186	2
3578000	7955.ENSDARP00000095720	186	32
3590544	7955.ENSDARP00000125918	185	17
3572190	7955.ENSDARP00000062735	185	3
3591339	7955.ENSDARP00000127882	185	5
3572937	7955.ENSDARP00000067373	184	2
3573665	7955.ENSDARP00000071423	184	3
3581985	7955.ENSDARP00000106164	184	23
3579365	7955.ENSDARP00000100066	184	3
3570305	7955.ENSDARP00000050257	184	5
3575473	7955.ENSDARP00000082031	183	8
3576715	7955.ENSDARP00000090113	183	5
3570486	7955.ENSDARP00000051806	182	1
3588716	7955.ENSDARP00000121132	182	3
3568478	7955.ENSDARP00000027276	182	3
3576522	7955.ENSDARP00000089161	181	2
3580181	7955.ENSDARP00000102203	181	4
3570217	7955.ENSDARP00000049169	180	3
3586492	7955.ENSDARP00000115363	180	3
3581498	7955.ENSDARP00000105296	180	2
3569036	7955.ENSDARP00000035207	180	1
3566994	7955.ENSDARP00000012444	179	2
3566189	7955.ENSDARP00000004866	179	4
3566777	7955.ENSDARP00000010482	179	1
3570658	7955.ENSDARP00000052916	178	3
3573763	7955.ENSDARP00000071960	177	2
3575580	7955.ENSDARP00000082917	177	38
3571104	7955.ENSDARP00000055809	177	2
3587522	7955.ENSDARP00000118006	177	3
3578872	7955.ENSDARP00000098757	176	2
3589130	7955.ENSDARP00000122149	176	2
3585401	7955.ENSDARP00000112471	176	1
3569985	7955.ENSDARP00000046575	176	4
3572471	7955.ENSDARP00000064461	176	3
3568518	7955.ENSDARP00000027672	176	1
3568212	7955.ENSDARP00000024643	176	2
3584881	7955.ENSDARP00000111558	176	1
3572192	7955.ENSDARP00000062739	175	1
3567880	7955.ENSDARP00000021565	174	1
3578035	7955.ENSDARP00000095921	172	1
3586978	7955.ENSDARP00000116598	172	2
3566425	7955.ENSDARP00000007117	172	2
3569705	7955.ENSDARP00000043311	171	1
3567550	7955.ENSDARP00000017897	170	1
3567261	7955.ENSDARP00000015262	169	2
3569060	7955.ENSDARP00000035541	169	2
3580360	7955.ENSDARP00000102666	169	2
3570172	7955.ENSDARP00000048675	169	2
3569355	7955.ENSDARP00000039459	169	1
3582141	7955.ENSDARP00000106441	169	72
3569218	7955.ENSDARP00000037689	169	2
3577465	7955.ENSDARP00000093490	167	14
3572236	7955.ENSDARP00000063009	166	2
3570034	7955.ENSDARP00000047072	166	2
3567451	7955.ENSDARP00000016984	165	3
3566529	7955.ENSDARP00000008048	164	3
3577389	7955.ENSDARP00000093187	164	2
3567949	7955.ENSDARP00000022302	164	8
3581117	7955.ENSDARP00000104575	164	4
3565914	7955.ENSDARP00000002269	163	1
3567932	7955.ENSDARP00000022120	163	6
3588749	7955.ENSDARP00000121203	162	2
3586998	7955.ENSDARP00000116659	161	1
3568043	7955.ENSDARP00000023098	161	3
3568977	7955.ENSDARP00000034327	160	1
3583488	7955.ENSDARP00000109000	160	1
3570413	7955.ENSDARP00000051359	159	87
3565879	7955.ENSDARP00000001565	159	2
3568927	7955.ENSDARP00000033622	159	3
3590431	7955.ENSDARP00000125625	159	3
3577983	7955.ENSDARP00000095608	159	2
3587697	7955.ENSDARP00000118446	158	3
3568166	7955.ENSDARP00000024210	158	25
3571399	7955.ENSDARP00000057641	158	1
3571684	7955.ENSDARP00000059368	156	2
3576016	7955.ENSDARP00000086334	156	1
3570698	7955.ENSDARP00000053188	156	1
3585939	7955.ENSDARP00000113905	155	8
3592091	7955.ENSDARP00000129497	155	3
3587238	7955.ENSDARP00000117293	155	2
3569980	7955.ENSDARP00000046526	154	2
3583075	7955.ENSDARP00000108215	154	15
3589540	7955.ENSDARP00000123181	154	1
3586665	7955.ENSDARP00000115785	154	10
3568516	7955.ENSDARP00000027655	153	2
3585166	7955.ENSDARP00000112054	153	2
3565927	7955.ENSDARP00000002453	153	2
3569354	7955.ENSDARP00000039450	153	3
3566815	7955.ENSDARP00000010921	153	10
3591858	7955.ENSDARP00000128988	152	6
3576850	7955.ENSDARP00000090716	152	1
3571852	7955.ENSDARP00000060457	152	3
3573516	7955.ENSDARP00000070414	152	2
3568361	7955.ENSDARP00000026092	152	1
3591879	7955.ENSDARP00000129036	150	3
3589535	7955.ENSDARP00000123163	149	2
3570206	7955.ENSDARP00000049002	149	6
3570316	7955.ENSDARP00000050398	149	1
3574575	7955.ENSDARP00000075883	148	2
3570951	7955.ENSDARP00000054875	148	1
3579180	7955.ENSDARP00000099561	148	1
3587199	7955.ENSDARP00000117196	148	1
3566052	7955.ENSDARP00000003468	147	4
3579420	7955.ENSDARP00000100216	146	1
3566856	7955.ENSDARP00000011226	146	1
3569015	7955.ENSDARP00000034904	146	2
3585406	7955.ENSDARP00000112479	146	2
3568152	7955.ENSDARP00000024096	146	4
3588396	7955.ENSDARP00000120266	146	1
3583061	7955.ENSDARP00000108193	146	6
3586872	7955.ENSDARP00000116319	145	1
3578676	7955.ENSDARP00000098279	145	4
3569973	7955.ENSDARP00000046430	145	3
3567789	7955.ENSDARP00000020485	145	3
3576871	7955.ENSDARP00000090804	145	3
3582394	7955.ENSDARP00000106922	145	1
3568747	7955.ENSDARP00000031098	144	1
3572625	7955.ENSDARP00000065396	144	1
3577247	7955.ENSDARP00000092429	143	5
3578029	7955.ENSDARP00000095894	143	2
3567621	7955.ENSDARP00000018699	143	3
3590039	7955.ENSDARP00000124672	143	2
3576976	7955.ENSDARP00000091324	143	9
3576111	7955.ENSDARP00000087003	142	1
3576552	7955.ENSDARP00000089300	142	1
3578140	7955.ENSDARP00000096411	142	2
3588155	7955.ENSDARP00000119651	141	2
3570585	7955.ENSDARP00000052440	141	5
3587263	7955.ENSDARP00000117370	141	2
3574368	7955.ENSDARP00000074872	141	1
3571208	7955.ENSDARP00000056459	141	4
3566978	7955.ENSDARP00000012352	141	1
3568477	7955.ENSDARP00000027268	140	4
3572876	7955.ENSDARP00000067039	140	2
3567480	7955.ENSDARP00000017326	139	13
3583417	7955.ENSDARP00000108870	139	3
3573271	7955.ENSDARP00000069085	139	1
3569247	7955.ENSDARP00000038075	139	2
3573004	7955.ENSDARP00000067677	139	1
3566655	7955.ENSDARP00000009320	137	13
3568439	7955.ENSDARP00000026895	137	2
3565907	7955.ENSDARP00000002223	137	1
3577841	7955.ENSDARP00000095064	137	1
3567940	7955.ENSDARP00000022217	137	1
3579459	7955.ENSDARP00000100307	136	2
3567147	7955.ENSDARP00000014010	136	2
3586706	7955.ENSDARP00000115888	136	2
3581833	7955.ENSDARP00000105882	136	2
3571579	7955.ENSDARP00000058736	135	2
3569406	7955.ENSDARP00000040170	135	1
3569612	7955.ENSDARP00000042258	135	2
3582971	7955.ENSDARP00000108027	135	6
3589134	7955.ENSDARP00000122154	135	2
3585004	7955.ENSDARP00000111782	135	1
3566409	7955.ENSDARP00000006888	135	7
3571538	7955.ENSDARP00000058536	135	2
3570167	7955.ENSDARP00000048631	134	6
3583595	7955.ENSDARP00000109196	134	6
3585382	7955.ENSDARP00000112435	134	2
3578686	7955.ENSDARP00000098301	134	1
3567580	7955.ENSDARP00000018231	134	2
3567401	7955.ENSDARP00000016595	133	1
3583270	7955.ENSDARP00000108568	133	2
3571253	7955.ENSDARP00000056744	132	4
3587217	7955.ENSDARP00000117246	132	1
3567516	7955.ENSDARP00000017622	132	2
3578142	7955.ENSDARP00000096416	132	1
3579371	7955.ENSDARP00000100082	132	1
3581515	7955.ENSDARP00000105328	132	1
3573200	7955.ENSDARP00000068697	132	2
3574696	7955.ENSDARP00000076404	131	1
3577403	7955.ENSDARP00000093249	131	2
3587143	7955.ENSDARP00000117043	131	1
3575175	7955.ENSDARP00000079733	131	1
3569797	7955.ENSDARP00000044327	130	2
3577654	7955.ENSDARP00000094247	130	1
3588298	7955.ENSDARP00000120032	130	2
3588543	7955.ENSDARP00000120649	130	5
3574057	7955.ENSDARP00000073325	130	1
3572732	7955.ENSDARP00000066176	129	11
3583026	7955.ENSDARP00000108139	129	2
3583622	7955.ENSDARP00000109232	129	2
3570797	7955.ENSDARP00000053833	128	2
3569745	7955.ENSDARP00000043742	128	10
3570049	7955.ENSDARP00000047200	128	5
3577567	7955.ENSDARP00000093918	128	2
3575049	7955.ENSDARP00000078672	128	1
3568348	7955.ENSDARP00000025996	128	1
3590024	7955.ENSDARP00000124627	127	1
3570858	7955.ENSDARP00000054207	127	1
3577750	7955.ENSDARP00000094648	126	2
3569868	7955.ENSDARP00000045149	126	5
3568359	7955.ENSDARP00000026086	125	5
3566079	7955.ENSDARP00000003700	125	1
3579426	7955.ENSDARP00000100229	125	2
3581160	7955.ENSDARP00000104653	124	4
3580714	7955.ENSDARP00000103599	124	2
3566608	7955.ENSDARP00000008857	123	2
3569110	7955.ENSDARP00000036317	123	1
3585998	7955.ENSDARP00000114046	123	1
3588946	7955.ENSDARP00000121692	122	4
3590229	7955.ENSDARP00000125214	122	3
3574383	7955.ENSDARP00000074935	122	9
3578263	7955.ENSDARP00000096898	122	9
3569183	7955.ENSDARP00000037286	122	2
3578150	7955.ENSDARP00000096443	122	3
3572109	7955.ENSDARP00000062337	121	2
3571653	7955.ENSDARP00000059226	120	1
3581375	7955.ENSDARP00000105058	120	2
3582676	7955.ENSDARP00000107467	120	1
3585911	7955.ENSDARP00000113831	120	1
3583317	7955.ENSDARP00000108684	120	1
3571422	7955.ENSDARP00000057824	120	1
3582622	7955.ENSDARP00000107359	120	2
3583706	7955.ENSDARP00000109385	119	6
3573171	7955.ENSDARP00000068574	119	6
3580449	7955.ENSDARP00000102928	119	2
3583980	7955.ENSDARP00000109888	119	4
3589054	7955.ENSDARP00000121973	119	1
3570912	7955.ENSDARP00000054618	119	3
3566592	7955.ENSDARP00000008663	119	3
3570275	7955.ENSDARP00000049899	119	1
3587056	7955.ENSDARP00000116826	119	1
3576864	7955.ENSDARP00000090756	118	1
3571146	7955.ENSDARP00000056088	118	6
3586868	7955.ENSDARP00000116310	118	2
3579138	7955.ENSDARP00000099464	118	1
3568194	7955.ENSDARP00000024433	118	1
3584034	7955.ENSDARP00000109993	118	2
3588800	7955.ENSDARP00000121339	118	1
3570960	7955.ENSDARP00000054908	118	2
3583265	7955.ENSDARP00000108556	117	2
3566333	7955.ENSDARP00000006201	117	2
3586018	7955.ENSDARP00000114101	117	1
3584051	7955.ENSDARP00000110023	117	1
3585584	7955.ENSDARP00000112954	117	2
3566914	7955.ENSDARP00000011713	117	1
3584536	7955.ENSDARP00000110917	117	1
3576190	7955.ENSDARP00000087580	116	1
3567320	7955.ENSDARP00000015815	116	2
3580439	7955.ENSDARP00000102897	115	1
3570306	7955.ENSDARP00000050270	115	3
3568713	7955.ENSDARP00000030612	115	1
3568704	7955.ENSDARP00000030479	115	2
3587636	7955.ENSDARP00000118276	115	1
3586646	7955.ENSDARP00000115723	115	4
3576720	7955.ENSDARP00000090133	115	6
3575171	7955.ENSDARP00000079716	115	1
3571633	7955.ENSDARP00000059062	115	2
3565940	7955.ENSDARP00000002544	114	6
3573018	7955.ENSDARP00000067775	114	1
3575788	7955.ENSDARP00000084449	114	1
3582336	7955.ENSDARP00000106808	114	1
3570975	7955.ENSDARP00000055063	114	2
3588915	7955.ENSDARP00000121623	114	2
3588585	7955.ENSDARP00000120759	114	3
3572243	7955.ENSDARP00000063051	114	2
3590394	7955.ENSDARP00000125552	113	3
3574072	7955.ENSDARP00000073383	113	1
3591655	7955.ENSDARP00000128555	113	2
3574063	7955.ENSDARP00000073352	113	5
3583266	7955.ENSDARP00000108560	113	1
3570040	7955.ENSDARP00000047100	113	6
3569549	7955.ENSDARP00000041626	113	2
3588499	7955.ENSDARP00000120516	113	1
3566938	7955.ENSDARP00000011966	113	1
3568329	7955.ENSDARP00000025772	113	1
3568527	7955.ENSDARP00000027775	112	1
3566959	7955.ENSDARP00000012186	112	3
3578042	7955.ENSDARP00000095947	111	1
3591987	7955.ENSDARP00000129267	111	2
3573352	7955.ENSDARP00000069525	111	2
3565909	7955.ENSDARP00000002234	111	2
3587911	7955.ENSDARP00000118986	111	5
3586462	7955.ENSDARP00000115283	111	3
3568379	7955.ENSDARP00000026327	111	3
3582742	7955.ENSDARP00000107578	111	3
3585006	7955.ENSDARP00000111784	111	3
3588564	7955.ENSDARP00000120702	111	3
3584811	7955.ENSDARP00000111434	111	3
3583617	7955.ENSDARP00000109226	111	3
3582484	7955.ENSDARP00000107105	111	1
3585942	7955.ENSDARP00000113913	111	2
3587255	7955.ENSDARP00000117350	111	2
3570393	7955.ENSDARP00000051183	111	4
3587884	7955.ENSDARP00000118910	111	1
3590915	7955.ENSDARP00000126856	110	1
3570524	7955.ENSDARP00000052103	110	2
3572356	7955.ENSDARP00000063763	110	1
3567595	7955.ENSDARP00000018458	110	3
3582608	7955.ENSDARP00000107323	110	5
3569437	7955.ENSDARP00000040421	109	1
3571044	7955.ENSDARP00000055472	109	2
3590365	7955.ENSDARP00000125496	109	3
3590217	7955.ENSDARP00000125193	109	3
3590239	7955.ENSDARP00000125238	109	3
3590242	7955.ENSDARP00000125244	109	3
3568470	7955.ENSDARP00000027139	109	1
3582222	7955.ENSDARP00000106592	109	1
3584658	7955.ENSDARP00000111142	109	3
3575277	7955.ENSDARP00000080431	108	2
3580103	7955.ENSDARP00000101995	108	3
3591050	7955.ENSDARP00000127159	108	1
3591080	7955.ENSDARP00000127247	108	1
3586737	7955.ENSDARP00000115964	108	61
3578124	7955.ENSDARP00000096361	108	1
3582906	7955.ENSDARP00000107877	108	2
3568270	7955.ENSDARP00000025226	108	1
3570662	7955.ENSDARP00000052929	107	2
3585935	7955.ENSDARP00000113893	107	1
3578154	7955.ENSDARP00000096449	107	4
3569118	7955.ENSDARP00000036413	107	1
3570239	7955.ENSDARP00000049419	107	2
3585021	7955.ENSDARP00000111810	106	1
3571467	7955.ENSDARP00000058094	106	3
3588378	7955.ENSDARP00000120216	106	1
3569056	7955.ENSDARP00000035494	106	2
3579751	7955.ENSDARP00000101055	105	3
3569358	7955.ENSDARP00000039535	105	1
3568357	7955.ENSDARP00000026070	105	1
3568150	7955.ENSDARP00000024082	105	2
3588519	7955.ENSDARP00000120586	105	2
3568964	7955.ENSDARP00000034171	105	2
3590982	7955.ENSDARP00000126999	104	3
3571530	7955.ENSDARP00000058490	104	1
3582119	7955.ENSDARP00000106400	104	1
3568677	7955.ENSDARP00000029935	104	5
3583554	7955.ENSDARP00000109113	104	1
3576092	7955.ENSDARP00000086825	103	1
3583235	7955.ENSDARP00000108507	103	1
3579718	7955.ENSDARP00000100986	103	1
3574460	7955.ENSDARP00000075348	103	4
3574210	7955.ENSDARP00000073983	103	1
3578121	7955.ENSDARP00000096352	103	17
3572343	7955.ENSDARP00000063702	102	1
3568398	7955.ENSDARP00000026495	102	1
3572270	7955.ENSDARP00000063150	102	1
3568234	7955.ENSDARP00000024860	102	5
3570319	7955.ENSDARP00000050456	101	1
3574527	7955.ENSDARP00000075688	101	3
3565934	7955.ENSDARP00000002502	101	2
3585737	7955.ENSDARP00000113335	101	1
3572644	7955.ENSDARP00000065503	101	1
3567837	7955.ENSDARP00000021064	101	3
3565904	7955.ENSDARP00000002199	100	2
3587552	7955.ENSDARP00000118068	100.0	9
3576962	7955.ENSDARP00000091264	99.8	1
3587649	7955.ENSDARP00000118326	99.4	17
3569443	7955.ENSDARP00000040498	99.3	1
3577990	7955.ENSDARP00000095645	99.1	5
3566596	7955.ENSDARP00000008690	99.0	8
3568197	7955.ENSDARP00000024492	98.6	2
3566433	7955.ENSDARP00000007188	98.5	2
3568537	7955.ENSDARP00000027919	98.4	1
3574318	7955.ENSDARP00000074585	98.3	2
3566491	7955.ENSDARP00000007735	98.2	1
3577722	7955.ENSDARP00000094530	97.9	7
3574006	7955.ENSDARP00000073055	97.8	1
3571897	7955.ENSDARP00000060765	97.4	4
3571814	7955.ENSDARP00000060244	97.3	1
3570438	7955.ENSDARP00000051545	97.0	3
3574885	7955.ENSDARP00000077503	96.9	1
3568553	7955.ENSDARP00000028107	96.6	1
3587976	7955.ENSDARP00000119169	96.6	1
3567291	7955.ENSDARP00000015515	96.6	4
3573409	7955.ENSDARP00000069870	96.5	1
3567793	7955.ENSDARP00000020535	96.5	3
3577407	7955.ENSDARP00000093261	96.3	1
3577651	7955.ENSDARP00000094243	96.2	5
3572085	7955.ENSDARP00000062142	96.2	5
3568403	7955.ENSDARP00000026554	96.2	1
3567107	7955.ENSDARP00000013511	96.2	2
3567203	7955.ENSDARP00000014732	95.9	2
3579386	7955.ENSDARP00000100117	95.5	2
3576927	7955.ENSDARP00000091056	95.3	4
3584081	7955.ENSDARP00000110078	95.2	2
3585627	7955.ENSDARP00000113049	95.0	2
3586236	7955.ENSDARP00000114665	94.8	2
3570350	7955.ENSDARP00000050846	94.7	2
3569232	7955.ENSDARP00000037844	94.6	1
3583594	7955.ENSDARP00000109194	94.0	2
3583226	7955.ENSDARP00000108490	93.7	1
3566484	7955.ENSDARP00000007696	93.7	2
3569783	7955.ENSDARP00000044127	93.7	1
3573297	7955.ENSDARP00000069198	93.6	1
3574334	7955.ENSDARP00000074719	93.4	1
3575623	7955.ENSDARP00000083252	93.4	1
3587868	7955.ENSDARP00000118870	93.3	1
3589877	7955.ENSDARP00000124107	93.2	3
3568811	7955.ENSDARP00000032153	92.7	1
3576422	7955.ENSDARP00000088691	92.6	1
3568185	7955.ENSDARP00000024354	92.4	1
3565990	7955.ENSDARP00000003038	92.4	3
3573575	7955.ENSDARP00000070746	92.3	1
3588916	7955.ENSDARP00000121626	92.1	1
3579576	7955.ENSDARP00000100615	92.1	1
3580266	7955.ENSDARP00000102398	91.8	2
3569743	7955.ENSDARP00000043714	91.7	2
3589117	7955.ENSDARP00000122116	91.7	5
3587820	7955.ENSDARP00000118753	91.2	1
3568264	7955.ENSDARP00000025160	91.2	1
3588233	7955.ENSDARP00000119861	91.2	1
3577482	7955.ENSDARP00000093570	91.1	3
3575418	7955.ENSDARP00000081585	91.0	2
3581926	7955.ENSDARP00000106050	90.9	2
3583873	7955.ENSDARP00000109694	90.8	1
3571124	7955.ENSDARP00000055955	90.8	2
3584921	7955.ENSDARP00000111631	90.5	4
3571981	7955.ENSDARP00000061365	90.5	4
3569054	7955.ENSDARP00000035453	90.5	4
3591659	7955.ENSDARP00000128559	90.4	2
3577019	7955.ENSDARP00000091530	90.3	1
3566836	7955.ENSDARP00000011083	90.2	2
3589729	7955.ENSDARP00000123643	89.4	1
3584235	7955.ENSDARP00000110363	89.4	3
3568958	7955.ENSDARP00000034094	88.9	1
3569106	7955.ENSDARP00000036252	88.5	2
3577554	7955.ENSDARP00000093850	88.2	1
3573087	7955.ENSDARP00000068111	88.1	2
3575045	7955.ENSDARP00000078619	88.1	1
3565998	7955.ENSDARP00000003107	88.0	2
3580728	7955.ENSDARP00000103621	88.0	1
3589560	7955.ENSDARP00000123235	87.7	1
3582761	7955.ENSDARP00000107618	87.3	2
3590031	7955.ENSDARP00000124654	87.1	2
3567253	7955.ENSDARP00000015132	87.0	1
3569341	7955.ENSDARP00000039222	87.0	1
3568584	7955.ENSDARP00000028641	86.9	1
3577898	7955.ENSDARP00000095293	86.8	1
3576909	7955.ENSDARP00000090963	86.7	2
3573241	7955.ENSDARP00000068947	86.7	1
3568567	7955.ENSDARP00000028345	86.3	1
3572896	7955.ENSDARP00000067116	85.9	1
3566181	7955.ENSDARP00000004795	85.9	1
3578192	7955.ENSDARP00000096586	85.8	2
3570690	7955.ENSDARP00000053151	85.7	1
3569760	7955.ENSDARP00000043882	85.7	1
3574302	7955.ENSDARP00000074525	85.7	1
3588417	7955.ENSDARP00000120318	85.3	1
3576662	7955.ENSDARP00000089834	85.0	1
3585945	7955.ENSDARP00000113920	84.8	1
3566560	7955.ENSDARP00000008333	84.3	1
3572988	7955.ENSDARP00000067603	84.3	5
3577412	7955.ENSDARP00000093277	84.0	2
3567967	7955.ENSDARP00000022440	83.6	1
3575624	7955.ENSDARP00000083259	83.0	1
3574900	7955.ENSDARP00000077647	82.8	1
3582570	7955.ENSDARP00000107258	82.6	1
3568082	7955.ENSDARP00000023507	82.4	1
3570014	7955.ENSDARP00000046901	82.3	1
3571246	7955.ENSDARP00000056685	81.8	5
3578023	7955.ENSDARP00000095876	81.8	1
3576299	7955.ENSDARP00000088115	81.8	1
3580833	7955.ENSDARP00000103896	81.7	1
3571431	7955.ENSDARP00000057868	81.4	1
3590999	7955.ENSDARP00000127037	81.4	1
3568728	7955.ENSDARP00000030819	81.2	7
3568519	7955.ENSDARP00000027695	81.1	1
3585014	7955.ENSDARP00000111799	81.0	1
3572064	7955.ENSDARP00000061954	80.9	4
3582505	7955.ENSDARP00000107144	80.9	1
3577096	7955.ENSDARP00000091844	80.8	1
3580999	7955.ENSDARP00000104304	80.3	1
3588582	7955.ENSDARP00000120745	80.1	7
3566913	7955.ENSDARP00000011707	80.1	1
3579309	7955.ENSDARP00000099928	80.1	1
3569321	7955.ENSDARP00000038993	80.1	1
3569216	7955.ENSDARP00000037670	80.0	1
3579184	7955.ENSDARP00000099570	79.9	3
3589957	7955.ENSDARP00000124384	79.8	1
3576926	7955.ENSDARP00000091054	79.6	4
3575613	7955.ENSDARP00000083123	79.5	1
3566952	7955.ENSDARP00000012119	78.8	1
3569723	7955.ENSDARP00000043515	78.7	3
3585881	7955.ENSDARP00000113724	78.6	1
3566277	7955.ENSDARP00000005640	78.6	1
3585197	7955.ENSDARP00000112099	78.2	3
3572925	7955.ENSDARP00000067292	78.2	1
3590978	7955.ENSDARP00000126987	78.1	3
3574345	7955.ENSDARP00000074789	77.9	1
3567731	7955.ENSDARP00000019915	77.9	4
3589712	7955.ENSDARP00000123601	77.8	13
3569591	7955.ENSDARP00000042055	77.6	1
3587004	7955.ENSDARP00000116667	77.6	1
3566550	7955.ENSDARP00000008223	77.5	2
3566880	7955.ENSDARP00000011426	76.9	1
3568941	7955.ENSDARP00000033788	76.8	1
3586029	7955.ENSDARP00000114134	76.5	2
3567132	7955.ENSDARP00000013839	76.5	1
3577028	7955.ENSDARP00000091557	76.4	2
3585149	7955.ENSDARP00000112030	76.2	2
3569397	7955.ENSDARP00000040031	76.1	1
3568816	7955.ENSDARP00000032177	76.1	2
3567944	7955.ENSDARP00000022256	76.1	2
3568031	7955.ENSDARP00000022947	75.9	1
3591900	7955.ENSDARP00000129087	75.6	5
3571975	7955.ENSDARP00000061327	75.6	1
3586609	7955.ENSDARP00000115626	75.5	1
3567514	7955.ENSDARP00000017613	75.5	1
3582839	7955.ENSDARP00000107762	75.4	1
3568725	7955.ENSDARP00000030814	75.1	1
3572783	7955.ENSDARP00000066500	75.0	4
3568796	7955.ENSDARP00000031864	74.9	1
3566080	7955.ENSDARP00000003705	74.8	2
3572951	7955.ENSDARP00000067432	74.8	2
3566621	7955.ENSDARP00000009052	74.8	3
3579016	7955.ENSDARP00000099126	74.7	1
3579752	7955.ENSDARP00000101059	74.6	1
3583376	7955.ENSDARP00000108791	74.4	2
3591166	7955.ENSDARP00000127485	74.3	3
3581451	7955.ENSDARP00000105213	74.3	1
3579221	7955.ENSDARP00000099661	74.3	1
3589392	7955.ENSDARP00000122802	74.2	3
3574604	7955.ENSDARP00000076040	73.6	2
3579324	7955.ENSDARP00000099971	73.5	1
3565958	7955.ENSDARP00000002775	73.5	1
3576053	7955.ENSDARP00000086571	73.4	1
3588215	7955.ENSDARP00000119816	73.2	1
3566156	7955.ENSDARP00000004473	73.1	1
3584959	7955.ENSDARP00000111699	73.0	2
3565878	7955.ENSDARP00000001459	72.9	1
3579542	7955.ENSDARP00000100503	72.8	1
3581910	7955.ENSDARP00000106024	72.5	1
3567182	7955.ENSDARP00000014414	72.5	1
3569435	7955.ENSDARP00000040408	72.4	1
3567156	7955.ENSDARP00000014106	72.4	2
3584266	7955.ENSDARP00000110426	72.4	1
3590446	7955.ENSDARP00000125667	72.1	1
3566762	7955.ENSDARP00000010384	72.0	1
3566650	7955.ENSDARP00000009277	71.8	1
3590922	7955.ENSDARP00000126875	71.7	3
3585119	7955.ENSDARP00000111975	71.6	1
3586984	7955.ENSDARP00000116609	71.5	1
3571825	7955.ENSDARP00000060303	71.5	1
3582499	7955.ENSDARP00000107134	71.4	2
3567372	7955.ENSDARP00000016261	71.3	5
3591599	7955.ENSDARP00000128424	71.2	1
3568103	7955.ENSDARP00000023685	70.7	1
3588238	7955.ENSDARP00000119870	70.7	1
3585842	7955.ENSDARP00000113622	70.5	2
3568342	7955.ENSDARP00000025865	70.4	2
3575199	7955.ENSDARP00000079877	70.1	2
3591554	7955.ENSDARP00000128329	70.1	1
3576059	7955.ENSDARP00000086620	70.0	2
3580295	7955.ENSDARP00000102463	69.8	1
3574043	7955.ENSDARP00000073256	69.7	2
3587138	7955.ENSDARP00000117034	69.7	1
3576667	7955.ENSDARP00000089879	69.5	7
3567698	7955.ENSDARP00000019585	69.3	1
3573394	7955.ENSDARP00000069745	69.2	1
3577659	7955.ENSDARP00000094269	69.0	1
3588203	7955.ENSDARP00000119785	68.8	1
3569370	7955.ENSDARP00000039745	68.8	3
3580392	7955.ENSDARP00000102755	68.6	1
3568502	7955.ENSDARP00000027536	68.5	1
3582862	7955.ENSDARP00000107804	68.4	1
3566676	7955.ENSDARP00000009555	68.3	1
3583210	7955.ENSDARP00000108469	67.7	1
3579759	7955.ENSDARP00000101080	67.5	1
3585397	7955.ENSDARP00000112458	67.3	1
3569411	7955.ENSDARP00000040203	67.1	3
3576746	7955.ENSDARP00000090249	67.0	2
3566860	7955.ENSDARP00000011269	67.0	51
3567871	7955.ENSDARP00000021450	66.9	1
3570560	7955.ENSDARP00000052354	66.8	3
3569144	7955.ENSDARP00000036825	66.7	1
3573418	7955.ENSDARP00000069904	66.7	1
3565855	7955.ENSDARP00000000803	66.6	9
3570653	7955.ENSDARP00000052906	66.6	2
3567813	7955.ENSDARP00000020784	66.5	1
3572292	7955.ENSDARP00000063332	66.4	1
3566817	7955.ENSDARP00000010925	66.3	3
3566580	7955.ENSDARP00000008513	66.3	3
3566523	7955.ENSDARP00000007995	66.2	1
3577891	7955.ENSDARP00000095265	65.9	3
3585453	7955.ENSDARP00000112584	65.8	1
3569018	7955.ENSDARP00000034945	65.7	1
3566228	7955.ENSDARP00000005224	65.7	9
3566242	7955.ENSDARP00000005309	65.4	1
3567218	7955.ENSDARP00000014852	65.0	1
3576489	7955.ENSDARP00000089039	65.0	2
3578015	7955.ENSDARP00000095806	64.8	7
3568559	7955.ENSDARP00000028148	64.8	7
3580031	7955.ENSDARP00000101802	64.5	2
3584750	7955.ENSDARP00000111296	64.4	1
3572513	7955.ENSDARP00000064699	63.1	1
3577307	7955.ENSDARP00000092712	62.9	2
3578016	7955.ENSDARP00000095811	62.6	6
3566423	7955.ENSDARP00000007090	62.6	1
3567266	7955.ENSDARP00000015293	62.4	2
3580324	7955.ENSDARP00000102557	62.4	1
3566502	7955.ENSDARP00000007817	62.3	1
3570146	7955.ENSDARP00000048394	62.3	4
3571642	7955.ENSDARP00000059181	62.2	1
3565920	7955.ENSDARP00000002360	62.2	1
3569655	7955.ENSDARP00000042774	62.1	1
3569318	7955.ENSDARP00000038975	62.1	1
3582293	7955.ENSDARP00000106731	61.9	1
3576153	7955.ENSDARP00000087338	61.8	1
3584701	7955.ENSDARP00000111217	61.8	2
3588952	7955.ENSDARP00000121708	61.7	1
3568317	7955.ENSDARP00000025652	61.7	1
3577770	7955.ENSDARP00000094762	61.5	1
3590080	7955.ENSDARP00000124805	61.2	4
3568950	7955.ENSDARP00000033971	61.1	2
3569135	7955.ENSDARP00000036667	60.9	1
3583143	7955.ENSDARP00000108344	60.9	1
3576293	7955.ENSDARP00000088095	60.8	4
3589488	7955.ENSDARP00000123052	60.8	2
3573687	7955.ENSDARP00000071557	60.8	1
3574034	7955.ENSDARP00000073185	60.5	1
3579187	7955.ENSDARP00000099577	60.4	1
3587373	7955.ENSDARP00000117665	60.3	2
3588288	7955.ENSDARP00000120005	60.3	1
3568586	7955.ENSDARP00000028687	60.3	1
3581834	7955.ENSDARP00000105892	60.1	1
3576794	7955.ENSDARP00000090491	60.0	2
3578846	7955.ENSDARP00000098704	59.7	5
3583766	7955.ENSDARP00000109499	59.3	2
3566572	7955.ENSDARP00000008455	59.3	1
3588602	7955.ENSDARP00000120817	59.2	1
3574088	7955.ENSDARP00000073441	59.2	1
3574467	7955.ENSDARP00000075390	59.2	1
3577825	7955.ENSDARP00000094995	59.1	1
3591940	7955.ENSDARP00000129177	59.0	2
3572673	7955.ENSDARP00000065673	58.8	1
3580461	7955.ENSDARP00000102961	58.7	2
3567196	7955.ENSDARP00000014578	58.7	1
3587780	7955.ENSDARP00000118646	58.5	1
3573792	7955.ENSDARP00000072130	58.5	1
3575257	7955.ENSDARP00000080303	58.3	1
3592254	7955.ENSDARP00000129867	58.3	1
3567310	7955.ENSDARP00000015727	58.3	1
3568944	7955.ENSDARP00000033859	58.2	1
3581359	7955.ENSDARP00000105030	58.1	2
3566120	7955.ENSDARP00000004055	58.1	2
3573619	7955.ENSDARP00000070999	58.1	3
3574698	7955.ENSDARP00000076414	58.0	2
3589754	7955.ENSDARP00000123715	57.9	4
3581289	7955.ENSDARP00000104897	57.7	1
3567155	7955.ENSDARP00000014099	57.4	1
3588064	7955.ENSDARP00000119402	57.3	1
3587416	7955.ENSDARP00000117779	57.2	1
3582347	7955.ENSDARP00000106827	57.1	1
3591824	7955.ENSDARP00000128910	57.0	1
3574260	7955.ENSDARP00000074210	56.9	1
3585159	7955.ENSDARP00000112044	56.8	1
3568449	7955.ENSDARP00000026992	56.8	3
3568639	7955.ENSDARP00000029477	56.7	9
3580918	7955.ENSDARP00000104118	56.6	2
3585120	7955.ENSDARP00000111976	56.5	1
3565897	7955.ENSDARP00000002126	56.2	1
3586451	7955.ENSDARP00000115246	56.2	1
3573987	7955.ENSDARP00000072983	56.1	1
3569990	7955.ENSDARP00000046625	55.8	1
3566135	7955.ENSDARP00000004205	55.6	1
3579142	7955.ENSDARP00000099474	55.5	1
3575246	7955.ENSDARP00000080204	55.5	1
3569371	7955.ENSDARP00000039779	55.4	1
3572854	7955.ENSDARP00000066960	55.2	1
3572024	7955.ENSDARP00000061692	55.0	1
3590969	7955.ENSDARP00000126970	54.9	3
3586040	7955.ENSDARP00000114189	54.9	2
3567031	7955.ENSDARP00000012776	54.8	1
3585237	7955.ENSDARP00000112163	54.7	3
3579260	7955.ENSDARP00000099768	54.5	2
3571211	7955.ENSDARP00000056493	54.2	3
3571270	7955.ENSDARP00000056848	53.9	33
3566673	7955.ENSDARP00000009521	53.6	2
3578741	7955.ENSDARP00000098436	53.6	3
3570364	7955.ENSDARP00000050915	53.3	4
3569065	7955.ENSDARP00000035593	53.2	2
3573969	7955.ENSDARP00000072903	53.1	2
3577897	7955.ENSDARP00000095292	52.8	1
3583191	7955.ENSDARP00000108433	52.8	1
3578010	7955.ENSDARP00000095774	52.7	4
3583891	7955.ENSDARP00000109720	52.6	2
3571215	7955.ENSDARP00000056522	52.6	2
3568558	7955.ENSDARP00000028137	52.5	1
3566020	7955.ENSDARP00000003276	52.5	2
3581983	7955.ENSDARP00000106162	52.3	1
3576912	7955.ENSDARP00000090972	52.2	3
3576911	7955.ENSDARP00000090970	52.2	3
3589161	7955.ENSDARP00000122218	52.2	3
3567552	7955.ENSDARP00000017923	52.2	1
3573945	7955.ENSDARP00000072799	52.1	1
3592246	7955.ENSDARP00000129848	52.1	2
3566241	7955.ENSDARP00000005284	52.1	1
3574331	7955.ENSDARP00000074706	52.1	2
3569453	7955.ENSDARP00000040644	52.0	2
3565955	7955.ENSDARP00000002761	52.0	2
3575851	7955.ENSDARP00000084961	52.0	2
3587838	7955.ENSDARP00000118803	52.0	1
3583978	7955.ENSDARP00000109883	51.8	6
3567349	7955.ENSDARP00000016064	51.8	2
3566867	7955.ENSDARP00000011311	51.8	2
3570488	7955.ENSDARP00000051817	51.3	1
3566652	7955.ENSDARP00000009285	51.0	1
3586309	7955.ENSDARP00000114862	50.8	1
3589268	7955.ENSDARP00000122475	50.7	2
3585539	7955.ENSDARP00000112851	50.4	2
3585110	7955.ENSDARP00000111963	50.4	2
3575133	7955.ENSDARP00000079424	50.4	2
3576980	7955.ENSDARP00000091365	50.3	1
3580032	7955.ENSDARP00000101805	50.2	1
3590120	7955.ENSDARP00000124961	50.2	3
3568795	7955.ENSDARP00000031822	50.1	3
3589991	7955.ENSDARP00000124516	49.9	1
3576356	7955.ENSDARP00000088385	49.9	1
3585886	7955.ENSDARP00000113739	49.7	2
3570619	7955.ENSDARP00000052655	49.7	1
3582428	7955.ENSDARP00000106981	49.6	4
3582358	7955.ENSDARP00000106853	49.6	2
3589739	7955.ENSDARP00000123668	49.5	1
3583993	7955.ENSDARP00000109908	49.5	1
3584856	7955.ENSDARP00000111507	49.5	1
3580121	7955.ENSDARP00000102047	49.5	1
3568953	7955.ENSDARP00000034038	49.4	1
3585241	7955.ENSDARP00000112167	49.4	1
3568682	7955.ENSDARP00000030050	49.3	7
3566765	7955.ENSDARP00000010413	49.3	7
3583597	7955.ENSDARP00000109199	49.3	7
3591626	7955.ENSDARP00000128493	49.1	2
3579116	7955.ENSDARP00000099404	48.9	1
3571048	7955.ENSDARP00000055491	48.9	1
3569031	7955.ENSDARP00000035109	48.8	1
3565838	7955.ENSDARP00000000069	48.8	1
3590009	7955.ENSDARP00000124587	48.7	1
3580813	7955.ENSDARP00000103854	48.7	7
3577926	7955.ENSDARP00000095389	48.5	1
3579294	7955.ENSDARP00000099877	47.9	1
3567765	7955.ENSDARP00000020214	47.6	3
3566308	7955.ENSDARP00000005952	47.5	1
3566446	7955.ENSDARP00000007267	47.4	1
3575576	7955.ENSDARP00000082893	47.4	1
3578191	7955.ENSDARP00000096581	47.4	8
3591252	7955.ENSDARP00000127693	47.3	1
3573104	7955.ENSDARP00000068196	47.3	1
3572428	7955.ENSDARP00000064171	47.2	2
3567964	7955.ENSDARP00000022426	47.2	1
3578825	7955.ENSDARP00000098660	47.1	3
3579942	7955.ENSDARP00000101574	47.0	1
3571761	7955.ENSDARP00000059971	47.0	1
3583321	7955.ENSDARP00000108688	47.0	1
3575321	7955.ENSDARP00000080769	46.9	1
3570615	7955.ENSDARP00000052644	46.8	1
3570710	7955.ENSDARP00000053266	46.6	1
3590143	7955.ENSDARP00000125036	46.6	3
3583645	7955.ENSDARP00000109278	46.5	1
3583708	7955.ENSDARP00000109390	46.1	1
3569006	7955.ENSDARP00000034822	45.8	2
3575699	7955.ENSDARP00000083818	45.7	1
3582172	7955.ENSDARP00000106506	45.6	1
3569796	7955.ENSDARP00000044313	45.3	1
3566607	7955.ENSDARP00000008834	45.0	1
3578567	7955.ENSDARP00000098004	45.0	4
3570109	7955.ENSDARP00000047901	44.5	2
3566904	7955.ENSDARP00000011642	44.3	1
3568060	7955.ENSDARP00000023235	43.9	2
3590118	7955.ENSDARP00000124947	43.9	1
3586000	7955.ENSDARP00000114052	43.8	2
3570526	7955.ENSDARP00000052121	43.8	1
3579181	7955.ENSDARP00000099565	43.7	1
3568645	7955.ENSDARP00000029601	43.6	1
3576586	7955.ENSDARP00000089463	43.6	2
3570257	7955.ENSDARP00000049625	43.4	1
3573096	7955.ENSDARP00000068144	42.9	2
3572888	7955.ENSDARP00000067085	42.6	1
3577777	7955.ENSDARP00000094800	42.5	1
3586109	7955.ENSDARP00000114340	42.5	3
3587159	7955.ENSDARP00000117083	42.4	1
3587482	7955.ENSDARP00000117916	42.0	3
3581839	7955.ENSDARP00000105899	42.0	1
3572464	7955.ENSDARP00000064393	42.0	1
3588774	7955.ENSDARP00000121285	41.9	1
3576451	7955.ENSDARP00000088831	41.9	1
3567870	7955.ENSDARP00000021430	41.7	1
3574475	7955.ENSDARP00000075459	41.7	2
3570764	7955.ENSDARP00000053576	41.7	1
3582224	7955.ENSDARP00000106594	41.6	2
3580516	7955.ENSDARP00000103088	41.4	1
3582764	7955.ENSDARP00000107624	41.0	1
3568410	7955.ENSDARP00000026625	40.9	1
3580504	7955.ENSDARP00000103066	40.9	1
3572310	7955.ENSDARP00000063483	40.9	3
3573769	7955.ENSDARP00000072012	40.7	2
3567326	7955.ENSDARP00000015866	40.5	1
3570025	7955.ENSDARP00000046982	40.4	1
3566830	7955.ENSDARP00000011011	40.2	1
3573668	7955.ENSDARP00000071442	40.2	1
3575669	7955.ENSDARP00000083591	40.0	1
3585559	7955.ENSDARP00000112905	40.0	1
3581788	7955.ENSDARP00000105799	39.9	2
3574217	7955.ENSDARP00000074011	39.8	1
3585892	7955.ENSDARP00000113767	39.7	1
3569363	7955.ENSDARP00000039596	39.5	1
3587498	7955.ENSDARP00000117952	39.4	1
3566692	7955.ENSDARP00000009700	39.3	2
3587103	7955.ENSDARP00000116946	39.3	1
3572976	7955.ENSDARP00000067558	39.3	1
3569787	7955.ENSDARP00000044183	39.3	4
3577172	7955.ENSDARP00000092100	39.2	2
3587958	7955.ENSDARP00000119113	39.2	1
3566708	7955.ENSDARP00000009867	39.2	1
3575006	7955.ENSDARP00000078299	39.1	1
3568229	7955.ENSDARP00000024796	39.0	1
3566417	7955.ENSDARP00000007002	38.9	1
3575602	7955.ENSDARP00000083043	38.8	1
3574998	7955.ENSDARP00000078255	38.8	1
3581810	7955.ENSDARP00000105846	38.4	1
3568067	7955.ENSDARP00000023313	38.3	1
3566831	7955.ENSDARP00000011017	38.2	2
3566248	7955.ENSDARP00000005344	38.2	1
3587728	7955.ENSDARP00000118532	38.1	1
3567436	7955.ENSDARP00000016879	37.9	1
3584627	7955.ENSDARP00000111087	37.8	2
3566426	7955.ENSDARP00000007140	37.8	1
3567722	7955.ENSDARP00000019846	37.6	2
3584699	7955.ENSDARP00000111214	37.6	1
3587152	7955.ENSDARP00000117066	37.5	2
3567524	7955.ENSDARP00000017693	37.5	2
3569902	7955.ENSDARP00000045582	37.4	1
3569155	7955.ENSDARP00000036961	37.1	1
3584919	7955.ENSDARP00000111628	37.0	1
3572544	7955.ENSDARP00000064925	36.9	1
3579123	7955.ENSDARP00000099423	36.9	1
3572665	7955.ENSDARP00000065648	36.8	2
3566884	7955.ENSDARP00000011459	36.6	2
3574450	7955.ENSDARP00000075304	36.3	1
3569764	7955.ENSDARP00000043931	36.3	3
3577711	7955.ENSDARP00000094479	36.2	1
3588565	7955.ENSDARP00000120704	36.1	1
3577119	7955.ENSDARP00000091917	36.1	3
3566009	7955.ENSDARP00000003177	36.0	2
3570066	7955.ENSDARP00000047408	35.8	8
3572818	7955.ENSDARP00000066759	35.7	1
3569951	7955.ENSDARP00000046097	35.6	1
3583381	7955.ENSDARP00000108800	35.6	1
3573078	7955.ENSDARP00000068085	35.5	2
3575029	7955.ENSDARP00000078496	35.3	1
3584681	7955.ENSDARP00000111179	35.3	1
3571972	7955.ENSDARP00000061314	35.2	1
3583660	7955.ENSDARP00000109303	35.1	1
3584842	7955.ENSDARP00000111488	34.9	2
3576022	7955.ENSDARP00000086365	34.9	1
3570378	7955.ENSDARP00000051004	34.9	1
3571396	7955.ENSDARP00000057637	34.5	1
3586026	7955.ENSDARP00000114114	34.3	3
3581631	7955.ENSDARP00000105531	34.2	1
3576390	7955.ENSDARP00000088494	34.2	4
3568778	7955.ENSDARP00000031658	34.2	2
3576777	7955.ENSDARP00000090396	33.9	1
3566224	7955.ENSDARP00000005206	33.9	1
3583250	7955.ENSDARP00000108536	33.8	29
3572593	7955.ENSDARP00000065237	33.5	2
3586894	7955.ENSDARP00000116372	33.4	34
3586384	7955.ENSDARP00000115072	33.4	34
3583739	7955.ENSDARP00000109449	33.4	2
3570942	7955.ENSDARP00000054816	33.3	1
3569913	7955.ENSDARP00000045668	33.3	3
3567090	7955.ENSDARP00000013353	33.1	1
3571001	7955.ENSDARP00000055240	33.1	1
3570495	7955.ENSDARP00000051889	32.9	1
3566151	7955.ENSDARP00000004394	32.8	5
3573074	7955.ENSDARP00000068070	32.7	1
3590887	7955.ENSDARP00000126806	32.6	3
3574728	7955.ENSDARP00000076519	32.6	1
3589751	7955.ENSDARP00000123705	32.6	2
3582461	7955.ENSDARP00000107058	32.6	1
3572311	7955.ENSDARP00000063491	32.5	2
3582215	7955.ENSDARP00000106579	32.4	1
3576780	7955.ENSDARP00000090413	32.4	2
3575405	7955.ENSDARP00000081514	32.3	1
3587280	7955.ENSDARP00000117403	32.2	4
3577425	7955.ENSDARP00000093318	32.1	1
3567997	7955.ENSDARP00000022638	32.1	2
3571007	7955.ENSDARP00000055262	32.0	1
3588408	7955.ENSDARP00000120295	31.9	1
3566770	7955.ENSDARP00000010427	31.9	1
3568841	7955.ENSDARP00000032505	31.9	1
3573127	7955.ENSDARP00000068317	31.9	2
3569866	7955.ENSDARP00000045125	31.8	4
3578864	7955.ENSDARP00000098745	31.8	1
3570200	7955.ENSDARP00000048900	31.6	1
3587674	7955.ENSDARP00000118396	31.5	3
3587379	7955.ENSDARP00000117685	31.4	1
3568189	7955.ENSDARP00000024411	31.4	1
3570373	7955.ENSDARP00000050970	30.9	1
3581941	7955.ENSDARP00000106078	30.9	1
3572789	7955.ENSDARP00000066567	30.9	1
3588868	7955.ENSDARP00000121497	30.9	1
3580696	7955.ENSDARP00000103549	30.8	3
3585919	7955.ENSDARP00000113858	30.7	2
3572315	7955.ENSDARP00000063528	30.7	3
3585403	7955.ENSDARP00000112476	30.7	1
3587275	7955.ENSDARP00000117394	30.4	1
3582757	7955.ENSDARP00000107611	30.4	1
3568288	7955.ENSDARP00000025377	30.3	1
3583735	7955.ENSDARP00000109442	30.3	1
3569798	7955.ENSDARP00000044330	30.2	1
3566731	7955.ENSDARP00000010070	30.1	1
3572868	7955.ENSDARP00000067004	30.0	1
3580942	7955.ENSDARP00000104171	29.8	1
3569050	7955.ENSDARP00000035419	29.8	1
3570075	7955.ENSDARP00000047470	29.7	1
3570691	7955.ENSDARP00000053152	29.6	3
3573152	7955.ENSDARP00000068459	29.3	1
3578449	7955.ENSDARP00000097707	29.2	1
3580573	7955.ENSDARP00000103251	29.1	1
3588739	7955.ENSDARP00000121177	29.1	1
3576757	7955.ENSDARP00000090306	29.1	33
3573201	7955.ENSDARP00000068701	29.0	2
3572110	7955.ENSDARP00000062341	28.8	1
3569556	7955.ENSDARP00000041710	28.8	1
3581778	7955.ENSDARP00000105775	28.7	1
3583177	7955.ENSDARP00000108411	28.7	1
3565910	7955.ENSDARP00000002260	28.7	2
3587282	7955.ENSDARP00000117414	28.6	1
3589913	7955.ENSDARP00000124236	28.4	1
3581192	7955.ENSDARP00000104702	28.4	1
3566083	7955.ENSDARP00000003721	28.3	1
3568142	7955.ENSDARP00000023984	28.1	1
3566097	7955.ENSDARP00000003841	28.1	1
3580261	7955.ENSDARP00000102385	28.1	4
3567845	7955.ENSDARP00000021124	27.9	2
3566492	7955.ENSDARP00000007739	27.9	1
3571092	7955.ENSDARP00000055741	27.9	2
3570741	7955.ENSDARP00000053443	27.8	1
3571271	7955.ENSDARP00000056852	27.7	34
3586640	7955.ENSDARP00000115698	27.5	5
3575113	7955.ENSDARP00000079237	27.4	1
3567404	7955.ENSDARP00000016622	27.1	2
3590352	7955.ENSDARP00000125469	27.1	2
3567658	7955.ENSDARP00000019103	26.9	1
3569470	7955.ENSDARP00000040797	26.9	1
3586914	7955.ENSDARP00000116421	26.9	1
3573170	7955.ENSDARP00000068572	26.7	1
3569672	7955.ENSDARP00000043001	26.6	1
3568286	7955.ENSDARP00000025374	26.5	1
3590163	7955.ENSDARP00000125089	26.4	33
3589280	7955.ENSDARP00000122502	26.4	33
3588860	7955.ENSDARP00000121484	26.3	33
3574080	7955.ENSDARP00000073415	26.3	30
3589328	7955.ENSDARP00000122621	26.3	1
3577346	7955.ENSDARP00000092924	26.2	2
3579992	7955.ENSDARP00000101702	26.2	1
3587537	7955.ENSDARP00000118039	26.0	1
3583346	7955.ENSDARP00000108727	25.9	4
3569538	7955.ENSDARP00000041532	25.8	4
3582202	7955.ENSDARP00000106559	25.6	1
3570203	7955.ENSDARP00000048939	25.5	1
3573328	7955.ENSDARP00000069336	25.4	1
3588304	7955.ENSDARP00000120042	25.3	2
3577845	7955.ENSDARP00000095074	25.1	1
3589510	7955.ENSDARP00000123109	25.1	1
3588723	7955.ENSDARP00000121147	25.1	1
3570758	7955.ENSDARP00000053534	24.9	1
3587343	7955.ENSDARP00000117582	24.7	7
3567229	7955.ENSDARP00000014955	24.6	1
3579154	7955.ENSDARP00000099496	24.5	2
3591191	7955.ENSDARP00000127555	24.5	1
3590844	7955.ENSDARP00000126705	24.5	15
3589853	7955.ENSDARP00000124045	24.4	2
3566365	7955.ENSDARP00000006476	24.3	1
3574878	7955.ENSDARP00000077445	24.1	2
3566011	7955.ENSDARP00000003197	23.9	2
3568319	7955.ENSDARP00000025673	23.8	1
3578573	7955.ENSDARP00000098022	23.8	1
3590788	7955.ENSDARP00000126580	23.8	1
3567078	7955.ENSDARP00000013243	23.7	1
3585002	7955.ENSDARP00000111776	23.6	1
3582592	7955.ENSDARP00000107296	23.5	1
3584865	7955.ENSDARP00000111523	23.5	1
3584427	7955.ENSDARP00000110728	23.5	2
3582010	7955.ENSDARP00000106208	23.5	2
3570050	7955.ENSDARP00000047205	23.5	2
3584971	7955.ENSDARP00000111723	23.5	2
3578273	7955.ENSDARP00000096950	23.5	2
3590853	7955.ENSDARP00000126723	23.4	1
3587284	7955.ENSDARP00000117418	23.4	1
3570520	7955.ENSDARP00000052089	23.3	1
3586992	7955.ENSDARP00000116646	22.6	2
3582620	7955.ENSDARP00000107355	22.6	1
3569976	7955.ENSDARP00000046453	22.4	4
3570065	7955.ENSDARP00000047400	22.4	1
3580120	7955.ENSDARP00000102041	22.3	2
3579714	7955.ENSDARP00000100979	22.3	2
3568058	7955.ENSDARP00000023227	22.2	1
3567583	7955.ENSDARP00000018261	22.1	1
3579298	7955.ENSDARP00000099884	22.1	1
3569526	7955.ENSDARP00000041411	22.1	1
3582407	7955.ENSDARP00000106947	22.1	2
3585496	7955.ENSDARP00000112736	22.0	1
3576949	7955.ENSDARP00000091125	21.9	1
3586652	7955.ENSDARP00000115743	21.4	1
3570107	7955.ENSDARP00000047864	21.3	4
3581295	7955.ENSDARP00000104909	21.2	2
3573764	7955.ENSDARP00000071962	21.0	1
3577829	7955.ENSDARP00000095008	21.0	1
3575409	7955.ENSDARP00000081541	20.9	1
3568061	7955.ENSDARP00000023241	20.9	1
3589286	7955.ENSDARP00000122524	20.6	1
3566211	7955.ENSDARP00000005075	20.3	1
3569848	7955.ENSDARP00000045014	20.1	1
3570030	7955.ENSDARP00000047019	19.9	1
3587201	7955.ENSDARP00000117207	19.8	1
3566600	7955.ENSDARP00000008722	19.6	1
3575949	7955.ENSDARP00000085809	19.6	2
3571421	7955.ENSDARP00000057822	19.4	1
3574616	7955.ENSDARP00000076092	19.3	1
3566320	7955.ENSDARP00000006065	18.7	1
3577208	7955.ENSDARP00000092299	18.7	1
3591470	7955.ENSDARP00000128168	18.6	1
3566253	7955.ENSDARP00000005383	18.5	1
3589767	7955.ENSDARP00000123778	18.4	1
3569344	7955.ENSDARP00000039257	18.3	1
3569605	7955.ENSDARP00000042217	18.3	1
3579485	7955.ENSDARP00000100377	17.9	1
3567399	7955.ENSDARP00000016540	17.4	1
3578013	7955.ENSDARP00000095791	17.2	2
3567775	7955.ENSDARP00000020340	17.1	1
3591403	7955.ENSDARP00000128019	17.0	1
3566958	7955.ENSDARP00000012165	16.9	1
3586352	7955.ENSDARP00000114988	16.8	1
3584040	7955.ENSDARP00000110001	16.8	1
3579045	7955.ENSDARP00000099212	16.8	2
3577009	7955.ENSDARP00000091490	16.7	1
3584872	7955.ENSDARP00000111539	16.7	1
3566806	7955.ENSDARP00000010862	16.6	1
3565880	7955.ENSDARP00000001575	16.5	1
3575408	7955.ENSDARP00000081539	16.2	1
3590004	7955.ENSDARP00000124562	16.2	1
3570561	7955.ENSDARP00000052356	15.8	1
3576460	7955.ENSDARP00000088880	15.7	4
3585717	7955.ENSDARP00000113290	15.6	15
3579412	7955.ENSDARP00000100192	15.6	1
3577396	7955.ENSDARP00000093222	15.3	1
3567670	7955.ENSDARP00000019229	15.2	1
3578844	7955.ENSDARP00000098698	15.2	2
3591761	7955.ENSDARP00000128773	15.2	1
3577376	7955.ENSDARP00000093111	15.0	1
3578240	7955.ENSDARP00000096826	15.0	1
3583729	7955.ENSDARP00000109429	14.9	1
3575407	7955.ENSDARP00000081533	14.9	1
3580616	7955.ENSDARP00000103352	14.9	1
3570399	7955.ENSDARP00000051230	14.8	1
3573386	7955.ENSDARP00000069695	14.8	9
3565956	7955.ENSDARP00000002767	14.8	2
3580956	7955.ENSDARP00000104203	14.7	1
3584319	7955.ENSDARP00000110519	14.7	1
3580804	7955.ENSDARP00000103823	14.7	1
3586111	7955.ENSDARP00000114345	14.5	1
3580578	7955.ENSDARP00000103264	14.2	2
3579717	7955.ENSDARP00000100985	14.2	1
3568646	7955.ENSDARP00000029607	13.8	4
3586428	7955.ENSDARP00000115172	13.4	1
3583288	7955.ENSDARP00000108614	13.3	4
3586205	7955.ENSDARP00000114580	13.1	15
3569187	7955.ENSDARP00000037326	13.0	1
3588866	7955.ENSDARP00000121492	13.0	1
3585965	7955.ENSDARP00000113965	12.8	1
3570079	7955.ENSDARP00000047527	12.5	1
3566343	7955.ENSDARP00000006315	12.4	1
3581547	7955.ENSDARP00000105375	12.3	1
3585751	7955.ENSDARP00000113373	12.3	1
3576033	7955.ENSDARP00000086457	12.0	1
3566144	7955.ENSDARP00000004298	11.8	1
3567737	7955.ENSDARP00000019957	11.8	10
3567210	7955.ENSDARP00000014790	11.8	1
3572614	7955.ENSDARP00000065355	11.7	4
3571014	7955.ENSDARP00000055293	11.7	1
3584788	7955.ENSDARP00000111380	11.6	1
3574230	7955.ENSDARP00000074081	11.5	1
3581900	7955.ENSDARP00000106006	11.4	1
3570237	7955.ENSDARP00000049374	11.3	1
3590983	7955.ENSDARP00000127003	11.3	1
3574593	7955.ENSDARP00000075994	11.1	4
3580919	7955.ENSDARP00000104119	11.0	1
3568868	7955.ENSDARP00000032935	11.0	1
3590791	7955.ENSDARP00000126589	10.9	1
3572357	7955.ENSDARP00000063773	10.9	1
3591564	7955.ENSDARP00000128354	10.8	1
3575865	7955.ENSDARP00000085102	10.8	2
3574623	7955.ENSDARP00000076115	10.8	1
3576037	7955.ENSDARP00000086483	10.7	1
3586155	7955.ENSDARP00000114456	10.6	4
3590025	7955.ENSDARP00000124629	10.5	1
3586625	7955.ENSDARP00000115658	10.5	1
3569077	7955.ENSDARP00000035859	10.5	1
3583932	7955.ENSDARP00000109800	10.5	2
3591039	7955.ENSDARP00000127130	10.4	1
3573899	7955.ENSDARP00000072610	10.3	1
3582558	7955.ENSDARP00000107238	10.3	1
3576654	7955.ENSDARP00000089794	10.2	1
3588376	7955.ENSDARP00000120213	10.0	1
3585746	7955.ENSDARP00000113362	10.0	1
3577169	7955.ENSDARP00000092080	9.9	1
3567791	7955.ENSDARP00000020522	9.89	1
3592027	7955.ENSDARP00000129339	9.86	1
3568838	7955.ENSDARP00000032456	9.64	1
3568615	7955.ENSDARP00000029090	9.59	1
3582927	7955.ENSDARP00000107927	9.56	1
3579166	7955.ENSDARP00000099532	9.55	9
3590603	7955.ENSDARP00000126089	9.5	1
3566804	7955.ENSDARP00000010840	9.47	1
3591731	7955.ENSDARP00000128715	9.42	1
3568055	7955.ENSDARP00000023215	9.41	1
3575472	7955.ENSDARP00000082023	9.31	1
3574941	7955.ENSDARP00000077866	9.3	1
3568810	7955.ENSDARP00000032142	9.25	1
3571439	7955.ENSDARP00000057912	9.01	4
3588692	7955.ENSDARP00000121065	8.84	1
3590699	7955.ENSDARP00000126355	8.65	1
3587864	7955.ENSDARP00000118861	8.6	1
3569802	7955.ENSDARP00000044377	8.39	1
3584554	7955.ENSDARP00000110951	8.36	1
3588418	7955.ENSDARP00000120324	8.36	1
3572070	7955.ENSDARP00000062009	8.35	1
3590869	7955.ENSDARP00000126762	8.34	1
3590485	7955.ENSDARP00000125774	8.22	2
3569485	7955.ENSDARP00000041034	7.97	1
3572036	7955.ENSDARP00000061743	7.92	1
3577965	7955.ENSDARP00000095538	7.88	1
3572038	7955.ENSDARP00000061750	7.74	1
3589090	7955.ENSDARP00000122063	7.65	1
3568511	7955.ENSDARP00000027635	7.65	1
3569582	7955.ENSDARP00000041938	7.35	1
3569154	7955.ENSDARP00000036958	7.16	1
3567754	7955.ENSDARP00000020154	6.95	1
3589934	7955.ENSDARP00000124307	6.95	2
3568241	7955.ENSDARP00000024947	6.92	2
3573607	7955.ENSDARP00000070953	6.66	1
3586199	7955.ENSDARP00000114570	6.66	1
3574387	7955.ENSDARP00000074972	6.65	1
3575533	7955.ENSDARP00000082533	6.43	1
3569169	7955.ENSDARP00000037108	6.35	1
3590685	7955.ENSDARP00000126317	6.24	1
3568744	7955.ENSDARP00000031042	6.21	2
3571512	7955.ENSDARP00000058402	6.2	1
3577846	7955.ENSDARP00000095078	6.18	2
3578147	7955.ENSDARP00000096436	6.05	1
3580884	7955.ENSDARP00000104033	6.0	3
3585903	7955.ENSDARP00000113805	5.95	1
3576142	7955.ENSDARP00000087212	5.95	1
3572916	7955.ENSDARP00000067187	5.93	2
3577188	7955.ENSDARP00000092223	5.9	1
3576008	7955.ENSDARP00000086261	5.74	2
3568247	7955.ENSDARP00000025022	5.56	1
3571178	7955.ENSDARP00000056279	5.43	1
3574978	7955.ENSDARP00000078114	5.39	1
3574489	7955.ENSDARP00000075511	5.17	1
3589622	7955.ENSDARP00000123393	5.15	2
3572796	7955.ENSDARP00000066619	5.06	2
3565954	7955.ENSDARP00000002746	4.99	1
3572268	7955.ENSDARP00000063146	4.81	1
3574059	7955.ENSDARP00000073345	4.5	3
3591779	7955.ENSDARP00000128806	4.47	1
3588956	7955.ENSDARP00000121716	4.41	1
3578832	7955.ENSDARP00000098668	4.17	1
3580808	7955.ENSDARP00000103838	4.08	1
3581291	7955.ENSDARP00000104899	4.01	2
3585102	7955.ENSDARP00000111949	3.83	1
3578417	7955.ENSDARP00000097606	3.76	1
3578836	7955.ENSDARP00000098682	3.73	1
3580358	7955.ENSDARP00000102662	3.57	1
3579155	7955.ENSDARP00000099498	3.33	1
3590309	7955.ENSDARP00000125383	3.29	2
3587110	7955.ENSDARP00000116967	3.23	1
3566993	7955.ENSDARP00000012437	3.23	1
3573393	7955.ENSDARP00000069744	3.17	1
3590277	7955.ENSDARP00000125323	3.04	3
3570806	7955.ENSDARP00000053867	2.87	1
3574405	7955.ENSDARP00000075079	2.87	1
3573608	7955.ENSDARP00000070966	2.85	1
3590254	7955.ENSDARP00000125268	2.85	3
3566999	7955.ENSDARP00000012500	2.74	1
3567455	7955.ENSDARP00000017029	2.61	1
3586119	7955.ENSDARP00000114366	2.56	1
3571066	7955.ENSDARP00000055592	2.5	1
3580761	7955.ENSDARP00000103712	2.48	2
3577189	7955.ENSDARP00000092224	2.32	1
3579526	7955.ENSDARP00000100467	2.11	3
3573382	7955.ENSDARP00000069676	2.04	1
3587544	7955.ENSDARP00000118057	2.0	1
3573872	7955.ENSDARP00000072498	1.92	2
3579088	7955.ENSDARP00000099331	1.79	3
3569960	7955.ENSDARP00000046217	1.67	1
3580870	7955.ENSDARP00000104001	1.67	3
3590299	7955.ENSDARP00000125369	1.56	3
3590783	7955.ENSDARP00000126566	1.35	3
3578239	7955.ENSDARP00000096822	1.24	2
3587647	7955.ENSDARP00000118321	1.2	2
3576691	7955.ENSDARP00000090014	1.19	1
3587646	7955.ENSDARP00000118312	1.18	3
3587738	7955.ENSDARP00000118564	1.14	3
3584957	7955.ENSDARP00000111693	1.1	2
3590173	7955.ENSDARP00000125117	1.09	3
3590950	7955.ENSDARP00000126924	0.957	2
3579699	7955.ENSDARP00000100956	0.832	2
3587917	7955.ENSDARP00000118999	0.787	2
3590445	7955.ENSDARP00000125666	0.782	2
3583358	7955.ENSDARP00000108749	0.745	3
3582586	7955.ENSDARP00000107286	0.745	3
3586584	7955.ENSDARP00000115570	0.744	3
3591822	7955.ENSDARP00000128902	0.728	1
3583633	7955.ENSDARP00000109253	0.727	3
3577329	7955.ENSDARP00000092817	0.719	3
3576870	7955.ENSDARP00000090800	0.716	3
3580234	7955.ENSDARP00000102325	0.711	3
3583201	7955.ENSDARP00000108448	0.705	3
3580652	7955.ENSDARP00000103429	0.667	3
3590425	7955.ENSDARP00000125615	0.661	3
3590784	7955.ENSDARP00000126570	0.651	3
3589737	7955.ENSDARP00000123666	0.647	3
3582252	7955.ENSDARP00000106653	0.645	2
3589138	7955.ENSDARP00000122167	0.64	3
3587059	7955.ENSDARP00000116832	0.627	3
3587652	7955.ENSDARP00000118334	0.627	3
3586442	7955.ENSDARP00000115222	0.617	3
3587097	7955.ENSDARP00000116933	0.606	3
3581944	7955.ENSDARP00000106083	0.602	3
3587828	7955.ENSDARP00000118762	0.599	3
3590335	7955.ENSDARP00000125435	0.598	3
3581484	7955.ENSDARP00000105275	0.598	3
3582033	7955.ENSDARP00000106249	0.595	3
3582115	7955.ENSDARP00000106393	0.591	3
3590745	7955.ENSDARP00000126456	0.59	3
3583561	7955.ENSDARP00000109127	0.589	3
3566660	7955.ENSDARP00000009356	0.581	1
3588711	7955.ENSDARP00000121112	0.58	3
3590995	7955.ENSDARP00000127029	0.575	3
3578530	7955.ENSDARP00000097928	0.575	3
3581531	7955.ENSDARP00000105353	0.573	3
3591131	7955.ENSDARP00000127397	0.573	3
3588229	7955.ENSDARP00000119851	0.57	3
3583910	7955.ENSDARP00000109758	0.568	3
3587645	7955.ENSDARP00000118311	0.568	3
3583111	7955.ENSDARP00000108286	0.565	3
3582606	7955.ENSDARP00000107320	0.561	3
3581311	7955.ENSDARP00000104937	0.561	3
3590835	7955.ENSDARP00000126687	0.56	3
3581255	7955.ENSDARP00000104832	0.56	3
3582211	7955.ENSDARP00000106573	0.556	3
3587320	7955.ENSDARP00000117528	0.556	3
3586181	7955.ENSDARP00000114517	0.555	3
3586704	7955.ENSDARP00000115884	0.55	3
3582710	7955.ENSDARP00000107534	0.549	3
3587959	7955.ENSDARP00000119114	0.548	3
3588049	7955.ENSDARP00000119366	0.548	3
3585581	7955.ENSDARP00000112949	0.546	3
3583936	7955.ENSDARP00000109811	0.543	3
3581085	7955.ENSDARP00000104505	0.541	3
3590700	7955.ENSDARP00000126357	0.54	3
3590777	7955.ENSDARP00000126548	0.539	3
3587792	7955.ENSDARP00000118683	0.538	3
3590362	7955.ENSDARP00000125493	0.534	3
3578446	7955.ENSDARP00000097698	0.532	3
3582496	7955.ENSDARP00000107128	0.53	3
3590691	7955.ENSDARP00000126335	0.53	3
3588234	7955.ENSDARP00000119862	0.528	3
3589317	7955.ENSDARP00000122587	0.521	3
3586145	7955.ENSDARP00000114433	0.519	3
3590355	7955.ENSDARP00000125473	0.518	3
3585733	7955.ENSDARP00000113325	0.516	3
3590411	7955.ENSDARP00000125585	0.515	3
3588880	7955.ENSDARP00000121523	0.515	3
3588897	7955.ENSDARP00000121565	0.508	3
3590198	7955.ENSDARP00000125167	0.507	3
3578590	7955.ENSDARP00000098062	0.505	3
3588725	7955.ENSDARP00000121149	0.505	3
3585446	7955.ENSDARP00000112568	0.504	3
3588157	7955.ENSDARP00000119655	0.503	3
3590249	7955.ENSDARP00000125260	0.501	3
3589539	7955.ENSDARP00000123179	0.5	3
3586997	7955.ENSDARP00000116658	0.499	3
3587610	7955.ENSDARP00000118210	0.496	3
3590207	7955.ENSDARP00000125177	0.493	3
3585936	7955.ENSDARP00000113895	0.493	3
3586571	7955.ENSDARP00000115543	0.489	3
3586027	7955.ENSDARP00000114116	0.488	3
3586102	7955.ENSDARP00000114323	0.488	3
3589044	7955.ENSDARP00000121951	0.486	3
3578237	7955.ENSDARP00000096798	0.483	3
3585905	7955.ENSDARP00000113810	0.479	3
3586447	7955.ENSDARP00000115235	0.478	3
3590755	7955.ENSDARP00000126480	0.478	3
3586321	7955.ENSDARP00000114894	0.478	3
3585461	7955.ENSDARP00000112604	0.477	3
3588893	7955.ENSDARP00000121554	0.474	3
3584779	7955.ENSDARP00000111361	0.474	3
3585727	7955.ENSDARP00000113314	0.472	3
3586011	7955.ENSDARP00000114081	0.47	3
3587998	7955.ENSDARP00000119219	0.469	3
3586886	7955.ENSDARP00000116346	0.466	3
3588206	7955.ENSDARP00000119791	0.465	3
3587616	7955.ENSDARP00000118228	0.462	3
3584032	7955.ENSDARP00000109989	0.462	3
3590401	7955.ENSDARP00000125566	0.462	3
3580676	7955.ENSDARP00000103495	0.46	3
3587721	7955.ENSDARP00000118519	0.459	3
3589701	7955.ENSDARP00000123564	0.459	3
3586302	7955.ENSDARP00000114843	0.457	3
3588401	7955.ENSDARP00000120273	0.451	3
3590770	7955.ENSDARP00000126524	0.45	3
3589628	7955.ENSDARP00000123407	0.447	3
3586139	7955.ENSDARP00000114421	0.443	3
3588439	7955.ENSDARP00000120377	0.438	3
3590210	7955.ENSDARP00000125184	0.437	3
3590781	7955.ENSDARP00000126558	0.433	3
3590211	7955.ENSDARP00000125185	0.431	3
3586852	7955.ENSDARP00000116252	0.429	3
3589855	7955.ENSDARP00000124049	0.421	3
3587551	7955.ENSDARP00000118067	0.419	3
3580233	7955.ENSDARP00000102324	0.417	2
3587560	7955.ENSDARP00000118088	0.416	3
3590369	7955.ENSDARP00000125504	0.416	3
3592174	7955.ENSDARP00000129684	0.415	3
3587839	7955.ENSDARP00000118805	0.407	3
3586396	7955.ENSDARP00000115095	0.406	3
3585228	7955.ENSDARP00000112146	0.37	2
3576509	7955.ENSDARP00000089105	0.353	2
3590834	7955.ENSDARP00000126683	0.353	2
3587221	7955.ENSDARP00000117255	0.349	2
3586107	7955.ENSDARP00000114332	0.349	2
3591475	7955.ENSDARP00000128174	0.34	2
3590821	7955.ENSDARP00000126654	0.339	2
3587267	7955.ENSDARP00000117380	0.33	2
3580928	7955.ENSDARP00000104140	0.324	2
3580327	7955.ENSDARP00000102562	0.319	2
3590824	7955.ENSDARP00000126660	0.317	2
3590854	7955.ENSDARP00000126725	0.311	2
3576334	7955.ENSDARP00000088283	0.309	2
3578712	7955.ENSDARP00000098365	0.308	2
3590926	7955.ENSDARP00000126880	0.307	2
3583832	7955.ENSDARP00000109621	0.307	2
3587356	7955.ENSDARP00000117616	0.302	2
3590799	7955.ENSDARP00000126607	0.298	2
3584109	7955.ENSDARP00000110138	0.297	2
3585632	7955.ENSDARP00000113059	0.294	2
3585773	7955.ENSDARP00000113434	0.291	2
3585728	7955.ENSDARP00000113317	0.291	2
3590891	7955.ENSDARP00000126814	0.29	2
3588930	7955.ENSDARP00000121660	0.29	2
3586311	7955.ENSDARP00000114868	0.287	2
3586514	7955.ENSDARP00000115410	0.287	2
3591656	7955.ENSDARP00000128556	0.287	2
3585286	7955.ENSDARP00000112253	0.286	2
3589264	7955.ENSDARP00000122470	0.286	2
3590867	7955.ENSDARP00000126760	0.285	2
3588261	7955.ENSDARP00000119925	0.282	2
3588465	7955.ENSDARP00000120445	0.279	2
3591317	7955.ENSDARP00000127840	0.279	2
3580650	7955.ENSDARP00000103419	0.277	2
3581638	7955.ENSDARP00000105545	0.276	2
3585719	7955.ENSDARP00000113293	0.276	2
3581373	7955.ENSDARP00000105055	0.276	2
3583338	7955.ENSDARP00000108714	0.275	2
3587390	7955.ENSDARP00000117718	0.275	2
3574923	7955.ENSDARP00000077773	0.274	2
3583772	7955.ENSDARP00000109510	0.274	2
3583231	7955.ENSDARP00000108501	0.274	2
3590726	7955.ENSDARP00000126414	0.273	2
3588193	7955.ENSDARP00000119753	0.272	2
3590728	7955.ENSDARP00000126422	0.272	2
3586849	7955.ENSDARP00000116247	0.271	2
3589526	7955.ENSDARP00000123142	0.27	2
3578385	7955.ENSDARP00000097516	0.27	2
3587900	7955.ENSDARP00000118953	0.27	2
3582438	7955.ENSDARP00000107003	0.269	2
3582911	7955.ENSDARP00000107891	0.269	2
3587708	7955.ENSDARP00000118495	0.268	2
3590801	7955.ENSDARP00000126609	0.268	2
3588874	7955.ENSDARP00000121507	0.268	2
3589686	7955.ENSDARP00000123539	0.267	2
3586215	7955.ENSDARP00000114613	0.267	2
3588008	7955.ENSDARP00000119246	0.265	2
3578234	7955.ENSDARP00000096770	0.265	2
3588133	7955.ENSDARP00000119591	0.263	2
3578670	7955.ENSDARP00000098264	0.26	2
3587281	7955.ENSDARP00000117405	0.259	2
3589472	7955.ENSDARP00000123009	0.259	2
3588534	7955.ENSDARP00000120625	0.259	2
3576829	7955.ENSDARP00000090611	0.259	2
3590295	7955.ENSDARP00000125358	0.258	2
3582084	7955.ENSDARP00000106336	0.258	2
3582414	7955.ENSDARP00000106959	0.256	2
3588523	7955.ENSDARP00000120603	0.255	2
3587118	7955.ENSDARP00000116988	0.253	2
3583741	7955.ENSDARP00000109455	0.253	2
3586855	7955.ENSDARP00000116259	0.25	2
3572449	7955.ENSDARP00000064306	0.249	2
3590718	7955.ENSDARP00000126394	0.249	2
3580806	7955.ENSDARP00000103825	0.249	2
3590269	7955.ENSDARP00000125309	0.249	2
3583603	7955.ENSDARP00000109208	0.248	2
3587226	7955.ENSDARP00000117264	0.248	2
3587001	7955.ENSDARP00000116663	0.247	2
3587735	7955.ENSDARP00000118555	0.246	2
3587572	7955.ENSDARP00000118117	0.246	2
3585793	7955.ENSDARP00000113485	0.245	2
3587558	7955.ENSDARP00000118083	0.245	2
3590358	7955.ENSDARP00000125481	0.245	2
3590322	7955.ENSDARP00000125410	0.245	2
3589037	7955.ENSDARP00000121927	0.244	2
3588323	7955.ENSDARP00000120086	0.243	2
3587773	7955.ENSDARP00000118630	0.243	2
3582305	7955.ENSDARP00000106753	0.243	2
3590421	7955.ENSDARP00000125611	0.243	2
3583669	7955.ENSDARP00000109323	0.242	2
3590727	7955.ENSDARP00000126415	0.242	2
3581728	7955.ENSDARP00000105693	0.241	2
3578932	7955.ENSDARP00000098912	0.241	2
3585564	7955.ENSDARP00000112920	0.24	2
3577997	7955.ENSDARP00000095691	0.239	2
3587608	7955.ENSDARP00000118203	0.238	2
3590717	7955.ENSDARP00000126393	0.238	2
3581123	7955.ENSDARP00000104583	0.237	2
3586726	7955.ENSDARP00000115939	0.237	2
3587307	7955.ENSDARP00000117486	0.236	2
3590780	7955.ENSDARP00000126557	0.236	2
3587944	7955.ENSDARP00000119068	0.236	2
3577230	7955.ENSDARP00000092389	0.235	2
3589654	7955.ENSDARP00000123469	0.235	2
3586047	7955.ENSDARP00000114204	0.234	2
3588048	7955.ENSDARP00000119364	0.233	2
3589398	7955.ENSDARP00000122822	0.232	2
3585201	7955.ENSDARP00000112105	0.231	2
3591769	7955.ENSDARP00000128789	0.231	2
3590315	7955.ENSDARP00000125399	0.23	2
3587032	7955.ENSDARP00000116757	0.229	2
3584748	7955.ENSDARP00000111292	0.228	2
3586255	7955.ENSDARP00000114741	0.228	2
3576768	7955.ENSDARP00000090351	0.228	2
3587195	7955.ENSDARP00000117185	0.227	2
3586223	7955.ENSDARP00000114634	0.227	2
3589487	7955.ENSDARP00000123049	0.224	2
3590062	7955.ENSDARP00000124757	0.224	2
3588720	7955.ENSDARP00000121142	0.223	2
3590398	7955.ENSDARP00000125563	0.221	2
3586347	7955.ENSDARP00000114965	0.22	2
3589618	7955.ENSDARP00000123388	0.22	2
3585924	7955.ENSDARP00000113864	0.219	2
3589555	7955.ENSDARP00000123225	0.219	2
3588223	7955.ENSDARP00000119844	0.219	2
3590709	7955.ENSDARP00000126372	0.218	2
3587123	7955.ENSDARP00000117001	0.218	2
3586653	7955.ENSDARP00000115747	0.217	2
3590261	7955.ENSDARP00000125288	0.217	2
3590713	7955.ENSDARP00000126385	0.216	2
3589671	7955.ENSDARP00000123509	0.215	2
3586656	7955.ENSDARP00000115752	0.215	2
3590379	7955.ENSDARP00000125526	0.214	2
3588980	7955.ENSDARP00000121783	0.214	2
3586848	7955.ENSDARP00000116246	0.214	2
3578778	7955.ENSDARP00000098532	0.213	2
3588699	7955.ENSDARP00000121087	0.208	2
3586073	7955.ENSDARP00000114262	0.207	2
3587428	7955.ENSDARP00000117812	0.207	2
3590773	7955.ENSDARP00000126533	0.207	2
3586434	7955.ENSDARP00000115194	0.206	2
3585440	7955.ENSDARP00000112551	0.205	2
3585366	7955.ENSDARP00000112409	0.204	2
3586342	7955.ENSDARP00000114958	0.202	2
3587011	7955.ENSDARP00000116689	0.201	2
3590381	7955.ENSDARP00000125528	0.199	2
3588282	7955.ENSDARP00000119981	0.188	2
