#id: 2975136688
#name: Danio rerio - Eye, SC (Kelkar,mcp,2014)
#score: 8.4
#description: abundance based on Spectral counting, Interaction consistency score: 8.4, Coverage: 7
#organ: EYE
#integrated: false
#coverage: 7
#link: http://www.ncbi.nlm.nih.gov/pubmed/25060758
#publication_year: 2014
#filename: 7955-ZF_Eye_Kelkar_2014_SEQUEST.txt
#
#internal_id	string_external_id	abundance	raw_spectral_count
3573442	7955.ENSDARP00000070021	33564	670
3586273	7955.ENSDARP00000114781	27271	745
3572146	7955.ENSDARP00000062522	22523	484
3588816	7955.ENSDARP00000121373	22448	662
3571860	7955.ENSDARP00000060534	20682	1039
3573444	7955.ENSDARP00000070035	20307	885
3589375	7955.ENSDARP00000122750	19968	909
3571835	7955.ENSDARP00000060346	19777	574
3579636	7955.ENSDARP00000100779	18467	772
3589996	7955.ENSDARP00000124531	17786	313
3579931	7955.ENSDARP00000101541	16313	727
3574298	7955.ENSDARP00000074504	15086	334
3569956	7955.ENSDARP00000046171	12079	351
3583776	7955.ENSDARP00000109518	10806	756
3577262	7955.ENSDARP00000092488	10806	756
3568238	7955.ENSDARP00000024900	8980	566
3578167	7955.ENSDARP00000096504	7918	532
3567427	7955.ENSDARP00000016814	7580	196
3566895	7955.ENSDARP00000011562	7212	283
3585260	7955.ENSDARP00000112199	6738	167
3572542	7955.ENSDARP00000064895	6516	471
3585562	7955.ENSDARP00000112917	6486	187
3569463	7955.ENSDARP00000040743	6309	119
3576935	7955.ENSDARP00000091082	5655	285
3568365	7955.ENSDARP00000026156	5385	155
3584769	7955.ENSDARP00000111335	5227	301
3569506	7955.ENSDARP00000041268	4960	281
3581606	7955.ENSDARP00000105491	4703	133
3573804	7955.ENSDARP00000072235	4596	222
3571508	7955.ENSDARP00000058383	4579	202
3572340	7955.ENSDARP00000063661	4568	221
3578128	7955.ENSDARP00000096373	4379	173
3572065	7955.ENSDARP00000061957	4264	69
3568045	7955.ENSDARP00000023121	4184	163
3571826	7955.ENSDARP00000060309	4049	348
3577188	7955.ENSDARP00000092223	3885	253
3583765	7955.ENSDARP00000109497	3863	64
3569931	7955.ENSDARP00000045887	3843	231
3574089	7955.ENSDARP00000073453	3706	191
3570261	7955.ENSDARP00000049686	3537	72
3572116	7955.ENSDARP00000062362	3509	202
3568540	7955.ENSDARP00000027947	3474	275
3571147	7955.ENSDARP00000056094	3400	70
3572907	7955.ENSDARP00000067159	3308	137
3577873	7955.ENSDARP00000095187	3269	173
3572984	7955.ENSDARP00000067593	3214	46
3583335	7955.ENSDARP00000108711	3199	307
3570864	7955.ENSDARP00000054237	3196	64
3572361	7955.ENSDARP00000063799	3177	154
3570078	7955.ENSDARP00000047524	3091	142
3566084	7955.ENSDARP00000003738	3072	275
3567801	7955.ENSDARP00000020595	3067	35
3569433	7955.ENSDARP00000040396	3057	58
3585110	7955.ENSDARP00000111963	3016	187
3582356	7955.ENSDARP00000106848	2972	749
3566040	7955.ENSDARP00000003389	2930	90
3579761	7955.ENSDARP00000101082	2918	58
3567991	7955.ENSDARP00000022592	2908	92
3570678	7955.ENSDARP00000053076	2832	77
3566296	7955.ENSDARP00000005843	2809	100
3577366	7955.ENSDARP00000093074	2741	717
3566295	7955.ENSDARP00000005837	2735	17
3589868	7955.ENSDARP00000124085	2713	5
3576241	7955.ENSDARP00000087872	2677	32
3577298	7955.ENSDARP00000092672	2669	288
3568447	7955.ENSDARP00000026978	2654	287
3570629	7955.ENSDARP00000052729	2632	48
3566857	7955.ENSDARP00000011243	2592	120
3571967	7955.ENSDARP00000061273	2558	20
3585315	7955.ENSDARP00000112310	2446	163
3567332	7955.ENSDARP00000015917	2419	259
3567924	7955.ENSDARP00000022077	2392	232
3567087	7955.ENSDARP00000013329	2380	130
3589712	7955.ENSDARP00000123601	2333	1544
3585022	7955.ENSDARP00000111811	2289	66
3568732	7955.ENSDARP00000030881	2272	244
3573528	7955.ENSDARP00000070471	2239	118
3570965	7955.ENSDARP00000054986	2182	406
3589178	7955.ENSDARP00000122263	2182	406
3570303	7955.ENSDARP00000050237	2175	1595
3576353	7955.ENSDARP00000088354	2173	119
3591526	7955.ENSDARP00000128271	2158	36
3571726	7955.ENSDARP00000059692	2125	50
3587461	7955.ENSDARP00000117879	2123	32
3570056	7955.ENSDARP00000047268	2123	32
3588427	7955.ENSDARP00000120344	2123	32
3576638	7955.ENSDARP00000089753	2123	32
3576174	7955.ENSDARP00000087462	2123	32
3590683	7955.ENSDARP00000126314	2115	42
3588413	7955.ENSDARP00000120304	2106	59
3568320	7955.ENSDARP00000025702	2098	283
3580511	7955.ENSDARP00000103080	2086	97
3572756	7955.ENSDARP00000066372	2022	99
3576243	7955.ENSDARP00000087874	2019	26
3568312	7955.ENSDARP00000025616	2011	27
3573172	7955.ENSDARP00000068586	2007	118
3570877	7955.ENSDARP00000054339	2005	35
3569934	7955.ENSDARP00000045900	2004	47
3585939	7955.ENSDARP00000113905	1996	183
3566489	7955.ENSDARP00000007716	1981	43
3580444	7955.ENSDARP00000102914	1949	181
3566070	7955.ENSDARP00000003641	1925	44
3577111	7955.ENSDARP00000091899	1898	41
3590857	7955.ENSDARP00000126732	1872	20
3571894	7955.ENSDARP00000060744	1869	119
3566250	7955.ENSDARP00000005361	1863	37
3571512	7955.ENSDARP00000058402	1834	137
3568837	7955.ENSDARP00000032453	1818	42
3567689	7955.ENSDARP00000019477	1806	71
3579741	7955.ENSDARP00000101037	1799	152
3577261	7955.ENSDARP00000092484	1785	69
3570491	7955.ENSDARP00000051848	1773	77
3586669	7955.ENSDARP00000115796	1761	15
3572841	7955.ENSDARP00000066897	1759	37
3571186	7955.ENSDARP00000056318	1748	24
3569301	7955.ENSDARP00000038799	1730	37
3570598	7955.ENSDARP00000052528	1669	27
3566348	7955.ENSDARP00000006339	1665	148
3576784	7955.ENSDARP00000090434	1612	53
3584218	7955.ENSDARP00000110339	1607	99
3585539	7955.ENSDARP00000112851	1584	154
3575133	7955.ENSDARP00000079424	1584	154
3571797	7955.ENSDARP00000060165	1570	130
3583001	7955.ENSDARP00000108089	1554	46
3573057	7955.ENSDARP00000067953	1539	59
3568070	7955.ENSDARP00000023327	1533	21
3567128	7955.ENSDARP00000013777	1532	43
3570993	7955.ENSDARP00000055185	1531	22
3586362	7955.ENSDARP00000115012	1529	1315
3571305	7955.ENSDARP00000057089	1518	49
3588581	7955.ENSDARP00000120742	1516	162
3574520	7955.ENSDARP00000075658	1509	190
3568490	7955.ENSDARP00000027389	1501	132
3573389	7955.ENSDARP00000069708	1491	16
3571683	7955.ENSDARP00000059365	1489	167
3567464	7955.ENSDARP00000017189	1479	135
3587296	7955.ENSDARP00000117456	1470	84
3569689	7955.ENSDARP00000043172	1457	21
3573917	7955.ENSDARP00000072687	1455	1315
3574087	7955.ENSDARP00000073439	1444	100
3589962	7955.ENSDARP00000124401	1440	19
3568197	7955.ENSDARP00000024492	1405	67
3589829	7955.ENSDARP00000123973	1396	66
3581392	7955.ENSDARP00000105094	1391	475
3573322	7955.ENSDARP00000069316	1381	40
3585976	7955.ENSDARP00000113988	1376	1295
3566334	7955.ENSDARP00000006207	1375	105
3572360	7955.ENSDARP00000063788	1370	45
3580791	7955.ENSDARP00000103794	1357	238
3567372	7955.ENSDARP00000016261	1352	105
3591762	7955.ENSDARP00000128775	1348	119
3569515	7955.ENSDARP00000041348	1345	54
3584661	7955.ENSDARP00000111147	1334	111
3568426	7955.ENSDARP00000026805	1313	86
3567186	7955.ENSDARP00000014456	1307	67
3567647	7955.ENSDARP00000018980	1302	32
3571958	7955.ENSDARP00000061164	1288	551
3572114	7955.ENSDARP00000062351	1280	165
3567392	7955.ENSDARP00000016453	1277	160
3589125	7955.ENSDARP00000122141	1263	20
3578076	7955.ENSDARP00000096178	1258	22
3568857	7955.ENSDARP00000032730	1256	178
3573022	7955.ENSDARP00000067802	1246	56
3573914	7955.ENSDARP00000072678	1246	1099
3573421	7955.ENSDARP00000069948	1217	95
3568052	7955.ENSDARP00000023177	1207	30
3567632	7955.ENSDARP00000018865	1206	32
3572707	7955.ENSDARP00000065939	1188	53
3572458	7955.ENSDARP00000064375	1182	28
3567985	7955.ENSDARP00000022552	1180	22
3578984	7955.ENSDARP00000099044	1161	141
3588559	7955.ENSDARP00000120686	1158	22
3587723	7955.ENSDARP00000118521	1144	14
3573768	7955.ENSDARP00000072006	1142	445
3571612	7955.ENSDARP00000058955	1131	79
3573587	7955.ENSDARP00000070807	1130	89
3576902	7955.ENSDARP00000090943	1129	44
3568597	7955.ENSDARP00000028837	1128	52
3573425	7955.ENSDARP00000069977	1126	24
3588367	7955.ENSDARP00000120183	1116	30
3568926	7955.ENSDARP00000033600	1103	11
3591553	7955.ENSDARP00000128327	1099	40
3577595	7955.ENSDARP00000094021	1094	65
3584770	7955.ENSDARP00000111337	1091	82
3573843	7955.ENSDARP00000072376	1090	32
3569764	7955.ENSDARP00000043931	1086	231
3567605	7955.ENSDARP00000018594	1081	5
3584033	7955.ENSDARP00000109990	1080	41
3572732	7955.ENSDARP00000066176	1064	360
3571777	7955.ENSDARP00000060055	1063	61
3584959	7955.ENSDARP00000111699	1058	92
3569236	7955.ENSDARP00000037871	1055	146
3568467	7955.ENSDARP00000027118	1050	98
3569958	7955.ENSDARP00000046208	1048	11
3568838	7955.ENSDARP00000032456	1044	83
3584841	7955.ENSDARP00000111487	1041	20
3587360	7955.ENSDARP00000117628	1038	56
3566285	7955.ENSDARP00000005719	1035	19
3566648	7955.ENSDARP00000009258	1029	111
3589800	7955.ENSDARP00000123883	1025	117
3569039	7955.ENSDARP00000035273	1023	15
3583064	7955.ENSDARP00000108197	1018	17
3567727	7955.ENSDARP00000019888	1005	453
3570476	7955.ENSDARP00000051762	1004	33
3567578	7955.ENSDARP00000018197	997	33
3569507	7955.ENSDARP00000041278	995	373
3577833	7955.ENSDARP00000095029	991	93
3568041	7955.ENSDARP00000023063	988	87
3568990	7955.ENSDARP00000034555	984	21
3587939	7955.ENSDARP00000119055	973	324
3570716	7955.ENSDARP00000053303	972	443
3571936	7955.ENSDARP00000061000	969	57
3575895	7955.ENSDARP00000085295	958	146
3582862	7955.ENSDARP00000107804	956	84
3590079	7955.ENSDARP00000124804	944	9
3571955	7955.ENSDARP00000061148	935	353
3572708	7955.ENSDARP00000065940	932	45
3568675	7955.ENSDARP00000029933	928	430
3568845	7955.ENSDARP00000032575	921	87
3576867	7955.ENSDARP00000090766	916	155
3568987	7955.ENSDARP00000034534	912	22
3572107	7955.ENSDARP00000062323	895	53
3579766	7955.ENSDARP00000101100	891	85
3565901	7955.ENSDARP00000002175	889	276
3583113	7955.ENSDARP00000108289	866	323
3573765	7955.ENSDARP00000071963	857	61
3588905	7955.ENSDARP00000121591	850	35
3569604	7955.ENSDARP00000042199	846	73
3567436	7955.ENSDARP00000016879	839	57
3572257	7955.ENSDARP00000063095	836	22
3575404	7955.ENSDARP00000081505	827	95
3588841	7955.ENSDARP00000121437	826	41
3590052	7955.ENSDARP00000124716	823	25
3587376	7955.ENSDARP00000117673	822	36
3566185	7955.ENSDARP00000004830	822	40
3579413	7955.ENSDARP00000100195	822	290
3568202	7955.ENSDARP00000024560	820	78
3591926	7955.ENSDARP00000129150	819	8
3578191	7955.ENSDARP00000096581	809	169
3585643	7955.ENSDARP00000113097	807	8
3567543	7955.ENSDARP00000017853	807	31
3567630	7955.ENSDARP00000018850	807	74
3577036	7955.ENSDARP00000091586	806	14
3578080	7955.ENSDARP00000096200	805	16
3588195	7955.ENSDARP00000119756	805	15
3583585	7955.ENSDARP00000109185	796	15
3587515	7955.ENSDARP00000117991	788	13
3569537	7955.ENSDARP00000041530	784	14
3572681	7955.ENSDARP00000065771	781	17
3570793	7955.ENSDARP00000053793	776	11
3578093	7955.ENSDARP00000096258	774	16
3569411	7955.ENSDARP00000040203	773	299
3576526	7955.ENSDARP00000089179	771	30
3578212	7955.ENSDARP00000096674	754	177
3577465	7955.ENSDARP00000093490	752	366
3587562	7955.ENSDARP00000118091	745	152
3571029	7955.ENSDARP00000055379	741	316
3577399	7955.ENSDARP00000093236	740	17
3575077	7955.ENSDARP00000078889	739	30
3573393	7955.ENSDARP00000069744	734	92
3567835	7955.ENSDARP00000021016	728	297
3568853	7955.ENSDARP00000032688	726	52
3580939	7955.ENSDARP00000104168	726	32
3573681	7955.ENSDARP00000071527	723	33
3565896	7955.ENSDARP00000002122	722	54
3575473	7955.ENSDARP00000082031	711	119
3569554	7955.ENSDARP00000041699	707	30
3571747	7955.ENSDARP00000059885	705	52
3570522	7955.ENSDARP00000052096	697	25
3579466	7955.ENSDARP00000100331	693	5
3586007	7955.ENSDARP00000114072	691	5
3591820	7955.ENSDARP00000128898	691	53
3589392	7955.ENSDARP00000122802	688	120
3577308	7955.ENSDARP00000092713	688	97
3581935	7955.ENSDARP00000106067	686	61
3567508	7955.ENSDARP00000017569	684	56
3569494	7955.ENSDARP00000041113	682	17
3570270	7955.ENSDARP00000049835	681	34
3583471	7955.ENSDARP00000108965	681	13
3578430	7955.ENSDARP00000097644	680	20
3566628	7955.ENSDARP00000009096	678	20
3577313	7955.ENSDARP00000092727	676	94
3566729	7955.ENSDARP00000010055	675	21
3572845	7955.ENSDARP00000066929	673	29
3566993	7955.ENSDARP00000012437	669	86
3577907	7955.ENSDARP00000095312	667	15
3581582	7955.ENSDARP00000105443	664	17
3570703	7955.ENSDARP00000053207	664	12
3572143	7955.ENSDARP00000062517	662	24
3590581	7955.ENSDARP00000126028	660	8
3587453	7955.ENSDARP00000117864	660	9
3592023	7955.ENSDARP00000129330	659	24
3590883	7955.ENSDARP00000126796	659	24
3579085	7955.ENSDARP00000099321	659	24
3575763	7955.ENSDARP00000084277	659	24
3579803	7955.ENSDARP00000101193	659	24
3582828	7955.ENSDARP00000107737	659	24
3585047	7955.ENSDARP00000111851	659	24
3591753	7955.ENSDARP00000128757	659	24
3581455	7955.ENSDARP00000105220	659	24
3577534	7955.ENSDARP00000093790	659	24
3585524	7955.ENSDARP00000112824	659	24
3577531	7955.ENSDARP00000093781	659	24
3585724	7955.ENSDARP00000113307	659	24
3573044	7955.ENSDARP00000067896	659	24
3591366	7955.ENSDARP00000127943	659	24
3574752	7955.ENSDARP00000076640	641	62
3570063	7955.ENSDARP00000047390	640	15
3567514	7955.ENSDARP00000017613	640	72
3569835	7955.ENSDARP00000044837	638	37
3582492	7955.ENSDARP00000107122	636	326
3572834	7955.ENSDARP00000066858	636	326
3569287	7955.ENSDARP00000038658	634	14
3568288	7955.ENSDARP00000025377	632	52
3568311	7955.ENSDARP00000025613	632	24
3588745	7955.ENSDARP00000121190	619	4
3588136	7955.ENSDARP00000119600	617	39
3567984	7955.ENSDARP00000022550	615	60
3566022	7955.ENSDARP00000003282	610	9
3569258	7955.ENSDARP00000038227	606	4
3566655	7955.ENSDARP00000009320	601	351
3570760	7955.ENSDARP00000053541	595	20
3568747	7955.ENSDARP00000031098	592	15
3570518	7955.ENSDARP00000052081	591	13
3592141	7955.ENSDARP00000129610	591	51
3578325	7955.ENSDARP00000097279	589	118
3589541	7955.ENSDARP00000123183	581	24
3590492	7955.ENSDARP00000125799	580	6
3589907	7955.ENSDARP00000124217	577	29
3570861	7955.ENSDARP00000054229	576	41
3571050	7955.ENSDARP00000055503	575	24
3573313	7955.ENSDARP00000069273	571	20
3583265	7955.ENSDARP00000108556	570	30
3567804	7955.ENSDARP00000020656	561	21
3591257	7955.ENSDARP00000127700	558	46
3586379	7955.ENSDARP00000115054	557	1007
3567271	7955.ENSDARP00000015328	556	25
3586129	7955.ENSDARP00000114396	555	43
3566844	7955.ENSDARP00000011148	551	14
3574635	7955.ENSDARP00000076182	549	60
3569350	7955.ENSDARP00000039324	549	107
3568466	7955.ENSDARP00000027115	545	32
3567480	7955.ENSDARP00000017326	545	262
3580164	7955.ENSDARP00000102162	543	6
3573962	7955.ENSDARP00000072874	541	24
3568512	7955.ENSDARP00000027639	537	31
3572150	7955.ENSDARP00000062538	533	21
3573479	7955.ENSDARP00000070225	532	30
3576931	7955.ENSDARP00000091066	529	27
3569918	7955.ENSDARP00000045696	527	13
3570984	7955.ENSDARP00000055135	525	260
3592042	7955.ENSDARP00000129378	522	201
3582717	7955.ENSDARP00000107547	522	201
3582961	7955.ENSDARP00000107998	522	201
3580053	7955.ENSDARP00000101862	522	201
3582507	7955.ENSDARP00000107148	522	201
3582747	7955.ENSDARP00000107585	522	201
3582030	7955.ENSDARP00000106245	522	201
3579903	7955.ENSDARP00000101467	522	201
3583687	7955.ENSDARP00000109355	522	201
3583232	7955.ENSDARP00000108502	522	201
3591884	7955.ENSDARP00000129044	522	201
3585008	7955.ENSDARP00000111786	522	201
3581376	7955.ENSDARP00000105059	522	201
3583513	7955.ENSDARP00000109044	522	201
3583528	7955.ENSDARP00000109071	522	201
3574937	7955.ENSDARP00000077832	522	201
3584547	7955.ENSDARP00000110935	522	201
3582143	7955.ENSDARP00000106443	522	201
3575508	7955.ENSDARP00000082327	522	201
3581427	7955.ENSDARP00000105168	522	201
3582167	7955.ENSDARP00000106496	522	201
3585088	7955.ENSDARP00000111930	522	201
3581027	7955.ENSDARP00000104379	522	201
3584867	7955.ENSDARP00000111526	522	201
3582447	7955.ENSDARP00000107028	522	201
3583658	7955.ENSDARP00000109299	522	201
3579848	7955.ENSDARP00000101311	522	201
3583635	7955.ENSDARP00000109257	522	201
3582243	7955.ENSDARP00000106634	522	201
3582939	7955.ENSDARP00000107946	522	201
3585153	7955.ENSDARP00000112034	522	201
3584679	7955.ENSDARP00000111175	522	201
3576242	7955.ENSDARP00000087873	517	6
3565847	7955.ENSDARP00000000392	513	114
3568878	7955.ENSDARP00000033069	507	8
3572155	7955.ENSDARP00000062555	504	16
3567031	7955.ENSDARP00000012776	503	52
3576178	7955.ENSDARP00000087500	503	13
3566174	7955.ENSDARP00000004708	500	26
3566359	7955.ENSDARP00000006420	498	7
3570790	7955.ENSDARP00000053775	497	9
3592027	7955.ENSDARP00000129339	495	12
3572215	7955.ENSDARP00000062897	495	27
3571308	7955.ENSDARP00000057100	493	75
3589183	7955.ENSDARP00000122284	492	24
3584495	7955.ENSDARP00000110851	485	273
3582921	7955.ENSDARP00000107913	484	63
3567233	7955.ENSDARP00000014978	482	87
3566887	7955.ENSDARP00000011506	481	21
3579264	7955.ENSDARP00000099772	479	947
3569223	7955.ENSDARP00000037758	476	12
3573705	7955.ENSDARP00000071646	474	92
3568227	7955.ENSDARP00000024752	474	84
3581065	7955.ENSDARP00000104468	470	93
3590102	7955.ENSDARP00000124893	468	10
3572171	7955.ENSDARP00000062670	464	219
3568646	7955.ENSDARP00000029607	456	67
3567408	7955.ENSDARP00000016639	455	7
3567989	7955.ENSDARP00000022579	453	28
3583770	7955.ENSDARP00000109508	452	29
3580732	7955.ENSDARP00000103634	452	16
3567911	7955.ENSDARP00000021916	452	16
3585101	7955.ENSDARP00000111947	451	102
3578000	7955.ENSDARP00000095720	451	265
3569372	7955.ENSDARP00000039787	447	10
3572121	7955.ENSDARP00000062382	442	57
3566861	7955.ENSDARP00000011271	440	41
3570206	7955.ENSDARP00000049002	437	75
3572485	7955.ENSDARP00000064522	433	26
3569334	7955.ENSDARP00000039143	432	11
3571837	7955.ENSDARP00000060360	431	10
3584765	7955.ENSDARP00000111326	429	895
3571556	7955.ENSDARP00000058628	429	250
3566596	7955.ENSDARP00000008690	428	49
3586568	7955.ENSDARP00000115538	427	13
3586591	7955.ENSDARP00000115580	425	14
3572374	7955.ENSDARP00000063869	424	9
3577542	7955.ENSDARP00000093817	421	78
3567881	7955.ENSDARP00000021569	421	222
3586204	7955.ENSDARP00000114578	421	2
3569584	7955.ENSDARP00000041959	413	56
3567522	7955.ENSDARP00000017670	412	19
3586868	7955.ENSDARP00000116310	411	14
3575702	7955.ENSDARP00000083835	411	22
3588416	7955.ENSDARP00000120315	411	8
3586775	7955.ENSDARP00000116075	409	882
3565967	7955.ENSDARP00000002844	408	31
3570414	7955.ENSDARP00000051361	406	829
3583462	7955.ENSDARP00000108949	406	10
3574551	7955.ENSDARP00000075802	405	13
3581250	7955.ENSDARP00000104823	405	48
3589070	7955.ENSDARP00000122013	404	6
3568603	7955.ENSDARP00000028911	400	15
3587982	7955.ENSDARP00000119179	400	268
3566715	7955.ENSDARP00000009909	400	35
3568957	7955.ENSDARP00000034077	399	45
3566306	7955.ENSDARP00000005930	397	23
3573318	7955.ENSDARP00000069300	396	16
3568607	7955.ENSDARP00000028970	396	36
3566362	7955.ENSDARP00000006445	390	15
3589932	7955.ENSDARP00000124304	389	3
3578192	7955.ENSDARP00000096586	384	53
3572606	7955.ENSDARP00000065312	384	14
3570310	7955.ENSDARP00000050331	382	50
3588789	7955.ENSDARP00000121323	381	39
3583746	7955.ENSDARP00000109464	376	11
3569060	7955.ENSDARP00000035541	374	7
3573833	7955.ENSDARP00000072337	374	84
3567721	7955.ENSDARP00000019829	373	66
3577940	7955.ENSDARP00000095458	371	5
3571430	7955.ENSDARP00000057866	370	18
3568356	7955.ENSDARP00000026065	369	82
3568927	7955.ENSDARP00000033622	368	38
3567361	7955.ENSDARP00000016158	365	5
3591308	7955.ENSDARP00000127819	365	24
3571839	7955.ENSDARP00000060362	364	17
3573552	7955.ENSDARP00000070561	363	41
3574483	7955.ENSDARP00000075490	360	192
3567370	7955.ENSDARP00000016228	359	40
3572632	7955.ENSDARP00000065447	358	13
3572391	7955.ENSDARP00000064011	357	19
3583181	7955.ENSDARP00000108417	357	104
3589719	7955.ENSDARP00000123619	357	104
3583393	7955.ENSDARP00000108828	357	104
3580387	7955.ENSDARP00000102749	357	104
3581301	7955.ENSDARP00000104918	357	104
3586968	7955.ENSDARP00000116574	357	104
3582554	7955.ENSDARP00000107234	357	104
3584507	7955.ENSDARP00000110869	357	104
3582368	7955.ENSDARP00000106877	357	104
3580599	7955.ENSDARP00000103318	357	104
3581151	7955.ENSDARP00000104630	357	104
3578856	7955.ENSDARP00000098726	357	104
3576869	7955.ENSDARP00000090794	357	104
3585311	7955.ENSDARP00000112301	357	104
3580802	7955.ENSDARP00000103819	357	104
3573054	7955.ENSDARP00000067945	357	104
3581033	7955.ENSDARP00000104399	357	104
3577533	7955.ENSDARP00000093787	357	104
3581495	7955.ENSDARP00000105290	357	104
3577530	7955.ENSDARP00000093780	357	104
3576832	7955.ENSDARP00000090632	357	104
3573041	7955.ENSDARP00000067891	357	104
3580705	7955.ENSDARP00000103576	357	104
3573042	7955.ENSDARP00000067893	357	104
3573043	7955.ENSDARP00000067895	357	104
3580367	7955.ENSDARP00000102682	357	104
3574513	7955.ENSDARP00000075639	357	113
3587830	7955.ENSDARP00000118774	356	89
3574285	7955.ENSDARP00000074422	355	24
3582552	7955.ENSDARP00000107232	351	104
3584450	7955.ENSDARP00000110768	349	45
3571579	7955.ENSDARP00000058736	348	8
3572118	7955.ENSDARP00000062369	346	247
3574408	7955.ENSDARP00000075110	346	247
3570642	7955.ENSDARP00000052837	346	247
3579514	7955.ENSDARP00000100434	346	247
3567136	7955.ENSDARP00000013902	346	13
3584788	7955.ENSDARP00000111380	345	31
3576843	7955.ENSDARP00000090664	344	5
3568728	7955.ENSDARP00000030819	344	119
3566085	7955.ENSDARP00000003744	343	38
3577521	7955.ENSDARP00000093747	342	104
3576407	7955.ENSDARP00000088594	342	21
3574192	7955.ENSDARP00000073910	341	12
3588935	7955.ENSDARP00000121670	340	11
3584976	7955.ENSDARP00000111731	340	20
3577359	7955.ENSDARP00000093027	335	151
3583079	7955.ENSDARP00000108224	334	777
3585190	7955.ENSDARP00000112092	333	163
3579276	7955.ENSDARP00000099813	333	163
3588853	7955.ENSDARP00000121459	333	163
3580400	7955.ENSDARP00000102775	333	163
3584751	7955.ENSDARP00000111298	333	163
3578737	7955.ENSDARP00000098432	333	163
3585814	7955.ENSDARP00000113541	333	163
3589069	7955.ENSDARP00000122009	333	163
3579924	7955.ENSDARP00000101525	333	163
3582808	7955.ENSDARP00000107702	333	163
3589594	7955.ENSDARP00000123323	333	163
3584315	7955.ENSDARP00000110511	333	163
3584846	7955.ENSDARP00000111493	333	163
3573055	7955.ENSDARP00000067948	333	163
3587029	7955.ENSDARP00000116739	333	163
3570302	7955.ENSDARP00000050236	333	163
3571119	7955.ENSDARP00000055912	333	163
3577535	7955.ENSDARP00000093791	333	163
3585117	7955.ENSDARP00000111973	333	163
3581760	7955.ENSDARP00000105746	333	163
3578376	7955.ENSDARP00000097494	333	19
3584444	7955.ENSDARP00000110759	333	104
3571475	7955.ENSDARP00000058161	333	37
3581460	7955.ENSDARP00000105230	333	37
3570266	7955.ENSDARP00000049792	332	22
3568579	7955.ENSDARP00000028571	332	38
3572955	7955.ENSDARP00000067447	332	16
3569591	7955.ENSDARP00000042055	331	22
3566461	7955.ENSDARP00000007446	330	11
3590525	7955.ENSDARP00000125876	330	17
3585431	7955.ENSDARP00000112527	327	163
3570274	7955.ENSDARP00000049894	325	7
3573018	7955.ENSDARP00000067775	325	13
3578087	7955.ENSDARP00000096234	323	9
3566333	7955.ENSDARP00000006201	321	18
3591858	7955.ENSDARP00000128988	315	61
3584819	7955.ENSDARP00000111451	315	50
3569164	7955.ENSDARP00000037025	313	20
3583665	7955.ENSDARP00000109315	312	163
3570045	7955.ENSDARP00000047158	312	6
3569087	7955.ENSDARP00000036006	311	50
3586131	7955.ENSDARP00000114400	311	5
3567596	7955.ENSDARP00000018463	311	9
3582317	7955.ENSDARP00000106781	310	163
3584817	7955.ENSDARP00000111447	310	163
3580850	7955.ENSDARP00000103937	310	163
3569946	7955.ENSDARP00000046049	309	9
3570275	7955.ENSDARP00000049899	309	9
3571653	7955.ENSDARP00000059226	307	12
3585004	7955.ENSDARP00000111782	306	7
3581515	7955.ENSDARP00000105328	300	7
3589476	7955.ENSDARP00000123023	300	86
3585988	7955.ENSDARP00000114025	300	12
3568194	7955.ENSDARP00000024433	298	20
3586416	7955.ENSDARP00000115147	298	8
3565866	7955.ENSDARP00000001158	297	32
3581136	7955.ENSDARP00000104601	297	32
3568515	7955.ENSDARP00000027654	297	9
3572229	7955.ENSDARP00000062982	296	10
3566945	7955.ENSDARP00000012048	296	55
3568526	7955.ENSDARP00000027770	295	3
3572771	7955.ENSDARP00000066429	295	201
3576667	7955.ENSDARP00000089879	295	119
3574368	7955.ENSDARP00000074872	294	20
3574007	7955.ENSDARP00000073057	293	23
3587911	7955.ENSDARP00000118986	292	76
3569423	7955.ENSDARP00000040327	292	104
3573350	7955.ENSDARP00000069513	292	3
3567253	7955.ENSDARP00000015132	291	16
3566491	7955.ENSDARP00000007735	291	19
3577181	7955.ENSDARP00000092179	291	10
3567858	7955.ENSDARP00000021241	290	3
3571396	7955.ENSDARP00000057637	290	55
3567496	7955.ENSDARP00000017456	289	38
3580564	7955.ENSDARP00000103208	289	163
3584687	7955.ENSDARP00000111194	289	163
3570411	7955.ENSDARP00000051312	286	23
3576922	7955.ENSDARP00000091027	286	15
3574302	7955.ENSDARP00000074525	281	12
3566125	7955.ENSDARP00000004139	281	33
3566607	7955.ENSDARP00000008834	280	35
3566021	7955.ENSDARP00000003281	280	13
3567117	7955.ENSDARP00000013624	278	10
3580318	7955.ENSDARP00000102543	277	50
3571618	7955.ENSDARP00000058970	277	6
3583010	7955.ENSDARP00000108108	277	16
3569492	7955.ENSDARP00000041087	277	16
3573788	7955.ENSDARP00000072101	276	4
3590849	7955.ENSDARP00000126712	276	235
3574334	7955.ENSDARP00000074719	276	11
3587312	7955.ENSDARP00000117497	275	18
3589021	7955.ENSDARP00000121890	274	10
3581703	7955.ENSDARP00000105646	274	163
3579173	7955.ENSDARP00000099550	274	163
3567266	7955.ENSDARP00000015293	272	45
3591254	7955.ENSDARP00000127697	272	20
3571564	7955.ENSDARP00000058679	272	20
3576927	7955.ENSDARP00000091056	269	44
3567886	7955.ENSDARP00000021652	266	23
3569745	7955.ENSDARP00000043742	265	77
3573278	7955.ENSDARP00000069096	264	10
3570739	7955.ENSDARP00000053425	263	6
3590582	7955.ENSDARP00000126029	262	28
3566474	7955.ENSDARP00000007588	261	21
3581525	7955.ENSDARP00000105344	260	24
3573694	7955.ENSDARP00000071587	258	16
3569437	7955.ENSDARP00000040421	257	13
3569272	7955.ENSDARP00000038446	256	6
3566310	7955.ENSDARP00000005968	256	19
3568099	7955.ENSDARP00000023671	255	16
3576929	7955.ENSDARP00000091060	254	26
3570624	7955.ENSDARP00000052687	254	89
3575646	7955.ENSDARP00000083454	252	20
3565990	7955.ENSDARP00000003038	252	53
3568640	7955.ENSDARP00000029491	251	28
3570307	7955.ENSDARP00000050295	250	4
3571418	7955.ENSDARP00000057787	249	163
3568629	7955.ENSDARP00000029343	244	23
3567469	7955.ENSDARP00000017217	243	17
3577318	7955.ENSDARP00000092760	242	11
3567902	7955.ENSDARP00000021850	239	9
3577519	7955.ENSDARP00000093734	239	163
3569435	7955.ENSDARP00000040408	236	14
3576460	7955.ENSDARP00000088880	236	30
3588328	7955.ENSDARP00000120093	236	15
3580339	7955.ENSDARP00000102600	236	5
3578701	7955.ENSDARP00000098342	236	163
3572618	7955.ENSDARP00000065372	236	5
3583379	7955.ENSDARP00000108798	235	18
3573987	7955.ENSDARP00000072983	235	18
3571941	7955.ENSDARP00000061057	235	89
3573985	7955.ENSDARP00000072971	233	19
3565885	7955.ENSDARP00000001943	233	14
3587152	7955.ENSDARP00000117066	233	41
3568947	7955.ENSDARP00000033907	228	22
3583058	7955.ENSDARP00000108190	225	15
3573569	7955.ENSDARP00000070677	225	3
3567955	7955.ENSDARP00000022320	225	10
3585737	7955.ENSDARP00000113335	225	9
3586737	7955.ENSDARP00000115964	221	448
3568406	7955.ENSDARP00000026575	219	3
3570334	7955.ENSDARP00000050602	218	8
3573536	7955.ENSDARP00000070509	217	9
3577799	7955.ENSDARP00000094885	216	11
3577011	7955.ENSDARP00000091498	216	13
3577537	7955.ENSDARP00000093801	215	163
3570413	7955.ENSDARP00000051359	214	476
3577559	7955.ENSDARP00000093898	213	21
3584380	7955.ENSDARP00000110639	213	6
3568212	7955.ENSDARP00000024643	213	18
3572163	7955.ENSDARP00000062617	213	19
3571567	7955.ENSDARP00000058694	212	2
3570544	7955.ENSDARP00000052292	211	2
3568613	7955.ENSDARP00000029074	211	22
3566123	7955.ENSDARP00000004127	210	39
3570789	7955.ENSDARP00000053774	210	39
3567318	7955.ENSDARP00000015805	210	39
3583922	7955.ENSDARP00000109780	209	24
3590154	7955.ENSDARP00000125072	208	12
3567314	7955.ENSDARP00000015781	208	11
3580325	7955.ENSDARP00000102559	205	8
3578567	7955.ENSDARP00000098004	205	103
3566080	7955.ENSDARP00000003705	204	15
3572951	7955.ENSDARP00000067432	204	15
3572760	7955.ENSDARP00000066382	203	16
3583702	7955.ENSDARP00000109376	202	16
3574800	7955.ENSDARP00000076883	202	9
3574009	7955.ENSDARP00000073072	202	46
3577608	7955.ENSDARP00000094070	201	3
3576723	7955.ENSDARP00000090143	199	3
3582141	7955.ENSDARP00000106441	199	464
3568250	7955.ENSDARP00000025042	197	4
3586528	7955.ENSDARP00000115443	197	2
3581773	7955.ENSDARP00000105768	196	21
3590294	7955.ENSDARP00000125356	196	4
3576909	7955.ENSDARP00000090963	195	35
3566999	7955.ENSDARP00000012500	195	32
3567049	7955.ENSDARP00000012950	194	10
3568964	7955.ENSDARP00000034171	194	18
3585886	7955.ENSDARP00000113739	193	15
3568220	7955.ENSDARP00000024694	191	21
3592038	7955.ENSDARP00000129366	191	21
3570213	7955.ENSDARP00000049134	191	13
3573053	7955.ENSDARP00000067943	191	17
3591006	7955.ENSDARP00000127047	191	17
3572465	7955.ENSDARP00000064399	191	17
3576660	7955.ENSDARP00000089816	189	14
3585438	7955.ENSDARP00000112549	188	7
3573547	7955.ENSDARP00000070548	188	4
3589389	7955.ENSDARP00000122796	187	21
3579798	7955.ENSDARP00000101178	187	21
3584339	7955.ENSDARP00000110558	187	21
3570382	7955.ENSDARP00000051080	186	48
3567920	7955.ENSDARP00000022030	186	7
3569305	7955.ENSDARP00000038835	186	15
3567474	7955.ENSDARP00000017246	186	27
3576482	7955.ENSDARP00000089001	185	8
3574542	7955.ENSDARP00000075780	185	4
3581498	7955.ENSDARP00000105296	184	9
3566631	7955.ENSDARP00000009133	184	8
3583346	7955.ENSDARP00000108727	184	98
3583419	7955.ENSDARP00000108873	184	14
3577290	7955.ENSDARP00000092617	184	14
3567247	7955.ENSDARP00000015065	184	14
3573809	7955.ENSDARP00000072253	182	20
3581985	7955.ENSDARP00000106164	182	109
3582865	7955.ENSDARP00000107807	181	15
3578467	7955.ENSDARP00000097753	179	6
3568264	7955.ENSDARP00000025160	179	9
3571282	7955.ENSDARP00000056898	179	4
3566079	7955.ENSDARP00000003700	179	5
3573678	7955.ENSDARP00000071510	179	11
3578435	7955.ENSDARP00000097665	178	31
3581721	7955.ENSDARP00000105678	178	31
3570974	7955.ENSDARP00000055061	178	14
3566371	7955.ENSDARP00000006510	178	22
3567524	7955.ENSDARP00000017693	178	35
3581499	7955.ENSDARP00000105300	178	14
3577863	7955.ENSDARP00000095139	178	2
3567973	7955.ENSDARP00000022486	177	15
3573822	7955.ENSDARP00000072300	177	6
3582505	7955.ENSDARP00000107144	177	6
3568614	7955.ENSDARP00000029079	177	6
3571212	7955.ENSDARP00000056513	176	2
3579420	7955.ENSDARP00000100216	175	6
3567403	7955.ENSDARP00000016602	175	7
3570399	7955.ENSDARP00000051230	174	26
3574289	7955.ENSDARP00000074464	174	12
3589268	7955.ENSDARP00000122475	174	28
3574505	7955.ENSDARP00000075601	172	5
3581695	7955.ENSDARP00000105632	172	27
3574427	7955.ENSDARP00000075204	172	13
3573161	7955.ENSDARP00000068525	172	6
3576823	7955.ENSDARP00000090576	172	7
3568043	7955.ENSDARP00000023098	172	18
3572371	7955.ENSDARP00000063848	170	105
3570485	7955.ENSDARP00000051803	169	5
3570186	7955.ENSDARP00000048827	168	146
3565879	7955.ENSDARP00000001565	168	9
3583676	7955.ENSDARP00000109333	167	19
3571995	7955.ENSDARP00000061480	166	5
3569574	7955.ENSDARP00000041860	166	10
3589990	7955.ENSDARP00000124511	165	5
3588917	7955.ENSDARP00000121628	164	29
3577770	7955.ENSDARP00000094762	162	9
3566177	7955.ENSDARP00000004738	162	15
3579028	7955.ENSDARP00000099156	162	4
3582097	7955.ENSDARP00000106359	161	9
3570023	7955.ENSDARP00000046972	160	17
3572958	7955.ENSDARP00000067478	160	13
3565880	7955.ENSDARP00000001575	159	30
3583321	7955.ENSDARP00000108688	159	22
3583345	7955.ENSDARP00000108724	159	71
3566815	7955.ENSDARP00000010921	158	53
3569571	7955.ENSDARP00000041841	158	4
3568114	7955.ENSDARP00000023774	158	10
3581926	7955.ENSDARP00000106050	157	18
3566322	7955.ENSDARP00000006085	157	9
3570550	7955.ENSDARP00000052324	156	18
3567949	7955.ENSDARP00000022302	156	49
3577764	7955.ENSDARP00000094748	156	5
3585919	7955.ENSDARP00000113858	155	51
3571178	7955.ENSDARP00000056279	155	25
3573352	7955.ENSDARP00000069525	154	81
3567512	7955.ENSDARP00000017597	153	6
3585019	7955.ENSDARP00000111808	153	12
3591336	7955.ENSDARP00000127877	153	21
3567451	7955.ENSDARP00000016984	152	8
3569743	7955.ENSDARP00000043714	152	31
3572712	7955.ENSDARP00000065984	151	7
3587864	7955.ENSDARP00000118861	150	18
3582714	7955.ENSDARP00000107538	150	4
3577478	7955.ENSDARP00000093555	149	21
3572375	7955.ENSDARP00000063876	149	9
3584235	7955.ENSDARP00000110363	148	11
3570591	7955.ENSDARP00000052476	148	17
3572362	7955.ENSDARP00000063805	148	24
3568648	7955.ENSDARP00000029635	148	23
3565987	7955.ENSDARP00000003030	147	15
3576893	7955.ENSDARP00000090899	146	4
3569975	7955.ENSDARP00000046442	146	86
3573708	7955.ENSDARP00000071656	146	3
3565860	7955.ENSDARP00000000979	145	10
3590662	7955.ENSDARP00000126252	145	8
3568151	7955.ENSDARP00000024085	145	3
3580266	7955.ENSDARP00000102398	144	21
3577696	7955.ENSDARP00000094413	144	25
3587275	7955.ENSDARP00000117394	144	36
3589241	7955.ENSDARP00000122416	143	8
3584454	7955.ENSDARP00000110777	142	5
3581872	7955.ENSDARP00000105955	141	20
3580216	7955.ENSDARP00000102286	141	70
3577285	7955.ENSDARP00000092585	141	70
3585718	7955.ENSDARP00000113292	141	70
3584889	7955.ENSDARP00000111579	141	70
3567099	7955.ENSDARP00000013441	141	20
3583439	7955.ENSDARP00000108912	140	6
3569652	7955.ENSDARP00000042765	139	14
3578676	7955.ENSDARP00000098279	139	9
3577651	7955.ENSDARP00000094243	139	32
3572085	7955.ENSDARP00000062142	139	32
3568473	7955.ENSDARP00000027159	139	7
3585622	7955.ENSDARP00000113038	138	3
3570216	7955.ENSDARP00000049166	138	5
3566996	7955.ENSDARP00000012454	138	33
3591436	7955.ENSDARP00000128101	138	3
3574035	7955.ENSDARP00000073195	138	87
3568403	7955.ENSDARP00000026554	137	10
3589920	7955.ENSDARP00000124266	137	33
3571104	7955.ENSDARP00000055809	137	4
3566580	7955.ENSDARP00000008513	136	29
3568343	7955.ENSDARP00000025885	136	51
3592149	7955.ENSDARP00000129631	136	14
3571467	7955.ENSDARP00000058094	136	13
3576608	7955.ENSDARP00000089612	136	5
3587522	7955.ENSDARP00000118006	136	9
3577666	7955.ENSDARP00000094289	136	11
3570567	7955.ENSDARP00000052382	135	4
3577120	7955.ENSDARP00000091921	135	28
3572964	7955.ENSDARP00000067511	134	7
3589524	7955.ENSDARP00000123136	133	4
3582622	7955.ENSDARP00000107359	133	12
3571850	7955.ENSDARP00000060443	133	1
3572995	7955.ENSDARP00000067634	133	6
3580306	7955.ENSDARP00000102498	132	24
3586706	7955.ENSDARP00000115888	132	9
3570241	7955.ENSDARP00000049424	132	11
3568897	7955.ENSDARP00000033318	132	11
3574758	7955.ENSDARP00000076687	131	9
3574692	7955.ENSDARP00000076389	131	6
3568224	7955.ENSDARP00000024741	131	7
3579580	7955.ENSDARP00000100627	130	14
3581480	7955.ENSDARP00000105266	130	2
3570025	7955.ENSDARP00000046982	130	6
3572550	7955.ENSDARP00000064973	130	6
3566817	7955.ENSDARP00000010925	129	28
3570662	7955.ENSDARP00000052929	129	10
3568172	7955.ENSDARP00000024272	128	117
3573386	7955.ENSDARP00000069695	127	194
3590844	7955.ENSDARP00000126705	127	46
3585504	7955.ENSDARP00000112765	127	3
3584056	7955.ENSDARP00000110030	125	8
3568292	7955.ENSDARP00000025466	125	13
3579754	7955.ENSDARP00000101062	125	14
3573436	7955.ENSDARP00000070002	124	9
3566406	7955.ENSDARP00000006875	124	16
3571795	7955.ENSDARP00000060159	124	6
3565998	7955.ENSDARP00000003107	124	9
3574383	7955.ENSDARP00000074935	124	44
3578263	7955.ENSDARP00000096898	124	44
3584160	7955.ENSDARP00000110238	123	17
3566860	7955.ENSDARP00000011269	123	337
3568004	7955.ENSDARP00000022692	123	7
3566856	7955.ENSDARP00000011226	121	5
3566189	7955.ENSDARP00000004866	121	13
3585855	7955.ENSDARP00000113657	121	3
3574402	7955.ENSDARP00000075074	121	3
3578010	7955.ENSDARP00000095774	119	33
3584872	7955.ENSDARP00000111539	119	19
3572093	7955.ENSDARP00000062219	119	6
3575549	7955.ENSDARP00000082673	119	5
3567489	7955.ENSDARP00000017410	119	5
3583868	7955.ENSDARP00000109682	118	16
3567418	7955.ENSDARP00000016749	118	16
3568166	7955.ENSDARP00000024210	118	108
3576926	7955.ENSDARP00000091054	117	24
3570521	7955.ENSDARP00000052090	117	14
3568584	7955.ENSDARP00000028641	117	5
3572988	7955.ENSDARP00000067603	116	25
3565855	7955.ENSDARP00000000803	116	61
3570948	7955.ENSDARP00000054848	116	16
3569029	7955.ENSDARP00000035106	115	8
3571533	7955.ENSDARP00000058502	115	4
3567934	7955.ENSDARP00000022134	115	8
3581117	7955.ENSDARP00000104575	113	14
3589969	7955.ENSDARP00000124424	111	7
3582394	7955.ENSDARP00000106922	110	2
3577796	7955.ENSDARP00000094849	110	59
3580832	7955.ENSDARP00000103895	110	6
3572876	7955.ENSDARP00000067039	109	6
3568977	7955.ENSDARP00000034327	109	4
3568082	7955.ENSDARP00000023507	108	2
3572961	7955.ENSDARP00000067488	108	2
3591470	7955.ENSDARP00000128168	108	23
3568281	7955.ENSDARP00000025342	107	7
3589685	7955.ENSDARP00000123538	107	7
3584411	7955.ENSDARP00000110694	107	14
3567093	7955.ENSDARP00000013402	106	10
3589812	7955.ENSDARP00000123920	106	7
3585720	7955.ENSDARP00000113296	106	4
3571177	7955.ENSDARP00000056277	106	6
3566670	7955.ENSDARP00000009474	105	23
3570794	7955.ENSDARP00000053796	104	13
3584978	7955.ENSDARP00000111738	104	6
3570560	7955.ENSDARP00000052354	103	26
3581865	7955.ENSDARP00000105942	102	2
3577845	7955.ENSDARP00000095074	102	13
3566240	7955.ENSDARP00000005281	102	8
3580592	7955.ENSDARP00000103300	102	4
3578140	7955.ENSDARP00000096411	101	7
3577740	7955.ENSDARP00000094622	101	7
3572937	7955.ENSDARP00000067373	101	5
3571194	7955.ENSDARP00000056381	101	9
3586982	7955.ENSDARP00000116604	100	10
3572414	7955.ENSDARP00000064110	99.9	2
3583266	7955.ENSDARP00000108560	99.8	5
3577869	7955.ENSDARP00000095167	99.7	1
3587073	7955.ENSDARP00000116865	99.6	27
3586510	7955.ENSDARP00000115403	99.6	3
3570857	7955.ENSDARP00000054204	99.4	2
3587085	7955.ENSDARP00000116905	99.3	15
3576099	7955.ENSDARP00000086897	98.1	4
3578103	7955.ENSDARP00000096295	98.0	8
3587263	7955.ENSDARP00000117370	97.8	13
3571153	7955.ENSDARP00000056131	97.6	2
3568398	7955.ENSDARP00000026495	97.3	4
3567563	7955.ENSDARP00000018027	97.2	9
3569848	7955.ENSDARP00000045014	96.7	14
3579783	7955.ENSDARP00000101156	96.6	8
3567800	7955.ENSDARP00000020578	96.5	10
3583080	7955.ENSDARP00000108226	96.2	8
3587002	7955.ENSDARP00000116665	95.4	2
3582321	7955.ENSDARP00000106788	94.3	5
3588881	7955.ENSDARP00000121524	94.3	10
3589582	7955.ENSDARP00000123299	94.0	57
3574622	7955.ENSDARP00000076104	93.9	6
3568463	7955.ENSDARP00000027102	93.6	6
3588765	7955.ENSDARP00000121255	93.6	3
3572521	7955.ENSDARP00000064746	93.1	3
3579542	7955.ENSDARP00000100503	93.0	6
3578639	7955.ENSDARP00000098182	92.7	12
3577086	7955.ENSDARP00000091816	92.2	12
3571945	7955.ENSDARP00000061097	92.2	68
3568704	7955.ENSDARP00000030479	92.0	5
3567789	7955.ENSDARP00000020485	91.4	9
3576864	7955.ENSDARP00000090756	91.3	2
3568372	7955.ENSDARP00000026241	91.1	16
3578450	7955.ENSDARP00000097708	91.1	16
3588582	7955.ENSDARP00000120745	91.1	37
3571865	7955.ENSDARP00000060549	91.0	2
3566052	7955.ENSDARP00000003468	90.9	11
3580361	7955.ENSDARP00000102672	90.9	12
3579590	7955.ENSDARP00000100661	90.5	3
3587728	7955.ENSDARP00000118532	90.3	6
3566831	7955.ENSDARP00000011017	89.5	19
3566913	7955.ENSDARP00000011707	89.4	5
3579309	7955.ENSDARP00000099928	89.4	5
3566917	7955.ENSDARP00000011778	89.3	3
3571193	7955.ENSDARP00000056380	89.1	6
3571197	7955.ENSDARP00000056404	89.0	3
3581446	7955.ENSDARP00000105206	88.7	1
3566197	7955.ENSDARP00000004932	87.6	3
3571766	7955.ENSDARP00000060000	87.2	4
3570797	7955.ENSDARP00000053833	87.0	5
3587206	7955.ENSDARP00000117214	86.7	11
3570710	7955.ENSDARP00000053266	86.7	2
3575221	7955.ENSDARP00000080077	86.3	11
3571644	7955.ENSDARP00000059193	86.2	2
3567482	7955.ENSDARP00000017331	85.9	1
3568097	7955.ENSDARP00000023640	85.6	5
3586492	7955.ENSDARP00000115363	84.7	9
3570555	7955.ENSDARP00000052345	84.6	11
3568163	7955.ENSDARP00000024189	84.4	1
3581834	7955.ENSDARP00000105892	83.7	6
3572372	7955.ENSDARP00000063856	83.5	5
3578015	7955.ENSDARP00000095806	83.4	44
3568559	7955.ENSDARP00000028148	83.4	44
3585295	7955.ENSDARP00000112265	83.4	14
3573791	7955.ENSDARP00000072127	83.1	3
3568898	7955.ENSDARP00000033328	82.4	12
3568805	7955.ENSDARP00000032037	82.3	2
3567620	7955.ENSDARP00000018694	82.2	4
3573268	7955.ENSDARP00000069063	81.6	17
3587985	7955.ENSDARP00000119183	81.5	4
3577915	7955.ENSDARP00000095348	81.0	7
3569925	7955.ENSDARP00000045815	80.7	15
3574575	7955.ENSDARP00000075883	79.9	7
3569251	7955.ENSDARP00000038172	79.7	1
3568439	7955.ENSDARP00000026895	79.3	7
3579328	7955.ENSDARP00000099976	79.1	13
3570623	7955.ENSDARP00000052682	79.0	53
3571386	7955.ENSDARP00000057598	79.0	2
3582127	7955.ENSDARP00000106416	78.5	4
3567872	7955.ENSDARP00000021453	78.5	9
3582439	7955.ENSDARP00000107004	78.3	8
3576026	7955.ENSDARP00000086433	78.2	5
3583130	7955.ENSDARP00000108316	78.0	10
3586978	7955.ENSDARP00000116598	77.6	7
3580742	7955.ENSDARP00000103658	77.5	2
3567967	7955.ENSDARP00000022440	77.2	10
3568182	7955.ENSDARP00000024338	77.1	6
3570595	7955.ENSDARP00000052510	76.7	6
3574837	7955.ENSDARP00000077082	76.5	3
3578016	7955.ENSDARP00000095811	76.5	42
3568352	7955.ENSDARP00000026046	76.1	2
3582906	7955.ENSDARP00000107877	75.1	8
3577927	7955.ENSDARP00000095394	74.9	8
3568059	7955.ENSDARP00000023228	74.9	1
3566278	7955.ENSDARP00000005644	74.8	1
3569385	7955.ENSDARP00000039902	74.2	3
3573852	7955.ENSDARP00000072408	74.1	1
3576612	7955.ENSDARP00000089645	74.1	6
3569015	7955.ENSDARP00000034904	73.8	5
3572123	7955.ENSDARP00000062401	73.7	2
3568835	7955.ENSDARP00000032422	73.6	4
3584159	7955.ENSDARP00000110237	73.2	3
3567312	7955.ENSDARP00000015775	73.0	6
3588168	7955.ENSDARP00000119693	72.8	2
3570924	7955.ENSDARP00000054690	72.7	18
3590038	7955.ENSDARP00000124670	72.6	4
3567221	7955.ENSDARP00000014897	72.6	1
3570689	7955.ENSDARP00000053138	72.6	1
3567715	7955.ENSDARP00000019813	72.6	2
3567218	7955.ENSDARP00000014852	72.3	3
3566876	7955.ENSDARP00000011398	72.3	5
3574316	7955.ENSDARP00000074570	72.2	8
3591129	7955.ENSDARP00000127392	72.1	23
3578007	7955.ENSDARP00000095754	72.0	7
3580809	7955.ENSDARP00000103843	72.0	3
3571800	7955.ENSDARP00000060174	71.9	2
3572796	7955.ENSDARP00000066619	71.4	15
3588739	7955.ENSDARP00000121177	71.3	6
3582726	7955.ENSDARP00000107557	71.0	2
3590009	7955.ENSDARP00000124587	70.5	9
3589117	7955.ENSDARP00000122116	70.5	9
3568677	7955.ENSDARP00000029935	70.0	8
3568517	7955.ENSDARP00000027662	69.8	4
3579689	7955.ENSDARP00000100908	69.5	19
3569705	7955.ENSDARP00000043311	69.0	2
3571615	7955.ENSDARP00000058964	69.0	3
3573087	7955.ENSDARP00000068111	68.5	6
3568159	7955.ENSDARP00000024129	67.6	4
3575437	7955.ENSDARP00000081732	67.4	3
3588800	7955.ENSDARP00000121339	67.3	3
3585626	7955.ENSDARP00000113048	67.3	5
3577777	7955.ENSDARP00000094800	67.2	6
3572983	7955.ENSDARP00000067592	67.0	1
3579751	7955.ENSDARP00000101055	66.7	6
3590555	7955.ENSDARP00000125941	66.6	8
3588494	7955.ENSDARP00000120506	66.4	5
3566228	7955.ENSDARP00000005224	66.0	50
3570393	7955.ENSDARP00000051183	65.9	10
3573309	7955.ENSDARP00000069254	65.7	2
3587566	7955.ENSDARP00000118098	64.8	14
3588896	7955.ENSDARP00000121564	64.7	1
3572310	7955.ENSDARP00000063483	64.3	29
3588231	7955.ENSDARP00000119857	64.0	5
3588149	7955.ENSDARP00000119636	63.6	15
3586646	7955.ENSDARP00000115723	63.3	10
3568742	7955.ENSDARP00000031014	62.8	2
3571087	7955.ENSDARP00000055709	62.2	4
3572467	7955.ENSDARP00000064418	62.1	2
3592047	7955.ENSDARP00000129394	61.9	7
3576976	7955.ENSDARP00000091324	61.5	23
3571810	7955.ENSDARP00000060204	61.4	5
3589672	7955.ENSDARP00000123510	60.5	5
3569879	7955.ENSDARP00000045298	60.5	3
3568154	7955.ENSDARP00000024104	60.3	7
3574593	7955.ENSDARP00000075994	59.9	18
3572450	7955.ENSDARP00000064310	59.7	1
3578121	7955.ENSDARP00000096352	59.6	42
3591339	7955.ENSDARP00000127882	59.4	14
3578113	7955.ENSDARP00000096322	59.0	4
3567720	7955.ENSDARP00000019826	58.6	4
3566329	7955.ENSDARP00000006133	58.2	3
3574258	7955.ENSDARP00000074190	58.1	7
3567837	7955.ENSDARP00000021064	58.1	11
3587649	7955.ENSDARP00000118326	58.0	42
3567494	7955.ENSDARP00000017443	57.9	2
3582777	7955.ENSDARP00000107651	57.8	6
3567475	7955.ENSDARP00000017257	57.8	4
3589191	7955.ENSDARP00000122305	57.7	4
3582206	7955.ENSDARP00000106566	57.7	2
3588456	7955.ENSDARP00000120420	57.7	3
3590874	7955.ENSDARP00000126769	57.4	10
3591987	7955.ENSDARP00000129267	57.2	6
3568103	7955.ENSDARP00000023685	57.0	4
3570364	7955.ENSDARP00000050915	56.6	10
3572761	7955.ENSDARP00000066383	56.3	14
3571486	7955.ENSDARP00000058259	56.1	4
3575902	7955.ENSDARP00000085343	55.9	6
3575860	7955.ENSDARP00000085044	55.8	4
3574504	7955.ENSDARP00000075599	55.8	1
3584511	7955.ENSDARP00000110875	55.4	7
3573776	7955.ENSDARP00000072059	54.4	6
3566764	7955.ENSDARP00000010406	54.4	12
3578223	7955.ENSDARP00000096711	54.1	8
3578066	7955.ENSDARP00000096118	54.0	7
3577718	7955.ENSDARP00000094521	53.9	3
3568682	7955.ENSDARP00000030050	53.7	37
3566765	7955.ENSDARP00000010413	53.7	37
3583597	7955.ENSDARP00000109199	53.7	37
3567576	7955.ENSDARP00000018158	53.6	4
3580952	7955.ENSDARP00000104196	53.5	9
3569354	7955.ENSDARP00000039450	53.4	5
3580813	7955.ENSDARP00000103854	53.3	37
3581543	7955.ENSDARP00000105368	52.5	11
3584457	7955.ENSDARP00000110780	52.5	11
3574741	7955.ENSDARP00000076580	52.5	11
3565965	7955.ENSDARP00000002825	52.2	11
3572370	7955.ENSDARP00000063836	51.9	3
3580408	7955.ENSDARP00000102802	51.6	5
3571103	7955.ENSDARP00000055793	51.5	1
3566502	7955.ENSDARP00000007817	51.4	4
3584330	7955.ENSDARP00000110546	51.3	5
3577383	7955.ENSDARP00000093157	51.3	3
3570226	7955.ENSDARP00000049284	51.3	3
3573974	7955.ENSDARP00000072922	51.2	7
3590999	7955.ENSDARP00000127037	51.1	2
3577652	7955.ENSDARP00000094244	50.1	8
3570049	7955.ENSDARP00000047200	50.1	32
3569365	7955.ENSDARP00000039656	50.0	7
3581147	7955.ENSDARP00000104620	49.8	1
3571888	7955.ENSDARP00000060713	49.3	5
3578872	7955.ENSDARP00000098757	48.9	3
3586127	7955.ENSDARP00000114387	48.8	4
3570340	7955.ENSDARP00000050670	48.8	4
3566970	7955.ENSDARP00000012264	48.8	6
3582850	7955.ENSDARP00000107779	48.8	2
3570245	7955.ENSDARP00000049461	48.4	2
3579123	7955.ENSDARP00000099423	48.2	3
3573624	7955.ENSDARP00000071046	48.0	7
3566960	7955.ENSDARP00000012197	47.7	3
3578291	7955.ENSDARP00000097050	47.7	21
3581895	7955.ENSDARP00000105996	47.6	2
3588731	7955.ENSDARP00000121163	47.6	5
3568557	7955.ENSDARP00000028134	47.5	6
3566345	7955.ENSDARP00000006320	47.5	6
3588946	7955.ENSDARP00000121692	47.1	7
3566103	7955.ENSDARP00000003894	47.1	2
3570172	7955.ENSDARP00000048675	47.1	5
3565933	7955.ENSDARP00000002483	47.0	7
3573797	7955.ENSDARP00000072190	46.6	4
3582415	7955.ENSDARP00000106960	46.4	9
3583978	7955.ENSDARP00000109883	46.3	29
3578637	7955.ENSDARP00000098175	46.2	5
3582428	7955.ENSDARP00000106981	46.2	16
3578535	7955.ENSDARP00000097937	46.2	3
3577269	7955.ENSDARP00000092510	46.1	13
3582929	7955.ENSDARP00000107930	46.1	13
3577741	7955.ENSDARP00000094626	45.7	60
3585237	7955.ENSDARP00000112163	45.7	7
3586597	7955.ENSDARP00000115596	45.1	3
3577044	7955.ENSDARP00000091642	45.1	3
3579080	7955.ENSDARP00000099306	45.0	5
3571271	7955.ENSDARP00000056852	44.8	59
3579938	7955.ENSDARP00000101565	44.5	3
3569187	7955.ENSDARP00000037326	44.2	13
3580562	7955.ENSDARP00000103201	43.7	2
3583735	7955.ENSDARP00000109442	43.4	6
3574644	7955.ENSDARP00000076212	42.8	9
3582221	7955.ENSDARP00000106591	42.5	7
3569557	7955.ENSDARP00000041713	42.5	9
3566707	7955.ENSDARP00000009865	42.3	1
3581375	7955.ENSDARP00000105058	42.3	5
3567059	7955.ENSDARP00000013042	42.2	57
3583404	7955.ENSDARP00000108842	41.9	1
3570212	7955.ENSDARP00000049108	41.7	4
3566533	7955.ENSDARP00000008085	41.7	4
3567196	7955.ENSDARP00000014578	41.5	7
3576925	7955.ENSDARP00000091049	41.4	1
3573302	7955.ENSDARP00000069226	41.3	3
3569006	7955.ENSDARP00000034822	41.2	9
3582982	7955.ENSDARP00000108050	41.0	3
3586640	7955.ENSDARP00000115698	41.0	33
3566416	7955.ENSDARP00000006973	40.9	4
3592121	7955.ENSDARP00000129560	40.6	5
3570486	7955.ENSDARP00000051806	40.5	1
3570613	7955.ENSDARP00000052638	40.1	6
3573525	7955.ENSDARP00000070462	40.0	2
3584066	7955.ENSDARP00000110047	39.9	4
3586984	7955.ENSDARP00000116609	39.5	3
3573051	7955.ENSDARP00000067933	39.3	19
3567731	7955.ENSDARP00000019915	39.2	4
3569573	7955.ENSDARP00000041857	39.2	1
3589716	7955.ENSDARP00000123611	39.2	1
3588543	7955.ENSDARP00000120649	38.9	10
3570882	7955.ENSDARP00000054366	38.9	2
3566879	7955.ENSDARP00000011420	38.9	2
3588692	7955.ENSDARP00000121065	38.9	26
3566260	7955.ENSDARP00000005448	38.8	5
3577888	7955.ENSDARP00000095260	38.8	3
3589318	7955.ENSDARP00000122588	38.7	2
3568331	7955.ENSDARP00000025779	38.4	4
3586483	7955.ENSDARP00000115337	38.4	5
3566621	7955.ENSDARP00000009052	38.4	3
3566500	7955.ENSDARP00000007799	38.3	4
3584881	7955.ENSDARP00000111558	37.8	2
3590431	7955.ENSDARP00000125625	37.5	3
3569900	7955.ENSDARP00000045564	37.4	2
3574063	7955.ENSDARP00000073352	37.3	11
3583328	7955.ENSDARP00000108697	37.2	5
3582385	7955.ENSDARP00000106906	37.1	1
3570690	7955.ENSDARP00000053151	37.0	4
3587693	7955.ENSDARP00000118435	36.9	2
3585960	7955.ENSDARP00000113957	36.9	3
3570912	7955.ENSDARP00000054618	36.9	4
3566592	7955.ENSDARP00000008663	36.9	4
3582635	7955.ENSDARP00000107383	36.8	4
3590089	7955.ENSDARP00000124846	36.7	13
3568157	7955.ENSDARP00000024121	36.6	2
3574086	7955.ENSDARP00000073437	36.5	3
3565909	7955.ENSDARP00000002234	36.4	3
3579211	7955.ENSDARP00000099639	36.4	13
3566550	7955.ENSDARP00000008223	36.4	4
3588516	7955.ENSDARP00000120580	36.3	1
3566006	7955.ENSDARP00000003163	36.2	2
3574900	7955.ENSDARP00000077647	36.2	8
3568037	7955.ENSDARP00000023022	36.0	6
3567356	7955.ENSDARP00000016115	35.9	1
3569803	7955.ENSDARP00000044385	35.7	4
3586592	7955.ENSDARP00000115582	35.7	4
3567156	7955.ENSDARP00000014106	35.7	4
3567082	7955.ENSDARP00000013286	35.5	20
3575378	7955.ENSDARP00000081319	35.4	2
3570305	7955.ENSDARP00000050257	35.4	5
3584483	7955.ENSDARP00000110818	35.4	2
3569549	7955.ENSDARP00000041626	35.2	2
3589115	7955.ENSDARP00000122114	35.1	4
3569913	7955.ENSDARP00000045668	34.9	21
3569535	7955.ENSDARP00000041514	34.9	2
3577697	7955.ENSDARP00000094415	34.5	2
3586000	7955.ENSDARP00000114052	34.5	10
3568518	7955.ENSDARP00000027672	34.4	1
3589529	7955.ENSDARP00000123149	34.2	2
3572358	7955.ENSDARP00000063778	34.2	4
3574428	7955.ENSDARP00000075208	34.1	4
3566009	7955.ENSDARP00000003177	34.0	8
3569175	7955.ENSDARP00000037150	33.9	1
3584919	7955.ENSDARP00000111628	33.5	5
3567359	7955.ENSDARP00000016138	33.5	3
3582471	7955.ENSDARP00000107078	33.2	4
3582453	7955.ENSDARP00000107042	33.1	3
3572625	7955.ENSDARP00000065396	33.1	1
3566806	7955.ENSDARP00000010862	32.9	7
3580953	7955.ENSDARP00000104198	32.9	1
3568921	7955.ENSDARP00000033537	32.8	2
3570191	7955.ENSDARP00000048852	32.8	2
3576537	7955.ENSDARP00000089210	32.8	2
3566777	7955.ENSDARP00000010482	32.8	1
3569672	7955.ENSDARP00000043001	32.7	2
3574413	7955.ENSDARP00000075137	32.7	1
3579592	7955.ENSDARP00000100670	32.7	3
3574762	7955.ENSDARP00000076726	32.6	1
3581313	7955.ENSDARP00000104939	32.5	2
3578162	7955.ENSDARP00000096468	32.5	1
3590631	7955.ENSDARP00000126183	32.3	1
3583971	7955.ENSDARP00000109871	32.2	2
3570824	7955.ENSDARP00000053962	32.1	4
3583210	7955.ENSDARP00000108469	31.6	6
3566906	7955.ENSDARP00000011656	31.5	3
3584793	7955.ENSDARP00000111399	31.5	2
3568225	7955.ENSDARP00000024748	31.1	3
3566313	7955.ENSDARP00000006001	31.1	3
3569696	7955.ENSDARP00000043225	31.1	2
3583469	7955.ENSDARP00000108963	31.0	3
3570960	7955.ENSDARP00000054908	30.8	2
3582624	7955.ENSDARP00000107363	30.6	3
3569137	7955.ENSDARP00000036699	30.5	5
3567639	7955.ENSDARP00000018923	30.5	4
3568423	7955.ENSDARP00000026766	30.3	1
3581781	7955.ENSDARP00000105782	30.2	4
3591674	7955.ENSDARP00000128585	30.1	9
3583049	7955.ENSDARP00000108177	30.1	4
3587377	7955.ENSDARP00000117676	30.0	5
3570585	7955.ENSDARP00000052440	30.0	4
3568243	7955.ENSDARP00000024981	29.8	8
3588215	7955.ENSDARP00000119816	29.5	2
3581160	7955.ENSDARP00000104653	29.3	4
3568519	7955.ENSDARP00000027695	29.0	2
3576727	7955.ENSDARP00000090165	29.0	1
3572479	7955.ENSDARP00000064511	28.9	3
3567822	7955.ENSDARP00000020867	28.7	7
3580919	7955.ENSDARP00000104119	28.4	9
3580103	7955.ENSDARP00000101995	28.2	4
3566767	7955.ENSDARP00000010419	28.1	1
3567992	7955.ENSDARP00000022595	28.1	1
3573534	7955.ENSDARP00000070488	28.1	4
3576175	7955.ENSDARP00000087463	28.1	1
3570146	7955.ENSDARP00000048394	27.6	4
3589513	7955.ENSDARP00000123118	27.4	4
3568513	7955.ENSDARP00000027643	27.4	3
3572198	7955.ENSDARP00000062792	27.1	20
3570806	7955.ENSDARP00000053867	26.9	6
3589360	7955.ENSDARP00000122708	26.7	2
3582222	7955.ENSDARP00000106592	26.7	2
3578218	7955.ENSDARP00000096695	26.7	1
3588866	7955.ENSDARP00000121492	26.4	12
3576417	7955.ENSDARP00000088646	26.3	4
3574696	7955.ENSDARP00000076404	26.2	1
3583242	7955.ENSDARP00000108521	25.9	1
3565920	7955.ENSDARP00000002360	25.7	5
3572428	7955.ENSDARP00000064171	25.6	6
3588626	7955.ENSDARP00000120878	25.5	1
3569805	7955.ENSDARP00000044410	25.5	4
3591564	7955.ENSDARP00000128354	25.5	12
3585634	7955.ENSDARP00000113061	25.3	5
3576473	7955.ENSDARP00000088945	25.3	1
3577859	7955.ENSDARP00000095128	25.2	5
3570079	7955.ENSDARP00000047527	25.2	12
3582740	7955.ENSDARP00000107576	25.2	1
3591853	7955.ENSDARP00000128976	24.8	5
3582566	7955.ENSDARP00000107253	24.6	4
3568533	7955.ENSDARP00000027892	24.6	4
3572543	7955.ENSDARP00000064900	24.1	5
3570239	7955.ENSDARP00000049419	24.0	3
3586296	7955.ENSDARP00000114828	24.0	1
3583431	7955.ENSDARP00000108896	23.8	13
3569947	7955.ENSDARP00000046065	23.8	9
3577701	7955.ENSDARP00000094422	23.7	6
3576153	7955.ENSDARP00000087338	23.7	5
3568959	7955.ENSDARP00000034116	23.5	2
3569962	7955.ENSDARP00000046259	23.4	2
3568998	7955.ENSDARP00000034733	23.4	4
3589767	7955.ENSDARP00000123778	23.1	1
3568050	7955.ENSDARP00000023158	22.9	6
3568317	7955.ENSDARP00000025652	22.8	9
3574728	7955.ENSDARP00000076519	22.8	2
3566151	7955.ENSDARP00000004394	22.8	16
3585746	7955.ENSDARP00000113362	22.7	14
3566020	7955.ENSDARP00000003276	22.7	5
3572956	7955.ENSDARP00000067454	22.7	6
3574878	7955.ENSDARP00000077445	22.6	4
3573855	7955.ENSDARP00000072424	22.6	7
3590501	7955.ENSDARP00000125818	22.4	4
3569626	7955.ENSDARP00000042420	22.4	4
3572086	7955.ENSDARP00000062145	22.4	4
3576276	7955.ENSDARP00000088020	22.1	5
3567013	7955.ENSDARP00000012595	22.0	3
3572654	7955.ENSDARP00000065566	21.9	2
3566099	7955.ENSDARP00000003850	21.9	1
3576544	7955.ENSDARP00000089263	21.9	15
3567610	7955.ENSDARP00000018627	21.9	5
3569973	7955.ENSDARP00000046430	21.7	2
3582358	7955.ENSDARP00000106853	21.6	5
3578101	7955.ENSDARP00000096291	21.6	6
3583022	7955.ENSDARP00000108133	21.5	8
3576390	7955.ENSDARP00000088494	21.5	18
3578864	7955.ENSDARP00000098745	21.5	4
3584557	7955.ENSDARP00000110956	21.3	2
3581933	7955.ENSDARP00000106065	21.2	1
3571540	7955.ENSDARP00000058554	21.2	2
3580536	7955.ENSDARP00000103150	21.0	10
3570975	7955.ENSDARP00000055063	20.9	2
3573353	7955.ENSDARP00000069533	20.9	1
3574023	7955.ENSDARP00000073113	20.8	6
3589894	7955.ENSDARP00000124165	20.4	1
3566360	7955.ENSDARP00000006424	20.2	10
3577278	7955.ENSDARP00000092565	20.1	2
3575405	7955.ENSDARP00000081514	20.1	6
3571421	7955.ENSDARP00000057822	20.0	2
3566836	7955.ENSDARP00000011083	20.0	2
3566538	7955.ENSDARP00000008099	19.9	3
3581099	7955.ENSDARP00000104532	19.9	2
3576675	7955.ENSDARP00000089922	19.7	1
3591445	7955.ENSDARP00000128116	19.6	2
3567657	7955.ENSDARP00000019098	19.4	4
3584182	7955.ENSDARP00000110274	19.4	4
3591900	7955.ENSDARP00000129087	19.4	15
3582013	7955.ENSDARP00000106212	19.4	1
3574792	7955.ENSDARP00000076844	19.0	2
3568637	7955.ENSDARP00000029462	19.0	1
3570934	7955.ENSDARP00000054780	18.9	6
3573074	7955.ENSDARP00000068070	18.9	3
3578475	7955.ENSDARP00000097770	18.9	6
3565907	7955.ENSDARP00000002223	18.8	1
3583880	7955.ENSDARP00000109706	18.3	2
3567916	7955.ENSDARP00000021993	18.2	1
3576903	7955.ENSDARP00000090944	18.1	9
3576779	7955.ENSDARP00000090402	17.9	2
3590554	7955.ENSDARP00000125940	17.6	1
3570809	7955.ENSDARP00000053874	17.6	6
3569485	7955.ENSDARP00000041034	17.5	9
3575554	7955.ENSDARP00000082703	17.4	1
3583993	7955.ENSDARP00000109908	17.3	2
3572896	7955.ENSDARP00000067116	17.2	1
3566181	7955.ENSDARP00000004795	17.2	1
3572384	7955.ENSDARP00000063949	17.0	3
3568709	7955.ENSDARP00000030555	17.0	3
3566409	7955.ENSDARP00000006888	17.0	4
3567227	7955.ENSDARP00000014929	16.9	3
3588752	7955.ENSDARP00000121211	16.8	1
3567628	7955.ENSDARP00000018820	16.7	2
3577210	7955.ENSDARP00000092307	16.7	2
3566763	7955.ENSDARP00000010393	16.7	2
3570309	7955.ENSDARP00000050307	16.7	2
3572624	7955.ENSDARP00000065391	16.7	2
3569023	7955.ENSDARP00000035027	16.7	2
3586155	7955.ENSDARP00000114456	16.4	18
3584949	7955.ENSDARP00000111676	16.4	1
3582499	7955.ENSDARP00000107134	16.4	2
3567146	7955.ENSDARP00000014003	16.2	2
3586147	7955.ENSDARP00000114437	16.2	17
3569756	7955.ENSDARP00000043854	16.1	3
3570709	7955.ENSDARP00000053239	16.1	3
3568330	7955.ENSDARP00000025776	16.0	3
3569432	7955.ENSDARP00000040389	15.7	1
3587594	7955.ENSDARP00000118166	15.7	5
3590518	7955.ENSDARP00000125861	15.6	1
3567850	7955.ENSDARP00000021165	15.5	4
3582028	7955.ENSDARP00000106240	15.3	1
3566635	7955.ENSDARP00000009149	15.3	4
3574051	7955.ENSDARP00000073298	15.3	1
3577632	7955.ENSDARP00000094162	15.2	3
3566834	7955.ENSDARP00000011049	15.2	1
3576860	7955.ENSDARP00000090750	15.1	1
3566415	7955.ENSDARP00000006945	14.9	1
3581585	7955.ENSDARP00000105446	14.8	3
3587552	7955.ENSDARP00000118068	14.7	12
3567183	7955.ENSDARP00000014422	14.6	4
3577841	7955.ENSDARP00000095064	14.6	1
3583311	7955.ENSDARP00000108671	14.6	4
3566589	7955.ENSDARP00000008646	14.5	4
3571439	7955.ENSDARP00000057912	14.4	14
3587820	7955.ENSDARP00000118753	14.3	1
3588487	7955.ENSDARP00000120492	14.3	3
3569586	7955.ENSDARP00000041991	14.2	3
3577711	7955.ENSDARP00000094479	14.2	2
3578150	7955.ENSDARP00000096443	14.1	2
3566343	7955.ENSDARP00000006315	14.0	2
3566277	7955.ENSDARP00000005640	14.0	1
3591731	7955.ENSDARP00000128715	14.0	3
3569990	7955.ENSDARP00000046625	13.9	2
3591819	7955.ENSDARP00000128890	13.9	2
3576457	7955.ENSDARP00000088868	13.8	11
3565898	7955.ENSDARP00000002127	13.6	1
3567455	7955.ENSDARP00000017029	13.6	17
3568470	7955.ENSDARP00000027139	13.5	1
3569796	7955.ENSDARP00000044313	13.4	3
3586029	7955.ENSDARP00000114134	13.4	1
3587343	7955.ENSDARP00000117582	13.3	18
3577891	7955.ENSDARP00000095265	13.3	3
3575624	7955.ENSDARP00000083259	13.2	3
3573096	7955.ENSDARP00000068144	13.1	7
3567178	7955.ENSDARP00000014384	12.9	3
3584427	7955.ENSDARP00000110728	12.8	1
3582010	7955.ENSDARP00000106208	12.8	1
3570050	7955.ENSDARP00000047205	12.8	1
3584971	7955.ENSDARP00000111723	12.8	1
3578273	7955.ENSDARP00000096950	12.8	1
3578020	7955.ENSDARP00000095870	12.6	7
3586877	7955.ENSDARP00000116328	12.6	2
3586665	7955.ENSDARP00000115785	12.5	7
3589554	7955.ENSDARP00000123222	12.5	1
3586657	7955.ENSDARP00000115754	12.4	1
3566376	7955.ENSDARP00000006553	12.3	1
3577923	7955.ENSDARP00000095384	12.2	5
3574080	7955.ENSDARP00000073415	12.2	61
3574167	7955.ENSDARP00000073800	12.1	1
3590068	7955.ENSDARP00000124776	12.0	1
3572007	7955.ENSDARP00000061576	12.0	1
3589510	7955.ENSDARP00000123109	11.9	2
3576757	7955.ENSDARP00000090306	11.8	61
3575088	7955.ENSDARP00000078994	11.7	1
3580867	7955.ENSDARP00000103985	11.7	1
3582341	7955.ENSDARP00000106819	11.6	3
3569986	7955.ENSDARP00000046586	11.6	3
3574899	7955.ENSDARP00000077643	11.5	1
3588915	7955.ENSDARP00000121623	11.4	1
3568449	7955.ENSDARP00000026992	11.4	3
3581547	7955.ENSDARP00000105375	11.4	5
3570237	7955.ENSDARP00000049374	11.2	5
3567442	7955.ENSDARP00000016922	11.1	6
3569007	7955.ENSDARP00000034827	11.1	1
3582780	7955.ENSDARP00000107656	11.1	1
3567020	7955.ENSDARP00000012691	11.1	1
3572868	7955.ENSDARP00000067004	10.8	2
3577324	7955.ENSDARP00000092792	10.6	1
3577060	7955.ENSDARP00000091705	10.6	1
3585751	7955.ENSDARP00000113373	10.6	10
3573838	7955.ENSDARP00000072363	10.5	1
3577189	7955.ENSDARP00000092224	10.2	14
3575580	7955.ENSDARP00000082917	10.1	10
3572740	7955.ENSDARP00000066229	10.1	3
3582407	7955.ENSDARP00000106947	10.1	1
3569949	7955.ENSDARP00000046076	10.0	1
3574768	7955.ENSDARP00000076763	10.0	3
3568076	7955.ENSDARP00000023429	9.95	3
3583645	7955.ENSDARP00000109278	9.95	2
3587848	7955.ENSDARP00000118825	9.88	1
3571215	7955.ENSDARP00000056522	9.74	6
3567030	7955.ENSDARP00000012767	9.72	3
3571431	7955.ENSDARP00000057868	9.71	2
3576293	7955.ENSDARP00000088095	9.64	3
3580378	7955.ENSDARP00000102718	9.61	3
3570258	7955.ENSDARP00000049650	9.48	1
3575690	7955.ENSDARP00000083765	9.44	1
3581403	7955.ENSDARP00000105116	9.23	2
3566804	7955.ENSDARP00000010840	9.18	5
3567108	7955.ENSDARP00000013512	8.93	4
3584309	7955.ENSDARP00000110501	8.87	1
3571210	7955.ENSDARP00000056465	8.79	4
3588860	7955.ENSDARP00000121484	8.57	50
3590163	7955.ENSDARP00000125089	8.57	50
3589280	7955.ENSDARP00000122502	8.57	50
3586894	7955.ENSDARP00000116372	8.54	50
3586384	7955.ENSDARP00000115072	8.54	50
3583807	7955.ENSDARP00000109567	8.49	2
3572127	7955.ENSDARP00000062413	8.48	2
3573608	7955.ENSDARP00000070966	8.36	13
3571111	7955.ENSDARP00000055858	8.28	1
3571527	7955.ENSDARP00000058483	8.09	1
3583025	7955.ENSDARP00000108138	8.07	1
3574331	7955.ENSDARP00000074706	8.0	17
3567326	7955.ENSDARP00000015866	7.96	3
3590544	7955.ENSDARP00000125918	7.95	14
3582247	7955.ENSDARP00000106639	7.84	2
3573294	7955.ENSDARP00000069192	7.72	1
3569360	7955.ENSDARP00000039570	7.67	4
3587159	7955.ENSDARP00000117083	7.59	1
3568205	7955.ENSDARP00000024612	7.56	4
3568256	7955.ENSDARP00000025096	7.48	1
3574405	7955.ENSDARP00000075079	7.41	13
3586992	7955.ENSDARP00000116646	7.41	4
3572886	7955.ENSDARP00000067077	7.4	1
3573839	7955.ENSDARP00000072364	7.38	3
3569839	7955.ENSDARP00000044895	7.24	4
3584554	7955.ENSDARP00000110951	7.19	5
3588418	7955.ENSDARP00000120324	7.19	5
3567363	7955.ENSDARP00000016165	7.18	1
3575173	7955.ENSDARP00000079719	7.13	3
3569834	7955.ENSDARP00000044836	7.06	4
3574238	7955.ENSDARP00000074127	7.04	1
3568101	7955.ENSDARP00000023679	7.03	1
3570764	7955.ENSDARP00000053576	6.84	1
3569278	7955.ENSDARP00000038550	6.77	1
3579406	7955.ENSDARP00000100182	6.7	3
3575954	7955.ENSDARP00000085849	6.65	1
3570677	7955.ENSDARP00000053075	6.62	1
3571897	7955.ENSDARP00000060765	6.6	1
3572614	7955.ENSDARP00000065355	6.54	13
3585895	7955.ENSDARP00000113776	6.47	1
3568816	7955.ENSDARP00000032177	6.42	1
3587881	7955.ENSDARP00000118904	6.35	4
3569582	7955.ENSDARP00000041938	6.34	5
3569154	7955.ENSDARP00000036958	6.33	5
3571595	7955.ENSDARP00000058875	6.3	1
3585217	7955.ENSDARP00000112131	6.27	1
3567362	7955.ENSDARP00000016160	6.27	1
3566883	7955.ENSDARP00000011444	6.23	1
3579716	7955.ENSDARP00000100984	6.2	2
3577305	7955.ENSDARP00000092698	6.2	2
3577303	7955.ENSDARP00000092691	6.2	2
3579073	7955.ENSDARP00000099283	6.2	2
3584921	7955.ENSDARP00000111631	6.2	1
3571981	7955.ENSDARP00000061365	6.2	1
3569054	7955.ENSDARP00000035453	6.2	1
3568724	7955.ENSDARP00000030813	6.18	2
3568150	7955.ENSDARP00000024082	6.15	1
3567399	7955.ENSDARP00000016540	5.99	1
3574043	7955.ENSDARP00000073256	5.99	1
3571099	7955.ENSDARP00000055770	5.96	1
3566722	7955.ENSDARP00000009970	5.95	2
3582558	7955.ENSDARP00000107238	5.93	3
3579807	7955.ENSDARP00000101202	5.89	1
3569077	7955.ENSDARP00000035859	5.87	2
3585505	7955.ENSDARP00000112770	5.87	1
3575619	7955.ENSDARP00000083234	5.87	2
3577847	7955.ENSDARP00000095079	5.75	1
3574668	7955.ENSDARP00000076305	5.68	2
3577376	7955.ENSDARP00000093111	5.6	2
3588553	7955.ENSDARP00000120670	5.57	4
3581023	7955.ENSDARP00000104368	5.53	1
3580683	7955.ENSDARP00000103520	5.53	1
3572528	7955.ENSDARP00000064802	5.47	1
3585588	7955.ENSDARP00000112958	5.45	2
3590485	7955.ENSDARP00000125774	5.44	6
3585244	7955.ENSDARP00000112172	5.4	4
3573154	7955.ENSDARP00000068470	5.29	1
3568404	7955.ENSDARP00000026560	5.29	1
3588068	7955.ENSDARP00000119407	5.25	2
3584658	7955.ENSDARP00000111142	5.2	1
3569495	7955.ENSDARP00000041141	5.19	12
3573382	7955.ENSDARP00000069676	5.19	13
3575408	7955.ENSDARP00000081539	5.13	2
3574978	7955.ENSDARP00000078114	5.13	5
3589948	7955.ENSDARP00000124366	5.12	12
3566529	7955.ENSDARP00000008048	5.11	1
3588562	7955.ENSDARP00000120695	5.05	2
3569634	7955.ENSDARP00000042511	4.93	1
3568615	7955.ENSDARP00000029090	4.87	2
3579426	7955.ENSDARP00000100229	4.87	2
3575357	7955.ENSDARP00000081148	4.84	1
3567751	7955.ENSDARP00000020119	4.77	2
3566109	7955.ENSDARP00000003956	4.69	1
3590921	7955.ENSDARP00000126873	4.67	1
3579045	7955.ENSDARP00000099212	4.54	4
3585756	7955.ENSDARP00000113382	4.48	4
3573342	7955.ENSDARP00000069454	4.48	1
3576836	7955.ENSDARP00000090639	4.44	1
3578542	7955.ENSDARP00000097960	4.37	1
3591349	7955.ENSDARP00000127908	4.29	2
3572471	7955.ENSDARP00000064461	4.24	1
3568778	7955.ENSDARP00000031658	4.23	7
3579714	7955.ENSDARP00000100979	4.12	3
3584024	7955.ENSDARP00000109971	3.83	1
3589715	7955.ENSDARP00000123608	3.75	1
3576746	7955.ENSDARP00000090249	3.66	1
3572970	7955.ENSDARP00000067534	3.59	1
3580393	7955.ENSDARP00000102758	3.55	1
3566280	7955.ENSDARP00000005680	3.5	1
3567415	7955.ENSDARP00000016703	3.47	1
3567791	7955.ENSDARP00000020522	3.4	2
3583932	7955.ENSDARP00000109800	3.35	4
3585085	7955.ENSDARP00000111926	3.31	2
3580613	7955.ENSDARP00000103347	3.3	1
3589766	7955.ENSDARP00000123766	3.18	1
3574927	7955.ENSDARP00000077786	3.17	4
3568923	7955.ENSDARP00000033554	3.16	1
3569777	7955.ENSDARP00000044084	3.15	4
3577251	7955.ENSDARP00000092445	3.03	1
3587266	7955.ENSDARP00000117378	2.99	1
3582457	7955.ENSDARP00000107046	2.99	1
3580286	7955.ENSDARP00000102443	2.96	1
3580965	7955.ENSDARP00000104227	2.91	1
3567025	7955.ENSDARP00000012722	2.83	2
3589782	7955.ENSDARP00000123814	2.8	1
3566716	7955.ENSDARP00000009915	2.75	1
3571270	7955.ENSDARP00000056848	2.7	13
3580448	7955.ENSDARP00000102922	2.66	1
3579239	7955.ENSDARP00000099721	2.65	1
3574257	7955.ENSDARP00000074186	2.5	1
3569067	7955.ENSDARP00000035665	2.5	1
3567631	7955.ENSDARP00000018863	2.49	1
3589365	7955.ENSDARP00000122726	2.49	1
3576059	7955.ENSDARP00000086620	2.44	1
3568803	7955.ENSDARP00000032005	2.31	1
3569971	7955.ENSDARP00000046419	2.3	1
3589622	7955.ENSDARP00000123393	2.25	4
3586274	7955.ENSDARP00000114785	2.18	1
3572916	7955.ENSDARP00000067187	2.1	4
3575262	7955.ENSDARP00000080352	2.01	2
3588110	7955.ENSDARP00000119520	1.93	1
3576135	7955.ENSDARP00000087158	1.92	1
3574272	7955.ENSDARP00000074315	1.91	1
3590522	7955.ENSDARP00000125872	1.86	1
3576360	7955.ENSDARP00000088399	1.84	1
3583910	7955.ENSDARP00000109758	1.79	1
3570338	7955.ENSDARP00000050643	1.74	1
3580703	7955.ENSDARP00000103570	1.74	1
3591998	7955.ENSDARP00000129287	1.71	1
3574596	7955.ENSDARP00000076002	1.69	1
3590315	7955.ENSDARP00000125399	1.67	1
3589827	7955.ENSDARP00000123968	1.66	1
3573936	7955.ENSDARP00000072767	1.54	1
3573792	7955.ENSDARP00000072130	1.44	1
3581291	7955.ENSDARP00000104899	1.42	4
3571423	7955.ENSDARP00000057831	1.39	1
3590833	7955.ENSDARP00000126680	1.37	1
3573739	7955.ENSDARP00000071844	1.37	1
3589702	7955.ENSDARP00000123565	1.35	2
3567654	7955.ENSDARP00000019087	1.32	1
3577184	7955.ENSDARP00000092183	1.31	2
3583838	7955.ENSDARP00000109631	1.29	1
3580364	7955.ENSDARP00000102675	1.29	1
3579720	7955.ENSDARP00000100990	1.26	1
3567357	7955.ENSDARP00000016117	1.24	1
3576956	7955.ENSDARP00000091193	1.08	1
3575901	7955.ENSDARP00000085340	1.01	1
3573314	7955.ENSDARP00000069275	0.99	1
3588608	7955.ENSDARP00000120827	0.984	1
3586572	7955.ENSDARP00000115544	0.924	1
3571352	7955.ENSDARP00000057420	0.918	1
3580761	7955.ENSDARP00000103712	0.911	4
3588838	7955.ENSDARP00000121430	0.907	1
3590152	7955.ENSDARP00000125063	0.906	3
3588790	7955.ENSDARP00000121324	0.895	1
3578753	7955.ENSDARP00000098468	0.879	2
3576285	7955.ENSDARP00000088044	0.876	1
3569660	7955.ENSDARP00000042866	0.872	1
3591961	7955.ENSDARP00000129212	0.871	3
3566894	7955.ENSDARP00000011549	0.837	1
3589780	7955.ENSDARP00000123810	0.833	3
3570066	7955.ENSDARP00000047408	0.821	1
3585965	7955.ENSDARP00000113965	0.82	1
3579183	7955.ENSDARP00000099569	0.804	1
3566992	7955.ENSDARP00000012436	0.772	1
3572689	7955.ENSDARP00000065840	0.753	2
3573872	7955.ENSDARP00000072498	0.745	4
3590143	7955.ENSDARP00000125036	0.743	1
3575434	7955.ENSDARP00000081684	0.717	3
3574689	7955.ENSDARP00000076384	0.708	1
3567428	7955.ENSDARP00000016818	0.704	1
3570005	7955.ENSDARP00000046791	0.702	3
3582674	7955.ENSDARP00000107465	0.688	1
3577379	7955.ENSDARP00000093124	0.653	3
3583250	7955.ENSDARP00000108536	0.552	5
3587647	7955.ENSDARP00000118321	0.53	4
3571097	7955.ENSDARP00000055756	0.456	1
3591616	7955.ENSDARP00000128469	0.42	1
3590950	7955.ENSDARP00000126924	0.398	4
3585717	7955.ENSDARP00000113290	0.349	2
3568818	7955.ENSDARP00000032193	0.316	1
3586205	7955.ENSDARP00000114580	0.288	2
3592002	7955.ENSDARP00000129291	0.266	1
3579166	7955.ENSDARP00000099532	0.223	1
3591814	7955.ENSDARP00000128879	0.181	1
3584912	7955.ENSDARP00000111618	0.163	2
3567737	7955.ENSDARP00000019957	0.163	1
3573590	7955.ENSDARP00000070818	0.162	1
3590854	7955.ENSDARP00000126725	0.12	4
3579175	7955.ENSDARP00000099552	0.098	1
3584167	7955.ENSDARP00000110252	0.093	1
