#id: 2058772242
#name: Danio rerio - Embryo, 120hr, SC (Kelkar,mcp,2014)
#score: 11.2
#description: abundance based on Spectral counting, 120hr, Interaction consistency score: 11.2, Coverage: 9
#organ: EMBRYO
#integrated: false
#coverage: 9
#link: http://www.ncbi.nlm.nih.gov/pubmed/25060758
#publication_year: 2014
#filename: 7955-ZF_Embryo120hr_Kelkar_2014_SEQUEST.txt
#
#internal_id	string_external_id	abundance	raw_spectral_count
3571683	7955.ENSDARP00000059365	17338	1555
3581582	7955.ENSDARP00000105443	16437	460
3569236	7955.ENSDARP00000037871	14663	1415
3569764	7955.ENSDARP00000043931	10710	2354
3570634	7955.ENSDARP00000052760	9867	4
3573421	7955.ENSDARP00000069948	7707	580
3572361	7955.ENSDARP00000063799	7605	483
3586379	7955.ENSDARP00000115054	6689	14680
3589375	7955.ENSDARP00000122750	6684	448
3570984	7955.ENSDARP00000055135	6490	3026
3579264	7955.ENSDARP00000099772	5924	13882
3569365	7955.ENSDARP00000039656	5923	393
3579413	7955.ENSDARP00000100195	5795	2385
3584765	7955.ENSDARP00000111326	5706	13541
3584241	7955.ENSDARP00000110377	5572	437
3571556	7955.ENSDARP00000058628	5502	2925
3568041	7955.ENSDARP00000023063	5354	475
3576526	7955.ENSDARP00000089179	5254	193
3568540	7955.ENSDARP00000027947	5212	489
3572340	7955.ENSDARP00000063661	5172	335
3570414	7955.ENSDARP00000051361	5104	12237
3572118	7955.ENSDARP00000062369	5094	2910
3579514	7955.ENSDARP00000100434	5094	2910
3573057	7955.ENSDARP00000067953	5092	205
3583079	7955.ENSDARP00000108224	5075	12271
3566197	7955.ENSDARP00000004932	5030	249
3570642	7955.ENSDARP00000052837	4992	2891
3570045	7955.ENSDARP00000047158	4946	116
3574408	7955.ENSDARP00000075110	4924	2880
3571936	7955.ENSDARP00000061000	4866	253
3578167	7955.ENSDARP00000096504	4812	441
3571826	7955.ENSDARP00000060309	4777	506
3572771	7955.ENSDARP00000066429	4775	2724
3586775	7955.ENSDARP00000116075	4547	12081
3566348	7955.ENSDARP00000006339	4423	372
3572907	7955.ENSDARP00000067159	4375	245
3578212	7955.ENSDARP00000096674	4294	1275
3573022	7955.ENSDARP00000067802	4246	226
3579761	7955.ENSDARP00000101082	4212	104
3570965	7955.ENSDARP00000054986	4174	1342
3589178	7955.ENSDARP00000122263	4174	1342
3589907	7955.ENSDARP00000124217	4065	181
3570974	7955.ENSDARP00000055061	4033	77
3569224	7955.ENSDARP00000037759	4017	93
3569689	7955.ENSDARP00000043172	3916	72
3571508	7955.ENSDARP00000058383	3719	226
3573172	7955.ENSDARP00000068586	3651	228
3591553	7955.ENSDARP00000128327	3499	154
3571504	7955.ENSDARP00000058363	3441	76
3592141	7955.ENSDARP00000129610	3439	341
3576935	7955.ENSDARP00000091082	3436	196
3586591	7955.ENSDARP00000115580	3353	119
3570078	7955.ENSDARP00000047524	3319	186
3568732	7955.ENSDARP00000030881	3215	331
3576353	7955.ENSDARP00000088354	3180	213
3568238	7955.ENSDARP00000024900	3110	531
3567128	7955.ENSDARP00000013777	3109	127
3567578	7955.ENSDARP00000018197	3095	153
3570476	7955.ENSDARP00000051762	3020	136
3567392	7955.ENSDARP00000016453	2995	352
3577111	7955.ENSDARP00000091899	2921	89
3583765	7955.ENSDARP00000109497	2831	53
3588016	7955.ENSDARP00000119262	2809	41
3570303	7955.ENSDARP00000050237	2792	2295
3569506	7955.ENSDARP00000041268	2785	194
3577635	7955.ENSDARP00000094172	2780	109
3583471	7955.ENSDARP00000108965	2775	71
3568482	7955.ENSDARP00000027342	2751	48
3571894	7955.ENSDARP00000060744	2719	213
3573681	7955.ENSDARP00000071527	2711	141
3571967	7955.ENSDARP00000061273	2696	26
3567087	7955.ENSDARP00000013329	2638	204
3585260	7955.ENSDARP00000112199	2631	105
3569604	7955.ENSDARP00000042199	2625	258
3589868	7955.ENSDARP00000124085	2577	6
3586737	7955.ENSDARP00000115964	2576	7076
3570413	7955.ENSDARP00000051359	2565	7944
3584769	7955.ENSDARP00000111335	2548	192
3568045	7955.ENSDARP00000023121	2531	140
3569433	7955.ENSDARP00000040396	2499	80
3573313	7955.ENSDARP00000069273	2484	92
3577855	7955.ENSDARP00000095111	2461	87
3569956	7955.ENSDARP00000046171	2416	78
3576647	7955.ENSDARP00000089772	2345	57
3567186	7955.ENSDARP00000014456	2334	135
3571777	7955.ENSDARP00000060055	2315	204
3568845	7955.ENSDARP00000032575	2284	230
3582141	7955.ENSDARP00000106441	2251	6970
3566296	7955.ENSDARP00000005843	2207	88
3587939	7955.ENSDARP00000119055	2193	762
3573765	7955.ENSDARP00000071963	2180	165
3590857	7955.ENSDARP00000126732	2154	34
3566295	7955.ENSDARP00000005837	2142	13
3571029	7955.ENSDARP00000055379	2127	736
3591762	7955.ENSDARP00000128775	2123	214
3581392	7955.ENSDARP00000105094	2116	903
3573278	7955.ENSDARP00000069096	2110	75
3566040	7955.ENSDARP00000003389	2086	88
3569400	7955.ENSDARP00000040041	2076	92
3572845	7955.ENSDARP00000066929	2076	98
3578430	7955.ENSDARP00000097644	2061	84
3573962	7955.ENSDARP00000072874	2015	103
3588581	7955.ENSDARP00000120742	1998	195
3589183	7955.ENSDARP00000122284	1985	129
3588841	7955.ENSDARP00000121437	1968	125
3566844	7955.ENSDARP00000011148	1947	60
3569515	7955.ENSDARP00000041348	1935	109
3573528	7955.ENSDARP00000070471	1915	119
3591926	7955.ENSDARP00000129150	1910	21
3571271	7955.ENSDARP00000056852	1907	3397
3565855	7955.ENSDARP00000000803	1878	834
3566860	7955.ENSDARP00000011269	1856	5918
3566228	7955.ENSDARP00000005224	1842	812
3576694	7955.ENSDARP00000090024	1826	94
3581706	7955.ENSDARP00000105649	1798	17
3567924	7955.ENSDARP00000022077	1790	238
3576241	7955.ENSDARP00000087872	1777	28
3576867	7955.ENSDARP00000090766	1768	357
3572257	7955.ENSDARP00000063095	1765	59
3565933	7955.ENSDARP00000002483	1759	238
3566729	7955.ENSDARP00000010055	1756	64
3583001	7955.ENSDARP00000108089	1753	69
3587911	7955.ENSDARP00000118986	1752	509
3586362	7955.ENSDARP00000115012	1743	1815
3583462	7955.ENSDARP00000108949	1739	36
3567647	7955.ENSDARP00000018980	1736	57
3568490	7955.ENSDARP00000027389	1727	187
3583439	7955.ENSDARP00000108912	1725	79
3566084	7955.ENSDARP00000003738	1714	182
3566380	7955.ENSDARP00000006624	1703	34
3589125	7955.ENSDARP00000122141	1698	38
3567332	7955.ENSDARP00000015917	1688	414
3573917	7955.ENSDARP00000072687	1682	1821
3570491	7955.ENSDARP00000051848	1680	88
3574007	7955.ENSDARP00000073057	1645	147
3567630	7955.ENSDARP00000018850	1644	205
3576784	7955.ENSDARP00000090434	1641	104
3571955	7955.ENSDARP00000061148	1634	746
3589800	7955.ENSDARP00000123883	1627	202
3584872	7955.ENSDARP00000111539	1624	201
3585919	7955.ENSDARP00000113858	1618	571
3591526	7955.ENSDARP00000128271	1617	35
3590555	7955.ENSDARP00000125941	1617	218
3576985	7955.ENSDARP00000091381	1609	130
3589541	7955.ENSDARP00000123183	1601	84
3588195	7955.ENSDARP00000119756	1596	42
3585976	7955.ENSDARP00000113988	1594	1817
3573386	7955.ENSDARP00000069695	1581	2916
3572229	7955.ENSDARP00000062982	1574	62
3582097	7955.ENSDARP00000106359	1569	74
3567496	7955.ENSDARP00000017456	1560	212
3569934	7955.ENSDARP00000045900	1559	46
3577188	7955.ENSDARP00000092223	1559	157
3571512	7955.ENSDARP00000058402	1542	151
3567727	7955.ENSDARP00000019888	1539	887
3566185	7955.ENSDARP00000004830	1524	77
3567689	7955.ENSDARP00000019477	1516	53
3565901	7955.ENSDARP00000002175	1512	566
3586416	7955.ENSDARP00000115147	1511	35
3567605	7955.ENSDARP00000018594	1502	9
3565896	7955.ENSDARP00000002122	1502	125
3571612	7955.ENSDARP00000058955	1498	151
3569507	7955.ENSDARP00000041278	1495	758
3570716	7955.ENSDARP00000053303	1487	867
3573536	7955.ENSDARP00000070509	1485	63
3584330	7955.ENSDARP00000110546	1478	162
3574366	7955.ENSDARP00000074862	1478	97
3587376	7955.ENSDARP00000117673	1474	84
3572360	7955.ENSDARP00000063788	1449	50
3573768	7955.ENSDARP00000072006	1447	802
3576243	7955.ENSDARP00000087874	1428	21
3570595	7955.ENSDARP00000052510	1428	77
3568675	7955.ENSDARP00000029933	1426	838
3569287	7955.ENSDARP00000038658	1424	37
3575404	7955.ENSDARP00000081505	1416	171
3570063	7955.ENSDARP00000047390	1399	33
3578223	7955.ENSDARP00000096711	1394	161
3567361	7955.ENSDARP00000016158	1392	30
3572121	7955.ENSDARP00000062382	1382	148
3572732	7955.ENSDARP00000066176	1375	599
3573914	7955.ENSDARP00000072678	1367	1520
3571958	7955.ENSDARP00000061164	1346	685
3568646	7955.ENSDARP00000029607	1345	154
3583297	7955.ENSDARP00000108629	1343	57
3577595	7955.ENSDARP00000094021	1342	97
3587312	7955.ENSDARP00000117497	1325	106
3570877	7955.ENSDARP00000054339	1323	38
3577559	7955.ENSDARP00000093898	1316	113
3573350	7955.ENSDARP00000069513	1315	39
3578076	7955.ENSDARP00000096178	1300	36
3584352	7955.ENSDARP00000110577	1295	114
3587360	7955.ENSDARP00000117628	1289	82
3574692	7955.ENSDARP00000076389	1285	85
3572995	7955.ENSDARP00000067634	1268	77
3573318	7955.ENSDARP00000069300	1266	47
3569301	7955.ENSDARP00000038799	1240	34
3571747	7955.ENSDARP00000059885	1223	102
3568467	7955.ENSDARP00000027118	1223	170
3583335	7955.ENSDARP00000108711	1221	205
3592023	7955.ENSDARP00000129330	1212	94
3575763	7955.ENSDARP00000084277	1212	94
3579803	7955.ENSDARP00000101193	1212	94
3591753	7955.ENSDARP00000128757	1212	94
3585524	7955.ENSDARP00000112824	1212	94
3585724	7955.ENSDARP00000113307	1212	94
3591366	7955.ENSDARP00000127943	1212	94
3567984	7955.ENSDARP00000022550	1210	137
3588494	7955.ENSDARP00000120506	1206	75
3570567	7955.ENSDARP00000052382	1187	41
3568202	7955.ENSDARP00000024560	1182	129
3566628	7955.ENSDARP00000009096	1170	45
3574302	7955.ENSDARP00000074525	1167	56
3568927	7955.ENSDARP00000033622	1166	108
3588935	7955.ENSDARP00000121670	1166	39
3567721	7955.ENSDARP00000019829	1166	176
3577873	7955.ENSDARP00000095187	1159	91
3574334	7955.ENSDARP00000074719	1157	51
3587154	7955.ENSDARP00000117068	1152	25
3574800	7955.ENSDARP00000076883	1151	64
3582492	7955.ENSDARP00000107122	1148	697
3572834	7955.ENSDARP00000066858	1148	697
3569591	7955.ENSDARP00000042055	1130	99
3566895	7955.ENSDARP00000011562	1120	53
3568227	7955.ENSDARP00000024752	1119	215
3587461	7955.ENSDARP00000117879	1115	91
3570056	7955.ENSDARP00000047268	1115	91
3588427	7955.ENSDARP00000120344	1115	91
3576638	7955.ENSDARP00000089753	1115	91
3577465	7955.ENSDARP00000093490	1113	725
3566491	7955.ENSDARP00000007735	1108	99
3576174	7955.ENSDARP00000087462	1085	88
3579766	7955.ENSDARP00000101100	1083	155
3585110	7955.ENSDARP00000111963	1078	126
3570629	7955.ENSDARP00000052729	1077	24
3569350	7955.ENSDARP00000039324	1071	248
3568777	7955.ENSDARP00000031650	1071	25
3569584	7955.ENSDARP00000041959	1069	139
3572674	7955.ENSDARP00000065680	1063	174
3567835	7955.ENSDARP00000021016	1061	619
3567031	7955.ENSDARP00000012776	1061	125
3571533	7955.ENSDARP00000058502	1059	38
3567233	7955.ENSDARP00000014978	1051	193
3566362	7955.ENSDARP00000006445	1049	48
3572756	7955.ENSDARP00000066372	1045	63
3572485	7955.ENSDARP00000064522	1040	69
3585584	7955.ENSDARP00000112954	1038	62
3574551	7955.ENSDARP00000075802	1029	65
3571050	7955.ENSDARP00000055503	1026	41
3573608	7955.ENSDARP00000070966	1017	86
3569554	7955.ENSDARP00000041699	1012	53
3566310	7955.ENSDARP00000005968	1011	54
3566079	7955.ENSDARP00000003700	1008	32
3568837	7955.ENSDARP00000032453	1007	34
3566285	7955.ENSDARP00000005719	1005	20
3574087	7955.ENSDARP00000073439	1004	73
3576922	7955.ENSDARP00000091027	1004	53
3566857	7955.ENSDARP00000011243	998	58
3577086	7955.ENSDARP00000091816	995	148
3567436	7955.ENSDARP00000016879	994	76
3575494	7955.ENSDARP00000082159	979	109
3585539	7955.ENSDARP00000112851	978	132
3575133	7955.ENSDARP00000079424	978	132
3569705	7955.ENSDARP00000043311	977	32
3568197	7955.ENSDARP00000024492	973	69
3584218	7955.ENSDARP00000110339	968	87
3571441	7955.ENSDARP00000057943	968	17
3571839	7955.ENSDARP00000060362	963	49
3572116	7955.ENSDARP00000062362	959	64
3567632	7955.ENSDARP00000018865	955	34
3577412	7955.ENSDARP00000093277	950	51
3567117	7955.ENSDARP00000013624	950	43
3575408	7955.ENSDARP00000081539	943	277
3571186	7955.ENSDARP00000056318	935	16
3568052	7955.ENSDARP00000023177	931	31
3585083	7955.ENSDARP00000111924	930	73
3566648	7955.ENSDARP00000009258	928	111
3572107	7955.ENSDARP00000062323	921	104
3578128	7955.ENSDARP00000096373	918	50
3574520	7955.ENSDARP00000075658	917	163
3571797	7955.ENSDARP00000060165	915	108
3566334	7955.ENSDARP00000006207	914	83
3580181	7955.ENSDARP00000102203	906	88
3566489	7955.ENSDARP00000007716	905	27
3572064	7955.ENSDARP00000061954	892	60
3590883	7955.ENSDARP00000126796	889	90
3579085	7955.ENSDARP00000099321	889	90
3582828	7955.ENSDARP00000107737	889	90
3585047	7955.ENSDARP00000111851	889	90
3581455	7955.ENSDARP00000105220	889	90
3577534	7955.ENSDARP00000093790	889	90
3577531	7955.ENSDARP00000093781	889	90
3573044	7955.ENSDARP00000067896	889	90
3581525	7955.ENSDARP00000105344	889	166
3572114	7955.ENSDARP00000062351	886	173
3566655	7955.ENSDARP00000009320	875	670
3566887	7955.ENSDARP00000011506	863	43
3580339	7955.ENSDARP00000102600	854	22
3584788	7955.ENSDARP00000111380	848	78
3574089	7955.ENSDARP00000073453	846	63
3567464	7955.ENSDARP00000017189	845	98
3574593	7955.ENSDARP00000075994	844	103
3573587	7955.ENSDARP00000070807	842	80
3570598	7955.ENSDARP00000052528	835	15
3566906	7955.ENSDARP00000011656	829	94
3588164	7955.ENSDARP00000119683	828	8
3584495	7955.ENSDARP00000110851	826	598
3573985	7955.ENSDARP00000072971	825	66
3572131	7955.ENSDARP00000062422	824	20
3570213	7955.ENSDARP00000049134	819	69
3571219	7955.ENSDARP00000056539	819	31
3567508	7955.ENSDARP00000017569	804	75
3578639	7955.ENSDARP00000098182	803	83
3566596	7955.ENSDARP00000008690	797	115
3568163	7955.ENSDARP00000024189	796	13
3571329	7955.ENSDARP00000057288	793	58
3573987	7955.ENSDARP00000072983	793	71
3569411	7955.ENSDARP00000040203	792	482
3572213	7955.ENSDARP00000062873	792	31
3580361	7955.ENSDARP00000102672	789	83
3592042	7955.ENSDARP00000129378	782	338
3582717	7955.ENSDARP00000107547	782	338
3582961	7955.ENSDARP00000107998	782	338
3580053	7955.ENSDARP00000101862	782	338
3582507	7955.ENSDARP00000107148	782	338
3582747	7955.ENSDARP00000107585	782	338
3582030	7955.ENSDARP00000106245	782	338
3579903	7955.ENSDARP00000101467	782	338
3583687	7955.ENSDARP00000109355	782	338
3591884	7955.ENSDARP00000129044	782	338
3585008	7955.ENSDARP00000111786	782	338
3581376	7955.ENSDARP00000105059	782	338
3583513	7955.ENSDARP00000109044	782	338
3583528	7955.ENSDARP00000109071	782	338
3574937	7955.ENSDARP00000077832	782	338
3584547	7955.ENSDARP00000110935	782	338
3582143	7955.ENSDARP00000106443	782	338
3575508	7955.ENSDARP00000082327	782	338
3581427	7955.ENSDARP00000105168	782	338
3582167	7955.ENSDARP00000106496	782	338
3585088	7955.ENSDARP00000111930	782	338
3581027	7955.ENSDARP00000104379	782	338
3584867	7955.ENSDARP00000111526	782	338
3582447	7955.ENSDARP00000107028	782	338
3583658	7955.ENSDARP00000109299	782	338
3579848	7955.ENSDARP00000101311	782	338
3583635	7955.ENSDARP00000109257	782	338
3582243	7955.ENSDARP00000106634	782	338
3582939	7955.ENSDARP00000107946	782	338
3585153	7955.ENSDARP00000112034	782	338
3584679	7955.ENSDARP00000111175	782	338
3572618	7955.ENSDARP00000065372	779	13
3570300	7955.ENSDARP00000050220	777	35
3566306	7955.ENSDARP00000005930	774	67
3576612	7955.ENSDARP00000089645	773	114
3570993	7955.ENSDARP00000055185	769	8
3578141	7955.ENSDARP00000096413	766	31
3588917	7955.ENSDARP00000121628	766	130
3583232	7955.ENSDARP00000108502	762	325
3566177	7955.ENSDARP00000004738	760	83
3566125	7955.ENSDARP00000004139	760	84
3568947	7955.ENSDARP00000033907	751	101
3567967	7955.ENSDARP00000022440	747	72
3569571	7955.ENSDARP00000041841	746	28
3588384	7955.ENSDARP00000120230	745	62
3566174	7955.ENSDARP00000004708	741	48
3567469	7955.ENSDARP00000017217	733	56
3567955	7955.ENSDARP00000022320	726	27
3567480	7955.ENSDARP00000017326	725	480
3572171	7955.ENSDARP00000062670	721	400
3581499	7955.ENSDARP00000105300	720	47
3565967	7955.ENSDARP00000002844	704	60
3592047	7955.ENSDARP00000129394	702	78
3583962	7955.ENSDARP00000109857	701	78
3571579	7955.ENSDARP00000058736	698	21
3571270	7955.ENSDARP00000056848	695	2459
3567136	7955.ENSDARP00000013902	685	39
3581250	7955.ENSDARP00000104823	682	90
3578263	7955.ENSDARP00000096898	680	125
3570297	7955.ENSDARP00000050204	679	31
3577841	7955.ENSDARP00000095064	677	48
3573053	7955.ENSDARP00000067943	672	87
3591006	7955.ENSDARP00000127047	672	87
3572465	7955.ENSDARP00000064399	672	87
3591308	7955.ENSDARP00000127819	671	94
3590844	7955.ENSDARP00000126705	670	783
3572065	7955.ENSDARP00000061957	669	17
3572374	7955.ENSDARP00000063869	668	23
3568579	7955.ENSDARP00000028571	656	82
3577036	7955.ENSDARP00000091586	656	12
3566809	7955.ENSDARP00000010878	655	72
3588800	7955.ENSDARP00000121339	644	30
3570023	7955.ENSDARP00000046972	641	59
3568103	7955.ENSDARP00000023685	640	38
3570046	7955.ENSDARP00000047174	640	8
3568926	7955.ENSDARP00000033600	639	5
3588215	7955.ENSDARP00000119816	636	41
3574483	7955.ENSDARP00000075490	636	341
3589932	7955.ENSDARP00000124304	634	6
3573833	7955.ENSDARP00000072337	629	138
3579798	7955.ENSDARP00000101178	629	85
3584731	7955.ENSDARP00000111268	629	14
3573705	7955.ENSDARP00000071646	627	136
3576757	7955.ENSDARP00000090306	627	2585
3586640	7955.ENSDARP00000115698	623	369
3570703	7955.ENSDARP00000053207	620	12
3584450	7955.ENSDARP00000110768	615	70
3566996	7955.ENSDARP00000012454	612	84
3587522	7955.ENSDARP00000118006	610	61
3581695	7955.ENSDARP00000105632	603	110
3572841	7955.ENSDARP00000066897	600	17
3568517	7955.ENSDARP00000027662	599	39
3577777	7955.ENSDARP00000094800	598	73
3576417	7955.ENSDARP00000088646	597	99
3574368	7955.ENSDARP00000074872	596	43
3583379	7955.ENSDARP00000108798	595	46
3574289	7955.ENSDARP00000074464	593	47
3570710	7955.ENSDARP00000053266	593	23
3573843	7955.ENSDARP00000072376	591	25
3571430	7955.ENSDARP00000057866	588	38
3585939	7955.ENSDARP00000113905	587	107
3589702	7955.ENSDARP00000123565	586	60
3568292	7955.ENSDARP00000025466	585	65
3568857	7955.ENSDARP00000032730	584	98
3583922	7955.ENSDARP00000109780	583	117
3591014	7955.ENSDARP00000127076	583	1
3568998	7955.ENSDARP00000034733	582	100
3587962	7955.ENSDARP00000119118	582	41
3568466	7955.ENSDARP00000027115	581	36
3577301	7955.ENSDARP00000092677	579	63
3585712	7955.ENSDARP00000113278	578	17
3572450	7955.ENSDARP00000064310	572	13
3571305	7955.ENSDARP00000057089	570	25
3569305	7955.ENSDARP00000038835	566	35
3568853	7955.ENSDARP00000032688	562	55
3576178	7955.ENSDARP00000087500	560	21
3569175	7955.ENSDARP00000037150	557	26
3576482	7955.ENSDARP00000089001	555	30
3574383	7955.ENSDARP00000074935	555	121
3572707	7955.ENSDARP00000065939	553	29
3566070	7955.ENSDARP00000003641	553	19
3568311	7955.ENSDARP00000025613	551	26
3566006	7955.ENSDARP00000003163	551	35
3568718	7955.ENSDARP00000030680	551	44
3571795	7955.ENSDARP00000060159	550	41
3569036	7955.ENSDARP00000035207	549	17
3569435	7955.ENSDARP00000040408	548	31
3583266	7955.ENSDARP00000108560	547	31
3578000	7955.ENSDARP00000095720	547	362
3566322	7955.ENSDARP00000006085	545	39
3570864	7955.ENSDARP00000054237	544	11
3572527	7955.ENSDARP00000064800	543	18
3566999	7955.ENSDARP00000012500	542	46
3570518	7955.ENSDARP00000052081	542	13
3573525	7955.ENSDARP00000070462	540	25
3577290	7955.ENSDARP00000092617	539	15
3581065	7955.ENSDARP00000104468	537	187
3587830	7955.ENSDARP00000118774	537	187
3590492	7955.ENSDARP00000125799	533	6
3574080	7955.ENSDARP00000073415	531	2378
3573436	7955.ENSDARP00000070002	531	52
3569437	7955.ENSDARP00000040421	531	32
3568224	7955.ENSDARP00000024741	528	35
3586204	7955.ENSDARP00000114578	527	4
3572937	7955.ENSDARP00000067373	526	44
3567130	7955.ENSDARP00000013803	524	52
3592038	7955.ENSDARP00000129366	519	84
3586894	7955.ENSDARP00000116372	516	2511
3586384	7955.ENSDARP00000115072	516	2511
3569745	7955.ENSDARP00000043742	515	194
3567156	7955.ENSDARP00000014106	513	40
3570206	7955.ENSDARP00000049002	512	100
3575702	7955.ENSDARP00000083835	512	27
3589389	7955.ENSDARP00000122796	508	84
3584339	7955.ENSDARP00000110558	508	84
3569931	7955.ENSDARP00000045887	507	44
3578291	7955.ENSDARP00000097050	506	91
3570245	7955.ENSDARP00000049461	505	25
3568728	7955.ENSDARP00000030819	503	213
3566945	7955.ENSDARP00000012048	503	107
3566817	7955.ENSDARP00000010925	502	78
3576016	7955.ENSDARP00000086334	502	20
3586669	7955.ENSDARP00000115796	499	5
3570049	7955.ENSDARP00000047200	498	358
3573703	7955.ENSDARP00000071634	497	13
3569494	7955.ENSDARP00000041113	494	16
3591336	7955.ENSDARP00000127877	493	85
3578435	7955.ENSDARP00000097665	493	42
3581721	7955.ENSDARP00000105678	493	42
3568987	7955.ENSDARP00000034534	493	16
3590163	7955.ENSDARP00000125089	489	2464
3587284	7955.ENSDARP00000117418	488	173
3565866	7955.ENSDARP00000001158	483	51
3581136	7955.ENSDARP00000104601	483	51
3591445	7955.ENSDARP00000128116	481	39
3587453	7955.ENSDARP00000117864	480	8
3566589	7955.ENSDARP00000008646	479	93
3566021	7955.ENSDARP00000003281	476	29
3566085	7955.ENSDARP00000003744	474	69
3578376	7955.ENSDARP00000097494	473	31
3567985	7955.ENSDARP00000022552	472	10
3581872	7955.ENSDARP00000105955	472	75
3567489	7955.ENSDARP00000017410	468	19
3580129	7955.ENSDARP00000102064	467	59
3566861	7955.ENSDARP00000011271	466	55
3578154	7955.ENSDARP00000096449	464	135
3584976	7955.ENSDARP00000111731	464	29
3575646	7955.ENSDARP00000083454	462	43
3578405	7955.ENSDARP00000097572	459	20
3569521	7955.ENSDARP00000041384	459	20
3565998	7955.ENSDARP00000003107	458	44
3570985	7955.ENSDARP00000055138	457	43
3567403	7955.ENSDARP00000016602	454	24
3577519	7955.ENSDARP00000093734	452	216
3568270	7955.ENSDARP00000025226	452	19
3566715	7955.ENSDARP00000009909	452	46
3568059	7955.ENSDARP00000023228	451	28
3577084	7955.ENSDARP00000091811	450	8
3583113	7955.ENSDARP00000108289	448	332
3573479	7955.ENSDARP00000070225	445	35
3581581	7955.ENSDARP00000105441	443	45
3590154	7955.ENSDARP00000125072	443	38
3580791	7955.ENSDARP00000103794	443	95
3571224	7955.ENSDARP00000056582	441	22
3567952	7955.ENSDARP00000022310	440	27
3567099	7955.ENSDARP00000013441	439	67
3567881	7955.ENSDARP00000021569	437	312
3568356	7955.ENSDARP00000026065	437	133
3569334	7955.ENSDARP00000039143	437	14
3590079	7955.ENSDARP00000124804	436	8
3582206	7955.ENSDARP00000106566	435	8
3589540	7955.ENSDARP00000123181	433	14
3592211	7955.ENSDARP00000129778	431	16
3568463	7955.ENSDARP00000027102	431	24
3576667	7955.ENSDARP00000089879	431	213
3567973	7955.ENSDARP00000022486	429	35
3570212	7955.ENSDARP00000049108	428	27
3566063	7955.ENSDARP00000003571	425	27
3568426	7955.ENSDARP00000026805	425	44
3567949	7955.ENSDARP00000022302	422	117
3585295	7955.ENSDARP00000112265	414	12
3584889	7955.ENSDARP00000111579	414	87
3579073	7955.ENSDARP00000099283	413	109
3565879	7955.ENSDARP00000001565	411	24
3573569	7955.ENSDARP00000070677	410	6
3581117	7955.ENSDARP00000104575	409	62
3577697	7955.ENSDARP00000094415	409	23
3579754	7955.ENSDARP00000101062	406	21
3569651	7955.ENSDARP00000042754	403	56
3570639	7955.ENSDARP00000052801	399	32
3568264	7955.ENSDARP00000025160	399	30
3566960	7955.ENSDARP00000012197	399	32
3579580	7955.ENSDARP00000100627	398	21
3570334	7955.ENSDARP00000050602	398	15
3566250	7955.ENSDARP00000005361	396	8
3592027	7955.ENSDARP00000129339	395	15
3582385	7955.ENSDARP00000106906	395	23
3567512	7955.ENSDARP00000017597	394	21
3572542	7955.ENSDARP00000064895	394	32
3571867	7955.ENSDARP00000060575	394	16
3567781	7955.ENSDARP00000020399	393	17
3583064	7955.ENSDARP00000108197	390	12
3578567	7955.ENSDARP00000098004	389	241
3588648	7955.ENSDARP00000120922	388	26
3566631	7955.ENSDARP00000009133	387	19
3583321	7955.ENSDARP00000108688	382	61
3580939	7955.ENSDARP00000104168	381	33
3577191	7955.ENSDARP00000092235	380	20
3582714	7955.ENSDARP00000107538	379	11
3589582	7955.ENSDARP00000123299	378	345
3577269	7955.ENSDARP00000092510	378	29
3582929	7955.ENSDARP00000107930	378	29
3572143	7955.ENSDARP00000062517	378	19
3566272	7955.ENSDARP00000005578	378	13
3574285	7955.ENSDARP00000074422	377	34
3579716	7955.ENSDARP00000100984	376	108
3590581	7955.ENSDARP00000126028	376	6
3571486	7955.ENSDARP00000058259	376	20
3582676	7955.ENSDARP00000107467	375	17
3587562	7955.ENSDARP00000118091	372	84
3566580	7955.ENSDARP00000008513	371	69
3578356	7955.ENSDARP00000097447	370	27
3589956	7955.ENSDARP00000124383	367	22
3568988	7955.ENSDARP00000034536	366	14
3579879	7955.ENSDARP00000101406	363	16
3576843	7955.ENSDARP00000090664	360	5
3589280	7955.ENSDARP00000122502	359	2293
3588860	7955.ENSDARP00000121484	359	2293
3566533	7955.ENSDARP00000008085	359	24
3568559	7955.ENSDARP00000028148	357	146
3582505	7955.ENSDARP00000107144	357	10
3588845	7955.ENSDARP00000121443	356	31
3573442	7955.ENSDARP00000070021	354	10
3573154	7955.ENSDARP00000068470	352	31
3567253	7955.ENSDARP00000015132	352	29
3570662	7955.ENSDARP00000052929	351	26
3567221	7955.ENSDARP00000014897	350	4
3570689	7955.ENSDARP00000053138	350	4
3570186	7955.ENSDARP00000048827	350	262
3566371	7955.ENSDARP00000006510	350	47
3572362	7955.ENSDARP00000063805	350	63
3575549	7955.ENSDARP00000082673	350	14
3580160	7955.ENSDARP00000102154	349	88
3570266	7955.ENSDARP00000049792	349	23
3568838	7955.ENSDARP00000032456	348	48
3566607	7955.ENSDARP00000008834	347	61
3583029	7955.ENSDARP00000108143	346	113
3577291	7955.ENSDARP00000092621	344	106
3572818	7955.ENSDARP00000066759	343	30
3580511	7955.ENSDARP00000103080	343	44
3577318	7955.ENSDARP00000092760	342	18
3589679	7955.ENSDARP00000123530	339	26
3574323	7955.ENSDARP00000074623	339	12
3583250	7955.ENSDARP00000108536	339	1392
3573694	7955.ENSDARP00000071587	338	22
3591858	7955.ENSDARP00000128988	338	78
3587152	7955.ENSDARP00000117066	336	69
3567737	7955.ENSDARP00000019957	335	1895
3571865	7955.ENSDARP00000060549	334	10
3566052	7955.ENSDARP00000003468	334	48
3587723	7955.ENSDARP00000118521	332	4
3567329	7955.ENSDARP00000015884	331	11
3566892	7955.ENSDARP00000011545	330	9
3567049	7955.ENSDARP00000012950	330	20
3573534	7955.ENSDARP00000070488	329	56
3576995	7955.ENSDARP00000091428	329	53
3585190	7955.ENSDARP00000112092	329	211
3579276	7955.ENSDARP00000099813	329	211
3588853	7955.ENSDARP00000121459	329	211
3580400	7955.ENSDARP00000102775	329	211
3584751	7955.ENSDARP00000111298	329	211
3578737	7955.ENSDARP00000098432	329	211
3585814	7955.ENSDARP00000113541	329	211
3589069	7955.ENSDARP00000122009	329	211
3579924	7955.ENSDARP00000101525	329	211
3582808	7955.ENSDARP00000107702	329	211
3589594	7955.ENSDARP00000123323	329	211
3584315	7955.ENSDARP00000110511	329	211
3584846	7955.ENSDARP00000111493	329	211
3573055	7955.ENSDARP00000067948	329	211
3587029	7955.ENSDARP00000116739	329	211
3570302	7955.ENSDARP00000050236	329	211
3571119	7955.ENSDARP00000055912	329	211
3577535	7955.ENSDARP00000093791	329	211
3585117	7955.ENSDARP00000111973	329	211
3581760	7955.ENSDARP00000105746	329	211
3579166	7955.ENSDARP00000099532	329	2001
3587884	7955.ENSDARP00000118910	329	18
3573393	7955.ENSDARP00000069744	328	38
3585718	7955.ENSDARP00000113292	328	111
3572955	7955.ENSDARP00000067447	328	20
3578015	7955.ENSDARP00000095806	327	137
3584411	7955.ENSDARP00000110694	326	17
3582995	7955.ENSDARP00000108075	325	3
3580051	7955.ENSDARP00000101855	325	126
3583346	7955.ENSDARP00000108727	323	199
3583058	7955.ENSDARP00000108190	323	27
3579542	7955.ENSDARP00000100503	323	27
3585431	7955.ENSDARP00000112527	323	211
3580515	7955.ENSDARP00000103087	322	8
3565987	7955.ENSDARP00000003030	320	30
3568331	7955.ENSDARP00000025779	319	36
3590052	7955.ENSDARP00000124716	318	11
3587247	7955.ENSDARP00000117320	318	402
3568518	7955.ENSDARP00000027672	317	13
3573352	7955.ENSDARP00000069525	316	160
3588692	7955.ENSDARP00000121065	313	234
3585604	7955.ENSDARP00000112997	313	129
3578516	7955.ENSDARP00000097880	313	129
3573389	7955.ENSDARP00000069708	312	4
3584819	7955.ENSDARP00000111451	312	51
3570307	7955.ENSDARP00000050295	311	6
3570393	7955.ENSDARP00000051183	311	47
3588849	7955.ENSDARP00000121453	310	8
3570797	7955.ENSDARP00000053833	309	22
3587263	7955.ENSDARP00000117370	308	39
3583665	7955.ENSDARP00000109315	307	211
3572155	7955.ENSDARP00000062555	307	11
3573902	7955.ENSDARP00000072618	306	18
3567886	7955.ENSDARP00000021652	304	28
3582317	7955.ENSDARP00000106781	303	211
3584817	7955.ENSDARP00000111447	303	211
3580850	7955.ENSDARP00000103937	303	211
3569039	7955.ENSDARP00000035273	303	5
3580216	7955.ENSDARP00000102286	299	61
3578093	7955.ENSDARP00000096258	299	7
3588881	7955.ENSDARP00000121524	298	35
3588413	7955.ENSDARP00000120304	297	10
3588729	7955.ENSDARP00000121161	295	22
3568597	7955.ENSDARP00000028837	294	18
3577542	7955.ENSDARP00000093817	294	69
3577293	7955.ENSDARP00000092644	291	44
3575077	7955.ENSDARP00000078889	291	13
3574258	7955.ENSDARP00000074190	290	31
3569949	7955.ENSDARP00000046076	289	29
3577278	7955.ENSDARP00000092565	289	44
3567524	7955.ENSDARP00000017693	288	65
3580564	7955.ENSDARP00000103208	288	211
3584687	7955.ENSDARP00000111194	288	211
3589683	7955.ENSDARP00000123536	288	125
3579211	7955.ENSDARP00000099639	287	29
3578143	7955.ENSDARP00000096421	287	14
3577915	7955.ENSDARP00000095348	285	28
3584066	7955.ENSDARP00000110047	284	33
3566913	7955.ENSDARP00000011707	281	21
3579309	7955.ENSDARP00000099928	281	21
3571540	7955.ENSDARP00000058554	281	32
3587085	7955.ENSDARP00000116905	280	36
3581834	7955.ENSDARP00000105892	279	25
3567801	7955.ENSDARP00000020595	278	3
3589070	7955.ENSDARP00000122013	278	7
3583363	7955.ENSDARP00000108764	275	122
3586374	7955.ENSDARP00000115047	275	122
3570739	7955.ENSDARP00000053425	275	7
3566815	7955.ENSDARP00000010921	274	121
3572314	7955.ENSDARP00000063524	273	25
3568592	7955.ENSDARP00000028718	273	5
3583010	7955.ENSDARP00000108108	272	16
3569492	7955.ENSDARP00000041087	272	16
3586195	7955.ENSDARP00000114555	271	22
3576242	7955.ENSDARP00000087873	271	4
3570382	7955.ENSDARP00000051080	271	87
3577845	7955.ENSDARP00000095074	271	36
3571850	7955.ENSDARP00000060443	271	2
3576491	7955.ENSDARP00000089045	270	2
3568640	7955.ENSDARP00000029491	270	60
3574792	7955.ENSDARP00000076844	270	34
3568386	7955.ENSDARP00000026420	269	8
3580562	7955.ENSDARP00000103201	269	12
3567791	7955.ENSDARP00000020522	268	40
3570793	7955.ENSDARP00000053793	268	5
3568172	7955.ENSDARP00000024272	268	207
3577728	7955.ENSDARP00000094561	268	6
3576875	7955.ENSDARP00000090833	267	19
3585101	7955.ENSDARP00000111947	267	86
3581507	7955.ENSDARP00000105313	267	47
3581703	7955.ENSDARP00000105646	267	211
3579173	7955.ENSDARP00000099550	267	211
3567800	7955.ENSDARP00000020578	267	23
3575407	7955.ENSDARP00000081533	266	131
3580143	7955.ENSDARP00000102098	266	99
3569015	7955.ENSDARP00000034904	265	19
3571880	7955.ENSDARP00000060684	263	11
3588328	7955.ENSDARP00000120093	263	55
3579444	7955.ENSDARP00000100272	262	9
3578191	7955.ENSDARP00000096581	260	157
3568320	7955.ENSDARP00000025702	259	44
3574622	7955.ENSDARP00000076104	259	19
3568457	7955.ENSDARP00000027046	258	16
3586646	7955.ENSDARP00000115723	258	41
3583181	7955.ENSDARP00000108417	257	108
3589719	7955.ENSDARP00000123619	257	108
3583393	7955.ENSDARP00000108828	257	108
3580387	7955.ENSDARP00000102749	257	108
3581301	7955.ENSDARP00000104918	257	108
3586968	7955.ENSDARP00000116574	257	108
3582554	7955.ENSDARP00000107234	257	108
3584507	7955.ENSDARP00000110869	257	108
3582368	7955.ENSDARP00000106877	257	108
3580599	7955.ENSDARP00000103318	257	108
3581151	7955.ENSDARP00000104630	257	108
3578856	7955.ENSDARP00000098726	257	108
3576869	7955.ENSDARP00000090794	257	108
3585311	7955.ENSDARP00000112301	257	108
3580802	7955.ENSDARP00000103819	257	108
3573054	7955.ENSDARP00000067945	257	108
3581033	7955.ENSDARP00000104399	257	108
3577533	7955.ENSDARP00000093787	257	108
3581495	7955.ENSDARP00000105290	257	108
3577530	7955.ENSDARP00000093780	257	108
3576832	7955.ENSDARP00000090632	257	108
3573041	7955.ENSDARP00000067891	257	108
3580705	7955.ENSDARP00000103576	257	108
3573042	7955.ENSDARP00000067893	257	108
3573043	7955.ENSDARP00000067895	257	108
3580367	7955.ENSDARP00000102682	257	108
3566917	7955.ENSDARP00000011778	256	14
3571475	7955.ENSDARP00000058161	256	42
3581460	7955.ENSDARP00000105230	256	42
3583025	7955.ENSDARP00000108138	256	28
3591254	7955.ENSDARP00000127697	255	29
3571564	7955.ENSDARP00000058679	255	29
3579142	7955.ENSDARP00000099474	254	31
3580325	7955.ENSDARP00000102559	254	11
3579254	7955.ENSDARP00000099755	253	18
3582552	7955.ENSDARP00000107232	251	108
3570310	7955.ENSDARP00000050331	250	36
3571938	7955.ENSDARP00000061012	249	1
3582236	7955.ENSDARP00000106617	249	17
3577651	7955.ENSDARP00000094243	248	54
3572085	7955.ENSDARP00000062142	248	54
3570411	7955.ENSDARP00000051312	247	19
3585023	7955.ENSDARP00000111817	246	9
3582439	7955.ENSDARP00000107004	246	26
3568515	7955.ENSDARP00000027654	245	8
3568512	7955.ENSDARP00000027639	245	17
3587864	7955.ENSDARP00000118861	244	27
3575473	7955.ENSDARP00000082031	244	50
3572961	7955.ENSDARP00000067488	243	6
3577521	7955.ENSDARP00000093747	243	108
3570789	7955.ENSDARP00000053774	243	60
3567318	7955.ENSDARP00000015805	243	60
3567314	7955.ENSDARP00000015781	242	16
3566461	7955.ENSDARP00000007446	242	12
3584056	7955.ENSDARP00000110030	242	12
3584959	7955.ENSDARP00000111699	242	35
3568073	7955.ENSDARP00000023354	241	24
3567563	7955.ENSDARP00000018027	241	27
3588416	7955.ENSDARP00000120315	241	7
3567451	7955.ENSDARP00000016984	241	26
3568897	7955.ENSDARP00000033318	241	21
3569432	7955.ENSDARP00000040389	240	18
3566123	7955.ENSDARP00000004127	239	59
3570555	7955.ENSDARP00000052345	239	27
3576925	7955.ENSDARP00000091049	239	7
3571418	7955.ENSDARP00000057787	238	211
3572887	7955.ENSDARP00000067081	236	7
3571868	7955.ENSDARP00000060576	236	9
3578066	7955.ENSDARP00000096118	236	27
3580832	7955.ENSDARP00000103895	236	13
3571653	7955.ENSDARP00000059226	235	12
3584444	7955.ENSDARP00000110759	235	108
3566670	7955.ENSDARP00000009474	233	59
3568037	7955.ENSDARP00000023022	232	31
3571888	7955.ENSDARP00000060713	231	27
3566485	7955.ENSDARP00000007698	231	15
3566592	7955.ENSDARP00000008663	231	26
3568157	7955.ENSDARP00000024121	230	14
3569848	7955.ENSDARP00000045014	229	24
3588456	7955.ENSDARP00000120420	228	10
3574150	7955.ENSDARP00000073748	228	9
3585237	7955.ENSDARP00000112163	228	33
3572814	7955.ENSDARP00000066721	227	6
3588741	7955.ENSDARP00000121180	226	35
3577181	7955.ENSDARP00000092179	226	10
3576823	7955.ENSDARP00000090576	225	10
3572414	7955.ENSDARP00000064110	225	5
3578701	7955.ENSDARP00000098342	225	211
3570305	7955.ENSDARP00000050257	224	33
3570486	7955.ENSDARP00000051806	224	7
3586127	7955.ENSDARP00000114387	224	18
3570760	7955.ENSDARP00000053541	223	9
3580306	7955.ENSDARP00000102498	221	46
3568403	7955.ENSDARP00000026554	221	20
3581935	7955.ENSDARP00000106067	221	54
3583265	7955.ENSDARP00000108556	221	20
3568154	7955.ENSDARP00000024104	219	19
3584841	7955.ENSDARP00000111487	219	5
3583776	7955.ENSDARP00000109518	219	25
3577262	7955.ENSDARP00000092488	219	25
3577305	7955.ENSDARP00000092698	218	102
3577537	7955.ENSDARP00000093801	218	211
3572375	7955.ENSDARP00000063876	218	15
3568744	7955.ENSDARP00000031042	218	27
3566416	7955.ENSDARP00000006973	217	17
3579138	7955.ENSDARP00000099464	217	10
3577652	7955.ENSDARP00000094244	215	34
3577285	7955.ENSDARP00000092585	215	95
3570924	7955.ENSDARP00000054690	215	48
3573822	7955.ENSDARP00000072300	214	8
3568614	7955.ENSDARP00000029079	214	8
3568101	7955.ENSDARP00000023679	213	28
3590849	7955.ENSDARP00000126712	212	247
3577515	7955.ENSDARP00000093711	211	20
3581983	7955.ENSDARP00000106162	211	22
3567639	7955.ENSDARP00000018923	211	36
3581148	7955.ENSDARP00000104621	211	6
3568526	7955.ENSDARP00000027770	211	4
3574051	7955.ENSDARP00000073298	210	23
3567330	7955.ENSDARP00000015887	209	7
3570018	7955.ENSDARP00000046933	208	7
3571036	7955.ENSDARP00000055414	208	8
3577861	7955.ENSDARP00000095135	207	8
3576927	7955.ENSDARP00000091056	207	43
3569453	7955.ENSDARP00000040644	207	26
3566777	7955.ENSDARP00000010482	207	9
3573018	7955.ENSDARP00000067775	206	10
3569423	7955.ENSDARP00000040327	205	108
3587514	7955.ENSDARP00000117990	205	6
3566099	7955.ENSDARP00000003850	205	10
3567720	7955.ENSDARP00000019826	204	15
3565920	7955.ENSDARP00000002360	203	45
3567654	7955.ENSDARP00000019087	203	31
3579938	7955.ENSDARP00000101565	203	16
3587135	7955.ENSDARP00000117024	203	14
3569087	7955.ENSDARP00000036006	203	36
3585476	7955.ENSDARP00000112646	202	7
3590431	7955.ENSDARP00000125625	202	19
3577770	7955.ENSDARP00000094762	201	13
3567196	7955.ENSDARP00000014578	197	24
3567596	7955.ENSDARP00000018463	197	5
3570560	7955.ENSDARP00000052354	195	53
3574575	7955.ENSDARP00000075883	194	24
3576608	7955.ENSDARP00000089612	194	10
3579297	7955.ENSDARP00000099881	193	5
3565907	7955.ENSDARP00000002223	193	14
3578278	7955.ENSDARP00000096969	193	17
3569226	7955.ENSDARP00000037780	192	21
3573399	7955.ENSDARP00000069762	190	10
3567514	7955.ENSDARP00000017613	190	28
3569574	7955.ENSDARP00000041860	190	14
3573425	7955.ENSDARP00000069977	188	6
3570912	7955.ENSDARP00000054618	187	23
3566395	7955.ENSDARP00000006783	187	7
3577696	7955.ENSDARP00000094413	186	45
3590999	7955.ENSDARP00000127037	186	12
3571810	7955.ENSDARP00000060204	184	19
3570241	7955.ENSDARP00000049424	184	19
3585626	7955.ENSDARP00000113048	184	6
3574817	7955.ENSDARP00000076941	184	11
3578016	7955.ENSDARP00000095811	182	88
3582222	7955.ENSDARP00000106592	182	19
3590009	7955.ENSDARP00000124587	182	27
3575249	7955.ENSDARP00000080221	180	18
3566993	7955.ENSDARP00000012437	178	23
3577274	7955.ENSDARP00000092551	178	14
3583191	7955.ENSDARP00000108433	178	18
3572086	7955.ENSDARP00000062145	178	34
3568473	7955.ENSDARP00000027159	178	8
3568296	7955.ENSDARP00000025501	177	33
3570252	7955.ENSDARP00000049587	175	7
3583404	7955.ENSDARP00000108842	175	9
3577364	7955.ENSDARP00000093069	174	16
3568312	7955.ENSDARP00000025616	173	3
3589529	7955.ENSDARP00000123149	173	16
3577869	7955.ENSDARP00000095167	173	2
3580321	7955.ENSDARP00000102549	172	2
3585315	7955.ENSDARP00000112310	171	14
3581926	7955.ENSDARP00000106050	170	22
3565909	7955.ENSDARP00000002234	170	15
3585906	7955.ENSDARP00000113812	170	9
3568841	7955.ENSDARP00000032505	168	13
3573969	7955.ENSDARP00000072903	167	26
3576153	7955.ENSDARP00000087338	167	44
3589016	7955.ENSDARP00000121882	167	20
3572371	7955.ENSDARP00000063848	167	124
3577303	7955.ENSDARP00000092691	166	35
3566333	7955.ENSDARP00000006201	165	17
3571298	7955.ENSDARP00000057020	165	16
3584944	7955.ENSDARP00000111671	165	18
3577247	7955.ENSDARP00000092429	165	15
3576715	7955.ENSDARP00000090113	164	27
3583210	7955.ENSDARP00000108469	164	44
3583080	7955.ENSDARP00000108226	164	39
3586382	7955.ENSDARP00000115067	163	9
3573322	7955.ENSDARP00000069316	162	7
3583891	7955.ENSDARP00000109720	162	23
3569537	7955.ENSDARP00000041530	162	5
3585004	7955.ENSDARP00000111782	161	6
3574427	7955.ENSDARP00000075204	161	17
3581480	7955.ENSDARP00000105266	161	4
3568281	7955.ENSDARP00000025342	161	11
3589685	7955.ENSDARP00000123538	161	11
3571614	7955.ENSDARP00000058958	161	31
3570380	7955.ENSDARP00000051054	161	5
3586129	7955.ENSDARP00000114396	160	15
3577626	7955.ENSDARP00000094134	160	7
3571580	7955.ENSDARP00000058741	160	8
3585197	7955.ENSDARP00000112099	160	18
3568976	7955.ENSDARP00000034317	159	4
3567482	7955.ENSDARP00000017331	159	2
3581515	7955.ENSDARP00000105328	158	6
3570709	7955.ENSDARP00000053239	158	15
3569707	7955.ENSDARP00000043316	157	4
3592165	7955.ENSDARP00000129664	157	15
3572761	7955.ENSDARP00000066383	156	9
3577863	7955.ENSDARP00000095139	155	2
3567339	7955.ENSDARP00000015966	155	4
3571193	7955.ENSDARP00000056380	154	10
3567684	7955.ENSDARP00000019407	154	9
3571421	7955.ENSDARP00000057822	154	14
3569879	7955.ENSDARP00000045298	152	10
3571644	7955.ENSDARP00000059193	152	4
3586978	7955.ENSDARP00000116598	151	13
3583056	7955.ENSDARP00000108188	150	11
3581160	7955.ENSDARP00000104653	150	28
3567312	7955.ENSDARP00000015775	150	16
3567715	7955.ENSDARP00000019813	149	5
3576660	7955.ENSDARP00000089816	149	14
3577283	7955.ENSDARP00000092578	149	17
3591339	7955.ENSDARP00000127882	149	48
3566329	7955.ENSDARP00000006133	148	11
3572988	7955.ENSDARP00000067603	148	41
3576930	7955.ENSDARP00000091063	148	16
3577741	7955.ENSDARP00000094626	148	137
3582453	7955.ENSDARP00000107042	147	24
3568709	7955.ENSDARP00000030555	147	24
3585217	7955.ENSDARP00000112131	146	16
3585737	7955.ENSDARP00000113335	146	8
3574728	7955.ENSDARP00000076519	146	21
3577771	7955.ENSDARP00000094764	146	11
3571104	7955.ENSDARP00000055809	145	10
3567471	7955.ENSDARP00000017229	145	6
3583868	7955.ENSDARP00000109682	145	25
3567418	7955.ENSDARP00000016749	145	25
3567093	7955.ENSDARP00000013402	145	18
3590435	7955.ENSDARP00000125631	144	2
3590068	7955.ENSDARP00000124776	144	9
3581985	7955.ENSDARP00000106164	143	113
3586463	7955.ENSDARP00000115285	143	15
3570364	7955.ENSDARP00000050915	143	29
3568544	7955.ENSDARP00000027982	142	2
3565955	7955.ENSDARP00000002761	141	22
3584427	7955.ENSDARP00000110728	139	19
3576084	7955.ENSDARP00000086779	139	7
3570340	7955.ENSDARP00000050670	139	15
3571087	7955.ENSDARP00000055709	139	13
3576779	7955.ENSDARP00000090402	139	18
3568256	7955.ENSDARP00000025096	138	15
3572310	7955.ENSDARP00000063483	138	65
3566762	7955.ENSDARP00000010384	138	13
3569129	7955.ENSDARP00000036607	137	6
3589990	7955.ENSDARP00000124511	137	8
3567066	7955.ENSDARP00000013110	137	8
3568166	7955.ENSDARP00000024210	136	135
3571103	7955.ENSDARP00000055793	136	3
3585033	7955.ENSDARP00000111828	136	3
3573580	7955.ENSDARP00000070780	136	6
3568043	7955.ENSDARP00000023098	136	19
3566172	7955.ENSDARP00000004700	135	7
3578872	7955.ENSDARP00000098757	135	10
3573838	7955.ENSDARP00000072363	135	11
3566277	7955.ENSDARP00000005640	134	11
3573867	7955.ENSDARP00000072482	134	16
3567591	7955.ENSDARP00000018404	134	11
3575788	7955.ENSDARP00000084449	134	6
3566058	7955.ENSDARP00000003519	134	5
3566240	7955.ENSDARP00000005281	133	10
3585438	7955.ENSDARP00000112549	133	6
3574402	7955.ENSDARP00000075074	132	5
3582959	7955.ENSDARP00000107990	132	12
3588296	7955.ENSDARP00000120028	132	14
3575045	7955.ENSDARP00000078619	132	10
3572544	7955.ENSDARP00000064925	132	18
3567474	7955.ENSDARP00000017246	132	24
3570275	7955.ENSDARP00000049899	130	6
3565990	7955.ENSDARP00000003038	129	30
3571177	7955.ENSDARP00000056277	128	6
3566071	7955.ENSDARP00000003646	128	10
3572708	7955.ENSDARP00000065940	127	15
3574696	7955.ENSDARP00000076404	126	9
3572968	7955.ENSDARP00000067530	126	9
3572888	7955.ENSDARP00000067085	125	7
3569557	7955.ENSDARP00000041713	125	22
3582906	7955.ENSDARP00000107877	125	12
3590501	7955.ENSDARP00000125818	125	31
3569626	7955.ENSDARP00000042420	125	31
3567731	7955.ENSDARP00000019915	125	25
3579420	7955.ENSDARP00000100216	125	4
3588946	7955.ENSDARP00000121692	125	7
3567603	7955.ENSDARP00000018579	125	3
3580266	7955.ENSDARP00000102398	125	24
3579636	7955.ENSDARP00000100779	124	7
3592133	7955.ENSDARP00000129592	124	13
3576239	7955.ENSDARP00000087870	124	5
3574900	7955.ENSDARP00000077647	123	21
3579906	7955.ENSDARP00000101478	123	6
3566836	7955.ENSDARP00000011083	123	14
3566806	7955.ENSDARP00000010862	123	15
3566093	7955.ENSDARP00000003814	122	9
3590294	7955.ENSDARP00000125356	122	3
3573682	7955.ENSDARP00000071531	122	6
3583735	7955.ENSDARP00000109442	122	38
3568489	7955.ENSDARP00000027385	121	9
3579931	7955.ENSDARP00000101541	121	7
3588731	7955.ENSDARP00000121163	121	16
3570833	7955.ENSDARP00000054055	121	4
3567934	7955.ENSDARP00000022134	121	12
3567539	7955.ENSDARP00000017792	120	12
3567545	7955.ENSDARP00000017859	120	8
3588765	7955.ENSDARP00000121255	119	5
3569549	7955.ENSDARP00000041626	119	9
3582793	7955.ENSDARP00000107677	119	3
3581269	7955.ENSDARP00000104864	118	17
3588916	7955.ENSDARP00000121626	118	7
3578676	7955.ENSDARP00000098279	118	11
3568519	7955.ENSDARP00000027695	118	8
3569535	7955.ENSDARP00000041514	118	8
3583419	7955.ENSDARP00000108873	117	10
3567247	7955.ENSDARP00000015065	117	10
3582885	7955.ENSDARP00000107846	117	7
3578103	7955.ENSDARP00000096295	117	12
3568682	7955.ENSDARP00000030050	117	98
3566765	7955.ENSDARP00000010413	117	98
3583597	7955.ENSDARP00000109199	117	98
3573605	7955.ENSDARP00000070950	117	11
3568114	7955.ENSDARP00000023774	117	11
3573804	7955.ENSDARP00000072235	116	10
3590038	7955.ENSDARP00000124670	116	8
3580813	7955.ENSDARP00000103854	116	98
3578273	7955.ENSDARP00000096950	116	22
3574762	7955.ENSDARP00000076726	116	5
3570399	7955.ENSDARP00000051230	116	30
3576976	7955.ENSDARP00000091324	116	46
3578125	7955.ENSDARP00000096363	116	9
3568343	7955.ENSDARP00000025885	115	56
3585212	7955.ENSDARP00000112123	115	7
3588367	7955.ENSDARP00000120183	115	4
3571396	7955.ENSDARP00000057637	115	27
3572384	7955.ENSDARP00000063949	115	22
3565851	7955.ENSDARP00000000514	114	24
3572521	7955.ENSDARP00000064746	114	5
3574646	7955.ENSDARP00000076216	114	7
3566480	7955.ENSDARP00000007628	113	10
3572093	7955.ENSDARP00000062219	113	7
3585717	7955.ENSDARP00000113290	113	545
3569839	7955.ENSDARP00000044895	113	30
3567340	7955.ENSDARP00000015972	113	1
3577654	7955.ENSDARP00000094247	113	9
3578010	7955.ENSDARP00000095774	113	59
3575851	7955.ENSDARP00000084961	112	18
3570858	7955.ENSDARP00000054207	111	6
3573514	7955.ENSDARP00000070408	110	18
3568835	7955.ENSDARP00000032422	110	14
3581498	7955.ENSDARP00000105296	110	8
3582516	7955.ENSDARP00000107168	110	3
3568130	7955.ENSDARP00000023871	110	3
3582119	7955.ENSDARP00000106400	110	4
3583469	7955.ENSDARP00000108963	109	18
3583645	7955.ENSDARP00000109278	109	22
3566406	7955.ENSDARP00000006875	109	16
3567359	7955.ENSDARP00000016138	108	10
3578755	7955.ENSDARP00000098474	108	5
3568406	7955.ENSDARP00000026575	108	2
3583381	7955.ENSDARP00000108800	108	10
3570857	7955.ENSDARP00000054204	108	3
3566345	7955.ENSDARP00000006320	107	16
3568071	7955.ENSDARP00000023337	107	12
3583821	7955.ENSDARP00000109592	107	5
3584971	7955.ENSDARP00000111723	107	18
3570948	7955.ENSDARP00000054848	107	14
3568785	7955.ENSDARP00000031737	106	3
3569672	7955.ENSDARP00000043001	105	11
3565982	7955.ENSDARP00000002982	105	5
3567595	7955.ENSDARP00000018458	105	16
3570794	7955.ENSDARP00000053796	105	13
3582865	7955.ENSDARP00000107807	104	10
3572956	7955.ENSDARP00000067454	104	18
3566675	7955.ENSDARP00000009538	103	6
3567837	7955.ENSDARP00000021064	103	24
3572667	7955.ENSDARP00000065658	103	3
3566770	7955.ENSDARP00000010427	103	10
3568182	7955.ENSDARP00000024338	103	8
3568225	7955.ENSDARP00000024748	103	13
3566313	7955.ENSDARP00000006001	103	13
3569918	7955.ENSDARP00000045696	102	3
3576926	7955.ENSDARP00000091054	102	25
3568159	7955.ENSDARP00000024129	101	8
3588798	7955.ENSDARP00000121336	101	5
3584625	7955.ENSDARP00000111083	101	8
3574192	7955.ENSDARP00000073910	101	5
3573586	7955.ENSDARP00000070803	99.9	3
3566273	7955.ENSDARP00000005582	99.3	5
3569187	7955.ENSDARP00000037326	99.1	19
3589268	7955.ENSDARP00000122475	98.8	16
3578325	7955.ENSDARP00000097279	98.7	19
3578121	7955.ENSDARP00000096352	98.5	83
3569337	7955.ENSDARP00000039188	98.1	4
3572100	7955.ENSDARP00000062263	97.6	6
3569881	7955.ENSDARP00000045328	97.2	1
3574804	7955.ENSDARP00000076893	97.1	3
3571825	7955.ENSDARP00000060303	96.5	6
3579560	7955.ENSDARP00000100563	96.3	5
3578343	7955.ENSDARP00000097371	95.9	6
3567372	7955.ENSDARP00000016261	95.7	10
3570975	7955.ENSDARP00000055063	95.6	12
3587649	7955.ENSDARP00000118326	95.6	83
3577403	7955.ENSDARP00000093249	95.5	12
3578233	7955.ENSDARP00000096752	95.4	3
3569373	7955.ENSDARP00000039795	94.8	5
3588298	7955.ENSDARP00000120032	94.0	9
3586205	7955.ENSDARP00000114580	93.4	545
3574726	7955.ENSDARP00000076508	93.0	4
3588543	7955.ENSDARP00000120649	92.5	22
3580809	7955.ENSDARP00000103843	92.0	5
3583151	7955.ENSDARP00000108361	92.0	2
3568153	7955.ENSDARP00000024102	92.0	4
3577870	7955.ENSDARP00000095170	91.9	3
3568677	7955.ENSDARP00000029935	91.6	11
3582010	7955.ENSDARP00000106208	91.6	19
3570050	7955.ENSDARP00000047205	91.6	19
3566968	7955.ENSDARP00000012238	91.2	15
3583676	7955.ENSDARP00000109333	91.0	12
3572964	7955.ENSDARP00000067511	90.9	6
3569269	7955.ENSDARP00000038400	90.4	4
3573708	7955.ENSDARP00000071656	90.4	3
3584159	7955.ENSDARP00000110237	89.7	11
3579654	7955.ENSDARP00000100811	89.5	3
3574316	7955.ENSDARP00000074570	89.3	10
3586054	7955.ENSDARP00000114220	89.2	21
3585135	7955.ENSDARP00000112006	89.0	5
3568990	7955.ENSDARP00000034555	89.0	3
3576248	7955.ENSDARP00000087879	88.6	9
3590874	7955.ENSDARP00000126769	88.6	24
3571634	7955.ENSDARP00000059091	88.5	2
3567821	7955.ENSDARP00000020860	88.4	9
3580408	7955.ENSDARP00000102802	88.2	11
3566992	7955.ENSDARP00000012436	88.0	8
3567992	7955.ENSDARP00000022595	87.8	4
3576929	7955.ENSDARP00000091060	87.6	8
3585988	7955.ENSDARP00000114025	87.4	5
3580103	7955.ENSDARP00000101995	87.2	15
3574447	7955.ENSDARP00000075289	87.2	5
3578192	7955.ENSDARP00000096586	87.1	13
3568637	7955.ENSDARP00000029462	87.0	3
3587073	7955.ENSDARP00000116865	87.0	34
3568557	7955.ENSDARP00000028134	86.9	15
3566407	7955.ENSDARP00000006882	86.8	9
3569210	7955.ENSDARP00000037624	86.6	12
3588983	7955.ENSDARP00000121793	86.3	12
3584380	7955.ENSDARP00000110639	86.0	3
3566738	7955.ENSDARP00000010116	85.7	4
3584182	7955.ENSDARP00000110274	85.4	18
3568404	7955.ENSDARP00000026560	84.8	15
3570544	7955.ENSDARP00000052292	84.2	1
3577359	7955.ENSDARP00000093027	84.2	48
3568478	7955.ENSDARP00000027276	83.9	10
3567920	7955.ENSDARP00000022030	83.7	4
3568151	7955.ENSDARP00000024085	83.7	2
3567932	7955.ENSDARP00000022120	83.7	9
3567829	7955.ENSDARP00000020942	83.2	10
3589920	7955.ENSDARP00000124266	83.1	33
3568607	7955.ENSDARP00000028970	82.9	13
3586706	7955.ENSDARP00000115888	82.8	8
3574583	7955.ENSDARP00000075918	82.8	4
3570146	7955.ENSDARP00000048394	82.5	25
3586528	7955.ENSDARP00000115443	82.5	1
3580952	7955.ENSDARP00000104196	82.3	16
3571736	7955.ENSDARP00000059795	82.2	10
3568226	7955.ENSDARP00000024751	80.9	3
3586078	7955.ENSDARP00000114273	80.7	2
3584881	7955.ENSDARP00000111558	80.3	6
3568234	7955.ENSDARP00000024860	80.1	22
3573170	7955.ENSDARP00000068572	80.0	7
3569840	7955.ENSDARP00000044908	79.9	7
3570484	7955.ENSDARP00000051798	78.8	8
3587881	7955.ENSDARP00000118904	78.8	30
3588626	7955.ENSDARP00000120878	78.4	4
3591173	7955.ENSDARP00000127510	78.1	11
3566831	7955.ENSDARP00000011017	78.1	19
3572932	7955.ENSDARP00000067349	77.9	5
3587377	7955.ENSDARP00000117676	77.8	14
3577796	7955.ENSDARP00000094849	77.7	62
3589676	7955.ENSDARP00000123522	77.7	8
3591129	7955.ENSDARP00000127392	77.2	30
3579243	7955.ENSDARP00000099727	77.2	8
3567246	7955.ENSDARP00000015055	77.0	5
3569634	7955.ENSDARP00000042511	76.6	5
3570172	7955.ENSDARP00000048675	76.2	8
3567651	7955.ENSDARP00000019054	75.8	6
3576377	7955.ENSDARP00000088454	75.8	11
3586868	7955.ENSDARP00000116310	75.6	3
3583491	7955.ENSDARP00000109007	74.7	4
3568398	7955.ENSDARP00000026495	74.5	4
3578101	7955.ENSDARP00000096291	74.2	28
3582635	7955.ENSDARP00000107383	74.2	11
3574257	7955.ENSDARP00000074186	73.9	16
3573268	7955.ENSDARP00000069063	73.8	20
3572712	7955.ENSDARP00000065984	73.5	5
3587009	7955.ENSDARP00000116684	73.4	22
3572458	7955.ENSDARP00000064375	73.4	3
3572614	7955.ENSDARP00000065355	73.3	20
3577711	7955.ENSDARP00000094479	72.9	9
3568558	7955.ENSDARP00000028137	72.9	7
3576871	7955.ENSDARP00000090804	72.3	14
3586984	7955.ENSDARP00000116609	72.0	7
3566930	7955.ENSDARP00000011882	71.8	8
3571585	7955.ENSDARP00000058788	71.6	3
3569803	7955.ENSDARP00000044385	71.3	13
3586592	7955.ENSDARP00000115582	71.3	13
3569272	7955.ENSDARP00000038446	71.1	2
3584905	7955.ENSDARP00000111602	71.1	6
3566409	7955.ENSDARP00000006888	70.7	32
3576276	7955.ENSDARP00000088020	70.6	25
3583660	7955.ENSDARP00000109303	70.4	25
3580592	7955.ENSDARP00000103300	70.4	3
3572491	7955.ENSDARP00000064557	70.3	14
3571210	7955.ENSDARP00000056465	70.0	26
3565880	7955.ENSDARP00000001575	70.0	16
3589117	7955.ENSDARP00000122116	69.9	15
3577662	7955.ENSDARP00000094282	69.9	9
3568898	7955.ENSDARP00000033328	69.8	12
3576864	7955.ENSDARP00000090756	69.6	2
3583026	7955.ENSDARP00000108139	69.6	6
3571809	7955.ENSDARP00000060202	69.6	11
3573554	7955.ENSDARP00000070563	69.4	2
3568747	7955.ENSDARP00000031098	69.3	2
3568127	7955.ENSDARP00000023845	68.9	2
3578162	7955.ENSDARP00000096468	68.8	2
3587430	7955.ENSDARP00000117814	68.8	5
3569434	7955.ENSDARP00000040404	68.7	15
3578535	7955.ENSDARP00000097937	68.7	5
3582859	7955.ENSDARP00000107798	68.6	42
3581543	7955.ENSDARP00000105368	68.5	19
3584457	7955.ENSDARP00000110780	68.5	19
3574741	7955.ENSDARP00000076580	68.5	19
3589360	7955.ENSDARP00000122708	68.4	6
3565965	7955.ENSDARP00000002825	68.2	19
3567559	7955.ENSDARP00000018009	67.9	8
3573542	7955.ENSDARP00000070533	67.7	4
3584921	7955.ENSDARP00000111631	67.5	16
3571981	7955.ENSDARP00000061365	67.5	16
3569054	7955.ENSDARP00000035453	67.5	16
3582358	7955.ENSDARP00000106853	67.3	15
3566652	7955.ENSDARP00000009285	67.1	7
3567587	7955.ENSDARP00000018348	67.0	3
3576746	7955.ENSDARP00000090249	66.9	20
3573624	7955.ENSDARP00000071046	66.8	14
3569223	7955.ENSDARP00000037758	66.8	3
3574023	7955.ENSDARP00000073113	66.6	27
3566352	7955.ENSDARP00000006378	66.4	4
3571260	7955.ENSDARP00000056766	66.4	5
3577787	7955.ENSDARP00000094826	66.1	2
3578637	7955.ENSDARP00000098175	65.8	7
3570355	7955.ENSDARP00000050864	65.5	4
3588487	7955.ENSDARP00000120492	65.3	7
3588376	7955.ENSDARP00000120213	65.2	17
3567845	7955.ENSDARP00000021124	65.2	10
3567543	7955.ENSDARP00000017853	64.5	3
3572796	7955.ENSDARP00000066619	64.5	28
3576250	7955.ENSDARP00000087881	64.5	2
3580449	7955.ENSDARP00000102928	64.4	7
3570658	7955.ENSDARP00000052916	64.4	4
3569973	7955.ENSDARP00000046430	64.3	8
3574086	7955.ENSDARP00000073437	64.3	6
3572876	7955.ENSDARP00000067039	64.1	6
3574783	7955.ENSDARP00000076810	64.0	8
3568310	7955.ENSDARP00000025611	64.0	3
3568943	7955.ENSDARP00000033828	63.7	7
3588516	7955.ENSDARP00000120580	63.4	2
3568131	7955.ENSDARP00000023877	63.2	6
3569006	7955.ENSDARP00000034822	63.2	18
3571402	7955.ENSDARP00000057651	63.0	7
3570898	7955.ENSDARP00000054468	62.7	1
3573869	7955.ENSDARP00000072488	62.5	5
3581744	7955.ENSDARP00000105717	62.4	5
3578175	7955.ENSDARP00000096532	62.3	19
3566413	7955.ENSDARP00000006940	62.3	5
3579370	7955.ENSDARP00000100078	61.7	19
3566189	7955.ENSDARP00000004866	61.2	7
3583978	7955.ENSDARP00000109883	61.0	45
3567362	7955.ENSDARP00000016160	60.9	7
3567765	7955.ENSDARP00000020214	60.8	12
3569546	7955.ENSDARP00000041608	60.5	4
3575446	7955.ENSDARP00000081816	59.8	9
3568357	7955.ENSDARP00000026070	59.7	3
3573852	7955.ENSDARP00000072408	59.6	1
3573845	7955.ENSDARP00000072390	59.5	4
3581183	7955.ENSDARP00000104687	59.4	5
3583061	7955.ENSDARP00000108193	59.4	15
3567400	7955.ENSDARP00000016544	59.0	4
3577478	7955.ENSDARP00000093555	59.0	20
3568165	7955.ENSDARP00000024204	58.8	1
3568300	7955.ENSDARP00000025522	58.7	11
3576902	7955.ENSDARP00000090943	58.3	3
3583431	7955.ENSDARP00000108896	58.2	18
3566707	7955.ENSDARP00000009865	58.1	2
3567059	7955.ENSDARP00000013042	57.9	79
3571383	7955.ENSDARP00000057580	57.9	3
3571897	7955.ENSDARP00000060765	57.7	14
3573096	7955.ENSDARP00000068144	57.7	17
3586665	7955.ENSDARP00000115785	57.4	29
3578686	7955.ENSDARP00000098301	57.2	3
3589513	7955.ENSDARP00000123118	57.0	7
3568317	7955.ENSDARP00000025652	56.7	20
3577235	7955.ENSDARP00000092401	56.3	4
3584033	7955.ENSDARP00000109990	56.2	3
3569620	7955.ENSDARP00000042339	55.8	1
3566080	7955.ENSDARP00000003705	55.7	5
3572951	7955.ENSDARP00000067432	55.7	5
3567739	7955.ENSDARP00000019981	55.7	5
3572889	7955.ENSDARP00000067092	55.7	1
3585028	7955.ENSDARP00000111823	55.6	1
3569834	7955.ENSDARP00000044836	55.5	26
3577417	7955.ENSDARP00000093291	55.0	3
3576432	7955.ENSDARP00000088722	55.0	4
3572520	7955.ENSDARP00000064737	54.8	1
3582877	7955.ENSDARP00000107832	54.8	1
3577851	7955.ENSDARP00000095097	54.7	5
3568975	7955.ENSDARP00000034301	54.6	5
3566941	7955.ENSDARP00000012018	54.6	3
3590089	7955.ENSDARP00000124846	54.5	22
3582394	7955.ENSDARP00000106922	54.3	2
3580972	7955.ENSDARP00000104241	54.3	3
3586595	7955.ENSDARP00000115589	54.3	3
3574091	7955.ENSDARP00000073460	54.2	5
3567758	7955.ENSDARP00000020181	54.1	10
3571618	7955.ENSDARP00000058970	53.9	2
3587823	7955.ENSDARP00000118756	53.9	6
3570919	7955.ENSDARP00000054663	53.9	2
3566151	7955.ENSDARP00000004394	53.8	47
3581585	7955.ENSDARP00000105446	53.7	8
3567399	7955.ENSDARP00000016540	53.5	14
3577666	7955.ENSDARP00000094289	53.3	7
3569805	7955.ENSDARP00000044410	53.2	7
3580799	7955.ENSDARP00000103810	52.9	8
3576917	7955.ENSDARP00000091007	52.3	13
3583746	7955.ENSDARP00000109464	52.3	15
3584978	7955.ENSDARP00000111738	52.2	3
3566473	7955.ENSDARP00000007584	52.2	3
3589969	7955.ENSDARP00000124424	52.2	6
3589021	7955.ENSDARP00000121890	52.1	3
3581893	7955.ENSDARP00000105990	51.7	3
3571295	7955.ENSDARP00000056986	51.7	2
3567997	7955.ENSDARP00000022638	51.7	9
3591470	7955.ENSDARP00000128168	51.7	11
3581773	7955.ENSDARP00000105768	51.5	7
3576473	7955.ENSDARP00000088945	51.3	2
3568220	7955.ENSDARP00000024694	51.2	7
3570668	7955.ENSDARP00000052988	51.1	4
3586561	7955.ENSDARP00000115519	51.0	1
3572550	7955.ENSDARP00000064973	50.7	3
3573302	7955.ENSDARP00000069226	50.7	4
3577113	7955.ENSDARP00000091902	50.3	1
3568584	7955.ENSDARP00000028641	50.0	3
3577799	7955.ENSDARP00000094885	49.9	2
3582233	7955.ENSDARP00000106613	49.9	7
3579876	7955.ENSDARP00000101401	49.5	1
3574465	7955.ENSDARP00000075371	49.4	5
3566904	7955.ENSDARP00000011642	49.0	6
3566020	7955.ENSDARP00000003276	48.9	12
3573780	7955.ENSDARP00000072076	48.7	11
3566998	7955.ENSDARP00000012488	48.6	5
3567776	7955.ENSDARP00000020361	48.5	4
3566954	7955.ENSDARP00000012139	48.5	3
3573161	7955.ENSDARP00000068525	48.3	3
3581805	7955.ENSDARP00000105829	48.3	6
3568298	7955.ENSDARP00000025516	48.1	3
3581788	7955.ENSDARP00000105799	48.1	10
3569360	7955.ENSDARP00000039570	48.0	23
3572428	7955.ENSDARP00000064171	47.8	4
3589661	7955.ENSDARP00000123487	47.5	4
3591674	7955.ENSDARP00000128585	46.9	10
3569900	7955.ENSDARP00000045564	46.7	3
3577398	7955.ENSDARP00000093235	46.4	2
3574527	7955.ENSDARP00000075688	46.1	8
3575014	7955.ENSDARP00000078354	46.0	6
3589925	7955.ENSDARP00000124278	46.0	6
3589809	7955.ENSDARP00000123911	46.0	4
3571092	7955.ENSDARP00000055741	45.9	9
3589524	7955.ENSDARP00000123136	45.4	2
3585317	7955.ENSDARP00000112313	45.4	3
3568418	7955.ENSDARP00000026717	45.4	4
3589812	7955.ENSDARP00000123920	45.2	6
3571768	7955.ENSDARP00000060004	44.9	1
3579174	7955.ENSDARP00000099551	44.8	2
3575199	7955.ENSDARP00000079877	44.8	8
3567991	7955.ENSDARP00000022592	44.8	3
3586982	7955.ENSDARP00000116604	44.7	6
3582356	7955.ENSDARP00000106848	44.5	16
3577366	7955.ENSDARP00000093074	44.5	16
3566260	7955.ENSDARP00000005448	44.4	6
3591285	7955.ENSDARP00000127758	44.2	1
3573074	7955.ENSDARP00000068070	44.2	7
3570951	7955.ENSDARP00000054875	44.2	3
3575368	7955.ENSDARP00000081244	44.1	7
3575076	7955.ENSDARP00000078883	44.1	6
3586042	7955.ENSDARP00000114191	44.1	13
3568977	7955.ENSDARP00000034327	43.9	2
3567036	7955.ENSDARP00000012808	43.9	7
3566970	7955.ENSDARP00000012264	43.6	6
3580940	7955.ENSDARP00000104169	43.6	3
3591257	7955.ENSDARP00000127700	43.4	5
3588915	7955.ENSDARP00000121623	43.4	4
3566552	7955.ENSDARP00000008262	43.3	2
3591820	7955.ENSDARP00000128898	43.2	5
3589181	7955.ENSDARP00000122279	43.2	1
3576422	7955.ENSDARP00000088691	43.1	4
3590014	7955.ENSDARP00000124595	43.0	1
3568076	7955.ENSDARP00000023429	42.8	19
3578113	7955.ENSDARP00000096322	42.8	2
3572372	7955.ENSDARP00000063856	42.6	3
3572358	7955.ENSDARP00000063778	42.6	7
3585855	7955.ENSDARP00000113657	42.5	2
3575875	7955.ENSDARP00000085166	42.4	6
3577120	7955.ENSDARP00000091921	42.4	26
3568933	7955.ENSDARP00000033698	42.0	4
3571073	7955.ENSDARP00000055622	41.9	2
3582321	7955.ENSDARP00000106788	41.8	3
3567404	7955.ENSDARP00000016622	41.6	9
3590352	7955.ENSDARP00000125469	41.6	9
3572857	7955.ENSDARP00000066972	41.6	7
3568861	7955.ENSDARP00000032748	41.5	4
3570485	7955.ENSDARP00000051803	41.3	2
3574504	7955.ENSDARP00000075599	41.2	1
3573004	7955.ENSDARP00000067677	41.1	2
3589241	7955.ENSDARP00000122416	41.1	8
3582652	7955.ENSDARP00000107419	41.0	6
3587204	7955.ENSDARP00000117212	41.0	8
3566530	7955.ENSDARP00000008063	40.5	6
3589164	7955.ENSDARP00000122226	40.5	4
3567030	7955.ENSDARP00000012767	40.4	16
3577907	7955.ENSDARP00000095312	40.3	1
3584407	7955.ENSDARP00000110687	40.1	5
3586178	7955.ENSDARP00000114512	40.1	1
3574641	7955.ENSDARP00000076204	39.9	2
3569060	7955.ENSDARP00000035541	39.8	1
3573200	7955.ENSDARP00000068697	39.7	4
3572313	7955.ENSDARP00000063522	39.5	1
3566572	7955.ENSDARP00000008455	39.4	4
3575699	7955.ENSDARP00000083818	39.2	4
3577940	7955.ENSDARP00000095458	39.1	1
3569238	7955.ENSDARP00000037906	39.0	4
3583049	7955.ENSDARP00000108177	38.7	7
3568805	7955.ENSDARP00000032037	38.7	1
3568866	7955.ENSDARP00000032834	38.7	4
3586465	7955.ENSDARP00000115290	38.5	2
3566109	7955.ENSDARP00000003956	38.3	4
3577154	7955.ENSDARP00000092020	38.3	2
3577292	7955.ENSDARP00000092636	38.0	2
3570028	7955.ENSDARP00000047012	38.0	2
3576297	7955.ENSDARP00000088108	38.0	4
3582566	7955.ENSDARP00000107253	37.9	7
3568533	7955.ENSDARP00000027892	37.9	7
3585382	7955.ENSDARP00000112435	37.8	3
3573466	7955.ENSDARP00000070141	37.8	2
3571595	7955.ENSDARP00000058875	37.7	10
3576291	7955.ENSDARP00000088082	37.6	2
3570508	7955.ENSDARP00000052011	37.6	1
3568572	7955.ENSDARP00000028465	37.6	2
3575398	7955.ENSDARP00000081474	37.6	5
3573792	7955.ENSDARP00000072130	37.5	23
3570373	7955.ENSDARP00000050970	37.5	7
3581941	7955.ENSDARP00000106078	37.5	7
3572789	7955.ENSDARP00000066567	37.5	7
3578928	7955.ENSDARP00000098905	37.3	12
3573353	7955.ENSDARP00000069533	37.0	2
3576772	7955.ENSDARP00000090374	36.9	3
3582428	7955.ENSDARP00000106981	36.9	16
3575319	7955.ENSDARP00000080761	36.5	6
3569018	7955.ENSDARP00000034945	36.5	3
3572632	7955.ENSDARP00000065447	36.4	2
3566319	7955.ENSDARP00000006047	35.9	6
3579714	7955.ENSDARP00000100979	35.8	30
3566769	7955.ENSDARP00000010426	35.8	2
3569611	7955.ENSDARP00000042254	35.8	4
3574892	7955.ENSDARP00000077564	35.3	6
3569913	7955.ENSDARP00000045668	35.1	26
3571775	7955.ENSDARP00000060050	34.9	2
3573547	7955.ENSDARP00000070548	34.7	1
3566103	7955.ENSDARP00000003894	34.7	2
3583873	7955.ENSDARP00000109694	34.6	5
3590759	7955.ENSDARP00000126495	34.5	3
3566007	7955.ENSDARP00000003167	34.5	1
3574117	7955.ENSDARP00000073585	34.5	2
3569029	7955.ENSDARP00000035106	34.4	8
3568288	7955.ENSDARP00000025377	34.4	5
3567178	7955.ENSDARP00000014384	34.0	7
3566609	7955.ENSDARP00000008860	33.9	1
3568194	7955.ENSDARP00000024433	33.9	3
3578485	7955.ENSDARP00000097785	33.8	1
3577529	7955.ENSDARP00000093778	33.4	5
3570768	7955.ENSDARP00000053608	33.3	1
3580613	7955.ENSDARP00000103347	33.2	11
3579028	7955.ENSDARP00000099156	33.1	1
3572187	7955.ENSDARP00000062723	33.0	3
3569194	7955.ENSDARP00000037411	32.9	3
3589716	7955.ENSDARP00000123611	32.9	1
3573769	7955.ENSDARP00000072012	32.7	1
3577124	7955.ENSDARP00000091935	32.7	7
3589894	7955.ENSDARP00000124165	32.6	2
3568033	7955.ENSDARP00000022971	32.6	4
3569573	7955.ENSDARP00000041857	32.5	1
3569990	7955.ENSDARP00000046625	32.4	4
3570004	7955.ENSDARP00000046783	32.4	2
3587159	7955.ENSDARP00000117083	32.3	5
3572166	7955.ENSDARP00000062630	32.3	2
3586000	7955.ENSDARP00000114052	32.3	9
3567420	7955.ENSDARP00000016769	32.2	5
3580527	7955.ENSDARP00000103118	32.2	5
3576287	7955.ENSDARP00000088060	32.1	1
3567396	7955.ENSDARP00000016494	32.0	4
3588598	7955.ENSDARP00000120798	31.8	12
3567455	7955.ENSDARP00000017029	31.8	5
3577701	7955.ENSDARP00000094422	31.8	10
3582013	7955.ENSDARP00000106212	31.8	2
3574878	7955.ENSDARP00000077445	31.4	8
3577835	7955.ENSDARP00000095043	31.4	5
3575437	7955.ENSDARP00000081732	31.3	2
3585812	7955.ENSDARP00000113539	31.3	2
3568874	7955.ENSDARP00000033049	31.2	2
3570079	7955.ENSDARP00000047527	31.1	15
3582341	7955.ENSDARP00000106819	31.1	6
3569986	7955.ENSDARP00000046586	31.1	6
3588231	7955.ENSDARP00000119857	31.0	3
3568648	7955.ENSDARP00000029635	30.9	7
3585845	7955.ENSDARP00000113629	30.8	1
3591564	7955.ENSDARP00000128354	30.8	15
3568372	7955.ENSDARP00000026241	30.7	10
3578450	7955.ENSDARP00000097708	30.7	10
3577464	7955.ENSDARP00000093487	30.7	3
3571236	7955.ENSDARP00000056644	30.6	4
3569766	7955.ENSDARP00000043944	30.5	7
3586845	7955.ENSDARP00000116241	30.3	5
3585886	7955.ENSDARP00000113739	30.2	3
3580696	7955.ENSDARP00000103549	30.0	15
3576885	7955.ENSDARP00000090874	29.9	1
3575986	7955.ENSDARP00000086058	29.7	4
3567793	7955.ENSDARP00000020535	29.4	4
3576909	7955.ENSDARP00000090963	29.4	6
3582407	7955.ENSDARP00000106947	29.3	9
3566009	7955.ENSDARP00000003177	29.3	8
3566867	7955.ENSDARP00000011311	29.2	5
3580536	7955.ENSDARP00000103150	28.9	16
3577888	7955.ENSDARP00000095260	28.8	3
3589421	7955.ENSDARP00000122887	28.7	6
3590695	7955.ENSDARP00000126346	28.6	2
3575902	7955.ENSDARP00000085343	28.5	3
3565950	7955.ENSDARP00000002692	28.5	13
3568629	7955.ENSDARP00000029343	28.4	4
3570806	7955.ENSDARP00000053867	28.3	9
3589191	7955.ENSDARP00000122305	28.2	2
3569752	7955.ENSDARP00000043811	28.1	2
3570613	7955.ENSDARP00000052638	28.0	5
3591655	7955.ENSDARP00000128555	27.9	5
3569013	7955.ENSDARP00000034885	27.9	2
3587318	7955.ENSDARP00000117524	27.9	1
3567576	7955.ENSDARP00000018158	27.8	3
3567754	7955.ENSDARP00000020154	27.8	8
3572543	7955.ENSDARP00000064900	27.7	7
3578586	7955.ENSDARP00000098055	27.6	4
3583716	7955.ENSDARP00000109404	27.5	2
3585002	7955.ENSDARP00000111776	27.5	8
3581435	7955.ENSDARP00000105182	27.4	3
3568955	7955.ENSDARP00000034052	27.3	2
3567926	7955.ENSDARP00000022089	27.2	1
3567756	7955.ENSDARP00000020173	27.1	1
3567261	7955.ENSDARP00000015262	27.0	2
3576457	7955.ENSDARP00000088868	26.9	20
3580324	7955.ENSDARP00000102557	26.7	2
3580174	7955.ENSDARP00000102182	26.6	3
3569663	7955.ENSDARP00000042894	26.6	4
3574768	7955.ENSDARP00000076763	26.5	9
3577833	7955.ENSDARP00000095029	26.5	7
3580658	7955.ENSDARP00000103445	26.3	3
3568959	7955.ENSDARP00000034116	26.3	4
3584282	7955.ENSDARP00000110449	26.2	1
3578841	7955.ENSDARP00000098692	26.1	2
3574063	7955.ENSDARP00000073352	26.1	14
3578232	7955.ENSDARP00000096745	26.0	6
3588866	7955.ENSDARP00000121492	26.0	14
3568359	7955.ENSDARP00000026086	25.9	7
3582921	7955.ENSDARP00000107913	25.9	4
3587982	7955.ENSDARP00000119179	25.7	16
3589704	7955.ENSDARP00000123568	25.6	5
3570522	7955.ENSDARP00000052096	25.5	1
3577205	7955.ENSDARP00000092275	25.4	1
3580115	7955.ENSDARP00000102029	25.4	1
3576817	7955.ENSDARP00000090560	25.4	6
3582123	7955.ENSDARP00000106409	25.4	2
3569994	7955.ENSDARP00000046647	25.1	2
3569612	7955.ENSDARP00000042258	25.1	2
3589691	7955.ENSDARP00000123548	25.0	2
3567146	7955.ENSDARP00000014003	25.0	4
3574428	7955.ENSDARP00000075208	25.0	3
3570109	7955.ENSDARP00000047901	24.9	5
3580790	7955.ENSDARP00000103790	24.8	2
3569038	7955.ENSDARP00000035261	24.6	1
3566178	7955.ENSDARP00000004741	24.5	3
3579752	7955.ENSDARP00000101059	24.1	1
3571353	7955.ENSDARP00000057421	24.1	2
3568868	7955.ENSDARP00000032935	23.8	5
3574623	7955.ENSDARP00000076115	23.7	5
3589494	7955.ENSDARP00000123077	23.7	1
3570258	7955.ENSDARP00000049650	23.6	3
3589672	7955.ENSDARP00000123510	23.6	2
3584530	7955.ENSDARP00000110906	23.4	1
3567676	7955.ENSDARP00000019311	23.3	3
3572150	7955.ENSDARP00000062538	23.3	1
3578775	7955.ENSDARP00000098524	23.3	1
3566767	7955.ENSDARP00000010419	23.2	1
3577859	7955.ENSDARP00000095128	23.2	15
3568470	7955.ENSDARP00000027139	23.1	2
3587201	7955.ENSDARP00000117207	23.1	5
3582221	7955.ENSDARP00000106591	23.0	5
3580391	7955.ENSDARP00000102754	23.0	1
3570690	7955.ENSDARP00000053151	23.0	3
3566401	7955.ENSDARP00000006831	22.9	1
3567705	7955.ENSDARP00000019685	22.5	2
3585163	7955.ENSDARP00000112050	22.5	1
3567995	7955.ENSDARP00000022617	22.4	3
3582494	7955.ENSDARP00000107125	22.2	1
3572471	7955.ENSDARP00000064461	22.2	6
3585975	7955.ENSDARP00000113985	22.2	2
3574752	7955.ENSDARP00000076640	22.1	3
3574120	7955.ENSDARP00000073595	22.0	1
3567326	7955.ENSDARP00000015866	21.9	9
3588068	7955.ENSDARP00000119407	21.9	18
3577376	7955.ENSDARP00000093111	21.9	9
3566042	7955.ENSDARP00000003398	21.9	1
3587275	7955.ENSDARP00000117394	21.8	7
3574429	7955.ENSDARP00000075209	21.8	1
3580732	7955.ENSDARP00000103634	21.8	1
3567911	7955.ENSDARP00000021916	21.8	1
3566287	7955.ENSDARP00000005740	21.8	1
3569743	7955.ENSDARP00000043714	21.8	5
3569137	7955.ENSDARP00000036699	21.7	3
3566102	7955.ENSDARP00000003884	21.6	1
3574376	7955.ENSDARP00000074907	21.6	2
3582982	7955.ENSDARP00000108050	21.5	2
3590699	7955.ENSDARP00000126355	21.5	4
3585090	7955.ENSDARP00000111935	21.4	1
3571654	7955.ENSDARP00000059227	21.2	4
3573192	7955.ENSDARP00000068656	21.2	1
3578643	7955.ENSDARP00000098188	21.2	7
3576175	7955.ENSDARP00000087463	21.1	1
3577115	7955.ENSDARP00000091908	21.1	5
3578652	7955.ENSDARP00000098207	21.1	2
3577554	7955.ENSDARP00000093850	20.9	3
3567126	7955.ENSDARP00000013759	20.8	1
3571120	7955.ENSDARP00000055920	20.7	1
3567082	7955.ENSDARP00000013286	20.7	18
3579331	7955.ENSDARP00000099983	20.6	1
3587050	7955.ENSDARP00000116808	20.4	2
3591822	7955.ENSDARP00000128902	20.4	9
3577298	7955.ENSDARP00000092672	20.4	12
3568447	7955.ENSDARP00000026978	20.4	12
3569868	7955.ENSDARP00000045149	20.3	4
3590962	7955.ENSDARP00000126951	20.3	3
3579692	7955.ENSDARP00000100931	20.3	2
3573411	7955.ENSDARP00000069881	20.3	4
3569734	7955.ENSDARP00000043659	20.3	4
3576026	7955.ENSDARP00000086433	20.0	2
3588168	7955.ENSDARP00000119693	19.8	1
3582518	7955.ENSDARP00000107173	19.8	2
3589120	7955.ENSDARP00000122125	19.8	2
3569317	7955.ENSDARP00000038939	19.6	1
3577898	7955.ENSDARP00000095293	19.6	1
3567271	7955.ENSDARP00000015328	19.6	1
3577313	7955.ENSDARP00000092727	19.6	12
3577308	7955.ENSDARP00000092713	19.6	12
3589535	7955.ENSDARP00000123163	19.4	1
3570766	7955.ENSDARP00000053595	19.4	1
3576135	7955.ENSDARP00000087158	19.4	16
3585335	7955.ENSDARP00000112347	19.3	3
3575405	7955.ENSDARP00000081514	19.2	7
3586147	7955.ENSDARP00000114437	19.1	72
3566500	7955.ENSDARP00000007799	19.1	2
3591349	7955.ENSDARP00000127908	19.0	17
3585035	7955.ENSDARP00000111831	19.0	1
3585760	7955.ENSDARP00000113396	18.9	1
3574290	7955.ENSDARP00000074466	18.8	6
3583915	7955.ENSDARP00000109765	18.7	2
3571852	7955.ENSDARP00000060457	18.7	2
3572434	7955.ENSDARP00000064201	18.7	4
3567476	7955.ENSDARP00000017258	18.7	2
3572613	7955.ENSDARP00000065340	18.7	1
3567964	7955.ENSDARP00000022426	18.6	2
3567902	7955.ENSDARP00000021850	18.4	1
3566799	7955.ENSDARP00000010788	18.3	4
3576903	7955.ENSDARP00000090944	18.2	16
3583022	7955.ENSDARP00000108133	18.2	8
3568330	7955.ENSDARP00000025776	18.1	2
3566417	7955.ENSDARP00000007002	18.0	2
3577655	7955.ENSDARP00000094251	18.0	1
3586565	7955.ENSDARP00000115525	18.0	1
3586819	7955.ENSDARP00000116175	17.9	3
3576019	7955.ENSDARP00000086356	17.9	4
3573437	7955.ENSDARP00000070003	17.9	2
3574919	7955.ENSDARP00000077752	17.7	11
3574223	7955.ENSDARP00000074043	17.5	1
3569542	7955.ENSDARP00000041577	17.4	1
3570127	7955.ENSDARP00000048163	17.3	3
3576247	7955.ENSDARP00000087878	17.3	1
3587636	7955.ENSDARP00000118276	17.2	1
3566496	7955.ENSDARP00000007792	17.1	1
3567930	7955.ENSDARP00000022107	17.0	1
3584235	7955.ENSDARP00000110363	16.9	3
3567442	7955.ENSDARP00000016922	16.7	5
3569866	7955.ENSDARP00000045125	16.6	12
3571682	7955.ENSDARP00000059359	16.6	3
3586636	7955.ENSDARP00000115690	16.5	1
3587669	7955.ENSDARP00000118388	16.5	3
3569647	7955.ENSDARP00000042693	16.5	3
3565910	7955.ENSDARP00000002260	16.4	5
3566856	7955.ENSDARP00000011226	16.3	1
3587838	7955.ENSDARP00000118803	16.3	2
3589741	7955.ENSDARP00000123676	16.3	3
3569738	7955.ENSDARP00000043687	16.2	2
3568703	7955.ENSDARP00000030476	16.1	3
3588203	7955.ENSDARP00000119785	16.1	1
3569354	7955.ENSDARP00000039450	16.0	2
3590915	7955.ENSDARP00000126856	15.9	3
3587985	7955.ENSDARP00000119183	15.9	1
3568123	7955.ENSDARP00000023819	15.9	2
3575624	7955.ENSDARP00000083259	15.9	5
3567243	7955.ENSDARP00000015027	15.8	1
3581262	7955.ENSDARP00000104851	15.7	1
3577923	7955.ENSDARP00000095384	15.6	7
3569031	7955.ENSDARP00000035109	15.6	2
3574354	7955.ENSDARP00000074827	15.5	8
3580378	7955.ENSDARP00000102718	15.5	7
3580416	7955.ENSDARP00000102837	15.4	5
3566656	7955.ENSDARP00000009325	15.3	3
3572244	7955.ENSDARP00000063054	15.3	1
3575554	7955.ENSDARP00000082703	15.3	1
3572925	7955.ENSDARP00000067292	15.3	1
3589087	7955.ENSDARP00000122059	15.3	3
3578422	7955.ENSDARP00000097619	15.3	2
3575716	7955.ENSDARP00000083959	15.1	1
3580432	7955.ENSDARP00000102878	15.1	1
3572970	7955.ENSDARP00000067534	15.0	5
3570524	7955.ENSDARP00000052103	14.9	1
3588149	7955.ENSDARP00000119636	14.9	4
3567602	7955.ENSDARP00000018567	14.7	1
3570527	7955.ENSDARP00000052123	14.7	1
3591879	7955.ENSDARP00000129036	14.7	2
3589829	7955.ENSDARP00000123973	14.6	1
3587693	7955.ENSDARP00000118435	14.6	1
3571732	7955.ENSDARP00000059755	14.5	2
3592091	7955.ENSDARP00000129497	14.5	2
3567916	7955.ENSDARP00000021993	14.4	1
3577346	7955.ENSDARP00000092924	14.4	5
3588786	7955.ENSDARP00000121318	14.3	10
3590066	7955.ENSDARP00000124772	14.3	2
3579531	7955.ENSDARP00000100479	14.2	1
3576907	7955.ENSDARP00000090957	14.2	2
3584759	7955.ENSDARP00000111314	14.1	1
3566267	7955.ENSDARP00000005519	14.1	2
3571889	7955.ENSDARP00000060722	14.1	1
3570147	7955.ENSDARP00000048398	14.1	5
3581630	7955.ENSDARP00000105530	14.0	1
3568768	7955.ENSDARP00000031494	14.0	1
3566588	7955.ENSDARP00000008636	13.9	2
3589426	7955.ENSDARP00000122897	13.9	1
3587552	7955.ENSDARP00000118068	13.9	14
3580663	7955.ENSDARP00000103461	13.7	5
3570521	7955.ENSDARP00000052090	13.6	2
3579807	7955.ENSDARP00000101202	13.5	3
3567375	7955.ENSDARP00000016279	13.3	1
3570647	7955.ENSDARP00000052861	13.3	1
3586492	7955.ENSDARP00000115363	13.3	2
3576714	7955.ENSDARP00000090111	13.3	1
3571048	7955.ENSDARP00000055491	13.2	2
3579592	7955.ENSDARP00000100670	13.1	1
3582471	7955.ENSDARP00000107078	13.0	2
3570495	7955.ENSDARP00000051889	12.9	2
3571382	7955.ENSDARP00000057576	12.9	3
3566980	7955.ENSDARP00000012359	12.9	1
3566529	7955.ENSDARP00000008048	12.7	3
3572602	7955.ENSDARP00000065277	12.7	1
3572202	7955.ENSDARP00000062819	12.7	8
3575522	7955.ENSDARP00000082459	12.6	1
3566635	7955.ENSDARP00000009149	12.6	4
3577153	7955.ENSDARP00000092016	12.6	3
3567822	7955.ENSDARP00000020867	12.6	5
3585751	7955.ENSDARP00000113373	12.5	13
3572835	7955.ENSDARP00000066862	12.5	2
3589957	7955.ENSDARP00000124384	12.5	1
3578020	7955.ENSDARP00000095870	12.4	8
3582077	7955.ENSDARP00000106325	12.4	3
3566474	7955.ENSDARP00000007588	12.4	1
3575744	7955.ENSDARP00000084122	12.3	1
3572439	7955.ENSDARP00000064214	12.3	1
3567279	7955.ENSDARP00000015404	12.2	6
3568162	7955.ENSDARP00000024168	12.2	2
3571099	7955.ENSDARP00000055770	12.1	3
3576097	7955.ENSDARP00000086858	12.0	1
3570950	7955.ENSDARP00000054866	12.0	1
3585166	7955.ENSDARP00000112054	12.0	1
3576851	7955.ENSDARP00000090718	12.0	1
3580919	7955.ENSDARP00000104119	12.0	4
3570175	7955.ENSDARP00000048721	11.9	6
3587296	7955.ENSDARP00000117456	11.8	1
3570218	7955.ENSDARP00000049176	11.8	3
3567610	7955.ENSDARP00000018627	11.8	3
3571194	7955.ENSDARP00000056381	11.7	1
3571178	7955.ENSDARP00000056279	11.7	2
3573347	7955.ENSDARP00000069494	11.6	1
3568391	7955.ENSDARP00000026454	11.6	1
3573355	7955.ENSDARP00000069541	11.5	3
3577763	7955.ENSDARP00000094733	11.5	4
3574653	7955.ENSDARP00000076240	11.5	1
3566173	7955.ENSDARP00000004706	11.4	2
3573196	7955.ENSDARP00000068663	11.4	7
3566911	7955.ENSDARP00000011705	11.3	1
3571986	7955.ENSDARP00000061405	11.3	1
3588952	7955.ENSDARP00000121708	11.3	1
3570291	7955.ENSDARP00000050129	11.3	1
3575357	7955.ENSDARP00000081148	11.3	3
3589226	7955.ENSDARP00000122377	11.3	2
3572783	7955.ENSDARP00000066500	11.3	5
3584215	7955.ENSDARP00000110335	11.3	1
3578029	7955.ENSDARP00000095894	11.2	1
3568548	7955.ENSDARP00000028033	11.2	2
3566764	7955.ENSDARP00000010406	11.2	7
3579405	7955.ENSDARP00000100180	11.2	1
3569376	7955.ENSDARP00000039821	11.1	1
3568957	7955.ENSDARP00000034077	11.1	12
3584681	7955.ENSDARP00000111179	11.1	2
3585544	7955.ENSDARP00000112866	11.1	2
3575949	7955.ENSDARP00000085809	11.0	3
3568185	7955.ENSDARP00000024354	11.0	3
3582620	7955.ENSDARP00000107355	11.0	3
3569533	7955.ENSDARP00000041502	11.0	5
3573328	7955.ENSDARP00000069336	11.0	4
3582415	7955.ENSDARP00000106960	10.9	2
3570650	7955.ENSDARP00000052897	10.9	1
3580059	7955.ENSDARP00000101872	10.9	2
3567430	7955.ENSDARP00000016840	10.8	4
3566660	7955.ENSDARP00000009356	10.7	9
3581401	7955.ENSDARP00000105113	10.7	5
3577598	7955.ENSDARP00000094034	10.6	1
3585896	7955.ENSDARP00000113777	10.6	8
3567160	7955.ENSDARP00000014182	10.6	1
3587007	7955.ENSDARP00000116678	10.6	12
3584034	7955.ENSDARP00000109993	10.6	1
3576952	7955.ENSDARP00000091159	10.5	1
3572998	7955.ENSDARP00000067646	10.5	1
3589967	7955.ENSDARP00000124416	10.4	1
3586179	7955.ENSDARP00000114513	10.4	8
3569495	7955.ENSDARP00000041141	10.3	69
3578421	7955.ENSDARP00000097617	10.1	1
3577422	7955.ENSDARP00000093303	10.1	1
3566897	7955.ENSDARP00000011595	10.0	1
3573566	7955.ENSDARP00000070658	10.0	1
3576544	7955.ENSDARP00000089263	9.99	4
3568449	7955.ENSDARP00000026992	9.97	3
3566110	7955.ENSDARP00000003969	9.96	2
3568872	7955.ENSDARP00000033029	9.96	1
3589948	7955.ENSDARP00000124366	9.91	69
3589510	7955.ENSDARP00000123109	9.89	2
3578699	7955.ENSDARP00000098331	9.84	5
3584223	7955.ENSDARP00000110348	9.77	2
3574771	7955.ENSDARP00000076769	9.69	1
3578864	7955.ENSDARP00000098745	9.67	2
3573855	7955.ENSDARP00000072424	9.63	8
3568367	7955.ENSDARP00000026192	9.63	1
3573809	7955.ENSDARP00000072253	9.62	2
3570066	7955.ENSDARP00000047408	9.58	64
3577739	7955.ENSDARP00000094621	9.52	1
3566008	7955.ENSDARP00000003173	9.42	1
3588739	7955.ENSDARP00000121177	9.28	1
3566492	7955.ENSDARP00000007739	9.25	1
3572868	7955.ENSDARP00000067004	9.23	2
3580621	7955.ENSDARP00000103363	9.17	1
3570863	7955.ENSDARP00000054236	9.11	1
3574256	7955.ENSDARP00000074184	9.08	2
3570824	7955.ENSDARP00000053962	9.08	2
3581518	7955.ENSDARP00000105335	9.05	2
3571751	7955.ENSDARP00000059917	9.04	1
3577715	7955.ENSDARP00000094506	9.04	2
3589919	7955.ENSDARP00000124263	8.99	6
3571146	7955.ENSDARP00000056088	8.83	4
3582402	7955.ENSDARP00000106941	8.8	1
3590143	7955.ENSDARP00000125036	8.78	64
3567107	7955.ENSDARP00000013511	8.77	1
3565983	7955.ENSDARP00000002983	8.51	4
3578831	7955.ENSDARP00000098667	8.37	1
3589115	7955.ENSDARP00000122114	8.31	3
3565847	7955.ENSDARP00000000392	8.29	5
3587848	7955.ENSDARP00000118825	8.27	1
3570040	7955.ENSDARP00000047100	8.23	4
3588858	7955.ENSDARP00000121481	8.23	5
3565940	7955.ENSDARP00000002544	8.21	4
3587420	7955.ENSDARP00000117799	8.21	1
3582971	7955.ENSDARP00000108027	8.19	2
3567386	7955.ENSDARP00000016353	8.18	7
3572398	7955.ENSDARP00000064030	8.15	8
3570167	7955.ENSDARP00000048631	8.14	2
3583595	7955.ENSDARP00000109196	8.14	2
3570454	7955.ENSDARP00000051620	8.13	1
3568020	7955.ENSDARP00000022858	8.11	1
3581781	7955.ENSDARP00000105782	8.07	2
3567494	7955.ENSDARP00000017443	8.05	1
3589476	7955.ENSDARP00000123023	8.04	5
3583706	7955.ENSDARP00000109385	8.04	4
3573171	7955.ENSDARP00000068574	8.04	4
3568855	7955.ENSDARP00000032726	8.0	5
3580286	7955.ENSDARP00000102443	8.0	3
3565934	7955.ENSDARP00000002502	7.99	2
3572479	7955.ENSDARP00000064511	7.97	1
3571431	7955.ENSDARP00000057868	7.93	2
3576720	7955.ENSDARP00000090133	7.85	4
3569485	7955.ENSDARP00000041034	7.83	4
3568923	7955.ENSDARP00000033554	7.83	3
3588687	7955.ENSDARP00000121043	7.79	1
3568736	7955.ENSDARP00000030937	7.77	1
3580633	7955.ENSDARP00000103385	7.75	2
3567850	7955.ENSDARP00000021165	7.66	2
3590768	7955.ENSDARP00000126522	7.63	1
3580835	7955.ENSDARP00000103901	7.63	1
3589782	7955.ENSDARP00000123814	7.62	3
3583857	7955.ENSDARP00000109662	7.57	2
3586097	7955.ENSDARP00000114313	7.55	1
3578654	7955.ENSDARP00000098211	7.55	1
3587462	7955.ENSDARP00000117880	7.48	1
3567794	7955.ENSDARP00000020536	7.48	1
3566017	7955.ENSDARP00000003250	7.47	1
3587266	7955.ENSDARP00000117378	7.47	3
3568179	7955.ENSDARP00000024334	7.47	5
3579595	7955.ENSDARP00000100684	7.41	1
3570016	7955.ENSDARP00000046921	7.41	4
3566170	7955.ENSDARP00000004687	7.4	1
3590791	7955.ENSDARP00000126589	7.29	3
3582377	7955.ENSDARP00000106886	7.26	1
3566241	7955.ENSDARP00000005284	7.21	1
3572357	7955.ENSDARP00000063773	7.14	3
3566538	7955.ENSDARP00000008099	7.13	1
3582062	7955.ENSDARP00000106301	7.12	1
3584658	7955.ENSDARP00000111142	7.06	1
3575757	7955.ENSDARP00000084220	7.04	1
3573227	7955.ENSDARP00000068889	6.99	2
3570223	7955.ENSDARP00000049225	6.98	1
3576454	7955.ENSDARP00000088849	6.96	1
3586312	7955.ENSDARP00000114871	6.92	2
3584793	7955.ENSDARP00000111399	6.92	2
3586230	7955.ENSDARP00000114649	6.92	2
3568209	7955.ENSDARP00000024632	6.89	2
3572514	7955.ENSDARP00000064708	6.88	1
3589978	7955.ENSDARP00000124457	6.86	1
3577420	7955.ENSDARP00000093301	6.83	3
3581979	7955.ENSDARP00000106156	6.82	4
3575837	7955.ENSDARP00000084839	6.82	2
3573397	7955.ENSDARP00000069759	6.79	3
3590830	7955.ENSDARP00000126672	6.77	6
3573292	7955.ENSDARP00000069178	6.74	1
3580107	7955.ENSDARP00000102004	6.7	1
3572906	7955.ENSDARP00000067158	6.69	3
3569875	7955.ENSDARP00000045286	6.65	2
3568692	7955.ENSDARP00000030237	6.62	1
3583492	7955.ENSDARP00000109008	6.57	1
3574214	7955.ENSDARP00000073993	6.42	1
3579239	7955.ENSDARP00000099721	6.41	3
3577261	7955.ENSDARP00000092484	6.36	1
3570568	7955.ENSDARP00000052384	6.36	3
3587238	7955.ENSDARP00000117293	6.26	2
3588155	7955.ENSDARP00000119651	6.07	2
3573195	7955.ENSDARP00000068662	5.96	1
3568665	7955.ENSDARP00000029821	5.95	1
3586462	7955.ENSDARP00000115283	5.91	1
3568379	7955.ENSDARP00000026327	5.91	1
3571247	7955.ENSDARP00000056711	5.85	1
3566186	7955.ENSDARP00000004838	5.84	1
3570204	7955.ENSDARP00000048976	5.82	1
3574513	7955.ENSDARP00000075639	5.79	3
3573493	7955.ENSDARP00000070277	5.73	1
3570677	7955.ENSDARP00000053075	5.72	1
3567108	7955.ENSDARP00000013512	5.71	3
3566360	7955.ENSDARP00000006424	5.67	4
3567982	7955.ENSDARP00000022542	5.66	1
3576713	7955.ENSDARP00000090100	5.64	4
3586712	7955.ENSDARP00000115906	5.6	1
3568867	7955.ENSDARP00000032856	5.6	9
3585496	7955.ENSDARP00000112736	5.59	1
3568803	7955.ENSDARP00000032005	5.57	3
3574668	7955.ENSDARP00000076305	5.55	2
3583556	7955.ENSDARP00000109119	5.54	1
3579956	7955.ENSDARP00000101609	5.43	10
3578267	7955.ENSDARP00000096921	5.4	1
3578408	7955.ENSDARP00000097580	5.25	1
3579045	7955.ENSDARP00000099212	5.19	5
3570106	7955.ENSDARP00000047843	5.16	3
3571596	7955.ENSDARP00000058876	5.07	1
3579301	7955.ENSDARP00000099895	5.07	1
3569538	7955.ENSDARP00000041532	5.06	11
3575833	7955.ENSDARP00000084821	5.05	1
3568603	7955.ENSDARP00000028911	5.04	1
3589196	7955.ENSDARP00000122318	5.0	1
3568189	7955.ENSDARP00000024411	4.98	1
3575115	7955.ENSDARP00000079241	4.98	1
3572198	7955.ENSDARP00000062792	4.97	4
3581984	7955.ENSDARP00000106163	4.96	1
3567227	7955.ENSDARP00000014929	4.96	1
3575580	7955.ENSDARP00000082917	4.9	6
3566883	7955.ENSDARP00000011444	4.86	1
3571010	7955.ENSDARP00000055273	4.82	5
3592253	7955.ENSDARP00000129866	4.81	3
3575235	7955.ENSDARP00000080159	4.81	1
3568100	7955.ENSDARP00000023678	4.8	1
3567203	7955.ENSDARP00000014732	4.74	1
3588139	7955.ENSDARP00000119608	4.67	2
3586992	7955.ENSDARP00000116646	4.66	3
3582608	7955.ENSDARP00000107323	4.63	2
3588331	7955.ENSDARP00000120100	4.62	1
3574916	7955.ENSDARP00000077740	4.6	1
3583341	7955.ENSDARP00000108718	4.5	1
3576299	7955.ENSDARP00000088115	4.48	1
3567994	7955.ENSDARP00000022612	4.47	1
3577837	7955.ENSDARP00000095046	4.47	1
3583120	7955.ENSDARP00000108297	4.44	1
3571215	7955.ENSDARP00000056522	4.43	3
3588562	7955.ENSDARP00000120695	4.41	2
3590544	7955.ENSDARP00000125918	4.39	59
3590881	7955.ENSDARP00000126790	4.37	6
3573678	7955.ENSDARP00000071510	4.37	1
3581966	7955.ENSDARP00000106130	4.37	1
3591083	7955.ENSDARP00000127252	4.35	1
3571616	7955.ENSDARP00000058966	4.33	1
3566756	7955.ENSDARP00000010317	4.32	1
3579128	7955.ENSDARP00000099444	4.32	1
3579717	7955.ENSDARP00000100985	4.3	1
3572126	7955.ENSDARP00000062405	4.28	2
3576780	7955.ENSDARP00000090413	4.28	1
3566469	7955.ENSDARP00000007548	4.27	1
3577990	7955.ENSDARP00000095645	4.24	2
3581552	7955.ENSDARP00000105382	4.23	2
3568940	7955.ENSDARP00000033785	4.21	2
3587896	7955.ENSDARP00000118941	4.2	2
3566392	7955.ENSDARP00000006738	4.18	5
3566187	7955.ENSDARP00000004843	4.16	1
3577829	7955.ENSDARP00000095008	4.13	2
3577632	7955.ENSDARP00000094162	4.11	1
3567183	7955.ENSDARP00000014422	4.09	1
3571149	7955.ENSDARP00000056104	4.05	1
3584666	7955.ENSDARP00000111156	4.03	5
3576460	7955.ENSDARP00000088880	4.02	3
3574245	7955.ENSDARP00000074151	3.97	1
3574644	7955.ENSDARP00000076212	3.97	1
3567989	7955.ENSDARP00000022579	3.97	1
3572794	7955.ENSDARP00000066589	3.94	1
3574405	7955.ENSDARP00000075079	3.91	3
3583354	7955.ENSDARP00000108742	3.9	2
3581072	7955.ENSDARP00000104481	3.86	1
3582513	7955.ENSDARP00000107162	3.86	1
3568205	7955.ENSDARP00000024612	3.81	2
3573382	7955.ENSDARP00000069676	3.78	2
3566559	7955.ENSDARP00000008331	3.78	1
3575621	7955.ENSDARP00000083250	3.78	1
3569976	7955.ENSDARP00000046453	3.77	2
3590653	7955.ENSDARP00000126238	3.76	1
3580884	7955.ENSDARP00000104033	3.75	2
3574431	7955.ENSDARP00000075216	3.75	1
3578309	7955.ENSDARP00000097169	3.74	1
3570107	7955.ENSDARP00000047864	3.72	2
3570255	7955.ENSDARP00000049616	3.68	1
3585903	7955.ENSDARP00000113805	3.64	1
3582476	7955.ENSDARP00000107094	3.62	5
3565942	7955.ENSDARP00000002576	3.58	5
3591403	7955.ENSDARP00000128019	3.54	2
3567327	7955.ENSDARP00000015877	3.51	2
3570388	7955.ENSDARP00000051138	3.48	1
3571629	7955.ENSDARP00000059038	3.44	11
3572605	7955.ENSDARP00000065295	3.41	2
3580448	7955.ENSDARP00000102922	3.4	2
3582564	7955.ENSDARP00000107250	3.34	2
3569641	7955.ENSDARP00000042623	3.34	1
3568738	7955.ENSDARP00000030953	3.34	5
3577895	7955.ENSDARP00000095276	3.33	5
3573127	7955.ENSDARP00000068317	3.3	2
3576059	7955.ENSDARP00000086620	3.26	2
3585817	7955.ENSDARP00000113544	3.25	1
3568211	7955.ENSDARP00000024635	3.24	1
3575795	7955.ENSDARP00000084512	3.22	1
3591963	7955.ENSDARP00000129215	3.17	5
3588689	7955.ENSDARP00000121047	3.15	1
3575480	7955.ENSDARP00000082090	3.13	5
3577826	7955.ENSDARP00000094997	3.12	5
3585191	7955.ENSDARP00000112093	3.08	1
3592246	7955.ENSDARP00000129848	3.04	2
3569083	7955.ENSDARP00000035957	3.03	1
3585415	7955.ENSDARP00000112495	3.03	1
3587520	7955.ENSDARP00000118004	2.96	5
3588675	7955.ENSDARP00000121014	2.95	5
3570644	7955.ENSDARP00000052852	2.93	5
3566545	7955.ENSDARP00000008156	2.9	1
3590522	7955.ENSDARP00000125872	2.89	2
3573759	7955.ENSDARP00000071929	2.88	1
3569026	7955.ENSDARP00000035090	2.83	1
3572740	7955.ENSDARP00000066229	2.81	1
3574182	7955.ENSDARP00000073858	2.8	6
3578549	7955.ENSDARP00000097975	2.78	1
3573266	7955.ENSDARP00000069055	2.74	1
3566383	7955.ENSDARP00000006665	2.74	1
3583288	7955.ENSDARP00000108614	2.73	11
3573999	7955.ENSDARP00000073029	2.73	1
3589766	7955.ENSDARP00000123766	2.72	1
3591779	7955.ENSDARP00000128806	2.7	4
3576940	7955.ENSDARP00000091097	2.67	1
3566634	7955.ENSDARP00000009148	2.61	5
3579207	7955.ENSDARP00000099617	2.59	1
3587955	7955.ENSDARP00000119108	2.58	1
3587117	7955.ENSDARP00000116987	2.54	1
3591588	7955.ENSDARP00000128412	2.48	1
3589906	7955.ENSDARP00000124211	2.47	2
3569154	7955.ENSDARP00000036958	2.42	2
3569169	7955.ENSDARP00000037108	2.41	3
3583932	7955.ENSDARP00000109800	2.41	3
3590162	7955.ENSDARP00000125088	2.4	6
3569903	7955.ENSDARP00000045587	2.4	3
3588968	7955.ENSDARP00000121735	2.37	1
3567511	7955.ENSDARP00000017590	2.37	1
3567685	7955.ENSDARP00000019419	2.35	1
3566716	7955.ENSDARP00000009915	2.34	1
3566944	7955.ENSDARP00000012040	2.33	6
3589678	7955.ENSDARP00000123525	2.33	1
3579496	7955.ENSDARP00000100395	2.31	1
3581550	7955.ENSDARP00000105380	2.31	1
3572236	7955.ENSDARP00000063009	2.31	1
3569582	7955.ENSDARP00000041938	2.3	2
3567013	7955.ENSDARP00000012595	2.29	1
3587202	7955.ENSDARP00000117208	2.28	2
3580847	7955.ENSDARP00000103928	2.28	1
3577379	7955.ENSDARP00000093124	2.28	2
3573714	7955.ENSDARP00000071683	2.21	1
3579854	7955.ENSDARP00000101333	2.2	3
3573761	7955.ENSDARP00000071946	2.2	3
3589365	7955.ENSDARP00000122726	2.14	1
3565954	7955.ENSDARP00000002746	2.11	3
3587683	7955.ENSDARP00000118414	2.05	3
3574634	7955.ENSDARP00000076180	1.98	1
3569519	7955.ENSDARP00000041380	1.96	1
3582675	7955.ENSDARP00000107466	1.95	1
3566075	7955.ENSDARP00000003666	1.94	1
3586501	7955.ENSDARP00000115391	1.94	1
3567751	7955.ENSDARP00000020119	1.92	1
3586428	7955.ENSDARP00000115172	1.87	1
3581547	7955.ENSDARP00000105375	1.86	1
3570237	7955.ENSDARP00000049374	1.84	1
3585756	7955.ENSDARP00000113382	1.82	2
3567966	7955.ENSDARP00000022438	1.82	6
3569978	7955.ENSDARP00000046497	1.8	3
3571701	7955.ENSDARP00000059488	1.79	1
3575819	7955.ENSDARP00000084725	1.71	2
3567691	7955.ENSDARP00000019505	1.71	1
3579155	7955.ENSDARP00000099498	1.68	3
3572714	7955.ENSDARP00000065997	1.67	1
3591596	7955.ENSDARP00000128420	1.65	6
3580893	7955.ENSDARP00000104054	1.63	1
3574059	7955.ENSDARP00000073345	1.63	1
3581900	7955.ENSDARP00000106006	1.62	1
3591698	7955.ENSDARP00000128634	1.55	2
3568810	7955.ENSDARP00000032142	1.52	1
3566804	7955.ENSDARP00000010840	1.51	1
3587875	7955.ENSDARP00000118893	1.5	1
3568055	7955.ENSDARP00000023215	1.49	1
3566506	7955.ENSDARP00000007836	1.49	1
3586741	7955.ENSDARP00000115968	1.48	1
3570464	7955.ENSDARP00000051678	1.48	1
3572805	7955.ENSDARP00000066664	1.46	2
3584105	7955.ENSDARP00000110129	1.46	1
3572586	7955.ENSDARP00000065205	1.45	5
3569671	7955.ENSDARP00000042973	1.44	1
3584554	7955.ENSDARP00000110951	1.43	1
3588418	7955.ENSDARP00000120324	1.43	1
3589622	7955.ENSDARP00000123393	1.42	3
3572916	7955.ENSDARP00000067187	1.4	3
3573435	7955.ENSDARP00000070001	1.3	3
3586199	7955.ENSDARP00000114570	1.28	1
3569402	7955.ENSDARP00000040104	1.25	1
3591476	7955.ENSDARP00000128175	1.25	1
3567025	7955.ENSDARP00000012722	1.23	1
3585746	7955.ENSDARP00000113362	1.22	1
3575638	7955.ENSDARP00000083378	1.22	2
3571066	7955.ENSDARP00000055592	1.21	3
3570910	7955.ENSDARP00000054598	1.21	1
3590869	7955.ENSDARP00000126762	1.21	1
3568511	7955.ENSDARP00000027635	1.2	1
3586075	7955.ENSDARP00000114268	1.18	1
3568216	7955.ENSDARP00000024670	1.17	1
3570227	7955.ENSDARP00000049290	1.14	1
3590833	7955.ENSDARP00000126680	1.14	1
3585244	7955.ENSDARP00000112172	1.11	1
3569690	7955.ENSDARP00000043179	1.11	1
3572619	7955.ENSDARP00000065374	1.1	1
3580681	7955.ENSDARP00000103515	1.1	1
3588553	7955.ENSDARP00000120670	1.1	1
3577479	7955.ENSDARP00000093557	1.08	1
3566751	7955.ENSDARP00000010256	1.07	1
3573286	7955.ENSDARP00000069157	1.07	1
3569830	7955.ENSDARP00000044734	1.05	1
3588170	7955.ENSDARP00000119696	1.05	1
3584842	7955.ENSDARP00000111488	0.946	1
3575262	7955.ENSDARP00000080352	0.904	1
3578211	7955.ENSDARP00000096673	0.891	1
3569947	7955.ENSDARP00000046065	0.891	1
3591513	7955.ENSDARP00000128241	0.884	3
3581291	7955.ENSDARP00000104899	0.877	3
3583892	7955.ENSDARP00000109722	0.844	5
3581842	7955.ENSDARP00000105905	0.838	1
3574978	7955.ENSDARP00000078114	0.822	1
3568455	7955.ENSDARP00000027027	0.812	1
3569895	7955.ENSDARP00000045487	0.77	1
3576557	7955.ENSDARP00000089334	0.767	1
3588838	7955.ENSDARP00000121430	0.766	1
3578973	7955.ENSDARP00000099017	0.732	1
3566894	7955.ENSDARP00000011549	0.728	1
3569618	7955.ENSDARP00000042310	0.72	1
3569660	7955.ENSDARP00000042866	0.713	1
3568417	7955.ENSDARP00000026697	0.713	1
3579328	7955.ENSDARP00000099976	0.709	1
3574927	7955.ENSDARP00000077786	0.673	1
3569777	7955.ENSDARP00000044084	0.665	1
3586916	7955.ENSDARP00000116425	0.653	1
3575779	7955.ENSDARP00000084389	0.652	1
3590595	7955.ENSDARP00000126061	0.634	1
3588479	7955.ENSDARP00000120476	0.618	1
3585577	7955.ENSDARP00000112940	0.615	1
3581959	7955.ENSDARP00000106114	0.594	1
3573013	7955.ENSDARP00000067735	0.593	1
3576390	7955.ENSDARP00000088494	0.593	1
3569540	7955.ENSDARP00000041563	0.587	1
3570400	7955.ENSDARP00000051233	0.584	1
3584332	7955.ENSDARP00000110548	0.584	1
3580761	7955.ENSDARP00000103712	0.572	3
3591900	7955.ENSDARP00000129087	0.57	1
3577184	7955.ENSDARP00000092183	0.549	1
3570401	7955.ENSDARP00000051235	0.545	1
3569788	7955.ENSDARP00000044202	0.537	1
3569869	7955.ENSDARP00000045176	0.533	1
3576404	7955.ENSDARP00000088564	0.49	1
3573872	7955.ENSDARP00000072498	0.481	3
3587414	7955.ENSDARP00000117775	0.478	1
3570263	7955.ENSDARP00000049719	0.472	1
3585664	7955.ENSDARP00000113146	0.461	1
3577189	7955.ENSDARP00000092224	0.44	1
3571097	7955.ENSDARP00000055756	0.413	1
3578753	7955.ENSDARP00000098468	0.369	1
3591616	7955.ENSDARP00000128469	0.362	1
3571439	7955.ENSDARP00000057912	0.347	1
3566688	7955.ENSDARP00000009659	0.338	1
3569178	7955.ENSDARP00000037198	0.331	1
3590950	7955.ENSDARP00000126924	0.331	4
3587647	7955.ENSDARP00000118321	0.322	3
3589802	7955.ENSDARP00000123888	0.313	1
3588803	7955.ENSDARP00000121344	0.313	1
3575019	7955.ENSDARP00000078382	0.312	1
3586155	7955.ENSDARP00000114456	0.31	1
3586714	7955.ENSDARP00000115909	0.301	1
3566601	7955.ENSDARP00000008736	0.295	1
3566932	7955.ENSDARP00000011898	0.277	1
3588302	7955.ENSDARP00000120039	0.275	1
3573005	7955.ENSDARP00000067688	0.264	1
3578090	7955.ENSDARP00000096251	0.262	1
3569450	7955.ENSDARP00000040554	0.262	1
3574331	7955.ENSDARP00000074706	0.257	1
3591961	7955.ENSDARP00000129212	0.246	1
3589780	7955.ENSDARP00000123810	0.245	1
3573310	7955.ENSDARP00000069260	0.229	1
3576928	7955.ENSDARP00000091059	0.226	1
3575434	7955.ENSDARP00000081684	0.207	1
3571319	7955.ENSDARP00000057215	0.205	1
3574550	7955.ENSDARP00000075800	0.199	1
3574461	7955.ENSDARP00000075360	0.197	1
3574780	7955.ENSDARP00000076797	0.197	1
3570005	7955.ENSDARP00000046791	0.195	1
3575701	7955.ENSDARP00000083822	0.181	1
3587369	7955.ENSDARP00000117653	0.164	1
3591814	7955.ENSDARP00000128879	0.151	1
3573590	7955.ENSDARP00000070818	0.133	1
3584167	7955.ENSDARP00000110252	0.078	1
3590854	7955.ENSDARP00000126725	0.075	3
3584912	7955.ENSDARP00000111618	0.068	1
3587495	7955.ENSDARP00000117945	0.047	1
