#id: 3672928101
#name: Danio rerio - Whole organism, Pepxml, SC (Kelkar,mcp,2014)
#score: 8.0
#description: abundance based on Spectral counting, pepxml, Interaction consistency score: 8.0, Coverage: 5
#organ: WHOLE_ORGANISM
#integrated: false
#coverage: 5
#link: http://www.ncbi.nlm.nih.gov/pubmed/25060758
#publication_year: 2014
#filename: 7955-ZF_GrossBody_Kelkar_2014_SEQUEST.txt
#
#internal_id	string_external_id	abundance	raw_spectral_count
3579761	7955.ENSDARP00000101082	52181	498
3581582	7955.ENSDARP00000105443	21087	310
3569236	7955.ENSDARP00000037871	20579	786
3570303	7955.ENSDARP00000050237	19984	6029
3571683	7955.ENSDARP00000059365	17873	757
3572361	7955.ENSDARP00000063799	16646	386
3571958	7955.ENSDARP00000061164	14708	2955
3573421	7955.ENSDARP00000069948	14701	433
3579636	7955.ENSDARP00000100779	13523	254
3578212	7955.ENSDARP00000096674	13483	1118
3573917	7955.ENSDARP00000072687	13466	4944
3570984	7955.ENSDARP00000055135	12971	2199
3586362	7955.ENSDARP00000115012	12111	4551
3579413	7955.ENSDARP00000100195	11307	1607
3579931	7955.ENSDARP00000101541	11282	236
3585976	7955.ENSDARP00000113988	11170	4416
3570414	7955.ENSDARP00000051361	10056	7078
3573914	7955.ENSDARP00000072678	9323	3914
3586591	7955.ENSDARP00000115580	8583	136
3583776	7955.ENSDARP00000109518	8523	366
3577262	7955.ENSDARP00000092488	8523	366
3585260	7955.ENSDARP00000112199	8412	144
3567128	7955.ENSDARP00000013777	8124	155
3568041	7955.ENSDARP00000023063	7775	308
3578291	7955.ENSDARP00000097050	7561	279
3571556	7955.ENSDARP00000058628	7478	1996
3579514	7955.ENSDARP00000100434	7252	1986
3572118	7955.ENSDARP00000062369	7252	1986
3570642	7955.ENSDARP00000052837	7064	1971
3586775	7955.ENSDARP00000116075	6951	6393
3574408	7955.ENSDARP00000075110	6947	1963
3567578	7955.ENSDARP00000018197	6731	129
3568482	7955.ENSDARP00000027342	6641	59
3584241	7955.ENSDARP00000110377	6601	209
3572340	7955.ENSDARP00000063661	6580	184
3572771	7955.ENSDARP00000066429	6513	1768
3578167	7955.ENSDARP00000096504	6169	258
3568837	7955.ENSDARP00000032453	6168	74
3583079	7955.ENSDARP00000108224	5838	6412
3588935	7955.ENSDARP00000121670	5191	68
3570965	7955.ENSDARP00000054986	5059	1015
3589178	7955.ENSDARP00000122263	5059	1015
3568732	7955.ENSDARP00000030881	5010	239
3577188	7955.ENSDARP00000092223	4978	235
3583765	7955.ENSDARP00000109497	4878	30
3590683	7955.ENSDARP00000126314	4857	62
3588581	7955.ENSDARP00000120742	4812	152
3570974	7955.ENSDARP00000055061	4714	60
3566197	7955.ENSDARP00000004932	4713	101
3583335	7955.ENSDARP00000108711	4566	253
3586379	7955.ENSDARP00000115054	4484	5418
3584765	7955.ENSDARP00000111326	4329	5796
3571826	7955.ENSDARP00000060309	4326	198
3586737	7955.ENSDARP00000115964	4128	4292
3570634	7955.ENSDARP00000052760	4018	1
3579264	7955.ENSDARP00000099772	3975	5187
3570413	7955.ENSDARP00000051359	3956	4493
3568540	7955.ENSDARP00000027947	3816	156
3571967	7955.ENSDARP00000061273	3798	17
3569764	7955.ENSDARP00000043931	3698	496
3576241	7955.ENSDARP00000087872	3472	25
3568238	7955.ENSDARP00000024900	3291	321
3573843	7955.ENSDARP00000072376	3259	42
3582141	7955.ENSDARP00000106441	3232	3648
3573386	7955.ENSDARP00000069695	3186	2358
3567605	7955.ENSDARP00000018594	3152	8
3567332	7955.ENSDARP00000015917	3149	298
3566489	7955.ENSDARP00000007716	3119	35
3567630	7955.ENSDARP00000018850	3060	191
3570678	7955.ENSDARP00000053076	3050	37
3569604	7955.ENSDARP00000042199	3025	166
3577261	7955.ENSDARP00000092484	2941	48
3571611	7955.ENSDARP00000058954	2910	8
3579906	7955.ENSDARP00000101478	2872	46
3568490	7955.ENSDARP00000027389	2830	125
3569365	7955.ENSDARP00000039656	2822	95
3566070	7955.ENSDARP00000003641	2772	34
3571777	7955.ENSDARP00000060055	2765	105
3567392	7955.ENSDARP00000016453	2596	176
3566295	7955.ENSDARP00000005837	2576	8
3571186	7955.ENSDARP00000056318	2553	18
3570629	7955.ENSDARP00000052729	2535	24
3565855	7955.ENSDARP00000000803	2461	548
3566285	7955.ENSDARP00000005719	2460	21
3572065	7955.ENSDARP00000061957	2425	28
3590857	7955.ENSDARP00000126732	2407	18
3589868	7955.ENSDARP00000124085	2395	3
3572841	7955.ENSDARP00000066897	2350	31
3566348	7955.ENSDARP00000006339	2327	144
3569934	7955.ENSDARP00000045900	2320	28
3568045	7955.ENSDARP00000023121	2294	41
3566860	7955.ENSDARP00000011269	2261	3040
3566461	7955.ENSDARP00000007446	2246	38
3570993	7955.ENSDARP00000055185	2228	10
3567801	7955.ENSDARP00000020595	2169	12
3576647	7955.ENSDARP00000089772	2168	30
3576243	7955.ENSDARP00000087874	2152	12
3567924	7955.ENSDARP00000022077	2145	134
3569433	7955.ENSDARP00000040396	2140	36
3582518	7955.ENSDARP00000107173	2071	29
3574520	7955.ENSDARP00000075658	2059	161
3571747	7955.ENSDARP00000059885	2044	70
3583915	7955.ENSDARP00000109765	1964	29
3570598	7955.ENSDARP00000052528	1960	14
3566040	7955.ENSDARP00000003389	1855	35
3570491	7955.ENSDARP00000051848	1831	44
3571219	7955.ENSDARP00000056539	1787	34
3587911	7955.ENSDARP00000118986	1769	191
3569738	7955.ENSDARP00000043687	1731	29
3567361	7955.ENSDARP00000016158	1723	12
3571508	7955.ENSDARP00000058383	1708	44
3577595	7955.ENSDARP00000094021	1681	61
3571193	7955.ENSDARP00000056380	1662	46
3583471	7955.ENSDARP00000108965	1654	16
3566228	7955.ENSDARP00000005224	1612	445
3572458	7955.ENSDARP00000064375	1610	17
3577113	7955.ENSDARP00000091902	1582	16
3578191	7955.ENSDARP00000096581	1559	194
3569689	7955.ENSDARP00000043172	1552	14
3591926	7955.ENSDARP00000129150	1543	7
3577036	7955.ENSDARP00000091586	1533	11
3570274	7955.ENSDARP00000049894	1509	12
3588413	7955.ENSDARP00000120304	1498	19
3572360	7955.ENSDARP00000063788	1483	22
3589183	7955.ENSDARP00000122284	1476	39
3568163	7955.ENSDARP00000024189	1472	10
3571512	7955.ENSDARP00000058402	1441	90
3569287	7955.ENSDARP00000038658	1412	17
3588896	7955.ENSDARP00000121564	1410	9
3567632	7955.ENSDARP00000018865	1357	18
3581392	7955.ENSDARP00000105094	1341	216
3573425	7955.ENSDARP00000069977	1334	13
3568990	7955.ENSDARP00000034555	1312	14
3571146	7955.ENSDARP00000056088	1310	181
3572114	7955.ENSDARP00000062351	1308	107
3573171	7955.ENSDARP00000068574	1297	181
3568052	7955.ENSDARP00000023177	1290	17
3566857	7955.ENSDARP00000011243	1283	41
3567186	7955.ENSDARP00000014456	1252	32
3583706	7955.ENSDARP00000109385	1247	182
3565940	7955.ENSDARP00000002544	1241	182
3588427	7955.ENSDARP00000120344	1238	32
3587461	7955.ENSDARP00000117879	1238	32
3576638	7955.ENSDARP00000089753	1238	32
3570056	7955.ENSDARP00000047268	1238	32
3576174	7955.ENSDARP00000087462	1238	32
3583922	7955.ENSDARP00000109780	1237	115
3573318	7955.ENSDARP00000069300	1226	22
3589293	7955.ENSDARP00000122542	1224	18
3579466	7955.ENSDARP00000100331	1215	5
3576720	7955.ENSDARP00000090133	1212	182
3576353	7955.ENSDARP00000088354	1172	49
3583419	7955.ENSDARP00000108873	1163	37
3567247	7955.ENSDARP00000015065	1163	37
3573195	7955.ENSDARP00000068662	1156	83
3570040	7955.ENSDARP00000047100	1142	182
3571797	7955.ENSDARP00000060165	1140	48
3567087	7955.ENSDARP00000013329	1136	44
3568947	7955.ENSDARP00000033907	1125	59
3572155	7955.ENSDARP00000062555	1122	16
3571050	7955.ENSDARP00000055503	1109	22
3590079	7955.ENSDARP00000124804	1096	7
3569554	7955.ENSDARP00000041699	1082	26
3583064	7955.ENSDARP00000108197	1080	11
3573833	7955.ENSDARP00000072337	1079	115
3573057	7955.ENSDARP00000067953	1073	17
3577290	7955.ENSDARP00000092617	1069	35
3584872	7955.ENSDARP00000111539	1061	52
3566380	7955.ENSDARP00000006624	1061	9
3575446	7955.ENSDARP00000081816	1053	64
3586640	7955.ENSDARP00000115698	1051	323
3578154	7955.ENSDARP00000096449	1050	155
3571894	7955.ENSDARP00000060744	1030	49
3591879	7955.ENSDARP00000129036	1023	15
3565933	7955.ENSDARP00000002483	1022	64
3583010	7955.ENSDARP00000108108	1016	23
3569492	7955.ENSDARP00000041087	1016	23
3570877	7955.ENSDARP00000054339	1011	10
3566084	7955.ENSDARP00000003738	1010	59
3585975	7955.ENSDARP00000113985	1009	19
3586669	7955.ENSDARP00000115796	998	4
3568103	7955.ENSDARP00000023685	984	25
3588367	7955.ENSDARP00000120183	977	17
3573350	7955.ENSDARP00000069513	974	13
3584352	7955.ENSDARP00000110577	973	36
3585083	7955.ENSDARP00000111924	970	37
3589125	7955.ENSDARP00000122141	968	8
3586528	7955.ENSDARP00000115443	950	4
3566628	7955.ENSDARP00000009096	950	18
3568050	7955.ENSDARP00000023158	927	106
3588146	7955.ENSDARP00000119629	927	5
3579803	7955.ENSDARP00000101193	921	32
3592023	7955.ENSDARP00000129330	921	32
3591753	7955.ENSDARP00000128757	921	32
3575763	7955.ENSDARP00000084277	921	32
3585524	7955.ENSDARP00000112824	921	32
3585724	7955.ENSDARP00000113307	921	32
3591366	7955.ENSDARP00000127943	921	32
3572732	7955.ENSDARP00000066176	916	153
3581799	7955.ENSDARP00000105815	912	75
3582381	7955.ENSDARP00000106897	910	14
3591762	7955.ENSDARP00000128775	904	49
3575408	7955.ENSDARP00000081539	878	123
3568320	7955.ENSDARP00000025702	876	63
3567647	7955.ENSDARP00000018980	873	10
3581065	7955.ENSDARP00000104468	869	123
3587830	7955.ENSDARP00000118774	869	123
3568742	7955.ENSDARP00000031014	868	12
3582995	7955.ENSDARP00000108075	865	4
3584841	7955.ENSDARP00000111487	862	9
3582206	7955.ENSDARP00000106566	861	6
3569334	7955.ENSDARP00000039143	858	11
3573768	7955.ENSDARP00000072006	853	186
3583001	7955.ENSDARP00000108089	851	13
3590555	7955.ENSDARP00000125941	849	64
3577833	7955.ENSDARP00000095029	838	65
3574339	7955.ENSDARP00000074756	835	4
3574696	7955.ENSDARP00000076404	830	18
3570518	7955.ENSDARP00000052081	826	10
3581525	7955.ENSDARP00000105344	821	74
3573587	7955.ENSDARP00000070807	816	29
3583556	7955.ENSDARP00000109119	802	67
3572374	7955.ENSDARP00000063869	801	10
3571441	7955.ENSDARP00000057943	800	6
3581250	7955.ENSDARP00000104823	794	43
3568957	7955.ENSDARP00000034077	789	49
3582828	7955.ENSDARP00000107737	788	31
3585047	7955.ENSDARP00000111851	788	31
3590883	7955.ENSDARP00000126796	788	31
3579085	7955.ENSDARP00000099321	788	31
3581455	7955.ENSDARP00000105220	788	31
3577534	7955.ENSDARP00000093790	788	31
3577531	7955.ENSDARP00000093781	788	31
3573044	7955.ENSDARP00000067896	788	31
3571194	7955.ENSDARP00000056381	783	26
3569571	7955.ENSDARP00000041841	783	11
3577855	7955.ENSDARP00000095111	782	11
3585919	7955.ENSDARP00000113858	780	166
3570857	7955.ENSDARP00000054204	776	8
3566729	7955.ENSDARP00000010055	772	11
3590844	7955.ENSDARP00000126705	767	328
3588451	7955.ENSDARP00000120407	765	5
3573022	7955.ENSDARP00000067802	764	21
3586129	7955.ENSDARP00000114396	755	31
3569301	7955.ENSDARP00000038799	753	10
3568311	7955.ENSDARP00000025613	749	16
3567727	7955.ENSDARP00000019888	745	184
3570716	7955.ENSDARP00000053303	739	181
3585004	7955.ENSDARP00000111782	738	9
3587025	7955.ENSDARP00000116723	735	15
3586546	7955.ENSDARP00000115483	735	15
3585649	7955.ENSDARP00000113118	735	9
3576784	7955.ENSDARP00000090434	728	48
3589932	7955.ENSDARP00000124304	725	3
3587453	7955.ENSDARP00000117864	725	5
3573389	7955.ENSDARP00000069708	721	5
3574937	7955.ENSDARP00000077832	719	131
3592042	7955.ENSDARP00000129378	719	131
3582717	7955.ENSDARP00000107547	719	131
3584547	7955.ENSDARP00000110935	719	131
3582143	7955.ENSDARP00000106443	719	131
3582961	7955.ENSDARP00000107998	719	131
3575508	7955.ENSDARP00000082327	719	131
3580053	7955.ENSDARP00000101862	719	131
3582507	7955.ENSDARP00000107148	719	131
3581427	7955.ENSDARP00000105168	719	131
3582167	7955.ENSDARP00000106496	719	131
3582747	7955.ENSDARP00000107585	719	131
3582030	7955.ENSDARP00000106245	719	131
3579903	7955.ENSDARP00000101467	719	131
3583687	7955.ENSDARP00000109355	719	131
3585088	7955.ENSDARP00000111930	719	131
3581027	7955.ENSDARP00000104379	719	131
3591884	7955.ENSDARP00000129044	719	131
3585008	7955.ENSDARP00000111786	719	131
3584867	7955.ENSDARP00000111526	719	131
3582447	7955.ENSDARP00000107028	719	131
3581376	7955.ENSDARP00000105059	719	131
3583658	7955.ENSDARP00000109299	719	131
3583513	7955.ENSDARP00000109044	719	131
3579848	7955.ENSDARP00000101311	719	131
3583635	7955.ENSDARP00000109257	719	131
3582243	7955.ENSDARP00000106634	719	131
3582939	7955.ENSDARP00000107946	719	131
3585153	7955.ENSDARP00000112034	719	131
3584679	7955.ENSDARP00000111175	719	131
3583528	7955.ENSDARP00000109071	719	131
3568457	7955.ENSDARP00000027046	719	14
3568675	7955.ENSDARP00000029933	715	181
3581515	7955.ENSDARP00000105328	714	9
3583232	7955.ENSDARP00000108502	712	129
3584856	7955.ENSDARP00000111507	709	28
3568151	7955.ENSDARP00000024085	696	7
3566861	7955.ENSDARP00000011271	687	54
3572845	7955.ENSDARP00000066929	686	16
3565901	7955.ENSDARP00000002175	684	100
3573962	7955.ENSDARP00000072874	683	16
3568467	7955.ENSDARP00000027118	678	43
3577399	7955.ENSDARP00000093236	676	6
3568988	7955.ENSDARP00000034536	672	10
3572196	7955.ENSDARP00000062786	666	5
3569584	7955.ENSDARP00000041959	656	41
3586927	7955.ENSDARP00000116459	653	11
3587939	7955.ENSDARP00000119055	648	122
3569507	7955.ENSDARP00000041278	640	131
3571955	7955.ENSDARP00000061148	639	126
3585626	7955.ENSDARP00000113048	624	15
3570567	7955.ENSDARP00000052382	623	11
3569039	7955.ENSDARP00000035273	623	4
3569411	7955.ENSDARP00000040203	619	136
3578162	7955.ENSDARP00000096468	618	9
3583585	7955.ENSDARP00000109185	614	7
3588195	7955.ENSDARP00000119756	611	8
3592091	7955.ENSDARP00000129497	607	19
3570266	7955.ENSDARP00000049792	605	24
3568927	7955.ENSDARP00000033622	600	28
3570703	7955.ENSDARP00000053207	598	6
3580732	7955.ENSDARP00000103634	587	15
3567911	7955.ENSDARP00000021916	587	15
3572038	7955.ENSDARP00000061750	579	26
3591308	7955.ENSDARP00000127819	575	32
3577465	7955.ENSDARP00000093490	574	153
3583235	7955.ENSDARP00000108507	571	12
3589290	7955.ENSDARP00000122537	566	14
3576242	7955.ENSDARP00000087873	564	4
3578093	7955.ENSDARP00000096258	558	5
3568942	7955.ENSDARP00000033806	550	16
3577111	7955.ENSDARP00000091899	543	7
3566185	7955.ENSDARP00000004830	541	17
3570544	7955.ENSDARP00000052292	540	3
3583462	7955.ENSDARP00000108949	535	6
3587636	7955.ENSDARP00000118276	532	11
3568526	7955.ENSDARP00000027770	527	3
3572143	7955.ENSDARP00000062517	508	14
3571029	7955.ENSDARP00000055379	507	114
3582492	7955.ENSDARP00000107122	505	122
3572834	7955.ENSDARP00000066858	505	122
3566655	7955.ENSDARP00000009320	504	149
3573708	7955.ENSDARP00000071656	500	7
3585190	7955.ENSDARP00000112092	498	135
3579276	7955.ENSDARP00000099813	498	135
3588853	7955.ENSDARP00000121459	498	135
3584315	7955.ENSDARP00000110511	498	135
3584846	7955.ENSDARP00000111493	498	135
3580400	7955.ENSDARP00000102775	498	135
3573055	7955.ENSDARP00000067948	498	135
3584751	7955.ENSDARP00000111298	498	135
3578737	7955.ENSDARP00000098432	498	135
3587029	7955.ENSDARP00000116739	498	135
3570302	7955.ENSDARP00000050236	498	135
3571119	7955.ENSDARP00000055912	498	135
3577535	7955.ENSDARP00000093791	498	135
3585117	7955.ENSDARP00000111973	498	135
3585814	7955.ENSDARP00000113541	498	135
3589069	7955.ENSDARP00000122009	498	135
3579924	7955.ENSDARP00000101525	498	135
3582808	7955.ENSDARP00000107702	498	135
3589594	7955.ENSDARP00000123323	498	135
3581760	7955.ENSDARP00000105746	498	135
3590492	7955.ENSDARP00000125799	498	2
3584249	7955.ENSDARP00000110392	497	3
3574402	7955.ENSDARP00000075074	496	7
3574091	7955.ENSDARP00000073460	495	21
3568099	7955.ENSDARP00000023671	488	15
3589582	7955.ENSDARP00000123299	487	219
3585431	7955.ENSDARP00000112527	484	135
3567835	7955.ENSDARP00000021016	481	107
3584770	7955.ENSDARP00000111337	479	16
3571271	7955.ENSDARP00000056852	479	1108
3571936	7955.ENSDARP00000061000	478	15
3566844	7955.ENSDARP00000011148	478	5
3585033	7955.ENSDARP00000111828	478	4
3588841	7955.ENSDARP00000121437	474	12
3566815	7955.ENSDARP00000010921	469	84
3571270	7955.ENSDARP00000056848	468	944
3580261	7955.ENSDARP00000102385	467	59
3570307	7955.ENSDARP00000050295	463	4
3572039	7955.ENSDARP00000061755	463	4
3576178	7955.ENSDARP00000087500	462	7
3577940	7955.ENSDARP00000095458	460	5
3574334	7955.ENSDARP00000074719	459	9
3579766	7955.ENSDARP00000101100	458	37
3583665	7955.ENSDARP00000109315	457	135
3587284	7955.ENSDARP00000117418	456	59
3584817	7955.ENSDARP00000111447	456	135
3582317	7955.ENSDARP00000106781	456	135
3580850	7955.ENSDARP00000103937	456	135
3589021	7955.ENSDARP00000121890	455	9
3572984	7955.ENSDARP00000067593	454	3
3581498	7955.ENSDARP00000105296	453	13
3573987	7955.ENSDARP00000072983	447	17
3589524	7955.ENSDARP00000123136	443	7
3569175	7955.ENSDARP00000037150	441	8
3577519	7955.ENSDARP00000093734	441	136
3569537	7955.ENSDARP00000041530	436	8
3580564	7955.ENSDARP00000103208	431	135
3584687	7955.ENSDARP00000111194	431	135
3577559	7955.ENSDARP00000093898	430	18
3587360	7955.ENSDARP00000117628	425	13
3590229	7955.ENSDARP00000125214	423	11
3567858	7955.ENSDARP00000021241	423	2
3587723	7955.ENSDARP00000118521	419	5
3570049	7955.ENSDARP00000047200	418	124
3572171	7955.ENSDARP00000062670	418	99
3588785	7955.ENSDARP00000121314	416	6
3576757	7955.ENSDARP00000090306	416	1067
3570063	7955.ENSDARP00000047390	412	6
3587982	7955.ENSDARP00000119179	406	123
3581703	7955.ENSDARP00000105646	406	135
3579173	7955.ENSDARP00000099550	406	135
3578029	7955.ENSDARP00000095894	406	14
3572107	7955.ENSDARP00000062323	400	48
3582726	7955.ENSDARP00000107557	400	5
3572414	7955.ENSDARP00000064110	396	3
3567480	7955.ENSDARP00000017326	395	106
3578567	7955.ENSDARP00000098004	390	69
3567991	7955.ENSDARP00000022592	389	6
3571579	7955.ENSDARP00000058736	388	4
3570789	7955.ENSDARP00000053774	386	36
3566123	7955.ENSDARP00000004127	386	36
3567318	7955.ENSDARP00000015805	386	36
3570861	7955.ENSDARP00000054229	385	14
3582859	7955.ENSDARP00000107798	384	94
3576245	7955.ENSDARP00000087876	384	1
3574080	7955.ENSDARP00000073415	380	1039
3583250	7955.ENSDARP00000108536	380	847
3567271	7955.ENSDARP00000015328	379	9
3573568	7955.ENSDARP00000070667	376	12
3588247	7955.ENSDARP00000119887	375	4
3567721	7955.ENSDARP00000019829	373	39
3590052	7955.ENSDARP00000124716	372	6
3580728	7955.ENSDARP00000103621	371	12
3576662	7955.ENSDARP00000089834	367	12
3573018	7955.ENSDARP00000067775	367	6
3568597	7955.ENSDARP00000028837	366	9
3566071	7955.ENSDARP00000003646	364	11
3576843	7955.ENSDARP00000090664	363	2
3566809	7955.ENSDARP00000010878	362	17
3584495	7955.ENSDARP00000110851	361	103
3585939	7955.ENSDARP00000113905	360	43
3583181	7955.ENSDARP00000108417	353	57
3589719	7955.ENSDARP00000123619	353	57
3578856	7955.ENSDARP00000098726	353	57
3583393	7955.ENSDARP00000108828	353	57
3580387	7955.ENSDARP00000102749	353	57
3576869	7955.ENSDARP00000090794	353	57
3581301	7955.ENSDARP00000104918	353	57
3585311	7955.ENSDARP00000112301	353	57
3580802	7955.ENSDARP00000103819	353	57
3573054	7955.ENSDARP00000067945	353	57
3581033	7955.ENSDARP00000104399	353	57
3586968	7955.ENSDARP00000116574	353	57
3577533	7955.ENSDARP00000093787	353	57
3581495	7955.ENSDARP00000105290	353	57
3577530	7955.ENSDARP00000093780	353	57
3582554	7955.ENSDARP00000107234	353	57
3584507	7955.ENSDARP00000110869	353	57
3576832	7955.ENSDARP00000090632	353	57
3582368	7955.ENSDARP00000106877	353	57
3573041	7955.ENSDARP00000067891	353	57
3580705	7955.ENSDARP00000103576	353	57
3573042	7955.ENSDARP00000067893	353	57
3573043	7955.ENSDARP00000067895	353	57
3580599	7955.ENSDARP00000103318	353	57
3581151	7955.ENSDARP00000104630	353	57
3580367	7955.ENSDARP00000102682	353	57
3573804	7955.ENSDARP00000072235	348	11
3576099	7955.ENSDARP00000086897	346	5
3582505	7955.ENSDARP00000107144	346	5
3568614	7955.ENSDARP00000029079	346	5
3571418	7955.ENSDARP00000057787	345	135
3566233	7955.ENSDARP00000005260	342	12
3582552	7955.ENSDARP00000107232	340	57
3577537	7955.ENSDARP00000093801	340	135
3586894	7955.ENSDARP00000116372	340	1036
3586384	7955.ENSDARP00000115072	340	1036
3580791	7955.ENSDARP00000103794	339	33
3588846	7955.ENSDARP00000121444	338	4
3566648	7955.ENSDARP00000009258	338	19
3571653	7955.ENSDARP00000059226	338	7
3570245	7955.ENSDARP00000049461	336	6
3574087	7955.ENSDARP00000073439	334	11
3568202	7955.ENSDARP00000024560	329	20
3578058	7955.ENSDARP00000096079	328	12
3577521	7955.ENSDARP00000093747	327	57
3570107	7955.ENSDARP00000047864	325	67
3590849	7955.ENSDARP00000126712	325	149
3568845	7955.ENSDARP00000032575	324	39
3578701	7955.ENSDARP00000098342	324	135
3569494	7955.ENSDARP00000041113	320	4
3577050	7955.ENSDARP00000091666	320	6
3590154	7955.ENSDARP00000125072	319	8
3568512	7955.ENSDARP00000027639	318	9
3590163	7955.ENSDARP00000125089	316	1011
3584444	7955.ENSDARP00000110759	315	57
3569223	7955.ENSDARP00000037758	314	5
3589280	7955.ENSDARP00000122502	313	1009
3572756	7955.ENSDARP00000066372	312	8
3589679	7955.ENSDARP00000123530	311	9
3572995	7955.ENSDARP00000067634	310	7
3586127	7955.ENSDARP00000114387	309	15
3588860	7955.ENSDARP00000121484	308	1008
3587376	7955.ENSDARP00000117673	308	7
3576417	7955.ENSDARP00000088646	307	24
3584425	7955.ENSDARP00000110724	307	4
3573263	7955.ENSDARP00000069043	307	4
3577696	7955.ENSDARP00000094413	306	28
3580306	7955.ENSDARP00000102498	306	28
3588564	7955.ENSDARP00000120702	305	18
3582742	7955.ENSDARP00000107578	305	18
3584811	7955.ENSDARP00000111434	305	18
3585006	7955.ENSDARP00000111784	305	18
3583617	7955.ENSDARP00000109226	305	18
3587272	7955.ENSDARP00000117390	300	13
3585710	7955.ENSDARP00000113274	300	13
3574285	7955.ENSDARP00000074422	299	12
3579119	7955.ENSDARP00000099418	299	3
3590217	7955.ENSDARP00000125193	298	18
3590239	7955.ENSDARP00000125238	298	18
3590242	7955.ENSDARP00000125244	298	18
3590365	7955.ENSDARP00000125496	298	18
3570975	7955.ENSDARP00000055063	297	15
3584033	7955.ENSDARP00000109990	296	6
3576240	7955.ENSDARP00000087871	294	2
3566334	7955.ENSDARP00000006207	292	14
3583702	7955.ENSDARP00000109376	288	9
3586706	7955.ENSDARP00000115888	287	13
3586204	7955.ENSDARP00000114578	285	1
3584411	7955.ENSDARP00000110694	284	17
3571944	7955.ENSDARP00000061075	282	4
3574622	7955.ENSDARP00000076104	278	9
3574186	7955.ENSDARP00000073887	275	4
3580515	7955.ENSDARP00000103087	275	3
3568998	7955.ENSDARP00000034733	272	24
3577318	7955.ENSDARP00000092760	272	7
3576864	7955.ENSDARP00000090756	269	5
3574593	7955.ENSDARP00000075994	268	11
3572121	7955.ENSDARP00000062382	268	31
3572229	7955.ENSDARP00000062982	268	5
3577869	7955.ENSDARP00000095167	267	1
3569423	7955.ENSDARP00000040327	266	57
3579166	7955.ENSDARP00000099532	266	726
3566596	7955.ENSDARP00000008690	265	29
3568747	7955.ENSDARP00000031098	264	4
3588905	7955.ENSDARP00000121591	263	5
3577651	7955.ENSDARP00000094243	262	28
3572085	7955.ENSDARP00000062142	262	28
3566913	7955.ENSDARP00000011707	261	8
3579309	7955.ENSDARP00000099928	261	8
3578057	7955.ENSDARP00000096076	259	10
3588231	7955.ENSDARP00000119857	259	10
3578676	7955.ENSDARP00000098279	258	13
3570275	7955.ENSDARP00000049899	258	4
3579298	7955.ENSDARP00000099884	258	23
3567496	7955.ENSDARP00000017456	257	14
3587562	7955.ENSDARP00000118091	257	24
3568559	7955.ENSDARP00000028148	255	67
3588164	7955.ENSDARP00000119683	252	1
3569976	7955.ENSDARP00000046453	251	65
3580884	7955.ENSDARP00000104033	250	68
3583297	7955.ENSDARP00000108629	248	5
3574289	7955.ENSDARP00000074464	247	9
3585101	7955.ENSDARP00000111947	246	58
3576875	7955.ENSDARP00000090833	244	8
3570340	7955.ENSDARP00000050670	244	14
3577055	7955.ENSDARP00000091691	243	4
3570522	7955.ENSDARP00000052096	243	3
3588016	7955.ENSDARP00000119262	243	2
3578015	7955.ENSDARP00000095806	242	65
3566777	7955.ENSDARP00000010482	240	5
3586836	7955.ENSDARP00000116226	239	6
3586000	7955.ENSDARP00000114052	238	14
3581935	7955.ENSDARP00000106067	237	20
3577796	7955.ENSDARP00000094849	237	67
3572257	7955.ENSDARP00000063095	233	3
3583319	7955.ENSDARP00000108686	229	13
3587043	7955.ENSDARP00000116781	229	13
3588692	7955.ENSDARP00000121065	227	74
3576612	7955.ENSDARP00000089645	226	24
3590147	7955.ENSDARP00000125046	226	8
3568361	7955.ENSDARP00000026092	224	6
3571852	7955.ENSDARP00000060457	221	12
3580939	7955.ENSDARP00000104168	221	11
3572296	7955.ENSDARP00000063391	221	4
3567737	7955.ENSDARP00000019957	218	563
3588559	7955.ENSDARP00000120686	216	3
3588422	7955.ENSDARP00000120334	215	13
3568343	7955.ENSDARP00000025885	214	53
3577888	7955.ENSDARP00000095260	214	8
3578010	7955.ENSDARP00000095774	212	41
3577728	7955.ENSDARP00000094561	212	2
3573822	7955.ENSDARP00000072300	211	4
3572375	7955.ENSDARP00000063876	211	5
3585584	7955.ENSDARP00000112954	211	4
3578192	7955.ENSDARP00000096586	210	18
3575702	7955.ENSDARP00000083835	209	5
3585717	7955.ENSDARP00000113290	209	270
3578016	7955.ENSDARP00000095811	208	59
3568964	7955.ENSDARP00000034171	207	8
3569272	7955.ENSDARP00000038446	205	2
3571103	7955.ENSDARP00000055793	203	2
3567984	7955.ENSDARP00000022550	202	29
3579751	7955.ENSDARP00000101055	201	9
3571305	7955.ENSDARP00000057089	200	4
3567998	7955.ENSDARP00000022641	200	5
3566999	7955.ENSDARP00000012500	199	8
3577863	7955.ENSDARP00000095139	199	2
3566063	7955.ENSDARP00000003571	197	6
3571484	7955.ENSDARP00000058255	196	8
3592047	7955.ENSDARP00000129394	196	10
3566996	7955.ENSDARP00000012454	196	44
3582407	7955.ENSDARP00000106947	192	8
3571298	7955.ENSDARP00000057020	192	9
3571104	7955.ENSDARP00000055809	191	3
3574383	7955.ENSDARP00000074935	189	28
3578263	7955.ENSDARP00000096898	189	28
3567881	7955.ENSDARP00000021569	189	37
3576867	7955.ENSDARP00000090766	188	26
3568728	7955.ENSDARP00000030819	187	49
3579522	7955.ENSDARP00000100461	186	5
3583962	7955.ENSDARP00000109857	184	12
3566395	7955.ENSDARP00000006783	182	3
3568357	7955.ENSDARP00000026070	180	4
3572485	7955.ENSDARP00000064522	178	6
3573352	7955.ENSDARP00000069525	178	30
3571262	7955.ENSDARP00000056789	176	1
3570216	7955.ENSDARP00000049166	175	3
3584731	7955.ENSDARP00000111268	175	2
3580840	7955.ENSDARP00000103912	175	2
3586205	7955.ENSDARP00000114580	174	270
3576925	7955.ENSDARP00000091049	174	2
3569350	7955.ENSDARP00000039324	173	22
3569379	7955.ENSDARP00000039864	172	2
3576694	7955.ENSDARP00000090024	171	3
3581374	7955.ENSDARP00000105057	170	10
3571995	7955.ENSDARP00000061480	169	3
3578435	7955.ENSDARP00000097665	167	19
3581721	7955.ENSDARP00000105678	167	19
3568785	7955.ENSDARP00000031737	167	2
3568517	7955.ENSDARP00000027662	167	4
3572036	7955.ENSDARP00000061743	167	11
3589712	7955.ENSDARP00000123601	166	63
3591257	7955.ENSDARP00000127700	164	6
3573985	7955.ENSDARP00000072971	164	7
3572988	7955.ENSDARP00000067603	163	22
3584819	7955.ENSDARP00000111451	163	11
3591820	7955.ENSDARP00000128898	162	6
3568607	7955.ENSDARP00000028970	161	8
3590048	7955.ENSDARP00000124697	161	4
3583346	7955.ENSDARP00000108727	160	38
3576667	7955.ENSDARP00000089879	160	49
3566675	7955.ENSDARP00000009538	159	3
3578000	7955.ENSDARP00000095720	158	42
3580871	7955.ENSDARP00000104002	158	4
3572310	7955.ENSDARP00000063483	157	36
3582495	7955.ENSDARP00000107127	157	9
3567715	7955.ENSDARP00000019813	157	3
3586568	7955.ENSDARP00000115538	157	2
3568646	7955.ENSDARP00000029607	152	32
3570476	7955.ENSDARP00000051762	150	3
3577425	7955.ENSDARP00000093318	148	7
3574007	7955.ENSDARP00000073057	148	5
3568926	7955.ENSDARP00000033600	148	1
3585438	7955.ENSDARP00000112549	147	2
3572761	7955.ENSDARP00000066383	146	17
3583113	7955.ENSDARP00000108289	146	40
3581192	7955.ENSDARP00000104702	146	11
3566174	7955.ENSDARP00000004708	145	3
3578121	7955.ENSDARP00000096352	145	50
3571612	7955.ENSDARP00000058955	145	28
3573791	7955.ENSDARP00000072127	145	2
3580573	7955.ENSDARP00000103251	144	11
3589990	7955.ENSDARP00000124511	144	3
3576250	7955.ENSDARP00000087881	142	2
3586868	7955.ENSDARP00000116310	142	2
3587649	7955.ENSDARP00000118326	141	50
3584159	7955.ENSDARP00000110237	140	10
3568838	7955.ENSDARP00000032456	139	14
3580956	7955.ENSDARP00000104203	139	3
3584427	7955.ENSDARP00000110728	138	8
3580416	7955.ENSDARP00000102837	138	19
3589969	7955.ENSDARP00000124424	137	6
3572527	7955.ENSDARP00000064800	137	2
3572064	7955.ENSDARP00000061954	137	3
3591553	7955.ENSDARP00000128327	136	3
3578150	7955.ENSDARP00000096443	134	8
3574012	7955.ENSDARP00000073086	133	3
3580592	7955.ENSDARP00000103300	132	2
3588946	7955.ENSDARP00000121692	132	7
3589812	7955.ENSDARP00000123920	132	6
3576988	7955.ENSDARP00000091393	131	13
3574483	7955.ENSDARP00000075490	131	29
3567099	7955.ENSDARP00000013441	130	10
3579028	7955.ENSDARP00000099156	129	2
3565967	7955.ENSDARP00000002844	129	5
3580059	7955.ENSDARP00000101872	128	9
3579692	7955.ENSDARP00000100931	127	5
3584319	7955.ENSDARP00000110519	126	10
3571428	7955.ENSDARP00000057864	126	1
3568853	7955.ENSDARP00000032688	125	11
3578686	7955.ENSDARP00000098301	124	2
3569745	7955.ENSDARP00000043742	123	19
3567233	7955.ENSDARP00000014978	123	10
3575407	7955.ENSDARP00000081533	122	29
3578219	7955.ENSDARP00000096703	120	3
3573788	7955.ENSDARP00000072101	120	1
3577915	7955.ENSDARP00000095348	120	4
3582097	7955.ENSDARP00000106359	119	3
3581983	7955.ENSDARP00000106162	117	6
3585869	7955.ENSDARP00000113693	117	8
3566080	7955.ENSDARP00000003705	116	4
3572951	7955.ENSDARP00000067432	116	4
3574192	7955.ENSDARP00000073910	115	2
3581480	7955.ENSDARP00000105266	115	1
3573297	7955.ENSDARP00000069198	114	3
3566888	7955.ENSDARP00000011510	114	3
3570760	7955.ENSDARP00000053541	113	2
3570305	7955.ENSDARP00000050257	112	5
3576026	7955.ENSDARP00000086433	112	4
3569949	7955.ENSDARP00000046076	111	5
3584788	7955.ENSDARP00000111380	109	3
3585237	7955.ENSDARP00000112163	109	6
3578356	7955.ENSDARP00000097447	109	3
3584450	7955.ENSDARP00000110768	107	30
3569060	7955.ENSDARP00000035541	107	1
3567196	7955.ENSDARP00000014578	107	5
3584959	7955.ENSDARP00000111699	106	7
3588328	7955.ENSDARP00000120093	102	12
3568976	7955.ENSDARP00000034317	102	1
3589541	7955.ENSDARP00000123183	102	3
3573890	7955.ENSDARP00000072581	102	12
3580339	7955.ENSDARP00000102600	102	1
3583080	7955.ENSDARP00000108226	101	12
3570434	7955.ENSDARP00000051532	99.3	2
3584530	7955.ENSDARP00000110906	98.9	2
3567049	7955.ENSDARP00000012950	98.4	2
3567992	7955.ENSDARP00000022595	98.2	2
3570739	7955.ENSDARP00000053425	97.9	1
3569704	7955.ENSDARP00000043297	97.8	1
3574551	7955.ENSDARP00000075802	97.7	6
3573624	7955.ENSDARP00000071046	97.6	8
3567684	7955.ENSDARP00000019407	96.8	2
3585988	7955.ENSDARP00000114025	96.3	2
3576482	7955.ENSDARP00000089001	96.2	2
3579331	7955.ENSDARP00000099983	96.1	2
3570297	7955.ENSDARP00000050204	95.3	2
3574057	7955.ENSDARP00000073325	95.3	2
3585135	7955.ENSDARP00000112006	94.4	2
3565907	7955.ENSDARP00000002223	94.3	3
3573536	7955.ENSDARP00000070509	93.6	2
3582311	7955.ENSDARP00000106769	93.6	1
3568466	7955.ENSDARP00000027115	93.5	3
3577870	7955.ENSDARP00000095170	93.4	1
3565990	7955.ENSDARP00000003038	93.0	10
3582757	7955.ENSDARP00000107611	92.2	9
3576247	7955.ENSDARP00000087878	91.8	2
3569591	7955.ENSDARP00000042055	91.6	5
3585403	7955.ENSDARP00000112476	91.5	9
3569879	7955.ENSDARP00000045298	90.8	2
3569354	7955.ENSDARP00000039450	90.5	4
3577845	7955.ENSDARP00000095074	90.5	5
3589962	7955.ENSDARP00000124401	88.7	1
3569583	7955.ENSDARP00000041941	88.3	1
3568777	7955.ENSDARP00000031650	88.2	6
3567955	7955.ENSDARP00000022320	88.0	2
3573514	7955.ENSDARP00000070408	87.4	6
3584793	7955.ENSDARP00000111399	86.8	6
3575473	7955.ENSDARP00000082031	85.8	9
3570485	7955.ENSDARP00000051803	85.5	1
3568059	7955.ENSDARP00000023228	85.5	6
3587263	7955.ENSDARP00000117370	85.1	5
3579138	7955.ENSDARP00000099464	84.7	1
3585886	7955.ENSDARP00000113739	84.0	3
3577120	7955.ENSDARP00000091921	83.9	26
3568197	7955.ENSDARP00000024492	83.7	3
3574391	7955.ENSDARP00000074998	83.1	1
3570025	7955.ENSDARP00000046982	82.9	2
3568027	7955.ENSDARP00000022906	82.8	1
3568515	7955.ENSDARP00000027654	82.5	1
3572760	7955.ENSDARP00000066382	82.5	9
3577269	7955.ENSDARP00000092510	81.8	9
3582929	7955.ENSDARP00000107930	81.8	9
3568640	7955.ENSDARP00000029491	81.7	26
3579524	7955.ENSDARP00000100463	81.5	21
3571430	7955.ENSDARP00000057866	81.4	2
3566897	7955.ENSDARP00000011595	81.4	2
3566021	7955.ENSDARP00000003281	81.2	2
3569918	7955.ENSDARP00000045696	80.6	1
3569913	7955.ENSDARP00000045668	78.9	26
3576248	7955.ENSDARP00000087879	78.8	3
3569761	7955.ENSDARP00000043898	78.6	5
3587002	7955.ENSDARP00000116665	78.4	1
3572450	7955.ENSDARP00000064310	77.7	1
3587223	7955.ENSDARP00000117259	77.5	5
3574059	7955.ENSDARP00000073345	77.4	30
3578076	7955.ENSDARP00000096178	77.3	1
3584218	7955.ENSDARP00000110339	77.0	4
3582010	7955.ENSDARP00000106208	74.9	8
3578273	7955.ENSDARP00000096950	74.9	8
3570050	7955.ENSDARP00000047205	74.9	8
3570833	7955.ENSDARP00000054055	74.5	1
3585295	7955.ENSDARP00000112265	73.5	9
3576660	7955.ENSDARP00000089816	71.6	2
3582335	7955.ENSDARP00000106807	71.5	1
3592038	7955.ENSDARP00000129366	71.3	6
3570213	7955.ENSDARP00000049134	71.3	6
3573053	7955.ENSDARP00000067943	71.3	6
3591006	7955.ENSDARP00000127047	71.3	6
3572465	7955.ENSDARP00000064399	71.3	6
3578066	7955.ENSDARP00000096118	71.3	4
3572932	7955.ENSDARP00000067349	70.5	1
3571897	7955.ENSDARP00000060765	70.3	6
3567508	7955.ENSDARP00000017569	69.7	2
3589389	7955.ENSDARP00000122796	69.1	6
3584339	7955.ENSDARP00000110558	69.1	6
3579798	7955.ENSDARP00000101178	69.1	6
3584182	7955.ENSDARP00000110274	68.9	3
3569337	7955.ENSDARP00000039188	67.7	1
3570355	7955.ENSDARP00000050864	65.2	2
3566993	7955.ENSDARP00000012437	65.2	3
3579302	7955.ENSDARP00000099909	65.2	1
3566322	7955.ENSDARP00000006085	64.6	2
3567082	7955.ENSDARP00000013286	64.3	30
3579211	7955.ENSDARP00000099639	64.1	9
3567399	7955.ENSDARP00000016540	63.2	6
3568405	7955.ENSDARP00000026566	62.5	1
3582187	7955.ENSDARP00000106530	62.3	1
3566592	7955.ENSDARP00000008663	62.2	2
3584921	7955.ENSDARP00000111631	62.2	6
3571981	7955.ENSDARP00000061365	62.2	6
3569054	7955.ENSDARP00000035453	62.2	6
3578639	7955.ENSDARP00000098182	61.8	6
3587154	7955.ENSDARP00000117068	61.7	3
3567967	7955.ENSDARP00000022440	61.7	4
3589925	7955.ENSDARP00000124278	61.4	3
3585420	7955.ENSDARP00000112506	61.3	3
3568898	7955.ENSDARP00000033328	60.9	5
3577635	7955.ENSDARP00000094172	60.4	5
3580361	7955.ENSDARP00000102672	60.2	6
3565896	7955.ENSDARP00000002122	60.1	3
3568172	7955.ENSDARP00000024272	60.1	22
3566093	7955.ENSDARP00000003814	59.6	2
3567952	7955.ENSDARP00000022310	59.4	1
3589191	7955.ENSDARP00000122305	58.7	2
3588915	7955.ENSDARP00000121623	58.1	2
3584330	7955.ENSDARP00000110546	58.0	3
3576432	7955.ENSDARP00000088722	57.7	2
3579235	7955.ENSDARP00000099712	57.6	4
3573482	7955.ENSDARP00000070231	56.8	4
3588376	7955.ENSDARP00000120213	56.0	8
3587962	7955.ENSDARP00000119118	55.5	5
3581543	7955.ENSDARP00000105368	55.2	6
3584457	7955.ENSDARP00000110780	55.2	6
3574741	7955.ENSDARP00000076580	55.2	6
3591336	7955.ENSDARP00000127877	55.0	6
3565965	7955.ENSDARP00000002825	54.8	6
3585539	7955.ENSDARP00000112851	54.2	5
3585110	7955.ENSDARP00000111963	54.2	5
3575133	7955.ENSDARP00000079424	54.2	5
3587275	7955.ENSDARP00000117394	53.8	12
3575796	7955.ENSDARP00000084514	53.5	3
3583379	7955.ENSDARP00000108798	52.7	3
3577478	7955.ENSDARP00000093555	52.3	7
3578270	7955.ENSDARP00000096934	52.0	2
3574677	7955.ENSDARP00000076340	52.0	2
3582652	7955.ENSDARP00000107419	52.0	3
3584971	7955.ENSDARP00000111723	51.9	7
3578376	7955.ENSDARP00000097494	51.8	1
3575404	7955.ENSDARP00000081505	51.6	2
3566491	7955.ENSDARP00000007735	51.3	2
3570023	7955.ENSDARP00000046972	49.8	4
3566960	7955.ENSDARP00000012197	49.5	2
3566371	7955.ENSDARP00000006510	49.4	4
3572632	7955.ENSDARP00000065447	49.0	1
3568572	7955.ENSDARP00000028465	49.0	1
3570394	7955.ENSDARP00000051185	48.5	1
3587247	7955.ENSDARP00000117320	48.5	22
3572796	7955.ENSDARP00000066619	47.6	11
3581933	7955.ENSDARP00000106065	47.6	1
3568857	7955.ENSDARP00000032730	47.4	3
3589392	7955.ENSDARP00000122802	47.1	5
3570383	7955.ENSDARP00000051081	45.6	1
3575494	7955.ENSDARP00000082159	45.3	4
3590039	7955.ENSDARP00000124672	45.1	1
3576299	7955.ENSDARP00000088115	45.1	1
3575549	7955.ENSDARP00000082673	44.7	1
3578905	7955.ENSDARP00000098846	44.7	3
3570310	7955.ENSDARP00000050331	44.6	3
3568073	7955.ENSDARP00000023354	44.2	2
3566409	7955.ENSDARP00000006888	44.1	5
3569651	7955.ENSDARP00000042754	43.4	6
3573802	7955.ENSDARP00000072211	42.7	2
3574447	7955.ENSDARP00000075289	42.3	1
3567672	7955.ENSDARP00000019235	42.0	6
3569224	7955.ENSDARP00000037759	41.7	1
3574086	7955.ENSDARP00000073437	41.2	2
3587412	7955.ENSDARP00000117773	41.2	2
3576534	7955.ENSDARP00000089201	40.6	1
3569087	7955.ENSDARP00000036006	40.6	3
3566333	7955.ENSDARP00000006201	40.1	1
3570186	7955.ENSDARP00000048827	40.0	20
3567403	7955.ENSDARP00000016602	39.0	1
3582677	7955.ENSDARP00000107468	38.5	1
3566240	7955.ENSDARP00000005281	37.9	1
3567143	7955.ENSDARP00000013967	37.3	6
3577770	7955.ENSDARP00000094762	37.1	1
3588723	7955.ENSDARP00000121147	36.9	4
3583469	7955.ENSDARP00000108963	35.9	2
3569549	7955.ENSDARP00000041626	35.5	1
3570162	7955.ENSDARP00000048549	35.0	1
3569535	7955.ENSDARP00000041514	34.9	2
3577841	7955.ENSDARP00000095064	34.9	1
3567370	7955.ENSDARP00000016228	34.4	2
3566006	7955.ENSDARP00000003163	34.3	1
3582321	7955.ENSDARP00000106788	34.3	1
3588919	7955.ENSDARP00000121632	33.9	3
3583891	7955.ENSDARP00000109720	33.3	3
3585313	7955.ENSDARP00000112306	33.3	1
3582233	7955.ENSDARP00000106613	33.1	2
3583660	7955.ENSDARP00000109303	33.1	4
3575851	7955.ENSDARP00000084961	32.9	3
3569453	7955.ENSDARP00000040644	32.9	3
3565955	7955.ENSDARP00000002761	32.9	3
3584423	7955.ENSDARP00000110721	32.9	1
3577714	7955.ENSDARP00000094505	32.5	1
3573969	7955.ENSDARP00000072903	32.2	3
3569672	7955.ENSDARP00000043001	31.5	1
3573765	7955.ENSDARP00000071963	31.3	1
3573809	7955.ENSDARP00000072253	30.9	3
3571614	7955.ENSDARP00000058958	30.7	2
3572964	7955.ENSDARP00000067511	30.5	1
3585762	7955.ENSDARP00000113408	30.5	3
3568897	7955.ENSDARP00000033318	30.3	1
3570241	7955.ENSDARP00000049424	30.3	1
3582351	7955.ENSDARP00000106833	29.7	2
3574863	7955.ENSDARP00000077331	29.5	5
3577247	7955.ENSDARP00000092429	29.3	1
3583052	7955.ENSDARP00000108181	29.0	1
3570399	7955.ENSDARP00000051230	28.8	3
3580527	7955.ENSDARP00000103118	28.7	2
3573552	7955.ENSDARP00000070561	28.3	2
3571421	7955.ENSDARP00000057822	28.2	1
3586846	7955.ENSDARP00000116242	28.1	4
3566715	7955.ENSDARP00000009909	28.0	2
3574738	7955.ENSDARP00000076561	27.8	1
3568296	7955.ENSDARP00000025501	27.4	2
3574354	7955.ENSDARP00000074827	27.2	1
3568243	7955.ENSDARP00000024981	27.2	4
3567800	7955.ENSDARP00000020578	27.0	2
3567932	7955.ENSDARP00000022120	27.0	2
3583911	7955.ENSDARP00000109759	26.5	1
3576276	7955.ENSDARP00000088020	26.5	3
3586230	7955.ENSDARP00000114649	26.2	4
3586312	7955.ENSDARP00000114871	26.2	4
3587007	7955.ENSDARP00000116678	26.1	13
3590759	7955.ENSDARP00000126495	26.1	1
3580769	7955.ENSDARP00000103731	25.8	3
3568166	7955.ENSDARP00000024210	25.2	14
3566529	7955.ENSDARP00000008048	25.2	2
3580613	7955.ENSDARP00000103347	25.0	3
3570912	7955.ENSDARP00000054618	24.6	1
3585533	7955.ENSDARP00000112841	24.4	2
3567533	7955.ENSDARP00000017776	24.1	17
3569437	7955.ENSDARP00000040421	23.9	1
3568264	7955.ENSDARP00000025160	23.8	1
3587864	7955.ENSDARP00000118861	23.8	1
3567031	7955.ENSDARP00000012776	23.7	1
3568940	7955.ENSDARP00000033785	23.4	5
3583191	7955.ENSDARP00000108433	23.4	1
3587823	7955.ENSDARP00000118756	23.2	1
3566020	7955.ENSDARP00000003276	23.2	2
3581160	7955.ENSDARP00000104653	23.0	2
3568356	7955.ENSDARP00000026065	22.9	4
3567949	7955.ENSDARP00000022302	22.8	4
3582365	7955.ENSDARP00000106871	22.7	1
3589702	7955.ENSDARP00000123565	22.7	1
3582358	7955.ENSDARP00000106853	22.4	2
3572407	7955.ENSDARP00000064079	22.2	1
3589800	7955.ENSDARP00000123883	22.1	2
3567639	7955.ENSDARP00000018923	21.9	2
3574792	7955.ENSDARP00000076844	21.9	1
3567563	7955.ENSDARP00000018027	21.8	1
3578103	7955.ENSDARP00000096295	21.7	1
3567997	7955.ENSDARP00000022638	21.7	3
3580325	7955.ENSDARP00000102559	21.5	1
3567524	7955.ENSDARP00000017693	20.9	2
3587152	7955.ENSDARP00000117066	20.9	2
3574427	7955.ENSDARP00000075204	20.9	1
3587848	7955.ENSDARP00000118825	20.6	1
3566085	7955.ENSDARP00000003744	20.6	1
3582906	7955.ENSDARP00000107877	20.5	1
3591993	7955.ENSDARP00000129277	20.5	1
3568682	7955.ENSDARP00000030050	20.5	8
3566765	7955.ENSDARP00000010413	20.5	8
3583597	7955.ENSDARP00000109199	20.5	8
3568212	7955.ENSDARP00000024643	20.4	1
3580813	7955.ENSDARP00000103854	20.3	8
3569305	7955.ENSDARP00000038835	19.9	1
3586984	7955.ENSDARP00000116609	19.8	1
3567845	7955.ENSDARP00000021124	19.6	3
3567351	7955.ENSDARP00000016098	19.6	3
3571092	7955.ENSDARP00000055741	19.4	3
3567046	7955.ENSDARP00000012931	19.2	1
3590522	7955.ENSDARP00000125872	19.1	5
3582635	7955.ENSDARP00000107383	18.9	1
3569586	7955.ENSDARP00000041991	18.9	2
3565880	7955.ENSDARP00000001575	18.6	1
3590431	7955.ENSDARP00000125625	18.5	1
3569652	7955.ENSDARP00000042765	18.1	1
3571253	7955.ENSDARP00000056744	18.0	1
3567404	7955.ENSDARP00000016622	17.9	3
3590352	7955.ENSDARP00000125469	17.9	3
3587279	7955.ENSDARP00000117401	17.7	2
3575875	7955.ENSDARP00000085166	17.6	1
3568557	7955.ENSDARP00000028134	17.6	1
3566345	7955.ENSDARP00000006320	17.6	1
3566530	7955.ENSDARP00000008063	17.5	1
3571809	7955.ENSDARP00000060202	17.4	1
3577704	7955.ENSDARP00000094428	17.4	1
3566009	7955.ENSDARP00000003177	17.2	2
3569848	7955.ENSDARP00000045014	16.9	1
3573393	7955.ENSDARP00000069744	16.8	1
3568154	7955.ENSDARP00000024104	16.5	1
3590791	7955.ENSDARP00000126589	16.2	3
3589644	7955.ENSDARP00000123447	16.2	1
3591853	7955.ENSDARP00000128976	16.2	2
3581269	7955.ENSDARP00000104864	16.1	1
3577701	7955.ENSDARP00000094422	16.0	2
3572357	7955.ENSDARP00000063773	16.0	3
3569578	7955.ENSDARP00000041896	15.9	1
3575940	7955.ENSDARP00000085685	15.6	1
3572428	7955.ENSDARP00000064171	15.5	2
3577741	7955.ENSDARP00000094626	15.3	11
3588881	7955.ENSDARP00000121524	15.3	1
3574900	7955.ENSDARP00000077647	14.8	2
3571853	7955.ENSDARP00000060468	14.6	1
3577081	7955.ENSDARP00000091804	14.1	1
3587437	7955.ENSDARP00000117827	13.7	1
3572884	7955.ENSDARP00000067065	13.7	1
3573074	7955.ENSDARP00000068070	13.6	1
3568076	7955.ENSDARP00000023429	13.5	2
3567030	7955.ENSDARP00000012767	13.5	2
3566280	7955.ENSDARP00000005680	13.5	2
3567118	7955.ENSDARP00000013627	12.9	1
3566151	7955.ENSDARP00000004394	12.9	5
3586111	7955.ENSDARP00000114345	12.7	1
3566376	7955.ENSDARP00000006553	12.6	1
3567059	7955.ENSDARP00000013042	12.6	10
3572314	7955.ENSDARP00000063524	12.6	1
3570595	7955.ENSDARP00000052510	12.5	1
3582077	7955.ENSDARP00000106325	12.4	1
3583210	7955.ENSDARP00000108469	12.3	1
3572007	7955.ENSDARP00000061576	12.0	1
3580359	7955.ENSDARP00000102663	11.9	1
3579979	7955.ENSDARP00000101667	11.7	2
3578819	7955.ENSDARP00000098631	11.7	2
3580643	7955.ENSDARP00000103408	11.5	1
3573355	7955.ENSDARP00000069541	11.4	1
3567595	7955.ENSDARP00000018458	11.4	1
3576153	7955.ENSDARP00000087338	11.2	1
3565920	7955.ENSDARP00000002360	11.1	1
3583735	7955.ENSDARP00000109442	11.0	1
3570175	7955.ENSDARP00000048721	11.0	4
3570575	7955.ENSDARP00000052417	10.9	1
3571097	7955.ENSDARP00000055756	10.8	3
3569611	7955.ENSDARP00000042254	10.4	1
3570218	7955.ENSDARP00000049176	10.4	1
3577542	7955.ENSDARP00000093817	10.3	1
3575486	7955.ENSDARP00000082104	10.2	1
3577026	7955.ENSDARP00000091555	10.1	1
3583321	7955.ENSDARP00000108688	9.9	1
3590501	7955.ENSDARP00000125818	9.66	1
3569626	7955.ENSDARP00000042420	9.66	1
3572086	7955.ENSDARP00000062145	9.66	1
3574644	7955.ENSDARP00000076212	9.61	1
3591217	7955.ENSDARP00000127611	9.31	3
3580536	7955.ENSDARP00000103150	9.05	2
3591938	7955.ENSDARP00000129173	9.04	5
3573268	7955.ENSDARP00000069063	8.98	1
3589919	7955.ENSDARP00000124263	8.92	4
3573792	7955.ENSDARP00000072130	8.85	2
3568867	7955.ENSDARP00000032856	8.42	4
3568449	7955.ENSDARP00000026992	8.21	1
3586147	7955.ENSDARP00000114437	8.06	30
3581173	7955.ENSDARP00000104674	7.94	8
3566634	7955.ENSDARP00000009148	7.9	6
3591858	7955.ENSDARP00000128988	7.81	1
3570206	7955.ENSDARP00000049002	7.7	1
3573051	7955.ENSDARP00000067933	7.69	2
3590443	7955.ENSDARP00000125663	7.41	1
3569495	7955.ENSDARP00000041141	7.3	30
3580539	7955.ENSDARP00000103155	7.18	1
3583814	7955.ENSDARP00000109579	7.16	1
3590544	7955.ENSDARP00000125918	7.14	30
3588598	7955.ENSDARP00000120798	7.13	6
3589948	7955.ENSDARP00000124366	7.0	30
3576956	7955.ENSDARP00000091193	6.74	3
3572970	7955.ENSDARP00000067534	6.66	1
3566601	7955.ENSDARP00000008736	6.59	9
3573328	7955.ENSDARP00000069336	6.58	1
3586066	7955.ENSDARP00000114245	6.57	2
3576544	7955.ENSDARP00000089263	6.53	1
3588587	7955.ENSDARP00000120763	6.37	1
3572619	7955.ENSDARP00000065374	6.34	3
3586572	7955.ENSDARP00000115544	5.86	3
3573770	7955.ENSDARP00000072017	5.76	1
3566600	7955.ENSDARP00000008722	5.75	1
3592143	7955.ENSDARP00000129614	5.64	1
3577420	7955.ENSDARP00000093301	5.4	1
3587085	7955.ENSDARP00000116905	5.33	1
3571352	7955.ENSDARP00000057420	5.25	3
3581552	7955.ENSDARP00000105382	5.2	1
3583875	7955.ENSDARP00000109696	5.17	3
3572956	7955.ENSDARP00000067454	5.16	1
3580893	7955.ENSDARP00000104054	5.15	1
3572714	7955.ENSDARP00000065997	5.13	1
3581684	7955.ENSDARP00000105615	5.1	2
3583643	7955.ENSDARP00000109275	5.1	2
3574689	7955.ENSDARP00000076384	4.82	3
3578211	7955.ENSDARP00000096673	4.78	3
3586741	7955.ENSDARP00000115968	4.73	1
3587875	7955.ENSDARP00000118893	4.68	1
3590089	7955.ENSDARP00000124846	4.55	2
3590550	7955.ENSDARP00000125930	4.48	1
3572605	7955.ENSDARP00000065295	4.44	1
3572126	7955.ENSDARP00000062405	4.43	3
3581547	7955.ENSDARP00000105375	4.38	1
3570237	7955.ENSDARP00000049374	4.28	1
3567428	7955.ENSDARP00000016818	4.19	3
3591361	7955.ENSDARP00000127935	4.13	1
3567183	7955.ENSDARP00000014422	4.1	3
3566992	7955.ENSDARP00000012436	4.08	3
3575116	7955.ENSDARP00000079254	3.87	1
3581207	7955.ENSDARP00000104730	3.76	1
3578276	7955.ENSDARP00000096964	3.74	1
3570066	7955.ENSDARP00000047408	3.73	25
3575779	7955.ENSDARP00000084389	3.73	3
3588917	7955.ENSDARP00000121628	3.68	2
3584554	7955.ENSDARP00000110951	3.65	1
3588418	7955.ENSDARP00000120324	3.65	1
3576457	7955.ENSDARP00000088868	3.63	2
3584105	7955.ENSDARP00000110129	3.62	1
3566804	7955.ENSDARP00000010840	3.52	1
3586916	7955.ENSDARP00000116425	3.51	3
3590143	7955.ENSDARP00000125036	3.41	25
3582562	7955.ENSDARP00000107244	3.38	1
3586199	7955.ENSDARP00000114570	3.16	1
3571941	7955.ENSDARP00000061057	3.12	5
3581373	7955.ENSDARP00000105055	3.11	2
3575580	7955.ENSDARP00000082917	3.11	2
3569975	7955.ENSDARP00000046442	2.88	5
3590833	7955.ENSDARP00000126680	2.84	1
3574035	7955.ENSDARP00000073195	2.75	5
3571945	7955.ENSDARP00000061097	2.67	5
3587792	7955.ENSDARP00000118683	2.65	2
3568744	7955.ENSDARP00000031042	2.64	2
3569947	7955.ENSDARP00000046065	2.53	1
3588323	7955.ENSDARP00000120086	2.46	2
3578020	7955.ENSDARP00000095870	2.29	1
3587428	7955.ENSDARP00000117812	2.28	2
3574978	7955.ENSDARP00000078114	2.26	1
3579076	7955.ENSDARP00000099291	2.25	1
3569538	7955.ENSDARP00000041532	2.23	2
3568818	7955.ENSDARP00000032193	2.03	3
3574362	7955.ENSDARP00000074848	1.92	1
3566894	7955.ENSDARP00000011549	1.86	1
3579328	7955.ENSDARP00000099976	1.83	1
3573855	7955.ENSDARP00000072424	1.82	1
3569777	7955.ENSDARP00000044084	1.77	1
3580928	7955.ENSDARP00000104140	1.77	1
3574927	7955.ENSDARP00000077786	1.7	1
3592002	7955.ENSDARP00000129291	1.64	3
3588838	7955.ENSDARP00000121430	1.6	1
3569540	7955.ENSDARP00000041563	1.41	1
3576135	7955.ENSDARP00000087158	1.38	1
3577997	7955.ENSDARP00000095691	1.3	1
3591769	7955.ENSDARP00000128789	1.29	1
3591349	7955.ENSDARP00000127908	1.26	1
3583288	7955.ENSDARP00000108614	1.19	2
3588068	7955.ENSDARP00000119407	1.17	1
3587195	7955.ENSDARP00000117185	1.13	1
3566944	7955.ENSDARP00000012040	1.13	1
3590770	7955.ENSDARP00000126524	1.07	1
3586852	7955.ENSDARP00000116252	1.05	1
3588439	7955.ENSDARP00000120377	1.02	1
3587839	7955.ENSDARP00000118805	0.98	1
3589195	7955.ENSDARP00000122314	0.809	1
3578462	7955.ENSDARP00000097745	0.762	1
3584713	7955.ENSDARP00000111239	0.682	1
3575285	7955.ENSDARP00000080499	0.629	1
3571319	7955.ENSDARP00000057215	0.613	1
3579175	7955.ENSDARP00000099552	0.567	3
3575151	7955.ENSDARP00000079577	0.388	1
