#id: 2395469175
#name: D.rerio - Spleen, SC (Kelkar,mcp,2014)
#score: 10.4
#weight: 100%
#description: abundance based on Spectral counting, Interaction consistency score: 10.4, Coverage: 9
#organ: SPLEEN
#integrated: false
#coverage: 9
#link: http://www.ncbi.nlm.nih.gov/pubmed/25060758
#publication_year: 2014
#filename: 7955-ZF_Spleen_Kelkar_2014_SEQUEST.txt
#
#internal_id	string_external_id	abundance	raw_spectral_count
3579636	7955.ENSDARP00000100779	29680	1060
3583776	7955.ENSDARP00000109518	26272	1757
3577262	7955.ENSDARP00000092488	26272	1757
3579931	7955.ENSDARP00000101541	24137	984
3570678	7955.ENSDARP00000053076	20957	397
3577261	7955.ENSDARP00000092484	11096	279
3567271	7955.ENSDARP00000015328	9017	272
3585260	7955.ENSDARP00000112199	7980	236
3566348	7955.ENSDARP00000006339	7787	409
3569437	7955.ENSDARP00000040421	7631	260
3567991	7955.ENSDARP00000022592	7364	194
3570965	7955.ENSDARP00000054986	7362	965
3589178	7955.ENSDARP00000122263	7362	965
3572361	7955.ENSDARP00000063799	6971	198
3580592	7955.ENSDARP00000103300	6506	157
3573791	7955.ENSDARP00000072127	6420	120
3569689	7955.ENSDARP00000043172	6331	72
3574520	7955.ENSDARP00000075658	6144	628
3576735	7955.ENSDARP00000090198	5426	128
3567872	7955.ENSDARP00000021453	5398	340
3573479	7955.ENSDARP00000070225	5219	157
3569433	7955.ENSDARP00000040396	5207	116
3573788	7955.ENSDARP00000072101	5130	84
3573057	7955.ENSDARP00000067953	4304	111
3590857	7955.ENSDARP00000126732	4229	49
3568540	7955.ENSDARP00000027947	4064	257
3584450	7955.ENSDARP00000110768	4058	308
3571826	7955.ENSDARP00000060309	4024	272
3570045	7955.ENSDARP00000047158	3955	63
3569934	7955.ENSDARP00000045900	3709	56
3568964	7955.ENSDARP00000034171	3612	141
3589969	7955.ENSDARP00000124424	3469	155
3568212	7955.ENSDARP00000024643	3390	184
3571967	7955.ENSDARP00000061273	3371	31
3569452	7955.ENSDARP00000040597	3240	159
3567217	7955.ENSDARP00000014849	3203	86
3589812	7955.ENSDARP00000123920	3126	154
3583702	7955.ENSDARP00000109376	3039	114
3568045	7955.ENSDARP00000023121	3015	96
3576353	7955.ENSDARP00000088354	2998	149
3583765	7955.ENSDARP00000109497	2992	42
3588732	7955.ENSDARP00000121164	2925	66
3571995	7955.ENSDARP00000061480	2905	62
3586938	7955.ENSDARP00000116496	2893	151
3566285	7955.ENSDARP00000005719	2885	49
3570790	7955.ENSDARP00000053775	2796	35
3569495	7955.ENSDARP00000041141	2718	799
3571508	7955.ENSDARP00000058383	2707	91
3567093	7955.ENSDARP00000013402	2697	191
3576784	7955.ENSDARP00000090434	2685	160
3568320	7955.ENSDARP00000025702	2671	294
3566628	7955.ENSDARP00000009096	2635	52
3567508	7955.ENSDARP00000017569	2584	128
3570303	7955.ENSDARP00000050237	2568	1491
3566857	7955.ENSDARP00000011243	2517	111
3571894	7955.ENSDARP00000060744	2479	149
3566729	7955.ENSDARP00000010055	2471	52
3584160	7955.ENSDARP00000110238	2456	186
3573022	7955.ENSDARP00000067802	2453	97
3591926	7955.ENSDARP00000129150	2389	24
3589541	7955.ENSDARP00000123183	2383	61
3591526	7955.ENSDARP00000128271	2376	34
3567496	7955.ENSDARP00000017456	2373	207
3566996	7955.ENSDARP00000012454	2292	152
3579413	7955.ENSDARP00000100195	2249	601
3568243	7955.ENSDARP00000024981	2242	100
3567647	7955.ENSDARP00000018980	2203	54
3568052	7955.ENSDARP00000023177	2199	46
3574087	7955.ENSDARP00000073439	2182	90
3571147	7955.ENSDARP00000056094	2175	37
3589579	7955.ENSDARP00000123292	2153	60
3573843	7955.ENSDARP00000072376	2150	40
3591762	7955.ENSDARP00000128775	2147	150
3573318	7955.ENSDARP00000069300	2139	46
3583335	7955.ENSDARP00000108711	2134	346
3577111	7955.ENSDARP00000091899	2112	41
3580791	7955.ENSDARP00000103794	2101	250
3572360	7955.ENSDARP00000063788	2098	44
3581392	7955.ENSDARP00000105094	2069	411
3583471	7955.ENSDARP00000108965	2047	35
3592023	7955.ENSDARP00000129330	2044	151
3590883	7955.ENSDARP00000126796	2044	151
3579085	7955.ENSDARP00000099321	2044	151
3575763	7955.ENSDARP00000084277	2044	151
3579803	7955.ENSDARP00000101193	2044	151
3582828	7955.ENSDARP00000107737	2044	151
3585047	7955.ENSDARP00000111851	2044	151
3591753	7955.ENSDARP00000128757	2044	151
3581455	7955.ENSDARP00000105220	2044	151
3577534	7955.ENSDARP00000093790	2044	151
3585524	7955.ENSDARP00000112824	2044	151
3577531	7955.ENSDARP00000093781	2044	151
3585724	7955.ENSDARP00000113307	2044	151
3573044	7955.ENSDARP00000067896	2044	151
3591366	7955.ENSDARP00000127943	2044	151
3567605	7955.ENSDARP00000018594	2044	10
3570861	7955.ENSDARP00000054229	2040	113
3572550	7955.ENSDARP00000064973	2029	79
3578167	7955.ENSDARP00000096504	2006	133
3587461	7955.ENSDARP00000117879	1955	149
3570056	7955.ENSDARP00000047268	1955	149
3588427	7955.ENSDARP00000120344	1955	149
3576638	7955.ENSDARP00000089753	1955	149
3572340	7955.ENSDARP00000063661	1955	83
3571464	7955.ENSDARP00000058066	1950	33
3565967	7955.ENSDARP00000002844	1945	107
3572458	7955.ENSDARP00000064375	1921	32
3573962	7955.ENSDARP00000072874	1920	64
3578435	7955.ENSDARP00000097665	1920	258
3581721	7955.ENSDARP00000105678	1920	258
3576174	7955.ENSDARP00000087462	1917	146
3567480	7955.ENSDARP00000017326	1880	313
3566844	7955.ENSDARP00000011148	1871	34
3586362	7955.ENSDARP00000115012	1830	1202
3567356	7955.ENSDARP00000016115	1830	66
3569287	7955.ENSDARP00000038658	1797	28
3570629	7955.ENSDARP00000052729	1796	29
3566070	7955.ENSDARP00000003641	1773	34
3572143	7955.ENSDARP00000062517	1758	53
3570476	7955.ENSDARP00000051762	1754	49
3572065	7955.ENSDARP00000061957	1736	29
3568311	7955.ENSDARP00000025613	1718	63
3586982	7955.ENSDARP00000116604	1712	106
3567804	7955.ENSDARP00000020656	1710	48
3577559	7955.ENSDARP00000093898	1686	84
3567087	7955.ENSDARP00000013329	1684	88
3588016	7955.ENSDARP00000119262	1668	22
3585976	7955.ENSDARP00000113988	1666	1216
3568675	7955.ENSDARP00000029933	1663	463
3573917	7955.ENSDARP00000072687	1661	1203
3573569	7955.ENSDARP00000070677	1637	19
3587511	7955.ENSDARP00000117985	1628	76
3584770	7955.ENSDARP00000111337	1623	80
3589392	7955.ENSDARP00000122802	1618	186
3588581	7955.ENSDARP00000120742	1608	82
3568971	7955.ENSDARP00000034252	1602	50
3579761	7955.ENSDARP00000101082	1597	36
3583001	7955.ENSDARP00000108089	1559	46
3580339	7955.ENSDARP00000102600	1547	24
3571958	7955.ENSDARP00000061164	1547	545
3570063	7955.ENSDARP00000047390	1536	34
3573914	7955.ENSDARP00000072678	1526	1027
3571936	7955.ENSDARP00000061000	1511	62
3566334	7955.ENSDARP00000006207	1504	74
3577086	7955.ENSDARP00000091816	1501	138
3580571	7955.ENSDARP00000103236	1496	5
3570716	7955.ENSDARP00000053303	1488	448
3578046	7955.ENSDARP00000095998	1480	20
3570598	7955.ENSDARP00000052528	1454	21
3567474	7955.ENSDARP00000017246	1435	109
3579080	7955.ENSDARP00000099306	1420	81
3589582	7955.ENSDARP00000123299	1417	289
3572107	7955.ENSDARP00000062323	1414	160
3571431	7955.ENSDARP00000057868	1412	43
3592042	7955.ENSDARP00000129378	1412	525
3582717	7955.ENSDARP00000107547	1412	525
3582961	7955.ENSDARP00000107998	1412	525
3580053	7955.ENSDARP00000101862	1412	525
3582507	7955.ENSDARP00000107148	1412	525
3582747	7955.ENSDARP00000107585	1412	525
3582030	7955.ENSDARP00000106245	1412	525
3579903	7955.ENSDARP00000101467	1412	525
3583687	7955.ENSDARP00000109355	1412	525
3591884	7955.ENSDARP00000129044	1412	525
3585008	7955.ENSDARP00000111786	1412	525
3581376	7955.ENSDARP00000105059	1412	525
3583513	7955.ENSDARP00000109044	1412	525
3583528	7955.ENSDARP00000109071	1412	525
3574937	7955.ENSDARP00000077832	1412	525
3584547	7955.ENSDARP00000110935	1412	525
3582143	7955.ENSDARP00000106443	1412	525
3575508	7955.ENSDARP00000082327	1412	525
3581427	7955.ENSDARP00000105168	1412	525
3582167	7955.ENSDARP00000106496	1412	525
3585088	7955.ENSDARP00000111930	1412	525
3581027	7955.ENSDARP00000104379	1412	525
3584867	7955.ENSDARP00000111526	1412	525
3582447	7955.ENSDARP00000107028	1412	525
3583658	7955.ENSDARP00000109299	1412	525
3579848	7955.ENSDARP00000101311	1412	525
3583635	7955.ENSDARP00000109257	1412	525
3582243	7955.ENSDARP00000106634	1412	525
3582939	7955.ENSDARP00000107946	1412	525
3585153	7955.ENSDARP00000112034	1412	525
3584679	7955.ENSDARP00000111175	1412	525
3566185	7955.ENSDARP00000004830	1407	48
3583232	7955.ENSDARP00000108502	1389	513
3584411	7955.ENSDARP00000110694	1385	122
3568998	7955.ENSDARP00000034733	1371	68
3567727	7955.ENSDARP00000019888	1368	434
3571441	7955.ENSDARP00000057943	1365	16
3587360	7955.ENSDARP00000117628	1365	60
3580325	7955.ENSDARP00000102559	1358	32
3583130	7955.ENSDARP00000108316	1358	95
3571955	7955.ENSDARP00000061148	1343	418
3567436	7955.ENSDARP00000016879	1324	55
3566380	7955.ENSDARP00000006624	1321	16
3567233	7955.ENSDARP00000014978	1308	146
3588413	7955.ENSDARP00000120304	1308	22
3568640	7955.ENSDARP00000029491	1305	114
3571504	7955.ENSDARP00000058363	1300	19
3569507	7955.ENSDARP00000041278	1295	419
3583181	7955.ENSDARP00000108417	1295	181
3589719	7955.ENSDARP00000123619	1295	181
3583393	7955.ENSDARP00000108828	1295	181
3580387	7955.ENSDARP00000102749	1295	181
3581301	7955.ENSDARP00000104918	1295	181
3586968	7955.ENSDARP00000116574	1295	181
3582554	7955.ENSDARP00000107234	1295	181
3584507	7955.ENSDARP00000110869	1295	181
3582368	7955.ENSDARP00000106877	1295	181
3580599	7955.ENSDARP00000103318	1295	181
3581151	7955.ENSDARP00000104630	1295	181
3578856	7955.ENSDARP00000098726	1295	181
3576869	7955.ENSDARP00000090794	1295	181
3585311	7955.ENSDARP00000112301	1295	181
3580802	7955.ENSDARP00000103819	1295	181
3573054	7955.ENSDARP00000067945	1295	181
3581033	7955.ENSDARP00000104399	1295	181
3577533	7955.ENSDARP00000093787	1295	181
3581495	7955.ENSDARP00000105290	1295	181
3577530	7955.ENSDARP00000093780	1295	181
3576832	7955.ENSDARP00000090632	1295	181
3573041	7955.ENSDARP00000067891	1295	181
3580705	7955.ENSDARP00000103576	1295	181
3573042	7955.ENSDARP00000067893	1295	181
3573043	7955.ENSDARP00000067895	1295	181
3580367	7955.ENSDARP00000102682	1295	181
3586147	7955.ENSDARP00000114437	1287	414
3567985	7955.ENSDARP00000022552	1275	22
3570703	7955.ENSDARP00000053207	1255	17
3568163	7955.ENSDARP00000024189	1252	17
3566040	7955.ENSDARP00000003389	1252	39
3568957	7955.ENSDARP00000034077	1235	178
3576867	7955.ENSDARP00000090766	1227	229
3567099	7955.ENSDARP00000013441	1226	107
3582552	7955.ENSDARP00000107232	1223	181
3577465	7955.ENSDARP00000093490	1220	384
3569652	7955.ENSDARP00000042765	1203	104
3592047	7955.ENSDARP00000129394	1196	70
3570877	7955.ENSDARP00000054339	1185	22
3577545	7955.ENSDARP00000093822	1185	47
3573435	7955.ENSDARP00000070001	1183	77
3572118	7955.ENSDARP00000062369	1178	534
3574408	7955.ENSDARP00000075110	1178	534
3570642	7955.ENSDARP00000052837	1178	534
3579514	7955.ENSDARP00000100434	1178	534
3587939	7955.ENSDARP00000119055	1173	389
3577036	7955.ENSDARP00000091586	1163	14
3571020	7955.ENSDARP00000055323	1162	26
3577521	7955.ENSDARP00000093747	1160	181
3572771	7955.ENSDARP00000066429	1160	492
3586416	7955.ENSDARP00000115147	1158	22
3579766	7955.ENSDARP00000101100	1151	84
3571186	7955.ENSDARP00000056318	1147	12
3581935	7955.ENSDARP00000106067	1144	75
3578639	7955.ENSDARP00000098182	1139	78
3588745	7955.ENSDARP00000121190	1137	8
3576526	7955.ENSDARP00000089179	1133	20
3580958	7955.ENSDARP00000104211	1129	48
3568467	7955.ENSDARP00000027118	1124	83
3570984	7955.ENSDARP00000055135	1124	528
3571556	7955.ENSDARP00000058628	1124	528
3569334	7955.ENSDARP00000039143	1122	19
3578970	7955.ENSDARP00000099011	1118	17
3580361	7955.ENSDARP00000102672	1115	78
3574551	7955.ENSDARP00000075802	1110	60
3565901	7955.ENSDARP00000002175	1104	317
3568227	7955.ENSDARP00000024752	1103	137
3570266	7955.ENSDARP00000049792	1097	69
3573768	7955.ENSDARP00000072006	1096	343
3571612	7955.ENSDARP00000058955	1094	65
3566655	7955.ENSDARP00000009320	1087	368
3575473	7955.ENSDARP00000082031	1084	149
3578405	7955.ENSDARP00000097572	1078	34
3569521	7955.ENSDARP00000041384	1078	34
3567361	7955.ENSDARP00000016158	1074	11
3570411	7955.ENSDARP00000051312	1060	42
3581065	7955.ENSDARP00000104468	1058	207
3587830	7955.ENSDARP00000118774	1058	207
3566648	7955.ENSDARP00000009258	1053	63
3571609	7955.ENSDARP00000058944	1051	31
3569494	7955.ENSDARP00000041113	1042	17
3574007	7955.ENSDARP00000073057	1037	54
3583462	7955.ENSDARP00000108949	1036	22
3591308	7955.ENSDARP00000127819	1029	151
3577318	7955.ENSDARP00000092760	1027	36
3569321	7955.ENSDARP00000038993	1010	42
3568597	7955.ENSDARP00000028837	1010	32
3573987	7955.ENSDARP00000072983	1009	52
3584444	7955.ENSDARP00000110759	998	181
3581525	7955.ENSDARP00000105344	996	50
3570046	7955.ENSDARP00000047174	996	12
3567794	7955.ENSDARP00000020536	988	54
3586669	7955.ENSDARP00000115796	980	9
3571839	7955.ENSDARP00000060362	975	38
3572171	7955.ENSDARP00000062670	965	265
3587376	7955.ENSDARP00000117673	960	37
3588328	7955.ENSDARP00000120093	958	52
3573051	7955.ENSDARP00000067933	950	303
3573765	7955.ENSDARP00000071963	949	43
3568466	7955.ENSDARP00000027115	948	38
3589932	7955.ENSDARP00000124304	929	8
3572841	7955.ENSDARP00000066897	927	21
3572732	7955.ENSDARP00000066176	925	278
3573350	7955.ENSDARP00000069513	924	21
3566473	7955.ENSDARP00000007584	909	25
3574808	7955.ENSDARP00000076902	904	34
3567392	7955.ENSDARP00000016453	893	219
3589712	7955.ENSDARP00000123601	892	449
3583469	7955.ENSDARP00000108963	890	93
3567128	7955.ENSDARP00000013777	889	24
3570780	7955.ENSDARP00000053699	880	13
3583922	7955.ENSDARP00000109780	879	64
3567332	7955.ENSDARP00000015917	867	61
3569411	7955.ENSDARP00000040203	865	257
3574910	7955.ENSDARP00000077706	865	22
3581498	7955.ENSDARP00000105296	851	34
3568517	7955.ENSDARP00000027662	849	34
3582492	7955.ENSDARP00000107122	837	365
3572834	7955.ENSDARP00000066858	837	365
3570216	7955.ENSDARP00000049166	835	22
3566362	7955.ENSDARP00000006445	833	21
3572374	7955.ENSDARP00000063869	830	15
3567278	7955.ENSDARP00000015397	826	13
3574622	7955.ENSDARP00000076104	824	35
3572093	7955.ENSDARP00000062219	815	29
3570213	7955.ENSDARP00000049134	809	60
3592134	7955.ENSDARP00000129595	796	25
3571777	7955.ENSDARP00000060055	796	39
3571029	7955.ENSDARP00000055379	792	342
3590038	7955.ENSDARP00000124670	786	34
3573804	7955.ENSDARP00000072235	784	39
3566154	7955.ENSDARP00000004441	783	21
3566125	7955.ENSDARP00000004139	783	62
3590079	7955.ENSDARP00000124804	781	10
3573313	7955.ENSDARP00000069273	781	19
3566703	7955.ENSDARP00000009817	781	43
3571579	7955.ENSDARP00000058736	780	15
3578430	7955.ENSDARP00000097644	778	24
3583585	7955.ENSDARP00000109185	775	13
3577519	7955.ENSDARP00000093734	774	317
3567801	7955.ENSDARP00000020595	770	6
3573681	7955.ENSDARP00000071527	770	23
3573870	7955.ENSDARP00000072492	766	9
3570275	7955.ENSDARP00000049899	758	23
3586007	7955.ENSDARP00000114072	755	3
3568607	7955.ENSDARP00000028970	755	60
3585190	7955.ENSDARP00000112092	753	313
3579276	7955.ENSDARP00000099813	753	313
3588853	7955.ENSDARP00000121459	753	313
3580400	7955.ENSDARP00000102775	753	313
3584751	7955.ENSDARP00000111298	753	313
3578737	7955.ENSDARP00000098432	753	313
3585814	7955.ENSDARP00000113541	753	313
3589069	7955.ENSDARP00000122009	753	313
3579924	7955.ENSDARP00000101525	753	313
3582808	7955.ENSDARP00000107702	753	313
3589594	7955.ENSDARP00000123323	753	313
3584315	7955.ENSDARP00000110511	753	313
3584846	7955.ENSDARP00000111493	753	313
3573055	7955.ENSDARP00000067948	753	313
3587029	7955.ENSDARP00000116739	753	313
3570302	7955.ENSDARP00000050236	753	313
3571119	7955.ENSDARP00000055912	753	313
3577535	7955.ENSDARP00000093791	753	313
3585117	7955.ENSDARP00000111973	753	313
3581760	7955.ENSDARP00000105746	753	313
3566815	7955.ENSDARP00000010921	753	161
3591553	7955.ENSDARP00000128327	747	17
3573302	7955.ENSDARP00000069226	744	35
3587453	7955.ENSDARP00000117864	744	7
3567835	7955.ENSDARP00000021016	743	317
3573397	7955.ENSDARP00000069759	741	48
3569350	7955.ENSDARP00000039324	741	178
3569423	7955.ENSDARP00000040327	739	181
3568515	7955.ENSDARP00000027654	739	10
3570567	7955.ENSDARP00000052382	738	20
3573587	7955.ENSDARP00000070807	735	43
3585431	7955.ENSDARP00000112527	734	313
3583297	7955.ENSDARP00000108629	730	21
3566626	7955.ENSDARP00000009093	718	3
3569223	7955.ENSDARP00000037758	718	18
3589524	7955.ENSDARP00000123136	714	16
3567984	7955.ENSDARP00000022550	713	62
3583665	7955.ENSDARP00000109315	700	313
3566675	7955.ENSDARP00000009538	696	17
3569013	7955.ENSDARP00000034885	694	47
3569745	7955.ENSDARP00000043742	688	172
3572229	7955.ENSDARP00000062982	684	19
3569584	7955.ENSDARP00000041959	674	58
3574289	7955.ENSDARP00000074464	673	33
3590849	7955.ENSDARP00000126712	671	370
3571194	7955.ENSDARP00000056381	669	26
3582317	7955.ENSDARP00000106781	667	313
3584817	7955.ENSDARP00000111447	667	313
3580850	7955.ENSDARP00000103937	667	313
3572485	7955.ENSDARP00000064522	666	23
3572761	7955.ENSDARP00000066383	664	123
3572845	7955.ENSDARP00000066929	660	19
3576276	7955.ENSDARP00000088020	657	126
3568436	7955.ENSDARP00000026870	657	29
3584841	7955.ENSDARP00000111487	656	8
3586880	7955.ENSDARP00000116332	653	15
3585712	7955.ENSDARP00000113278	652	13
3591820	7955.ENSDARP00000128898	652	47
3574402	7955.ENSDARP00000075074	650	13
3573053	7955.ENSDARP00000067943	644	70
3591006	7955.ENSDARP00000127047	644	70
3572465	7955.ENSDARP00000064399	644	70
3582740	7955.ENSDARP00000107576	642	29
3586127	7955.ENSDARP00000114387	639	34
3581706	7955.ENSDARP00000105649	639	4
3591257	7955.ENSDARP00000127700	639	46
3569164	7955.ENSDARP00000037025	637	27
3566079	7955.ENSDARP00000003700	634	16
3566589	7955.ENSDARP00000008646	632	80
3579798	7955.ENSDARP00000101178	629	76
3568732	7955.ENSDARP00000030881	629	81
3580564	7955.ENSDARP00000103208	629	313
3584687	7955.ENSDARP00000111194	629	313
3581081	7955.ENSDARP00000104495	626	4
3584495	7955.ENSDARP00000110851	625	310
3583064	7955.ENSDARP00000108197	624	10
3567370	7955.ENSDARP00000016228	620	41
3588983	7955.ENSDARP00000121793	619	53
3569036	7955.ENSDARP00000035207	618	13
3588416	7955.ENSDARP00000120315	617	11
3570518	7955.ENSDARP00000052081	616	10
3576417	7955.ENSDARP00000088646	613	51
3586706	7955.ENSDARP00000115888	611	34
3583056	7955.ENSDARP00000108188	604	20
3567186	7955.ENSDARP00000014456	603	21
3588905	7955.ENSDARP00000121591	601	15
3591336	7955.ENSDARP00000127877	600	76
3572314	7955.ENSDARP00000063524	598	24
3566084	7955.ENSDARP00000003738	597	50
3573352	7955.ENSDARP00000069525	596	138
3582995	7955.ENSDARP00000108075	592	5
3567800	7955.ENSDARP00000020578	587	36
3570023	7955.ENSDARP00000046972	585	25
3580936	7955.ENSDARP00000104161	583	43
3581703	7955.ENSDARP00000105646	581	313
3579173	7955.ENSDARP00000099550	581	313
3570241	7955.ENSDARP00000049424	578	30
3568897	7955.ENSDARP00000033318	578	30
3592038	7955.ENSDARP00000129366	577	74
3589125	7955.ENSDARP00000122141	576	10
3578191	7955.ENSDARP00000096581	571	157
3584033	7955.ENSDARP00000109990	567	14
3589389	7955.ENSDARP00000122796	564	74
3584339	7955.ENSDARP00000110558	564	74
3589907	7955.ENSDARP00000124217	563	14
3579522	7955.ENSDARP00000100461	562	21
3577537	7955.ENSDARP00000093801	561	313
3576823	7955.ENSDARP00000090576	558	18
3570522	7955.ENSDARP00000052096	557	12
3589868	7955.ENSDARP00000124085	554	1
3571418	7955.ENSDARP00000057787	553	313
3568076	7955.ENSDARP00000023429	551	111
3576875	7955.ENSDARP00000090833	548	21
3573552	7955.ENSDARP00000070561	545	37
3570544	7955.ENSDARP00000052292	544	4
3572876	7955.ENSDARP00000067039	542	26
3572163	7955.ENSDARP00000062617	540	30
3587462	7955.ENSDARP00000117880	538	46
3570760	7955.ENSDARP00000053541	537	11
3587562	7955.ENSDARP00000118091	537	74
3566945	7955.ENSDARP00000012048	536	63
3571305	7955.ENSDARP00000057089	532	12
3582206	7955.ENSDARP00000106566	527	12
3583985	7955.ENSDARP00000109894	523	11
3572995	7955.ENSDARP00000067634	523	20
3567117	7955.ENSDARP00000013624	516	13
3574427	7955.ENSDARP00000075204	515	34
3576909	7955.ENSDARP00000090963	510	34
3588841	7955.ENSDARP00000121437	510	18
3574256	7955.ENSDARP00000074184	508	17
3578701	7955.ENSDARP00000098342	505	313
3588896	7955.ENSDARP00000121564	505	5
3571880	7955.ENSDARP00000060684	504	13
3567771	7955.ENSDARP00000020280	496	11
3572375	7955.ENSDARP00000063876	495	20
3573985	7955.ENSDARP00000072971	490	23
3571797	7955.ENSDARP00000060165	488	33
3568512	7955.ENSDARP00000027639	486	22
3567030	7955.ENSDARP00000012767	480	99
3578676	7955.ENSDARP00000098279	479	43
3572450	7955.ENSDARP00000064310	479	7
3574384	7955.ENSDARP00000074936	479	20
3568728	7955.ENSDARP00000030819	476	149
3581375	7955.ENSDARP00000105058	472	32
3565880	7955.ENSDARP00000001575	472	62
3569301	7955.ENSDARP00000038799	467	8
3587536	7955.ENSDARP00000118036	465	4
3567266	7955.ENSDARP00000015293	464	52
3576243	7955.ENSDARP00000087874	462	4
3569101	7955.ENSDARP00000036193	461	33
3585737	7955.ENSDARP00000113335	457	12
3571747	7955.ENSDARP00000059885	454	35
3577399	7955.ENSDARP00000093236	451	7
3584188	7955.ENSDARP00000110282	449	15
3567632	7955.ENSDARP00000018865	448	12
3578567	7955.ENSDARP00000098004	444	142
3566715	7955.ENSDARP00000009909	442	27
3590492	7955.ENSDARP00000125799	442	3
3586483	7955.ENSDARP00000115337	440	46
3573895	7955.ENSDARP00000072597	440	128
3573652	7955.ENSDARP00000071301	439	15
3573018	7955.ENSDARP00000067775	439	13
3580840	7955.ENSDARP00000103912	438	7
3570245	7955.ENSDARP00000049461	433	12
3573536	7955.ENSDARP00000070509	433	15
3588765	7955.ENSDARP00000121255	433	11
3567147	7955.ENSDARP00000014010	432	24
3586802	7955.ENSDARP00000116138	430	33
3567411	7955.ENSDARP00000016680	430	6
3589990	7955.ENSDARP00000124511	429	10
3570993	7955.ENSDARP00000055185	421	3
3583080	7955.ENSDARP00000108226	419	33
3568490	7955.ENSDARP00000027389	418	26
3571050	7955.ENSDARP00000055503	416	10
3566058	7955.ENSDARP00000003519	415	12
3572114	7955.ENSDARP00000062351	415	57
3577360	7955.ENSDARP00000093033	413	32
3570340	7955.ENSDARP00000050670	410	29
3568270	7955.ENSDARP00000025226	409	12
3576667	7955.ENSDARP00000089879	408	149
3587263	7955.ENSDARP00000117370	405	30
3569305	7955.ENSDARP00000038835	405	16
3573278	7955.ENSDARP00000069096	403	10
3574783	7955.ENSDARP00000076810	403	23
3584793	7955.ENSDARP00000111399	402	32
3574655	7955.ENSDARP00000076249	402	18
3568238	7955.ENSDARP00000024900	399	39
3588935	7955.ENSDARP00000121670	397	10
3569705	7955.ENSDARP00000043311	397	11
3577845	7955.ENSDARP00000095074	396	29
3566489	7955.ENSDARP00000007716	394	7
3579138	7955.ENSDARP00000099464	392	11
3568470	7955.ENSDARP00000027139	390	18
3576178	7955.ENSDARP00000087500	390	10
3584218	7955.ENSDARP00000110339	389	26
3576612	7955.ENSDARP00000089645	389	48
3568154	7955.ENSDARP00000024104	385	22
3565896	7955.ENSDARP00000002122	383	18
3590143	7955.ENSDARP00000125036	381	189
3588881	7955.ENSDARP00000121524	377	21
3568845	7955.ENSDARP00000032575	376	55
3569039	7955.ENSDARP00000035273	375	5
3588278	7955.ENSDARP00000119975	374	3
3570948	7955.ENSDARP00000054848	371	41
3582407	7955.ENSDARP00000106947	369	17
3585004	7955.ENSDARP00000111782	369	7
3567924	7955.ENSDARP00000022077	368	48
3578103	7955.ENSDARP00000096295	364	25
3573832	7955.ENSDARP00000072334	363	12
3566580	7955.ENSDARP00000008513	359	37
3581515	7955.ENSDARP00000105328	358	7
3572121	7955.ENSDARP00000062382	358	49
3578076	7955.ENSDARP00000096178	356	7
3566063	7955.ENSDARP00000003571	355	14
3574285	7955.ENSDARP00000074422	355	20
3579402	7955.ENSDARP00000100169	355	7
3587566	7955.ENSDARP00000118098	355	39
3572024	7955.ENSDARP00000061692	353	22
3588164	7955.ENSDARP00000119683	352	2
3567214	7955.ENSDARP00000014821	351	15
3572155	7955.ENSDARP00000062555	349	6
3589800	7955.ENSDARP00000123883	349	25
3566861	7955.ENSDARP00000011271	347	23
3570858	7955.ENSDARP00000054207	343	11
3571969	7955.ENSDARP00000061298	342	9
3574368	7955.ENSDARP00000074872	342	14
3570176	7955.ENSDARP00000048728	341	21
3582793	7955.ENSDARP00000107677	341	7
3571103	7955.ENSDARP00000055793	341	5
3566964	7955.ENSDARP00000012226	337	11
3566738	7955.ENSDARP00000010116	336	9
3569554	7955.ENSDARP00000041699	336	12
3566409	7955.ENSDARP00000006888	335	111
3589183	7955.ENSDARP00000122284	335	13
3577796	7955.ENSDARP00000094849	335	163
3567630	7955.ENSDARP00000018850	334	39
3586591	7955.ENSDARP00000115580	333	12
3588367	7955.ENSDARP00000120183	332	9
3577595	7955.ENSDARP00000094021	330	16
3567482	7955.ENSDARP00000017331	330	2
3583821	7955.ENSDARP00000109592	329	8
3590662	7955.ENSDARP00000126252	326	16
3566906	7955.ENSDARP00000011656	325	27
3579938	7955.ENSDARP00000101565	324	19
3571104	7955.ENSDARP00000055809	324	12
3579386	7955.ENSDARP00000100117	323	18
3569604	7955.ENSDARP00000042199	320	37
3574302	7955.ENSDARP00000074525	319	11
3582016	7955.ENSDARP00000106218	316	5
3588789	7955.ENSDARP00000121323	315	29
3578162	7955.ENSDARP00000096468	314	6
3588946	7955.ENSDARP00000121692	313	29
3577412	7955.ENSDARP00000093277	313	13
3567011	7955.ENSDARP00000012585	312	21
3587868	7955.ENSDARP00000118870	312	8
3566474	7955.ENSDARP00000007588	312	13
3577722	7955.ENSDARP00000094530	311	68
3588298	7955.ENSDARP00000120032	311	18
3571489	7955.ENSDARP00000058288	310	7
3573268	7955.ENSDARP00000069063	308	37
3571683	7955.ENSDARP00000059365	307	31
3577359	7955.ENSDARP00000093027	306	102
3566080	7955.ENSDARP00000003705	305	12
3577163	7955.ENSDARP00000092066	304	4
3573425	7955.ENSDARP00000069977	303	4
3566371	7955.ENSDARP00000006510	303	23
3573418	7955.ENSDARP00000069904	302	11
3589948	7955.ENSDARP00000124366	299	229
3580515	7955.ENSDARP00000103087	298	6
3574505	7955.ENSDARP00000075601	298	6
3566817	7955.ENSDARP00000010925	298	34
3584159	7955.ENSDARP00000110237	297	22
3580055	7955.ENSDARP00000101866	297	45
3568613	7955.ENSDARP00000029074	296	26
3566260	7955.ENSDARP00000005448	296	23
3566177	7955.ENSDARP00000004738	295	22
3570306	7955.ENSDARP00000050270	293	22
3580306	7955.ENSDARP00000102498	293	32
3569236	7955.ENSDARP00000037871	291	31
3567130	7955.ENSDARP00000013803	291	20
3580408	7955.ENSDARP00000102802	288	21
3578095	7955.ENSDARP00000096262	288	15
3570789	7955.ENSDARP00000053774	286	43
3567318	7955.ENSDARP00000015805	286	43
3588917	7955.ENSDARP00000121628	286	23
3588723	7955.ENSDARP00000121147	285	33
3583346	7955.ENSDARP00000108727	285	130
3571120	7955.ENSDARP00000055920	284	10
3584690	7955.ENSDARP00000111199	281	30
3574792	7955.ENSDARP00000076844	281	21
3566123	7955.ENSDARP00000004127	280	42
3587312	7955.ENSDARP00000117497	280	14
3569434	7955.ENSDARP00000040404	279	35
3567475	7955.ENSDARP00000017257	279	16
3582505	7955.ENSDARP00000107144	279	5
3592211	7955.ENSDARP00000129778	279	9
3571475	7955.ENSDARP00000058161	278	25
3581460	7955.ENSDARP00000105230	278	25
3574785	7955.ENSDARP00000076814	278	1
3577113	7955.ENSDARP00000091902	277	4
3590581	7955.ENSDARP00000126028	277	4
3587135	7955.ENSDARP00000117024	276	14
3575646	7955.ENSDARP00000083454	275	15
3582119	7955.ENSDARP00000106400	275	7
3567920	7955.ENSDARP00000022030	274	6
3567973	7955.ENSDARP00000022486	272	10
3576241	7955.ENSDARP00000087872	271	2
3585939	7955.ENSDARP00000113905	271	35
3579751	7955.ENSDARP00000101055	269	17
3582097	7955.ENSDARP00000106359	267	11
3568926	7955.ENSDARP00000033600	267	2
3577343	7955.ENSDARP00000092898	267	4
3568356	7955.ENSDARP00000026065	266	59
3577274	7955.ENSDARP00000092551	266	13
3576927	7955.ENSDARP00000091056	266	32
3580914	7955.ENSDARP00000104110	265	7
3590039	7955.ENSDARP00000124672	265	12
3587982	7955.ENSDARP00000119179	263	112
3578376	7955.ENSDARP00000097494	262	7
3586868	7955.ENSDARP00000116310	261	7
3568292	7955.ENSDARP00000025466	261	16
3566631	7955.ENSDARP00000009133	261	7
3577861	7955.ENSDARP00000095135	260	5
3576864	7955.ENSDARP00000090756	259	5
3585163	7955.ENSDARP00000112050	259	5
3581834	7955.ENSDARP00000105892	256	13
3590555	7955.ENSDARP00000125941	256	37
3589679	7955.ENSDARP00000123530	255	15
3567350	7955.ENSDARP00000016087	254	4
3566533	7955.ENSDARP00000008085	253	9
3568518	7955.ENSDARP00000027672	251	6
3572618	7955.ENSDARP00000065372	250	4
3579420	7955.ENSDARP00000100216	248	3
3570793	7955.ENSDARP00000053793	247	3
3572760	7955.ENSDARP00000066382	246	43
3577269	7955.ENSDARP00000092510	246	44
3582929	7955.ENSDARP00000107930	246	44
3579518	7955.ENSDARP00000100443	246	10
3568947	7955.ENSDARP00000033907	245	17
3585295	7955.ENSDARP00000112265	245	43
3588195	7955.ENSDARP00000119756	244	5
3577696	7955.ENSDARP00000094413	243	32
3571179	7955.ENSDARP00000056285	242	3
3572371	7955.ENSDARP00000063848	238	83
3589054	7955.ENSDARP00000121973	237	7
3567639	7955.ENSDARP00000018923	236	24
3568073	7955.ENSDARP00000023354	236	13
3571099	7955.ENSDARP00000055770	236	32
3585855	7955.ENSDARP00000113657	236	5
3583049	7955.ENSDARP00000108177	234	14
3571794	7955.ENSDARP00000060156	233	18
3583439	7955.ENSDARP00000108912	233	7
3577651	7955.ENSDARP00000094243	233	37
3572085	7955.ENSDARP00000062142	233	37
3581160	7955.ENSDARP00000104653	231	24
3568202	7955.ENSDARP00000024560	229	19
3567226	7955.ENSDARP00000014921	226	47
3576482	7955.ENSDARP00000089001	223	7
3578535	7955.ENSDARP00000097937	223	9
3592027	7955.ENSDARP00000129339	222	5
3572310	7955.ENSDARP00000063483	222	91
3572756	7955.ENSDARP00000066372	222	9
3569874	7955.ENSDARP00000045252	220	12
3579176	7955.ENSDARP00000099554	220	15
3588648	7955.ENSDARP00000120922	217	10
3569365	7955.ENSDARP00000039656	217	34
3577777	7955.ENSDARP00000094800	216	16
3588915	7955.ENSDARP00000121623	215	10
3579028	7955.ENSDARP00000099156	215	4
3571897	7955.ENSDARP00000060765	215	23
3569835	7955.ENSDARP00000044837	215	8
3567721	7955.ENSDARP00000019829	214	50
3586568	7955.ENSDARP00000115538	214	4
3574366	7955.ENSDARP00000074862	213	10
3567902	7955.ENSDARP00000021850	212	6
3567469	7955.ENSDARP00000017217	211	9
3577876	7955.ENSDARP00000095196	210	4
3568646	7955.ENSDARP00000029607	210	90
3569538	7955.ENSDARP00000041532	210	84
3573586	7955.ENSDARP00000070803	209	3
3572951	7955.ENSDARP00000067432	209	10
3577863	7955.ENSDARP00000095139	209	3
3572208	7955.ENSDARP00000062851	208	6
3566876	7955.ENSDARP00000011398	207	11
3576042	7955.ENSDARP00000086515	205	5
3569276	7955.ENSDARP00000038520	204	8
3574483	7955.ENSDARP00000075490	203	35
3579211	7955.ENSDARP00000099639	203	44
3566310	7955.ENSDARP00000005968	203	8
3572414	7955.ENSDARP00000064110	202	3
3565933	7955.ENSDARP00000002483	202	35
3589440	7955.ENSDARP00000122934	202	6
3581695	7955.ENSDARP00000105632	202	29
3574191	7955.ENSDARP00000073908	201	4
3573394	7955.ENSDARP00000069745	199	12
3579046	7955.ENSDARP00000099216	198	22
3583010	7955.ENSDARP00000108108	198	8
3569492	7955.ENSDARP00000041087	198	8
3571381	7955.ENSDARP00000057566	198	2
3578250	7955.ENSDARP00000096860	197	14
3568579	7955.ENSDARP00000028571	194	16
3566406	7955.ENSDARP00000006875	193	14
3577915	7955.ENSDARP00000095348	193	10
3570339	7955.ENSDARP00000050657	192	13
3577787	7955.ENSDARP00000094826	192	4
3574258	7955.ENSDARP00000074190	188	13
3579542	7955.ENSDARP00000100503	187	11
3566917	7955.ENSDARP00000011778	187	7
3569435	7955.ENSDARP00000040408	186	7
3568114	7955.ENSDARP00000023774	186	9
3569743	7955.ENSDARP00000043714	186	20
3588613	7955.ENSDARP00000120838	186	2
3588943	7955.ENSDARP00000121688	185	9
3581949	7955.ENSDARP00000106093	184	21
3591436	7955.ENSDARP00000128101	184	5
3566085	7955.ENSDARP00000003744	184	16
3567949	7955.ENSDARP00000022302	183	43
3573170	7955.ENSDARP00000068572	183	9
3568513	7955.ENSDARP00000027643	183	14
3572988	7955.ENSDARP00000067603	182	29
3576746	7955.ENSDARP00000090249	182	32
3577833	7955.ENSDARP00000095029	182	26
3581926	7955.ENSDARP00000106050	181	8
3571944	7955.ENSDARP00000061075	181	3
3566322	7955.ENSDARP00000006085	180	8
3567036	7955.ENSDARP00000012808	178	9
3577403	7955.ENSDARP00000093249	178	16
3569591	7955.ENSDARP00000042055	178	12
3571512	7955.ENSDARP00000058402	178	13
3566777	7955.ENSDARP00000010482	177	5
3588136	7955.ENSDARP00000119600	176	9
3566241	7955.ENSDARP00000005284	176	10
3568478	7955.ENSDARP00000027276	176	10
3586559	7955.ENSDARP00000115511	175	5
3568403	7955.ENSDARP00000026554	175	12
3568410	7955.ENSDARP00000026625	175	12
3570382	7955.ENSDARP00000051080	175	40
3566666	7955.ENSDARP00000009432	174	4
3568391	7955.ENSDARP00000026454	174	7
3576925	7955.ENSDARP00000091049	174	2
3565955	7955.ENSDARP00000002761	174	13
3586129	7955.ENSDARP00000114396	173	10
3583419	7955.ENSDARP00000108873	173	9
3577290	7955.ENSDARP00000092617	173	9
3567247	7955.ENSDARP00000015065	173	9
3569341	7955.ENSDARP00000039222	172	7
3570797	7955.ENSDARP00000053833	172	8
3569015	7955.ENSDARP00000034904	171	9
3567627	7955.ENSDARP00000018819	170	11
3578647	7955.ENSDARP00000098194	170	5
3566189	7955.ENSDARP00000004866	169	10
3578273	7955.ENSDARP00000096950	169	21
3569028	7955.ENSDARP00000035103	169	3
3568197	7955.ENSDARP00000024492	168	9
3566960	7955.ENSDARP00000012197	168	8
3566295	7955.ENSDARP00000005837	167	1
3568437	7955.ENSDARP00000026878	167	5
3581985	7955.ENSDARP00000106164	167	69
3587522	7955.ENSDARP00000118006	165	9
3581117	7955.ENSDARP00000104575	164	14
3577368	7955.ENSDARP00000093080	164	7
3584300	7955.ENSDARP00000110484	162	9
3571653	7955.ENSDARP00000059226	162	5
3571087	7955.ENSDARP00000055709	161	9
3584976	7955.ENSDARP00000111731	161	6
3569672	7955.ENSDARP00000043001	161	10
3578121	7955.ENSDARP00000096352	160	93
3582714	7955.ENSDARP00000107538	160	3
3567330	7955.ENSDARP00000015887	159	3
3576919	7955.ENSDARP00000091014	159	9
3579714	7955.ENSDARP00000100979	158	70
3584921	7955.ENSDARP00000111631	158	24
3571981	7955.ENSDARP00000061365	158	24
3569054	7955.ENSDARP00000035453	158	24
3573580	7955.ENSDARP00000070780	158	4
3578291	7955.ENSDARP00000097050	158	62
3568473	7955.ENSDARP00000027159	157	5
3572514	7955.ENSDARP00000064708	157	9
3591254	7955.ENSDARP00000127697	157	8
3571564	7955.ENSDARP00000058679	157	8
3587649	7955.ENSDARP00000118326	156	93
3581872	7955.ENSDARP00000105955	156	18
3574583	7955.ENSDARP00000075918	156	5
3573624	7955.ENSDARP00000071046	155	16
3570560	7955.ENSDARP00000052354	154	26
3590499	7955.ENSDARP00000125815	154	14
3569879	7955.ENSDARP00000045298	154	7
3570624	7955.ENSDARP00000052687	154	38
3570269	7955.ENSDARP00000049830	154	7
3586492	7955.ENSDARP00000115363	153	10
3578016	7955.ENSDARP00000095811	153	87
3566998	7955.ENSDARP00000012488	153	9
3568682	7955.ENSDARP00000030050	152	91
3566765	7955.ENSDARP00000010413	152	91
3583597	7955.ENSDARP00000109199	152	91
3566272	7955.ENSDARP00000005578	152	3
3572964	7955.ENSDARP00000067511	152	5
3582622	7955.ENSDARP00000107359	152	7
3570690	7955.ENSDARP00000053151	151	10
3571585	7955.ENSDARP00000058788	151	3
3574323	7955.ENSDARP00000074623	150	6
3580813	7955.ENSDARP00000103854	150	91
3585449	7955.ENSDARP00000112576	149	37
3578143	7955.ENSDARP00000096421	149	5
3567136	7955.ENSDARP00000013902	148	5
3576922	7955.ENSDARP00000091027	148	5
3569822	7955.ENSDARP00000044625	148	3
3588494	7955.ENSDARP00000120506	147	7
3568151	7955.ENSDARP00000024085	147	2
3568990	7955.ENSDARP00000034555	147	3
3576926	7955.ENSDARP00000091054	147	23
3578223	7955.ENSDARP00000096711	147	6
3570698	7955.ENSDARP00000053188	146	3
3567476	7955.ENSDARP00000017258	144	7
3571941	7955.ENSDARP00000061057	143	50
3575851	7955.ENSDARP00000084961	142	11
3583770	7955.ENSDARP00000109508	140	7
3590999	7955.ENSDARP00000127037	140	6
3589070	7955.ENSDARP00000122013	140	2
3566596	7955.ENSDARP00000008690	140	42
3582010	7955.ENSDARP00000106208	140	19
3570050	7955.ENSDARP00000047205	140	19
3567329	7955.ENSDARP00000015884	140	2
3567955	7955.ENSDARP00000022320	139	3
3567776	7955.ENSDARP00000020361	139	8
3569060	7955.ENSDARP00000035541	139	4
3588516	7955.ENSDARP00000120580	138	2
3570491	7955.ENSDARP00000051848	138	6
3576976	7955.ENSDARP00000091324	138	29
3568423	7955.ENSDARP00000026766	137	3
3590544	7955.ENSDARP00000125918	137	129
3586312	7955.ENSDARP00000114871	137	22
3586230	7955.ENSDARP00000114649	137	22
3568559	7955.ENSDARP00000028148	137	90
3572796	7955.ENSDARP00000066619	136	94
3588849	7955.ENSDARP00000121453	136	2
3572887	7955.ENSDARP00000067081	135	2
3571623	7955.ENSDARP00000059012	135	2
3582439	7955.ENSDARP00000107004	135	8
3581744	7955.ENSDARP00000105717	134	5
3579250	7955.ENSDARP00000099737	134	2
3569369	7955.ENSDARP00000039716	133	5
3581480	7955.ENSDARP00000105266	132	3
3578015	7955.ENSDARP00000095806	132	89
3571325	7955.ENSDARP00000057261	131	4
3569827	7955.ENSDARP00000044682	131	8
3566726	7955.ENSDARP00000010013	131	9
3586642	7955.ENSDARP00000115706	131	4
3573750	7955.ENSDARP00000071885	131	5
3570595	7955.ENSDARP00000052510	130	4
3581781	7955.ENSDARP00000105782	130	9
3574035	7955.ENSDARP00000073195	130	62
3576871	7955.ENSDARP00000090804	130	14
3568789	7955.ENSDARP00000031764	129	3
3567739	7955.ENSDARP00000019981	128	7
3582906	7955.ENSDARP00000107877	128	7
3577573	7955.ENSDARP00000093927	128	3
3565855	7955.ENSDARP00000000803	128	84
3586204	7955.ENSDARP00000114578	128	1
3571260	7955.ENSDARP00000056766	127	5
3575319	7955.ENSDARP00000080761	127	3
3571224	7955.ENSDARP00000056582	127	4
3565907	7955.ENSDARP00000002223	126	6
3590431	7955.ENSDARP00000125625	126	7
3569048	7955.ENSDARP00000035387	125	11
3566228	7955.ENSDARP00000005224	125	82
3580832	7955.ENSDARP00000103895	125	3
3567715	7955.ENSDARP00000019813	125	3
3582518	7955.ENSDARP00000107173	124	3
3573809	7955.ENSDARP00000072253	124	14
3566021	7955.ENSDARP00000003281	124	5
3579174	7955.ENSDARP00000099551	124	3
3571316	7955.ENSDARP00000057173	123	2
3572435	7955.ENSDARP00000064203	123	8
3569453	7955.ENSDARP00000040644	123	11
3574086	7955.ENSDARP00000073437	123	9
3569925	7955.ENSDARP00000045815	123	16
3580992	7955.ENSDARP00000104288	122	9
3588952	7955.ENSDARP00000121708	122	5
3582321	7955.ENSDARP00000106788	121	5
3569913	7955.ENSDARP00000045668	121	55
3588391	7955.ENSDARP00000120247	120	2
3568927	7955.ENSDARP00000033622	120	12
3580972	7955.ENSDARP00000104241	120	6
3586595	7955.ENSDARP00000115589	120	6
3573969	7955.ENSDARP00000072903	120	11
3578278	7955.ENSDARP00000096969	120	7
3580732	7955.ENSDARP00000103634	120	4
3567911	7955.ENSDARP00000021916	120	4
3569918	7955.ENSDARP00000045696	120	2
3573450	7955.ENSDARP00000070066	120	4
3568406	7955.ENSDARP00000026575	120	1
3568361	7955.ENSDARP00000026092	120	4
3588384	7955.ENSDARP00000120230	119	6
3565879	7955.ENSDARP00000001565	119	5
3566052	7955.ENSDARP00000003468	119	12
3577278	7955.ENSDARP00000092565	118	14
3573902	7955.ENSDARP00000072618	118	4
3589962	7955.ENSDARP00000124401	118	1
3567489	7955.ENSDARP00000017410	117	5
3571013	7955.ENSDARP00000055286	117	19
3578800	7955.ENSDARP00000098595	117	19
3586513	7955.ENSDARP00000115408	117	2
3583915	7955.ENSDARP00000109765	117	3
3591339	7955.ENSDARP00000127882	116	19
3590631	7955.ENSDARP00000126183	116	3
3565990	7955.ENSDARP00000003038	116	17
3571208	7955.ENSDARP00000056459	116	9
3570212	7955.ENSDARP00000049108	115	6
3579184	7955.ENSDARP00000099570	115	16
3580527	7955.ENSDARP00000103118	114	9
3568234	7955.ENSDARP00000024860	114	18
3570512	7955.ENSDARP00000052060	113	5
3578125	7955.ENSDARP00000096363	113	6
3581607	7955.ENSDARP00000105492	113	1
3572384	7955.ENSDARP00000063949	112	12
3568709	7955.ENSDARP00000030555	112	12
3569975	7955.ENSDARP00000046442	112	58
3588867	7955.ENSDARP00000121495	112	4
3576016	7955.ENSDARP00000086334	112	4
3572925	7955.ENSDARP00000067292	112	3
3577659	7955.ENSDARP00000094269	111	5
3567399	7955.ENSDARP00000016540	111	21
3570912	7955.ENSDARP00000054618	111	7
3566592	7955.ENSDARP00000008663	111	7
3566151	7955.ENSDARP00000004394	110	66
3567380	7955.ENSDARP00000016314	110	4
3588376	7955.ENSDARP00000120213	110	19
3568838	7955.ENSDARP00000032456	110	11
3586640	7955.ENSDARP00000115698	110	62
3570310	7955.ENSDARP00000050331	110	11
3586078	7955.ENSDARP00000114273	109	3
3566572	7955.ENSDARP00000008455	109	6
3581910	7955.ENSDARP00000106024	109	4
3578195	7955.ENSDARP00000096596	109	2
3588172	7955.ENSDARP00000119707	109	7
3565909	7955.ENSDARP00000002234	109	11
3583265	7955.ENSDARP00000108556	109	7
3571389	7955.ENSDARP00000057604	108	4
3576713	7955.ENSDARP00000090100	108	3
3570834	7955.ENSDARP00000054056	107	1
3584427	7955.ENSDARP00000110728	107	17
3584971	7955.ENSDARP00000111723	107	17
3584959	7955.ENSDARP00000111699	107	11
3571796	7955.ENSDARP00000060161	107	2
3578150	7955.ENSDARP00000096443	107	9
3580181	7955.ENSDARP00000102203	107	8
3569087	7955.ENSDARP00000036006	107	11
3582394	7955.ENSDARP00000106922	106	3
3569230	7955.ENSDARP00000037812	106	3
3573694	7955.ENSDARP00000071587	106	4
3566992	7955.ENSDARP00000012436	106	7
3570824	7955.ENSDARP00000053962	105	8
3574728	7955.ENSDARP00000076519	105	10
3569973	7955.ENSDARP00000046430	104	8
3571633	7955.ENSDARP00000059062	104	8
3585212	7955.ENSDARP00000112123	104	4
3576463	7955.ENSDARP00000088891	103	1
3573074	7955.ENSDARP00000068070	103	11
3578354	7955.ENSDARP00000097435	103	3
3569549	7955.ENSDARP00000041626	103	5
3582233	7955.ENSDARP00000106613	102	9
3574646	7955.ENSDARP00000076216	102	4
3573301	7955.ENSDARP00000069223	102	9
3570550	7955.ENSDARP00000052324	102	7
3574800	7955.ENSDARP00000076883	101	4
3580562	7955.ENSDARP00000103201	101	3
3570739	7955.ENSDARP00000053425	101	2
3567720	7955.ENSDARP00000019826	101	8
3567731	7955.ENSDARP00000019915	101	9
3573534	7955.ENSDARP00000070488	101	8
3568463	7955.ENSDARP00000027102	100	5
3568841	7955.ENSDARP00000032505	100.0	5
3567403	7955.ENSDARP00000016602	99.9	3
3572955	7955.ENSDARP00000067447	99.2	4
3583891	7955.ENSDARP00000109720	99.2	10
3568835	7955.ENSDARP00000032422	98.9	8
3569269	7955.ENSDARP00000038400	98.8	3
3570733	7955.ENSDARP00000053398	98.6	3
3574383	7955.ENSDARP00000074935	97.9	41
3578263	7955.ENSDARP00000096898	97.9	41
3581543	7955.ENSDARP00000105368	97.6	15
3584457	7955.ENSDARP00000110780	97.6	15
3574741	7955.ENSDARP00000076580	97.6	15
3571197	7955.ENSDARP00000056404	97.4	2
3579142	7955.ENSDARP00000099474	97.4	7
3576026	7955.ENSDARP00000086433	97.0	5
3566836	7955.ENSDARP00000011083	96.8	7
3568805	7955.ENSDARP00000032037	96.7	2
3567555	7955.ENSDARP00000017950	96.7	1
3588543	7955.ENSDARP00000120649	96.5	11
3579879	7955.ENSDARP00000101406	96.4	3
3571193	7955.ENSDARP00000056380	96.3	5
3568126	7955.ENSDARP00000023829	96.0	4
3590009	7955.ENSDARP00000124587	95.9	7
3567314	7955.ENSDARP00000015781	95.8	3
3571486	7955.ENSDARP00000058259	95.6	8
3568331	7955.ENSDARP00000025779	95.6	7
3572521	7955.ENSDARP00000064746	95.4	2
3567789	7955.ENSDARP00000020485	94.9	5
3579060	7955.ENSDARP00000099251	94.7	17
3578050	7955.ENSDARP00000096043	94.7	17
3568030	7955.ENSDARP00000022929	94.7	17
3568677	7955.ENSDARP00000029935	94.4	7
3581446	7955.ENSDARP00000105206	94.3	1
3570495	7955.ENSDARP00000051889	94.1	8
3568264	7955.ENSDARP00000025160	94.1	4
3569738	7955.ENSDARP00000043687	94.0	3
3577364	7955.ENSDARP00000093069	93.9	6
3584282	7955.ENSDARP00000110449	93.6	2
3566197	7955.ENSDARP00000004932	93.6	14
3579770	7955.ENSDARP00000101117	93.5	19
3570066	7955.ENSDARP00000047408	93.5	86
3566789	7955.ENSDARP00000010686	93.4	4
3584819	7955.ENSDARP00000111451	92.9	10
3583345	7955.ENSDARP00000108724	92.4	28
3590582	7955.ENSDARP00000126029	92.0	8
3566403	7955.ENSDARP00000006845	91.3	2
3565965	7955.ENSDARP00000002825	90.4	14
3581451	7955.ENSDARP00000105213	90.4	5
3567253	7955.ENSDARP00000015132	90.1	4
3572994	7955.ENSDARP00000067632	89.6	1
3587152	7955.ENSDARP00000117066	89.5	11
3567967	7955.ENSDARP00000022440	88.1	8
3571360	7955.ENSDARP00000057457	87.6	2
3566099	7955.ENSDARP00000003850	87.6	3
3577770	7955.ENSDARP00000094762	87.5	4
3575437	7955.ENSDARP00000081732	87.3	3
3569187	7955.ENSDARP00000037326	87.0	5
3567932	7955.ENSDARP00000022120	86.9	9
3586443	7955.ENSDARP00000115224	86.9	11
3571588	7955.ENSDARP00000058796	86.7	1
3577120	7955.ENSDARP00000091921	86.4	41
3568527	7955.ENSDARP00000027775	86.3	3
3573087	7955.ENSDARP00000068111	86.2	5
3583058	7955.ENSDARP00000108190	86.0	4
3580939	7955.ENSDARP00000104168	86.0	5
3584266	7955.ENSDARP00000110426	85.3	4
3567992	7955.ENSDARP00000022595	85.1	3
3573822	7955.ENSDARP00000072300	85.0	3
3568614	7955.ENSDARP00000029079	85.0	3
3565998	7955.ENSDARP00000003107	84.7	6
3567916	7955.ENSDARP00000021993	84.6	3
3576611	7955.ENSDARP00000089635	84.4	3
3585237	7955.ENSDARP00000112163	84.3	9
3569337	7955.ENSDARP00000039188	84.2	2
3570146	7955.ENSDARP00000048394	84.1	9
3565938	7955.ENSDARP00000002532	84.0	3
3567467	7955.ENSDARP00000017204	84.0	5
3568898	7955.ENSDARP00000033328	83.9	9
3583191	7955.ENSDARP00000108433	83.6	5
3586921	7955.ENSDARP00000116441	83.5	5
3567628	7955.ENSDARP00000018820	82.6	10
3577210	7955.ENSDARP00000092307	82.6	10
3566763	7955.ENSDARP00000010393	82.6	10
3570309	7955.ENSDARP00000050307	82.6	10
3572624	7955.ENSDARP00000065391	82.6	10
3569023	7955.ENSDARP00000035027	82.6	10
3581788	7955.ENSDARP00000105799	82.2	13
3580953	7955.ENSDARP00000104198	81.7	4
3566006	7955.ENSDARP00000003163	81.7	3
3566319	7955.ENSDARP00000006047	81.5	8
3572358	7955.ENSDARP00000063778	81.4	7
3579254	7955.ENSDARP00000099755	80.8	4
3583379	7955.ENSDARP00000108798	80.8	4
3585539	7955.ENSDARP00000112851	80.4	12
3585110	7955.ENSDARP00000111963	80.4	12
3575133	7955.ENSDARP00000079424	80.4	12
3577011	7955.ENSDARP00000091498	80.4	3
3572563	7955.ENSDARP00000065037	79.7	2
3578142	7955.ENSDARP00000096416	79.3	2
3579371	7955.ENSDARP00000100082	79.3	2
3572544	7955.ENSDARP00000064925	79.3	5
3588168	7955.ENSDARP00000119693	79.1	2
3574017	7955.ENSDARP00000073100	79.0	2
3587663	7955.ENSDARP00000118370	78.8	2
3567049	7955.ENSDARP00000012950	78.7	2
3567020	7955.ENSDARP00000012691	78.7	3
3590485	7955.ENSDARP00000125774	78.7	50
3574063	7955.ENSDARP00000073352	78.4	27
3568943	7955.ENSDARP00000033828	78.4	4
3566830	7955.ENSDARP00000011011	78.0	4
3567979	7955.ENSDARP00000022528	77.2	1
3577974	7955.ENSDARP00000095570	77.1	2
3579418	7955.ENSDARP00000100208	76.8	13
3573436	7955.ENSDARP00000070002	76.5	6
3586978	7955.ENSDARP00000116598	76.1	4
3582453	7955.ENSDARP00000107042	76.1	6
3566306	7955.ENSDARP00000005930	75.8	4
3574644	7955.ENSDARP00000076212	75.7	12
3576591	7955.ENSDARP00000089482	75.1	3
3574980	7955.ENSDARP00000078125	74.8	3
3571945	7955.ENSDARP00000061097	74.7	51
3568156	7955.ENSDARP00000024120	74.5	5
3583431	7955.ENSDARP00000108896	74.3	25
3570974	7955.ENSDARP00000055061	73.8	1
3570049	7955.ENSDARP00000047200	73.5	7
3569856	7955.ENSDARP00000045068	72.8	6
3575398	7955.ENSDARP00000081474	72.7	4
3579697	7955.ENSDARP00000100954	72.6	5
3586448	7955.ENSDARP00000115236	72.5	2
3575259	7955.ENSDARP00000080329	72.4	6
3568281	7955.ENSDARP00000025342	72.0	4
3589685	7955.ENSDARP00000123538	72.0	4
3570307	7955.ENSDARP00000050295	71.6	1
3567524	7955.ENSDARP00000017693	71.4	10
3587377	7955.ENSDARP00000117676	71.3	8
3586373	7955.ENSDARP00000115045	71.1	17
3586561	7955.ENSDARP00000115519	70.8	1
3569354	7955.ENSDARP00000039450	70.8	5
3572543	7955.ENSDARP00000064900	69.9	9
3585438	7955.ENSDARP00000112549	69.6	2
3582428	7955.ENSDARP00000106981	69.4	27
3567837	7955.ENSDARP00000021064	69.1	9
3570223	7955.ENSDARP00000049225	68.9	4
3578586	7955.ENSDARP00000098055	68.9	5
3568131	7955.ENSDARP00000023877	68.7	5
3566770	7955.ENSDARP00000010427	68.7	4
3579328	7955.ENSDARP00000099976	68.6	7
3569732	7955.ENSDARP00000043650	68.3	1
3567052	7955.ENSDARP00000012986	67.9	3
3568096	7955.ENSDARP00000023637	67.9	3
3580378	7955.ENSDARP00000102718	67.8	15
3577395	7955.ENSDARP00000093211	67.5	6
3567066	7955.ENSDARP00000013110	67.4	2
3578066	7955.ENSDARP00000096118	67.0	6
3577851	7955.ENSDARP00000095097	66.3	1
3580952	7955.ENSDARP00000104196	66.2	6
3567419	7955.ENSDARP00000016755	65.7	2
3577361	7955.ENSDARP00000093036	65.2	2
3573136	7955.ENSDARP00000068371	64.8	4
3566949	7955.ENSDARP00000012094	64.8	1
3583868	7955.ENSDARP00000109682	63.6	6
3567418	7955.ENSDARP00000016749	63.6	6
3567383	7955.ENSDARP00000016334	63.4	5
3572937	7955.ENSDARP00000067373	62.1	3
3570025	7955.ENSDARP00000046982	62.1	3
3570768	7955.ENSDARP00000053608	62.1	1
3586646	7955.ENSDARP00000115723	61.8	5
3568031	7955.ENSDARP00000022947	61.4	3
3584978	7955.ENSDARP00000111738	61.1	3
3583978	7955.ENSDARP00000109883	61.0	24
3579004	7955.ENSDARP00000099084	61.0	9
3576279	7955.ENSDARP00000088025	60.9	3
3567805	7955.ENSDARP00000020667	60.7	3
3584195	7955.ENSDARP00000110296	60.5	2
3583294	7955.ENSDARP00000108625	60.3	1
3577567	7955.ENSDARP00000093918	60.3	3
3588868	7955.ENSDARP00000121497	60.2	4
3570015	7955.ENSDARP00000046902	60.1	8
3568792	7955.ENSDARP00000031794	60.0	1
3579733	7955.ENSDARP00000101021	59.9	2
3578846	7955.ENSDARP00000098704	59.7	11
3583735	7955.ENSDARP00000109442	59.6	7
3569368	7955.ENSDARP00000039699	59.4	7
3585546	7955.ENSDARP00000112873	59.4	2
3566300	7955.ENSDARP00000005856	59.0	3
3570394	7955.ENSDARP00000051185	59.0	2
3579123	7955.ENSDARP00000099423	59.0	3
3567591	7955.ENSDARP00000018404	58.9	6
3577378	7955.ENSDARP00000093122	58.1	1
3589117	7955.ENSDARP00000122116	58.1	5
3567451	7955.ENSDARP00000016984	57.8	6
3574460	7955.ENSDARP00000075348	57.8	7
3570882	7955.ENSDARP00000054366	57.6	2
3566879	7955.ENSDARP00000011420	57.6	2
3582931	7955.ENSDARP00000107933	57.6	4
3570660	7955.ENSDARP00000052921	57.6	3
3580196	7955.ENSDARP00000102234	57.6	3
3567671	7955.ENSDARP00000019234	57.6	2
3568288	7955.ENSDARP00000025377	57.3	6
3568284	7955.ENSDARP00000025370	56.9	1
3570735	7955.ENSDARP00000053404	56.9	1
3583288	7955.ENSDARP00000108614	56.6	85
3583594	7955.ENSDARP00000109194	56.3	4
3579937	7955.ENSDARP00000101564	56.2	3
3573444	7955.ENSDARP00000070035	56.0	2
3569370	7955.ENSDARP00000039745	55.8	11
3583108	7955.ENSDARP00000108280	55.5	1
3571566	7955.ENSDARP00000058691	55.5	1
3587571	7955.ENSDARP00000118111	55.4	1
3589894	7955.ENSDARP00000124165	54.9	2
3585496	7955.ENSDARP00000112736	54.7	6
3573514	7955.ENSDARP00000070408	54.2	5
3566333	7955.ENSDARP00000006201	53.8	5
3566461	7955.ENSDARP00000007446	53.1	2
3572179	7955.ENSDARP00000062692	53.0	2
3577891	7955.ENSDARP00000095265	52.9	7
3573462	7955.ENSDARP00000070114	52.9	2
3579754	7955.ENSDARP00000101062	52.8	4
3566186	7955.ENSDARP00000004838	52.7	4
3578872	7955.ENSDARP00000098757	52.6	2
3578010	7955.ENSDARP00000095774	52.6	20
3573154	7955.ENSDARP00000068470	52.4	3
3567203	7955.ENSDARP00000014732	52.1	5
3578653	7955.ENSDARP00000098210	51.8	3
3583900	7955.ENSDARP00000109737	51.8	4
3583381	7955.ENSDARP00000108800	51.5	3
3566097	7955.ENSDARP00000003841	51.5	6
3577793	7955.ENSDARP00000094844	51.3	2
3585886	7955.ENSDARP00000113739	51.1	4
3577181	7955.ENSDARP00000092179	50.9	2
3588359	7955.ENSDARP00000120160	50.9	1
3571467	7955.ENSDARP00000058094	50.9	4
3589704	7955.ENSDARP00000123568	50.8	6
3567156	7955.ENSDARP00000014106	50.2	3
3576714	7955.ENSDARP00000090111	49.7	2
3565970	7955.ENSDARP00000002874	49.5	2
3566491	7955.ENSDARP00000007735	49.4	4
3571768	7955.ENSDARP00000060004	49.4	1
3570486	7955.ENSDARP00000051806	49.3	1
3569373	7955.ENSDARP00000039795	49.2	3
3571295	7955.ENSDARP00000056986	48.7	1
3577084	7955.ENSDARP00000091811	48.6	1
3578829	7955.ENSDARP00000098664	48.6	2
3573096	7955.ENSDARP00000068144	48.4	14
3572578	7955.ENSDARP00000065135	48.4	3
3578775	7955.ENSDARP00000098524	48.3	2
3589346	7955.ENSDARP00000122669	48.2	7
3569721	7955.ENSDARP00000043498	48.2	2
3577430	7955.ENSDARP00000093331	48.1	4
3573215	7955.ENSDARP00000068783	47.9	4
3584716	7955.ENSDARP00000111245	47.7	1
3568744	7955.ENSDARP00000031042	47.5	56
3586462	7955.ENSDARP00000115283	47.4	4
3568379	7955.ENSDARP00000026327	47.4	4
3567512	7955.ENSDARP00000017597	46.8	1
3575624	7955.ENSDARP00000083259	46.7	7
3570060	7955.ENSDARP00000047361	46.7	1
3582337	7955.ENSDARP00000106813	46.6	1
3569006	7955.ENSDARP00000034822	46.4	7
3567082	7955.ENSDARP00000013286	46.3	10
3588456	7955.ENSDARP00000120420	46.0	1
3587238	7955.ENSDARP00000117293	45.9	3
3569848	7955.ENSDARP00000045014	45.9	7
3579580	7955.ENSDARP00000100627	45.9	4
3570334	7955.ENSDARP00000050602	45.9	1
3567487	7955.ENSDARP00000017354	45.6	1
3571430	7955.ENSDARP00000057866	45.5	2
3582875	7955.ENSDARP00000107826	45.3	7
3569544	7955.ENSDARP00000041589	44.6	2
3575672	7955.ENSDARP00000083605	44.6	3
3569349	7955.ENSDARP00000039309	44.4	2
3582299	7955.ENSDARP00000106738	44.1	2
3568773	7955.ENSDARP00000031559	44.0	1
3590695	7955.ENSDARP00000126346	44.0	1
3584425	7955.ENSDARP00000110724	43.5	1
3573263	7955.ENSDARP00000069043	43.5	1
3567881	7955.ENSDARP00000021569	43.5	13
3575277	7955.ENSDARP00000080431	43.3	3
3589877	7955.ENSDARP00000124107	43.2	5
3566897	7955.ENSDARP00000011595	43.2	2
3570258	7955.ENSDARP00000049650	42.8	4
3579705	7955.ENSDARP00000100964	42.7	3
3578035	7955.ENSDARP00000095921	42.6	1
3588351	7955.ENSDARP00000120142	42.5	1
3566904	7955.ENSDARP00000011642	42.4	3
3591358	7955.ENSDARP00000127930	42.3	5
3568129	7955.ENSDARP00000023867	42.2	1
3592059	7955.ENSDARP00000129420	42.2	2
3586998	7955.ENSDARP00000116659	42.1	1
3568857	7955.ENSDARP00000032730	41.8	5
3572812	7955.ENSDARP00000066711	41.6	1
3568343	7955.ENSDARP00000025885	40.9	10
3590105	7955.ENSDARP00000124897	40.6	3
3589767	7955.ENSDARP00000123778	40.6	4
3578117	7955.ENSDARP00000096339	40.5	2
3572625	7955.ENSDARP00000065396	40.5	1
3570393	7955.ENSDARP00000051183	40.4	4
3586319	7955.ENSDARP00000114891	40.4	2
3585596	7955.ENSDARP00000112983	40.4	4
3587201	7955.ENSDARP00000117207	40.4	7
3566134	7955.ENSDARP00000004202	40.2	1
3566831	7955.ENSDARP00000011017	40.1	5
3573954	7955.ENSDARP00000072844	40.1	3
3583026	7955.ENSDARP00000108139	39.7	3
3577923	7955.ENSDARP00000095384	39.6	9
3579214	7955.ENSDARP00000099646	39.6	2
3585627	7955.ENSDARP00000113049	39.6	4
3568853	7955.ENSDARP00000032688	39.6	5
3588014	7955.ENSDARP00000119259	39.5	1
3566676	7955.ENSDARP00000009555	39.5	2
3580324	7955.ENSDARP00000102557	39.4	2
3584514	7955.ENSDARP00000110880	39.4	2
3566105	7955.ENSDARP00000003905	39.3	17
3584625	7955.ENSDARP00000111083	38.8	3
3570924	7955.ENSDARP00000054690	38.6	6
3589268	7955.ENSDARP00000122475	38.6	5
3572051	7955.ENSDARP00000061835	38.5	3
3568953	7955.ENSDARP00000034038	38.4	3
3584872	7955.ENSDARP00000111539	38.3	8
3573867	7955.ENSDARP00000072482	38.0	3
3571162	7955.ENSDARP00000056187	37.8	1
3567514	7955.ENSDARP00000017613	37.6	4
3588741	7955.ENSDARP00000121180	37.5	4
3568359	7955.ENSDARP00000026086	37.5	6
3566233	7955.ENSDARP00000005260	37.4	2
3568519	7955.ENSDARP00000027695	37.1	2
3566343	7955.ENSDARP00000006315	37.1	3
3577407	7955.ENSDARP00000093261	36.9	2
3568020	7955.ENSDARP00000022858	36.9	4
3573379	7955.ENSDARP00000069669	36.6	3
3587537	7955.ENSDARP00000118039	36.6	7
3569038	7955.ENSDARP00000035261	35.9	1
3568071	7955.ENSDARP00000023337	35.9	2
3590978	7955.ENSDARP00000126987	35.9	5
3584274	7955.ENSDARP00000110437	35.9	1
3585664	7955.ENSDARP00000113146	35.5	2
3588626	7955.ENSDARP00000120878	35.4	1
3578140	7955.ENSDARP00000096411	35.4	2
3569734	7955.ENSDARP00000043659	35.4	5
3575126	7955.ENSDARP00000079306	35.4	1
3582006	7955.ENSDARP00000106202	35.3	2
3590922	7955.ENSDARP00000126875	35.3	5
3566174	7955.ENSDARP00000004708	34.8	1
3569535	7955.ENSDARP00000041514	34.8	3
3570806	7955.ENSDARP00000053867	34.7	10
3586195	7955.ENSDARP00000114555	34.7	2
3571126	7955.ENSDARP00000055964	34.5	4
3580031	7955.ENSDARP00000101802	34.4	3
3567587	7955.ENSDARP00000018348	34.1	1
3567866	7955.ENSDARP00000021338	34.0	2
3585128	7955.ENSDARP00000111991	34.0	2
3570561	7955.ENSDARP00000052356	34.0	4
3574481	7955.ENSDARP00000075482	33.9	2
3587820	7955.ENSDARP00000118753	33.9	1
3570172	7955.ENSDARP00000048675	33.8	2
3576298	7955.ENSDARP00000088110	33.8	2
3574123	7955.ENSDARP00000073610	33.7	1
3578218	7955.ENSDARP00000096695	33.3	1
3588457	7955.ENSDARP00000120430	33.1	1
3570710	7955.ENSDARP00000053266	32.9	1
3583645	7955.ENSDARP00000109278	32.6	4
3591879	7955.ENSDARP00000129036	32.1	2
3569971	7955.ENSDARP00000046419	32.1	5
3570764	7955.ENSDARP00000053576	32.0	3
3586572	7955.ENSDARP00000115544	31.8	2
3570200	7955.ENSDARP00000048900	31.7	3
3570300	7955.ENSDARP00000050220	31.6	1
3577711	7955.ENSDARP00000094479	31.4	3
3570061	7955.ENSDARP00000047376	31.4	2
3570399	7955.ENSDARP00000051230	31.4	7
3589021	7955.ENSDARP00000121890	31.2	1
3582661	7955.ENSDARP00000107433	31.1	1
3567886	7955.ENSDARP00000021652	30.9	2
3570623	7955.ENSDARP00000052682	30.9	17
3568795	7955.ENSDARP00000031822	30.9	9
3583210	7955.ENSDARP00000108469	30.9	5
3571852	7955.ENSDARP00000060457	30.9	2
3571465	7955.ENSDARP00000058083	30.8	1
3585141	7955.ENSDARP00000112016	30.8	1
3568557	7955.ENSDARP00000028134	30.7	3
3566345	7955.ENSDARP00000006320	30.7	3
3582824	7955.ENSDARP00000107729	30.2	2
3589880	7955.ENSDARP00000124115	30.2	3
3576546	7955.ENSDARP00000089271	30.1	3
3571317	7955.ENSDARP00000057178	30.1	17
3582635	7955.ENSDARP00000107383	29.8	3
3566416	7955.ENSDARP00000006973	29.6	2
3570186	7955.ENSDARP00000048827	29.5	9
3574878	7955.ENSDARP00000077445	29.5	4
3569648	7955.ENSDARP00000042700	29.4	1
3571140	7955.ENSDARP00000056045	29.3	2
3580567	7955.ENSDARP00000103212	29.1	1
3569318	7955.ENSDARP00000038975	29.1	1
3586428	7955.ENSDARP00000115172	29.0	1
3571810	7955.ENSDARP00000060204	28.9	2
3588203	7955.ENSDARP00000119785	28.8	1
3585749	7955.ENSDARP00000113371	28.8	1
3579302	7955.ENSDARP00000099909	28.8	3
3585109	7955.ENSDARP00000111961	28.7	1
3576400	7955.ENSDARP00000088538	28.7	2
3576153	7955.ENSDARP00000087338	28.5	5
3569712	7955.ENSDARP00000043402	28.5	1
3566267	7955.ENSDARP00000005519	28.5	4
3566670	7955.ENSDARP00000009474	28.4	4
3586163	7955.ENSDARP00000114472	28.4	1
3587004	7955.ENSDARP00000116667	28.4	3
3569031	7955.ENSDARP00000035109	28.1	2
3570975	7955.ENSDARP00000055063	28.1	2
3591819	7955.ENSDARP00000128890	28.0	3
3573334	7955.ENSDARP00000069405	27.9	1
3573542	7955.ENSDARP00000070533	27.8	1
3588743	7955.ENSDARP00000121183	27.8	1
3567964	7955.ENSDARP00000022426	27.6	2
3566009	7955.ENSDARP00000003177	27.6	6
3576779	7955.ENSDARP00000090402	27.6	2
3580295	7955.ENSDARP00000102463	27.5	2
3582620	7955.ENSDARP00000107355	27.5	5
3585166	7955.ENSDARP00000112054	27.4	1
3590794	7955.ENSDARP00000126600	27.3	2
3579852	7955.ENSDARP00000101326	27.3	3
3565872	7955.ENSDARP00000001263	27.1	3
3586578	7955.ENSDARP00000115556	27.0	1
3576660	7955.ENSDARP00000089816	26.8	1
3570437	7955.ENSDARP00000051541	26.7	2
3566806	7955.ENSDARP00000010862	26.7	6
3576780	7955.ENSDARP00000090413	26.7	3
3573259	7955.ENSDARP00000069034	26.6	3
3568955	7955.ENSDARP00000034052	26.5	1
3571615	7955.ENSDARP00000058964	26.5	1
3567654	7955.ENSDARP00000019087	26.5	3
3587373	7955.ENSDARP00000117665	26.4	2
3566451	7955.ENSDARP00000007384	26.3	1
3569026	7955.ENSDARP00000035090	26.3	2
3583100	7955.ENSDARP00000108264	26.1	17
3575580	7955.ENSDARP00000082917	26.1	22
3569098	7955.ENSDARP00000036164	26.1	2
3590969	7955.ENSDARP00000126970	26.0	5
3566941	7955.ENSDARP00000012018	26.0	1
3582031	7955.ENSDARP00000106246	25.7	1
3580663	7955.ENSDARP00000103461	25.7	6
3583739	7955.ENSDARP00000109449	25.7	1
3581250	7955.ENSDARP00000104823	25.6	2
3579444	7955.ENSDARP00000100272	25.4	1
3569218	7955.ENSDARP00000037689	25.4	1
3574885	7955.ENSDARP00000077503	25.3	1
3589789	7955.ENSDARP00000123832	25.2	2
3577247	7955.ENSDARP00000092429	25.2	3
3567218	7955.ENSDARP00000014852	25.1	1
3572215	7955.ENSDARP00000062897	25.1	2
3590962	7955.ENSDARP00000126951	24.9	2
3577666	7955.ENSDARP00000094289	24.9	2
3589241	7955.ENSDARP00000122416	24.7	2
3588135	7955.ENSDARP00000119598	24.6	1
3582170	7955.ENSDARP00000106501	24.6	1
3570524	7955.ENSDARP00000052103	24.6	1
3580536	7955.ENSDARP00000103150	24.5	2
3590093	7955.ENSDARP00000124868	24.5	4
3566020	7955.ENSDARP00000003276	24.3	3
3566246	7955.ENSDARP00000005329	24.3	17
3588731	7955.ENSDARP00000121163	24.2	2
3587780	7955.ENSDARP00000118646	24.1	1
3573654	7955.ENSDARP00000071305	24.0	2
3577697	7955.ENSDARP00000094415	24.0	1
3570270	7955.ENSDARP00000049835	23.9	1
3575613	7955.ENSDARP00000083123	23.9	1
3571682	7955.ENSDARP00000059359	23.7	3
3585932	7955.ENSDARP00000113885	23.6	2
3573780	7955.ENSDARP00000072076	23.5	3
3567997	7955.ENSDARP00000022638	23.4	5
3568241	7955.ENSDARP00000024947	23.3	24
3584066	7955.ENSDARP00000110047	23.2	2
3577171	7955.ENSDARP00000092093	23.1	1
3582358	7955.ENSDARP00000106853	23.1	3
3568615	7955.ENSDARP00000029090	23.0	7
3579426	7955.ENSDARP00000100229	23.0	7
3575280	7955.ENSDARP00000080453	23.0	2
3577898	7955.ENSDARP00000095293	22.9	1
3574588	7955.ENSDARP00000075954	22.9	6
3571825	7955.ENSDARP00000060303	22.9	1
3567676	7955.ENSDARP00000019311	22.8	1
3590501	7955.ENSDARP00000125818	22.7	3
3569626	7955.ENSDARP00000042420	22.7	3
3572086	7955.ENSDARP00000062145	22.7	3
3567268	7955.ENSDARP00000015318	22.6	1
3588582	7955.ENSDARP00000120745	22.6	6
3588501	7955.ENSDARP00000120526	22.4	2
3582471	7955.ENSDARP00000107078	22.4	2
3588590	7955.ENSDARP00000120778	22.3	17
3567155	7955.ENSDARP00000014099	22.2	1
3584821	7955.ENSDARP00000111457	22.2	1
3567246	7955.ENSDARP00000015055	21.9	1
3574249	7955.ENSDARP00000074163	21.8	2
3568577	7955.ENSDARP00000028543	21.8	2
3572491	7955.ENSDARP00000064557	21.8	3
3576750	7955.ENSDARP00000090275	21.6	1
3575076	7955.ENSDARP00000078883	21.3	3
3583815	7955.ENSDARP00000109583	21.3	3
3583079	7955.ENSDARP00000108224	21.2	38
3567279	7955.ENSDARP00000015404	21.1	2
3567829	7955.ENSDARP00000020942	21.1	3
3569238	7955.ENSDARP00000037906	21.1	1
3572236	7955.ENSDARP00000063009	20.9	2
3591761	7955.ENSDARP00000128773	20.7	4
3572985	7955.ENSDARP00000067595	20.6	2
3576544	7955.ENSDARP00000089263	20.5	6
3566187	7955.ENSDARP00000004843	20.5	2
3587204	7955.ENSDARP00000117212	20.5	2
3570619	7955.ENSDARP00000052655	20.4	1
3589094	7955.ENSDARP00000122069	20.3	2
3567845	7955.ENSDARP00000021124	20.3	5
3571092	7955.ENSDARP00000055741	20.2	5
3568584	7955.ENSDARP00000028641	20.2	1
3590791	7955.ENSDARP00000126589	20.1	6
3579807	7955.ENSDARP00000101202	20.0	3
3572357	7955.ENSDARP00000063773	20.0	6
3567404	7955.ENSDARP00000016622	19.9	5
3590352	7955.ENSDARP00000125469	19.9	5
3581730	7955.ENSDARP00000105696	19.9	2
3578192	7955.ENSDARP00000096586	19.9	8
3570013	7955.ENSDARP00000046890	19.9	1
3566017	7955.ENSDARP00000003250	19.8	1
3575833	7955.ENSDARP00000084821	19.8	2
3581773	7955.ENSDARP00000105768	19.7	2
3569997	7955.ENSDARP00000046693	19.7	2
3578643	7955.ENSDARP00000098188	19.6	6
3571527	7955.ENSDARP00000058483	19.6	2
3568290	7955.ENSDARP00000025441	19.5	1
3584135	7955.ENSDARP00000110193	19.5	2
3568724	7955.ENSDARP00000030813	19.5	5
3577554	7955.ENSDARP00000093850	19.5	1
3588396	7955.ENSDARP00000120266	19.4	2
3578699	7955.ENSDARP00000098331	19.3	6
3585032	7955.ENSDARP00000111827	19.2	1
3568220	7955.ENSDARP00000024694	19.2	2
3586095	7955.ENSDARP00000114309	19.2	1
3581183	7955.ENSDARP00000104687	19.2	1
3573347	7955.ENSDARP00000069494	19.1	1
3571538	7955.ENSDARP00000058536	18.9	2
3570414	7955.ENSDARP00000051361	18.8	36
3568068	7955.ENSDARP00000023322	18.7	1
3570831	7955.ENSDARP00000054025	18.7	1
3586029	7955.ENSDARP00000114134	18.7	1
3567196	7955.ENSDARP00000014578	18.7	4
3571599	7955.ENSDARP00000058889	18.5	2
3585934	7955.ENSDARP00000113889	18.4	1
3576936	7955.ENSDARP00000091083	18.4	1
3574763	7955.ENSDARP00000076731	18.4	1
3585101	7955.ENSDARP00000111947	18.4	7
3571369	7955.ENSDARP00000057499	18.3	1
3582222	7955.ENSDARP00000106592	18.2	1
3570291	7955.ENSDARP00000050129	18.1	1
3574575	7955.ENSDARP00000075883	18.1	1
3570373	7955.ENSDARP00000050970	18.1	2
3581941	7955.ENSDARP00000106078	18.1	2
3572789	7955.ENSDARP00000066567	18.1	2
3586657	7955.ENSDARP00000115754	18.1	1
3566652	7955.ENSDARP00000009285	18.0	1
3568439	7955.ENSDARP00000026895	17.9	1
3569868	7955.ENSDARP00000045149	17.8	2
3576624	7955.ENSDARP00000089694	17.8	3
3590869	7955.ENSDARP00000126762	17.7	1
3587275	7955.ENSDARP00000117394	17.6	8
3567765	7955.ENSDARP00000020214	17.6	4
3574354	7955.ENSDARP00000074827	17.4	6
3580225	7955.ENSDARP00000102304	17.1	1
3569770	7955.ENSDARP00000043960	17.0	2
3586737	7955.ENSDARP00000115964	16.5	26
3569960	7955.ENSDARP00000046217	16.4	18
3577888	7955.ENSDARP00000095260	16.4	1
3583861	7955.ENSDARP00000109668	16.3	1
3568511	7955.ENSDARP00000027635	16.3	1
3567563	7955.ENSDARP00000018027	16.3	1
3587482	7955.ENSDARP00000117916	16.2	3
3577505	7955.ENSDARP00000093667	16.2	2
3588064	7955.ENSDARP00000119402	16.2	1
3569029	7955.ENSDARP00000035106	16.1	2
3572284	7955.ENSDARP00000063256	16.0	2
3574782	7955.ENSDARP00000076803	16.0	3
3567363	7955.ENSDARP00000016165	16.0	2
3578060	7955.ENSDARP00000096087	15.9	1
3582564	7955.ENSDARP00000107250	15.9	3
3576711	7955.ENSDARP00000090093	15.8	1
3591626	7955.ENSDARP00000128493	15.7	1
3574316	7955.ENSDARP00000074570	15.7	2
3568449	7955.ENSDARP00000026992	15.7	3
3584765	7955.ENSDARP00000111326	15.5	34
3589775	7955.ENSDARP00000123794	15.5	1
3587202	7955.ENSDARP00000117208	15.4	3
3581289	7955.ENSDARP00000104897	15.3	1
3566881	7955.ENSDARP00000011428	15.3	1
3566135	7955.ENSDARP00000004205	15.3	1
3580760	7955.ENSDARP00000103705	15.3	2
3587848	7955.ENSDARP00000118825	15.3	1
3565857	7955.ENSDARP00000000952	15.2	1
3585751	7955.ENSDARP00000113373	15.2	11
3568225	7955.ENSDARP00000024748	15.0	1
3566313	7955.ENSDARP00000006001	15.0	1
3570413	7955.ENSDARP00000051359	15.0	28
3579997	7955.ENSDARP00000101713	15.0	3
3569018	7955.ENSDARP00000034945	14.9	1
3569077	7955.ENSDARP00000035859	14.8	4
3587552	7955.ENSDARP00000118068	14.8	11
3567658	7955.ENSDARP00000019103	14.8	4
3579264	7955.ENSDARP00000099772	14.8	33
3586379	7955.ENSDARP00000115054	14.7	33
3567758	7955.ENSDARP00000020181	14.7	2
3585052	7955.ENSDARP00000111867	14.6	1
3572794	7955.ENSDARP00000066589	14.6	2
3566060	7955.ENSDARP00000003530	14.5	1
3592133	7955.ENSDARP00000129592	14.4	1
3566607	7955.ENSDARP00000008834	14.4	2
3587396	7955.ENSDARP00000117730	14.3	1
3565920	7955.ENSDARP00000002360	14.3	2
3574824	7955.ENSDARP00000076957	14.2	1
3578864	7955.ENSDARP00000098745	14.2	2
3582797	7955.ENSDARP00000107686	14.2	1
3573605	7955.ENSDARP00000070950	14.2	1
3568050	7955.ENSDARP00000023158	14.2	2
3569941	7955.ENSDARP00000045990	14.2	1
3580891	7955.ENSDARP00000104051	14.2	1
3580266	7955.ENSDARP00000102398	14.0	2
3568442	7955.ENSDARP00000026919	14.0	1
3579687	7955.ENSDARP00000100903	13.9	2
3572337	7955.ENSDARP00000063641	13.9	2
3585060	7955.ENSDARP00000111877	13.7	2
3591858	7955.ENSDARP00000128988	13.7	2
3572362	7955.ENSDARP00000063805	13.7	2
3575405	7955.ENSDARP00000081514	13.6	3
3575418	7955.ENSDARP00000081585	13.6	1
3570197	7955.ENSDARP00000048886	13.5	1
3587185	7955.ENSDARP00000117151	13.4	1
3570206	7955.ENSDARP00000049002	13.4	2
3587976	7955.ENSDARP00000119169	13.1	1
3573406	7955.ENSDARP00000069820	13.1	1
3576360	7955.ENSDARP00000088399	13.0	4
3588072	7955.ENSDARP00000119415	12.9	1
3577927	7955.ENSDARP00000095394	12.9	1
3584407	7955.ENSDARP00000110687	12.7	1
3567152	7955.ENSDARP00000014065	12.7	5
3576777	7955.ENSDARP00000090396	12.6	3
3566224	7955.ENSDARP00000005206	12.6	3
3586775	7955.ENSDARP00000116075	12.6	31
3566867	7955.ENSDARP00000011311	12.5	2
3584034	7955.ENSDARP00000109993	12.4	3
3567811	7955.ENSDARP00000020770	12.4	2
3574906	7955.ENSDARP00000077691	12.2	1
3587911	7955.ENSDARP00000118986	12.1	1
3588422	7955.ENSDARP00000120334	12.1	1
3575199	7955.ENSDARP00000079877	12.1	1
3585577	7955.ENSDARP00000112940	11.8	5
3585965	7955.ENSDARP00000113965	11.8	6
3574101	7955.ENSDARP00000073498	11.7	2
3588680	7955.ENSDARP00000121021	11.6	1
3586449	7955.ENSDARP00000115240	11.6	1
3577426	7955.ENSDARP00000093324	11.6	1
3580103	7955.ENSDARP00000101995	11.5	1
3574943	7955.ENSDARP00000077878	11.4	3
3573607	7955.ENSDARP00000070953	11.3	1
3569447	7955.ENSDARP00000040537	11.3	2
3566635	7955.ENSDARP00000009149	11.2	2
3567046	7955.ENSDARP00000012931	11.2	1
3588155	7955.ENSDARP00000119651	11.2	2
3566999	7955.ENSDARP00000012500	11.2	1
3569056	7955.ENSDARP00000035494	11.2	1
3574634	7955.ENSDARP00000076180	11.2	4
3574696	7955.ENSDARP00000076404	11.2	1
3580107	7955.ENSDARP00000102004	11.1	1
3568185	7955.ENSDARP00000024354	11.1	1
3578132	7955.ENSDARP00000096384	11.1	2
3566826	7955.ENSDARP00000010992	11.0	1
3572817	7955.ENSDARP00000066758	11.0	1
3571595	7955.ENSDARP00000058875	11.0	1
3592053	7955.ENSDARP00000129408	10.9	1
3574680	7955.ENSDARP00000076350	10.8	2
3570094	7955.ENSDARP00000047715	10.7	1
3576715	7955.ENSDARP00000090113	10.7	1
3570109	7955.ENSDARP00000047901	10.7	2
3567635	7955.ENSDARP00000018877	10.6	1
3581547	7955.ENSDARP00000105375	10.6	3
3576409	7955.ENSDARP00000088599	10.6	1
3572818	7955.ENSDARP00000066759	10.5	1
3584919	7955.ENSDARP00000111628	10.4	1
3588968	7955.ENSDARP00000121735	10.4	2
3577897	7955.ENSDARP00000095292	10.4	1
3567941	7955.ENSDARP00000022219	10.4	1
3591117	7955.ENSDARP00000127355	10.4	1
3569866	7955.ENSDARP00000045125	10.3	5
3569774	7955.ENSDARP00000044056	10.3	2
3567081	7955.ENSDARP00000013280	10.2	1
3573833	7955.ENSDARP00000072337	10.2	6
3573493	7955.ENSDARP00000070277	10.2	1
3588692	7955.ENSDARP00000121065	10.2	1
3569144	7955.ENSDARP00000036825	10.0	1
3574272	7955.ENSDARP00000074315	10.0	4
3589827	7955.ENSDARP00000123968	9.95	4
3567610	7955.ENSDARP00000018627	9.89	2
3567205	7955.ENSDARP00000014740	9.81	1
3589535	7955.ENSDARP00000123163	9.78	1
3585533	7955.ENSDARP00000112841	9.66	1
3582619	7955.ENSDARP00000107353	9.59	1
3570237	7955.ENSDARP00000049374	9.59	3
3582141	7955.ENSDARP00000106441	9.43	23
3585842	7955.ENSDARP00000113622	9.43	1
3569448	7955.ENSDARP00000040541	9.42	1
3582215	7955.ENSDARP00000106579	9.38	1
3571048	7955.ENSDARP00000055491	9.33	2
3572970	7955.ENSDARP00000067534	9.3	2
3570338	7955.ENSDARP00000050643	9.25	4
3569169	7955.ENSDARP00000037108	9.11	5
3574387	7955.ENSDARP00000074972	9.11	4
3582933	7955.ENSDARP00000107935	9.05	1
3571128	7955.ENSDARP00000055970	8.91	1
3577965	7955.ENSDARP00000095538	8.8	4
3584968	7955.ENSDARP00000111715	8.79	1
3581966	7955.ENSDARP00000106130	8.78	2
3587429	7955.ENSDARP00000117813	8.73	1
3567670	7955.ENSDARP00000019229	8.68	2
3583113	7955.ENSDARP00000108289	8.68	5
3580804	7955.ENSDARP00000103823	8.58	2
3569787	7955.ENSDARP00000044183	8.57	3
3584842	7955.ENSDARP00000111488	8.55	3
3589782	7955.ENSDARP00000123814	8.55	2
3577718	7955.ENSDARP00000094521	8.52	1
3570364	7955.ENSDARP00000050915	8.52	2
3579333	7955.ENSDARP00000099985	8.49	2
3574150	7955.ENSDARP00000073748	8.48	1
3571953	7955.ENSDARP00000061142	8.46	1
3584604	7955.ENSDARP00000111043	8.36	1
3568923	7955.ENSDARP00000033554	8.33	2
3576091	7955.ENSDARP00000086821	8.32	1
3580286	7955.ENSDARP00000102443	8.29	2
3572868	7955.ENSDARP00000067004	8.24	1
3578000	7955.ENSDARP00000095720	8.14	5
3575787	7955.ENSDARP00000084443	8.13	1
3580359	7955.ENSDARP00000102663	7.9	1
3580959	7955.ENSDARP00000104215	7.89	1
3584509	7955.ENSDARP00000110873	7.89	1
3570154	7955.ENSDARP00000048468	7.87	1
3577663	7955.ENSDARP00000094283	7.71	1
3566804	7955.ENSDARP00000010840	7.69	3
3569278	7955.ENSDARP00000038550	7.69	1
3566529	7955.ENSDARP00000008048	7.63	1
3568970	7955.ENSDARP00000034228	7.61	3
3575766	7955.ENSDARP00000084286	7.59	3
3569723	7955.ENSDARP00000043515	7.56	1
3587266	7955.ENSDARP00000117378	7.52	2
3568404	7955.ENSDARP00000026560	7.48	1
3566059	7955.ENSDARP00000003525	7.44	1
3573386	7955.ENSDARP00000069695	7.42	10
3568182	7955.ENSDARP00000024338	7.3	1
3565851	7955.ENSDARP00000000514	7.18	1
3582959	7955.ENSDARP00000107990	7.16	1
3568755	7955.ENSDARP00000031210	7.13	1
3580231	7955.ENSDARP00000102321	7.12	1
3572906	7955.ENSDARP00000067158	7.12	2
3579239	7955.ENSDARP00000099721	7.12	2
3588242	7955.ENSDARP00000119878	7.09	1
3584554	7955.ENSDARP00000110951	7.06	3
3588418	7955.ENSDARP00000120324	7.06	3
3588866	7955.ENSDARP00000121492	6.99	2
3579959	7955.ENSDARP00000101616	6.98	1
3580865	7955.ENSDARP00000103977	6.97	1
3578887	7955.ENSDARP00000098796	6.96	1
3570568	7955.ENSDARP00000052384	6.93	2
3586864	7955.ENSDARP00000116301	6.93	1
3569796	7955.ENSDARP00000044313	6.91	1
3592246	7955.ENSDARP00000129848	6.91	1
3565954	7955.ENSDARP00000002746	6.83	5
3586665	7955.ENSDARP00000115785	6.72	2
3590982	7955.ENSDARP00000126999	6.7	1
3571736	7955.ENSDARP00000059795	6.69	1
3571246	7955.ENSDARP00000056685	6.64	1
3575372	7955.ENSDARP00000081295	6.64	2
3570079	7955.ENSDARP00000047527	6.64	2
3572258	7955.ENSDARP00000063099	6.63	2
3566860	7955.ENSDARP00000011269	6.5	19
3586992	7955.ENSDARP00000116646	6.5	2
3590522	7955.ENSDARP00000125872	6.49	2
3579152	7955.ENSDARP00000099489	6.48	1
3568172	7955.ENSDARP00000024272	6.46	4
3591166	7955.ENSDARP00000127485	6.45	1
3584788	7955.ENSDARP00000111380	6.45	2
3582402	7955.ENSDARP00000106941	6.45	1
3572428	7955.ENSDARP00000064171	6.4	1
3574527	7955.ENSDARP00000075688	6.35	1
3568803	7955.ENSDARP00000032005	6.33	2
3566586	7955.ENSDARP00000008601	6.32	3
3567578	7955.ENSDARP00000018197	6.2	1
3586000	7955.ENSDARP00000114052	6.13	1
3590833	7955.ENSDARP00000126680	6.1	3
3566375	7955.ENSDARP00000006549	6.09	1
3586558	7955.ENSDARP00000115509	6.05	2
3592118	7955.ENSDARP00000129555	6.04	1
3571178	7955.ENSDARP00000056279	6.03	4
3565934	7955.ENSDARP00000002502	6.03	1
3584235	7955.ENSDARP00000110363	5.96	1
3591564	7955.ENSDARP00000128354	5.96	2
3576112	7955.ENSDARP00000087010	5.95	1
3572471	7955.ENSDARP00000064461	5.95	1
3586119	7955.ENSDARP00000114366	5.95	8
3573776	7955.ENSDARP00000072059	5.94	1
3572064	7955.ENSDARP00000061954	5.92	1
3568061	7955.ENSDARP00000023241	5.91	1
3576902	7955.ENSDARP00000090943	5.88	1
3566360	7955.ENSDARP00000006424	5.83	2
3585746	7955.ENSDARP00000113362	5.73	2
3568231	7955.ENSDARP00000024817	5.63	2
3583311	7955.ENSDARP00000108671	5.57	1
3572783	7955.ENSDARP00000066500	5.54	1
3567362	7955.ENSDARP00000016160	5.49	1
3582341	7955.ENSDARP00000106819	5.45	1
3569986	7955.ENSDARP00000046586	5.45	1
3578825	7955.ENSDARP00000098660	5.43	2
3573996	7955.ENSDARP00000073022	5.42	1
3571421	7955.ENSDARP00000057822	5.41	1
3583341	7955.ENSDARP00000108718	5.27	1
3578549	7955.ENSDARP00000097975	5.25	1
3572268	7955.ENSDARP00000063146	5.22	4
3582639	7955.ENSDARP00000107390	5.2	3
3580416	7955.ENSDARP00000102837	5.08	1
3575446	7955.ENSDARP00000081816	5.02	1
3572145	7955.ENSDARP00000062521	4.99	1
3586989	7955.ENSDARP00000116630	4.94	1
3580441	7955.ENSDARP00000102905	4.93	1
3572260	7955.ENSDARP00000063107	4.91	2
3566212	7955.ENSDARP00000005085	4.91	1
3578616	7955.ENSDARP00000098122	4.88	2
3581583	7955.ENSDARP00000105444	4.88	2
3590854	7955.ENSDARP00000126725	4.87	7
3576912	7955.ENSDARP00000090972	4.84	1
3576911	7955.ENSDARP00000090970	4.84	1
3568194	7955.ENSDARP00000024433	4.82	1
3590120	7955.ENSDARP00000124961	4.8	1
3582415	7955.ENSDARP00000106960	4.73	1
3581199	7955.ENSDARP00000104714	4.69	1
3571211	7955.ENSDARP00000056493	4.69	1
3586352	7955.ENSDARP00000114988	4.68	1
3589540	7955.ENSDARP00000123181	4.66	1
3573314	7955.ENSDARP00000069275	4.58	3
3585149	7955.ENSDARP00000112030	4.56	1
3579155	7955.ENSDARP00000099498	4.52	5
3574978	7955.ENSDARP00000078114	4.52	3
3573328	7955.ENSDARP00000069336	4.49	1
3577420	7955.ENSDARP00000093301	4.41	1
3575416	7955.ENSDARP00000081582	4.4	1
3576390	7955.ENSDARP00000088494	4.37	3
3588838	7955.ENSDARP00000121430	4.33	4
3578741	7955.ENSDARP00000098436	4.28	1
3580951	7955.ENSDARP00000104195	4.24	1
3566894	7955.ENSDARP00000011549	4.15	4
3577376	7955.ENSDARP00000093111	4.14	1
3582077	7955.ENSDARP00000106325	4.11	1
3573355	7955.ENSDARP00000069541	4.06	1
3588139	7955.ENSDARP00000119608	4.06	1
3580358	7955.ENSDARP00000102662	4.05	4
3568639	7955.ENSDARP00000029477	3.97	3
3566884	7955.ENSDARP00000011459	3.94	1
3587343	7955.ENSDARP00000117582	3.93	4
3571809	7955.ENSDARP00000060202	3.91	1
3578240	7955.ENSDARP00000096826	3.88	1
3583729	7955.ENSDARP00000109429	3.87	1
3576584	7955.ENSDARP00000089461	3.83	2
3569611	7955.ENSDARP00000042254	3.79	1
3570218	7955.ENSDARP00000049176	3.79	1
3591284	7955.ENSDARP00000127756	3.76	1
3570511	7955.ENSDARP00000052053	3.74	2
3576588	7955.ENSDARP00000089476	3.7	2
3572259	7955.ENSDARP00000063106	3.65	1
3572565	7955.ENSDARP00000065056	3.62	1
3569947	7955.ENSDARP00000046065	3.58	2
3571066	7955.ENSDARP00000055592	3.58	5
3587110	7955.ENSDARP00000116967	3.57	4
3571266	7955.ENSDARP00000056812	3.57	1
3575969	7955.ENSDARP00000085962	3.53	1
3566075	7955.ENSDARP00000003666	3.51	1
3567108	7955.ENSDARP00000013512	3.47	1
3572311	7955.ENSDARP00000063491	3.47	1
3574230	7955.ENSDARP00000074081	3.42	1
3580957	7955.ENSDARP00000104209	3.4	2
3578020	7955.ENSDARP00000095870	3.39	2
3574919	7955.ENSDARP00000077752	3.23	1
3589567	7955.ENSDARP00000123249	3.19	1
3586026	7955.ENSDARP00000114114	3.17	1
3573127	7955.ENSDARP00000068317	3.16	2
3580364	7955.ENSDARP00000102675	3.16	1
3590887	7955.ENSDARP00000126806	3.15	1
3589369	7955.ENSDARP00000122737	3.12	1
3583932	7955.ENSDARP00000109800	3.11	2
3568868	7955.ENSDARP00000032935	3.06	1
3577855	7955.ENSDARP00000095111	3.03	1
3587330	7955.ENSDARP00000117551	3.0	1
3574623	7955.ENSDARP00000076115	2.99	1
3582746	7955.ENSDARP00000107582	2.98	1
3579451	7955.ENSDARP00000100290	2.94	2
3567754	7955.ENSDARP00000020154	2.89	1
3573619	7955.ENSDARP00000070999	2.88	1
3570113	7955.ENSDARP00000047935	2.84	1
3589020	7955.ENSDARP00000121889	2.81	1
3587403	7955.ENSDARP00000117746	2.8	1
3567791	7955.ENSDARP00000020522	2.76	1
3591456	7955.ENSDARP00000128135	2.75	1
3582982	7955.ENSDARP00000108050	2.69	1
3574927	7955.ENSDARP00000077786	2.66	2
3567442	7955.ENSDARP00000016922	2.66	1
3569777	7955.ENSDARP00000044084	2.65	2
3574530	7955.ENSDARP00000075715	2.58	1
3584936	7955.ENSDARP00000111661	2.58	1
3573855	7955.ENSDARP00000072424	2.51	2
3580326	7955.ENSDARP00000102561	2.5	1
3590089	7955.ENSDARP00000124846	2.49	1
3568645	7955.ENSDARP00000029601	2.46	1
3589906	7955.ENSDARP00000124211	2.37	1
3573121	7955.ENSDARP00000068269	2.34	1
3577741	7955.ENSDARP00000094626	2.21	2
3566888	7955.ENSDARP00000011510	2.12	1
3575165	7955.ENSDARP00000079663	2.03	1
3585903	7955.ENSDARP00000113805	1.96	1
3591083	7955.ENSDARP00000127252	1.89	1
3575676	7955.ENSDARP00000083644	1.88	1
3577502	7955.ENSDARP00000093657	1.86	1
3569831	7955.ENSDARP00000044775	1.86	1
3566277	7955.ENSDARP00000005640	1.85	1
3576947	7955.ENSDARP00000091115	1.77	1
3589338	7955.ENSDARP00000122643	1.72	1
3585618	7955.ENSDARP00000113029	1.71	1
3583321	7955.ENSDARP00000108688	1.7	1
3590163	7955.ENSDARP00000125089	1.69	9
3588110	7955.ENSDARP00000119520	1.69	1
3576457	7955.ENSDARP00000088868	1.69	1
3589280	7955.ENSDARP00000122502	1.69	9
3586894	7955.ENSDARP00000116372	1.68	9
3586384	7955.ENSDARP00000115072	1.68	9
3588860	7955.ENSDARP00000121484	1.68	9
3568778	7955.ENSDARP00000031658	1.67	2
3572916	7955.ENSDARP00000067187	1.58	2
3588608	7955.ENSDARP00000120827	1.53	1
3585277	7955.ENSDARP00000112231	1.53	1
3571271	7955.ENSDARP00000056852	1.51	8
3575819	7955.ENSDARP00000084725	1.5	1
3589622	7955.ENSDARP00000123393	1.46	2
3571642	7955.ENSDARP00000059181	1.37	1
3581173	7955.ENSDARP00000104674	1.34	2
3591698	7955.ENSDARP00000128634	1.31	1
3572261	7955.ENSDARP00000063127	1.31	1
3572805	7955.ENSDARP00000066664	1.28	1
3581889	7955.ENSDARP00000105982	1.28	1
3576691	7955.ENSDARP00000090014	1.28	4
3576757	7955.ENSDARP00000090306	1.27	7
3591779	7955.ENSDARP00000128806	1.26	1
3565910	7955.ENSDARP00000002260	1.21	1
3569680	7955.ENSDARP00000043111	1.2	1
3572246	7955.ENSDARP00000063057	1.18	1
3577172	7955.ENSDARP00000092100	1.17	1
3577202	7955.ENSDARP00000092253	1.16	1
3576659	7955.ENSDARP00000089814	1.15	2
3574080	7955.ENSDARP00000073415	1.13	6
3581291	7955.ENSDARP00000104899	1.11	2
3577346	7955.ENSDARP00000092924	1.09	1
3580768	7955.ENSDARP00000103730	1.0	1
3580261	7955.ENSDARP00000102385	0.939	2
3587890	7955.ENSDARP00000118929	0.908	3
3569976	7955.ENSDARP00000046453	0.901	2
3580884	7955.ENSDARP00000104033	0.881	2
3570107	7955.ENSDARP00000047864	0.851	2
3570263	7955.ENSDARP00000049719	0.831	1
3571270	7955.ENSDARP00000056848	0.827	5
3584912	7955.ENSDARP00000111618	0.825	1
3591822	7955.ENSDARP00000128902	0.808	4
3582318	7955.ENSDARP00000106783	0.79	1
3565846	7955.ENSDARP00000000382	0.789	1
3569869	7955.ENSDARP00000045176	0.729	1
3580761	7955.ENSDARP00000103712	0.689	2
3583250	7955.ENSDARP00000108536	0.681	4
3566660	7955.ENSDARP00000009356	0.653	4
3574059	7955.ENSDARP00000073345	0.652	2
3588803	7955.ENSDARP00000121344	0.595	1
3575019	7955.ENSDARP00000078382	0.587	1
3566688	7955.ENSDARP00000009659	0.586	1
3569178	7955.ENSDARP00000037198	0.573	1
3567059	7955.ENSDARP00000013042	0.568	1
3590309	7955.ENSDARP00000125383	0.557	1
3568166	7955.ENSDARP00000024210	0.548	1
3573872	7955.ENSDARP00000072498	0.548	2
3589802	7955.ENSDARP00000123888	0.547	1
3588302	7955.ENSDARP00000120039	0.53	1
3586714	7955.ENSDARP00000115909	0.521	1
3569450	7955.ENSDARP00000040554	0.519	1
3578090	7955.ENSDARP00000096251	0.464	1
3566932	7955.ENSDARP00000011898	0.461	1
3573005	7955.ENSDARP00000067688	0.445	1
3589780	7955.ENSDARP00000123810	0.405	1
3591961	7955.ENSDARP00000129212	0.401	1
3574550	7955.ENSDARP00000075800	0.392	1
3573310	7955.ENSDARP00000069260	0.388	1
3570005	7955.ENSDARP00000046791	0.366	1
3576928	7955.ENSDARP00000091059	0.356	1
3574780	7955.ENSDARP00000076797	0.354	1
3575434	7955.ENSDARP00000081684	0.345	1
3579166	7955.ENSDARP00000099532	0.345	1
3587647	7955.ENSDARP00000118321	0.336	2
3574461	7955.ENSDARP00000075360	0.329	1
3590124	7955.ENSDARP00000124972	0.324	1
3580538	7955.ENSDARP00000103154	0.276	2
3590950	7955.ENSDARP00000126924	0.269	2
3577379	7955.ENSDARP00000093124	0.26	1
3585228	7955.ENSDARP00000112146	0.248	3
3590834	7955.ENSDARP00000126683	0.229	3
3591360	7955.ENSDARP00000127934	0.226	1
3576509	7955.ENSDARP00000089105	0.224	3
3586107	7955.ENSDARP00000114332	0.224	3
3582586	7955.ENSDARP00000107286	0.223	3
3587221	7955.ENSDARP00000117255	0.216	3
3590277	7955.ENSDARP00000125323	0.215	1
3587267	7955.ENSDARP00000117380	0.215	3
3576870	7955.ENSDARP00000090800	0.212	3
3577329	7955.ENSDARP00000092817	0.208	3
3590824	7955.ENSDARP00000126660	0.207	3
3576334	7955.ENSDARP00000088283	0.206	3
3578712	7955.ENSDARP00000098365	0.2	3
3590926	7955.ENSDARP00000126880	0.2	3
3590425	7955.ENSDARP00000125615	0.199	3
3580652	7955.ENSDARP00000103429	0.198	3
3590254	7955.ENSDARP00000125268	0.198	1
3583832	7955.ENSDARP00000109621	0.197	3
3584109	7955.ENSDARP00000110138	0.196	3
3587356	7955.ENSDARP00000117616	0.192	3
3589737	7955.ENSDARP00000123666	0.191	3
3590799	7955.ENSDARP00000126607	0.188	3
3585773	7955.ENSDARP00000113434	0.188	3
3585728	7955.ENSDARP00000113317	0.188	3
3586442	7955.ENSDARP00000115222	0.186	3
3587059	7955.ENSDARP00000116832	0.186	3
3588465	7955.ENSDARP00000120445	0.186	3
3586311	7955.ENSDARP00000114868	0.185	3
3590891	7955.ENSDARP00000126814	0.183	3
3591317	7955.ENSDARP00000127840	0.183	3
3588930	7955.ENSDARP00000121660	0.182	3
3586514	7955.ENSDARP00000115410	0.181	3
3578385	7955.ENSDARP00000097516	0.181	3
3581944	7955.ENSDARP00000106083	0.18	3
3590867	7955.ENSDARP00000126760	0.18	3
3581484	7955.ENSDARP00000105275	0.18	3
3590728	7955.ENSDARP00000126422	0.18	3
3581638	7955.ENSDARP00000105545	0.18	3
3585632	7955.ENSDARP00000113059	0.18	3
3587828	7955.ENSDARP00000118762	0.18	3
3587390	7955.ENSDARP00000117718	0.178	3
3588193	7955.ENSDARP00000119753	0.176	3
3586215	7955.ENSDARP00000114613	0.176	3
3582115	7955.ENSDARP00000106393	0.176	3
3585719	7955.ENSDARP00000113293	0.176	3
3578530	7955.ENSDARP00000097928	0.175	3
3589526	7955.ENSDARP00000123142	0.175	3
3590801	7955.ENSDARP00000126609	0.174	3
3588711	7955.ENSDARP00000121112	0.174	3
3578239	7955.ENSDARP00000096822	0.173	1
3582438	7955.ENSDARP00000107003	0.173	3
3581531	7955.ENSDARP00000105353	0.173	3
3590745	7955.ENSDARP00000126456	0.173	3
3590995	7955.ENSDARP00000127029	0.173	3
3584754	7955.ENSDARP00000111303	0.171	2
3582084	7955.ENSDARP00000106336	0.171	3
3587900	7955.ENSDARP00000118953	0.17	3
3589686	7955.ENSDARP00000123539	0.17	3
3588534	7955.ENSDARP00000120625	0.17	3
3581311	7955.ENSDARP00000104937	0.17	3
3586849	7955.ENSDARP00000116247	0.17	3
3588229	7955.ENSDARP00000119851	0.17	3
3587645	7955.ENSDARP00000118311	0.169	3
3582606	7955.ENSDARP00000107320	0.168	3
3588008	7955.ENSDARP00000119246	0.167	3
3587320	7955.ENSDARP00000117528	0.166	3
3583111	7955.ENSDARP00000108286	0.166	3
3588523	7955.ENSDARP00000120603	0.166	3
3590835	7955.ENSDARP00000126687	0.165	3
3587959	7955.ENSDARP00000119114	0.165	3
3588049	7955.ENSDARP00000119366	0.165	3
3587118	7955.ENSDARP00000116988	0.165	3
3587226	7955.ENSDARP00000117264	0.163	3
3587281	7955.ENSDARP00000117405	0.163	3
3590777	7955.ENSDARP00000126548	0.162	3
3587001	7955.ENSDARP00000116663	0.161	3
3585793	7955.ENSDARP00000113485	0.161	3
3587558	7955.ENSDARP00000118083	0.16	3
3580806	7955.ENSDARP00000103825	0.16	3
3587735	7955.ENSDARP00000118555	0.159	3
3584957	7955.ENSDARP00000111693	0.159	1
3586726	7955.ENSDARP00000115939	0.157	3
3587608	7955.ENSDARP00000118203	0.157	3
3587572	7955.ENSDARP00000118117	0.157	3
3590727	7955.ENSDARP00000126415	0.156	3
3590691	7955.ENSDARP00000126335	0.156	3
3578590	7955.ENSDARP00000098062	0.156	3
3588880	7955.ENSDARP00000121523	0.156	3
3588048	7955.ENSDARP00000119364	0.155	3
3578932	7955.ENSDARP00000098912	0.154	3
3589398	7955.ENSDARP00000122822	0.154	3
3588686	7955.ENSDARP00000121035	0.153	2
3588861	7955.ENSDARP00000121487	0.153	2
3579526	7955.ENSDARP00000100467	0.152	1
3581728	7955.ENSDARP00000105693	0.151	3
3585446	7955.ENSDARP00000112568	0.15	3
3587280	7955.ENSDARP00000117403	0.149	3
3588725	7955.ENSDARP00000121149	0.149	3
3584748	7955.ENSDARP00000111292	0.148	3
3578959	7955.ENSDARP00000098985	0.148	2
3586223	7955.ENSDARP00000114634	0.146	3
3586571	7955.ENSDARP00000115543	0.146	3
3585924	7955.ENSDARP00000113864	0.145	3
3587123	7955.ENSDARP00000117001	0.143	3
3589618	7955.ENSDARP00000123388	0.143	3
3586365	7955.ENSDARP00000115020	0.143	2
3590755	7955.ENSDARP00000126480	0.142	3
3586656	7955.ENSDARP00000115752	0.141	3
3585461	7955.ENSDARP00000112604	0.141	3
3588206	7955.ENSDARP00000119791	0.138	3
3586011	7955.ENSDARP00000114081	0.137	3
3586073	7955.ENSDARP00000114262	0.136	3
3590773	7955.ENSDARP00000126533	0.136	3
3579274	7955.ENSDARP00000099801	0.135	2
3587428	7955.ENSDARP00000117812	0.135	3
3586434	7955.ENSDARP00000115194	0.134	3
3585440	7955.ENSDARP00000112551	0.133	3
3589701	7955.ENSDARP00000123564	0.133	3
3589628	7955.ENSDARP00000123407	0.132	3
3586139	7955.ENSDARP00000114421	0.13	3
3590781	7955.ENSDARP00000126558	0.13	3
3590210	7955.ENSDARP00000125184	0.129	3
3587011	7955.ENSDARP00000116689	0.129	3
3585366	7955.ENSDARP00000112409	0.128	3
3579699	7955.ENSDARP00000100956	0.124	1
3590732	7955.ENSDARP00000126432	0.124	2
3588282	7955.ENSDARP00000119981	0.124	3
3586396	7955.ENSDARP00000115095	0.123	3
3579088	7955.ENSDARP00000099331	0.122	1
3580870	7955.ENSDARP00000104001	0.12	1
3587917	7955.ENSDARP00000118999	0.119	1
3579833	7955.ENSDARP00000101267	0.115	2
3590445	7955.ENSDARP00000125666	0.113	1
3584048	7955.ENSDARP00000110020	0.11	2
3585717	7955.ENSDARP00000113290	0.108	1
3590299	7955.ENSDARP00000125369	0.106	1
3587194	7955.ENSDARP00000117178	0.099	2
3582252	7955.ENSDARP00000106653	0.097	1
3590844	7955.ENSDARP00000126705	0.093	1
3589673	7955.ENSDARP00000123511	0.092	2
3586205	7955.ENSDARP00000114580	0.091	1
3590783	7955.ENSDARP00000126566	0.089	1
3585731	7955.ENSDARP00000113322	0.081	2
3587646	7955.ENSDARP00000118312	0.08	1
3587738	7955.ENSDARP00000118564	0.079	1
3590173	7955.ENSDARP00000125117	0.073	1
3580233	7955.ENSDARP00000102324	0.057	1
3583358	7955.ENSDARP00000108749	0.05	1
3591475	7955.ENSDARP00000128174	0.049	1
3586584	7955.ENSDARP00000115570	0.049	1
3590821	7955.ENSDARP00000126654	0.049	1
3583633	7955.ENSDARP00000109253	0.048	1
3580234	7955.ENSDARP00000102325	0.047	1
3583201	7955.ENSDARP00000108448	0.047	1
3580327	7955.ENSDARP00000102562	0.046	1
3580928	7955.ENSDARP00000104140	0.045	1
3590784	7955.ENSDARP00000126570	0.042	1
3589138	7955.ENSDARP00000122167	0.042	1
3587652	7955.ENSDARP00000118334	0.042	1
3589264	7955.ENSDARP00000122470	0.042	1
3591656	7955.ENSDARP00000128556	0.041	1
3588261	7955.ENSDARP00000119925	0.041	1
3585286	7955.ENSDARP00000112253	0.04	1
3583772	7955.ENSDARP00000109510	0.04	1
3581373	7955.ENSDARP00000105055	0.04	1
3587708	7955.ENSDARP00000118495	0.04	1
3582033	7955.ENSDARP00000106249	0.04	1
3583561	7955.ENSDARP00000109127	0.04	1
3580650	7955.ENSDARP00000103419	0.04	1
3590335	7955.ENSDARP00000125435	0.039	1
3587097	7955.ENSDARP00000116933	0.039	1
3583231	7955.ENSDARP00000108501	0.039	1
3582911	7955.ENSDARP00000107891	0.039	1
3583338	7955.ENSDARP00000108714	0.039	1
3574923	7955.ENSDARP00000077773	0.039	1
3590726	7955.ENSDARP00000126414	0.038	1
3588133	7955.ENSDARP00000119591	0.038	1
3588874	7955.ENSDARP00000121507	0.038	1
3591131	7955.ENSDARP00000127397	0.038	1
3583910	7955.ENSDARP00000109758	0.038	1
3578670	7955.ENSDARP00000098264	0.038	1
3590295	7955.ENSDARP00000125358	0.038	1
3582414	7955.ENSDARP00000106959	0.037	1
3576829	7955.ENSDARP00000090611	0.037	1
3578234	7955.ENSDARP00000096770	0.037	1
3581255	7955.ENSDARP00000104832	0.037	1
3582710	7955.ENSDARP00000107534	0.037	1
3572449	7955.ENSDARP00000064306	0.037	1
3582211	7955.ENSDARP00000106573	0.037	1
3586181	7955.ENSDARP00000114517	0.037	1
3590718	7955.ENSDARP00000126394	0.037	1
3583741	7955.ENSDARP00000109455	0.036	1
3583603	7955.ENSDARP00000109208	0.036	1
3586704	7955.ENSDARP00000115884	0.036	1
3589472	7955.ENSDARP00000123009	0.036	1
3590269	7955.ENSDARP00000125309	0.036	1
3583936	7955.ENSDARP00000109811	0.036	1
3578446	7955.ENSDARP00000097698	0.036	1
3581085	7955.ENSDARP00000104505	0.036	1
3585581	7955.ENSDARP00000112949	0.036	1
3587792	7955.ENSDARP00000118683	0.035	1
3586855	7955.ENSDARP00000116259	0.035	1
3590700	7955.ENSDARP00000126357	0.035	1
3590358	7955.ENSDARP00000125481	0.035	1
3589037	7955.ENSDARP00000121927	0.035	1
3582305	7955.ENSDARP00000106753	0.035	1
3590322	7955.ENSDARP00000125410	0.035	1
3581123	7955.ENSDARP00000104583	0.035	1
3588323	7955.ENSDARP00000120086	0.035	1
3582496	7955.ENSDARP00000107128	0.035	1
3588234	7955.ENSDARP00000119862	0.035	1
3587944	7955.ENSDARP00000119068	0.035	1
3589317	7955.ENSDARP00000122587	0.035	1
3583669	7955.ENSDARP00000109323	0.035	1
3587773	7955.ENSDARP00000118630	0.034	1
3589654	7955.ENSDARP00000123469	0.034	1
3590421	7955.ENSDARP00000125611	0.034	1
3590362	7955.ENSDARP00000125493	0.034	1
3577997	7955.ENSDARP00000095691	0.034	1
3585564	7955.ENSDARP00000112920	0.034	1
3585733	7955.ENSDARP00000113325	0.034	1
3587307	7955.ENSDARP00000117486	0.034	1
3590355	7955.ENSDARP00000125473	0.034	1
3586145	7955.ENSDARP00000114433	0.034	1
3590780	7955.ENSDARP00000126557	0.034	1
3577230	7955.ENSDARP00000092389	0.034	1
3585201	7955.ENSDARP00000112105	0.034	1
3590717	7955.ENSDARP00000126393	0.034	1
3586047	7955.ENSDARP00000114204	0.034	1
3588157	7955.ENSDARP00000119655	0.034	1
3589539	7955.ENSDARP00000123179	0.033	1
3590062	7955.ENSDARP00000124757	0.033	1
3591769	7955.ENSDARP00000128789	0.033	1
3590249	7955.ENSDARP00000125260	0.033	1
3588897	7955.ENSDARP00000121565	0.033	1
3590198	7955.ENSDARP00000125167	0.033	1
3590315	7955.ENSDARP00000125399	0.033	1
3590207	7955.ENSDARP00000125177	0.033	1
3586255	7955.ENSDARP00000114741	0.033	1
3586027	7955.ENSDARP00000114116	0.033	1
3586997	7955.ENSDARP00000116658	0.033	1
3585936	7955.ENSDARP00000113895	0.033	1
3590411	7955.ENSDARP00000125585	0.033	1
3576768	7955.ENSDARP00000090351	0.032	1
3589487	7955.ENSDARP00000123049	0.032	1
3587195	7955.ENSDARP00000117185	0.032	1
3587610	7955.ENSDARP00000118210	0.032	1
3590398	7955.ENSDARP00000125563	0.032	1
3578237	7955.ENSDARP00000096798	0.032	1
3586447	7955.ENSDARP00000115235	0.032	1
3588223	7955.ENSDARP00000119844	0.032	1
3586102	7955.ENSDARP00000114323	0.032	1
3587032	7955.ENSDARP00000116757	0.032	1
3588720	7955.ENSDARP00000121142	0.032	1
3585905	7955.ENSDARP00000113810	0.031	1
3590709	7955.ENSDARP00000126372	0.031	1
3589044	7955.ENSDARP00000121951	0.031	1
3586653	7955.ENSDARP00000115747	0.031	1
3585727	7955.ENSDARP00000113314	0.031	1
3586347	7955.ENSDARP00000114965	0.031	1
3589671	7955.ENSDARP00000123509	0.031	1
3588893	7955.ENSDARP00000121554	0.031	1
3590261	7955.ENSDARP00000125288	0.031	1
3589555	7955.ENSDARP00000123225	0.031	1
3586886	7955.ENSDARP00000116346	0.031	1
3584779	7955.ENSDARP00000111361	0.031	1
3580676	7955.ENSDARP00000103495	0.031	1
3590713	7955.ENSDARP00000126385	0.031	1
3590401	7955.ENSDARP00000125566	0.031	1
3587998	7955.ENSDARP00000119219	0.031	1
3586321	7955.ENSDARP00000114894	0.031	1
3590379	7955.ENSDARP00000125526	0.03	1
3584032	7955.ENSDARP00000109989	0.03	1
3586848	7955.ENSDARP00000116246	0.03	1
3588980	7955.ENSDARP00000121783	0.03	1
3586302	7955.ENSDARP00000114843	0.03	1
3587721	7955.ENSDARP00000118519	0.03	1
3587616	7955.ENSDARP00000118228	0.03	1
3586342	7955.ENSDARP00000114958	0.03	1
3588401	7955.ENSDARP00000120273	0.03	1
3590770	7955.ENSDARP00000126524	0.03	1
3578778	7955.ENSDARP00000098532	0.03	1
3588699	7955.ENSDARP00000121087	0.03	1
3588439	7955.ENSDARP00000120377	0.029	1
3590381	7955.ENSDARP00000125528	0.028	1
3590211	7955.ENSDARP00000125185	0.028	1
3586852	7955.ENSDARP00000116252	0.028	1
3589855	7955.ENSDARP00000124049	0.028	1
3587551	7955.ENSDARP00000118067	0.027	1
3592174	7955.ENSDARP00000129684	0.027	1
3590369	7955.ENSDARP00000125504	0.027	1
3587560	7955.ENSDARP00000118088	0.027	1
3587839	7955.ENSDARP00000118805	0.026	1
