#id: 3570853302
#name: D.rerio - Head, SC (Kelkar,mcp,2014)
#score: 11.6
#weight: 100%
#description: abundance based on Spectral counting, Interaction consistency score: 11.6, Coverage: 9
#organ: HEAD
#integrated: false
#coverage: 9
#link: http://www.ncbi.nlm.nih.gov/pubmed/25060758
#publication_year: 2014
#filename: 7955-ZF_Head_Kelkar_2014_SEQUEST.txt
#
#internal_id	string_external_id	abundance	raw_spectral_count
3579761	7955.ENSDARP00000101082	42815	545
3581582	7955.ENSDARP00000105443	42740	1018
3567801	7955.ENSDARP00000020595	21039	183
3586273	7955.ENSDARP00000114781	17226	322
3579636	7955.ENSDARP00000100779	17096	648
3583776	7955.ENSDARP00000109518	16964	1028
3577262	7955.ENSDARP00000092488	16964	1028
3579931	7955.ENSDARP00000101541	15999	632
3585260	7955.ENSDARP00000112199	15646	302
3573421	7955.ENSDARP00000069948	13899	680
3573442	7955.ENSDARP00000070021	12044	182
3569463	7955.ENSDARP00000040743	11723	222
3586591	7955.ENSDARP00000115580	11319	223
3578212	7955.ENSDARP00000096674	8294	865
3571683	7955.ENSDARP00000059365	7849	608
3572361	7955.ENSDARP00000063799	7727	337
3568837	7955.ENSDARP00000032453	7385	86
3567578	7955.ENSDARP00000018197	7364	194
3568041	7955.ENSDARP00000023063	7218	490
3569365	7955.ENSDARP00000039656	6458	274
3573444	7955.ENSDARP00000070035	6327	204
3588581	7955.ENSDARP00000120742	6012	655
3569236	7955.ENSDARP00000037871	5874	489
3571726	7955.ENSDARP00000059692	5873	109
3571860	7955.ENSDARP00000060534	5627	188
3571835	7955.ENSDARP00000060346	5448	126
3574298	7955.ENSDARP00000074504	5415	118
3588816	7955.ENSDARP00000121373	5408	157
3588559	7955.ENSDARP00000120686	5114	90
3568365	7955.ENSDARP00000026156	5047	124
3583335	7955.ENSDARP00000108711	4964	445
3568311	7955.ENSDARP00000025613	4821	112
3567427	7955.ENSDARP00000016814	4670	88
3590683	7955.ENSDARP00000126314	4632	78
3588413	7955.ENSDARP00000120304	4612	84
3568238	7955.ENSDARP00000024900	4468	464
3579413	7955.ENSDARP00000100195	4454	1380
3567128	7955.ENSDARP00000013777	4416	87
3566197	7955.ENSDARP00000004932	4366	129
3570984	7955.ENSDARP00000055135	4219	1591
3589375	7955.ENSDARP00000122750	4192	156
3585626	7955.ENSDARP00000113048	4185	55
3566084	7955.ENSDARP00000003738	4174	545
3570274	7955.ENSDARP00000049894	4083	90
3568838	7955.ENSDARP00000032456	3916	503
3574520	7955.ENSDARP00000075658	3671	377
3578167	7955.ENSDARP00000096504	3637	170
3568482	7955.ENSDARP00000027342	3542	45
3589962	7955.ENSDARP00000124401	3533	34
3577595	7955.ENSDARP00000094021	3449	78
3570965	7955.ENSDARP00000054986	3409	1060
3589178	7955.ENSDARP00000122263	3409	1060
3570974	7955.ENSDARP00000055061	3381	98
3588935	7955.ENSDARP00000121670	3355	77
3585939	7955.ENSDARP00000113905	3233	517
3576647	7955.ENSDARP00000089772	3196	45
3567392	7955.ENSDARP00000016453	3088	319
3571777	7955.ENSDARP00000060055	2960	125
3570414	7955.ENSDARP00000051361	2870	2866
3578191	7955.ENSDARP00000096581	2848	470
3576612	7955.ENSDARP00000089645	2774	133
3571556	7955.ENSDARP00000058628	2623	1468
3581606	7955.ENSDARP00000105491	2617	54
3568540	7955.ENSDARP00000027947	2605	163
3571611	7955.ENSDARP00000058954	2576	4
3572118	7955.ENSDARP00000062369	2575	1467
3579514	7955.ENSDARP00000100434	2575	1467
3590555	7955.ENSDARP00000125941	2514	201
3577855	7955.ENSDARP00000095111	2510	74
3571512	7955.ENSDARP00000058402	2496	136
3589996	7955.ENSDARP00000124531	2459	40
3588416	7955.ENSDARP00000120315	2443	44
3577188	7955.ENSDARP00000092223	2423	132
3568732	7955.ENSDARP00000030881	2412	129
3577261	7955.ENSDARP00000092484	2398	73
3574408	7955.ENSDARP00000075110	2394	1438
3570642	7955.ENSDARP00000052837	2394	1438
3571826	7955.ENSDARP00000060309	2374	179
3570678	7955.ENSDARP00000053076	2356	50
3568957	7955.ENSDARP00000034077	2301	231
3586775	7955.ENSDARP00000116075	2255	2643
3574334	7955.ENSDARP00000074719	2217	63
3584770	7955.ENSDARP00000111337	2211	136
3565933	7955.ENSDARP00000002483	2183	183
3566857	7955.ENSDARP00000011243	2161	73
3568320	7955.ENSDARP00000025702	2140	220
3569764	7955.ENSDARP00000043931	2125	386
3572146	7955.ENSDARP00000062522	2107	71
3567332	7955.ENSDARP00000015917	2094	344
3585022	7955.ENSDARP00000111811	2056	50
3568103	7955.ENSDARP00000023685	1961	131
3585536	7955.ENSDARP00000112846	1954	7
3577833	7955.ENSDARP00000095029	1924	158
3588745	7955.ENSDARP00000121190	1906	15
3572771	7955.ENSDARP00000066429	1894	972
3570303	7955.ENSDARP00000050237	1870	395
3570413	7955.ENSDARP00000051359	1827	2228
3584769	7955.ENSDARP00000111335	1778	105
3568045	7955.ENSDARP00000023121	1774	52
3587982	7955.ENSDARP00000119179	1762	705
3569258	7955.ENSDARP00000038227	1761	10
3568467	7955.ENSDARP00000027118	1757	102
3567991	7955.ENSDARP00000022592	1745	50
3570261	7955.ENSDARP00000049686	1744	36
3571508	7955.ENSDARP00000058383	1743	82
3568052	7955.ENSDARP00000023177	1735	39
3585562	7955.ENSDARP00000112917	1731	47
3589868	7955.ENSDARP00000124085	1720	2
3572984	7955.ENSDARP00000067593	1698	25
3576784	7955.ENSDARP00000090434	1685	37
3569223	7955.ENSDARP00000037758	1679	29
3586737	7955.ENSDARP00000115964	1675	1999
3578128	7955.ENSDARP00000096373	1670	53
3566359	7955.ENSDARP00000006420	1657	20
3572995	7955.ENSDARP00000067634	1652	38
3576241	7955.ENSDARP00000087872	1627	19
3577298	7955.ENSDARP00000092672	1620	110
3566626	7955.ENSDARP00000009093	1595	6
3566860	7955.ENSDARP00000011269	1560	1661
3566070	7955.ENSDARP00000003641	1558	26
3572340	7955.ENSDARP00000063661	1541	72
3583393	7955.ENSDARP00000108828	1533	433
3580387	7955.ENSDARP00000102749	1533	433
3584507	7955.ENSDARP00000110869	1533	433
3581151	7955.ENSDARP00000104630	1533	433
3578856	7955.ENSDARP00000098726	1533	433
3576869	7955.ENSDARP00000090794	1533	433
3580802	7955.ENSDARP00000103819	1533	433
3577533	7955.ENSDARP00000093787	1533	433
3580705	7955.ENSDARP00000103576	1533	433
3580367	7955.ENSDARP00000102682	1533	433
3583181	7955.ENSDARP00000108417	1527	431
3589719	7955.ENSDARP00000123619	1527	431
3581301	7955.ENSDARP00000104918	1527	431
3586968	7955.ENSDARP00000116574	1527	431
3582554	7955.ENSDARP00000107234	1527	431
3582368	7955.ENSDARP00000106877	1527	431
3580599	7955.ENSDARP00000103318	1527	431
3585311	7955.ENSDARP00000112301	1527	431
3573054	7955.ENSDARP00000067945	1527	431
3581033	7955.ENSDARP00000104399	1527	431
3581495	7955.ENSDARP00000105290	1527	431
3577530	7955.ENSDARP00000093780	1527	431
3576832	7955.ENSDARP00000090632	1527	431
3573041	7955.ENSDARP00000067891	1527	431
3573042	7955.ENSDARP00000067893	1527	431
3573043	7955.ENSDARP00000067895	1527	431
3568597	7955.ENSDARP00000028837	1526	58
3582552	7955.ENSDARP00000107232	1520	433
3567924	7955.ENSDARP00000022077	1518	97
3568447	7955.ENSDARP00000026978	1517	108
3590581	7955.ENSDARP00000126028	1508	14
3583079	7955.ENSDARP00000108224	1503	2563
3577521	7955.ENSDARP00000093747	1489	431
3571219	7955.ENSDARP00000056539	1485	29
3572065	7955.ENSDARP00000061957	1484	32
3566348	7955.ENSDARP00000006339	1475	76
3584444	7955.ENSDARP00000110759	1470	433
3587515	7955.ENSDARP00000117991	1453	14
3590492	7955.ENSDARP00000125799	1448	16
3565855	7955.ENSDARP00000000803	1425	325
3573386	7955.ENSDARP00000069695	1418	917
3570491	7955.ENSDARP00000051848	1417	46
3570078	7955.ENSDARP00000047524	1410	66
3567087	7955.ENSDARP00000013329	1393	65
3569423	7955.ENSDARP00000040327	1390	433
3574593	7955.ENSDARP00000075994	1376	102
3579766	7955.ENSDARP00000101100	1367	84
3575404	7955.ENSDARP00000081505	1349	116
3576178	7955.ENSDARP00000087500	1340	25
3569506	7955.ENSDARP00000041268	1312	83
3565901	7955.ENSDARP00000002175	1312	165
3567630	7955.ENSDARP00000018850	1304	90
3572458	7955.ENSDARP00000064375	1291	24
3573833	7955.ENSDARP00000072337	1269	213
3568777	7955.ENSDARP00000031650	1256	26
3569507	7955.ENSDARP00000041278	1251	317
3569604	7955.ENSDARP00000042199	1239	87
3581250	7955.ENSDARP00000104823	1231	79
3568059	7955.ENSDARP00000023228	1206	30
3587939	7955.ENSDARP00000119055	1176	290
3568607	7955.ENSDARP00000028970	1167	63
3571612	7955.ENSDARP00000058955	1154	57
3566895	7955.ENSDARP00000011562	1144	40
3572732	7955.ENSDARP00000066176	1136	235
3578076	7955.ENSDARP00000096178	1124	16
3583765	7955.ENSDARP00000109497	1122	17
3582141	7955.ENSDARP00000106441	1120	1602
3568990	7955.ENSDARP00000034555	1108	15
3568490	7955.ENSDARP00000027389	1100	68
3586379	7955.ENSDARP00000115054	1093	2266
3572064	7955.ENSDARP00000061954	1087	53
3568998	7955.ENSDARP00000034733	1084	92
3571955	7955.ENSDARP00000061148	1076	296
3574339	7955.ENSDARP00000074756	1072	8
3576935	7955.ENSDARP00000091082	1061	57
3569094	7955.ENSDARP00000036107	1054	9
3571305	7955.ENSDARP00000057089	1050	29
3569400	7955.ENSDARP00000040041	1049	33
3569956	7955.ENSDARP00000046171	1031	36
3588328	7955.ENSDARP00000120093	1017	69
3572107	7955.ENSDARP00000062323	1002	37
3568526	7955.ENSDARP00000027770	999	11
3592023	7955.ENSDARP00000129330	988	23
3575763	7955.ENSDARP00000084277	988	23
3579803	7955.ENSDARP00000101193	988	23
3591753	7955.ENSDARP00000128757	988	23
3585524	7955.ENSDARP00000112824	988	23
3585724	7955.ENSDARP00000113307	988	23
3591366	7955.ENSDARP00000127943	988	23
3588168	7955.ENSDARP00000119693	981	32
3566228	7955.ENSDARP00000005224	976	273
3578154	7955.ENSDARP00000096449	969	165
3590849	7955.ENSDARP00000126712	967	571
3567632	7955.ENSDARP00000018865	947	14
3588520	7955.ENSDARP00000120591	938	12
3579264	7955.ENSDARP00000099772	919	2157
3566295	7955.ENSDARP00000005837	909	2
3570861	7955.ENSDARP00000054229	904	52
3588896	7955.ENSDARP00000121564	902	15
3584765	7955.ENSDARP00000111326	897	2113
3576417	7955.ENSDARP00000088646	896	79
3587461	7955.ENSDARP00000117879	892	19
3570056	7955.ENSDARP00000047268	892	19
3588427	7955.ENSDARP00000120344	892	19
3576638	7955.ENSDARP00000089753	892	19
3569301	7955.ENSDARP00000038799	892	14
3575408	7955.ENSDARP00000081539	889	122
3583064	7955.ENSDARP00000108197	882	9
3588905	7955.ENSDARP00000121591	866	33
3577308	7955.ENSDARP00000092713	857	54
3583746	7955.ENSDARP00000109464	851	31
3569651	7955.ENSDARP00000042754	845	43
3591526	7955.ENSDARP00000128271	844	10
3577313	7955.ENSDARP00000092727	843	53
3571029	7955.ENSDARP00000055379	840	263
3581392	7955.ENSDARP00000105094	840	261
3573587	7955.ENSDARP00000070807	833	42
3570629	7955.ENSDARP00000052729	832	7
3576174	7955.ENSDARP00000087462	828	13
3582492	7955.ENSDARP00000107122	825	279
3572834	7955.ENSDARP00000066858	825	279
3580732	7955.ENSDARP00000103634	813	22
3567911	7955.ENSDARP00000021916	813	22
3581658	7955.ENSDARP00000105574	808	3
3589183	7955.ENSDARP00000122284	808	31
3567186	7955.ENSDARP00000014456	805	26
3589712	7955.ENSDARP00000123601	804	367
3576902	7955.ENSDARP00000090943	800	23
3579028	7955.ENSDARP00000099156	796	20
3572845	7955.ENSDARP00000066929	793	27
3567835	7955.ENSDARP00000021016	788	251
3566185	7955.ENSDARP00000004830	784	26
3576843	7955.ENSDARP00000090664	780	5
3570275	7955.ENSDARP00000049899	771	19
3584241	7955.ENSDARP00000110377	771	40
3577318	7955.ENSDARP00000092760	767	31
3568197	7955.ENSDARP00000024492	761	32
3584033	7955.ENSDARP00000109990	748	27
3585083	7955.ENSDARP00000111924	744	37
3570485	7955.ENSDARP00000051803	736	17
3571747	7955.ENSDARP00000059885	733	36
3577655	7955.ENSDARP00000094251	724	18
3569515	7955.ENSDARP00000041348	719	30
3578080	7955.ENSDARP00000096200	719	13
3568845	7955.ENSDARP00000032575	712	52
3566861	7955.ENSDARP00000011271	711	40
3590154	7955.ENSDARP00000125072	711	46
3570990	7955.ENSDARP00000055160	706	8
3567370	7955.ENSDARP00000016228	704	43
3591014	7955.ENSDARP00000127076	703	2
3569251	7955.ENSDARP00000038172	702	10
3591308	7955.ENSDARP00000127819	697	23
3579906	7955.ENSDARP00000101478	696	27
3567984	7955.ENSDARP00000022550	695	54
3580571	7955.ENSDARP00000103236	684	3
3571050	7955.ENSDARP00000055503	682	20
3578180	7955.ENSDARP00000096545	681	24
3569958	7955.ENSDARP00000046208	681	5
3573768	7955.ENSDARP00000072006	677	249
3590147	7955.ENSDARP00000125046	677	50
3573313	7955.ENSDARP00000069273	674	11
3568947	7955.ENSDARP00000033907	674	54
3577885	7955.ENSDARP00000095248	669	2
3569584	7955.ENSDARP00000041959	668	49
3576353	7955.ENSDARP00000088354	660	33
3570266	7955.ENSDARP00000049792	659	30
3576243	7955.ENSDARP00000087874	658	7
3568371	7955.ENSDARP00000026224	656	10
3589540	7955.ENSDARP00000123181	655	27
3568227	7955.ENSDARP00000024752	654	75
3572681	7955.ENSDARP00000065771	646	12
3569537	7955.ENSDARP00000041530	645	11
3582381	7955.ENSDARP00000106897	645	16
3566285	7955.ENSDARP00000005719	641	7
3576927	7955.ENSDARP00000091056	640	57
3576244	7955.ENSDARP00000087875	638	2
3584793	7955.ENSDARP00000111399	633	36
3574087	7955.ENSDARP00000073439	633	30
3570216	7955.ENSDARP00000049166	628	11
3582356	7955.ENSDARP00000106848	619	95
3568926	7955.ENSDARP00000033600	612	7
3568439	7955.ENSDARP00000026895	612	20
3570334	7955.ENSDARP00000050602	610	16
3577366	7955.ENSDARP00000093074	609	94
3589125	7955.ENSDARP00000122141	607	6
3584495	7955.ENSDARP00000110851	603	238
3572143	7955.ENSDARP00000062517	599	18
3584411	7955.ENSDARP00000110694	598	61
3584352	7955.ENSDARP00000110577	596	31
3572784	7955.ENSDARP00000066505	594	5
3569453	7955.ENSDARP00000040644	594	18
3573788	7955.ENSDARP00000072101	594	7
3585919	7955.ENSDARP00000113858	594	135
3567902	7955.ENSDARP00000021850	588	21
3571894	7955.ENSDARP00000060744	586	33
3583891	7955.ENSDARP00000109720	585	17
3566395	7955.ENSDARP00000006783	576	11
3567647	7955.ENSDARP00000018980	574	8
3571797	7955.ENSDARP00000060165	569	48
3585190	7955.ENSDARP00000112092	567	154
3579276	7955.ENSDARP00000099813	567	154
3588853	7955.ENSDARP00000121459	567	154
3580400	7955.ENSDARP00000102775	567	154
3584751	7955.ENSDARP00000111298	567	154
3578737	7955.ENSDARP00000098432	567	154
3585814	7955.ENSDARP00000113541	567	154
3589069	7955.ENSDARP00000122009	567	154
3579924	7955.ENSDARP00000101525	567	154
3582808	7955.ENSDARP00000107702	567	154
3589594	7955.ENSDARP00000123323	567	154
3584315	7955.ENSDARP00000110511	567	154
3584846	7955.ENSDARP00000111493	567	154
3573055	7955.ENSDARP00000067948	567	154
3587029	7955.ENSDARP00000116739	567	154
3570302	7955.ENSDARP00000050236	567	154
3571119	7955.ENSDARP00000055912	567	154
3577535	7955.ENSDARP00000093791	567	154
3585117	7955.ENSDARP00000111973	567	154
3581760	7955.ENSDARP00000105746	567	154
3572841	7955.ENSDARP00000066897	563	9
3584872	7955.ENSDARP00000111539	562	39
3571194	7955.ENSDARP00000056381	561	23
3566334	7955.ENSDARP00000006207	560	29
3585431	7955.ENSDARP00000112527	558	154
3571867	7955.ENSDARP00000060575	557	13
3568646	7955.ENSDARP00000029607	553	152
3566999	7955.ENSDARP00000012500	551	38
3569411	7955.ENSDARP00000040203	540	186
3582862	7955.ENSDARP00000107804	540	45
3592042	7955.ENSDARP00000129378	537	109
3582717	7955.ENSDARP00000107547	537	109
3582961	7955.ENSDARP00000107998	537	109
3580053	7955.ENSDARP00000101862	537	109
3582507	7955.ENSDARP00000107148	537	109
3582747	7955.ENSDARP00000107585	537	109
3582030	7955.ENSDARP00000106245	537	109
3579903	7955.ENSDARP00000101467	537	109
3583687	7955.ENSDARP00000109355	537	109
3591884	7955.ENSDARP00000129044	537	109
3585008	7955.ENSDARP00000111786	537	109
3581376	7955.ENSDARP00000105059	537	109
3583513	7955.ENSDARP00000109044	537	109
3583528	7955.ENSDARP00000109071	537	109
3574937	7955.ENSDARP00000077832	537	109
3584547	7955.ENSDARP00000110935	537	109
3582143	7955.ENSDARP00000106443	537	109
3575508	7955.ENSDARP00000082327	537	109
3581427	7955.ENSDARP00000105168	537	109
3582167	7955.ENSDARP00000106496	537	109
3585088	7955.ENSDARP00000111930	537	109
3581027	7955.ENSDARP00000104379	537	109
3584867	7955.ENSDARP00000111526	537	109
3582447	7955.ENSDARP00000107028	537	109
3583658	7955.ENSDARP00000109299	537	109
3579848	7955.ENSDARP00000101311	537	109
3583635	7955.ENSDARP00000109257	537	109
3582243	7955.ENSDARP00000106634	537	109
3582939	7955.ENSDARP00000107946	537	109
3585153	7955.ENSDARP00000112034	537	109
3584679	7955.ENSDARP00000111175	537	109
3572257	7955.ENSDARP00000063095	535	14
3583665	7955.ENSDARP00000109315	534	154
3583232	7955.ENSDARP00000108502	534	108
3592141	7955.ENSDARP00000129610	533	40
3568613	7955.ENSDARP00000029074	532	41
3567727	7955.ENSDARP00000019888	530	220
3573410	7955.ENSDARP00000069875	529	12
3566489	7955.ENSDARP00000007716	526	7
3582317	7955.ENSDARP00000106781	526	154
3584817	7955.ENSDARP00000111447	526	154
3580850	7955.ENSDARP00000103937	526	154
3566040	7955.ENSDARP00000003389	523	18
3571967	7955.ENSDARP00000061273	522	2
3586129	7955.ENSDARP00000114396	521	33
3578263	7955.ENSDARP00000096898	519	52
3574150	7955.ENSDARP00000073748	518	14
3580564	7955.ENSDARP00000103208	511	154
3584687	7955.ENSDARP00000111194	511	154
3570297	7955.ENSDARP00000050204	509	20
3572155	7955.ENSDARP00000062555	506	9
3580511	7955.ENSDARP00000103080	498	22
3569934	7955.ENSDARP00000045900	496	7
3571768	7955.ENSDARP00000060004	492	4
3569164	7955.ENSDARP00000037025	490	25
3569433	7955.ENSDARP00000040396	489	13
3583080	7955.ENSDARP00000108226	489	45
3571533	7955.ENSDARP00000058502	486	16
3576242	7955.ENSDARP00000087873	486	5
3587284	7955.ENSDARP00000117418	484	90
3577519	7955.ENSDARP00000093734	483	154
3579444	7955.ENSDARP00000100272	478	6
3585315	7955.ENSDARP00000112310	475	25
3567628	7955.ENSDARP00000018820	473	39
3577210	7955.ENSDARP00000092307	473	39
3566763	7955.ENSDARP00000010393	473	39
3570309	7955.ENSDARP00000050307	473	39
3572624	7955.ENSDARP00000065391	473	39
3569023	7955.ENSDARP00000035027	473	39
3583379	7955.ENSDARP00000108798	472	31
3583265	7955.ENSDARP00000108556	472	25
3570716	7955.ENSDARP00000053303	471	212
3577844	7955.ENSDARP00000095073	467	3
3568675	7955.ENSDARP00000029933	466	209
3573363	7955.ENSDARP00000069608	466	3
3580791	7955.ENSDARP00000103794	465	54
3571633	7955.ENSDARP00000059062	462	18
3577465	7955.ENSDARP00000093490	462	203
3572542	7955.ENSDARP00000064895	459	32
3583786	7955.ENSDARP00000109538	456	1
3571958	7955.ENSDARP00000061164	452	171
3569975	7955.ENSDARP00000046442	451	91
3578435	7955.ENSDARP00000097665	450	79
3581721	7955.ENSDARP00000105678	450	79
3584450	7955.ENSDARP00000110768	449	40
3566371	7955.ENSDARP00000006510	447	34
3566174	7955.ENSDARP00000004708	446	14
3567469	7955.ENSDARP00000017217	443	17
3587723	7955.ENSDARP00000118521	442	4
3568151	7955.ENSDARP00000024085	438	8
3576133	7955.ENSDARP00000087123	437	5
3581703	7955.ENSDARP00000105646	434	154
3579173	7955.ENSDARP00000099550	434	154
3585101	7955.ENSDARP00000111947	433	136
3573914	7955.ENSDARP00000072678	431	186
3567233	7955.ENSDARP00000014978	426	39
3585976	7955.ENSDARP00000113988	420	225
3571418	7955.ENSDARP00000057787	420	154
3589191	7955.ENSDARP00000122305	419	24
3568281	7955.ENSDARP00000025342	415	9
3589685	7955.ENSDARP00000123538	415	9
3570518	7955.ENSDARP00000052081	414	6
3587360	7955.ENSDARP00000117628	413	17
3568473	7955.ENSDARP00000027159	412	7
3590068	7955.ENSDARP00000124776	408	14
3588789	7955.ENSDARP00000121323	408	30
3589351	7955.ENSDARP00000122681	407	4
3571177	7955.ENSDARP00000056277	406	12
3578010	7955.ENSDARP00000095774	402	86
3589392	7955.ENSDARP00000122802	401	47
3578701	7955.ENSDARP00000098342	397	154
3567721	7955.ENSDARP00000019829	397	44
3571796	7955.ENSDARP00000060161	395	10
3577283	7955.ENSDARP00000092578	390	11
3570567	7955.ENSDARP00000052382	390	12
3577537	7955.ENSDARP00000093801	389	154
3568361	7955.ENSDARP00000026092	384	7
3582726	7955.ENSDARP00000107557	382	9
3573528	7955.ENSDARP00000070471	381	20
3566648	7955.ENSDARP00000009258	379	37
3589907	7955.ENSDARP00000124217	378	8
3586362	7955.ENSDARP00000115012	377	235
3591762	7955.ENSDARP00000128775	375	33
3583010	7955.ENSDARP00000108108	375	22
3569492	7955.ENSDARP00000041087	375	22
3585504	7955.ENSDARP00000112765	375	5
3587376	7955.ENSDARP00000117673	374	8
3577359	7955.ENSDARP00000093027	372	113
3589800	7955.ENSDARP00000123883	372	34
3587247	7955.ENSDARP00000117320	370	271
3578192	7955.ENSDARP00000096586	368	77
3571270	7955.ENSDARP00000056848	366	770
3574513	7955.ENSDARP00000075639	366	30
3570993	7955.ENSDARP00000055185	366	6
3579250	7955.ENSDARP00000099737	364	5
3572450	7955.ENSDARP00000064310	364	8
3570146	7955.ENSDARP00000048394	363	37
3571271	7955.ENSDARP00000056852	361	762
3580325	7955.ENSDARP00000102559	361	10
3589990	7955.ENSDARP00000124511	358	9
3587344	7955.ENSDARP00000117583	358	2
3572310	7955.ENSDARP00000063483	357	137
3566996	7955.ENSDARP00000012454	357	23
3567031	7955.ENSDARP00000012776	356	23
3573917	7955.ENSDARP00000072687	354	213
3566655	7955.ENSDARP00000009320	351	191
3567480	7955.ENSDARP00000017326	346	158
3577573	7955.ENSDARP00000093927	344	8
3586669	7955.ENSDARP00000115796	343	2
3566596	7955.ENSDARP00000008690	341	44
3586029	7955.ENSDARP00000114134	340	25
3574113	7955.ENSDARP00000073559	339	5
3573057	7955.ENSDARP00000067953	332	11
3587312	7955.ENSDARP00000117497	332	15
3565955	7955.ENSDARP00000002761	331	11
3577796	7955.ENSDARP00000094849	331	156
3576900	7955.ENSDARP00000090936	329	25
3567136	7955.ENSDARP00000013902	328	11
3582859	7955.ENSDARP00000107798	328	81
3572876	7955.ENSDARP00000067039	324	9
3569224	7955.ENSDARP00000037759	324	11
3567952	7955.ENSDARP00000022310	324	12
3573552	7955.ENSDARP00000070561	322	31
3575851	7955.ENSDARP00000084961	318	10
3567842	7955.ENSDARP00000021095	316	2
3569437	7955.ENSDARP00000040421	316	12
3573962	7955.ENSDARP00000072874	312	8
3583001	7955.ENSDARP00000108089	312	7
3570258	7955.ENSDARP00000049650	311	18
3573350	7955.ENSDARP00000069513	311	3
3577740	7955.ENSDARP00000094622	311	15
3567148	7955.ENSDARP00000014011	303	12
3570382	7955.ENSDARP00000051080	303	42
3574331	7955.ENSDARP00000074706	302	31
3579166	7955.ENSDARP00000099532	302	1086
3573022	7955.ENSDARP00000067802	302	11
3588560	7955.ENSDARP00000120690	301	8
3567737	7955.ENSDARP00000019957	301	995
3569949	7955.ENSDARP00000046076	296	13
3577598	7955.ENSDARP00000094034	296	20
3587757	7955.ENSDARP00000118598	296	7
3578984	7955.ENSDARP00000099044	295	24
3569984	7955.ENSDARP00000046552	294	6
3574285	7955.ENSDARP00000074422	294	14
3572761	7955.ENSDARP00000066383	293	60
3583770	7955.ENSDARP00000109508	293	16
3574696	7955.ENSDARP00000076404	292	11
3572171	7955.ENSDARP00000062670	292	131
3577412	7955.ENSDARP00000093277	291	6
3583962	7955.ENSDARP00000109857	291	18
3571179	7955.ENSDARP00000056285	290	2
3572485	7955.ENSDARP00000064522	288	14
3583922	7955.ENSDARP00000109780	287	18
3570703	7955.ENSDARP00000053207	286	4
3571936	7955.ENSDARP00000061000	286	11
3567794	7955.ENSDARP00000020536	285	11
3565896	7955.ENSDARP00000002122	285	17
3577666	7955.ENSDARP00000094289	285	12
3567881	7955.ENSDARP00000021569	282	121
3578676	7955.ENSDARP00000098279	280	15
3568182	7955.ENSDARP00000024338	279	15
3573652	7955.ENSDARP00000071301	275	9
3577608	7955.ENSDARP00000094070	273	3
3566500	7955.ENSDARP00000007799	272	21
3567800	7955.ENSDARP00000020578	272	12
3574316	7955.ENSDARP00000074570	271	22
3566870	7955.ENSDARP00000011338	271	3
3573352	7955.ENSDARP00000069525	270	45
3578162	7955.ENSDARP00000096468	269	8
3577915	7955.ENSDARP00000095348	268	13
3576867	7955.ENSDARP00000090766	268	51
3587911	7955.ENSDARP00000118986	266	86
3588367	7955.ENSDARP00000120183	266	4
3573399	7955.ENSDARP00000069762	261	7
3575473	7955.ENSDARP00000082031	260	27
3571197	7955.ENSDARP00000056404	260	4
3572521	7955.ENSDARP00000064746	259	8
3572467	7955.ENSDARP00000064418	259	8
3576926	7955.ENSDARP00000091054	256	41
3567651	7955.ENSDARP00000019054	256	9
3572497	7955.ENSDARP00000064596	256	4
3590431	7955.ENSDARP00000125625	255	20
3577011	7955.ENSDARP00000091498	255	8
3570857	7955.ENSDARP00000054204	254	4
3584249	7955.ENSDARP00000110392	253	2
3572007	7955.ENSDARP00000061576	252	13
3574523	7955.ENSDARP00000075668	252	11
3586528	7955.ENSDARP00000115443	249	3
3578376	7955.ENSDARP00000097494	249	14
3573172	7955.ENSDARP00000068586	249	21
3586640	7955.ENSDARP00000115698	248	115
3578430	7955.ENSDARP00000097644	247	6
3585584	7955.ENSDARP00000112954	247	13
3568202	7955.ENSDARP00000024560	247	29
3581446	7955.ENSDARP00000105206	246	2
3568515	7955.ENSDARP00000027654	246	7
3567388	7955.ENSDARP00000016376	245	5
3570305	7955.ENSDARP00000050257	245	21
3567266	7955.ENSDARP00000015293	245	35
3589524	7955.ENSDARP00000123136	245	7
3576694	7955.ENSDARP00000090024	244	7
3567278	7955.ENSDARP00000015397	242	6
3569494	7955.ENSDARP00000041113	242	7
3578087	7955.ENSDARP00000096234	241	6
3566960	7955.ENSDARP00000012197	241	10
3567731	7955.ENSDARP00000019915	240	32
3592047	7955.ENSDARP00000129394	239	15
3586007	7955.ENSDARP00000114072	237	1
3579771	7955.ENSDARP00000101121	235	5
3588798	7955.ENSDARP00000121336	234	9
3573425	7955.ENSDARP00000069977	233	3
3589716	7955.ENSDARP00000123611	233	8
3566080	7955.ENSDARP00000003705	231	6
3572951	7955.ENSDARP00000067432	231	6
3576247	7955.ENSDARP00000087878	231	11
3578686	7955.ENSDARP00000098301	231	4
3566945	7955.ENSDARP00000012048	231	39
3588946	7955.ENSDARP00000121692	230	11
3568457	7955.ENSDARP00000027046	230	7
3582385	7955.ENSDARP00000106906	229	10
3569856	7955.ENSDARP00000045068	229	16
3574383	7955.ENSDARP00000074935	229	44
3570538	7955.ENSDARP00000052239	228	6
3573681	7955.ENSDARP00000071527	228	8
3569554	7955.ENSDARP00000041699	227	9
3571104	7955.ENSDARP00000055809	227	8
3577191	7955.ENSDARP00000092235	227	10
3576526	7955.ENSDARP00000089179	226	5
3568572	7955.ENSDARP00000028465	224	4
3568988	7955.ENSDARP00000034536	222	4
3585237	7955.ENSDARP00000112163	220	21
3574808	7955.ENSDARP00000076902	220	10
3587536	7955.ENSDARP00000118036	219	2
3573765	7955.ENSDARP00000071963	219	9
3574483	7955.ENSDARP00000075490	217	107
3568927	7955.ENSDARP00000033622	217	18
3583735	7955.ENSDARP00000109442	217	22
3578567	7955.ENSDARP00000098004	217	112
3567610	7955.ENSDARP00000018627	216	30
3572114	7955.ENSDARP00000062351	216	34
3587562	7955.ENSDARP00000118091	215	41
3574035	7955.ENSDARP00000073195	215	65
3586894	7955.ENSDARP00000116372	214	744
3586384	7955.ENSDARP00000115072	214	744
3578000	7955.ENSDARP00000095720	213	90
3579741	7955.ENSDARP00000101037	213	22
3579938	7955.ENSDARP00000101565	211	13
3584330	7955.ENSDARP00000110546	210	14
3578405	7955.ENSDARP00000097572	210	5
3569521	7955.ENSDARP00000041384	210	5
3576757	7955.ENSDARP00000090306	209	670
3566715	7955.ENSDARP00000009909	209	19
3583130	7955.ENSDARP00000108316	208	16
3570025	7955.ENSDARP00000046982	208	10
3567508	7955.ENSDARP00000017569	207	18
3566058	7955.ENSDARP00000003519	207	8
3566376	7955.ENSDARP00000006553	206	11
3569931	7955.ENSDARP00000045887	204	13
3572222	7955.ENSDARP00000062930	204	2
3584218	7955.ENSDARP00000110339	202	14
3569918	7955.ENSDARP00000045696	202	6
3570291	7955.ENSDARP00000050129	201	6
3568559	7955.ENSDARP00000028148	200	96
3587566	7955.ENSDARP00000118098	200	23
3570975	7955.ENSDARP00000055063	199	5
3572479	7955.ENSDARP00000064511	199	17
3585110	7955.ENSDARP00000111963	199	31
3569129	7955.ENSDARP00000036607	198	9
3590163	7955.ENSDARP00000125089	198	731
3572121	7955.ENSDARP00000062382	198	41
3569110	7955.ENSDARP00000036317	198	8
3586670	7955.ENSDARP00000115804	197	11
3566333	7955.ENSDARP00000006201	197	14
3571653	7955.ENSDARP00000059226	196	5
3589280	7955.ENSDARP00000122502	194	725
3583287	7955.ENSDARP00000108612	194	3
3565909	7955.ENSDARP00000002234	194	9
3586147	7955.ENSDARP00000114437	193	71
3570004	7955.ENSDARP00000046783	193	8
3585627	7955.ENSDARP00000113049	193	20
3588860	7955.ENSDARP00000121484	193	725
3566729	7955.ENSDARP00000010055	191	5
3571441	7955.ENSDARP00000057943	191	1
3573852	7955.ENSDARP00000072408	190	2
3583297	7955.ENSDARP00000108629	189	5
3574080	7955.ENSDARP00000073415	189	640
3569692	7955.ENSDARP00000043192	187	6
3588136	7955.ENSDARP00000119600	186	11
3569689	7955.ENSDARP00000043172	185	2
3570476	7955.ENSDARP00000051762	185	3
3572371	7955.ENSDARP00000063848	185	72
3577696	7955.ENSDARP00000094413	185	24
3580306	7955.ENSDARP00000102498	185	24
3570789	7955.ENSDARP00000053774	185	24
3567318	7955.ENSDARP00000015805	185	24
3569175	7955.ENSDARP00000037150	184	5
3580832	7955.ENSDARP00000103895	184	5
3576909	7955.ENSDARP00000090963	184	23
3573051	7955.ENSDARP00000067933	184	54
3573278	7955.ENSDARP00000069096	183	7
3566278	7955.ENSDARP00000005644	183	2
3582119	7955.ENSDARP00000106400	182	3
3584819	7955.ENSDARP00000111451	181	23
3583113	7955.ENSDARP00000108289	181	83
3575407	7955.ENSDARP00000081533	180	45
3570948	7955.ENSDARP00000054848	180	21
3581525	7955.ENSDARP00000105344	179	18
3587275	7955.ENSDARP00000117394	178	65
3572756	7955.ENSDARP00000066372	178	7
3567489	7955.ENSDARP00000017410	178	4
3568343	7955.ENSDARP00000025885	177	90
3571837	7955.ENSDARP00000060360	177	4
3570045	7955.ENSDARP00000047158	176	3
3589582	7955.ENSDARP00000123299	176	112
3573708	7955.ENSDARP00000071656	176	4
3577111	7955.ENSDARP00000091899	176	3
3589956	7955.ENSDARP00000124383	175	5
3578015	7955.ENSDARP00000095806	174	89
3566892	7955.ENSDARP00000011545	174	2
3565967	7955.ENSDARP00000002844	173	7
3566125	7955.ENSDARP00000004139	173	15
3580339	7955.ENSDARP00000102600	172	4
3570018	7955.ENSDARP00000046933	172	4
3570501	7955.ENSDARP00000051949	172	1
3572907	7955.ENSDARP00000067159	171	8
3583716	7955.ENSDARP00000109404	171	10
3571810	7955.ENSDARP00000060204	171	10
3574800	7955.ENSDARP00000076883	170	8
3566409	7955.ENSDARP00000006888	170	14
3566250	7955.ENSDARP00000005361	169	5
3567020	7955.ENSDARP00000012691	168	4
3569350	7955.ENSDARP00000039324	168	37
3573804	7955.ENSDARP00000072235	167	7
3569013	7955.ENSDARP00000034885	166	11
3590038	7955.ENSDARP00000124670	165	6
3576851	7955.ENSDARP00000090718	164	8
3580958	7955.ENSDARP00000104211	163	10
3571298	7955.ENSDARP00000057020	163	12
3568850	7955.ENSDARP00000032643	163	6
3568194	7955.ENSDARP00000024433	162	8
3581985	7955.ENSDARP00000106164	161	66
3571295	7955.ENSDARP00000056986	159	5
3569840	7955.ENSDARP00000044908	159	4
3574640	7955.ENSDARP00000076200	158	5
3580628	7955.ENSDARP00000103375	158	7
3567408	7955.ENSDARP00000016639	158	6
3570046	7955.ENSDARP00000047174	158	1
3573382	7955.ENSDARP00000069676	158	11
3572525	7955.ENSDARP00000064788	157	4
3567471	7955.ENSDARP00000017229	157	2
3586000	7955.ENSDARP00000114052	157	17
3583471	7955.ENSDARP00000108965	157	2
3575895	7955.ENSDARP00000085295	156	22
3573393	7955.ENSDARP00000069744	156	18
3577559	7955.ENSDARP00000093898	155	11
3581065	7955.ENSDARP00000104468	155	34
3587830	7955.ENSDARP00000118774	155	34
3577771	7955.ENSDARP00000094764	155	6
3567196	7955.ENSDARP00000014578	155	15
3576976	7955.ENSDARP00000091324	154	33
3584731	7955.ENSDARP00000111268	154	2
3586868	7955.ENSDARP00000116310	153	6
3587663	7955.ENSDARP00000118370	153	7
3566306	7955.ENSDARP00000005930	152	8
3590844	7955.ENSDARP00000126705	151	179
3567474	7955.ENSDARP00000017246	151	11
3589702	7955.ENSDARP00000123565	151	13
3580444	7955.ENSDARP00000102914	150	13
3584159	7955.ENSDARP00000110237	150	5
3578775	7955.ENSDARP00000098524	149	7
3589541	7955.ENSDARP00000123183	148	6
3577618	7955.ENSDARP00000094117	148	1
3571865	7955.ENSDARP00000060549	148	3
3576779	7955.ENSDARP00000090402	147	10
3570739	7955.ENSDARP00000053425	147	2
3568857	7955.ENSDARP00000032730	144	18
3589021	7955.ENSDARP00000121890	144	3
3571579	7955.ENSDARP00000058736	143	4
3587263	7955.ENSDARP00000117370	142	11
3570186	7955.ENSDARP00000048827	142	93
3566802	7955.ENSDARP00000010837	142	2
3588437	7955.ENSDARP00000120371	142	2
3570919	7955.ENSDARP00000054663	142	3
3567643	7955.ENSDARP00000018938	142	47
3566123	7955.ENSDARP00000004127	141	21
3589676	7955.ENSDARP00000123522	140	8
3592165	7955.ENSDARP00000129664	140	8
3574465	7955.ENSDARP00000075371	140	7
3586230	7955.ENSDARP00000114649	140	18
3585539	7955.ENSDARP00000112851	140	29
3575133	7955.ENSDARP00000079424	140	29
3568987	7955.ENSDARP00000034534	139	3
3588164	7955.ENSDARP00000119683	139	2
3570624	7955.ENSDARP00000052687	139	34
3587462	7955.ENSDARP00000117880	137	10
3577120	7955.ENSDARP00000091921	137	16
3572163	7955.ENSDARP00000062617	137	7
3570713	7955.ENSDARP00000053284	137	2
3581732	7955.ENSDARP00000105698	137	5
3570863	7955.ENSDARP00000054236	137	2
3567684	7955.ENSDARP00000019407	137	6
3565938	7955.ENSDARP00000002532	136	4
3590009	7955.ENSDARP00000124587	136	12
3584788	7955.ENSDARP00000111380	136	9
3572364	7955.ENSDARP00000063816	135	2
3584919	7955.ENSDARP00000111628	135	11
3576250	7955.ENSDARP00000087881	135	3
3568099	7955.ENSDARP00000023671	133	6
3583346	7955.ENSDARP00000108727	133	48
3571839	7955.ENSDARP00000060362	133	5
3579590	7955.ENSDARP00000100661	133	4
3566461	7955.ENSDARP00000007446	133	6
3572961	7955.ENSDARP00000067488	132	2
3568234	7955.ENSDARP00000024860	131	21
3582407	7955.ENSDARP00000106947	131	8
3590079	7955.ENSDARP00000124804	130	1
3577310	7955.ENSDARP00000092719	130	3
3587002	7955.ENSDARP00000116665	130	2
3572314	7955.ENSDARP00000063524	130	8
3572527	7955.ENSDARP00000064800	130	4
3587296	7955.ENSDARP00000117456	130	5
3567403	7955.ENSDARP00000016602	130	4
3567563	7955.ENSDARP00000018027	128	12
3566670	7955.ENSDARP00000009474	127	16
3569058	7955.ENSDARP00000035524	127	7
3566021	7955.ENSDARP00000003281	127	5
3590883	7955.ENSDARP00000126796	127	14
3579085	7955.ENSDARP00000099321	127	14
3582828	7955.ENSDARP00000107737	127	14
3585047	7955.ENSDARP00000111851	127	14
3581455	7955.ENSDARP00000105220	127	14
3577534	7955.ENSDARP00000093790	127	14
3577531	7955.ENSDARP00000093781	127	14
3573044	7955.ENSDARP00000067896	127	14
3574016	7955.ENSDARP00000073095	127	3
3572955	7955.ENSDARP00000067447	127	7
3577373	7955.ENSDARP00000093092	127	5
3573605	7955.ENSDARP00000070950	126	5
3577873	7955.ENSDARP00000095187	126	8
3572116	7955.ENSDARP00000062362	126	13
3570550	7955.ENSDARP00000052324	126	10
3566917	7955.ENSDARP00000011778	125	4
3586127	7955.ENSDARP00000114387	125	8
3570340	7955.ENSDARP00000050670	125	8
3567464	7955.ENSDARP00000017189	125	9
3583210	7955.ENSDARP00000108469	125	19
3572360	7955.ENSDARP00000063788	124	3
3580953	7955.ENSDARP00000104198	124	3
3573694	7955.ENSDARP00000071587	124	6
3571567	7955.ENSDARP00000058694	124	1
3578992	7955.ENSDARP00000099056	124	58
3569504	7955.ENSDARP00000041256	124	3
3570206	7955.ENSDARP00000049002	123	15
3567620	7955.ENSDARP00000018694	122	7
3571467	7955.ENSDARP00000058094	122	11
3576581	7955.ENSDARP00000089444	122	4
3566993	7955.ENSDARP00000012437	122	17
3570049	7955.ENSDARP00000047200	121	78
3571672	7955.ENSDARP00000059320	121	4
3567985	7955.ENSDARP00000022552	120	2
3569743	7955.ENSDARP00000043714	120	18
3568292	7955.ENSDARP00000025466	118	6
3567455	7955.ENSDARP00000017029	118	15
3579752	7955.ENSDARP00000101059	118	4
3588732	7955.ENSDARP00000121164	117	3
3577269	7955.ENSDARP00000092510	116	25
3582929	7955.ENSDARP00000107930	116	25
3566362	7955.ENSDARP00000006445	115	3
3572964	7955.ENSDARP00000067511	115	5
3583250	7955.ENSDARP00000108536	115	443
3574089	7955.ENSDARP00000073453	115	5
3573855	7955.ENSDARP00000072424	114	10
3575702	7955.ENSDARP00000083835	114	4
3575646	7955.ENSDARP00000083454	114	8
3584661	7955.ENSDARP00000111147	113	7
3569485	7955.ENSDARP00000041034	113	5
3572988	7955.ENSDARP00000067603	113	21
3566310	7955.ENSDARP00000005968	112	3
3568614	7955.ENSDARP00000029079	112	3
3575014	7955.ENSDARP00000078354	112	7
3570864	7955.ENSDARP00000054237	111	4
3567206	7955.ENSDARP00000014757	111	3
3578016	7955.ENSDARP00000095811	110	71
3583439	7955.ENSDARP00000108912	110	3
3573776	7955.ENSDARP00000072059	110	9
3570394	7955.ENSDARP00000051185	110	3
3574063	7955.ENSDARP00000073352	110	6
3568773	7955.ENSDARP00000031559	110	1
3591820	7955.ENSDARP00000128898	109	16
3574289	7955.ENSDARP00000074464	109	4
3577651	7955.ENSDARP00000094243	109	19
3572085	7955.ENSDARP00000062142	109	19
3565990	7955.ENSDARP00000003038	109	21
3587571	7955.ENSDARP00000118111	109	1
3591257	7955.ENSDARP00000127700	109	16
3568878	7955.ENSDARP00000033069	108	1
3578103	7955.ENSDARP00000096295	108	3
3569138	7955.ENSDARP00000036702	108	1
3570398	7955.ENSDARP00000051223	108	3
3569745	7955.ENSDARP00000043742	108	30
3589049	7955.ENSDARP00000121961	107	2
3568463	7955.ENSDARP00000027102	107	5
3581935	7955.ENSDARP00000106067	106	19
3568728	7955.ENSDARP00000030819	106	33
3569705	7955.ENSDARP00000043311	105	2
3569396	7955.ENSDARP00000040012	105	3
3566172	7955.ENSDARP00000004700	104	3
3588274	7955.ENSDARP00000119966	104	2
3581480	7955.ENSDARP00000105266	103	2
3569372	7955.ENSDARP00000039787	103	1
3569960	7955.ENSDARP00000046217	103	32
3572131	7955.ENSDARP00000062422	103	1
3572760	7955.ENSDARP00000066382	103	25
3581706	7955.ENSDARP00000105649	103	1
3576544	7955.ENSDARP00000089263	103	21
3583321	7955.ENSDARP00000108688	103	10
3583388	7955.ENSDARP00000108822	103	1
3569557	7955.ENSDARP00000041713	103	15
3582013	7955.ENSDARP00000106212	103	5
3573018	7955.ENSDARP00000067775	102	3
3566589	7955.ENSDARP00000008646	102	10
3574007	7955.ENSDARP00000073057	102	9
3588692	7955.ENSDARP00000121065	102	70
3588841	7955.ENSDARP00000121437	102	4
3585295	7955.ENSDARP00000112265	101	25
3589948	7955.ENSDARP00000124366	101	55
3565920	7955.ENSDARP00000002360	101	17
3568391	7955.ENSDARP00000026454	100	4
3576153	7955.ENSDARP00000087338	99.8	17
3574101	7955.ENSDARP00000073498	99.6	10
3587976	7955.ENSDARP00000119169	99.5	6
3571795	7955.ENSDARP00000060159	99.2	4
3577845	7955.ENSDARP00000095074	98.5	9
3569891	7955.ENSDARP00000045409	98.5	2
3566660	7955.ENSDARP00000009356	98.1	39
3576864	7955.ENSDARP00000090756	98.0	3
3569535	7955.ENSDARP00000041514	97.9	2
3581515	7955.ENSDARP00000105328	97.7	1
3566777	7955.ENSDARP00000010482	97.6	3
3567781	7955.ENSDARP00000020399	97.4	3
3587152	7955.ENSDARP00000117066	97.4	15
3567524	7955.ENSDARP00000017693	97.4	15
3591858	7955.ENSDARP00000128988	97.2	13
3579211	7955.ENSDARP00000099639	96.7	25
3567372	7955.ENSDARP00000016261	96.6	21
3578046	7955.ENSDARP00000095998	96.5	1
3569639	7955.ENSDARP00000042593	96.1	2
3577055	7955.ENSDARP00000091691	95.9	2
3577085	7955.ENSDARP00000091815	95.8	3
3578142	7955.ENSDARP00000096416	95.6	3
3579371	7955.ENSDARP00000100082	95.6	3
3569848	7955.ENSDARP00000045014	95.1	15
3572855	7955.ENSDARP00000066962	94.9	1
3569839	7955.ENSDARP00000044895	94.7	12
3567063	7955.ENSDARP00000013086	94.0	4
3583345	7955.ENSDARP00000108724	94.0	25
3568114	7955.ENSDARP00000023774	93.9	6
3567049	7955.ENSDARP00000012950	93.7	3
3572362	7955.ENSDARP00000063805	93.4	14
3570300	7955.ENSDARP00000050220	93.1	3
3583585	7955.ENSDARP00000109185	92.8	1
3573985	7955.ENSDARP00000072971	92.2	6
3576667	7955.ENSDARP00000089879	90.6	33
3566703	7955.ENSDARP00000009817	90.5	6
3573202	7955.ENSDARP00000068705	90.4	1
3569495	7955.ENSDARP00000041141	89.8	47
3588717	7955.ENSDARP00000121133	89.7	3
3571186	7955.ENSDARP00000056318	89.6	1
3571938	7955.ENSDARP00000061012	89.4	1
3577679	7955.ENSDARP00000094342	88.9	5
3573087	7955.ENSDARP00000068111	88.8	6
3571638	7955.ENSDARP00000059139	88.6	3
3575549	7955.ENSDARP00000082673	88.4	3
3586079	7955.ENSDARP00000114278	87.8	1
3572932	7955.ENSDARP00000067349	87.1	2
3576660	7955.ENSDARP00000089816	87.0	5
3584959	7955.ENSDARP00000111699	86.9	11
3588582	7955.ENSDARP00000120745	86.6	24
3568517	7955.ENSDARP00000027662	85.5	4
3578637	7955.ENSDARP00000098175	84.8	6
3573309	7955.ENSDARP00000069254	84.7	2
3586312	7955.ENSDARP00000114871	84.0	14
3585543	7955.ENSDARP00000112865	83.6	2
3568640	7955.ENSDARP00000029491	83.4	20
3576823	7955.ENSDARP00000090576	83.3	3
3569634	7955.ENSDARP00000042511	83.2	2
3573318	7955.ENSDARP00000069300	83.1	2
3567886	7955.ENSDARP00000021652	82.5	6
3570710	7955.ENSDARP00000053266	82.4	5
3571504	7955.ENSDARP00000058363	82.3	1
3579420	7955.ENSDARP00000100216	81.8	2
3566856	7955.ENSDARP00000011226	81.8	2
3566607	7955.ENSDARP00000008834	81.6	12
3572614	7955.ENSDARP00000065355	81.5	28
3584182	7955.ENSDARP00000110274	81.4	12
3572783	7955.ENSDARP00000066500	81.4	18
3573987	7955.ENSDARP00000072983	81.4	7
3571941	7955.ENSDARP00000061057	81.1	43
3592027	7955.ENSDARP00000129339	80.3	2
3568426	7955.ENSDARP00000026805	80.1	6
3588917	7955.ENSDARP00000121628	80.1	9
3571615	7955.ENSDARP00000058964	79.9	4
3588231	7955.ENSDARP00000119857	79.7	2
3576293	7955.ENSDARP00000088095	79.6	14
3582264	7955.ENSDARP00000106674	79.5	4
3575902	7955.ENSDARP00000085343	79.4	5
3579328	7955.ENSDARP00000099976	79.3	7
3569334	7955.ENSDARP00000039143	78.8	2
3580613	7955.ENSDARP00000103347	77.9	11
3574622	7955.ENSDARP00000076104	77.8	4
3570172	7955.ENSDARP00000048675	77.8	3
3590582	7955.ENSDARP00000126029	77.7	7
3573536	7955.ENSDARP00000070509	77.7	2
3584160	7955.ENSDARP00000110238	77.3	12
3566634	7955.ENSDARP00000009148	76.9	13
3572374	7955.ENSDARP00000063869	76.5	2
3575648	7955.ENSDARP00000083458	76.5	6
3575749	7955.ENSDARP00000084170	76.3	4
3567059	7955.ENSDARP00000013042	76.2	70
3571945	7955.ENSDARP00000061097	76.1	42
3573534	7955.ENSDARP00000070488	76.0	7
3574945	7955.ENSDARP00000077888	75.9	5
3567676	7955.ENSDARP00000019311	75.6	2
3566787	7955.ENSDARP00000010639	75.3	3
3568356	7955.ENSDARP00000026065	75.2	15
3583660	7955.ENSDARP00000109303	74.8	7
3580716	7955.ENSDARP00000103603	74.7	1
3585712	7955.ENSDARP00000113278	74.7	1
3567203	7955.ENSDARP00000014732	74.6	7
3566103	7955.ENSDARP00000003894	73.9	3
3578140	7955.ENSDARP00000096411	73.8	3
3569015	7955.ENSDARP00000034904	73.7	3
3566474	7955.ENSDARP00000007588	73.7	5
3576931	7955.ENSDARP00000091066	73.4	3
3577741	7955.ENSDARP00000094626	73.3	68
3581557	7955.ENSDARP00000105392	73.1	1
3583191	7955.ENSDARP00000108433	73.0	3
3567496	7955.ENSDARP00000017456	72.4	8
3577718	7955.ENSDARP00000094521	72.3	3
3570175	7955.ENSDARP00000048721	72.0	9
3572422	7955.ENSDARP00000064143	72.0	2
3568466	7955.ENSDARP00000027115	72.0	4
3570690	7955.ENSDARP00000053151	71.9	5
3574006	7955.ENSDARP00000073055	71.7	6
3567082	7955.ENSDARP00000013286	71.5	66
3566343	7955.ENSDARP00000006315	71.4	7
3565880	7955.ENSDARP00000001575	71.3	9
3572213	7955.ENSDARP00000062873	71.3	2
3586845	7955.ENSDARP00000116241	70.9	8
3569036	7955.ENSDARP00000035207	70.8	1
3577545	7955.ENSDARP00000093822	70.6	2
3575580	7955.ENSDARP00000082917	70.5	46
3587318	7955.ENSDARP00000117524	70.4	2
3579119	7955.ENSDARP00000099418	70.1	1
3565987	7955.ENSDARP00000003030	69.8	5
3568579	7955.ENSDARP00000028571	69.6	10
3567415	7955.ENSDARP00000016703	69.5	5
3581375	7955.ENSDARP00000105058	69.3	6
3576473	7955.ENSDARP00000088945	69.3	2
3569060	7955.ENSDARP00000035541	69.0	2
3578137	7955.ENSDARP00000096392	69.0	1
3576715	7955.ENSDARP00000090113	68.8	4
3566079	7955.ENSDARP00000003700	68.4	2
3577888	7955.ENSDARP00000095260	68.3	5
3572796	7955.ENSDARP00000066619	68.3	52
3589117	7955.ENSDARP00000122116	68.2	5
3572846	7955.ENSDARP00000066932	67.9	11
3575658	7955.ENSDARP00000083511	67.8	17
3582982	7955.ENSDARP00000108050	67.7	8
3568637	7955.ENSDARP00000029462	66.6	2
3589827	7955.ENSDARP00000123968	66.3	3
3574086	7955.ENSDARP00000073437	66.3	4
3591217	7955.ENSDARP00000127611	66.1	18
3569835	7955.ENSDARP00000044837	65.9	3
3568224	7955.ENSDARP00000024741	65.9	2
3568441	7955.ENSDARP00000026915	65.5	6
3575911	7955.ENSDARP00000085446	65.5	1
3573379	7955.ENSDARP00000069669	65.5	4
3566844	7955.ENSDARP00000011148	65.4	1
3573403	7955.ENSDARP00000069804	65.2	3
3581498	7955.ENSDARP00000105296	65.1	4
3580297	7955.ENSDARP00000102470	65.0	7
3577355	7955.ENSDARP00000092990	64.6	1
3575860	7955.ENSDARP00000085044	64.6	2
3580936	7955.ENSDARP00000104161	64.1	6
3571120	7955.ENSDARP00000055920	64.0	2
3574302	7955.ENSDARP00000074525	64.0	3
3577361	7955.ENSDARP00000093036	64.0	2
3587085	7955.ENSDARP00000116905	63.7	6
3567253	7955.ENSDARP00000015132	63.7	4
3589287	7955.ENSDARP00000122528	63.5	5
3574900	7955.ENSDARP00000077647	63.4	6
3580109	7955.ENSDARP00000102008	63.4	3
3582335	7955.ENSDARP00000106807	63.0	2
3566913	7955.ENSDARP00000011707	62.7	6
3579309	7955.ENSDARP00000099928	62.7	6
3567765	7955.ENSDARP00000020214	62.5	4
3574583	7955.ENSDARP00000075918	62.4	3
3581773	7955.ENSDARP00000105768	62.3	6
3580361	7955.ENSDARP00000102672	62.3	3
3574792	7955.ENSDARP00000076844	61.9	5
3592115	7955.ENSDARP00000129550	61.7	2
3590089	7955.ENSDARP00000124846	61.6	6
3568386	7955.ENSDARP00000026420	61.2	1
3588195	7955.ENSDARP00000119756	61.0	1
3590874	7955.ENSDARP00000126769	60.8	11
3572887	7955.ENSDARP00000067081	60.3	1
3577554	7955.ENSDARP00000093850	60.3	2
3591129	7955.ENSDARP00000127392	60.0	9
3572039	7955.ENSDARP00000061755	60.0	1
3591731	7955.ENSDARP00000128715	59.5	8
3568166	7955.ENSDARP00000024210	59.4	43
3568220	7955.ENSDARP00000024694	59.3	6
3568172	7955.ENSDARP00000024272	59.2	46
3592211	7955.ENSDARP00000129778	59.2	2
3569913	7955.ENSDARP00000045668	59.1	21
3585546	7955.ENSDARP00000112873	59.0	2
3566063	7955.ENSDARP00000003571	59.0	2
3570734	7955.ENSDARP00000053403	58.9	1
3591822	7955.ENSDARP00000128902	58.8	20
3570762	7955.ENSDARP00000053567	58.8	1
3583599	7955.ENSDARP00000109203	58.8	1
3568082	7955.ENSDARP00000023507	58.5	3
3581607	7955.ENSDARP00000105492	58.3	1
3587073	7955.ENSDARP00000116865	58.3	10
3586178	7955.ENSDARP00000114512	58.0	1
3584427	7955.ENSDARP00000110728	57.2	9
3584971	7955.ENSDARP00000111723	57.2	9
3578273	7955.ENSDARP00000096950	57.2	9
3580133	7955.ENSDARP00000102076	57.1	3
3577478	7955.ENSDARP00000093555	57.1	8
3578639	7955.ENSDARP00000098182	57.1	2
3579123	7955.ENSDARP00000099423	56.7	4
3571475	7955.ENSDARP00000058161	56.5	5
3581460	7955.ENSDARP00000105230	56.5	5
3585892	7955.ENSDARP00000113767	56.1	8
3572814	7955.ENSDARP00000066721	55.8	1
3589130	7955.ENSDARP00000122149	55.6	2
3565866	7955.ENSDARP00000001158	55.6	7
3581136	7955.ENSDARP00000104601	55.6	7
3566815	7955.ENSDARP00000010921	55.5	17
3567949	7955.ENSDARP00000022302	55.1	12
3569925	7955.ENSDARP00000045815	54.9	8
3587823	7955.ENSDARP00000118756	54.8	5
3586416	7955.ENSDARP00000115147	54.6	2
3577383	7955.ENSDARP00000093157	54.6	2
3570226	7955.ENSDARP00000049284	54.6	2
3588952	7955.ENSDARP00000121708	54.5	2
3565879	7955.ENSDARP00000001565	54.5	2
3570585	7955.ENSDARP00000052440	54.4	4
3573053	7955.ENSDARP00000067943	54.3	3
3591006	7955.ENSDARP00000127047	54.3	3
3572465	7955.ENSDARP00000064399	54.3	3
3586984	7955.ENSDARP00000116609	54.1	2
3577770	7955.ENSDARP00000094762	54.1	2
3568113	7955.ENSDARP00000023772	53.9	2
3577189	7955.ENSDARP00000092224	53.4	7
3576339	7955.ENSDARP00000088299	53.1	1
3566181	7955.ENSDARP00000004795	53.1	2
3570809	7955.ENSDARP00000053874	52.8	14
3568073	7955.ENSDARP00000023354	52.8	4
3570486	7955.ENSDARP00000051806	52.7	1
3570668	7955.ENSDARP00000052988	52.4	4
3589877	7955.ENSDARP00000124107	52.3	10
3589513	7955.ENSDARP00000123118	52.1	4
3570681	7955.ENSDARP00000053101	51.8	2
3574192	7955.ENSDARP00000073910	51.8	3
3572370	7955.ENSDARP00000063836	51.6	2
3570858	7955.ENSDARP00000054207	51.4	2
3569538	7955.ENSDARP00000041532	51.4	7
3578101	7955.ENSDARP00000096291	51.4	14
3584235	7955.ENSDARP00000110363	51.2	6
3577940	7955.ENSDARP00000095458	51.2	1
3568290	7955.ENSDARP00000025441	51.1	2
3570934	7955.ENSDARP00000054780	51.1	14
3578278	7955.ENSDARP00000096969	51.0	3
3574692	7955.ENSDARP00000076389	50.9	2
3582776	7955.ENSDARP00000107646	50.8	3
3584841	7955.ENSDARP00000111487	50.6	1
3577542	7955.ENSDARP00000093817	50.5	9
3585960	7955.ENSDARP00000113957	50.3	2
3569805	7955.ENSDARP00000044410	50.2	4
3571353	7955.ENSDARP00000057421	50.1	2
3585988	7955.ENSDARP00000114025	49.8	3
3573566	7955.ENSDARP00000070658	49.7	4
3586468	7955.ENSDARP00000115298	49.6	4
3574191	7955.ENSDARP00000073908	49.5	1
3568153	7955.ENSDARP00000024102	49.3	1
3586706	7955.ENSDARP00000115888	48.9	4
3570924	7955.ENSDARP00000054690	48.5	8
3589156	7955.ENSDARP00000122210	48.4	4
3588868	7955.ENSDARP00000121497	48.2	3
3572710	7955.ENSDARP00000065955	47.9	1
3568225	7955.ENSDARP00000024748	47.8	4
3566313	7955.ENSDARP00000006001	47.8	4
3585886	7955.ENSDARP00000113739	47.8	5
3572375	7955.ENSDARP00000063876	47.7	2
3570434	7955.ENSDARP00000051532	47.7	2
3574569	7955.ENSDARP00000075874	47.5	1
3568742	7955.ENSDARP00000031014	47.2	1
3573705	7955.ENSDARP00000071646	47.2	5
3588908	7955.ENSDARP00000121595	47.1	2
3568704	7955.ENSDARP00000030479	46.8	3
3578872	7955.ENSDARP00000098757	46.7	3
3574481	7955.ENSDARP00000075482	46.3	1
3574980	7955.ENSDARP00000078125	46.2	2
3585823	7955.ENSDARP00000113555	46.2	1
3566009	7955.ENSDARP00000003177	46.1	8
3576026	7955.ENSDARP00000086433	45.9	3
3570023	7955.ENSDARP00000046972	45.7	5
3577181	7955.ENSDARP00000092179	45.7	1
3576239	7955.ENSDARP00000087870	45.6	2
3569672	7955.ENSDARP00000043001	45.5	3
3566530	7955.ENSDARP00000008063	45.2	5
3589164	7955.ENSDARP00000122226	45.1	4
3589805	7955.ENSDARP00000123898	44.8	4
3574783	7955.ENSDARP00000076810	44.7	4
3579751	7955.ENSDARP00000101055	44.6	3
3586982	7955.ENSDARP00000116604	44.6	4
3569435	7955.ENSDARP00000040408	44.2	1
3587166	7955.ENSDARP00000117097	44.1	1
3575795	7955.ENSDARP00000084512	43.8	3
3583026	7955.ENSDARP00000108139	43.7	2
3566020	7955.ENSDARP00000003276	43.4	7
3574892	7955.ENSDARP00000077564	43.4	3
3588016	7955.ENSDARP00000119262	43.3	1
3584320	7955.ENSDARP00000110522	43.1	1
3587412	7955.ENSDARP00000117773	42.9	4
3587662	7955.ENSDARP00000118368	42.8	1
3570843	7955.ENSDARP00000054083	42.8	1
3577863	7955.ENSDARP00000095139	42.7	1
3569218	7955.ENSDARP00000037689	42.6	1
3577927	7955.ENSDARP00000095394	42.6	3
3582358	7955.ENSDARP00000106853	42.3	7
3566628	7955.ENSDARP00000009096	42.3	1
3570949	7955.ENSDARP00000054860	42.1	1
3587554	7955.ENSDARP00000118073	42.0	3
3585717	7955.ENSDARP00000113290	41.9	124
3569574	7955.ENSDARP00000041860	41.9	2
3581778	7955.ENSDARP00000105775	41.8	3
3581695	7955.ENSDARP00000105632	41.7	7
3567789	7955.ENSDARP00000020485	41.7	4
3586328	7955.ENSDARP00000114912	41.7	2
3589887	7955.ENSDARP00000124137	41.6	2
3566894	7955.ENSDARP00000011549	41.3	7
3581839	7955.ENSDARP00000105899	41.3	3
3572466	7955.ENSDARP00000064402	41.2	1
3567822	7955.ENSDARP00000020867	41.2	8
3568096	7955.ENSDARP00000023637	41.0	2
3574828	7955.ENSDARP00000076989	41.0	2
3568513	7955.ENSDARP00000027643	40.9	4
3577086	7955.ENSDARP00000091816	40.8	7
3572818	7955.ENSDARP00000066759	40.7	2
3567246	7955.ENSDARP00000015055	40.6	1
3570524	7955.ENSDARP00000052103	40.6	1
3566360	7955.ENSDARP00000006424	40.5	8
3566492	7955.ENSDARP00000007739	40.5	3
3585496	7955.ENSDARP00000112736	40.4	4
3567099	7955.ENSDARP00000013441	40.1	4
3587007	7955.ENSDARP00000116678	39.9	30
3584960	7955.ENSDARP00000111700	39.8	3
3571825	7955.ENSDARP00000060303	39.6	1
3570512	7955.ENSDARP00000052060	39.4	2
3589920	7955.ENSDARP00000124266	39.3	8
3565910	7955.ENSDARP00000002260	39.1	5
3590544	7955.ENSDARP00000125918	38.7	33
3572215	7955.ENSDARP00000062897	38.5	2
3583874	7955.ENSDARP00000109695	38.4	10
3573140	7955.ENSDARP00000068393	38.4	1
3568648	7955.ENSDARP00000029635	38.3	5
3574012	7955.ENSDARP00000073086	38.3	1
3583982	7955.ENSDARP00000109890	38.2	5
3566831	7955.ENSDARP00000011017	38.1	6
3573895	7955.ENSDARP00000072597	38.0	10
3588881	7955.ENSDARP00000121524	38.0	2
3568639	7955.ENSDARP00000029477	37.9	20
3574505	7955.ENSDARP00000075601	37.9	1
3566177	7955.ENSDARP00000004738	37.8	2
3587514	7955.ENSDARP00000117990	37.7	1
3566533	7955.ENSDARP00000008085	37.4	1
3589268	7955.ENSDARP00000122475	37.3	5
3567596	7955.ENSDARP00000018463	37.3	1
3585147	7955.ENSDARP00000112026	37.2	3
3568159	7955.ENSDARP00000024129	37.1	2
3568037	7955.ENSDARP00000023022	37.0	7
3584501	7955.ENSDARP00000110861	36.9	1
3585577	7955.ENSDARP00000112940	36.8	25
3571260	7955.ENSDARP00000056766	36.8	3
3570399	7955.ENSDARP00000051230	36.8	13
3584457	7955.ENSDARP00000110780	36.8	3
3573822	7955.ENSDARP00000072300	36.7	2
3582505	7955.ENSDARP00000107144	36.7	2
3568070	7955.ENSDARP00000023327	36.6	1
3573436	7955.ENSDARP00000070002	36.6	2
3566240	7955.ENSDARP00000005281	36.4	2
3571116	7955.ENSDARP00000055881	36.3	1
3587261	7955.ENSDARP00000117362	36.2	1
3567156	7955.ENSDARP00000014106	36.2	1
3572372	7955.ENSDARP00000063856	36.1	2
3570619	7955.ENSDARP00000052655	36.1	2
3587881	7955.ENSDARP00000118904	36.0	13
3579716	7955.ENSDARP00000100984	35.9	12
3577305	7955.ENSDARP00000092698	35.9	12
3577303	7955.ENSDARP00000092691	35.9	12
3579073	7955.ENSDARP00000099283	35.9	12
3571401	7955.ENSDARP00000057644	35.8	3
3580972	7955.ENSDARP00000104241	35.6	3
3586595	7955.ENSDARP00000115589	35.6	3
3586155	7955.ENSDARP00000114456	35.6	19
3582097	7955.ENSDARP00000106359	35.5	1
3567791	7955.ENSDARP00000020522	35.4	2
3572707	7955.ENSDARP00000065939	35.2	1
3578121	7955.ENSDARP00000096352	35.2	16
3569658	7955.ENSDARP00000042819	35.1	1
3574726	7955.ENSDARP00000076508	35.0	1
3577697	7955.ENSDARP00000094415	35.0	2
3570212	7955.ENSDARP00000049108	34.8	1
3587206	7955.ENSDARP00000117214	34.7	2
3577793	7955.ENSDARP00000094844	34.7	1
3578066	7955.ENSDARP00000096118	34.7	3
3569900	7955.ENSDARP00000045564	34.5	2
3578942	7955.ENSDARP00000098935	34.5	2
3577274	7955.ENSDARP00000092551	34.4	1
3571430	7955.ENSDARP00000057866	34.4	2
3566830	7955.ENSDARP00000011011	34.4	1
3591254	7955.ENSDARP00000127697	34.3	3
3571564	7955.ENSDARP00000058679	34.3	3
3591117	7955.ENSDARP00000127355	34.3	4
3587649	7955.ENSDARP00000118326	34.2	16
3571944	7955.ENSDARP00000061075	34.1	1
3590962	7955.ENSDARP00000126951	34.1	4
3569573	7955.ENSDARP00000041857	34.0	1
3577364	7955.ENSDARP00000093069	33.9	1
3586205	7955.ENSDARP00000114580	33.7	124
3574447	7955.ENSDARP00000075289	33.7	1
3591173	7955.ENSDARP00000127510	33.6	1
3577398	7955.ENSDARP00000093235	33.5	1
3579522	7955.ENSDARP00000100461	33.3	2
3581872	7955.ENSDARP00000105955	33.2	4
3567271	7955.ENSDARP00000015328	33.0	1
3586657	7955.ENSDARP00000115754	32.8	2
3569354	7955.ENSDARP00000039450	32.7	3
3589754	7955.ENSDARP00000123715	32.5	3
3578221	7955.ENSDARP00000096709	32.4	1
3577711	7955.ENSDARP00000094479	32.4	2
3575870	7955.ENSDARP00000085142	32.0	1
3577346	7955.ENSDARP00000092924	32.0	5
3587522	7955.ENSDARP00000118006	32.0	2
3587780	7955.ENSDARP00000118646	31.8	2
3589811	7955.ENSDARP00000123914	31.8	2
3574257	7955.ENSDARP00000074186	31.4	3
3570024	7955.ENSDARP00000046980	31.3	1
3566774	7955.ENSDARP00000010443	31.2	2
3588846	7955.ENSDARP00000121444	31.2	1
3569385	7955.ENSDARP00000039902	31.2	1
3571087	7955.ENSDARP00000055709	31.1	2
3579714	7955.ENSDARP00000100979	31.0	18
3576390	7955.ENSDARP00000088494	31.0	12
3567155	7955.ENSDARP00000014099	31.0	2
3571210	7955.ENSDARP00000056465	31.0	10
3581983	7955.ENSDARP00000106162	30.8	3
3583317	7955.ENSDARP00000108684	30.7	2
3571814	7955.ENSDARP00000060244	30.7	1
3576279	7955.ENSDARP00000088025	30.6	2
3569360	7955.ENSDARP00000039570	30.4	10
3578143	7955.ENSDARP00000096421	30.4	1
3577829	7955.ENSDARP00000095008	29.9	9
3572866	7955.ENSDARP00000066998	29.9	1
3588384	7955.ENSDARP00000120230	29.8	1
3578042	7955.ENSDARP00000095947	29.7	1
3587109	7955.ENSDARP00000116965	29.7	1
3575689	7955.ENSDARP00000083763	29.6	3
3586513	7955.ENSDARP00000115408	29.6	1
3584314	7955.ENSDARP00000110510	29.5	1
3569007	7955.ENSDARP00000034827	29.4	2
3565885	7955.ENSDARP00000001943	29.4	5
3565860	7955.ENSDARP00000000979	29.4	5
3592083	7955.ENSDARP00000129484	29.1	2
3568512	7955.ENSDARP00000027639	29.0	1
3576922	7955.ENSDARP00000091027	28.9	1
3576746	7955.ENSDARP00000090249	28.8	7
3576871	7955.ENSDARP00000090804	28.8	3
3568264	7955.ENSDARP00000025160	28.7	1
3574635	7955.ENSDARP00000076182	28.6	2
3571263	7955.ENSDARP00000056800	28.5	2
3567052	7955.ENSDARP00000012986	28.5	1
3580999	7955.ENSDARP00000104304	28.4	1
3568288	7955.ENSDARP00000025377	28.4	2
3569118	7955.ENSDARP00000036413	28.4	2
3574323	7955.ENSDARP00000074623	28.3	1
3567804	7955.ENSDARP00000020656	28.3	1
3570484	7955.ENSDARP00000051798	28.3	1
3585438	7955.ENSDARP00000112549	28.3	1
3579733	7955.ENSDARP00000101021	28.2	1
3567512	7955.ENSDARP00000017597	28.2	1
3569723	7955.ENSDARP00000043515	28.2	4
3582906	7955.ENSDARP00000107877	28.0	2
3578223	7955.ENSDARP00000096711	27.9	2
3569095	7955.ENSDARP00000036121	27.9	1
3582236	7955.ENSDARP00000106617	27.8	1
3566631	7955.ENSDARP00000009133	27.6	1
3587864	7955.ENSDARP00000118861	27.6	3
3573437	7955.ENSDARP00000070003	27.4	2
3574023	7955.ENSDARP00000073113	27.3	11
3573215	7955.ENSDARP00000068783	27.2	4
3568418	7955.ENSDARP00000026717	27.0	2
3573170	7955.ENSDARP00000068572	27.0	2
3577430	7955.ENSDARP00000093331	26.7	4
3581398	7955.ENSDARP00000105107	26.4	1
3571396	7955.ENSDARP00000057637	26.3	3
3576310	7955.ENSDARP00000088195	26.2	1
3566329	7955.ENSDARP00000006133	26.1	1
3569834	7955.ENSDARP00000044836	26.1	11
3568331	7955.ENSDARP00000025779	26.0	1
3570245	7955.ENSDARP00000049461	25.9	1
3572711	7955.ENSDARP00000065983	25.9	1
3572167	7955.ENSDARP00000062632	25.5	1
3567430	7955.ENSDARP00000016840	25.3	8
3566258	7955.ENSDARP00000005405	25.1	1
3576284	7955.ENSDARP00000088038	25.0	3
3587208	7955.ENSDARP00000117219	24.9	1
3568043	7955.ENSDARP00000023098	24.8	2
3571861	7955.ENSDARP00000060541	24.7	1
3591166	7955.ENSDARP00000127485	24.7	4
3573624	7955.ENSDARP00000071046	24.6	5
3576460	7955.ENSDARP00000088880	24.3	18
3578825	7955.ENSDARP00000098660	24.3	5
3573969	7955.ENSDARP00000072903	23.9	3
3591339	7955.ENSDARP00000127882	23.8	5
3571595	7955.ENSDARP00000058875	23.7	4
3574290	7955.ENSDARP00000074466	23.7	4
3585248	7955.ENSDARP00000112180	23.5	1
3566296	7955.ENSDARP00000005843	23.4	2
3571817	7955.ENSDARP00000060254	23.4	1
3583645	7955.ENSDARP00000109278	23.2	2
3574697	7955.ENSDARP00000076407	23.2	3
3569305	7955.ENSDARP00000038835	23.1	2
3589529	7955.ENSDARP00000123149	23.0	1
3575087	7955.ENSDARP00000078992	22.9	1
3567248	7955.ENSDARP00000015078	22.9	1
3568148	7955.ENSDARP00000024051	22.8	1
3570061	7955.ENSDARP00000047376	22.7	1
3590066	7955.ENSDARP00000124772	22.6	1
3569591	7955.ENSDARP00000042055	22.6	1
3587070	7955.ENSDARP00000116858	22.5	2
3578125	7955.ENSDARP00000096363	22.4	1
3572937	7955.ENSDARP00000067373	22.3	1
3580461	7955.ENSDARP00000102961	22.3	3
3573478	7955.ENSDARP00000070224	22.3	4
3582476	7955.ENSDARP00000107094	22.2	1
3584978	7955.ENSDARP00000111738	22.1	1
3568403	7955.ENSDARP00000026554	22.0	1
3578911	7955.ENSDARP00000098864	22.0	1
3572198	7955.ENSDARP00000062792	22.0	11
3590922	7955.ENSDARP00000126875	21.9	6
3584881	7955.ENSDARP00000111558	21.9	1
3585821	7955.ENSDARP00000113551	21.9	1
3578356	7955.ENSDARP00000097447	21.7	2
3591470	7955.ENSDARP00000128168	21.7	4
3570310	7955.ENSDARP00000050331	21.7	2
3575978	7955.ENSDARP00000086016	21.6	1
3567973	7955.ENSDARP00000022486	21.6	1
3582122	7955.ENSDARP00000106406	21.6	1
3567955	7955.ENSDARP00000022320	21.6	1
3582160	7955.ENSDARP00000106479	21.5	1
3590501	7955.ENSDARP00000125818	21.5	4
3569626	7955.ENSDARP00000042420	21.5	4
3572086	7955.ENSDARP00000062145	21.5	4
3568744	7955.ENSDARP00000031042	21.4	2
3577163	7955.ENSDARP00000092066	21.3	1
3566407	7955.ENSDARP00000006882	21.2	2
3590485	7955.ENSDARP00000125774	21.2	15
3585241	7955.ENSDARP00000112167	21.2	1
3581524	7955.ENSDARP00000105343	21.0	1
3568677	7955.ENSDARP00000029935	21.0	1
3572428	7955.ENSDARP00000064171	21.0	4
3570764	7955.ENSDARP00000053576	20.9	3
3590788	7955.ENSDARP00000126580	20.9	2
3590978	7955.ENSDARP00000126987	20.9	6
3566968	7955.ENSDARP00000012238	20.8	2
3575446	7955.ENSDARP00000081816	20.7	1
3569447	7955.ENSDARP00000040537	20.7	3
3580216	7955.ENSDARP00000102286	20.6	11
3577285	7955.ENSDARP00000092585	20.6	11
3585718	7955.ENSDARP00000113292	20.6	11
3584889	7955.ENSDARP00000111579	20.6	11
3571969	7955.ENSDARP00000061298	20.6	1
3568154	7955.ENSDARP00000024104	20.4	2
3581926	7955.ENSDARP00000106050	20.3	10
3591572	7955.ENSDARP00000128367	20.2	1
3580266	7955.ENSDARP00000102398	20.2	2
3574575	7955.ENSDARP00000075883	20.1	1
3574258	7955.ENSDARP00000074190	20.1	2
3574878	7955.ENSDARP00000077445	20.0	1
3576940	7955.ENSDARP00000091097	20.0	2
3580578	7955.ENSDARP00000103264	19.9	1
3587985	7955.ENSDARP00000119183	19.9	1
3588701	7955.ENSDARP00000121091	19.6	4
3582123	7955.ENSDARP00000106409	19.6	1
3570013	7955.ENSDARP00000046890	19.5	1
3569373	7955.ENSDARP00000039795	19.5	3
3585760	7955.ENSDARP00000113396	19.4	1
3566675	7955.ENSDARP00000009538	19.4	1
3584135	7955.ENSDARP00000110193	19.3	2
3567383	7955.ENSDARP00000016334	19.3	3
3567218	7955.ENSDARP00000014852	19.3	1
3576714	7955.ENSDARP00000090111	19.3	1
3591900	7955.ENSDARP00000129087	19.2	16
3568179	7955.ENSDARP00000024334	19.1	4
3583978	7955.ENSDARP00000109883	19.1	10
3581788	7955.ENSDARP00000105799	19.0	2
3568682	7955.ENSDARP00000030050	19.0	11
3566765	7955.ENSDARP00000010413	19.0	11
3583597	7955.ENSDARP00000109199	19.0	11
3578327	7955.ENSDARP00000097305	18.9	1
3567505	7955.ENSDARP00000017536	18.9	1
3566416	7955.ENSDARP00000006973	18.9	1
3580813	7955.ENSDARP00000103854	18.8	11
3591564	7955.ENSDARP00000128354	18.7	10
3587603	7955.ENSDARP00000118188	18.6	1
3566806	7955.ENSDARP00000010862	18.6	4
3588866	7955.ENSDARP00000121492	18.5	10
3582930	7955.ENSDARP00000107932	18.4	1
3576154	7955.ENSDARP00000087356	18.3	1
3567451	7955.ENSDARP00000016984	18.3	2
3569042	7955.ENSDARP00000035291	18.3	1
3574752	7955.ENSDARP00000076640	18.3	2
3569187	7955.ENSDARP00000037326	18.1	10
3567436	7955.ENSDARP00000016879	18.0	1
3584750	7955.ENSDARP00000111296	17.9	1
3583868	7955.ENSDARP00000109682	17.9	2
3567418	7955.ENSDARP00000016749	17.9	2
3568921	7955.ENSDARP00000033537	17.9	1
3570191	7955.ENSDARP00000048852	17.9	1
3576537	7955.ENSDARP00000089210	17.9	1
3570639	7955.ENSDARP00000052801	17.9	1
3590969	7955.ENSDARP00000126970	17.8	6
3570079	7955.ENSDARP00000047527	17.7	10
3569533	7955.ENSDARP00000041502	17.7	2
3568629	7955.ENSDARP00000029343	17.7	1
3589672	7955.ENSDARP00000123510	17.6	1
3566241	7955.ENSDARP00000005284	17.4	1
3583266	7955.ENSDARP00000108560	17.4	1
3566726	7955.ENSDARP00000010013	17.4	1
3588838	7955.ENSDARP00000121430	17.4	6
3571001	7955.ENSDARP00000055240	17.3	2
3568219	7955.ENSDARP00000024693	17.3	1
3577874	7955.ENSDARP00000095193	17.1	1
3571211	7955.ENSDARP00000056493	17.1	4
3580449	7955.ENSDARP00000102928	17.1	1
3588376	7955.ENSDARP00000120213	17.1	5
3566308	7955.ENSDARP00000005952	17.0	1
3577822	7955.ENSDARP00000094989	17.0	1
3566277	7955.ENSDARP00000005640	17.0	1
3572956	7955.ENSDARP00000067454	16.9	2
3568795	7955.ENSDARP00000031822	16.9	5
3577235	7955.ENSDARP00000092401	16.8	1
3576059	7955.ENSDARP00000086620	16.7	4
3585911	7955.ENSDARP00000113831	16.5	1
3577750	7955.ENSDARP00000094648	16.5	1
3575110	7955.ENSDARP00000079227	16.3	1
3571308	7955.ENSDARP00000057100	16.3	2
3589389	7955.ENSDARP00000122796	16.2	2
3579798	7955.ENSDARP00000101178	16.2	2
3584339	7955.ENSDARP00000110558	16.2	2
3579271	7955.ENSDARP00000099794	16.2	1
3567476	7955.ENSDARP00000017258	16.2	1
3583895	7955.ENSDARP00000109728	16.0	4
3579800	7955.ENSDARP00000101190	16.0	1
3566037	7955.ENSDARP00000003376	15.9	2
3568330	7955.ENSDARP00000025776	15.8	2
3582010	7955.ENSDARP00000106208	15.8	5
3570050	7955.ENSDARP00000047205	15.8	5
3567837	7955.ENSDARP00000021064	15.7	1
3566535	7955.ENSDARP00000008091	15.7	2
3570783	7955.ENSDARP00000053749	15.6	1
3568020	7955.ENSDARP00000022858	15.6	2
3576912	7955.ENSDARP00000090972	15.5	4
3576911	7955.ENSDARP00000090970	15.5	4
3575865	7955.ENSDARP00000085102	15.4	15
3589679	7955.ENSDARP00000123530	15.4	1
3577360	7955.ENSDARP00000093033	15.4	1
3578291	7955.ENSDARP00000097050	15.3	7
3570555	7955.ENSDARP00000052345	15.2	2
3584428	7955.ENSDARP00000110729	15.2	1
3575411	7955.ENSDARP00000081545	15.2	3
3567805	7955.ENSDARP00000020667	15.1	1
3575173	7955.ENSDARP00000079719	15.0	3
3577301	7955.ENSDARP00000092677	15.0	2
3576903	7955.ENSDARP00000090944	15.0	2
3577471	7955.ENSDARP00000093519	14.9	1
3579222	7955.ENSDARP00000099662	14.8	1
3569381	7955.ENSDARP00000039870	14.8	3
3578913	7955.ENSDARP00000098867	14.7	1
3566887	7955.ENSDARP00000011506	14.6	1
3586463	7955.ENSDARP00000115285	14.5	1
3568071	7955.ENSDARP00000023337	14.5	1
3566151	7955.ENSDARP00000004394	14.5	8
3575794	7955.ENSDARP00000084502	14.5	4
3590120	7955.ENSDARP00000124961	14.3	4
3588938	7955.ENSDARP00000121674	14.3	1
3577701	7955.ENSDARP00000094422	14.2	2
3569109	7955.ENSDARP00000036302	14.2	1
3588422	7955.ENSDARP00000120334	14.2	2
3573619	7955.ENSDARP00000070999	14.2	2
3569087	7955.ENSDARP00000036006	14.2	2
3576027	7955.ENSDARP00000086435	14.0	1
3583491	7955.ENSDARP00000109007	14.0	1
3579045	7955.ENSDARP00000099212	14.0	1
3572753	7955.ENSDARP00000066366	13.9	1
3572968	7955.ENSDARP00000067530	13.9	1
3581499	7955.ENSDARP00000105300	13.9	1
3583993	7955.ENSDARP00000109908	13.8	1
3572896	7955.ENSDARP00000067116	13.8	1
3572471	7955.ENSDARP00000064461	13.7	2
3574428	7955.ENSDARP00000075208	13.7	1
3569627	7955.ENSDARP00000042429	13.6	1
3582439	7955.ENSDARP00000107004	13.6	1
3573999	7955.ENSDARP00000073029	13.6	2
3579846	7955.ENSDARP00000101307	13.6	1
3585974	7955.ENSDARP00000113983	13.6	1
3577722	7955.ENSDARP00000094530	13.6	4
3566031	7955.ENSDARP00000003352	13.5	1
3583996	7955.ENSDARP00000109911	13.4	1
3584681	7955.ENSDARP00000111179	13.3	1
3590012	7955.ENSDARP00000124593	13.2	1
3569578	7955.ENSDARP00000041896	13.2	1
3591336	7955.ENSDARP00000127877	13.1	2
3578652	7955.ENSDARP00000098207	13.1	1
3582933	7955.ENSDARP00000107935	13.0	2
3574824	7955.ENSDARP00000076957	13.0	1
3566897	7955.ENSDARP00000011595	12.9	1
3571439	7955.ENSDARP00000057912	12.9	16
3569056	7955.ENSDARP00000035494	12.9	1
3570613	7955.ENSDARP00000052638	12.8	2
3566502	7955.ENSDARP00000007817	12.8	1
3574450	7955.ENSDARP00000075304	12.7	1
3579589	7955.ENSDARP00000100660	12.7	1
3589567	7955.ENSDARP00000123249	12.7	2
3583802	7955.ENSDARP00000109562	12.5	1
3580939	7955.ENSDARP00000104168	12.4	1
3586462	7955.ENSDARP00000115283	12.4	1
3568379	7955.ENSDARP00000026327	12.4	1
3588915	7955.ENSDARP00000121623	12.2	1
3587266	7955.ENSDARP00000117378	12.1	3
3568557	7955.ENSDARP00000028134	12.1	2
3566345	7955.ENSDARP00000006320	12.1	2
3572854	7955.ENSDARP00000066960	12.1	1
3591334	7955.ENSDARP00000127873	12.0	1
3572850	7955.ENSDARP00000066944	12.0	2
3590999	7955.ENSDARP00000127037	12.0	1
3580810	7955.ENSDARP00000103850	11.9	2
3581683	7955.ENSDARP00000105614	11.9	1
3588858	7955.ENSDARP00000121481	11.9	3
3570197	7955.ENSDARP00000048886	11.8	1
3568558	7955.ENSDARP00000028137	11.8	1
3578007	7955.ENSDARP00000095754	11.7	1
3581451	7955.ENSDARP00000105213	11.6	1
3588897	7955.ENSDARP00000121565	11.5	2
3570066	7955.ENSDARP00000047408	11.5	28
3574551	7955.ENSDARP00000075802	11.4	1
3574655	7955.ENSDARP00000076249	11.4	1
3580260	7955.ENSDARP00000102384	11.3	1
3576085	7955.ENSDARP00000086780	11.3	1
3570623	7955.ENSDARP00000052682	11.3	9
3568189	7955.ENSDARP00000024411	11.2	1
3586236	7955.ENSDARP00000114665	11.2	1
3566320	7955.ENSDARP00000006065	11.2	3
3567130	7955.ENSDARP00000013803	11.1	1
3585903	7955.ENSDARP00000113805	11.1	3
3586877	7955.ENSDARP00000116328	10.9	1
3578864	7955.ENSDARP00000098745	10.8	2
3580252	7955.ENSDARP00000102362	10.8	1
3579239	7955.ENSDARP00000099721	10.7	3
3587185	7955.ENSDARP00000117151	10.7	1
3569734	7955.ENSDARP00000043659	10.6	1
3572598	7955.ENSDARP00000065261	10.6	1
3576528	7955.ENSDARP00000089188	10.6	1
3578586	7955.ENSDARP00000098055	10.6	1
3583009	7955.ENSDARP00000108106	10.5	1
3588072	7955.ENSDARP00000119415	10.5	1
3581543	7955.ENSDARP00000105368	10.5	2
3574741	7955.ENSDARP00000076580	10.5	2
3565965	7955.ENSDARP00000002825	10.5	2
3577509	7955.ENSDARP00000093677	10.4	5
3585162	7955.ENSDARP00000112049	10.4	1
3572544	7955.ENSDARP00000064925	10.4	1
3572824	7955.ENSDARP00000066781	10.4	7
3590525	7955.ENSDARP00000125876	10.3	1
3575833	7955.ENSDARP00000084821	10.3	2
3573808	7955.ENSDARP00000072251	10.3	1
3567938	7955.ENSDARP00000022188	10.3	1
3566550	7955.ENSDARP00000008223	10.2	1
3580103	7955.ENSDARP00000101995	10.1	1
3569112	7955.ENSDARP00000036336	10.1	1
3569434	7955.ENSDARP00000040404	10.1	1
3568867	7955.ENSDARP00000032856	10.1	9
3568317	7955.ENSDARP00000025652	10.0	2
3588687	7955.ENSDARP00000121043	10.0	1
3586501	7955.ENSDARP00000115391	9.92	4
3567543	7955.ENSDARP00000017853	9.77	1
3574009	7955.ENSDARP00000073072	9.77	2
3567780	7955.ENSDARP00000020396	9.67	1
3566756	7955.ENSDARP00000010317	9.65	1
3588731	7955.ENSDARP00000121163	9.62	1
3592038	7955.ENSDARP00000129366	9.44	1
3570213	7955.ENSDARP00000049134	9.44	1
3566319	7955.ENSDARP00000006047	9.42	1
3569796	7955.ENSDARP00000044313	9.41	1
3585796	7955.ENSDARP00000113492	9.34	1
3567442	7955.ENSDARP00000016922	9.31	1
3574354	7955.ENSDARP00000074827	9.31	4
3577662	7955.ENSDARP00000094282	9.3	1
3591039	7955.ENSDARP00000127130	9.28	2
3582660	7955.ENSDARP00000107431	9.28	1
3584760	7955.ENSDARP00000111316	9.27	1
3580510	7955.ENSDARP00000103078	9.27	1
3587508	7955.ENSDARP00000117976	9.26	1
3573353	7955.ENSDARP00000069533	9.22	7
3570560	7955.ENSDARP00000052354	9.17	2
3576692	7955.ENSDARP00000090016	9.17	1
3587803	7955.ENSDARP00000118711	9.13	1
3578846	7955.ENSDARP00000098704	9.09	2
3572745	7955.ENSDARP00000066287	9.06	1
3570662	7955.ENSDARP00000052929	9.03	1
3566817	7955.ENSDARP00000010925	9.01	2
3566580	7955.ENSDARP00000008513	9.01	2
3586492	7955.ENSDARP00000115363	8.99	1
3579277	7955.ENSDARP00000099820	8.9	1
3569778	7955.ENSDARP00000044088	8.86	1
3567811	7955.ENSDARP00000020770	8.85	1
3588608	7955.ENSDARP00000120827	8.83	2
3580761	7955.ENSDARP00000103712	8.77	2
3568150	7955.ENSDARP00000024082	8.76	1
3588983	7955.ENSDARP00000121793	8.74	1
3589136	7955.ENSDARP00000122164	8.74	1
3589919	7955.ENSDARP00000124263	8.74	5
3573328	7955.ENSDARP00000069336	8.71	2
3571261	7955.ENSDARP00000056771	8.71	1
3589853	7955.ENSDARP00000124045	8.69	2
3589704	7955.ENSDARP00000123568	8.64	1
3583496	7955.ENSDARP00000109018	8.62	1
3566602	7955.ENSDARP00000008780	8.42	1
3572985	7955.ENSDARP00000067595	8.4	1
3580448	7955.ENSDARP00000102922	8.38	3
3569028	7955.ENSDARP00000035103	8.37	1
3572384	7955.ENSDARP00000063949	8.29	1
3568709	7955.ENSDARP00000030555	8.29	1
3568152	7955.ENSDARP00000024096	8.25	2
3582528	7955.ENSDARP00000107190	8.21	1
3567494	7955.ENSDARP00000017443	8.18	1
3573394	7955.ENSDARP00000069745	8.17	1
3585932	7955.ENSDARP00000113885	8.03	1
3579807	7955.ENSDARP00000101202	8.01	1
3587905	7955.ENSDARP00000118967	8.0	1
3575199	7955.ENSDARP00000079877	7.99	1
3578803	7955.ENSDARP00000098600	7.98	1
3572802	7955.ENSDARP00000066637	7.83	1
3569496	7955.ENSDARP00000041145	7.8	1
3569137	7955.ENSDARP00000036699	7.79	1
3580364	7955.ENSDARP00000102675	7.79	1
3569380	7955.ENSDARP00000039867	7.75	1
3580055	7955.ENSDARP00000101866	7.73	1
3584104	7955.ENSDARP00000110128	7.7	1
3591819	7955.ENSDARP00000128890	7.65	1
3581393	7955.ENSDARP00000105098	7.52	1
3587552	7955.ENSDARP00000118068	7.47	4
3590080	7955.ENSDARP00000124805	7.36	2
3571397	7955.ENSDARP00000057639	7.34	1
3576433	7955.ENSDARP00000088726	7.33	1
3568855	7955.ENSDARP00000032726	7.31	3
3586121	7955.ENSDARP00000114372	7.24	2
3567953	7955.ENSDARP00000022311	7.11	1
3574794	7955.ENSDARP00000076857	7.02	2
3581117	7955.ENSDARP00000104575	6.93	1
3588704	7955.ENSDARP00000121096	6.79	4
3585097	7955.ENSDARP00000111943	6.76	1
3590143	7955.ENSDARP00000125036	6.75	24
3572024	7955.ENSDARP00000061692	6.75	1
3566491	7955.ENSDARP00000007735	6.73	1
3580767	7955.ENSDARP00000103729	6.63	1
3582540	7955.ENSDARP00000107210	6.63	1
3571809	7955.ENSDARP00000060202	6.62	2
3572166	7955.ENSDARP00000062630	6.61	1
3582053	7955.ENSDARP00000106285	6.61	1
3574512	7955.ENSDARP00000075636	6.52	3
3577851	7955.ENSDARP00000095097	6.5	1
3570575	7955.ENSDARP00000052417	6.47	1
3589490	7955.ENSDARP00000123065	6.45	2
3567669	7955.ENSDARP00000019206	6.42	1
3569368	7955.ENSDARP00000039699	6.4	1
3572126	7955.ENSDARP00000062405	6.34	2
3581160	7955.ENSDARP00000104653	6.3	1
3582478	7955.ENSDARP00000107098	6.21	2
3568923	7955.ENSDARP00000033554	6.21	2
3580286	7955.ENSDARP00000102443	6.18	2
3573268	7955.ENSDARP00000069063	6.17	1
3574434	7955.ENSDARP00000075220	6.1	4
3579512	7955.ENSDARP00000100431	6.01	1
3574043	7955.ENSDARP00000073256	5.99	1
3567639	7955.ENSDARP00000018923	5.99	1
3566208	7955.ENSDARP00000005013	5.95	1
3565988	7955.ENSDARP00000003032	5.95	1
3574405	7955.ENSDARP00000075079	5.94	6
3577061	7955.ENSDARP00000091708	5.94	2
3570977	7955.ENSDARP00000055087	5.88	1
3571178	7955.ENSDARP00000056279	5.85	5
3576780	7955.ENSDARP00000090413	5.8	1
3571081	7955.ENSDARP00000055681	5.74	1
3574882	7955.ENSDARP00000077497	5.71	1
3575235	7955.ENSDARP00000080159	5.64	1
3589782	7955.ENSDARP00000123814	5.64	2
3578919	7955.ENSDARP00000098876	5.61	1
3568120	7955.ENSDARP00000023805	5.57	1
3571553	7955.ENSDARP00000058621	5.53	1
3576081	7955.ENSDARP00000086756	5.48	2
3566884	7955.ENSDARP00000011459	5.43	1
3583385	7955.ENSDARP00000108816	5.4	1
3584658	7955.ENSDARP00000111142	5.4	1
3577247	7955.ENSDARP00000092429	5.38	2
3585982	7955.ENSDARP00000114008	5.3	1
3576817	7955.ENSDARP00000090560	5.28	1
3591653	7955.ENSDARP00000128551	5.25	2
3574507	7955.ENSDARP00000075613	5.22	7
3583354	7955.ENSDARP00000108742	5.21	2
3582869	7955.ENSDARP00000107816	5.21	1
3568853	7955.ENSDARP00000032688	5.16	1
3589751	7955.ENSDARP00000123705	5.15	1
3572311	7955.ENSDARP00000063491	5.12	1
3578630	7955.ENSDARP00000098160	5.11	1
3586558	7955.ENSDARP00000115509	5.09	2
3566446	7955.ENSDARP00000007267	5.08	2
3583390	7955.ENSDARP00000108825	5.06	2
3566011	7955.ENSDARP00000003197	5.06	1
3582341	7955.ENSDARP00000106819	5.03	1
3569986	7955.ENSDARP00000046586	5.03	1
3576142	7955.ENSDARP00000087212	4.98	11
3575340	7955.ENSDARP00000080972	4.94	1
3591616	7955.ENSDARP00000128469	4.83	1
3569304	7955.ENSDARP00000038816	4.82	1
3583123	7955.ENSDARP00000108301	4.8	1
3568803	7955.ENSDARP00000032005	4.79	2
3585751	7955.ENSDARP00000113373	4.75	3
3577288	7955.ENSDARP00000092605	4.72	1
3568139	7955.ENSDARP00000023956	4.7	1
3585870	7955.ENSDARP00000113698	4.61	3
3571574	7955.ENSDARP00000058724	4.59	1
3572145	7955.ENSDARP00000062521	4.59	2
3566381	7955.ENSDARP00000006629	4.57	2
3577557	7955.ENSDARP00000093874	4.55	2
3569035	7955.ENSDARP00000035196	4.53	2
3568050	7955.ENSDARP00000023158	4.53	1
3582734	7955.ENSDARP00000107569	4.52	1
3569410	7955.ENSDARP00000040190	4.52	2
3575252	7955.ENSDARP00000080251	4.5	1
3569370	7955.ENSDARP00000039745	4.5	1
3567008	7955.ENSDARP00000012565	4.49	1
3574727	7955.ENSDARP00000076517	4.47	1
3568387	7955.ENSDARP00000026432	4.43	2
3573147	7955.ENSDARP00000068422	4.39	1
3572468	7955.ENSDARP00000064438	4.37	3
3577858	7955.ENSDARP00000095122	4.37	2
3587377	7955.ENSDARP00000117676	4.34	1
3591938	7955.ENSDARP00000129173	4.32	1
3574927	7955.ENSDARP00000077786	4.26	3
3589447	7955.ENSDARP00000122950	4.24	2
3582564	7955.ENSDARP00000107250	4.19	2
3565956	7955.ENSDARP00000002767	4.16	1
3573608	7955.ENSDARP00000070966	4.15	5
3569777	7955.ENSDARP00000044084	4.08	3
3571073	7955.ENSDARP00000055622	4.05	1
3576276	7955.ENSDARP00000088020	4.01	1
3574098	7955.ENSDARP00000073472	3.96	3
3581173	7955.ENSDARP00000104674	3.94	4
3591674	7955.ENSDARP00000128585	3.89	1
3568076	7955.ENSDARP00000023429	3.89	1
3571323	7955.ENSDARP00000057249	3.88	1
3566529	7955.ENSDARP00000008048	3.77	1
3587897	7955.ENSDARP00000118942	3.72	1
3567030	7955.ENSDARP00000012767	3.69	1
3577790	7955.ENSDARP00000094833	3.67	1
3574431	7955.ENSDARP00000075216	3.65	1
3583288	7955.ENSDARP00000108614	3.65	4
3566267	7955.ENSDARP00000005519	3.64	1
3571097	7955.ENSDARP00000055756	3.63	2
3589547	7955.ENSDARP00000123199	3.63	1
3571266	7955.ENSDARP00000056812	3.62	2
3570870	7955.ENSDARP00000054317	3.61	4
3591191	7955.ENSDARP00000127555	3.61	1
3570203	7955.ENSDARP00000048939	3.58	1
3568771	7955.ENSDARP00000031533	3.57	1
3590554	7955.ENSDARP00000125940	3.54	1
3570147	7955.ENSDARP00000048398	3.53	1
3569369	7955.ENSDARP00000039716	3.49	1
3577407	7955.ENSDARP00000093261	3.47	1
3574381	7955.ENSDARP00000074926	3.47	1
3574836	7955.ENSDARP00000077065	3.45	1
3572197	7955.ENSDARP00000062790	3.43	1
3569067	7955.ENSDARP00000035665	3.39	1
3569855	7955.ENSDARP00000045066	3.39	1
3578189	7955.ENSDARP00000096573	3.39	1
3582620	7955.ENSDARP00000107355	3.38	1
3590798	7955.ENSDARP00000126605	3.35	1
3569055	7955.ENSDARP00000035484	3.35	6
3573625	7955.ENSDARP00000071047	3.31	2
3575547	7955.ENSDARP00000082641	3.3	2
3571687	7955.ENSDARP00000059396	3.19	2
3567685	7955.ENSDARP00000019419	3.19	1
3583341	7955.ENSDARP00000108718	3.19	1
3578844	7955.ENSDARP00000098698	3.1	1
3590098	7955.ENSDARP00000124881	3.09	2
3588598	7955.ENSDARP00000120798	3.07	2
3576589	7955.ENSDARP00000089477	3.04	1
3567809	7955.ENSDARP00000020711	3.04	1
3572357	7955.ENSDARP00000063773	3.03	1
3587674	7955.ENSDARP00000118396	3.01	1
3580436	7955.ENSDARP00000102893	3.01	1
3590791	7955.ENSDARP00000126589	2.96	1
3567108	7955.ENSDARP00000013512	2.96	1
3588742	7955.ENSDARP00000121181	2.96	6
3587365	7955.ENSDARP00000117641	2.94	1
3580847	7955.ENSDARP00000103928	2.88	1
3567396	7955.ENSDARP00000016494	2.86	1
3582428	7955.ENSDARP00000106981	2.85	1
3575883	7955.ENSDARP00000085221	2.81	6
3586001	7955.ENSDARP00000114053	2.78	1
3579689	7955.ENSDARP00000100908	2.78	1
3573397	7955.ENSDARP00000069759	2.77	1
3573714	7955.ENSDARP00000071683	2.76	1
3568138	7955.ENSDARP00000023951	2.75	1
3566587	7955.ENSDARP00000008633	2.75	1
3571654	7955.ENSDARP00000059227	2.75	1
3582077	7955.ENSDARP00000106325	2.74	1
3577005	7955.ENSDARP00000091471	2.71	3
3569387	7955.ENSDARP00000039910	2.69	1
3581385	7955.ENSDARP00000105077	2.68	1
3588729	7955.ENSDARP00000121161	2.68	1
3577428	7955.ENSDARP00000093329	2.63	1
3592102	7955.ENSDARP00000129520	2.62	1
3573355	7955.ENSDARP00000069541	2.6	1
3568983	7955.ENSDARP00000034439	2.58	1
3584789	7955.ENSDARP00000111381	2.55	6
3580046	7955.ENSDARP00000101847	2.54	1
3568940	7955.ENSDARP00000033785	2.52	1
3571924	7955.ENSDARP00000060945	2.51	1
3569611	7955.ENSDARP00000042254	2.49	1
3570218	7955.ENSDARP00000049176	2.49	1
3580616	7955.ENSDARP00000103352	2.47	1
3580919	7955.ENSDARP00000104119	2.45	1
3566944	7955.ENSDARP00000012040	2.36	5
3575736	7955.ENSDARP00000084055	2.35	1
3567013	7955.ENSDARP00000012595	2.35	1
3567420	7955.ENSDARP00000016769	2.33	1
3577153	7955.ENSDARP00000092016	2.32	1
3578999	7955.ENSDARP00000099073	2.25	1
3568241	7955.ENSDARP00000024947	2.24	2
3582746	7955.ENSDARP00000107582	2.23	1
3575405	7955.ENSDARP00000081514	2.23	1
3577859	7955.ENSDARP00000095128	2.23	2
3566903	7955.ENSDARP00000011636	2.22	1
3589934	7955.ENSDARP00000124307	2.18	4
3578465	7955.ENSDARP00000097750	2.18	3
3587334	7955.ENSDARP00000117561	2.16	6
3578240	7955.ENSDARP00000096826	2.11	1
3577846	7955.ENSDARP00000095078	2.1	4
3583729	7955.ENSDARP00000109429	2.09	1
3578020	7955.ENSDARP00000095870	2.09	2
3588068	7955.ENSDARP00000119407	2.08	2
3570531	7955.ENSDARP00000052178	2.06	6
3585268	7955.ENSDARP00000112216	2.06	6
3585285	7955.ENSDARP00000112252	2.03	1
3585904	7955.ENSDARP00000113809	2.0	1
3571165	7955.ENSDARP00000056207	1.99	1
3570185	7955.ENSDARP00000048822	1.98	1
3589115	7955.ENSDARP00000122114	1.97	1
3579991	7955.ENSDARP00000101701	1.97	6
3589208	7955.ENSDARP00000122341	1.96	1
3573792	7955.ENSDARP00000072130	1.95	2
3579186	7955.ENSDARP00000099574	1.93	1
3586992	7955.ENSDARP00000116646	1.88	1
3568283	7955.ENSDARP00000025350	1.86	1
3577753	7955.ENSDARP00000094658	1.8	1
3568491	7955.ENSDARP00000027394	1.8	1
3587343	7955.ENSDARP00000117582	1.8	2
3574917	7955.ENSDARP00000077743	1.78	1
3574666	7955.ENSDARP00000076298	1.77	1
3569947	7955.ENSDARP00000046065	1.73	2
3588766	7955.ENSDARP00000121262	1.69	6
3568064	7955.ENSDARP00000023281	1.69	3
3566467	7955.ENSDARP00000007528	1.68	6
3573133	7955.ENSDARP00000068355	1.62	1
3576457	7955.ENSDARP00000088868	1.57	1
3569582	7955.ENSDARP00000041938	1.55	1
3584999	7955.ENSDARP00000111771	1.55	1
3586671	7955.ENSDARP00000115806	1.54	1
3568177	7955.ENSDARP00000024319	1.54	4
3576135	7955.ENSDARP00000087158	1.53	1
3590830	7955.ENSDARP00000126672	1.52	1
3588178	7955.ENSDARP00000119719	1.52	6
3580484	7955.ENSDARP00000103018	1.5	4
3572619	7955.ENSDARP00000065374	1.48	1
3586628	7955.ENSDARP00000115669	1.47	1
3569154	7955.ENSDARP00000036958	1.46	1
3591349	7955.ENSDARP00000127908	1.43	1
3568778	7955.ENSDARP00000031658	1.43	2
3591056	7955.ENSDARP00000127185	1.43	1
3578772	7955.ENSDARP00000098517	1.3	1
3576207	7955.ENSDARP00000087679	1.28	2
3566593	7955.ENSDARP00000008665	1.27	1
3590881	7955.ENSDARP00000126790	1.26	1
3570041	7955.ENSDARP00000047109	1.25	2
3591131	7955.ENSDARP00000127397	1.22	3
3591219	7955.ENSDARP00000127618	1.21	1
3573438	7955.ENSDARP00000070004	1.2	1
3587387	7955.ENSDARP00000117703	1.2	1
3589081	7955.ENSDARP00000122045	1.15	6
3591626	7955.ENSDARP00000128493	1.14	2
3569012	7955.ENSDARP00000034864	1.14	1
3578211	7955.ENSDARP00000096673	1.09	1
3581448	7955.ENSDARP00000105209	1.08	1
3584391	7955.ENSDARP00000110661	1.03	2
3566574	7955.ENSDARP00000008469	1.01	1
3580261	7955.ENSDARP00000102385	1.0	3
3569988	7955.ENSDARP00000046608	0.964	2
3585893	7955.ENSDARP00000113768	0.954	1
3574214	7955.ENSDARP00000073993	0.945	1
3572070	7955.ENSDARP00000062009	0.94	1
3583470	7955.ENSDARP00000108964	0.927	1
3590834	7955.ENSDARP00000126683	0.926	4
3574037	7955.ENSDARP00000073209	0.917	1
3590824	7955.ENSDARP00000126660	0.916	4
3590926	7955.ENSDARP00000126880	0.906	4
3569976	7955.ENSDARP00000046453	0.904	3
3583932	7955.ENSDARP00000109800	0.888	1
3586107	7955.ENSDARP00000114332	0.88	4
3583639	7955.ENSDARP00000109264	0.875	1
3575850	7955.ENSDARP00000084947	0.87	1
3577909	7955.ENSDARP00000095319	0.862	2
3580884	7955.ENSDARP00000104033	0.859	3
3587221	7955.ENSDARP00000117255	0.85	4
3574242	7955.ENSDARP00000074143	0.847	6
3570107	7955.ENSDARP00000047864	0.846	3
3567152	7955.ENSDARP00000014065	0.82	1
3587900	7955.ENSDARP00000118953	0.804	4
3586916	7955.ENSDARP00000116425	0.8	1
3585277	7955.ENSDARP00000112231	0.787	1
3587118	7955.ENSDARP00000116988	0.77	4
3575779	7955.ENSDARP00000084389	0.752	1
3588523	7955.ENSDARP00000120603	0.735	4
3587356	7955.ENSDARP00000117616	0.733	4
3586311	7955.ENSDARP00000114868	0.732	4
3585719	7955.ENSDARP00000113293	0.732	4
3585773	7955.ENSDARP00000113434	0.731	4
3590891	7955.ENSDARP00000126814	0.73	4
3591317	7955.ENSDARP00000127840	0.729	4
3590867	7955.ENSDARP00000126760	0.729	4
3580538	7955.ENSDARP00000103154	0.729	3
3574059	7955.ENSDARP00000073345	0.727	3
3585728	7955.ENSDARP00000113317	0.721	4
3583779	7955.ENSDARP00000109525	0.715	1
3585062	7955.ENSDARP00000111883	0.7	1
3588008	7955.ENSDARP00000119246	0.693	4
3579274	7955.ENSDARP00000099801	0.689	4
3569540	7955.ENSDARP00000041563	0.667	1
3580652	7955.ENSDARP00000103429	0.656	4
3586849	7955.ENSDARP00000116247	0.65	4
3572916	7955.ENSDARP00000067187	0.637	1
3578932	7955.ENSDARP00000098912	0.626	4
3587735	7955.ENSDARP00000118555	0.619	4
3591548	7955.ENSDARP00000128312	0.619	1
3585472	7955.ENSDARP00000112624	0.615	1
3583328	7955.ENSDARP00000108697	0.612	1
3578498	7955.ENSDARP00000097825	0.609	1
3589622	7955.ENSDARP00000123393	0.606	1
3580806	7955.ENSDARP00000103825	0.59	4
3590799	7955.ENSDARP00000126607	0.589	3
3590801	7955.ENSDARP00000126609	0.569	4
3577871	7955.ENSDARP00000095174	0.558	1
3590162	7955.ENSDARP00000125088	0.552	1
3568587	7955.ENSDARP00000028693	0.548	6
3584694	7955.ENSDARP00000111206	0.544	1
3574182	7955.ENSDARP00000073858	0.513	1
3569569	7955.ENSDARP00000041805	0.496	1
3586442	7955.ENSDARP00000115222	0.462	4
3583223	7955.ENSDARP00000108485	0.456	1
3567966	7955.ENSDARP00000022438	0.451	1
3582618	7955.ENSDARP00000107352	0.444	1
3588502	7955.ENSDARP00000120527	0.441	1
3575798	7955.ENSDARP00000084533	0.429	1
3580417	7955.ENSDARP00000102839	0.428	1
3579650	7955.ENSDARP00000100801	0.427	1
3567351	7955.ENSDARP00000016098	0.418	6
3581519	7955.ENSDARP00000105336	0.404	1
3577906	7955.ENSDARP00000095309	0.399	1
3583412	7955.ENSDARP00000108864	0.394	6
3583045	7955.ENSDARP00000108170	0.384	1
3581291	7955.ENSDARP00000104899	0.378	1
3580349	7955.ENSDARP00000102632	0.377	1
3591596	7955.ENSDARP00000128420	0.374	1
3569339	7955.ENSDARP00000039210	0.367	1
3587267	7955.ENSDARP00000117380	0.345	3
3571500	7955.ENSDARP00000058347	0.344	1
3582121	7955.ENSDARP00000106404	0.335	1
3585313	7955.ENSDARP00000112306	0.333	1
3581728	7955.ENSDARP00000105693	0.331	4
3589526	7955.ENSDARP00000123142	0.327	4
3586514	7955.ENSDARP00000115410	0.312	3
3591941	7955.ENSDARP00000129178	0.309	4
3572448	7955.ENSDARP00000064293	0.306	1
3588109	7955.ENSDARP00000119509	0.297	1
3582973	7955.ENSDARP00000108030	0.295	1
3587576	7955.ENSDARP00000118123	0.292	1
3581072	7955.ENSDARP00000104481	0.289	1
3582513	7955.ENSDARP00000107162	0.289	1
3575638	7955.ENSDARP00000083378	0.289	2
3567956	7955.ENSDARP00000022330	0.283	2
3572447	7955.ENSDARP00000064291	0.283	1
3589090	7955.ENSDARP00000122063	0.277	2
3581353	7955.ENSDARP00000105019	0.271	1
3589686	7955.ENSDARP00000123539	0.27	3
3588986	7955.ENSDARP00000121803	0.27	2
3582438	7955.ENSDARP00000107003	0.269	4
3588048	7955.ENSDARP00000119364	0.255	4
3582522	7955.ENSDARP00000107180	0.253	1
3590152	7955.ENSDARP00000125063	0.24	1
3587558	7955.ENSDARP00000118083	0.239	4
3573351	7955.ENSDARP00000069524	0.239	1
3585936	7955.ENSDARP00000113895	0.236	4
3574600	7955.ENSDARP00000076012	0.233	1
3566195	7955.ENSDARP00000004923	0.225	1
3589701	7955.ENSDARP00000123564	0.22	4
3586011	7955.ENSDARP00000114081	0.218	4
3573872	7955.ENSDARP00000072498	0.214	1
3586434	7955.ENSDARP00000115194	0.213	4
3573702	7955.ENSDARP00000071629	0.203	1
3580617	7955.ENSDARP00000103354	0.202	1
3584981	7955.ENSDARP00000111741	0.202	6
3571277	7955.ENSDARP00000056881	0.198	1
3588282	7955.ENSDARP00000119981	0.197	4
3588930	7955.ENSDARP00000121660	0.196	2
3591475	7955.ENSDARP00000128174	0.194	3
3571858	7955.ENSDARP00000060526	0.194	1
3588512	7955.ENSDARP00000120566	0.193	1
3585632	7955.ENSDARP00000113059	0.192	1
3587647	7955.ENSDARP00000118321	0.188	2
3585806	7955.ENSDARP00000113523	0.187	2
3585519	7955.ENSDARP00000112805	0.187	1
3583201	7955.ENSDARP00000108448	0.184	3
3583299	7955.ENSDARP00000108634	0.172	1
3585366	7955.ENSDARP00000112409	0.171	3
3589737	7955.ENSDARP00000123666	0.171	3
3582033	7955.ENSDARP00000106249	0.17	3
3589764	7955.ENSDARP00000123759	0.169	1
3590104	7955.ENSDARP00000124896	0.166	2
3566543	7955.ENSDARP00000008139	0.165	1
3590732	7955.ENSDARP00000126432	0.165	1
3585440	7955.ENSDARP00000112551	0.164	3
3590701	7955.ENSDARP00000126358	0.162	2
3588465	7955.ENSDARP00000120445	0.162	3
3591656	7955.ENSDARP00000128556	0.161	3
3576334	7955.ENSDARP00000088283	0.159	3
3587652	7955.ENSDARP00000118334	0.156	3
3590335	7955.ENSDARP00000125435	0.155	3
3581373	7955.ENSDARP00000105055	0.155	3
3581655	7955.ENSDARP00000105569	0.155	3
3580327	7955.ENSDARP00000102562	0.155	3
3588933	7955.ENSDARP00000121667	0.154	1
3586571	7955.ENSDARP00000115543	0.154	2
3586221	7955.ENSDARP00000114630	0.146	3
3589512	7955.ENSDARP00000123115	0.145	1
3589264	7955.ENSDARP00000122470	0.144	3
3586948	7955.ENSDARP00000116538	0.143	3
3582414	7955.ENSDARP00000106959	0.143	3
3583772	7955.ENSDARP00000109510	0.143	3
3588133	7955.ENSDARP00000119591	0.143	3
3581484	7955.ENSDARP00000105275	0.142	3
3583231	7955.ENSDARP00000108501	0.141	3
3587828	7955.ENSDARP00000118762	0.141	3
3588534	7955.ENSDARP00000120625	0.14	3
3582606	7955.ENSDARP00000107320	0.14	3
3590269	7955.ENSDARP00000125309	0.14	3
3576870	7955.ENSDARP00000090800	0.139	2
3575393	7955.ENSDARP00000081436	0.139	1
3578385	7955.ENSDARP00000097516	0.138	3
3580650	7955.ENSDARP00000103419	0.138	3
3583603	7955.ENSDARP00000109208	0.137	3
3566279	7955.ENSDARP00000005647	0.137	1
3583358	7955.ENSDARP00000108749	0.137	2
3589487	7955.ENSDARP00000123049	0.137	3
3587059	7955.ENSDARP00000116832	0.136	3
3581255	7955.ENSDARP00000104832	0.136	3
3585026	7955.ENSDARP00000111820	0.136	1
3587320	7955.ENSDARP00000117528	0.136	3
3578234	7955.ENSDARP00000096770	0.135	3
3584264	7955.ENSDARP00000110422	0.134	3
3574616	7955.ENSDARP00000076092	0.134	1
3590835	7955.ENSDARP00000126687	0.133	3
3577329	7955.ENSDARP00000092817	0.133	2
3583910	7955.ENSDARP00000109758	0.131	3
3578446	7955.ENSDARP00000097698	0.131	3
3590355	7955.ENSDARP00000125473	0.131	3
3589654	7955.ENSDARP00000123469	0.131	3
3586997	7955.ENSDARP00000116658	0.131	3
3586359	7955.ENSDARP00000115008	0.131	3
3587645	7955.ENSDARP00000118311	0.131	3
3578237	7955.ENSDARP00000096798	0.13	3
3585924	7955.ENSDARP00000113864	0.13	3
3590700	7955.ENSDARP00000126357	0.129	3
3588893	7955.ENSDARP00000121554	0.129	3
3588686	7955.ENSDARP00000121035	0.129	3
3585793	7955.ENSDARP00000113485	0.129	3
3590207	7955.ENSDARP00000125177	0.129	3
3590718	7955.ENSDARP00000126394	0.128	3
3590950	7955.ENSDARP00000126924	0.128	1
3586584	7955.ENSDARP00000115570	0.128	2
3582710	7955.ENSDARP00000107534	0.127	3
3587792	7955.ENSDARP00000118683	0.127	3
3589539	7955.ENSDARP00000123179	0.126	3
3583633	7955.ENSDARP00000109253	0.126	2
3582084	7955.ENSDARP00000106336	0.126	3
3586347	7955.ENSDARP00000114965	0.125	3
3586726	7955.ENSDARP00000115939	0.125	3
3587795	7955.ENSDARP00000118689	0.125	3
3587226	7955.ENSDARP00000117264	0.125	3
3578530	7955.ENSDARP00000097928	0.125	3
3585581	7955.ENSDARP00000112949	0.125	3
3583561	7955.ENSDARP00000109127	0.125	3
3586704	7955.ENSDARP00000115884	0.124	3
3583669	7955.ENSDARP00000109323	0.124	3
3587616	7955.ENSDARP00000118228	0.123	3
3589044	7955.ENSDARP00000121951	0.123	3
3590295	7955.ENSDARP00000125358	0.123	3
3572449	7955.ENSDARP00000064306	0.123	3
3588323	7955.ENSDARP00000120086	0.122	3
3590398	7955.ENSDARP00000125563	0.122	3
3589037	7955.ENSDARP00000121927	0.122	3
3586886	7955.ENSDARP00000116346	0.121	3
3587097	7955.ENSDARP00000116933	0.121	2
3590745	7955.ENSDARP00000126456	0.121	3
3588880	7955.ENSDARP00000121523	0.121	3
3587959	7955.ENSDARP00000119114	0.12	3
3588049	7955.ENSDARP00000119366	0.12	3
3586447	7955.ENSDARP00000115235	0.12	3
3587123	7955.ENSDARP00000117001	0.12	3
3585201	7955.ENSDARP00000112105	0.12	3
3586047	7955.ENSDARP00000114204	0.119	3
3590691	7955.ENSDARP00000126335	0.119	3
3590755	7955.ENSDARP00000126480	0.119	3
3581123	7955.ENSDARP00000104583	0.119	3
3590249	7955.ENSDARP00000125260	0.119	3
3584038	7955.ENSDARP00000109997	0.119	3
3586223	7955.ENSDARP00000114634	0.118	3
3578712	7955.ENSDARP00000098365	0.118	2
3581531	7955.ENSDARP00000105353	0.117	3
3590198	7955.ENSDARP00000125167	0.117	3
3586027	7955.ENSDARP00000114116	0.115	3
3588229	7955.ENSDARP00000119851	0.115	3
3585905	7955.ENSDARP00000113810	0.115	3
3584748	7955.ENSDARP00000111292	0.115	3
3586848	7955.ENSDARP00000116246	0.114	3
3586321	7955.ENSDARP00000114894	0.113	3
3589398	7955.ENSDARP00000122822	0.113	3
3586302	7955.ENSDARP00000114843	0.113	3
3589317	7955.ENSDARP00000122587	0.113	3
3587001	7955.ENSDARP00000116663	0.113	3
3588711	7955.ENSDARP00000121112	0.113	3
3576768	7955.ENSDARP00000090351	0.112	3
3590995	7955.ENSDARP00000127029	0.112	3
3587572	7955.ENSDARP00000118117	0.112	3
3590233	7955.ENSDARP00000125226	0.111	3
3590727	7955.ENSDARP00000126415	0.111	3
3581311	7955.ENSDARP00000104937	0.111	3
3588980	7955.ENSDARP00000121783	0.111	3
3589618	7955.ENSDARP00000123388	0.11	3
3587280	7955.ENSDARP00000117403	0.11	3
3589673	7955.ENSDARP00000123511	0.109	1
3588206	7955.ENSDARP00000119791	0.109	3
3588699	7955.ENSDARP00000121087	0.108	3
3585446	7955.ENSDARP00000112568	0.108	3
3585733	7955.ENSDARP00000113325	0.108	3
3587610	7955.ENSDARP00000118210	0.108	3
3586139	7955.ENSDARP00000114421	0.108	3
3577517	7955.ENSDARP00000093720	0.107	1
3590261	7955.ENSDARP00000125288	0.107	3
3585564	7955.ENSDARP00000112920	0.107	2
3586102	7955.ENSDARP00000114323	0.107	3
3588725	7955.ENSDARP00000121149	0.106	3
3580676	7955.ENSDARP00000103495	0.106	3
3590777	7955.ENSDARP00000126548	0.105	3
3585461	7955.ENSDARP00000112604	0.105	3
3590381	7955.ENSDARP00000125528	0.104	3
3589671	7955.ENSDARP00000123509	0.104	3
3590773	7955.ENSDARP00000126533	0.104	3
3588401	7955.ENSDARP00000120273	0.103	3
3590369	7955.ENSDARP00000125504	0.103	3
3590210	7955.ENSDARP00000125184	0.103	3
3586656	7955.ENSDARP00000115752	0.101	3
3587608	7955.ENSDARP00000118203	0.1	3
3586073	7955.ENSDARP00000114262	0.1	3
3583574	7955.ENSDARP00000109163	0.1	1
3590362	7955.ENSDARP00000125493	0.1	2
3585727	7955.ENSDARP00000113314	0.099	3
3586342	7955.ENSDARP00000114958	0.099	3
3592174	7955.ENSDARP00000129684	0.099	3
3590379	7955.ENSDARP00000125526	0.099	2
3591082	7955.ENSDARP00000127250	0.098	1
3582098	7955.ENSDARP00000106365	0.098	1
3588296	7955.ENSDARP00000120028	0.097	1
3581867	7955.ENSDARP00000105944	0.097	1
3575166	7955.ENSDARP00000079665	0.097	1
3580234	7955.ENSDARP00000102325	0.097	1
3587560	7955.ENSDARP00000118088	0.096	3
3587307	7955.ENSDARP00000117486	0.096	2
3585174	7955.ENSDARP00000112070	0.096	1
3590421	7955.ENSDARP00000125611	0.096	2
3590211	7955.ENSDARP00000125185	0.096	3
3586653	7955.ENSDARP00000115747	0.096	2
3583936	7955.ENSDARP00000109811	0.096	2
3589855	7955.ENSDARP00000124049	0.095	3
3590781	7955.ENSDARP00000126558	0.094	3
3570868	7955.ENSDARP00000054273	0.091	1
3581076	7955.ENSDARP00000104487	0.091	1
3573844	7955.ENSDARP00000072380	0.091	1
3590062	7955.ENSDARP00000124757	0.09	2
3574155	7955.ENSDARP00000073773	0.089	1
3585759	7955.ENSDARP00000113392	0.088	2
3587944	7955.ENSDARP00000119068	0.086	2
3588157	7955.ENSDARP00000119655	0.086	2
3576483	7955.ENSDARP00000089007	0.086	1
3580343	7955.ENSDARP00000102614	0.085	1
3574488	7955.ENSDARP00000075509	0.085	1
3587917	7955.ENSDARP00000118999	0.084	1
3579699	7955.ENSDARP00000100956	0.082	1
3572376	7955.ENSDARP00000063883	0.08	1
3576759	7955.ENSDARP00000090314	0.079	1
3579088	7955.ENSDARP00000099331	0.077	1
3590396	7955.ENSDARP00000125558	0.077	1
3587011	7955.ENSDARP00000116689	0.076	2
3587551	7955.ENSDARP00000118067	0.074	2
3590785	7955.ENSDARP00000126571	0.072	1
3580712	7955.ENSDARP00000103596	0.072	1
3583741	7955.ENSDARP00000109455	0.07	2
3583832	7955.ENSDARP00000109621	0.069	2
3590299	7955.ENSDARP00000125369	0.069	1
3582911	7955.ENSDARP00000107891	0.069	2
3587708	7955.ENSDARP00000118495	0.067	2
3584105	7955.ENSDARP00000110129	0.066	2
3590425	7955.ENSDARP00000125615	0.064	2
3590322	7955.ENSDARP00000125410	0.063	2
3584384	7955.ENSDARP00000110647	0.062	2
3568340	7955.ENSDARP00000025844	0.062	1
3587646	7955.ENSDARP00000118312	0.061	1
3590411	7955.ENSDARP00000125585	0.061	2
3588234	7955.ENSDARP00000119862	0.061	2
3570313	7955.ENSDARP00000050378	0.061	1
3580870	7955.ENSDARP00000104001	0.06	1
3590728	7955.ENSDARP00000126422	0.059	2
3587452	7955.ENSDARP00000117861	0.059	1
3590315	7955.ENSDARP00000125399	0.059	2
3586215	7955.ENSDARP00000114613	0.059	2
3590780	7955.ENSDARP00000126557	0.059	2
3581079	7955.ENSDARP00000104491	0.058	1
3588193	7955.ENSDARP00000119753	0.057	2
3587773	7955.ENSDARP00000118630	0.057	2
3586145	7955.ENSDARP00000114433	0.056	2
3586365	7955.ENSDARP00000115020	0.056	2
3581944	7955.ENSDARP00000106083	0.055	2
3582496	7955.ENSDARP00000107128	0.055	2
3590173	7955.ENSDARP00000125117	0.054	1
3581638	7955.ENSDARP00000105545	0.054	2
3590783	7955.ENSDARP00000126566	0.054	1
3590713	7955.ENSDARP00000126385	0.054	2
3582115	7955.ENSDARP00000106393	0.053	2
3578590	7955.ENSDARP00000098062	0.052	2
3583111	7955.ENSDARP00000108286	0.051	2
3589555	7955.ENSDARP00000123225	0.051	2
3587428	7955.ENSDARP00000117812	0.048	2
3589628	7955.ENSDARP00000123407	0.041	2
3580233	7955.ENSDARP00000102324	0.039	1
3586181	7955.ENSDARP00000114517	0.038	1
3591043	7955.ENSDARP00000127139	0.037	1
3583338	7955.ENSDARP00000108714	0.037	1
3589022	7955.ENSDARP00000121894	0.036	1
3589138	7955.ENSDARP00000122167	0.036	1
3582571	7955.ENSDARP00000107260	0.036	1
3590784	7955.ENSDARP00000126570	0.035	1
3565840	7955.ENSDARP00000000087	0.035	1
3588874	7955.ENSDARP00000121507	0.034	1
3588000	7955.ENSDARP00000119223	0.034	1
3586396	7955.ENSDARP00000115095	0.034	2
3591769	7955.ENSDARP00000128789	0.033	1
3586855	7955.ENSDARP00000116259	0.033	1
3582586	7955.ENSDARP00000107286	0.033	1
3590358	7955.ENSDARP00000125481	0.033	1
3590854	7955.ENSDARP00000126725	0.033	1
3581085	7955.ENSDARP00000104505	0.033	1
3590717	7955.ENSDARP00000126393	0.032	1
3578670	7955.ENSDARP00000098264	0.031	1
3578959	7955.ENSDARP00000098985	0.031	1
3586199	7955.ENSDARP00000114570	0.03	1
3579593	7955.ENSDARP00000100671	0.03	1
3587721	7955.ENSDARP00000118519	0.03	1
3583912	7955.ENSDARP00000109760	0.029	1
3576829	7955.ENSDARP00000090611	0.029	1
3578778	7955.ENSDARP00000098532	0.029	1
3584779	7955.ENSDARP00000111361	0.029	1
3588720	7955.ENSDARP00000121142	0.029	1
3577230	7955.ENSDARP00000092389	0.028	1
3586255	7955.ENSDARP00000114741	0.028	1
3587195	7955.ENSDARP00000117185	0.028	1
3590709	7955.ENSDARP00000126372	0.028	1
3587032	7955.ENSDARP00000116757	0.028	1
3582211	7955.ENSDARP00000106573	0.028	1
3588223	7955.ENSDARP00000119844	0.027	1
3586852	7955.ENSDARP00000116252	0.027	1
3590953	7955.ENSDARP00000126928	0.026	1
3590401	7955.ENSDARP00000125566	0.026	1
3587839	7955.ENSDARP00000118805	0.026	1
3584032	7955.ENSDARP00000109989	0.026	1
3590770	7955.ENSDARP00000126524	0.026	1
3585997	7955.ENSDARP00000114045	0.025	1
3585639	7955.ENSDARP00000113080	0.024	1
3588439	7955.ENSDARP00000120377	0.024	1
3588697	7955.ENSDARP00000121085	0.023	1
3585843	7955.ENSDARP00000113623	0.023	1
3577208	7955.ENSDARP00000092299	0.023	1
3587957	7955.ENSDARP00000119111	0.021	1
3586822	7955.ENSDARP00000116181	0.02	1
3588112	7955.ENSDARP00000119526	0.02	1
3590550	7955.ENSDARP00000125930	0.016	1
3590900	7955.ENSDARP00000126831	0.015	1
3591155	7955.ENSDARP00000127452	0.012	1
3587495	7955.ENSDARP00000117945	0.008	1
