#id: 3044936255
#name: D.rerio - Heart, SC (Kelkar,mcp,2014)
#score: 8.2
#weight: 100%
#description: abundance based on Spectral counting, Interaction consistency score: 8.2, Coverage: 6
#organ: HEART
#integrated: false
#coverage: 6
#link: http://www.ncbi.nlm.nih.gov/pubmed/25060758
#publication_year: 2014
#filename: 7955-ZF_Heart_Kelkar_2014_SEQUEST.txt
#
#internal_id	string_external_id	abundance	raw_spectral_count
3572361	7955.ENSDARP00000063799	27828	704
3578167	7955.ENSDARP00000096504	27490	971
3574080	7955.ENSDARP00000073415	21428	5357
3590121	7955.ENSDARP00000124963	20900	239
3568540	7955.ENSDARP00000027947	18590	758
3588416	7955.ENSDARP00000120315	18089	215
3571826	7955.ENSDARP00000060309	15969	672
3572340	7955.ENSDARP00000063661	13800	392
3567087	7955.ENSDARP00000013329	9874	282
3585260	7955.ENSDARP00000112199	9459	157
3569396	7955.ENSDARP00000040012	9251	152
3566040	7955.ENSDARP00000003389	8826	170
3569301	7955.ENSDARP00000038799	8561	92
3567186	7955.ENSDARP00000014456	8479	177
3583776	7955.ENSDARP00000109518	8459	325
3577262	7955.ENSDARP00000092488	8459	325
3568045	7955.ENSDARP00000023121	7280	156
3571797	7955.ENSDARP00000060165	6949	297
3586640	7955.ENSDARP00000115698	6772	691
3579636	7955.ENSDARP00000100779	6629	149
3570146	7955.ENSDARP00000048394	6559	135
3588581	7955.ENSDARP00000120742	6481	259
3579931	7955.ENSDARP00000101541	6339	148
3582378	7955.ENSDARP00000106887	6052	73
3568998	7955.ENSDARP00000034733	5932	127
3567128	7955.ENSDARP00000013777	5821	103
3568490	7955.ENSDARP00000027389	5200	241
3569433	7955.ENSDARP00000040396	5184	87
3574593	7955.ENSDARP00000075994	5058	251
3567924	7955.ENSDARP00000022077	5047	346
3588841	7955.ENSDARP00000121437	4979	129
3589800	7955.ENSDARP00000123883	4872	253
3572845	7955.ENSDARP00000066929	4774	95
3579514	7955.ENSDARP00000100434	4737	1054
3572118	7955.ENSDARP00000062369	4737	1054
3568927	7955.ENSDARP00000033622	4735	187
3588598	7955.ENSDARP00000120798	4682	518
3574408	7955.ENSDARP00000075110	4679	1050
3572114	7955.ENSDARP00000062351	4667	364
3570642	7955.ENSDARP00000052837	4658	1047
3572771	7955.ENSDARP00000066429	4617	961
3583250	7955.ENSDARP00000108536	4585	1659
3578162	7955.ENSDARP00000096468	4535	61
3570491	7955.ENSDARP00000051848	4387	105
3576243	7955.ENSDARP00000087874	4339	31
3571796	7955.ENSDARP00000060161	4334	63
3568732	7955.ENSDARP00000030881	4214	329
3570334	7955.ENSDARP00000050602	4172	82
3571556	7955.ENSDARP00000058628	4066	978
3566857	7955.ENSDARP00000011243	4013	106
3569604	7955.ENSDARP00000042199	3994	195
3571305	7955.ENSDARP00000057089	3957	57
3589925	7955.ENSDARP00000124278	3953	53
3574258	7955.ENSDARP00000074190	3826	111
3567991	7955.ENSDARP00000022592	3802	62
3570984	7955.ENSDARP00000055135	3759	973
3569236	7955.ENSDARP00000037871	3754	142
3577595	7955.ENSDARP00000094021	3631	100
3567630	7955.ENSDARP00000018850	3553	197
3569571	7955.ENSDARP00000041841	3475	53
3572155	7955.ENSDARP00000062555	3419	49
3568320	7955.ENSDARP00000025702	3378	240
3590857	7955.ENSDARP00000126732	3302	23
3584770	7955.ENSDARP00000111337	3298	115
3571050	7955.ENSDARP00000055503	3213	61
3570965	7955.ENSDARP00000054986	3195	562
3589178	7955.ENSDARP00000122263	3195	562
3570857	7955.ENSDARP00000054204	3178	25
3566348	7955.ENSDARP00000006339	3072	114
3571512	7955.ENSDARP00000058402	3061	132
3565896	7955.ENSDARP00000002122	3024	110
3573278	7955.ENSDARP00000069096	3012	45
3579413	7955.ENSDARP00000100195	2963	709
3567469	7955.ENSDARP00000017217	2949	100
3571967	7955.ENSDARP00000061273	2911	13
3572756	7955.ENSDARP00000066372	2883	73
3577188	7955.ENSDARP00000092223	2864	124
3567136	7955.ENSDARP00000013902	2813	66
3566306	7955.ENSDARP00000005930	2811	106
3568311	7955.ENSDARP00000025613	2798	52
3576241	7955.ENSDARP00000087872	2768	19
3566084	7955.ENSDARP00000003738	2655	136
3576353	7955.ENSDARP00000088354	2654	77
3576757	7955.ENSDARP00000090306	2610	2002
3573057	7955.ENSDARP00000067953	2582	48
3571747	7955.ENSDARP00000059885	2579	87
3566058	7955.ENSDARP00000003519	2555	46
3589183	7955.ENSDARP00000122284	2535	67
3573318	7955.ENSDARP00000069300	2499	43
3569214	7955.ENSDARP00000037650	2454	52
3567403	7955.ENSDARP00000016602	2426	56
3569934	7955.ENSDARP00000045900	2419	29
3568202	7955.ENSDARP00000024560	2406	124
3583471	7955.ENSDARP00000108965	2405	26
3573587	7955.ENSDARP00000070807	2368	96
3581250	7955.ENSDARP00000104823	2348	126
3583379	7955.ENSDARP00000108798	2338	70
3574007	7955.ENSDARP00000073057	2320	84
3569689	7955.ENSDARP00000043172	2319	20
3573843	7955.ENSDARP00000072376	2310	40
3578376	7955.ENSDARP00000097494	2264	52
3571894	7955.ENSDARP00000060744	2220	77
3574520	7955.ENSDARP00000075658	2188	113
3569400	7955.ENSDARP00000040041	2180	41
3570629	7955.ENSDARP00000052729	2178	21
3574257	7955.ENSDARP00000074186	2164	122
3582385	7955.ENSDARP00000106906	2144	40
3584218	7955.ENSDARP00000110339	2111	75
3583982	7955.ENSDARP00000109890	2085	149
3567361	7955.ENSDARP00000016158	2024	15
3573694	7955.ENSDARP00000071587	2007	51
3571508	7955.ENSDARP00000058383	2006	66
3574334	7955.ENSDARP00000074719	1990	37
3572955	7955.ENSDARP00000067447	1989	61
3567804	7955.ENSDARP00000020656	1987	32
3590695	7955.ENSDARP00000126346	1973	37
3568853	7955.ENSDARP00000032688	1965	76
3567489	7955.ENSDARP00000017410	1949	37
3570662	7955.ENSDARP00000052929	1920	57
3583765	7955.ENSDARP00000109497	1914	19
3566628	7955.ENSDARP00000009096	1903	29
3583001	7955.ENSDARP00000108089	1893	35
3583462	7955.ENSDARP00000108949	1874	20
3572485	7955.ENSDARP00000064522	1870	47
3566380	7955.ENSDARP00000006624	1865	16
3585237	7955.ENSDARP00000112163	1859	100
3566174	7955.ENSDARP00000004708	1858	53
3577345	7955.ENSDARP00000092923	1834	35
3586000	7955.ENSDARP00000114052	1820	106
3565879	7955.ENSDARP00000001565	1819	50
3570734	7955.ENSDARP00000053403	1806	18
3577111	7955.ENSDARP00000091899	1803	24
3574302	7955.ENSDARP00000074525	1796	36
3573022	7955.ENSDARP00000067802	1791	46
3568052	7955.ENSDARP00000023177	1777	24
3591926	7955.ENSDARP00000129150	1773	13
3577086	7955.ENSDARP00000091816	1772	115
3591762	7955.ENSDARP00000128775	1764	77
3570303	7955.ENSDARP00000050237	1760	720
3572143	7955.ENSDARP00000062517	1731	45
3570567	7955.ENSDARP00000052382	1714	24
3580939	7955.ENSDARP00000104168	1705	47
3570380	7955.ENSDARP00000051054	1689	24
3568579	7955.ENSDARP00000028571	1684	87
3566491	7955.ENSDARP00000007735	1678	68
3571441	7955.ENSDARP00000057943	1674	13
3573534	7955.ENSDARP00000070488	1670	112
3569537	7955.ENSDARP00000041530	1666	20
3568597	7955.ENSDARP00000028837	1649	43
3588296	7955.ENSDARP00000120028	1648	75
3565987	7955.ENSDARP00000003030	1614	48
3571777	7955.ENSDARP00000060055	1612	61
3566715	7955.ENSDARP00000009909	1610	66
3588905	7955.ENSDARP00000121591	1598	34
3571271	7955.ENSDARP00000056852	1590	1704
3566913	7955.ENSDARP00000011707	1560	49
3579309	7955.ENSDARP00000099928	1560	49
3571396	7955.ENSDARP00000057637	1533	129
3577697	7955.ENSDARP00000094415	1522	33
3568857	7955.ENSDARP00000032730	1507	110
3574316	7955.ENSDARP00000074570	1501	73
3573436	7955.ENSDARP00000070002	1501	63
3568303	7955.ENSDARP00000025541	1496	20
3584330	7955.ENSDARP00000110546	1494	70
3567253	7955.ENSDARP00000015132	1481	46
3588648	7955.ENSDARP00000120922	1449	47
3585179	7955.ENSDARP00000112076	1438	24
3571653	7955.ENSDARP00000059226	1436	31
3567781	7955.ENSDARP00000020399	1409	28
3571865	7955.ENSDARP00000060549	1406	17
3567886	7955.ENSDARP00000021652	1402	42
3589125	7955.ENSDARP00000122141	1387	14
3585919	7955.ENSDARP00000113858	1374	134
3568163	7955.ENSDARP00000024189	1361	11
3587376	7955.ENSDARP00000117673	1353	33
3578076	7955.ENSDARP00000096178	1351	16
3566729	7955.ENSDARP00000010055	1342	22
3570861	7955.ENSDARP00000054229	1341	52
3567474	7955.ENSDARP00000017246	1337	63
3587360	7955.ENSDARP00000117628	1322	37
3586362	7955.ENSDARP00000115012	1316	618
3567408	7955.ENSDARP00000016639	1312	16
3589280	7955.ENSDARP00000122502	1308	1699
3591526	7955.ENSDARP00000128271	1282	11
3568467	7955.ENSDARP00000027118	1282	69
3588860	7955.ENSDARP00000121484	1281	1670
3578637	7955.ENSDARP00000098175	1271	46
3567512	7955.ENSDARP00000017597	1262	29
3585976	7955.ENSDARP00000113988	1222	623
3571260	7955.ENSDARP00000056766	1207	35
3567952	7955.ENSDARP00000022310	1193	33
3570006	7955.ENSDARP00000046799	1185	66
3566648	7955.ENSDARP00000009258	1166	50
3569554	7955.ENSDARP00000041699	1161	29
3573914	7955.ENSDARP00000072678	1155	528
3566670	7955.ENSDARP00000009474	1154	95
3566185	7955.ENSDARP00000004830	1153	26
3573917	7955.ENSDARP00000072687	1147	597
3570877	7955.ENSDARP00000054339	1138	13
3569591	7955.ENSDARP00000042055	1125	41
3569305	7955.ENSDARP00000038835	1111	33
3580515	7955.ENSDARP00000103087	1105	12
3585382	7955.ENSDARP00000112435	1103	32
3567563	7955.ENSDARP00000018027	1102	47
3568845	7955.ENSDARP00000032575	1101	70
3578180	7955.ENSDARP00000096545	1098	26
3581935	7955.ENSDARP00000106067	1098	86
3569287	7955.ENSDARP00000038658	1093	13
3567647	7955.ENSDARP00000018980	1088	16
3579766	7955.ENSDARP00000101100	1087	64
3569365	7955.ENSDARP00000039656	1084	38
3568957	7955.ENSDARP00000034077	1078	55
3583058	7955.ENSDARP00000108190	1075	35
3588462	7955.ENSDARP00000120440	1068	21
3567436	7955.ENSDARP00000016879	1065	30
3578686	7955.ENSDARP00000098301	1049	15
3580339	7955.ENSDARP00000102600	1043	12
3570018	7955.ENSDARP00000046933	1035	16
3566235	7955.ENSDARP00000005265	1034	6
3572100	7955.ENSDARP00000062263	1032	28
3570266	7955.ENSDARP00000049792	1028	36
3589524	7955.ENSDARP00000123136	1026	17
3566021	7955.ENSDARP00000003281	1024	27
3585101	7955.ENSDARP00000111947	1019	110
3571612	7955.ENSDARP00000058955	1014	54
3575407	7955.ENSDARP00000081533	1002	190
3566407	7955.ENSDARP00000006882	993	38
3567196	7955.ENSDARP00000014578	988	46
3576417	7955.ENSDARP00000088646	988	53
3572256	7955.ENSDARP00000063092	980	32
3569077	7955.ENSDARP00000035859	979	46
3570063	7955.ENSDARP00000047390	972	13
3573350	7955.ENSDARP00000069513	961	17
3571936	7955.ENSDARP00000061000	959	25
3566333	7955.ENSDARP00000006201	952	31
3592134	7955.ENSDARP00000129595	936	19
3567206	7955.ENSDARP00000014757	936	26
3577559	7955.ENSDARP00000093898	934	35
3568043	7955.ENSDARP00000023098	934	46
3585939	7955.ENSDARP00000113905	929	85
3567332	7955.ENSDARP00000015917	918	62
3582394	7955.ENSDARP00000106922	916	15
3568123	7955.ENSDARP00000023819	909	41
3567093	7955.ENSDARP00000013402	907	44
3571247	7955.ENSDARP00000056711	905	35
3576867	7955.ENSDARP00000090766	900	85
3586894	7955.ENSDARP00000116372	900	1564
3586384	7955.ENSDARP00000115072	900	1564
3569028	7955.ENSDARP00000035103	898	20
3590163	7955.ENSDARP00000125089	898	1564
3566589	7955.ENSDARP00000008646	888	75
3578066	7955.ENSDARP00000096118	882	44
3566371	7955.ENSDARP00000006510	882	48
3566334	7955.ENSDARP00000006207	880	33
3570275	7955.ENSDARP00000049899	867	15
3587135	7955.ENSDARP00000117024	855	25
3571194	7955.ENSDARP00000056381	855	27
3566285	7955.ENSDARP00000005719	851	8
3568182	7955.ENSDARP00000024338	851	34
3589607	7955.ENSDARP00000123357	847	11
3574551	7955.ENSDARP00000075802	840	23
3565907	7955.ENSDARP00000002223	830	28
3566416	7955.ENSDARP00000006973	830	30
3579761	7955.ENSDARP00000101082	830	9
3571270	7955.ENSDARP00000056848	827	1285
3576715	7955.ENSDARP00000090113	826	48
3572360	7955.ENSDARP00000063788	826	13
3571186	7955.ENSDARP00000056318	821	6
3573479	7955.ENSDARP00000070225	820	26
3589868	7955.ENSDARP00000124085	812	1
3587204	7955.ENSDARP00000117212	809	60
3572497	7955.ENSDARP00000064596	795	7
3568370	7955.ENSDARP00000026207	792	10
3576526	7955.ENSDARP00000089179	791	13
3590844	7955.ENSDARP00000126705	782	338
3567984	7955.ENSDARP00000022550	769	51
3571678	7955.ENSDARP00000059346	761	17
3572374	7955.ENSDARP00000063869	760	11
3565855	7955.ENSDARP00000000803	756	210
3567356	7955.ENSDARP00000016115	754	19
3587866	7955.ENSDARP00000118867	747	2
3584959	7955.ENSDARP00000111699	744	44
3568238	7955.ENSDARP00000024900	744	56
3571958	7955.ENSDARP00000061164	743	177
3583324	7955.ENSDARP00000108691	742	12
3567370	7955.ENSDARP00000016228	742	33
3569507	7955.ENSDARP00000041278	741	135
3577833	7955.ENSDARP00000095029	741	30
3567392	7955.ENSDARP00000016453	734	51
3588800	7955.ENSDARP00000121339	731	15
3567721	7955.ENSDARP00000019829	714	61
3569350	7955.ENSDARP00000039324	711	70
3577771	7955.ENSDARP00000094764	711	17
3589164	7955.ENSDARP00000122226	705	28
3574447	7955.ENSDARP00000075289	698	15
3568466	7955.ENSDARP00000027115	698	19
3576178	7955.ENSDARP00000087500	697	12
3592133	7955.ENSDARP00000129592	682	29
3571955	7955.ENSDARP00000061148	681	127
3586463	7955.ENSDARP00000115285	678	26
3567480	7955.ENSDARP00000017326	678	92
3577036	7955.ENSDARP00000091586	676	5
3582119	7955.ENSDARP00000106400	675	11
3572163	7955.ENSDARP00000062617	675	24
3574878	7955.ENSDARP00000077445	673	40
3574564	7955.ENSDARP00000075860	673	16
3571683	7955.ENSDARP00000059365	669	58
3566362	7955.ENSDARP00000006445	668	14
3571430	7955.ENSDARP00000057866	661	19
3570993	7955.ENSDARP00000055185	660	3
3576612	7955.ENSDARP00000089645	656	49
3567920	7955.ENSDARP00000022030	652	13
3584182	7955.ENSDARP00000110274	644	38
3591820	7955.ENSDARP00000128898	643	33
3583469	7955.ENSDARP00000108963	638	47
3572065	7955.ENSDARP00000061957	635	7
3588946	7955.ENSDARP00000121692	632	23
3574622	7955.ENSDARP00000076104	630	20
3568613	7955.ENSDARP00000029074	624	35
3584872	7955.ENSDARP00000111539	623	38
3571810	7955.ENSDARP00000060204	621	26
3568515	7955.ENSDARP00000027654	619	8
3572121	7955.ENSDARP00000062382	617	51
3587911	7955.ENSDARP00000118986	613	59
3586129	7955.ENSDARP00000114396	612	24
3589541	7955.ENSDARP00000123183	612	12
3573788	7955.ENSDARP00000072101	612	6
3591257	7955.ENSDARP00000127700	608	32
3568212	7955.ENSDARP00000024643	607	25
3578430	7955.ENSDARP00000097644	606	13
3574808	7955.ENSDARP00000076902	598	14
3590012	7955.ENSDARP00000124593	598	15
3565850	7955.ENSDARP00000000488	594	12
3583770	7955.ENSDARP00000109508	589	16
3568076	7955.ENSDARP00000023429	574	59
3566085	7955.ENSDARP00000003744	568	35
3568512	7955.ENSDARP00000027639	567	18
3581392	7955.ENSDARP00000105094	563	106
3576909	7955.ENSDARP00000090963	561	37
3574087	7955.ENSDARP00000073439	558	16
3588195	7955.ENSDARP00000119756	557	6
3573870	7955.ENSDARP00000072492	556	6
3590699	7955.ENSDARP00000126355	546	35
3578639	7955.ENSDARP00000098182	534	26
3566860	7955.ENSDARP00000011269	533	857
3569584	7955.ENSDARP00000041959	529	48
3574483	7955.ENSDARP00000075490	528	70
3587939	7955.ENSDARP00000119055	523	111
3588016	7955.ENSDARP00000119262	523	6
3566844	7955.ENSDARP00000011148	522	7
3580361	7955.ENSDARP00000102672	522	26
3573763	7955.ENSDARP00000071960	520	10
3572982	7955.ENSDARP00000067585	519	12
3577318	7955.ENSDARP00000092760	518	12
3583265	7955.ENSDARP00000108556	511	22
3567203	7955.ENSDARP00000014732	505	23
3569521	7955.ENSDARP00000041384	503	9
3578405	7955.ENSDARP00000097572	503	9
3588765	7955.ENSDARP00000121255	500	10
3569743	7955.ENSDARP00000043714	499	29
3589822	7955.ENSDARP00000123948	496	9
3567030	7955.ENSDARP00000012767	496	55
3588413	7955.ENSDARP00000120304	496	6
3570049	7955.ENSDARP00000047200	496	74
3567979	7955.ENSDARP00000022528	495	4
3583868	7955.ENSDARP00000109682	494	40
3567418	7955.ENSDARP00000016749	494	40
3566996	7955.ENSDARP00000012454	490	21
3568947	7955.ENSDARP00000033907	488	30
3577113	7955.ENSDARP00000091902	487	5
3581065	7955.ENSDARP00000104468	482	68
3587830	7955.ENSDARP00000118774	482	68
3567266	7955.ENSDARP00000015293	479	40
3573804	7955.ENSDARP00000072235	477	15
3570624	7955.ENSDARP00000052687	476	72
3591553	7955.ENSDARP00000128327	475	10
3573053	7955.ENSDARP00000067943	474	31
3591006	7955.ENSDARP00000127047	474	31
3572465	7955.ENSDARP00000064399	474	31
3583335	7955.ENSDARP00000108711	471	51
3568675	7955.ENSDARP00000029933	467	118
3582279	7955.ENSDARP00000106712	467	1
3570716	7955.ENSDARP00000053303	466	116
3573962	7955.ENSDARP00000072874	464	12
3586127	7955.ENSDARP00000114387	462	22
3572759	7955.ENSDARP00000066381	462	1
3566489	7955.ENSDARP00000007716	457	6
3579798	7955.ENSDARP00000101178	456	31
3572229	7955.ENSDARP00000062982	455	8
3566228	7955.ENSDARP00000005224	453	147
3569494	7955.ENSDARP00000041113	453	7
3571087	7955.ENSDARP00000055709	450	16
3575199	7955.ENSDARP00000079877	450	28
3568343	7955.ENSDARP00000025885	449	63
3592038	7955.ENSDARP00000129366	446	32
3567727	7955.ENSDARP00000019888	440	114
3566319	7955.ENSDARP00000006047	439	25
3567233	7955.ENSDARP00000014978	439	36
3588789	7955.ENSDARP00000121323	439	26
3584793	7955.ENSDARP00000111399	438	23
3573442	7955.ENSDARP00000070021	437	5
3589389	7955.ENSDARP00000122796	435	32
3584339	7955.ENSDARP00000110558	435	32
3582492	7955.ENSDARP00000107122	433	111
3572834	7955.ENSDARP00000066858	433	111
3566631	7955.ENSDARP00000009133	428	8
3566861	7955.ENSDARP00000011271	428	30
3583922	7955.ENSDARP00000109780	425	44
3565967	7955.ENSDARP00000002844	424	16
3576276	7955.ENSDARP00000088020	423	64
3590582	7955.ENSDARP00000126029	422	21
3566172	7955.ENSDARP00000004700	421	10
3577465	7955.ENSDARP00000093490	419	105
3578676	7955.ENSDARP00000098279	418	21
3567731	7955.ENSDARP00000019915	418	22
3571559	7955.ENSDARP00000058661	417	16
3586880	7955.ENSDARP00000116332	417	8
3568728	7955.ENSDARP00000030819	416	77
3582141	7955.ENSDARP00000106441	415	768
3570045	7955.ENSDARP00000047158	413	4
3566655	7955.ENSDARP00000009320	411	105
3579752	7955.ENSDARP00000101059	411	10
3589907	7955.ENSDARP00000124217	411	10
3568270	7955.ENSDARP00000025226	408	9
3570678	7955.ENSDARP00000053076	407	5
3571579	7955.ENSDARP00000058736	403	6
3568156	7955.ENSDARP00000024120	400	21
3572995	7955.ENSDARP00000067634	399	10
3588743	7955.ENSDARP00000121183	399	9
3571732	7955.ENSDARP00000059755	398	7
3587693	7955.ENSDARP00000118435	395	15
3571633	7955.ENSDARP00000059062	395	21
3569056	7955.ENSDARP00000035494	395	20
3587982	7955.ENSDARP00000119179	393	116
3571029	7955.ENSDARP00000055379	391	102
3572007	7955.ENSDARP00000061576	389	21
3588136	7955.ENSDARP00000119600	388	14
3584241	7955.ENSDARP00000110377	383	12
3591336	7955.ENSDARP00000127877	381	31
3583026	7955.ENSDARP00000108139	379	14
3567508	7955.ENSDARP00000017569	375	16
3577870	7955.ENSDARP00000095170	374	6
3573552	7955.ENSDARP00000070561	373	18
3569164	7955.ENSDARP00000037025	373	12
3584530	7955.ENSDARP00000110906	372	8
3570476	7955.ENSDARP00000051762	372	9
3584450	7955.ENSDARP00000110768	371	13
3573768	7955.ENSDARP00000072006	371	95
3570046	7955.ENSDARP00000047174	369	2
3579938	7955.ENSDARP00000101565	369	14
3586443	7955.ENSDARP00000115224	368	34
3588328	7955.ENSDARP00000120093	368	22
3570291	7955.ENSDARP00000050129	368	9
3588731	7955.ENSDARP00000121163	367	20
3589811	7955.ENSDARP00000123914	367	11
3569411	7955.ENSDARP00000040203	365	76
3572618	7955.ENSDARP00000065372	364	4
3577359	7955.ENSDARP00000093027	364	84
3566063	7955.ENSDARP00000003571	362	10
3568250	7955.ENSDARP00000025042	360	4
3589990	7955.ENSDARP00000124511	360	8
3590909	7955.ENSDARP00000126846	358	7
3576667	7955.ENSDARP00000089879	356	77
3566125	7955.ENSDARP00000004139	354	19
3573987	7955.ENSDARP00000072983	354	14
3565901	7955.ENSDARP00000002175	352	82
3573313	7955.ENSDARP00000069273	350	7
3588997	7955.ENSDARP00000121828	350	12
3576240	7955.ENSDARP00000087871	350	4
3567835	7955.ENSDARP00000021016	350	89
3586169	7955.ENSDARP00000114486	349	41
3567967	7955.ENSDARP00000022440	349	20
3574783	7955.ENSDARP00000076810	346	15
3570340	7955.ENSDARP00000050670	346	20
3573302	7955.ENSDARP00000069226	344	10
3567776	7955.ENSDARP00000020361	343	14
3589679	7955.ENSDARP00000123530	343	13
3572889	7955.ENSDARP00000067092	343	3
3576784	7955.ENSDARP00000090434	340	19
3566596	7955.ENSDARP00000008690	339	42
3583266	7955.ENSDARP00000108560	339	8
3573833	7955.ENSDARP00000072337	338	60
3570413	7955.ENSDARP00000051359	336	737
3568439	7955.ENSDARP00000026895	335	11
3574001	7955.ENSDARP00000073037	334	10
3573018	7955.ENSDARP00000067775	332	7
3586737	7955.ENSDARP00000115964	332	622
3583345	7955.ENSDARP00000108724	330	61
3572964	7955.ENSDARP00000067511	329	9
3569495	7955.ENSDARP00000041141	328	94
3568197	7955.ENSDARP00000024492	327	13
3570245	7955.ENSDARP00000049461	327	6
3584160	7955.ENSDARP00000110238	325	16
3571486	7955.ENSDARP00000058259	322	15
3573569	7955.ENSDARP00000070677	320	2
3586962	7955.ENSDARP00000116560	320	6
3573605	7955.ENSDARP00000070950	319	12
3570213	7955.ENSDARP00000049134	317	21
3586273	7955.ENSDARP00000114781	316	6
3588396	7955.ENSDARP00000120266	312	8
3573985	7955.ENSDARP00000072971	311	12
3566395	7955.ENSDARP00000006783	310	5
3569451	7955.ENSDARP00000040556	310	3
3570550	7955.ENSDARP00000052324	307	15
3570789	7955.ENSDARP00000053774	307	33
3567318	7955.ENSDARP00000015805	307	33
3570305	7955.ENSDARP00000050257	306	17
3569573	7955.ENSDARP00000041857	304	6
3576559	7955.ENSDARP00000089338	304	20
3572876	7955.ENSDARP00000067039	301	12
3569745	7955.ENSDARP00000043742	301	48
3576250	7955.ENSDARP00000087881	300	4
3577880	7955.ENSDARP00000095217	299	20
3570595	7955.ENSDARP00000052510	299	7
3572109	7955.ENSDARP00000062337	299	12
3582206	7955.ENSDARP00000106566	297	6
3571349	7955.ENSDARP00000057381	293	9
3584495	7955.ENSDARP00000110851	292	87
3566123	7955.ENSDARP00000004127	292	31
3572732	7955.ENSDARP00000066176	291	71
3577261	7955.ENSDARP00000092484	291	9
3567789	7955.ENSDARP00000020485	289	11
3567671	7955.ENSDARP00000019234	287	9
3592027	7955.ENSDARP00000129339	284	4
3573681	7955.ENSDARP00000071527	283	7
3580306	7955.ENSDARP00000102498	282	28
3577011	7955.ENSDARP00000091498	280	9
3586982	7955.ENSDARP00000116604	280	14
3572614	7955.ENSDARP00000065355	279	43
3586379	7955.ENSDARP00000115054	278	706
3589582	7955.ENSDARP00000123299	277	94
3584978	7955.ENSDARP00000111738	277	7
3572467	7955.ENSDARP00000064418	276	8
3574285	7955.ENSDARP00000074422	275	11
3568227	7955.ENSDARP00000024752	273	26
3579264	7955.ENSDARP00000099772	273	704
3569599	7955.ENSDARP00000042157	272	7
3569705	7955.ENSDARP00000043311	270	4
3566134	7955.ENSDARP00000004202	268	6
3585190	7955.ENSDARP00000112092	267	75
3579276	7955.ENSDARP00000099813	267	75
3588853	7955.ENSDARP00000121459	267	75
3584315	7955.ENSDARP00000110511	267	75
3584846	7955.ENSDARP00000111493	267	75
3580400	7955.ENSDARP00000102775	267	75
3573055	7955.ENSDARP00000067948	267	75
3584751	7955.ENSDARP00000111298	267	75
3578737	7955.ENSDARP00000098432	267	75
3587029	7955.ENSDARP00000116739	267	75
3570302	7955.ENSDARP00000050236	267	75
3571119	7955.ENSDARP00000055912	267	75
3577535	7955.ENSDARP00000093791	267	75
3585117	7955.ENSDARP00000111973	267	75
3585814	7955.ENSDARP00000113541	267	75
3589069	7955.ENSDARP00000122009	267	75
3579924	7955.ENSDARP00000101525	267	75
3582808	7955.ENSDARP00000107702	267	75
3589594	7955.ENSDARP00000123323	267	75
3581760	7955.ENSDARP00000105746	267	75
3582906	7955.ENSDARP00000107877	267	12
3573309	7955.ENSDARP00000069254	265	5
3567496	7955.ENSDARP00000017456	264	20
3567603	7955.ENSDARP00000018579	263	3
3566815	7955.ENSDARP00000010921	262	46
3577696	7955.ENSDARP00000094413	261	28
3585431	7955.ENSDARP00000112527	261	75
3573536	7955.ENSDARP00000070509	260	5
3570414	7955.ENSDARP00000051361	260	664
3590555	7955.ENSDARP00000125941	259	28
3574910	7955.ENSDARP00000077706	259	5
3568264	7955.ENSDARP00000025160	259	7
3567949	7955.ENSDARP00000022302	257	28
3580791	7955.ENSDARP00000103794	255	24
3579028	7955.ENSDARP00000099156	254	4
3583079	7955.ENSDARP00000108224	254	663
3584765	7955.ENSDARP00000111326	253	662
3584819	7955.ENSDARP00000111451	252	17
3569432	7955.ENSDARP00000040389	252	8
3571941	7955.ENSDARP00000061057	251	57
3580832	7955.ENSDARP00000103895	251	7
3572171	7955.ENSDARP00000062670	250	66
3571193	7955.ENSDARP00000056380	249	9
3574726	7955.ENSDARP00000076508	249	4
3569785	7955.ENSDARP00000044153	249	6
3568838	7955.ENSDARP00000032456	249	26
3570585	7955.ENSDARP00000052440	247	15
3587109	7955.ENSDARP00000116965	246	4
3571835	7955.ENSDARP00000060346	246	4
3583665	7955.ENSDARP00000109315	246	75
3587571	7955.ENSDARP00000118111	244	3
3584817	7955.ENSDARP00000111447	244	75
3582317	7955.ENSDARP00000106781	244	75
3580850	7955.ENSDARP00000103937	244	75
3573566	7955.ENSDARP00000070658	244	10
3579751	7955.ENSDARP00000101055	243	11
3586775	7955.ENSDARP00000116075	243	574
3574402	7955.ENSDARP00000075074	243	4
3569652	7955.ENSDARP00000042765	242	16
3573695	7955.ENSDARP00000071589	241	10
3576247	7955.ENSDARP00000087878	241	6
3569175	7955.ENSDARP00000037150	241	4
3568350	7955.ENSDARP00000026028	240	6
3581498	7955.ENSDARP00000105296	240	9
3566945	7955.ENSDARP00000012048	239	15
3565933	7955.ENSDARP00000002483	238	28
3570023	7955.ENSDARP00000046972	236	11
3586875	7955.ENSDARP00000116324	236	4
3574696	7955.ENSDARP00000076404	236	6
3573403	7955.ENSDARP00000069804	235	11
3580564	7955.ENSDARP00000103208	234	75
3584687	7955.ENSDARP00000111194	234	75
3574937	7955.ENSDARP00000077832	234	56
3592042	7955.ENSDARP00000129378	234	56
3582717	7955.ENSDARP00000107547	234	56
3584547	7955.ENSDARP00000110935	234	56
3582143	7955.ENSDARP00000106443	234	56
3582961	7955.ENSDARP00000107998	234	56
3575508	7955.ENSDARP00000082327	234	56
3580053	7955.ENSDARP00000101862	234	56
3582507	7955.ENSDARP00000107148	234	56
3581427	7955.ENSDARP00000105168	234	56
3582167	7955.ENSDARP00000106496	234	56
3582747	7955.ENSDARP00000107585	234	56
3582030	7955.ENSDARP00000106245	234	56
3579903	7955.ENSDARP00000101467	234	56
3583687	7955.ENSDARP00000109355	234	56
3585088	7955.ENSDARP00000111930	234	56
3583232	7955.ENSDARP00000108502	234	56
3581027	7955.ENSDARP00000104379	234	56
3591884	7955.ENSDARP00000129044	234	56
3585008	7955.ENSDARP00000111786	234	56
3584867	7955.ENSDARP00000111526	234	56
3582447	7955.ENSDARP00000107028	234	56
3581376	7955.ENSDARP00000105059	234	56
3583658	7955.ENSDARP00000109299	234	56
3583513	7955.ENSDARP00000109044	234	56
3579848	7955.ENSDARP00000101311	234	56
3583635	7955.ENSDARP00000109257	234	56
3582243	7955.ENSDARP00000106634	234	56
3582939	7955.ENSDARP00000107946	234	56
3585153	7955.ENSDARP00000112034	234	56
3584679	7955.ENSDARP00000111175	234	56
3583528	7955.ENSDARP00000109071	234	56
3584159	7955.ENSDARP00000110237	234	16
3571475	7955.ENSDARP00000058161	234	16
3581460	7955.ENSDARP00000105230	234	16
3590038	7955.ENSDARP00000124670	231	8
3587566	7955.ENSDARP00000118098	230	20
3566376	7955.ENSDARP00000006553	229	17
3580046	7955.ENSDARP00000101847	228	47
3566099	7955.ENSDARP00000003850	227	5
3575870	7955.ENSDARP00000085142	226	5
3589241	7955.ENSDARP00000122416	225	5
3569212	7955.ENSDARP00000037635	224	5
3573087	7955.ENSDARP00000068111	218	9
3586230	7955.ENSDARP00000114649	217	18
3570212	7955.ENSDARP00000049108	217	4
3586416	7955.ENSDARP00000115147	217	3
3581703	7955.ENSDARP00000105646	215	75
3579173	7955.ENSDARP00000099550	215	75
3566473	7955.ENSDARP00000007584	215	5
3592047	7955.ENSDARP00000129394	214	11
3571104	7955.ENSDARP00000055809	214	7
3580602	7955.ENSDARP00000103325	213	5
3577787	7955.ENSDARP00000094826	213	3
3572550	7955.ENSDARP00000064973	213	5
3574289	7955.ENSDARP00000074464	213	8
3573421	7955.ENSDARP00000069948	212	8
3574383	7955.ENSDARP00000074935	212	40
3587511	7955.ENSDARP00000117985	210	7
3569437	7955.ENSDARP00000040421	209	6
3568724	7955.ENSDARP00000030813	206	26
3569389	7955.ENSDARP00000039916	205	27
3590631	7955.ENSDARP00000126183	205	4
3589939	7955.ENSDARP00000124325	204	6
3590759	7955.ENSDARP00000126495	204	8
3571489	7955.ENSDARP00000058288	203	3
3569612	7955.ENSDARP00000042258	203	7
3590662	7955.ENSDARP00000126252	202	7
3567049	7955.ENSDARP00000012950	202	4
3571928	7955.ENSDARP00000060967	201	6
3566906	7955.ENSDARP00000011656	201	9
3572314	7955.ENSDARP00000063524	201	7
3567992	7955.ENSDARP00000022595	200	4
3577845	7955.ENSDARP00000095074	198	11
3587562	7955.ENSDARP00000118091	198	19
3586665	7955.ENSDARP00000115785	197	34
3570690	7955.ENSDARP00000053151	197	6
3572107	7955.ENSDARP00000062323	196	19
3585543	7955.ENSDARP00000112865	196	5
3575672	7955.ENSDARP00000083605	195	8
3568607	7955.ENSDARP00000028970	195	8
3569975	7955.ENSDARP00000046442	195	62
3584976	7955.ENSDARP00000111731	195	6
3576482	7955.ENSDARP00000089001	193	4
3571418	7955.ENSDARP00000057787	193	75
3574092	7955.ENSDARP00000073464	192	7
3579254	7955.ENSDARP00000099755	188	6
3584235	7955.ENSDARP00000110363	188	15
3587263	7955.ENSDARP00000117370	188	11
3588816	7955.ENSDARP00000121373	185	4
3577537	7955.ENSDARP00000093801	184	75
3572166	7955.ENSDARP00000062630	184	4
3578435	7955.ENSDARP00000097665	184	16
3581721	7955.ENSDARP00000105678	184	16
3577519	7955.ENSDARP00000093734	183	75
3570411	7955.ENSDARP00000051312	183	6
3587312	7955.ENSDARP00000117497	182	6
3576927	7955.ENSDARP00000091056	182	18
3586706	7955.ENSDARP00000115888	182	9
3566322	7955.ENSDARP00000006085	181	6
3581788	7955.ENSDARP00000105799	181	13
3578701	7955.ENSDARP00000098342	180	75
3576238	7955.ENSDARP00000087869	180	2
3586312	7955.ENSDARP00000114871	179	17
3566703	7955.ENSDARP00000009817	178	7
3576242	7955.ENSDARP00000087873	178	1
3583346	7955.ENSDARP00000108727	178	34
3566108	7955.ENSDARP00000003949	178	12
3577777	7955.ENSDARP00000094800	177	8
3589704	7955.ENSDARP00000123568	176	14
3583297	7955.ENSDARP00000108629	175	4
3572375	7955.ENSDARP00000063876	175	5
3569764	7955.ENSDARP00000043931	175	30
3572450	7955.ENSDARP00000064310	175	2
3577863	7955.ENSDARP00000095139	174	1
3586921	7955.ENSDARP00000116441	174	5
3577927	7955.ENSDARP00000095394	174	8
3582097	7955.ENSDARP00000106359	173	6
3570858	7955.ENSDARP00000054207	172	4
3580840	7955.ENSDARP00000103912	172	2
3567720	7955.ENSDARP00000019826	171	11
3573435	7955.ENSDARP00000070001	170	13
3590849	7955.ENSDARP00000126712	169	82
3583010	7955.ENSDARP00000108108	169	5
3569492	7955.ENSDARP00000041087	169	5
3574035	7955.ENSDARP00000073195	168	60
3566310	7955.ENSDARP00000005968	168	6
3577626	7955.ENSDARP00000094134	167	3
3568835	7955.ENSDARP00000032422	166	11
3568356	7955.ENSDARP00000026065	166	25
3570013	7955.ENSDARP00000046890	165	5
3587152	7955.ENSDARP00000117066	163	13
3577651	7955.ENSDARP00000094243	162	20
3572085	7955.ENSDARP00000062142	162	20
3567147	7955.ENSDARP00000014010	162	5
3568615	7955.ENSDARP00000029090	161	26
3579426	7955.ENSDARP00000100229	161	26
3587522	7955.ENSDARP00000118006	160	6
3577274	7955.ENSDARP00000092551	160	6
3570619	7955.ENSDARP00000052655	159	5
3577861	7955.ENSDARP00000095135	159	3
3583181	7955.ENSDARP00000108417	159	23
3589719	7955.ENSDARP00000123619	159	23
3578856	7955.ENSDARP00000098726	159	23
3583393	7955.ENSDARP00000108828	159	23
3580387	7955.ENSDARP00000102749	159	23
3576869	7955.ENSDARP00000090794	159	23
3581301	7955.ENSDARP00000104918	159	23
3585311	7955.ENSDARP00000112301	159	23
3580802	7955.ENSDARP00000103819	159	23
3573054	7955.ENSDARP00000067945	159	23
3581033	7955.ENSDARP00000104399	159	23
3586968	7955.ENSDARP00000116574	159	23
3577533	7955.ENSDARP00000093787	159	23
3581495	7955.ENSDARP00000105290	159	23
3577530	7955.ENSDARP00000093780	159	23
3582554	7955.ENSDARP00000107234	159	23
3584507	7955.ENSDARP00000110869	159	23
3576832	7955.ENSDARP00000090632	159	23
3582368	7955.ENSDARP00000106877	159	23
3573041	7955.ENSDARP00000067891	159	23
3580705	7955.ENSDARP00000103576	159	23
3573042	7955.ENSDARP00000067893	159	23
3573043	7955.ENSDARP00000067895	159	23
3580599	7955.ENSDARP00000103318	159	23
3581151	7955.ENSDARP00000104630	159	23
3580367	7955.ENSDARP00000102682	159	23
3573765	7955.ENSDARP00000071963	158	6
3582714	7955.ENSDARP00000107538	158	2
3566533	7955.ENSDARP00000008085	157	3
3577851	7955.ENSDARP00000095097	156	4
3572458	7955.ENSDARP00000064375	156	2
3570175	7955.ENSDARP00000048721	154	12
3569397	7955.ENSDARP00000040031	154	6
3568558	7955.ENSDARP00000028137	154	6
3582552	7955.ENSDARP00000107232	153	23
3569797	7955.ENSDARP00000044327	153	6
3579395	7955.ENSDARP00000100142	152	2
3580527	7955.ENSDARP00000103118	152	6
3572988	7955.ENSDARP00000067603	152	20
3569672	7955.ENSDARP00000043001	151	8
3577492	7955.ENSDARP00000093629	151	6
3565878	7955.ENSDARP00000001459	151	5
3576875	7955.ENSDARP00000090833	150	6
3567800	7955.ENSDARP00000020578	150	5
3568926	7955.ENSDARP00000033600	150	1
3568418	7955.ENSDARP00000026717	149	6
3579542	7955.ENSDARP00000100503	148	6
3570623	7955.ENSDARP00000052682	147	40
3571897	7955.ENSDARP00000060765	146	16
3577666	7955.ENSDARP00000094289	146	5
3577521	7955.ENSDARP00000093747	145	23
3584921	7955.ENSDARP00000111631	144	17
3571981	7955.ENSDARP00000061365	144	17
3569054	7955.ENSDARP00000035453	144	17
3589969	7955.ENSDARP00000124424	144	6
3568165	7955.ENSDARP00000024204	142	1
3571467	7955.ENSDARP00000058094	141	7
3582010	7955.ENSDARP00000106208	140	12
3578273	7955.ENSDARP00000096950	140	12
3570050	7955.ENSDARP00000047205	140	12
3588881	7955.ENSDARP00000121524	140	7
3568868	7955.ENSDARP00000032935	139	16
3580059	7955.ENSDARP00000101872	139	11
3573386	7955.ENSDARP00000069695	139	253
3584444	7955.ENSDARP00000110759	139	23
3586868	7955.ENSDARP00000116310	138	2
3578567	7955.ENSDARP00000098004	138	37
3573624	7955.ENSDARP00000071046	137	12
3578263	7955.ENSDARP00000096898	137	39
3572190	7955.ENSDARP00000062735	137	6
3569960	7955.ENSDARP00000046217	137	45
3567246	7955.ENSDARP00000015055	137	3
3567350	7955.ENSDARP00000016087	136	2
3574623	7955.ENSDARP00000076115	136	16
3584905	7955.ENSDARP00000111602	135	5
3575473	7955.ENSDARP00000082031	135	11
3588155	7955.ENSDARP00000119651	135	6
3577874	7955.ENSDARP00000095193	134	5
3575749	7955.ENSDARP00000084170	134	6
3566852	7955.ENSDARP00000011213	132	24
3575795	7955.ENSDARP00000084512	132	8
3580936	7955.ENSDARP00000104161	132	7
3586559	7955.ENSDARP00000115511	131	3
3589812	7955.ENSDARP00000123920	128	6
3568436	7955.ENSDARP00000026870	127	5
3572158	7955.ENSDARP00000062568	127	3
3567399	7955.ENSDARP00000016540	127	15
3568041	7955.ENSDARP00000023063	127	6
3574086	7955.ENSDARP00000073437	127	6
3576248	7955.ENSDARP00000087879	126	5
3566409	7955.ENSDARP00000006888	126	11
3580992	7955.ENSDARP00000104288	126	8
3573791	7955.ENSDARP00000072127	125	2
3570382	7955.ENSDARP00000051080	125	15
3566960	7955.ENSDARP00000012197	125	4
3581933	7955.ENSDARP00000106065	125	3
3578121	7955.ENSDARP00000096352	123	44
3574261	7955.ENSDARP00000074230	122	14
3569118	7955.ENSDARP00000036413	121	4
3571638	7955.ENSDARP00000059139	121	4
3580377	7955.ENSDARP00000102708	120	5
3580049	7955.ENSDARP00000101853	119	3
3587649	7955.ENSDARP00000118326	119	44
3589754	7955.ENSDARP00000123715	118	9
3577478	7955.ENSDARP00000093555	118	17
3568154	7955.ENSDARP00000024104	118	5
3573607	7955.ENSDARP00000070953	118	7
3569423	7955.ENSDARP00000040327	118	23
3583439	7955.ENSDARP00000108912	118	2
3584425	7955.ENSDARP00000110724	117	2
3573263	7955.ENSDARP00000069043	117	2
3584411	7955.ENSDARP00000110694	117	6
3565955	7955.ENSDARP00000002761	116	7
3572521	7955.ENSDARP00000064746	116	2
3568557	7955.ENSDARP00000028134	116	8
3566345	7955.ENSDARP00000006320	116	8
3567314	7955.ENSDARP00000015781	116	3
3582439	7955.ENSDARP00000107004	115	5
3574566	7955.ENSDARP00000075862	115	3
3569187	7955.ENSDARP00000037326	112	5
3588582	7955.ENSDARP00000120745	112	20
3582982	7955.ENSDARP00000108050	111	5
3579166	7955.ENSDARP00000099532	111	312
3574792	7955.ENSDARP00000076844	110	5
3569925	7955.ENSDARP00000045815	110	10
3569949	7955.ENSDARP00000046076	109	5
3588376	7955.ENSDARP00000120213	108	11
3587154	7955.ENSDARP00000117068	108	6
3577770	7955.ENSDARP00000094762	108	3
3568219	7955.ENSDARP00000024693	107	3
3568292	7955.ENSDARP00000025466	107	5
3569435	7955.ENSDARP00000040408	107	3
3570061	7955.ENSDARP00000047376	107	8
3570278	7955.ENSDARP00000049927	107	1
3569879	7955.ENSDARP00000045298	107	3
3572764	7955.ENSDARP00000066387	106	2
3577412	7955.ENSDARP00000093277	106	5
3587569	7955.ENSDARP00000118105	105	5
3577915	7955.ENSDARP00000095348	105	4
3581872	7955.ENSDARP00000105955	104	9
3567117	7955.ENSDARP00000013624	103	2
3570797	7955.ENSDARP00000053833	103	3
3578829	7955.ENSDARP00000098664	102	4
3592211	7955.ENSDARP00000129778	100	3
3566876	7955.ENSDARP00000011398	100	3
3576647	7955.ENSDARP00000089772	99.5	6
3571889	7955.ENSDARP00000060722	99.0	3
3578291	7955.ENSDARP00000097050	98.6	24
3571945	7955.ENSDARP00000061097	98.0	50
3588494	7955.ENSDARP00000120506	97.8	4
3584282	7955.ENSDARP00000110449	95.7	2
3567524	7955.ENSDARP00000017693	95.3	10
3575851	7955.ENSDARP00000084961	95.2	6
3570806	7955.ENSDARP00000053867	95.0	10
3582652	7955.ENSDARP00000107419	95.0	6
3588868	7955.ENSDARP00000121497	94.7	4
3582321	7955.ENSDARP00000106788	94.3	3
3570186	7955.ENSDARP00000048827	94.0	33
3568517	7955.ENSDARP00000027662	93.3	3
3573170	7955.ENSDARP00000068572	92.7	5
3571016	7955.ENSDARP00000055306	92.6	1
3585717	7955.ENSDARP00000113290	91.8	148
3575437	7955.ENSDARP00000081732	91.7	3
3578142	7955.ENSDARP00000096416	91.2	2
3579371	7955.ENSDARP00000100082	91.2	2
3566103	7955.ENSDARP00000003894	90.5	2
3576608	7955.ENSDARP00000089612	90.4	2
3576291	7955.ENSDARP00000088082	90.0	2
3572215	7955.ENSDARP00000062897	89.4	4
3573580	7955.ENSDARP00000070780	88.6	2
3568441	7955.ENSDARP00000026915	88.5	6
3566343	7955.ENSDARP00000006315	88.5	5
3566177	7955.ENSDARP00000004738	88.5	5
3568866	7955.ENSDARP00000032834	88.1	4
3568470	7955.ENSDARP00000027139	87.9	3
3567932	7955.ENSDARP00000022120	87.7	5
3583210	7955.ENSDARP00000108469	86.7	9
3567737	7955.ENSDARP00000019957	86.4	237
3574427	7955.ENSDARP00000075204	86.2	4
3583645	7955.ENSDARP00000109278	85.1	7
3589268	7955.ENSDARP00000122475	84.9	7
3569447	7955.ENSDARP00000040537	84.8	5
3588915	7955.ENSDARP00000121623	84.3	3
3583891	7955.ENSDARP00000109720	83.5	6
3566964	7955.ENSDARP00000012226	83.2	2
3566917	7955.ENSDARP00000011778	83.0	3
3569453	7955.ENSDARP00000040644	82.5	6
3590009	7955.ENSDARP00000124587	81.7	4
3573969	7955.ENSDARP00000072903	81.7	6
3570310	7955.ENSDARP00000050331	81.5	5
3567881	7955.ENSDARP00000021569	80.8	32
3578093	7955.ENSDARP00000096258	79.2	1
3571995	7955.ENSDARP00000061480	79.2	1
3573444	7955.ENSDARP00000070035	79.1	2
3568037	7955.ENSDARP00000023022	79.1	8
3583113	7955.ENSDARP00000108289	78.5	31
3573586	7955.ENSDARP00000070803	78.5	1
3578150	7955.ENSDARP00000096443	78.4	5
3577796	7955.ENSDARP00000094849	78.4	26
3588307	7955.ENSDARP00000120051	76.8	20
3576926	7955.ENSDARP00000091054	76.5	11
3571615	7955.ENSDARP00000058964	76.3	2
3576016	7955.ENSDARP00000086334	76.2	2
3571452	7955.ENSDARP00000058006	75.7	3
3584766	7955.ENSDARP00000111328	75.6	2
3567082	7955.ENSDARP00000013286	75.4	25
3585539	7955.ENSDARP00000112851	75.4	6
3585110	7955.ENSDARP00000111963	75.4	6
3575133	7955.ENSDARP00000079424	75.4	6
3566817	7955.ENSDARP00000010925	75.3	7
3566580	7955.ENSDARP00000008513	75.3	7
3586205	7955.ENSDARP00000114580	75.2	148
3579590	7955.ENSDARP00000100661	74.6	2
3587202	7955.ENSDARP00000117208	74.6	8
3567099	7955.ENSDARP00000013441	74.4	5
3573352	7955.ENSDARP00000069525	74.2	23
3567552	7955.ENSDARP00000017923	73.5	3
3578212	7955.ENSDARP00000096674	73.3	23
3568157	7955.ENSDARP00000024121	73.1	2
3586869	7955.ENSDARP00000116312	72.7	1
3585496	7955.ENSDARP00000112736	71.6	6
3584069	7955.ENSDARP00000110052	71.6	2
3565863	7955.ENSDARP00000001051	70.9	8
3566474	7955.ENSDARP00000007588	70.9	3
3568646	7955.ENSDARP00000029607	69.9	29
3575408	7955.ENSDARP00000081539	69.9	9
3578000	7955.ENSDARP00000095720	69.9	31
3568447	7955.ENSDARP00000026978	69.7	4
3577298	7955.ENSDARP00000092672	69.7	4
3569535	7955.ENSDARP00000041514	69.5	4
3580952	7955.ENSDARP00000104196	69.5	5
3568463	7955.ENSDARP00000027102	69.3	3
3586147	7955.ENSDARP00000114437	69.2	53
3582233	7955.ENSDARP00000106613	69.2	4
3567218	7955.ENSDARP00000014852	68.8	2
3585932	7955.ENSDARP00000113885	68.8	5
3577628	7955.ENSDARP00000094142	68.5	1
3573809	7955.ENSDARP00000072253	68.3	6
3589729	7955.ENSDARP00000123643	68.2	1
3569087	7955.ENSDARP00000036006	68.1	5
3575833	7955.ENSDARP00000084821	67.1	5
3568898	7955.ENSDARP00000033328	66.8	5
3574450	7955.ENSDARP00000075304	66.6	2
3577278	7955.ENSDARP00000092565	66.4	4
3568131	7955.ENSDARP00000023877	66.3	3
3578267	7955.ENSDARP00000096921	66.2	4
3578191	7955.ENSDARP00000096581	66.1	9
3568637	7955.ENSDARP00000029462	65.9	1
3571215	7955.ENSDARP00000056522	65.9	13
3567916	7955.ENSDARP00000021993	65.8	2
3585965	7955.ENSDARP00000113965	65.7	15
3569015	7955.ENSDARP00000034904	65.6	2
3578942	7955.ENSDARP00000098935	65.0	2
3567372	7955.ENSDARP00000016261	65.0	17
3576239	7955.ENSDARP00000087870	64.3	1
3566471	7955.ENSDARP00000007566	64.2	1
3576153	7955.ENSDARP00000087338	64.0	9
3578103	7955.ENSDARP00000096295	63.7	3
3577378	7955.ENSDARP00000093122	63.6	1
3579754	7955.ENSDARP00000101062	63.6	4
3567639	7955.ENSDARP00000018923	63.4	5
3573051	7955.ENSDARP00000067933	63.2	22
3583735	7955.ENSDARP00000109442	63.1	9
3581160	7955.ENSDARP00000104653	62.6	5
3585085	7955.ENSDARP00000111926	62.2	7
3568403	7955.ENSDARP00000026554	62.1	2
3571287	7955.ENSDARP00000056925	62.0	1
3586098	7955.ENSDARP00000114317	62.0	4
3589375	7955.ENSDARP00000122750	61.9	2
3566079	7955.ENSDARP00000003700	61.8	1
3591987	7955.ENSDARP00000129267	61.1	3
3584033	7955.ENSDARP00000109990	60.8	1
3570613	7955.ENSDARP00000052638	60.3	4
3568073	7955.ENSDARP00000023354	60.3	4
3571860	7955.ENSDARP00000060534	60.0	2
3588692	7955.ENSDARP00000121065	59.9	19
3590143	7955.ENSDARP00000125036	59.6	47
3568114	7955.ENSDARP00000023774	59.1	3
3567148	7955.ENSDARP00000014011	59.0	7
3568234	7955.ENSDARP00000024860	59.0	7
3575648	7955.ENSDARP00000083458	58.9	2
3579580	7955.ENSDARP00000100627	57.9	4
3585627	7955.ENSDARP00000113049	57.8	4
3579328	7955.ENSDARP00000099976	57.1	4
3581148	7955.ENSDARP00000104621	56.8	2
3568682	7955.ENSDARP00000030050	56.5	21
3566765	7955.ENSDARP00000010413	56.5	21
3583597	7955.ENSDARP00000109199	56.5	21
3570024	7955.ENSDARP00000046980	56.1	2
3580813	7955.ENSDARP00000103854	56.1	21
3575277	7955.ENSDARP00000080431	54.8	2
3584738	7955.ENSDARP00000111278	54.7	5
3582264	7955.ENSDARP00000106674	54.2	2
3577741	7955.ENSDARP00000094626	54.2	21
3570148	7955.ENSDARP00000048422	54.0	2
3573271	7955.ENSDARP00000069085	53.1	1
3583294	7955.ENSDARP00000108625	53.0	1
3589117	7955.ENSDARP00000122116	52.8	4
3587976	7955.ENSDARP00000119169	52.6	2
3575173	7955.ENSDARP00000079719	52.3	3
3566384	7955.ENSDARP00000006674	51.7	6
3572544	7955.ENSDARP00000064925	51.6	3
3572761	7955.ENSDARP00000066383	51.5	6
3573394	7955.ENSDARP00000069745	50.9	2
3570560	7955.ENSDARP00000052354	50.7	6
3568172	7955.ENSDARP00000024272	50.2	23
3579771	7955.ENSDARP00000101121	50.1	1
3573397	7955.ENSDARP00000069759	49.6	3
3571422	7955.ENSDARP00000057824	49.4	1
3589948	7955.ENSDARP00000124366	49.2	53
3588520	7955.ENSDARP00000120591	48.9	1
3566529	7955.ENSDARP00000008048	48.7	5
3585606	7955.ENSDARP00000113004	47.7	2
3567271	7955.ENSDARP00000015328	47.3	1
3589054	7955.ENSDARP00000121973	46.9	1
3572310	7955.ENSDARP00000063483	46.6	11
3587782	7955.ENSDARP00000118656	46.3	2
3580325	7955.ENSDARP00000102559	46.0	2
3570912	7955.ENSDARP00000054618	46.0	2
3566592	7955.ENSDARP00000008663	46.0	2
3567155	7955.ENSDARP00000014099	45.8	2
3566360	7955.ENSDARP00000006424	45.6	10
3579138	7955.ENSDARP00000099464	45.6	1
3567902	7955.ENSDARP00000021850	45.5	1
3565920	7955.ENSDARP00000002360	45.5	6
3568391	7955.ENSDARP00000026454	45.5	1
3587284	7955.ENSDARP00000117418	45.3	17
3573268	7955.ENSDARP00000069063	44.8	5
3577120	7955.ENSDARP00000091921	44.5	13
3581695	7955.ENSDARP00000105632	44.4	3
3586565	7955.ENSDARP00000115525	44.3	1
3586195	7955.ENSDARP00000114555	44.1	1
3582453	7955.ENSDARP00000107042	43.4	3
3572868	7955.ENSDARP00000067004	42.3	4
3577594	7955.ENSDARP00000094020	42.0	2
3582428	7955.ENSDARP00000106981	41.7	12
3587820	7955.ENSDARP00000118753	41.4	1
3589836	7955.ENSDARP00000123999	41.3	8
3573437	7955.ENSDARP00000070003	41.1	2
3581543	7955.ENSDARP00000105368	40.7	5
3584457	7955.ENSDARP00000110780	40.7	5
3574741	7955.ENSDARP00000076580	40.7	5
3574405	7955.ENSDARP00000075079	40.6	20
3565965	7955.ENSDARP00000002825	40.5	5
3582740	7955.ENSDARP00000107576	40.2	1
3584427	7955.ENSDARP00000110728	40.1	7
3584971	7955.ENSDARP00000111723	40.1	7
3569913	7955.ENSDARP00000045668	40.0	13
3572937	7955.ENSDARP00000067373	39.9	2
3576360	7955.ENSDARP00000088399	39.9	9
3574117	7955.ENSDARP00000073585	39.8	1
3570066	7955.ENSDARP00000047408	39.7	43
3581525	7955.ENSDARP00000105344	39.6	4
3571377	7955.ENSDARP00000057540	39.5	1
3576460	7955.ENSDARP00000088880	38.6	20
3588917	7955.ENSDARP00000121628	38.6	3
3589894	7955.ENSDARP00000124165	38.4	1
3579176	7955.ENSDARP00000099554	38.1	2
3580592	7955.ENSDARP00000103300	37.9	1
3571540	7955.ENSDARP00000058554	37.8	2
3572384	7955.ENSDARP00000063949	37.6	3
3568709	7955.ENSDARP00000030555	37.6	3
3577403	7955.ENSDARP00000093249	37.5	2
3568786	7955.ENSDARP00000031743	37.4	1
3568211	7955.ENSDARP00000024635	37.2	3
3588384	7955.ENSDARP00000120230	37.1	3
3573776	7955.ENSDARP00000072059	37.0	2
3583815	7955.ENSDARP00000109583	36.7	4
3588741	7955.ENSDARP00000121180	36.6	3
3582407	7955.ENSDARP00000106947	36.4	7
3570808	7955.ENSDARP00000053870	36.0	1
3567758	7955.ENSDARP00000020181	35.9	3
3591445	7955.ENSDARP00000128116	35.8	2
3588911	7955.ENSDARP00000121609	35.7	2
3568640	7955.ENSDARP00000029491	35.6	7
3572198	7955.ENSDARP00000062792	35.0	12
3567997	7955.ENSDARP00000022638	34.6	5
3569703	7955.ENSDARP00000043291	34.3	2
3578841	7955.ENSDARP00000098692	34.2	1
3566151	7955.ENSDARP00000004394	34.1	13
3582622	7955.ENSDARP00000107359	34.0	2
3590501	7955.ENSDARP00000125818	33.6	4
3569626	7955.ENSDARP00000042420	33.6	4
3572086	7955.ENSDARP00000062145	33.6	4
3574063	7955.ENSDARP00000073352	33.5	7
3566052	7955.ENSDARP00000003468	33.2	2
3569029	7955.ENSDARP00000035106	33.1	3
3567591	7955.ENSDARP00000018404	32.9	3
3570948	7955.ENSDARP00000054848	32.7	2
3569549	7955.ENSDARP00000041626	32.6	1
3584690	7955.ENSDARP00000111199	32.5	2
3590080	7955.ENSDARP00000124805	32.4	5
3576976	7955.ENSDARP00000091324	32.2	4
3572110	7955.ENSDARP00000062341	31.9	3
3574354	7955.ENSDARP00000074827	31.9	7
3577171	7955.ENSDARP00000092093	31.9	1
3588423	7955.ENSDARP00000120335	31.8	1
3567845	7955.ENSDARP00000021124	31.1	5
3584625	7955.ENSDARP00000111083	30.8	1
3571092	7955.ENSDARP00000055741	30.6	5
3583431	7955.ENSDARP00000108896	30.5	9
3577711	7955.ENSDARP00000094479	30.5	2
3583716	7955.ENSDARP00000109404	30.2	1
3583708	7955.ENSDARP00000109390	29.8	2
3566327	7955.ENSDARP00000006117	29.8	1
3572371	7955.ENSDARP00000063848	29.7	11
3566071	7955.ENSDARP00000003646	29.6	1
3575497	7955.ENSDARP00000082215	29.6	1
3590114	7955.ENSDARP00000124928	29.4	6
3569324	7955.ENSDARP00000039036	28.7	1
3566954	7955.ENSDARP00000012139	28.7	3
3567404	7955.ENSDARP00000016622	28.6	5
3590352	7955.ENSDARP00000125469	28.6	5
3570399	7955.ENSDARP00000051230	28.5	3
3583321	7955.ENSDARP00000108688	28.4	2
3577714	7955.ENSDARP00000094505	28.4	1
3589853	7955.ENSDARP00000124045	28.2	5
3566337	7955.ENSDARP00000006228	28.1	1
3571373	7955.ENSDARP00000057518	28.1	1
3587343	7955.ENSDARP00000117582	28.1	19
3585886	7955.ENSDARP00000113739	27.9	3
3572835	7955.ENSDARP00000066862	27.8	3
3577763	7955.ENSDARP00000094733	27.7	4
3588110	7955.ENSDARP00000119520	27.1	7
3573759	7955.ENSDARP00000071929	27.0	4
3583978	7955.ENSDARP00000109883	26.7	8
3587201	7955.ENSDARP00000117207	26.6	4
3585982	7955.ENSDARP00000114008	26.5	4
3579142	7955.ENSDARP00000099474	26.3	1
3570764	7955.ENSDARP00000053576	26.0	2
3568103	7955.ENSDARP00000023685	25.8	1
3574768	7955.ENSDARP00000076763	25.7	2
3572428	7955.ENSDARP00000064171	25.2	3
3572491	7955.ENSDARP00000064557	24.9	1
3566081	7955.ENSDARP00000003709	24.8	1
3581834	7955.ENSDARP00000105892	24.7	1
3567160	7955.ENSDARP00000014182	24.3	1
3578747	7955.ENSDARP00000098456	24.2	3
3591819	7955.ENSDARP00000128890	24.1	2
3583025	7955.ENSDARP00000108138	23.9	1
3586978	7955.ENSDARP00000116598	23.8	1
3568166	7955.ENSDARP00000024210	23.4	10
3570034	7955.ENSDARP00000047072	23.4	1
3566993	7955.ENSDARP00000012437	23.3	15
3580810	7955.ENSDARP00000103850	23.1	1
3568100	7955.ENSDARP00000023678	22.9	2
3576544	7955.ENSDARP00000089263	22.7	4
3567070	7955.ENSDARP00000013157	22.4	1
3586992	7955.ENSDARP00000116646	22.4	5
3566836	7955.ENSDARP00000011083	22.1	1
3581117	7955.ENSDARP00000104575	21.3	1
3567362	7955.ENSDARP00000016160	21.2	1
3568101	7955.ENSDARP00000023679	21.2	1
3574481	7955.ENSDARP00000075482	21.1	1
3589997	7955.ENSDARP00000124534	21.0	2
3590791	7955.ENSDARP00000126589	21.0	4
3572543	7955.ENSDARP00000064900	20.9	2
3568225	7955.ENSDARP00000024748	20.7	1
3566313	7955.ENSDARP00000006001	20.7	1
3572357	7955.ENSDARP00000063773	20.6	4
3574923	7955.ENSDARP00000077773	20.5	2
3566189	7955.ENSDARP00000004866	20.5	1
3574428	7955.ENSDARP00000075208	20.5	1
3567672	7955.ENSDARP00000019235	20.3	3
3567143	7955.ENSDARP00000013967	20.0	3
3573379	7955.ENSDARP00000069669	19.7	1
3591900	7955.ENSDARP00000129087	19.5	15
3573895	7955.ENSDARP00000072597	19.4	3
3573393	7955.ENSDARP00000069744	19.3	15
3583315	7955.ENSDARP00000108680	19.2	2
3583419	7955.ENSDARP00000108873	19.2	1
3567247	7955.ENSDARP00000015065	19.2	1
3577290	7955.ENSDARP00000092617	19.2	1
3570827	7955.ENSDARP00000054006	19.1	1
3591824	7955.ENSDARP00000128910	19.0	1
3569006	7955.ENSDARP00000034822	19.0	2
3567527	7955.ENSDARP00000017756	18.9	1
3567837	7955.ENSDARP00000021064	18.8	2
3573608	7955.ENSDARP00000070966	18.4	15
3570255	7955.ENSDARP00000049616	18.3	2
3573063	7955.ENSDARP00000067993	18.2	1
3571253	7955.ENSDARP00000056744	18.2	1
3581183	7955.ENSDARP00000104687	17.9	1
3575235	7955.ENSDARP00000080159	17.5	1
3584066	7955.ENSDARP00000110047	17.3	1
3568648	7955.ENSDARP00000029635	17.3	2
3567130	7955.ENSDARP00000013803	17.1	1
3572471	7955.ENSDARP00000064461	17.0	2
3590431	7955.ENSDARP00000125625	17.0	1
3566588	7955.ENSDARP00000008636	17.0	1
3569848	7955.ENSDARP00000045014	16.8	1
3568241	7955.ENSDARP00000024947	16.7	13
3584716	7955.ENSDARP00000111245	16.6	1
3582356	7955.ENSDARP00000106848	16.5	1
3581985	7955.ENSDARP00000106164	16.4	8
3566999	7955.ENSDARP00000012500	16.0	15
3572514	7955.ENSDARP00000064708	15.9	1
3573678	7955.ENSDARP00000071510	15.8	4
3575216	7955.ENSDARP00000080047	15.8	1
3580799	7955.ENSDARP00000103810	15.7	1
3567146	7955.ENSDARP00000014003	15.6	1
3587238	7955.ENSDARP00000117293	15.6	2
3577831	7955.ENSDARP00000095023	15.4	1
3565990	7955.ENSDARP00000003038	15.3	2
3582077	7955.ENSDARP00000106325	15.3	2
3577189	7955.ENSDARP00000092224	15.1	15
3570733	7955.ENSDARP00000053398	15.0	1
3580266	7955.ENSDARP00000102398	14.9	1
3575624	7955.ENSDARP00000083259	14.7	2
3569611	7955.ENSDARP00000042254	14.6	2
3570218	7955.ENSDARP00000049176	14.6	2
3567455	7955.ENSDARP00000017029	14.6	15
3573355	7955.ENSDARP00000069541	14.5	2
3568970	7955.ENSDARP00000034228	14.5	4
3581435	7955.ENSDARP00000105182	14.2	1
3567442	7955.ENSDARP00000016922	14.0	4
3573074	7955.ENSDARP00000068070	13.8	1
3566571	7955.ENSDARP00000008454	13.8	5
3575818	7955.ENSDARP00000084719	13.3	2
3575319	7955.ENSDARP00000080761	13.2	1
3585244	7955.ENSDARP00000112172	13.0	5
3588553	7955.ENSDARP00000120670	12.9	5
3587797	7955.ENSDARP00000118698	12.9	1
3571178	7955.ENSDARP00000056279	12.8	1
3581624	7955.ENSDARP00000105524	12.5	2
3569868	7955.ENSDARP00000045149	12.4	1
3566586	7955.ENSDARP00000008601	12.4	4
3578126	7955.ENSDARP00000096365	12.2	5
3575404	7955.ENSDARP00000081505	12.1	1
3590544	7955.ENSDARP00000125918	12.0	27
3570824	7955.ENSDARP00000053962	11.8	1
3575580	7955.ENSDARP00000082917	11.7	7
3575533	7955.ENSDARP00000082533	11.7	2
3569979	7955.ENSDARP00000046506	11.6	1
3591083	7955.ENSDARP00000127252	11.6	5
3571439	7955.ENSDARP00000057912	11.5	15
3566320	7955.ENSDARP00000006065	11.5	2
3572528	7955.ENSDARP00000064802	11.3	1
3573382	7955.ENSDARP00000069676	11.3	15
3574941	7955.ENSDARP00000077866	11.3	3
3566267	7955.ENSDARP00000005519	11.1	2
3590485	7955.ENSDARP00000125774	11.1	3
3586155	7955.ENSDARP00000114456	11.0	15
3581781	7955.ENSDARP00000105782	10.9	1
3577923	7955.ENSDARP00000095384	10.9	2
3580616	7955.ENSDARP00000103352	10.8	2
3585002	7955.ENSDARP00000111776	10.8	1
3571809	7955.ENSDARP00000060202	10.6	2
3574655	7955.ENSDARP00000076249	10.5	2
3581926	7955.ENSDARP00000106050	10.4	2
3567223	7955.ENSDARP00000014904	10.1	1
3588866	7955.ENSDARP00000121492	10.1	2
3588608	7955.ENSDARP00000120827	10.1	2
3583932	7955.ENSDARP00000109800	10.0	5
3571431	7955.ENSDARP00000057868	9.98	1
3577026	7955.ENSDARP00000091555	9.92	1
3570337	7955.ENSDARP00000050638	9.88	1
3565934	7955.ENSDARP00000002502	9.79	1
3589751	7955.ENSDARP00000123705	9.74	1
3570079	7955.ENSDARP00000047527	9.69	2
3574331	7955.ENSDARP00000074706	9.53	15
3579045	7955.ENSDARP00000099212	9.39	4
3577313	7955.ENSDARP00000092727	9.33	2
3577308	7955.ENSDARP00000092713	9.33	2
3577269	7955.ENSDARP00000092510	9.33	1
3582929	7955.ENSDARP00000107930	9.33	1
3572760	7955.ENSDARP00000066382	9.26	1
3584788	7955.ENSDARP00000111380	9.25	2
3574634	7955.ENSDARP00000076180	9.18	2
3570118	7955.ENSDARP00000048045	8.88	2
3580216	7955.ENSDARP00000102286	8.87	2
3577285	7955.ENSDARP00000092585	8.87	2
3585718	7955.ENSDARP00000113292	8.87	2
3584889	7955.ENSDARP00000111579	8.87	2
3577699	7955.ENSDARP00000094420	8.84	1
3591564	7955.ENSDARP00000128354	8.75	2
3571014	7955.ENSDARP00000055293	8.71	2
3569169	7955.ENSDARP00000037108	8.65	4
3566375	7955.ENSDARP00000006549	8.54	1
3585295	7955.ENSDARP00000112265	8.31	1
3574260	7955.ENSDARP00000074210	8.3	1
3570364	7955.ENSDARP00000050915	8.23	2
3568192	7955.ENSDARP00000024424	8.06	2
3590128	7955.ENSDARP00000124988	8.04	3
3583311	7955.ENSDARP00000108671	7.97	1
3567547	7955.ENSDARP00000017878	7.96	1
3568677	7955.ENSDARP00000029935	7.95	1
3569538	7955.ENSDARP00000041532	7.68	2
3584814	7955.ENSDARP00000111442	7.67	1
3577834	7955.ENSDARP00000095031	7.61	1
3572570	7955.ENSDARP00000065102	7.61	1
3568449	7955.ENSDARP00000026992	7.52	1
3579211	7955.ENSDARP00000099639	7.26	1
3566992	7955.ENSDARP00000012436	7.23	1
3579305	7955.ENSDARP00000099916	7.21	1
3567722	7955.ENSDARP00000019846	7.13	1
3587639	7955.ENSDARP00000118284	7.07	1
3582415	7955.ENSDARP00000106960	6.83	1
3583341	7955.ENSDARP00000108718	6.67	1
3572719	7955.ENSDARP00000066049	6.58	1
3565954	7955.ENSDARP00000002746	6.51	4
3591779	7955.ENSDARP00000128806	6.45	4
3574668	7955.ENSDARP00000076305	6.29	1
3577247	7955.ENSDARP00000092429	6.24	1
3575819	7955.ENSDARP00000084725	6.13	3
3585695	7955.ENSDARP00000113244	5.92	2
3580286	7955.ENSDARP00000102443	5.89	1
3583269	7955.ENSDARP00000108567	5.85	1
3583588	7955.ENSDARP00000109188	5.81	1
3567326	7955.ENSDARP00000015866	5.78	1
3589782	7955.ENSDARP00000123814	5.75	1
3567059	7955.ENSDARP00000013042	5.73	4
3568923	7955.ENSDARP00000033554	5.7	1
3580353	7955.ENSDARP00000102649	5.7	1
3589622	7955.ENSDARP00000123393	5.57	5
3589669	7955.ENSDARP00000123505	5.55	1
3587266	7955.ENSDARP00000117378	5.54	1
3580764	7955.ENSDARP00000103724	5.53	2
3572916	7955.ENSDARP00000067187	5.51	5
3569651	7955.ENSDARP00000042754	5.5	2
3591698	7955.ENSDARP00000128634	5.49	3
3577878	7955.ENSDARP00000095208	5.35	2
3574781	7955.ENSDARP00000076801	5.35	2
3579155	7955.ENSDARP00000099498	5.26	4
3572805	7955.ENSDARP00000066664	5.26	3
3580696	7955.ENSDARP00000103549	5.21	1
3588562	7955.ENSDARP00000120695	5.19	1
3582422	7955.ENSDARP00000106972	5.06	1
3581552	7955.ENSDARP00000105382	4.96	1
3579239	7955.ENSDARP00000099721	4.94	1
3574727	7955.ENSDARP00000076517	4.92	2
3568778	7955.ENSDARP00000031658	4.9	4
3587674	7955.ENSDARP00000118396	4.88	2
3578844	7955.ENSDARP00000098698	4.84	2
3570039	7955.ENSDARP00000047093	4.68	4
3569067	7955.ENSDARP00000035665	4.67	1
3586428	7955.ENSDARP00000115172	4.65	1
3583354	7955.ENSDARP00000108742	4.58	1
3589919	7955.ENSDARP00000124263	4.55	2
3568803	7955.ENSDARP00000032005	4.3	1
3583288	7955.ENSDARP00000108614	4.23	2
3580536	7955.ENSDARP00000103150	4.2	1
3571066	7955.ENSDARP00000055592	4.06	4
3581900	7955.ENSDARP00000106006	4.03	1
3582564	7955.ENSDARP00000107250	4.02	1
3572605	7955.ENSDARP00000065295	3.95	1
3576070	7955.ENSDARP00000086696	3.92	1
3585751	7955.ENSDARP00000113373	3.88	2
3576031	7955.ENSDARP00000086448	3.75	1
3566402	7955.ENSDARP00000006838	3.73	1
3587552	7955.ENSDARP00000118068	3.7	2
3587456	7955.ENSDARP00000117868	3.61	2
3568810	7955.ENSDARP00000032142	3.6	1
3578010	7955.ENSDARP00000095774	3.52	1
3581291	7955.ENSDARP00000104899	3.5	5
3583071	7955.ENSDARP00000108209	3.44	1
3578015	7955.ENSDARP00000095806	3.4	1
3568559	7955.ENSDARP00000028148	3.4	1
3568055	7955.ENSDARP00000023215	3.38	1
3585765	7955.ENSDARP00000113415	3.24	4
3578016	7955.ENSDARP00000095811	3.19	1
3587403	7955.ENSDARP00000117746	3.18	1
3590869	7955.ENSDARP00000126762	3.08	1
3578500	7955.ENSDARP00000097830	3.06	1
3568511	7955.ENSDARP00000027635	3.0	1
3588139	7955.ENSDARP00000119608	2.91	1
3588480	7955.ENSDARP00000120479	2.91	2
3566601	7955.ENSDARP00000008736	2.9	4
3567754	7955.ENSDARP00000020154	2.86	1
3567279	7955.ENSDARP00000015404	2.84	1
3581199	7955.ENSDARP00000104714	2.83	1
3586119	7955.ENSDARP00000114366	2.82	3
3570358	7955.ENSDARP00000050884	2.82	1
3575525	7955.ENSDARP00000082473	2.79	1
3574341	7955.ENSDARP00000074778	2.72	1
3590830	7955.ENSDARP00000126672	2.66	1
3566635	7955.ENSDARP00000009149	2.65	1
3590089	7955.ENSDARP00000124846	2.56	1
3580114	7955.ENSDARP00000102026	2.56	2
3580761	7955.ENSDARP00000103712	2.35	5
3576947	7955.ENSDARP00000091115	2.32	1
3573334	7955.ENSDARP00000069405	2.21	1
3591209	7955.ENSDARP00000127593	2.16	2
3576457	7955.ENSDARP00000088868	1.93	1
3575518	7955.ENSDARP00000082437	1.92	1
3569903	7955.ENSDARP00000045587	1.88	1
3573872	7955.ENSDARP00000072498	1.85	5
3589446	7955.ENSDARP00000122949	1.79	1
3590881	7955.ENSDARP00000126790	1.76	1
3579854	7955.ENSDARP00000101333	1.75	1
3573761	7955.ENSDARP00000071946	1.75	1
3587683	7955.ENSDARP00000118414	1.68	1
3568639	7955.ENSDARP00000029477	1.66	1
3573231	7955.ENSDARP00000068913	1.59	1
3579183	7955.ENSDARP00000099569	1.51	1
3587647	7955.ENSDARP00000118321	1.26	5
3574182	7955.ENSDARP00000073858	1.19	1
3576008	7955.ENSDARP00000086261	1.04	1
3590950	7955.ENSDARP00000126924	0.985	5
3590162	7955.ENSDARP00000125088	0.923	1
3578887	7955.ENSDARP00000098796	0.903	1
3572142	7955.ENSDARP00000062514	0.775	1
3567966	7955.ENSDARP00000022438	0.729	1
3587330	7955.ENSDARP00000117551	0.721	1
3591596	7955.ENSDARP00000128420	0.652	1
3565929	7955.ENSDARP00000002466	0.5	1
3566437	7955.ENSDARP00000007209	0.429	1
3590854	7955.ENSDARP00000126725	0.292	5
3566305	7955.ENSDARP00000005919	0.103	1
