#id: 2371276880
#name: D.rerio - Muscle, SC (Kelkar,mcp,2014)
#score: 11.0
#weight:  100%
#description: abundance based on Spectral counting, Interaction consistency score: 11.0, Coverage: 5
#organ: MUSCLE
#integrated: false
#coverage: 5
#link: http://www.ncbi.nlm.nih.gov/pubmed/25060758
#publication_year: 2014
#filename: 7955-ZF_Muscle_Kelkar_2014_SEQUEST.txt
#
#internal_id	string_external_id	abundance	raw_spectral_count
3579761	7955.ENSDARP00000101082	57967	814
3581582	7955.ENSDARP00000105443	38450	811
3568482	7955.ENSDARP00000027342	22966	241
3569236	7955.ENSDARP00000037871	20917	1318
3572361	7955.ENSDARP00000063799	20835	772
3571683	7955.ENSDARP00000059365	20341	1289
3573421	7955.ENSDARP00000069948	14624	632
3570414	7955.ENSDARP00000051361	11005	10132
3578212	7955.ENSDARP00000096674	10528	1291
3570303	7955.ENSDARP00000050237	10416	4981
3586591	7955.ENSDARP00000115580	9576	213
3570974	7955.ENSDARP00000055061	9462	134
3579636	7955.ENSDARP00000100779	9095	267
3567128	7955.ENSDARP00000013777	8747	241
3588581	7955.ENSDARP00000120742	8336	449
3578167	7955.ENSDARP00000096504	7899	438
3570984	7955.ENSDARP00000055135	7677	1993
3576647	7955.ENSDARP00000089772	7601	130
3568540	7955.ENSDARP00000027947	7336	447
3568041	7955.ENSDARP00000023063	7281	431
3571826	7955.ENSDARP00000060309	7252	451
3586775	7955.ENSDARP00000116075	7207	8985
3579931	7955.ENSDARP00000101541	6989	240
3573917	7955.ENSDARP00000072687	6822	4082
3568837	7955.ENSDARP00000032453	6719	121
3568732	7955.ENSDARP00000030881	6656	400
3571958	7955.ENSDARP00000061164	6488	2055
3579413	7955.ENSDARP00000100195	6357	1457
3584241	7955.ENSDARP00000110377	6321	308
3586362	7955.ENSDARP00000115012	6160	3824
3566040	7955.ENSDARP00000003389	6037	165
3585976	7955.ENSDARP00000113988	5856	3753
3572340	7955.ENSDARP00000063661	5741	239
3585260	7955.ENSDARP00000112199	5722	149
3583079	7955.ENSDARP00000108224	5439	8675
3570634	7955.ENSDARP00000052760	5248	2
3588935	7955.ENSDARP00000121670	5225	100
3566197	7955.ENSDARP00000004932	5101	149
3569365	7955.ENSDARP00000039656	4963	213
3574334	7955.ENSDARP00000074719	4890	122
3571556	7955.ENSDARP00000058628	4774	1835
3573914	7955.ENSDARP00000072678	4687	3252
3567578	7955.ENSDARP00000018197	4658	137
3583776	7955.ENSDARP00000109518	4588	291
3577262	7955.ENSDARP00000092488	4588	291
3579514	7955.ENSDARP00000100434	4524	1821
3572118	7955.ENSDARP00000062369	4524	1821
3570642	7955.ENSDARP00000052837	4396	1806
3577188	7955.ENSDARP00000092223	4361	278
3574408	7955.ENSDARP00000075110	4297	1796
3571219	7955.ENSDARP00000056539	4270	102
3571747	7955.ENSDARP00000059885	4077	144
3572771	7955.ENSDARP00000066429	4013	1614
3569301	7955.ENSDARP00000038799	4001	73
3586379	7955.ENSDARP00000115054	3932	7225
3570413	7955.ENSDARP00000051359	3798	5951
3586737	7955.ENSDARP00000115964	3729	5593
3571777	7955.ENSDARP00000060055	3673	202
3569400	7955.ENSDARP00000040041	3671	98
3584765	7955.ENSDARP00000111326	3613	7481
3579264	7955.ENSDARP00000099772	3338	6822
3566295	7955.ENSDARP00000005837	3319	16
3581446	7955.ENSDARP00000105206	3268	34
3571186	7955.ENSDARP00000056318	3198	34
3571967	7955.ENSDARP00000061273	3181	21
3566489	7955.ENSDARP00000007716	3132	57
3577855	7955.ENSDARP00000095111	3038	69
3570491	7955.ENSDARP00000051848	3027	107
3582141	7955.ENSDARP00000106441	2962	4938
3567630	7955.ENSDARP00000018850	2902	231
3567186	7955.ENSDARP00000014456	2894	97
3569433	7955.ENSDARP00000040396	2893	67
3588416	7955.ENSDARP00000120315	2887	48
3569764	7955.ENSDARP00000043931	2879	574
3567332	7955.ENSDARP00000015917	2870	469
3565855	7955.ENSDARP00000000803	2860	714
3587154	7955.ENSDARP00000117068	2753	40
3569537	7955.ENSDARP00000041530	2748	47
3569604	7955.ENSDARP00000042199	2698	206
3578291	7955.ENSDARP00000097050	2602	172
3570678	7955.ENSDARP00000053076	2588	44
3568238	7955.ENSDARP00000024900	2571	476
3567924	7955.ENSDARP00000022077	2566	233
3584249	7955.ENSDARP00000110392	2491	24
3573386	7955.ENSDARP00000069695	2439	2835
3568045	7955.ENSDARP00000023121	2439	80
3568490	7955.ENSDARP00000027389	2424	171
3569372	7955.ENSDARP00000039787	2420	34
3569334	7955.ENSDARP00000039143	2322	35
3588413	7955.ENSDARP00000120304	2292	51
3576241	7955.ENSDARP00000087872	2281	25
3582385	7955.ENSDARP00000106906	2197	63
3571867	7955.ENSDARP00000060575	2184	43
3579466	7955.ENSDARP00000100331	2097	14
3573708	7955.ENSDARP00000071656	2081	40
3568990	7955.ENSDARP00000034555	2053	32
3573843	7955.ENSDARP00000072376	2045	49
3570857	7955.ENSDARP00000054204	2043	27
3589183	7955.ENSDARP00000122284	2007	82
3583765	7955.ENSDARP00000109497	2005	24
3571611	7955.ENSDARP00000058954	1996	7
3590683	7955.ENSDARP00000126314	1989	36
3579906	7955.ENSDARP00000101478	1976	49
3566084	7955.ENSDARP00000003738	1973	152
3584872	7955.ENSDARP00000111539	1917	147
3570993	7955.ENSDARP00000055185	1905	14
3570965	7955.ENSDARP00000054986	1898	832
3589178	7955.ENSDARP00000122263	1898	832
3590492	7955.ENSDARP00000125799	1888	12
3573833	7955.ENSDARP00000072337	1885	255
3577261	7955.ENSDARP00000092484	1871	53
3572845	7955.ENSDARP00000066929	1814	55
3571512	7955.ENSDARP00000058402	1808	142
3567605	7955.ENSDARP00000018594	1796	7
3566285	7955.ENSDARP00000005719	1748	23
3566860	7955.ENSDARP00000011269	1741	3988
3568457	7955.ENSDARP00000027046	1736	69
3570629	7955.ENSDARP00000052729	1719	24
3569224	7955.ENSDARP00000037759	1711	32
3576243	7955.ENSDARP00000087874	1709	16
3569554	7955.ENSDARP00000041699	1671	59
3576784	7955.ENSDARP00000090434	1669	56
3566395	7955.ENSDARP00000006783	1662	45
3566228	7955.ENSDARP00000005224	1633	549
3571797	7955.ENSDARP00000060165	1618	98
3589868	7955.ENSDARP00000124085	1587	3
3569571	7955.ENSDARP00000041841	1581	35
3569934	7955.ENSDARP00000045900	1575	31
3591926	7955.ENSDARP00000129150	1565	11
3578154	7955.ENSDARP00000096449	1565	288
3584352	7955.ENSDARP00000110577	1557	80
3588896	7955.ENSDARP00000121564	1532	19
3570334	7955.ENSDARP00000050602	1512	38
3576843	7955.ENSDARP00000090664	1508	12
3574593	7955.ENSDARP00000075994	1495	109
3571039	7955.ENSDARP00000055429	1487	13
3567087	7955.ENSDARP00000013329	1437	85
3565933	7955.ENSDARP00000002483	1435	126
3566461	7955.ENSDARP00000007446	1410	40
3568927	7955.ENSDARP00000033622	1394	90
3573278	7955.ENSDARP00000069096	1383	35
3578162	7955.ENSDARP00000096468	1369	29
3565896	7955.ENSDARP00000002122	1327	76
3568742	7955.ENSDARP00000031014	1326	25
3590581	7955.ENSDARP00000126028	1321	13
3587911	7955.ENSDARP00000118986	1319	214
3588841	7955.ENSDARP00000121437	1313	54
3568311	7955.ENSDARP00000025613	1307	39
3567136	7955.ENSDARP00000013902	1305	47
3575408	7955.ENSDARP00000081539	1290	247
3571050	7955.ENSDARP00000055503	1271	39
3586129	7955.ENSDARP00000114396	1270	79
3590857	7955.ENSDARP00000126732	1266	14
3566070	7955.ENSDARP00000003641	1266	24
3572114	7955.ENSDARP00000062351	1263	167
3572155	7955.ENSDARP00000062555	1251	29
3582518	7955.ENSDARP00000107173	1242	21
3577113	7955.ENSDARP00000091902	1242	18
3570598	7955.ENSDARP00000052528	1240	13
3566913	7955.ENSDARP00000011707	1234	54
3579309	7955.ENSDARP00000099928	1234	54
3578093	7955.ENSDARP00000096258	1223	17
3571865	7955.ENSDARP00000060549	1206	20
3568947	7955.ENSDARP00000033907	1191	103
3572039	7955.ENSDARP00000061755	1191	18
3571193	7955.ENSDARP00000056380	1190	52
3573415	7955.ENSDARP00000069896	1183	9
3585626	7955.ENSDARP00000113048	1182	32
3572065	7955.ENSDARP00000061957	1180	19
3567469	7955.ENSDARP00000017217	1172	58
3590555	7955.ENSDARP00000125941	1168	119
3583915	7955.ENSDARP00000109765	1167	21
3567196	7955.ENSDARP00000014578	1116	70
3572995	7955.ENSDARP00000067634	1111	42
3581419	7955.ENSDARP00000105154	1107	3
3566348	7955.ENSDARP00000006339	1096	107
3572131	7955.ENSDARP00000062422	1094	19
3568473	7955.ENSDARP00000027159	1080	24
3583379	7955.ENSDARP00000108798	1055	48
3568052	7955.ENSDARP00000023177	1052	22
3590909	7955.ENSDARP00000126846	1048	30
3574696	7955.ENSDARP00000076404	1032	35
3573057	7955.ENSDARP00000067953	1031	25
3566380	7955.ENSDARP00000006624	1016	14
3589800	7955.ENSDARP00000123883	1014	90
3583010	7955.ENSDARP00000108108	1014	37
3569492	7955.ENSDARP00000041087	1014	37
3569738	7955.ENSDARP00000043687	1011	21
3570380	7955.ENSDARP00000051054	1000	21
3581250	7955.ENSDARP00000104823	996	81
3586528	7955.ENSDARP00000115443	990	8
3577595	7955.ENSDARP00000094021	988	49
3579803	7955.ENSDARP00000101193	987	41
3592023	7955.ENSDARP00000129330	987	41
3591753	7955.ENSDARP00000128757	987	41
3575763	7955.ENSDARP00000084277	987	41
3585524	7955.ENSDARP00000112824	987	41
3585724	7955.ENSDARP00000113307	987	41
3591366	7955.ENSDARP00000127943	987	41
3573022	7955.ENSDARP00000067802	987	36
3568747	7955.ENSDARP00000031098	984	21
3570739	7955.ENSDARP00000053425	979	13
3578376	7955.ENSDARP00000097494	970	38
3568845	7955.ENSDARP00000032575	962	80
3568103	7955.ENSDARP00000023685	950	36
3572064	7955.ENSDARP00000061954	939	37
3569039	7955.ENSDARP00000035273	919	9
3576245	7955.ENSDARP00000087876	916	4
3567801	7955.ENSDARP00000020595	908	7
3572107	7955.ENSDARP00000062323	908	56
3572143	7955.ENSDARP00000062517	897	30
3566185	7955.ENSDARP00000004830	895	35
3583001	7955.ENSDARP00000108089	886	23
3584330	7955.ENSDARP00000110546	884	66
3577608	7955.ENSDARP00000094070	870	15
3585083	7955.ENSDARP00000111924	868	51
3583335	7955.ENSDARP00000108711	854	83
3572485	7955.ENSDARP00000064522	849	37
3569949	7955.ENSDARP00000046076	844	56
3576694	7955.ENSDARP00000090024	833	27
3571441	7955.ENSDARP00000057943	827	9
3572932	7955.ENSDARP00000067349	821	21
3570877	7955.ENSDARP00000054339	816	13
3568151	7955.ENSDARP00000024085	816	14
3573350	7955.ENSDARP00000069513	809	19
3583922	7955.ENSDARP00000109780	802	113
3571194	7955.ENSDARP00000056381	802	40
3567392	7955.ENSDARP00000016453	799	81
3572196	7955.ENSDARP00000062786	799	10
3565907	7955.ENSDARP00000002223	795	37
3583471	7955.ENSDARP00000108965	792	14
3566628	7955.ENSDARP00000009096	784	21
3571270	7955.ENSDARP00000056848	780	1354
3567632	7955.ENSDARP00000018865	779	17
3576864	7955.ENSDARP00000090756	776	20
3567489	7955.ENSDARP00000017410	772	21
3590844	7955.ENSDARP00000126705	768	441
3574937	7955.ENSDARP00000077832	768	204
3592042	7955.ENSDARP00000129378	768	204
3582717	7955.ENSDARP00000107547	768	204
3584547	7955.ENSDARP00000110935	768	204
3582143	7955.ENSDARP00000106443	768	204
3582961	7955.ENSDARP00000107998	768	204
3575508	7955.ENSDARP00000082327	768	204
3580053	7955.ENSDARP00000101862	768	204
3582507	7955.ENSDARP00000107148	768	204
3581427	7955.ENSDARP00000105168	768	204
3582167	7955.ENSDARP00000106496	768	204
3582747	7955.ENSDARP00000107585	768	204
3582030	7955.ENSDARP00000106245	768	204
3579903	7955.ENSDARP00000101467	768	204
3583687	7955.ENSDARP00000109355	768	204
3585088	7955.ENSDARP00000111930	768	204
3581027	7955.ENSDARP00000104379	768	204
3591884	7955.ENSDARP00000129044	768	204
3585008	7955.ENSDARP00000111786	768	204
3584867	7955.ENSDARP00000111526	768	204
3582447	7955.ENSDARP00000107028	768	204
3581376	7955.ENSDARP00000105059	768	204
3583658	7955.ENSDARP00000109299	768	204
3583513	7955.ENSDARP00000109044	768	204
3579848	7955.ENSDARP00000101311	768	204
3583635	7955.ENSDARP00000109257	768	204
3582243	7955.ENSDARP00000106634	768	204
3582939	7955.ENSDARP00000107946	768	204
3585153	7955.ENSDARP00000112034	768	204
3584679	7955.ENSDARP00000111175	768	204
3583528	7955.ENSDARP00000109071	768	204
3581525	7955.ENSDARP00000105344	765	103
3572360	7955.ENSDARP00000063788	764	19
3573318	7955.ENSDARP00000069300	761	22
3576851	7955.ENSDARP00000090718	759	38
3572841	7955.ENSDARP00000066897	757	13
3583232	7955.ENSDARP00000108502	753	198
3586640	7955.ENSDARP00000115698	751	323
3566491	7955.ENSDARP00000007735	749	44
3590079	7955.ENSDARP00000124804	742	7
3578686	7955.ENSDARP00000098301	723	17
3585584	7955.ENSDARP00000112954	719	22
3585939	7955.ENSDARP00000113905	718	101
3589293	7955.ENSDARP00000122542	717	18
3573587	7955.ENSDARP00000070807	715	38
3586204	7955.ENSDARP00000114578	712	4
3566996	7955.ENSDARP00000012454	712	50
3576242	7955.ENSDARP00000087873	707	10
3572374	7955.ENSDARP00000063869	706	14
3568777	7955.ENSDARP00000031650	705	18
3588195	7955.ENSDARP00000119756	704	13
3568163	7955.ENSDARP00000024189	703	7
3573425	7955.ENSDARP00000069977	698	12
3583064	7955.ENSDARP00000108197	696	12
3588427	7955.ENSDARP00000120344	696	37
3587461	7955.ENSDARP00000117879	696	37
3576638	7955.ENSDARP00000089753	696	37
3570056	7955.ENSDARP00000047268	696	37
3576174	7955.ENSDARP00000087462	696	37
3579119	7955.ENSDARP00000099418	680	10
3586669	7955.ENSDARP00000115796	676	4
3568467	7955.ENSDARP00000027118	668	67
3585975	7955.ENSDARP00000113985	667	22
3571508	7955.ENSDARP00000058383	654	35
3573985	7955.ENSDARP00000072971	652	32
3576353	7955.ENSDARP00000088354	648	36
3568320	7955.ENSDARP00000025702	634	70
3571653	7955.ENSDARP00000059226	633	20
3583962	7955.ENSDARP00000109857	629	47
3592091	7955.ENSDARP00000129497	625	27
3567647	7955.ENSDARP00000018980	625	14
3574258	7955.ENSDARP00000074190	618	39
3576612	7955.ENSDARP00000089645	618	60
3569028	7955.ENSDARP00000035103	613	23
3572375	7955.ENSDARP00000063876	612	20
3569175	7955.ENSDARP00000037150	610	20
3568853	7955.ENSDARP00000032688	607	40
3577036	7955.ENSDARP00000091586	601	7
3587247	7955.ENSDARP00000117320	599	469
3586000	7955.ENSDARP00000114052	597	52
3567952	7955.ENSDARP00000022310	594	23
3591308	7955.ENSDARP00000127819	584	41
3565879	7955.ENSDARP00000001565	581	24
3591762	7955.ENSDARP00000128775	576	37
3584770	7955.ENSDARP00000111337	575	33
3587284	7955.ENSDARP00000117418	573	126
3568202	7955.ENSDARP00000024560	573	42
3582828	7955.ENSDARP00000107737	571	37
3585047	7955.ENSDARP00000111851	571	37
3590883	7955.ENSDARP00000126796	571	37
3579085	7955.ENSDARP00000099321	571	37
3581455	7955.ENSDARP00000105220	571	37
3577534	7955.ENSDARP00000093790	571	37
3577531	7955.ENSDARP00000093781	571	37
3573044	7955.ENSDARP00000067896	571	37
3571271	7955.ENSDARP00000056852	569	1684
3571894	7955.ENSDARP00000060744	563	36
3589540	7955.ENSDARP00000123181	563	12
3580732	7955.ENSDARP00000103634	561	21
3567911	7955.ENSDARP00000021916	561	21
3586991	7955.ENSDARP00000116637	558	20
3570266	7955.ENSDARP00000049792	552	30
3570476	7955.ENSDARP00000051762	545	17
3569651	7955.ENSDARP00000042754	542	46
3579766	7955.ENSDARP00000101100	538	61
3570662	7955.ENSDARP00000052929	536	29
3566857	7955.ENSDARP00000011243	534	22
3580939	7955.ENSDARP00000104168	529	28
3578076	7955.ENSDARP00000096178	528	8
3587376	7955.ENSDARP00000117673	528	19
3571305	7955.ENSDARP00000057089	524	13
3571796	7955.ENSDARP00000060161	520	12
3566416	7955.ENSDARP00000006973	518	30
3572458	7955.ENSDARP00000064375	518	8
3576417	7955.ENSDARP00000088646	518	53
3567991	7955.ENSDARP00000022592	514	13
3583297	7955.ENSDARP00000108629	513	14
3590294	7955.ENSDARP00000125356	507	7
3588247	7955.ENSDARP00000119887	504	7
3578356	7955.ENSDARP00000097447	500	22
3589956	7955.ENSDARP00000124383	499	14
3574302	7955.ENSDARP00000074525	497	18
3585919	7955.ENSDARP00000113858	496	176
3573389	7955.ENSDARP00000069708	495	5
3587962	7955.ENSDARP00000119118	493	36
3586463	7955.ENSDARP00000115285	482	31
3568579	7955.ENSDARP00000028571	481	37
3567721	7955.ENSDARP00000019829	481	67
3585237	7955.ENSDARP00000112163	479	41
3589021	7955.ENSDARP00000121890	477	11
3569507	7955.ENSDARP00000041278	477	137
3588136	7955.ENSDARP00000119600	476	23
3566371	7955.ENSDARP00000006510	474	41
3588367	7955.ENSDARP00000120183	470	11
3573195	7955.ENSDARP00000068662	469	53
3581808	7955.ENSDARP00000105840	467	3
3570518	7955.ENSDARP00000052081	464	7
3571936	7955.ENSDARP00000061000	458	20
3568281	7955.ENSDARP00000025342	456	18
3589685	7955.ENSDARP00000123538	456	18
3579166	7955.ENSDARP00000099532	455	1803
3574257	7955.ENSDARP00000074186	454	43
3576757	7955.ENSDARP00000090306	453	1629
3581392	7955.ENSDARP00000105094	452	135
3568998	7955.ENSDARP00000034733	450	52
3571955	7955.ENSDARP00000061148	445	131
3567361	7955.ENSDARP00000016158	445	5
3583462	7955.ENSDARP00000108949	441	6
3585033	7955.ENSDARP00000111828	441	6
3566729	7955.ENSDARP00000010055	441	11
3568059	7955.ENSDARP00000023228	439	25
3577318	7955.ENSDARP00000092760	435	18
3570297	7955.ENSDARP00000050204	434	15
3577086	7955.ENSDARP00000091816	434	50
3584182	7955.ENSDARP00000110274	433	43
3566174	7955.ENSDARP00000004708	427	16
3583419	7955.ENSDARP00000108873	420	22
3567247	7955.ENSDARP00000015065	420	22
3577728	7955.ENSDARP00000094561	420	6
3581065	7955.ENSDARP00000104468	418	93
3587830	7955.ENSDARP00000118774	418	93
3567737	7955.ENSDARP00000019957	415	1492
3573534	7955.ENSDARP00000070488	414	45
3589582	7955.ENSDARP00000123299	411	243
3588016	7955.ENSDARP00000119262	411	6
3576099	7955.ENSDARP00000086897	409	10
3589524	7955.ENSDARP00000123136	409	10
3577111	7955.ENSDARP00000091899	408	8
3585179	7955.ENSDARP00000112076	406	10
3578066	7955.ENSDARP00000096118	406	31
3586927	7955.ENSDARP00000116459	405	10
3577559	7955.ENSDARP00000093898	404	22
3585823	7955.ENSDARP00000113555	394	6
3568270	7955.ENSDARP00000025226	393	11
3570018	7955.ENSDARP00000046933	389	9
3569591	7955.ENSDARP00000042055	389	24
3587939	7955.ENSDARP00000119055	388	125
3566306	7955.ENSDARP00000005930	386	19
3580515	7955.ENSDARP00000103087	383	6
3574339	7955.ENSDARP00000074756	380	3
3575087	7955.ENSDARP00000078992	375	9
3569689	7955.ENSDARP00000043172	374	7
3568515	7955.ENSDARP00000027654	374	7
3587453	7955.ENSDARP00000117864	373	4
3571612	7955.ENSDARP00000058955	373	49
3569918	7955.ENSDARP00000045696	371	7
3568988	7955.ENSDARP00000034536	370	10
3588800	7955.ENSDARP00000121339	369	13
3570975	7955.ENSDARP00000055063	368	29
3590163	7955.ENSDARP00000125089	364	1563
3570274	7955.ENSDARP00000049894	362	7
3589125	7955.ENSDARP00000122141	360	5
3586894	7955.ENSDARP00000116372	357	1571
3586384	7955.ENSDARP00000115072	357	1571
3577290	7955.ENSDARP00000092617	357	21
3578435	7955.ENSDARP00000097665	355	34
3581721	7955.ENSDARP00000105678	355	34
3566319	7955.ENSDARP00000006047	353	26
3574080	7955.ENSDARP00000073415	353	1529
3566334	7955.ENSDARP00000006207	351	25
3574520	7955.ENSDARP00000075658	348	49
3585101	7955.ENSDARP00000111947	347	96
3567007	7955.ENSDARP00000012558	347	8
3570713	7955.ENSDARP00000053284	346	5
3572876	7955.ENSDARP00000067039	345	16
3581799	7955.ENSDARP00000105815	343	44
3591257	7955.ENSDARP00000127700	341	29
3584411	7955.ENSDARP00000110694	339	22
3588846	7955.ENSDARP00000121444	337	8
3591820	7955.ENSDARP00000128898	336	29
3578931	7955.ENSDARP00000098911	336	2
3573768	7955.ENSDARP00000072006	335	123
3589280	7955.ENSDARP00000122502	335	1538
3567727	7955.ENSDARP00000019888	334	130
3588860	7955.ENSDARP00000121484	332	1538
3583250	7955.ENSDARP00000108536	332	1014
3570760	7955.ENSDARP00000053541	332	8
3585190	7955.ENSDARP00000112092	329	138
3579276	7955.ENSDARP00000099813	329	138
3588853	7955.ENSDARP00000121459	329	138
3584315	7955.ENSDARP00000110511	329	138
3584846	7955.ENSDARP00000111493	329	138
3580400	7955.ENSDARP00000102775	329	138
3573055	7955.ENSDARP00000067948	329	138
3584751	7955.ENSDARP00000111298	329	138
3578737	7955.ENSDARP00000098432	329	138
3587029	7955.ENSDARP00000116739	329	138
3570302	7955.ENSDARP00000050236	329	138
3571119	7955.ENSDARP00000055912	329	138
3577535	7955.ENSDARP00000093791	329	138
3585117	7955.ENSDARP00000111973	329	138
3585814	7955.ENSDARP00000113541	329	138
3589069	7955.ENSDARP00000122009	329	138
3579924	7955.ENSDARP00000101525	329	138
3582808	7955.ENSDARP00000107702	329	138
3589594	7955.ENSDARP00000123323	329	138
3581760	7955.ENSDARP00000105746	329	138
3588374	7955.ENSDARP00000120205	327	5
3577844	7955.ENSDARP00000095073	327	6
3567512	7955.ENSDARP00000017597	326	13
3567403	7955.ENSDARP00000016602	326	13
3570716	7955.ENSDARP00000053303	325	127
3568037	7955.ENSDARP00000023022	324	29
3570045	7955.ENSDARP00000047158	323	5
3587423	7955.ENSDARP00000117803	322	8
3569411	7955.ENSDARP00000040203	321	103
3585431	7955.ENSDARP00000112527	320	138
3573018	7955.ENSDARP00000067775	320	9
3567684	7955.ENSDARP00000019407	318	11
3574091	7955.ENSDARP00000073460	316	20
3583181	7955.ENSDARP00000108417	314	63
3589719	7955.ENSDARP00000123619	314	63
3578856	7955.ENSDARP00000098726	314	63
3583393	7955.ENSDARP00000108828	314	63
3580387	7955.ENSDARP00000102749	314	63
3576869	7955.ENSDARP00000090794	314	63
3581301	7955.ENSDARP00000104918	314	63
3585311	7955.ENSDARP00000112301	314	63
3580802	7955.ENSDARP00000103819	314	63
3573054	7955.ENSDARP00000067945	314	63
3581033	7955.ENSDARP00000104399	314	63
3586968	7955.ENSDARP00000116574	314	63
3577533	7955.ENSDARP00000093787	314	63
3581495	7955.ENSDARP00000105290	314	63
3577530	7955.ENSDARP00000093780	314	63
3582554	7955.ENSDARP00000107234	314	63
3584507	7955.ENSDARP00000110869	314	63
3576832	7955.ENSDARP00000090632	314	63
3582368	7955.ENSDARP00000106877	314	63
3573041	7955.ENSDARP00000067891	314	63
3580705	7955.ENSDARP00000103576	314	63
3573042	7955.ENSDARP00000067893	314	63
3573043	7955.ENSDARP00000067895	314	63
3580599	7955.ENSDARP00000103318	314	63
3581151	7955.ENSDARP00000104630	314	63
3580367	7955.ENSDARP00000102682	314	63
3569305	7955.ENSDARP00000038835	313	15
3583556	7955.ENSDARP00000109119	313	42
3591553	7955.ENSDARP00000128327	312	10
3568675	7955.ENSDARP00000029933	311	126
3583058	7955.ENSDARP00000108190	311	17
3588164	7955.ENSDARP00000119683	310	2
3578263	7955.ENSDARP00000096898	309	50
3591879	7955.ENSDARP00000129036	308	9
3587723	7955.ENSDARP00000118521	307	6
3588451	7955.ENSDARP00000120407	307	3
3573822	7955.ENSDARP00000072300	306	7
3568614	7955.ENSDARP00000029079	306	7
3568558	7955.ENSDARP00000028137	306	20
3575446	7955.ENSDARP00000081816	306	32
3574001	7955.ENSDARP00000073037	306	14
3567992	7955.ENSDARP00000022595	304	9
3574285	7955.ENSDARP00000074422	304	19
3588648	7955.ENSDARP00000120922	303	14
3583665	7955.ENSDARP00000109315	303	138
3584841	7955.ENSDARP00000111487	303	5
3584817	7955.ENSDARP00000111447	303	138
3582317	7955.ENSDARP00000106781	303	138
3580850	7955.ENSDARP00000103937	303	138
3582552	7955.ENSDARP00000107232	301	63
3570567	7955.ENSDARP00000052382	300	7
3572756	7955.ENSDARP00000066372	300	12
3582859	7955.ENSDARP00000107798	294	111
3568526	7955.ENSDARP00000027770	293	3
3574447	7955.ENSDARP00000075289	292	10
3570049	7955.ENSDARP00000047200	290	139
3582492	7955.ENSDARP00000107122	290	116
3572834	7955.ENSDARP00000066858	290	116
3577521	7955.ENSDARP00000093747	290	63
3580564	7955.ENSDARP00000103208	288	138
3584687	7955.ENSDARP00000111194	288	138
3577465	7955.ENSDARP00000093490	287	115
3567835	7955.ENSDARP00000021016	286	107
3571029	7955.ENSDARP00000055379	285	112
3588231	7955.ENSDARP00000119857	285	17
3565987	7955.ENSDARP00000003030	284	18
3568050	7955.ENSDARP00000023158	284	46
3568942	7955.ENSDARP00000033806	284	13
3571146	7955.ENSDARP00000056088	281	68
3569535	7955.ENSDARP00000041514	280	13
3576178	7955.ENSDARP00000087500	279	6
3577399	7955.ENSDARP00000093236	279	4
3570305	7955.ENSDARP00000050257	279	22
3584444	7955.ENSDARP00000110759	278	63
3566172	7955.ENSDARP00000004700	276	10
3570046	7955.ENSDARP00000047174	275	2
3572732	7955.ENSDARP00000066176	275	98
3565940	7955.ENSDARP00000002544	275	68
3565901	7955.ENSDARP00000002175	274	89
3586868	7955.ENSDARP00000116310	274	7
3583706	7955.ENSDARP00000109385	273	68
3573171	7955.ENSDARP00000068574	273	68
3570023	7955.ENSDARP00000046972	273	17
3572121	7955.ENSDARP00000062382	273	48
3581703	7955.ENSDARP00000105646	270	138
3579173	7955.ENSDARP00000099550	270	138
3587636	7955.ENSDARP00000118276	270	11
3589181	7955.ENSDARP00000122279	268	3
3571579	7955.ENSDARP00000058736	268	5
3566815	7955.ENSDARP00000010921	267	66
3589679	7955.ENSDARP00000123530	267	13
3576720	7955.ENSDARP00000090133	266	68
3585649	7955.ENSDARP00000113118	264	5
3584856	7955.ENSDARP00000111507	263	18
3566655	7955.ENSDARP00000009320	263	113
3577940	7955.ENSDARP00000095458	263	3
3574007	7955.ENSDARP00000073057	262	14
3587360	7955.ENSDARP00000117628	261	12
3570040	7955.ENSDARP00000047100	260	68
3568182	7955.ENSDARP00000024338	257	17
3576657	7955.ENSDARP00000089803	255	4
3581935	7955.ENSDARP00000106067	253	37
3570245	7955.ENSDARP00000049461	253	7
3573436	7955.ENSDARP00000070002	253	16
3566362	7955.ENSDARP00000006445	251	8
3578884	7955.ENSDARP00000098791	250	2
3582206	7955.ENSDARP00000106566	249	5
3571430	7955.ENSDARP00000057866	244	10
3583585	7955.ENSDARP00000109185	244	4
3574186	7955.ENSDARP00000073887	244	6
3570307	7955.ENSDARP00000050295	243	3
3566870	7955.ENSDARP00000011338	243	5
3590849	7955.ENSDARP00000126712	241	161
3583982	7955.ENSDARP00000109890	239	28
3568838	7955.ENSDARP00000032456	239	38
3569494	7955.ENSDARP00000041113	238	5
3588785	7955.ENSDARP00000121314	237	5
3580592	7955.ENSDARP00000103300	237	6
3567920	7955.ENSDARP00000022030	236	6
3584495	7955.ENSDARP00000110851	235	105
3585004	7955.ENSDARP00000111782	235	4
3571418	7955.ENSDARP00000057787	235	138
3566861	7955.ENSDARP00000011271	235	29
3569423	7955.ENSDARP00000040327	234	63
3572618	7955.ENSDARP00000065372	234	4
3585295	7955.ENSDARP00000112265	233	24
3569350	7955.ENSDARP00000039324	228	39
3581515	7955.ENSDARP00000105328	228	4
3577635	7955.ENSDARP00000094172	227	26
3573962	7955.ENSDARP00000072874	227	7
3577519	7955.ENSDARP00000093734	225	138
3566058	7955.ENSDARP00000003519	225	6
3572229	7955.ENSDARP00000062982	224	6
3574622	7955.ENSDARP00000076104	223	11
3578701	7955.ENSDARP00000098342	221	138
3577537	7955.ENSDARP00000093801	221	138
3568043	7955.ENSDARP00000023098	220	15
3570990	7955.ENSDARP00000055160	220	3
3572100	7955.ENSDARP00000062263	218	9
3568597	7955.ENSDARP00000028837	217	8
3570789	7955.ENSDARP00000053774	215	32
3567318	7955.ENSDARP00000015805	215	32
3578029	7955.ENSDARP00000095894	215	13
3568343	7955.ENSDARP00000025885	213	73
3568357	7955.ENSDARP00000026070	212	7
3567496	7955.ENSDARP00000017456	212	18
3582505	7955.ENSDARP00000107144	211	6
3569840	7955.ENSDARP00000044908	210	13
3566123	7955.ENSDARP00000004127	210	31
3566670	7955.ENSDARP00000009474	209	34
3589990	7955.ENSDARP00000124511	208	11
3575407	7955.ENSDARP00000081533	207	76
3574383	7955.ENSDARP00000074935	207	48
3583211	7955.ENSDARP00000108470	206	1
3578191	7955.ENSDARP00000096581	206	42
3573852	7955.ENSDARP00000072408	203	2
3582394	7955.ENSDARP00000106922	201	5
3566063	7955.ENSDARP00000003571	199	9
3577050	7955.ENSDARP00000091666	198	5
3586836	7955.ENSDARP00000116226	197	14
3584959	7955.ENSDARP00000111699	193	20
3568361	7955.ENSDARP00000026092	192	7
3574087	7955.ENSDARP00000073439	192	9
3566648	7955.ENSDARP00000009258	191	15
3567967	7955.ENSDARP00000022440	190	16
3577269	7955.ENSDARP00000092510	186	25
3582929	7955.ENSDARP00000107930	186	25
3583266	7955.ENSDARP00000108560	186	6
3572171	7955.ENSDARP00000062670	182	69
3577626	7955.ENSDARP00000094134	182	5
3570919	7955.ENSDARP00000054663	181	4
3579986	7955.ENSDARP00000101688	180	3
3582652	7955.ENSDARP00000107419	180	14
3567049	7955.ENSDARP00000012950	179	7
3585543	7955.ENSDARP00000112865	179	7
3584218	7955.ENSDARP00000110339	177	16
3576238	7955.ENSDARP00000087869	176	3
3566596	7955.ENSDARP00000008690	175	46
3578676	7955.ENSDARP00000098279	174	12
3588692	7955.ENSDARP00000121065	173	85
3566892	7955.ENSDARP00000011545	172	5
3572434	7955.ENSDARP00000064201	171	23
3588233	7955.ENSDARP00000119861	171	6
3566844	7955.ENSDARP00000011148	170	4
3589932	7955.ENSDARP00000124304	169	1
3567480	7955.ENSDARP00000017326	169	73
3583319	7955.ENSDARP00000108686	165	12
3587043	7955.ENSDARP00000116781	165	12
3570861	7955.ENSDARP00000054229	163	9
3588396	7955.ENSDARP00000120266	163	8
3566589	7955.ENSDARP00000008646	163	30
3584793	7955.ENSDARP00000111399	163	16
3585717	7955.ENSDARP00000113290	162	341
3567804	7955.ENSDARP00000020656	162	5
3568696	7955.ENSDARP00000030294	162	3
3583770	7955.ENSDARP00000109508	162	6
3573608	7955.ENSDARP00000070966	161	9
3567253	7955.ENSDARP00000015132	161	7
3570063	7955.ENSDARP00000047390	161	3
3570216	7955.ENSDARP00000049166	159	5
3588905	7955.ENSDARP00000121591	156	5
3577869	7955.ENSDARP00000095167	156	1
3572428	7955.ENSDARP00000064171	154	14
3567984	7955.ENSDARP00000022550	153	43
3578057	7955.ENSDARP00000096076	153	10
3578430	7955.ENSDARP00000097644	153	4
3589925	7955.ENSDARP00000124278	152	13
3566407	7955.ENSDARP00000006882	152	8
3569584	7955.ENSDARP00000041959	152	44
3578058	7955.ENSDARP00000096079	151	10
3588437	7955.ENSDARP00000120371	150	2
3566802	7955.ENSDARP00000010837	150	2
3577696	7955.ENSDARP00000094413	150	23
3580306	7955.ENSDARP00000102498	150	23
3573987	7955.ENSDARP00000072983	149	9
3581274	7955.ENSDARP00000104873	149	2
3577888	7955.ENSDARP00000095260	148	9
3571262	7955.ENSDARP00000056789	148	1
3576867	7955.ENSDARP00000090766	147	33
3579751	7955.ENSDARP00000101055	146	11
3591526	7955.ENSDARP00000128271	144	2
3579211	7955.ENSDARP00000099639	143	25
3577658	7955.ENSDARP00000094267	143	2
3587025	7955.ENSDARP00000116723	141	5
3586546	7955.ENSDARP00000115483	141	5
3576875	7955.ENSDARP00000090833	139	9
3571428	7955.ENSDARP00000057864	136	2
3568418	7955.ENSDARP00000026717	135	8
3586205	7955.ENSDARP00000114580	134	341
3566777	7955.ENSDARP00000010482	134	4
3567781	7955.ENSDARP00000020399	134	3
3574878	7955.ENSDARP00000077445	131	14
3574402	7955.ENSDARP00000075074	130	3
3576239	7955.ENSDARP00000087870	129	3
3581498	7955.ENSDARP00000105296	129	6
3578567	7955.ENSDARP00000098004	128	46
3579640	7955.ENSDARP00000100787	128	10
3579302	7955.ENSDARP00000099909	128	5
3568512	7955.ENSDARP00000027639	127	7
3578150	7955.ENSDARP00000096443	126	12
3579254	7955.ENSDARP00000099755	126	6
3577651	7955.ENSDARP00000094243	125	22
3572085	7955.ENSDARP00000062142	125	22
3569272	7955.ENSDARP00000038446	125	3
3581983	7955.ENSDARP00000106162	124	9
3569060	7955.ENSDARP00000035541	122	3
3588197	7955.ENSDARP00000119767	122	5
3583235	7955.ENSDARP00000108507	122	5
3587562	7955.ENSDARP00000118091	121	18
3588328	7955.ENSDARP00000120093	120	20
3580832	7955.ENSDARP00000103895	119	5
3571087	7955.ENSDARP00000055709	117	6
3572760	7955.ENSDARP00000066382	117	21
3582906	7955.ENSDARP00000107877	117	8
3566809	7955.ENSDARP00000010878	116	9
3571852	7955.ENSDARP00000060457	116	8
3592027	7955.ENSDARP00000129339	115	2
3567117	7955.ENSDARP00000013624	115	4
3570291	7955.ENSDARP00000050129	113	4
3567271	7955.ENSDARP00000015328	112	4
3587272	7955.ENSDARP00000117390	112	10
3585710	7955.ENSDARP00000113274	112	10
3584033	7955.ENSDARP00000109990	112	3
3576927	7955.ENSDARP00000091056	111	13
3567563	7955.ENSDARP00000018027	111	8
3576715	7955.ENSDARP00000090113	110	11
3570340	7955.ENSDARP00000050670	110	11
3586127	7955.ENSDARP00000114387	110	11
3584159	7955.ENSDARP00000110237	110	10
3580613	7955.ENSDARP00000103347	109	14
3567886	7955.ENSDARP00000021652	108	8
3574150	7955.ENSDARP00000073748	108	2
3589704	7955.ENSDARP00000123568	107	12
3584759	7955.ENSDARP00000111314	107	5
3587263	7955.ENSDARP00000117370	107	9
3570278	7955.ENSDARP00000049927	107	2
3568964	7955.ENSDARP00000034171	106	8
3573352	7955.ENSDARP00000069525	106	34
3584530	7955.ENSDARP00000110906	106	4
3590147	7955.ENSDARP00000125046	106	6
3583191	7955.ENSDARP00000108433	105	7
3587070	7955.ENSDARP00000116858	105	8
3589290	7955.ENSDARP00000122537	104	4
3575870	7955.ENSDARP00000085142	104	2
3588731	7955.ENSDARP00000121163	104	9
3568957	7955.ENSDARP00000034077	104	17
3568728	7955.ENSDARP00000030819	103	36
3579028	7955.ENSDARP00000099156	102	2
3572761	7955.ENSDARP00000066383	102	18
3566631	7955.ENSDARP00000009133	100	3
3568592	7955.ENSDARP00000028718	99.4	1
3588298	7955.ENSDARP00000120032	98.8	7
3572036	7955.ENSDARP00000061743	97.5	10
3581192	7955.ENSDARP00000104702	97.5	11
3570833	7955.ENSDARP00000054055	96.5	2
3580573	7955.ENSDARP00000103251	96.4	11
3586815	7955.ENSDARP00000116170	96.1	9
3572896	7955.ENSDARP00000067116	95.6	4
3570522	7955.ENSDARP00000052096	94.4	2
3568165	7955.ENSDARP00000024204	93.9	1
3568572	7955.ENSDARP00000028465	93.6	3
3582726	7955.ENSDARP00000107557	93.5	2
3577870	7955.ENSDARP00000095170	92.5	2
3589969	7955.ENSDARP00000124424	91.6	6
3580728	7955.ENSDARP00000103621	90.8	5
3592047	7955.ENSDARP00000129394	90.6	5
3567508	7955.ENSDARP00000017569	90.2	6
3586706	7955.ENSDARP00000115888	89.4	6
3588564	7955.ENSDARP00000120702	89.3	10
3582742	7955.ENSDARP00000107578	89.3	10
3584811	7955.ENSDARP00000111434	89.3	10
3585006	7955.ENSDARP00000111784	89.3	10
3583617	7955.ENSDARP00000109226	89.3	10
3566917	7955.ENSDARP00000011778	89.1	4
3585812	7955.ENSDARP00000113539	89.1	4
3589939	7955.ENSDARP00000124325	88.4	4
3576667	7955.ENSDARP00000089879	88.1	36
3589282	7955.ENSDARP00000122505	87.8	2
3573804	7955.ENSDARP00000072235	87.5	5
3590217	7955.ENSDARP00000125193	87.4	10
3590239	7955.ENSDARP00000125238	87.4	10
3590242	7955.ENSDARP00000125244	87.4	10
3590365	7955.ENSDARP00000125496	87.4	10
3576662	7955.ENSDARP00000089834	87.0	5
3569745	7955.ENSDARP00000043742	87.0	22
3574505	7955.ENSDARP00000075601	86.6	2
3573624	7955.ENSDARP00000071046	86.6	15
3572889	7955.ENSDARP00000067092	86.2	1
3566333	7955.ENSDARP00000006201	85.3	8
3583265	7955.ENSDARP00000108556	85.3	8
3566071	7955.ENSDARP00000003646	84.8	4
3583346	7955.ENSDARP00000108727	83.7	41
3567731	7955.ENSDARP00000019915	83.3	11
3589812	7955.ENSDARP00000123920	83.2	6
3580261	7955.ENSDARP00000102385	82.1	25
3565909	7955.ENSDARP00000002234	82.0	4
3576240	7955.ENSDARP00000087871	81.8	1
3571567	7955.ENSDARP00000058694	81.7	1
3570275	7955.ENSDARP00000049899	79.4	2
3566592	7955.ENSDARP00000008663	78.9	5
3583080	7955.ENSDARP00000108226	78.9	14
3578121	7955.ENSDARP00000096352	77.5	42
3572988	7955.ENSDARP00000067603	76.0	16
3582097	7955.ENSDARP00000106359	75.6	4
3587649	7955.ENSDARP00000118326	75.5	42
3588997	7955.ENSDARP00000121828	75.4	4
3573325	7955.ENSDARP00000069325	75.2	2
3588946	7955.ENSDARP00000121692	74.9	9
3584235	7955.ENSDARP00000110363	74.9	9
3574542	7955.ENSDARP00000075780	74.6	4
3566322	7955.ENSDARP00000006085	73.7	4
3576559	7955.ENSDARP00000089338	73.1	13
3588881	7955.ENSDARP00000121524	72.5	5
3572256	7955.ENSDARP00000063092	72.1	4
3590759	7955.ENSDARP00000126495	71.1	4
3584731	7955.ENSDARP00000111268	70.8	1
3577711	7955.ENSDARP00000094479	70.8	4
3584319	7955.ENSDARP00000110519	70.7	9
3589607	7955.ENSDARP00000123357	69.5	1
3580884	7955.ENSDARP00000104033	69.0	32
3574523	7955.ENSDARP00000075668	69.0	2
3573313	7955.ENSDARP00000069273	68.6	2
3568898	7955.ENSDARP00000033328	68.2	8
3582516	7955.ENSDARP00000107168	68.1	1
3568130	7955.ENSDARP00000023871	68.1	1
3571897	7955.ENSDARP00000060765	66.9	10
3566181	7955.ENSDARP00000004795	66.7	3
3570107	7955.ENSDARP00000047864	65.8	30
3568123	7955.ENSDARP00000023819	64.9	4
3577301	7955.ENSDARP00000092677	64.5	8
3589541	7955.ENSDARP00000123183	63.6	3
3576482	7955.ENSDARP00000089001	62.6	2
3577478	7955.ENSDARP00000093555	62.3	13
3577598	7955.ENSDARP00000094034	62.2	4
3579716	7955.ENSDARP00000100984	62.0	12
3579073	7955.ENSDARP00000099283	62.0	12
3566099	7955.ENSDARP00000003850	61.8	2
3580416	7955.ENSDARP00000102837	61.3	13
3566233	7955.ENSDARP00000005260	60.8	5
3581507	7955.ENSDARP00000105313	60.5	9
3571371	7955.ENSDARP00000057506	60.5	1
3577845	7955.ENSDARP00000095074	60.4	7
3566093	7955.ENSDARP00000003814	60.4	3
3569379	7955.ENSDARP00000039864	60.1	1
3583735	7955.ENSDARP00000109442	59.7	8
3582495	7955.ENSDARP00000107127	59.6	6
3584978	7955.ENSDARP00000111738	59.5	3
3586098	7955.ENSDARP00000114317	59.4	5
3584921	7955.ENSDARP00000111631	58.6	10
3571981	7955.ENSDARP00000061365	58.6	10
3569054	7955.ENSDARP00000035453	58.6	10
3569437	7955.ENSDARP00000040421	58.5	3
3570146	7955.ENSDARP00000048394	58.3	11
3577851	7955.ENSDARP00000095097	58.3	3
3572310	7955.ENSDARP00000063483	58.1	19
3576975	7955.ENSDARP00000091317	57.4	1
3575110	7955.ENSDARP00000079227	57.0	2
3567399	7955.ENSDARP00000016540	56.7	9
3569879	7955.ENSDARP00000045298	56.3	2
3566968	7955.ENSDARP00000012238	56.1	6
3572955	7955.ENSDARP00000067447	56.0	2
3569692	7955.ENSDARP00000043192	55.8	1
3577492	7955.ENSDARP00000093629	55.7	5
3573791	7955.ENSDARP00000072127	55.6	1
3570912	7955.ENSDARP00000054618	55.3	4
3587881	7955.ENSDARP00000118904	55.2	4
3575875	7955.ENSDARP00000085166	55.1	5
3577305	7955.ENSDARP00000092698	55.1	15
3576526	7955.ENSDARP00000089179	55.1	3
3579395	7955.ENSDARP00000100142	54.9	1
3579138	7955.ENSDARP00000099464	54.6	1
3567979	7955.ENSDARP00000022528	53.7	1
3580160	7955.ENSDARP00000102154	53.5	12
3585869	7955.ENSDARP00000113693	53.4	6
3579879	7955.ENSDARP00000101406	53.3	1
3567436	7955.ENSDARP00000016879	53.0	4
3581374	7955.ENSDARP00000105057	53.0	6
3576175	7955.ENSDARP00000087463	52.6	2
3588559	7955.ENSDARP00000120686	52.6	1
3573680	7955.ENSDARP00000071521	52.4	2
3567949	7955.ENSDARP00000022302	52.4	8
3574760	7955.ENSDARP00000076697	52.2	3
3569976	7955.ENSDARP00000046453	52.1	28
3569453	7955.ENSDARP00000040644	51.8	5
3584819	7955.ENSDARP00000111451	51.6	6
3577796	7955.ENSDARP00000094849	51.6	26
3578516	7955.ENSDARP00000097880	51.5	18
3585604	7955.ENSDARP00000112997	51.5	18
3580051	7955.ENSDARP00000101855	51.5	18
3583363	7955.ENSDARP00000108764	51.5	18
3586374	7955.ENSDARP00000115047	51.5	18
3589683	7955.ENSDARP00000123536	51.5	18
3574640	7955.ENSDARP00000076200	51.4	4
3570061	7955.ENSDARP00000047376	51.1	11
3568557	7955.ENSDARP00000028134	50.9	5
3566345	7955.ENSDARP00000006320	50.9	5
3572614	7955.ENSDARP00000065355	50.5	9
3585377	7955.ENSDARP00000112426	50.4	2
3583469	7955.ENSDARP00000108963	50.3	4
3577425	7955.ENSDARP00000093318	50.2	5
3589907	7955.ENSDARP00000124217	49.5	3
3580216	7955.ENSDARP00000102286	49.5	12
3584889	7955.ENSDARP00000111579	49.5	12
3574831	7955.ENSDARP00000077021	49.2	6
3582233	7955.ENSDARP00000106613	48.8	5
3573969	7955.ENSDARP00000072903	48.6	5
3584905	7955.ENSDARP00000111602	48.4	3
3576926	7955.ENSDARP00000091054	48.3	7
3573890	7955.ENSDARP00000072581	48.2	10
3568646	7955.ENSDARP00000029607	48.1	19
3568850	7955.ENSDARP00000032643	47.8	1
3583029	7955.ENSDARP00000108143	47.6	17
3587135	7955.ENSDARP00000117024	47.6	3
3577285	7955.ENSDARP00000092585	47.3	16
3585718	7955.ENSDARP00000113292	47.3	16
3570613	7955.ENSDARP00000052638	47.3	5
3588457	7955.ENSDARP00000120430	47.0	2
3583645	7955.ENSDARP00000109278	47.0	6
3568637	7955.ENSDARP00000029462	47.0	1
3586230	7955.ENSDARP00000114649	46.8	10
3586312	7955.ENSDARP00000114871	46.8	10
3580143	7955.ENSDARP00000102098	46.7	17
3577291	7955.ENSDARP00000092621	46.7	17
3576250	7955.ENSDARP00000087881	45.7	1
3569743	7955.ENSDARP00000043714	45.5	6
3566529	7955.ENSDARP00000008048	45.2	6
3589164	7955.ENSDARP00000122226	45.1	4
3579518	7955.ENSDARP00000100443	45.0	2
3569672	7955.ENSDARP00000043001	44.5	3
3577011	7955.ENSDARP00000091498	44.5	2
3588915	7955.ENSDARP00000121623	44.4	2
3585886	7955.ENSDARP00000113739	44.3	7
3574726	7955.ENSDARP00000076508	44.1	1
3577861	7955.ENSDARP00000095135	44.0	1
3576909	7955.ENSDARP00000090963	43.9	6
3570327	7955.ENSDARP00000050541	43.8	2
3573382	7955.ENSDARP00000069676	43.8	4
3572038	7955.ENSDARP00000061750	43.5	7
3580527	7955.ENSDARP00000103118	42.9	5
3587693	7955.ENSDARP00000118435	42.6	2
3571147	7955.ENSDARP00000056094	42.5	1
3586665	7955.ENSDARP00000115785	42.1	15
3567932	7955.ENSDARP00000022120	42.0	5
3574086	7955.ENSDARP00000073437	41.7	3
3572964	7955.ENSDARP00000067511	41.5	2
3569822	7955.ENSDARP00000044625	41.5	1
3568640	7955.ENSDARP00000029491	41.0	16
3586195	7955.ENSDARP00000114555	41.0	2
3576988	7955.ENSDARP00000091393	40.9	7
3592036	7955.ENSDARP00000129362	40.9	1
3568466	7955.ENSDARP00000027115	40.9	2
3567082	7955.ENSDARP00000013286	40.8	28
3573694	7955.ENSDARP00000071587	40.7	2
3567671	7955.ENSDARP00000019234	40.5	2
3577594	7955.ENSDARP00000094020	40.4	3
3575199	7955.ENSDARP00000079877	40.0	4
3576473	7955.ENSDARP00000088945	40.0	1
3576094	7955.ENSDARP00000086843	39.9	1
3578141	7955.ENSDARP00000096413	39.8	1
3577915	7955.ENSDARP00000095348	39.8	2
3570668	7955.ENSDARP00000052988	39.7	2
3585438	7955.ENSDARP00000112549	39.7	1
3588773	7955.ENSDARP00000121284	39.5	3
3572521	7955.ENSDARP00000064746	39.5	1
3586845	7955.ENSDARP00000116241	39.3	4
3577293	7955.ENSDARP00000092644	39.2	5
3574316	7955.ENSDARP00000074570	39.0	3
3568463	7955.ENSDARP00000027102	38.8	2
3568559	7955.ENSDARP00000028148	38.4	19
3567203	7955.ENSDARP00000014732	38.0	1
3571247	7955.ENSDARP00000056711	37.9	3
3569482	7955.ENSDARP00000040997	37.4	1
3582757	7955.ENSDARP00000107611	37.2	6
3569521	7955.ENSDARP00000041384	36.9	1
3578405	7955.ENSDARP00000097572	36.9	1
3567370	7955.ENSDARP00000016228	36.9	3
3583868	7955.ENSDARP00000109682	36.5	3
3567418	7955.ENSDARP00000016749	36.5	3
3585403	7955.ENSDARP00000112476	36.3	6
3570495	7955.ENSDARP00000051889	36.2	4
3575839	7955.ENSDARP00000084847	36.1	1
3566715	7955.ENSDARP00000009909	36.0	6
3579298	7955.ENSDARP00000099884	35.9	4
3571467	7955.ENSDARP00000058094	35.6	3
3577283	7955.ENSDARP00000092578	35.2	3
3588911	7955.ENSDARP00000121609	34.2	3
3572163	7955.ENSDARP00000062617	34.0	2
3590699	7955.ENSDARP00000126355	33.8	3
3576276	7955.ENSDARP00000088020	33.6	6
3568331	7955.ENSDARP00000025779	33.4	3
3576026	7955.ENSDARP00000086433	32.7	2
3574551	7955.ENSDARP00000075802	32.7	3
3577833	7955.ENSDARP00000095029	32.7	4
3580972	7955.ENSDARP00000104241	32.3	1
3586595	7955.ENSDARP00000115589	32.3	1
3567595	7955.ENSDARP00000018458	32.2	4
3569180	7955.ENSDARP00000037227	32.2	1
3568348	7955.ENSDARP00000025996	32.2	1
3567099	7955.ENSDARP00000013441	32.0	4
3567093	7955.ENSDARP00000013402	31.6	3
3574481	7955.ENSDARP00000075482	31.1	2
3574103	7955.ENSDARP00000073506	31.1	1
3574057	7955.ENSDARP00000073325	31.1	1
3579331	7955.ENSDARP00000099983	31.0	1
3583702	7955.ENSDARP00000109376	31.0	4
3570310	7955.ENSDARP00000050331	30.9	3
3588168	7955.ENSDARP00000119693	30.6	1
3588422	7955.ENSDARP00000120334	30.2	3
3581933	7955.ENSDARP00000106065	30.2	1
3578015	7955.ENSDARP00000095806	30.1	17
3574012	7955.ENSDARP00000073086	30.1	1
3584427	7955.ENSDARP00000110728	30.0	5
3578273	7955.ENSDARP00000096950	30.0	5
3584971	7955.ENSDARP00000111723	30.0	5
3568211	7955.ENSDARP00000024635	29.8	3
3570394	7955.ENSDARP00000051185	29.8	1
3583171	7955.ENSDARP00000108397	29.8	1
3567902	7955.ENSDARP00000021850	29.7	1
3588296	7955.ENSDARP00000120028	29.6	2
3583891	7955.ENSDARP00000109720	29.4	4
3566738	7955.ENSDARP00000010116	29.2	1
3575851	7955.ENSDARP00000084961	28.9	4
3565955	7955.ENSDARP00000002761	28.9	4
3566475	7955.ENSDARP00000007590	28.9	1
3577303	7955.ENSDARP00000092691	28.8	6
3570355	7955.ENSDARP00000050864	28.8	1
3587223	7955.ENSDARP00000117259	28.8	3
3576153	7955.ENSDARP00000087338	28.4	6
3567474	7955.ENSDARP00000017246	28.4	6
3568243	7955.ENSDARP00000024981	28.3	4
3574289	7955.ENSDARP00000074464	28.3	2
3571564	7955.ENSDARP00000058679	28.2	2
3591254	7955.ENSDARP00000127697	28.2	2
3574792	7955.ENSDARP00000076844	28.1	2
3577120	7955.ENSDARP00000091921	27.9	12
3577056	7955.ENSDARP00000091697	27.3	1
3569354	7955.ENSDARP00000039450	27.3	2
3569087	7955.ENSDARP00000036006	27.3	3
3571775	7955.ENSDARP00000060050	27.2	1
3587052	7955.ENSDARP00000116817	27.2	1
3583210	7955.ENSDARP00000108469	27.2	5
3570382	7955.ENSDARP00000051080	26.8	5
3572213	7955.ENSDARP00000062873	26.8	1
3591381	7955.ENSDARP00000127980	26.8	1
3571298	7955.ENSDARP00000057020	26.7	2
3576749	7955.ENSDARP00000090257	26.6	1
3583746	7955.ENSDARP00000109464	26.5	6
3570550	7955.ENSDARP00000052324	26.2	2
3572370	7955.ENSDARP00000063836	26.1	1
3568682	7955.ENSDARP00000030050	26.1	15
3566765	7955.ENSDARP00000010413	26.1	15
3583597	7955.ENSDARP00000109199	26.1	15
3568724	7955.ENSDARP00000030813	26.1	1
3580813	7955.ENSDARP00000103854	25.9	15
3570226	7955.ENSDARP00000049284	25.5	1
3577383	7955.ENSDARP00000093157	25.5	1
3589894	7955.ENSDARP00000124165	25.4	1
3569212	7955.ENSDARP00000037635	25.1	1
3586382	7955.ENSDARP00000115067	25.1	1
3571614	7955.ENSDARP00000058958	24.9	3
3576432	7955.ENSDARP00000088722	24.7	1
3568356	7955.ENSDARP00000026065	24.6	6
3587522	7955.ENSDARP00000118006	24.6	1
3569913	7955.ENSDARP00000045668	24.5	12
3572982	7955.ENSDARP00000067585	24.4	1
3568264	7955.ENSDARP00000025160	24.4	1
3592038	7955.ENSDARP00000129366	24.3	3
3570213	7955.ENSDARP00000049134	24.3	3
3573053	7955.ENSDARP00000067943	24.3	3
3591006	7955.ENSDARP00000127047	24.3	3
3572465	7955.ENSDARP00000064399	24.3	3
3591987	7955.ENSDARP00000129267	24.2	2
3567916	7955.ENSDARP00000021993	23.9	1
3587838	7955.ENSDARP00000118803	23.7	4
3589389	7955.ENSDARP00000122796	23.5	3
3584339	7955.ENSDARP00000110558	23.5	3
3579798	7955.ENSDARP00000101178	23.5	3
3578016	7955.ENSDARP00000095811	23.2	15
3566343	7955.ENSDARP00000006315	23.2	2
3587982	7955.ENSDARP00000119179	22.6	8
3586846	7955.ENSDARP00000116242	22.6	5
3568296	7955.ENSDARP00000025501	22.5	3
3567233	7955.ENSDARP00000014978	22.4	5
3583151	7955.ENSDARP00000108361	22.4	1
3585932	7955.ENSDARP00000113885	22.3	2
3578010	7955.ENSDARP00000095774	22.0	8
3581269	7955.ENSDARP00000104864	22.0	2
3571809	7955.ENSDARP00000060202	21.4	6
3569134	7955.ENSDARP00000036656	21.4	2
3568447	7955.ENSDARP00000026978	21.4	7
3577298	7955.ENSDARP00000092672	21.4	7
3567455	7955.ENSDARP00000017029	21.4	3
3584450	7955.ENSDARP00000110768	21.3	10
3579546	7955.ENSDARP00000100517	21.1	1
3567998	7955.ENSDARP00000022641	20.9	1
3589375	7955.ENSDARP00000122750	20.7	1
3571559	7955.ENSDARP00000058661	20.6	2
3577313	7955.ENSDARP00000092727	20.5	7
3577308	7955.ENSDARP00000092713	20.5	7
3576817	7955.ENSDARP00000090560	20.4	3
3585539	7955.ENSDARP00000112851	20.3	3
3585110	7955.ENSDARP00000111963	20.3	3
3575133	7955.ENSDARP00000079424	20.3	3
3584282	7955.ENSDARP00000110449	20.1	1
3578639	7955.ENSDARP00000098182	20.0	3
3568172	7955.ENSDARP00000024272	20.0	3
3577740	7955.ENSDARP00000094622	19.9	1
3566876	7955.ENSDARP00000011398	19.7	1
3568857	7955.ENSDARP00000032730	19.7	5
3566770	7955.ENSDARP00000010427	19.7	2
3568841	7955.ENSDARP00000032505	19.7	2
3580361	7955.ENSDARP00000102672	19.5	3
3587780	7955.ENSDARP00000118646	19.4	1
3578829	7955.ENSDARP00000098664	19.1	1
3586100	7955.ENSDARP00000114320	19.1	4
3570147	7955.ENSDARP00000048398	18.5	1
3566409	7955.ENSDARP00000006888	18.5	9
3591724	7955.ENSDARP00000128695	18.3	3
3568076	7955.ENSDARP00000023429	18.2	4
3572187	7955.ENSDARP00000062723	17.9	1
3566999	7955.ENSDARP00000012500	17.8	2
3567030	7955.ENSDARP00000012767	17.8	4
3571670	7955.ENSDARP00000059311	17.8	2
3591336	7955.ENSDARP00000127877	17.8	3
3579542	7955.ENSDARP00000100503	17.7	1
3569389	7955.ENSDARP00000039916	17.6	5
3568439	7955.ENSDARP00000026895	17.6	1
3573302	7955.ENSDARP00000069226	17.6	1
3568943	7955.ENSDARP00000033828	17.6	2
3575494	7955.ENSDARP00000082159	17.4	2
3588723	7955.ENSDARP00000121147	17.3	3
3582010	7955.ENSDARP00000106208	17.0	4
3570050	7955.ENSDARP00000047205	17.0	4
3575437	7955.ENSDARP00000081732	17.0	1
3580952	7955.ENSDARP00000104196	16.8	2
3579692	7955.ENSDARP00000100931	16.3	1
3575404	7955.ENSDARP00000081505	15.9	1
3580587	7955.ENSDARP00000103287	15.9	2
3579524	7955.ENSDARP00000100463	15.9	8
3570595	7955.ENSDARP00000052510	15.8	2
3566151	7955.ENSDARP00000004394	15.2	9
3565920	7955.ENSDARP00000002360	15.1	3
3590229	7955.ENSDARP00000125214	15.0	1
3581924	7955.ENSDARP00000106047	14.9	1
3566753	7955.ENSDARP00000010292	14.9	1
3580266	7955.ENSDARP00000102398	14.6	1
3575648	7955.ENSDARP00000083458	14.4	1
3580325	7955.ENSDARP00000102559	14.4	1
3590522	7955.ENSDARP00000125872	14.2	6
3568197	7955.ENSDARP00000024492	14.2	1
3578103	7955.ENSDARP00000096295	14.1	1
3570175	7955.ENSDARP00000048721	14.0	7
3571633	7955.ENSDARP00000059062	13.9	1
3588376	7955.ENSDARP00000120213	13.8	4
3568099	7955.ENSDARP00000023671	13.8	1
3571810	7955.ENSDARP00000060204	13.8	1
3567997	7955.ENSDARP00000022638	13.7	3
3587204	7955.ENSDARP00000117212	13.6	2
3577274	7955.ENSDARP00000092551	13.4	2
3584066	7955.ENSDARP00000110047	13.3	1
3571021	7955.ENSDARP00000055324	13.2	1
3580791	7955.ENSDARP00000103794	13.2	2
3587848	7955.ENSDARP00000118825	13.2	1
3581205	7955.ENSDARP00000104727	13.2	1
3566280	7955.ENSDARP00000005680	13.2	3
3578475	7955.ENSDARP00000097770	13.2	3
3566703	7955.ENSDARP00000009817	13.1	1
3587594	7955.ENSDARP00000118166	13.0	3
3588494	7955.ENSDARP00000120506	13.0	1
3566085	7955.ENSDARP00000003744	12.9	1
3589919	7955.ENSDARP00000124263	12.9	7
3570399	7955.ENSDARP00000051230	12.8	2
3574644	7955.ENSDARP00000076212	12.8	2
3588473	7955.ENSDARP00000120463	12.7	1
3569788	7955.ENSDARP00000044202	12.7	2
3567591	7955.ENSDARP00000018404	12.6	2
3573568	7955.ENSDARP00000070667	12.5	3
3567845	7955.ENSDARP00000021124	12.5	3
3569802	7955.ENSDARP00000044377	12.4	1
3571092	7955.ENSDARP00000055741	12.4	3
3568654	7955.ENSDARP00000029675	12.3	1
3573479	7955.ENSDARP00000070225	12.2	4
3576460	7955.ENSDARP00000088880	12.1	5
3569796	7955.ENSDARP00000044313	12.0	2
3587851	7955.ENSDARP00000118830	12.0	3
3575796	7955.ENSDARP00000084514	11.9	1
3578101	7955.ENSDARP00000096291	11.7	2
3567533	7955.ENSDARP00000017776	11.6	13
3583431	7955.ENSDARP00000108896	11.6	5
3586992	7955.ENSDARP00000116646	11.5	4
3566945	7955.ENSDARP00000012048	11.5	2
3569848	7955.ENSDARP00000045014	11.5	1
3574984	7955.ENSDARP00000078154	11.5	1
3574405	7955.ENSDARP00000075079	11.5	5
3590501	7955.ENSDARP00000125818	11.5	2
3569626	7955.ENSDARP00000042420	11.5	2
3572086	7955.ENSDARP00000062145	11.5	2
3570690	7955.ENSDARP00000053151	11.3	1
3571253	7955.ENSDARP00000056744	11.3	1
3568154	7955.ENSDARP00000024104	11.2	1
3567404	7955.ENSDARP00000016622	11.2	3
3590352	7955.ENSDARP00000125469	11.2	3
3573566	7955.ENSDARP00000070658	11.1	1
3582428	7955.ENSDARP00000106981	11.0	5
3574059	7955.ENSDARP00000073345	10.9	7
3574023	7955.ENSDARP00000073113	10.8	2
3570806	7955.ENSDARP00000053867	10.8	2
3582446	7955.ENSDARP00000107021	10.8	2
3568449	7955.ENSDARP00000026992	10.7	2
3585356	7955.ENSDARP00000112390	10.7	1
3583321	7955.ENSDARP00000108688	10.6	1
3576976	7955.ENSDARP00000091324	10.4	2
3573397	7955.ENSDARP00000069759	10.2	3
3581552	7955.ENSDARP00000105382	10.2	3
3587007	7955.ENSDARP00000116678	10.2	7
3582407	7955.ENSDARP00000106947	10.1	3
3580936	7955.ENSDARP00000104161	10.1	1
3570624	7955.ENSDARP00000052687	10.1	3
3590962	7955.ENSDARP00000126951	10.1	1
3565871	7955.ENSDARP00000001256	10.0	1
3574783	7955.ENSDARP00000076810	9.92	1
3571396	7955.ENSDARP00000057637	9.89	1
3574354	7955.ENSDARP00000074827	9.7	4
3578905	7955.ENSDARP00000098846	9.37	1
3582573	7955.ENSDARP00000107263	9.27	1
3575319	7955.ENSDARP00000080761	9.12	1
3569435	7955.ENSDARP00000040408	8.75	1
3579087	7955.ENSDARP00000099330	8.6	1
3566634	7955.ENSDARP00000009148	8.6	10
3574063	7955.ENSDARP00000073352	8.59	3
3578937	7955.ENSDARP00000098923	8.53	1
3580937	7955.ENSDARP00000104163	8.39	1
3576075	7955.ENSDARP00000086717	8.37	1
3572605	7955.ENSDARP00000065295	8.34	3
3588587	7955.ENSDARP00000120763	8.31	2
3581173	7955.ENSDARP00000104674	8.22	13
3583214	7955.ENSDARP00000108473	8.21	1
3567266	7955.ENSDARP00000015293	8.11	1
3576489	7955.ENSDARP00000089039	8.03	1
3587811	7955.ENSDARP00000118732	7.78	2
3583874	7955.ENSDARP00000109695	7.76	2
3588598	7955.ENSDARP00000120798	7.62	10
3568227	7955.ENSDARP00000024752	7.53	3
3589836	7955.ENSDARP00000123999	7.5	2
3582077	7955.ENSDARP00000106325	7.49	1
3572783	7955.ENSDARP00000066500	7.2	2
3573809	7955.ENSDARP00000072253	7.13	1
3572868	7955.ENSDARP00000067004	7.12	1
3566469	7955.ENSDARP00000007548	7.08	1
3573355	7955.ENSDARP00000069541	6.85	1
3588919	7955.ENSDARP00000121632	6.71	1
3569611	7955.ENSDARP00000042254	6.69	1
3570218	7955.ENSDARP00000049176	6.69	1
3582040	7955.ENSDARP00000106260	6.61	1
3572796	7955.ENSDARP00000066619	6.35	8
3568648	7955.ENSDARP00000029635	6.31	1
3579045	7955.ENSDARP00000099212	6.29	4
3568744	7955.ENSDARP00000031042	6.11	7
3585762	7955.ENSDARP00000113408	5.87	1
3584788	7955.ENSDARP00000111380	5.84	1
3570555	7955.ENSDARP00000052345	5.84	1
3585789	7955.ENSDARP00000113472	5.8	1
3570255	7955.ENSDARP00000049616	5.76	1
3586274	7955.ENSDARP00000114785	5.68	2
3583113	7955.ENSDARP00000108289	5.65	2
3572471	7955.ENSDARP00000064461	5.56	1
3574707	7955.ENSDARP00000076437	5.45	1
3583932	7955.ENSDARP00000109800	5.38	4
3583311	7955.ENSDARP00000108671	5.29	1
3578000	7955.ENSDARP00000095720	5.29	2
3565990	7955.ENSDARP00000003038	5.27	1
3568877	7955.ENSDARP00000033056	5.08	1
3569538	7955.ENSDARP00000041532	5.06	7
3582608	7955.ENSDARP00000107323	5.04	1
3582395	7955.ENSDARP00000106923	5.01	1
3580769	7955.ENSDARP00000103731	4.99	1
3573482	7955.ENSDARP00000070231	4.97	1
3579235	7955.ENSDARP00000099712	4.95	1
3569978	7955.ENSDARP00000046497	4.88	5
3577542	7955.ENSDARP00000093817	4.76	1
3590443	7955.ENSDARP00000125663	4.72	1
3578549	7955.ENSDARP00000097975	4.67	1
3580829	7955.ENSDARP00000103889	4.63	1
3577990	7955.ENSDARP00000095645	4.62	1
3568639	7955.ENSDARP00000029477	4.61	2
3568300	7955.ENSDARP00000025522	4.5	1
3582415	7955.ENSDARP00000106960	4.4	1
3576956	7955.ENSDARP00000091193	4.37	3
3591129	7955.ENSDARP00000127392	4.35	1
3567351	7955.ENSDARP00000016098	4.29	1
3586301	7955.ENSDARP00000114839	4.19	1
3571104	7955.ENSDARP00000055809	4.07	1
3573170	7955.ENSDARP00000068572	4.07	1
3566267	7955.ENSDARP00000005519	4.0	1
3586572	7955.ENSDARP00000115544	3.99	3
3583288	7955.ENSDARP00000108614	3.88	8
3574537	7955.ENSDARP00000075760	3.81	1
3589113	7955.ENSDARP00000122110	3.79	1
3590791	7955.ENSDARP00000126589	3.77	1
3572357	7955.ENSDARP00000063773	3.73	1
3570623	7955.ENSDARP00000052682	3.66	2
3587201	7955.ENSDARP00000117207	3.6	1
3585244	7955.ENSDARP00000112172	3.53	2
3571352	7955.ENSDARP00000057420	3.5	3
3589712	7955.ENSDARP00000123601	3.47	2
3580125	7955.ENSDARP00000102054	3.45	1
3583345	7955.ENSDARP00000108724	3.41	2
3583875	7955.ENSDARP00000109696	3.41	3
3568402	7955.ENSDARP00000026525	3.37	2
3588553	7955.ENSDARP00000120670	3.35	2
3569304	7955.ENSDARP00000038816	3.33	1
3585903	7955.ENSDARP00000113805	3.29	1
3577790	7955.ENSDARP00000094833	3.24	1
3568940	7955.ENSDARP00000033785	3.19	1
3589622	7955.ENSDARP00000123393	3.14	4
3574689	7955.ENSDARP00000076384	3.11	3
3567008	7955.ENSDARP00000012565	3.1	1
3572916	7955.ENSDARP00000067187	3.09	4
3567108	7955.ENSDARP00000013512	3.07	1
3574634	7955.ENSDARP00000076180	3.06	1
3566992	7955.ENSDARP00000012436	2.83	3
3571210	7955.ENSDARP00000056465	2.82	1
3574919	7955.ENSDARP00000077752	2.8	1
3567183	7955.ENSDARP00000014422	2.76	3
3580893	7955.ENSDARP00000104054	2.68	1
3590774	7955.ENSDARP00000126534	2.67	1
3589934	7955.ENSDARP00000124307	2.64	3
3567428	7955.ENSDARP00000016818	2.6	3
3589286	7955.ENSDARP00000122524	2.59	1
3587875	7955.ENSDARP00000118893	2.49	1
3586741	7955.ENSDARP00000115968	2.49	1
3583910	7955.ENSDARP00000109758	2.49	1
3573678	7955.ENSDARP00000071510	2.47	1
3569360	7955.ENSDARP00000039570	2.42	1
3577846	7955.ENSDARP00000095078	2.4	3
3569834	7955.ENSDARP00000044836	2.39	1
3591513	7955.ENSDARP00000128241	2.39	5
3586147	7955.ENSDARP00000114437	2.39	25
3570066	7955.ENSDARP00000047408	2.37	25
3585751	7955.ENSDARP00000113373	2.31	2
3590315	7955.ENSDARP00000125399	2.3	1
3571097	7955.ENSDARP00000055756	2.29	1
3567150	7955.ENSDARP00000014029	2.28	2
3571427	7955.ENSDARP00000057862	2.26	1
3587552	7955.ENSDARP00000118068	2.24	2
3569839	7955.ENSDARP00000044895	2.2	1
3590143	7955.ENSDARP00000125036	2.2	25
3583820	7955.ENSDARP00000109591	2.19	1
3575036	7955.ENSDARP00000078549	2.18	1
3569495	7955.ENSDARP00000041141	2.18	25
3573625	7955.ENSDARP00000071047	2.11	1
3590544	7955.ENSDARP00000125918	2.11	25
3572546	7955.ENSDARP00000064950	2.09	1
3589948	7955.ENSDARP00000124366	2.08	25
3575435	7955.ENSDARP00000081714	2.06	1
3592054	7955.ENSDARP00000129409	1.92	1
3566601	7955.ENSDARP00000008736	1.88	4
3581291	7955.ENSDARP00000104899	1.87	4
3567881	7955.ENSDARP00000021569	1.86	1
3572619	7955.ENSDARP00000065374	1.77	1
3590830	7955.ENSDARP00000126672	1.73	1
3576947	7955.ENSDARP00000091115	1.65	1
3580957	7955.ENSDARP00000104209	1.65	1
3590871	7955.ENSDARP00000126765	1.46	1
3585756	7955.ENSDARP00000113382	1.41	1
3571178	7955.ENSDARP00000056279	1.37	1
3580087	7955.ENSDARP00000101964	1.36	1
3578211	7955.ENSDARP00000096673	1.36	1
3579451	7955.ENSDARP00000100290	1.34	1
3583409	7955.ENSDARP00000108859	1.34	1
3572126	7955.ENSDARP00000062405	1.29	1
3569903	7955.ENSDARP00000045587	1.28	1
3569618	7955.ENSDARP00000042310	1.28	1
3568818	7955.ENSDARP00000032193	1.26	3
3567957	7955.ENSDARP00000022331	1.23	1
3575726	7955.ENSDARP00000083997	1.23	1
3580761	7955.ENSDARP00000103712	1.22	4
3579854	7955.ENSDARP00000101333	1.19	1
3573761	7955.ENSDARP00000071946	1.18	1
3590881	7955.ENSDARP00000126790	1.17	1
3589465	7955.ENSDARP00000122994	1.16	1
3587683	7955.ENSDARP00000118414	1.15	1
3592002	7955.ENSDARP00000129291	1.12	3
3587139	7955.ENSDARP00000117036	1.1	1
3582724	7955.ENSDARP00000107555	1.1	1
3591779	7955.ENSDARP00000128806	1.07	1
3575779	7955.ENSDARP00000084389	1.05	1
3573872	7955.ENSDARP00000072498	1.05	4
3566993	7955.ENSDARP00000012437	1.03	1
3586916	7955.ENSDARP00000116425	1.02	1
3570636	7955.ENSDARP00000052786	1.0	1
3569540	7955.ENSDARP00000041563	0.931	1
3591900	7955.ENSDARP00000129087	0.925	1
3573393	7955.ENSDARP00000069744	0.869	1
3580967	7955.ENSDARP00000104230	0.866	1
3571941	7955.ENSDARP00000061057	0.818	2
3568778	7955.ENSDARP00000031658	0.816	1
3570039	7955.ENSDARP00000047093	0.812	1
3569975	7955.ENSDARP00000046442	0.782	2
3567372	7955.ENSDARP00000016261	0.777	1
3574182	7955.ENSDARP00000073858	0.739	1
3574035	7955.ENSDARP00000073195	0.734	2
3571945	7955.ENSDARP00000061097	0.698	2
3587647	7955.ENSDARP00000118321	0.685	4
3577189	7955.ENSDARP00000092224	0.662	1
3590162	7955.ENSDARP00000125088	0.642	1
3567366	7955.ENSDARP00000016201	0.549	1
3569371	7955.ENSDARP00000039779	0.546	1
3590950	7955.ENSDARP00000126924	0.546	4
3585765	7955.ENSDARP00000113415	0.544	1
3571439	7955.ENSDARP00000057912	0.535	1
3567966	7955.ENSDARP00000022438	0.487	1
3586155	7955.ENSDARP00000114456	0.482	1
3591596	7955.ENSDARP00000128420	0.466	1
3582172	7955.ENSDARP00000106506	0.465	1
3580408	7955.ENSDARP00000102802	0.446	1
3574331	7955.ENSDARP00000074706	0.414	1
3575203	7955.ENSDARP00000079907	0.387	1
3579175	7955.ENSDARP00000099552	0.375	3
3571319	7955.ENSDARP00000057215	0.335	1
3579613	7955.ENSDARP00000100728	0.201	1
3569983	7955.ENSDARP00000046545	0.191	1
3590854	7955.ENSDARP00000126725	0.158	4
3588758	7955.ENSDARP00000121235	0.146	1
3585329	7955.ENSDARP00000112333	0.144	1
3590853	7955.ENSDARP00000126723	0.113	1
