#id: 1015575763
#name: D.rerio - Pancreas, SC (Kelkar,mcp,2014)
#score: 8.5
#weight: 100%
#description: abundance based on Spectral counting, Interaction consistency score: 8.5, Coverage: 8
#organ: PANCREAS
#integrated: false
#coverage: 8
#link: http://www.ncbi.nlm.nih.gov/pubmed/25060758
#publication_year: 2014
#filename: 7955-ZF_IntPanc_Kelkar_2014_SEQUEST.txt
#
#internal_id	string_external_id	abundance	raw_spectral_count
3572361	7955.ENSDARP00000063799	28069	1344
3573442	7955.ENSDARP00000070021	19032	272
3586273	7955.ENSDARP00000114781	18807	475
3571860	7955.ENSDARP00000060534	18607	943
3573444	7955.ENSDARP00000070035	16800	747
3585260	7955.ENSDARP00000112199	14064	387
3573843	7955.ENSDARP00000072376	13913	388
3588816	7955.ENSDARP00000121373	12813	393
3572146	7955.ENSDARP00000062522	12229	251
3583702	7955.ENSDARP00000109376	11922	526
3589375	7955.ENSDARP00000122750	11636	612
3571835	7955.ENSDARP00000060346	11496	331
3571995	7955.ENSDARP00000061480	11184	342
3567271	7955.ENSDARP00000015328	10486	422
3568243	7955.ENSDARP00000024981	10132	496
3569956	7955.ENSDARP00000046171	9861	270
3568964	7955.ENSDARP00000034171	9681	464
3589996	7955.ENSDARP00000124531	9675	182
3572458	7955.ENSDARP00000064375	8330	199
3580592	7955.ENSDARP00000103300	8319	318
3573804	7955.ENSDARP00000072235	7505	395
3574298	7955.ENSDARP00000074504	7359	192
3566861	7955.ENSDARP00000011271	7202	541
3585562	7955.ENSDARP00000112917	6749	217
3568512	7955.ENSDARP00000027639	6706	396
3583064	7955.ENSDARP00000108197	6700	99
3566895	7955.ENSDARP00000011562	6290	241
3576935	7955.ENSDARP00000091082	6261	300
3566348	7955.ENSDARP00000006339	6001	438
3571508	7955.ENSDARP00000058383	5997	314
3567427	7955.ENSDARP00000016814	5748	159
3584769	7955.ENSDARP00000111335	5663	306
3579636	7955.ENSDARP00000100779	5612	228
3568365	7955.ENSDARP00000026156	5518	130
3589969	7955.ENSDARP00000124424	5049	332
3568238	7955.ENSDARP00000024900	4841	352
3571967	7955.ENSDARP00000061273	4830	36
3579931	7955.ENSDARP00000101541	4779	212
3586007	7955.ENSDARP00000114072	4644	23
3569506	7955.ENSDARP00000041268	4628	251
3589812	7955.ENSDARP00000123920	4538	336
3573791	7955.ENSDARP00000072127	4392	141
3568540	7955.ENSDARP00000027947	4254	334
3577399	7955.ENSDARP00000093236	4104	71
3571262	7955.ENSDARP00000056789	4076	34
3572065	7955.ENSDARP00000061957	4028	70
3569463	7955.ENSDARP00000040743	4012	86
3590683	7955.ENSDARP00000126314	4004	79
3578167	7955.ENSDARP00000096504	3815	304
3567605	7955.ENSDARP00000018594	3784	15
3576353	7955.ENSDARP00000088354	3770	200
3570306	7955.ENSDARP00000050270	3766	377
3572155	7955.ENSDARP00000062555	3720	97
3578128	7955.ENSDARP00000096373	3718	137
3570629	7955.ENSDARP00000052729	3593	60
3583776	7955.ENSDARP00000109518	3532	263
3577262	7955.ENSDARP00000092488	3532	263
3569437	7955.ENSDARP00000040421	3435	174
3571894	7955.ENSDARP00000060744	3271	200
3571826	7955.ENSDARP00000060309	3224	298
3571726	7955.ENSDARP00000059692	3207	80
3570078	7955.ENSDARP00000047524	3167	155
3587360	7955.ENSDARP00000117628	3157	155
3590052	7955.ENSDARP00000124716	3151	92
3577111	7955.ENSDARP00000091899	3043	60
3570598	7955.ENSDARP00000052528	3021	47
3567632	7955.ENSDARP00000018865	2932	72
3569652	7955.ENSDARP00000042765	2909	191
3572542	7955.ENSDARP00000064895	2887	197
3574089	7955.ENSDARP00000073453	2884	162
3588732	7955.ENSDARP00000121164	2840	106
3573172	7955.ENSDARP00000068586	2741	175
3581606	7955.ENSDARP00000105491	2725	66
3577188	7955.ENSDARP00000092223	2695	230
3585022	7955.ENSDARP00000111811	2691	75
3576241	7955.ENSDARP00000087872	2657	43
3567991	7955.ENSDARP00000022592	2644	88
3567884	7955.ENSDARP00000021632	2594	95
3570261	7955.ENSDARP00000049686	2589	50
3580791	7955.ENSDARP00000103794	2565	460
3588581	7955.ENSDARP00000120742	2529	208
3573528	7955.ENSDARP00000070471	2515	130
3566084	7955.ENSDARP00000003738	2509	219
3590662	7955.ENSDARP00000126252	2495	141
3580511	7955.ENSDARP00000103080	2439	116
3579761	7955.ENSDARP00000101082	2417	54
3567801	7955.ENSDARP00000020595	2417	21
3576875	7955.ENSDARP00000090833	2392	117
3567872	7955.ENSDARP00000021453	2378	274
3577298	7955.ENSDARP00000092672	2349	151
3568447	7955.ENSDARP00000026978	2294	148
3583765	7955.ENSDARP00000109497	2243	46
3586982	7955.ENSDARP00000116604	2214	191
3566070	7955.ENSDARP00000003641	2211	55
3591762	7955.ENSDARP00000128775	2192	201
3571512	7955.ENSDARP00000058402	2143	224
3566185	7955.ENSDARP00000004830	2142	106
3583335	7955.ENSDARP00000108711	2132	217
3566296	7955.ENSDARP00000005843	2111	71
3582356	7955.ENSDARP00000106848	2097	480
3580840	7955.ENSDARP00000103912	2078	38
3569931	7955.ENSDARP00000045887	2071	142
3566876	7955.ENSDARP00000011398	2067	42
3577313	7955.ENSDARP00000092727	2032	104
3570965	7955.ENSDARP00000054986	2025	367
3589178	7955.ENSDARP00000122263	2025	367
3572340	7955.ENSDARP00000063661	1995	116
3577308	7955.ENSDARP00000092713	1971	107
3591820	7955.ENSDARP00000128898	1966	193
3566857	7955.ENSDARP00000011243	1941	93
3582321	7955.ENSDARP00000106788	1912	92
3576243	7955.ENSDARP00000087874	1910	23
3568320	7955.ENSDARP00000025702	1871	270
3588413	7955.ENSDARP00000120304	1864	47
3567411	7955.ENSDARP00000016680	1858	29
3577366	7955.ENSDARP00000093074	1818	443
3568151	7955.ENSDARP00000024085	1818	35
3569934	7955.ENSDARP00000045900	1788	42
3576534	7955.ENSDARP00000089201	1775	124
3580408	7955.ENSDARP00000102802	1765	172
3573130	7955.ENSDARP00000068336	1761	72
3566040	7955.ENSDARP00000003389	1696	55
3580567	7955.ENSDARP00000103212	1695	91
3583001	7955.ENSDARP00000108089	1676	54
3569515	7955.ENSDARP00000041348	1670	70
3565901	7955.ENSDARP00000002175	1645	349
3577885	7955.ENSDARP00000095248	1639	5
3568045	7955.ENSDARP00000023121	1636	78
3569039	7955.ENSDARP00000035273	1631	23
3591257	7955.ENSDARP00000127700	1630	171
3591526	7955.ENSDARP00000128271	1605	27
3572116	7955.ENSDARP00000062362	1587	96
3567858	7955.ENSDARP00000021241	1583	19
3572841	7955.ENSDARP00000066897	1560	34
3572360	7955.ENSDARP00000063788	1526	45
3585110	7955.ENSDARP00000111963	1519	125
3567392	7955.ENSDARP00000016453	1497	166
3567087	7955.ENSDARP00000013329	1482	94
3591842	7955.ENSDARP00000128950	1477	50
3570274	7955.ENSDARP00000049894	1471	35
3568490	7955.ENSDARP00000027389	1470	128
3567464	7955.ENSDARP00000017189	1462	131
3583746	7955.ENSDARP00000109464	1453	44
3570216	7955.ENSDARP00000049166	1445	38
3591926	7955.ENSDARP00000129150	1422	22
3580444	7955.ENSDARP00000102914	1364	121
3584661	7955.ENSDARP00000111147	1362	113
3587296	7955.ENSDARP00000117456	1331	78
3573301	7955.ENSDARP00000069223	1328	107
3584266	7955.ENSDARP00000110426	1327	73
3568838	7955.ENSDARP00000032456	1327	99
3567647	7955.ENSDARP00000018980	1326	40
3567332	7955.ENSDARP00000015917	1325	169
3581392	7955.ENSDARP00000105094	1325	455
3576784	7955.ENSDARP00000090434	1324	47
3584770	7955.ENSDARP00000111337	1319	109
3571797	7955.ENSDARP00000060165	1311	113
3570678	7955.ENSDARP00000053076	1296	34
3580378	7955.ENSDARP00000102718	1294	367
3574087	7955.ENSDARP00000073439	1293	80
3585539	7955.ENSDARP00000112851	1290	126
3575133	7955.ENSDARP00000079424	1290	126
3577036	7955.ENSDARP00000091586	1287	20
3583462	7955.ENSDARP00000108949	1273	23
3566489	7955.ENSDARP00000007716	1271	29
3571612	7955.ENSDARP00000058955	1270	86
3569301	7955.ENSDARP00000038799	1262	29
3573587	7955.ENSDARP00000070807	1255	92
3566844	7955.ENSDARP00000011148	1249	32
3587939	7955.ENSDARP00000119055	1248	398
3585939	7955.ENSDARP00000113905	1241	142
3577873	7955.ENSDARP00000095187	1236	88
3569433	7955.ENSDARP00000040396	1232	34
3567361	7955.ENSDARP00000016158	1208	16
3575473	7955.ENSDARP00000082031	1174	240
3570303	7955.ENSDARP00000050237	1163	832
3568197	7955.ENSDARP00000024492	1149	64
3566285	7955.ENSDARP00000005719	1148	18
3571777	7955.ENSDARP00000060055	1140	78
3577595	7955.ENSDARP00000094021	1139	63
3566021	7955.ENSDARP00000003281	1135	55
3567186	7955.ENSDARP00000014456	1124	52
3568467	7955.ENSDARP00000027118	1122	107
3571747	7955.ENSDARP00000059885	1121	65
3573022	7955.ENSDARP00000067802	1118	52
3577261	7955.ENSDARP00000092484	1117	33
3567128	7955.ENSDARP00000013777	1105	34
3571305	7955.ENSDARP00000057089	1096	32
3579766	7955.ENSDARP00000101100	1089	101
3569507	7955.ENSDARP00000041278	1073	429
3566154	7955.ENSDARP00000004441	1068	42
3571955	7955.ENSDARP00000061148	1067	413
3585426	7955.ENSDARP00000112517	1065	27
3573024	7955.ENSDARP00000067816	1062	83
3567984	7955.ENSDARP00000022550	1061	83
3572907	7955.ENSDARP00000067159	1039	45
3568426	7955.ENSDARP00000026805	1039	75
3590857	7955.ENSDARP00000126732	1036	11
3569584	7955.ENSDARP00000041959	1032	85
3568466	7955.ENSDARP00000027115	1020	61
3570491	7955.ENSDARP00000051848	1009	45
3570857	7955.ENSDARP00000054204	1006	12
3569236	7955.ENSDARP00000037871	1005	114
3579080	7955.ENSDARP00000099306	998	81
3587461	7955.ENSDARP00000117879	986	30
3570056	7955.ENSDARP00000047268	986	30
3588427	7955.ENSDARP00000120344	986	30
3576638	7955.ENSDARP00000089753	986	30
3576174	7955.ENSDARP00000087462	986	30
3572756	7955.ENSDARP00000066372	976	44
3568732	7955.ENSDARP00000030881	974	161
3568311	7955.ENSDARP00000025613	965	37
3589125	7955.ENSDARP00000122141	965	15
3578076	7955.ENSDARP00000096178	964	18
3572435	7955.ENSDARP00000064203	958	61
3578557	7955.ENSDARP00000097989	942	52
3592023	7955.ENSDARP00000129330	941	32
3575763	7955.ENSDARP00000084277	941	32
3579803	7955.ENSDARP00000101193	941	32
3591753	7955.ENSDARP00000128757	941	32
3585524	7955.ENSDARP00000112824	941	32
3585724	7955.ENSDARP00000113307	941	32
3591366	7955.ENSDARP00000127943	941	32
3577559	7955.ENSDARP00000093898	939	68
3571683	7955.ENSDARP00000059365	939	109
3570518	7955.ENSDARP00000052081	927	21
3579906	7955.ENSDARP00000101478	926	26
3581065	7955.ENSDARP00000104468	925	205
3568052	7955.ENSDARP00000023177	925	25
3577833	7955.ENSDARP00000095029	921	79
3587830	7955.ENSDARP00000118774	911	204
3588367	7955.ENSDARP00000120183	911	25
3566648	7955.ENSDARP00000009258	910	92
3578191	7955.ENSDARP00000096581	907	213
3571464	7955.ENSDARP00000058066	906	28
3567727	7955.ENSDARP00000019888	901	444
3571029	7955.ENSDARP00000055379	897	372
3566334	7955.ENSDARP00000006207	896	60
3577974	7955.ENSDARP00000095570	890	33
3566628	7955.ENSDARP00000009096	886	26
3568212	7955.ENSDARP00000024643	885	103
3579741	7955.ENSDARP00000101037	882	89
3570716	7955.ENSDARP00000053303	882	434
3570522	7955.ENSDARP00000052096	878	27
3568597	7955.ENSDARP00000028837	877	37
3567217	7955.ENSDARP00000014849	872	32
3572681	7955.ENSDARP00000065771	870	17
3573917	7955.ENSDARP00000072687	859	687
3565967	7955.ENSDARP00000002844	859	61
3573057	7955.ENSDARP00000067953	853	32
3572632	7955.ENSDARP00000065447	851	23
3576491	7955.ENSDARP00000089045	851	8
3572114	7955.ENSDARP00000062351	844	146
3568310	7955.ENSDARP00000025611	844	32
3577113	7955.ENSDARP00000091902	842	15
3574520	7955.ENSDARP00000075658	838	116
3573389	7955.ENSDARP00000069708	837	10
3567924	7955.ENSDARP00000022077	835	116
3590079	7955.ENSDARP00000124804	835	9
3589829	7955.ENSDARP00000123973	834	40
3574102	7955.ENSDARP00000073505	830	82
3569985	7955.ENSDARP00000046575	827	139
3573768	7955.ENSDARP00000072006	821	393
3567835	7955.ENSDARP00000021016	812	358
3568675	7955.ENSDARP00000029933	809	421
3570861	7955.ENSDARP00000054229	806	54
3569287	7955.ENSDARP00000038658	802	16
3580914	7955.ENSDARP00000104110	801	31
3570703	7955.ENSDARP00000053207	800	13
3573425	7955.ENSDARP00000069977	796	17
3588983	7955.ENSDARP00000121793	796	102
3568515	7955.ENSDARP00000027654	793	22
3576864	7955.ENSDARP00000090756	784	18
3584033	7955.ENSDARP00000109990	774	32
3570864	7955.ENSDARP00000054237	767	13
3569689	7955.ENSDARP00000043172	762	12
3566996	7955.ENSDARP00000012454	761	40
3572107	7955.ENSDARP00000062323	758	47
3586362	7955.ENSDARP00000115012	758	659
3588648	7955.ENSDARP00000120922	744	44
3582492	7955.ENSDARP00000107122	736	377
3572834	7955.ENSDARP00000066858	736	377
3572732	7955.ENSDARP00000066176	735	302
3566295	7955.ENSDARP00000005837	732	4
3569223	7955.ENSDARP00000037758	731	19
3591553	7955.ENSDARP00000128327	730	25
3580732	7955.ENSDARP00000103634	727	27
3567911	7955.ENSDARP00000021916	727	27
3574339	7955.ENSDARP00000074756	724	8
3590883	7955.ENSDARP00000126796	720	30
3579085	7955.ENSDARP00000099321	720	30
3582828	7955.ENSDARP00000107737	720	30
3585047	7955.ENSDARP00000111851	720	30
3581455	7955.ENSDARP00000105220	720	30
3577534	7955.ENSDARP00000093790	720	30
3577531	7955.ENSDARP00000093781	720	30
3573044	7955.ENSDARP00000067896	720	30
3572845	7955.ENSDARP00000066929	710	30
3567372	7955.ENSDARP00000016261	707	64
3571936	7955.ENSDARP00000061000	707	40
3584841	7955.ENSDARP00000111487	704	12
3572984	7955.ENSDARP00000067593	703	12
3576526	7955.ENSDARP00000089179	702	17
3583026	7955.ENSDARP00000108139	701	54
3567508	7955.ENSDARP00000017569	686	56
3570045	7955.ENSDARP00000047158	684	12
3579413	7955.ENSDARP00000100195	684	250
3589712	7955.ENSDARP00000123601	679	458
3577465	7955.ENSDARP00000093490	673	367
3574285	7955.ENSDARP00000074422	672	53
3568987	7955.ENSDARP00000034534	670	18
3588905	7955.ENSDARP00000121591	659	29
3584218	7955.ENSDARP00000110339	659	54
3585976	7955.ENSDARP00000113988	657	641
3572121	7955.ENSDARP00000062382	654	69
3576843	7955.ENSDARP00000090664	653	9
3570739	7955.ENSDARP00000053425	651	11
3574835	7955.ENSDARP00000077060	650	30
3568202	7955.ENSDARP00000024560	647	64
3574192	7955.ENSDARP00000073910	647	22
3571039	7955.ENSDARP00000055429	645	7
3568990	7955.ENSDARP00000034555	642	14
3573914	7955.ENSDARP00000072678	642	537
3584300	7955.ENSDARP00000110484	640	48
3570877	7955.ENSDARP00000054339	638	17
3569334	7955.ENSDARP00000039143	638	15
3582862	7955.ENSDARP00000107804	637	59
3578984	7955.ENSDARP00000099044	637	80
3577086	7955.ENSDARP00000091816	635	55
3573318	7955.ENSDARP00000069300	629	25
3571186	7955.ENSDARP00000056318	623	8
3568845	7955.ENSDARP00000032575	618	78
3566993	7955.ENSDARP00000012437	617	67
3568957	7955.ENSDARP00000034077	617	76
3566729	7955.ENSDARP00000010055	606	19
3587376	7955.ENSDARP00000117673	603	29
3568728	7955.ENSDARP00000030819	602	200
3569835	7955.ENSDARP00000044837	601	35
3583900	7955.ENSDARP00000109737	597	27
3575895	7955.ENSDARP00000085295	597	95
3570858	7955.ENSDARP00000054207	594	35
3584495	7955.ENSDARP00000110851	592	337
3585988	7955.ENSDARP00000114025	584	22
3572229	7955.ENSDARP00000062982	582	20
3566655	7955.ENSDARP00000009320	580	355
3581706	7955.ENSDARP00000105649	578	4
3576867	7955.ENSDARP00000090766	576	116
3566362	7955.ENSDARP00000006445	574	25
3566134	7955.ENSDARP00000004202	572	26
3587238	7955.ENSDARP00000117293	564	48
3567031	7955.ENSDARP00000012776	561	58
3568271	7955.ENSDARP00000025234	544	63
3567689	7955.ENSDARP00000019477	543	17
3592134	7955.ENSDARP00000129595	530	20
3571103	7955.ENSDARP00000055793	528	10
3578318	7955.ENSDARP00000097248	523	6
3592042	7955.ENSDARP00000129378	522	191
3582717	7955.ENSDARP00000107547	522	191
3582961	7955.ENSDARP00000107998	522	191
3580053	7955.ENSDARP00000101862	522	191
3582507	7955.ENSDARP00000107148	522	191
3582747	7955.ENSDARP00000107585	522	191
3582030	7955.ENSDARP00000106245	522	191
3579903	7955.ENSDARP00000101467	522	191
3583687	7955.ENSDARP00000109355	522	191
3583232	7955.ENSDARP00000108502	522	191
3591884	7955.ENSDARP00000129044	522	191
3585008	7955.ENSDARP00000111786	522	191
3581376	7955.ENSDARP00000105059	522	191
3583513	7955.ENSDARP00000109044	522	191
3583528	7955.ENSDARP00000109071	522	191
3574937	7955.ENSDARP00000077832	522	191
3584547	7955.ENSDARP00000110935	522	191
3582143	7955.ENSDARP00000106443	522	191
3575508	7955.ENSDARP00000082327	522	191
3581427	7955.ENSDARP00000105168	522	191
3582167	7955.ENSDARP00000106496	522	191
3585088	7955.ENSDARP00000111930	522	191
3581027	7955.ENSDARP00000104379	522	191
3584867	7955.ENSDARP00000111526	522	191
3582447	7955.ENSDARP00000107028	522	191
3583658	7955.ENSDARP00000109299	522	191
3579848	7955.ENSDARP00000101311	522	191
3583635	7955.ENSDARP00000109257	522	191
3582243	7955.ENSDARP00000106634	522	191
3582939	7955.ENSDARP00000107946	522	191
3585153	7955.ENSDARP00000112034	522	191
3584679	7955.ENSDARP00000111175	522	191
3583265	7955.ENSDARP00000108556	520	38
3576667	7955.ENSDARP00000089879	516	200
3587453	7955.ENSDARP00000117864	510	7
3589800	7955.ENSDARP00000123883	507	54
3588915	7955.ENSDARP00000121623	505	32
3570300	7955.ENSDARP00000050220	499	19
3571579	7955.ENSDARP00000058736	498	10
3579937	7955.ENSDARP00000101564	495	47
3569411	7955.ENSDARP00000040203	495	256
3574752	7955.ENSDARP00000076640	493	49
3591308	7955.ENSDARP00000127819	492	32
3575077	7955.ENSDARP00000078889	489	19
3586525	7955.ENSDARP00000115433	488	3
3589183	7955.ENSDARP00000122284	487	27
3567329	7955.ENSDARP00000015884	486	12
3567543	7955.ENSDARP00000017853	482	19
3565896	7955.ENSDARP00000002122	482	33
3566461	7955.ENSDARP00000007446	480	15
3592141	7955.ENSDARP00000129610	478	45
3570245	7955.ENSDARP00000049461	477	19
3588841	7955.ENSDARP00000121437	476	24
3581081	7955.ENSDARP00000104495	476	5
3570984	7955.ENSDARP00000055135	476	245
3573393	7955.ENSDARP00000069744	474	63
3578647	7955.ENSDARP00000098194	473	14
3567800	7955.ENSDARP00000020578	470	37
3567480	7955.ENSDARP00000017326	468	254
3569604	7955.ENSDARP00000042199	467	50
3570993	7955.ENSDARP00000055185	466	5
3580339	7955.ENSDARP00000102600	463	9
3576931	7955.ENSDARP00000091066	463	24
3583010	7955.ENSDARP00000108108	463	26
3569492	7955.ENSDARP00000041087	463	26
3568947	7955.ENSDARP00000033907	460	45
3569554	7955.ENSDARP00000041699	457	19
3572257	7955.ENSDARP00000063095	455	13
3573809	7955.ENSDARP00000072253	450	55
3573322	7955.ENSDARP00000069316	445	10
3570476	7955.ENSDARP00000051762	443	17
3588351	7955.ENSDARP00000120142	439	19
3575702	7955.ENSDARP00000083835	437	23
3571644	7955.ENSDARP00000059193	437	6
3583585	7955.ENSDARP00000109185	434	7
3571441	7955.ENSDARP00000057943	433	6
3586568	7955.ENSDARP00000115538	426	11
3567253	7955.ENSDARP00000015132	425	25
3587562	7955.ENSDARP00000118091	423	95
3589541	7955.ENSDARP00000123183	422	17
3568853	7955.ENSDARP00000032688	420	30
3567721	7955.ENSDARP00000019829	419	68
3576240	7955.ENSDARP00000087871	418	6
3571556	7955.ENSDARP00000058628	417	240
3573962	7955.ENSDARP00000072874	416	18
3586483	7955.ENSDARP00000115337	414	50
3577519	7955.ENSDARP00000093734	413	157
3572314	7955.ENSDARP00000063524	412	31
3578192	7955.ENSDARP00000096586	410	49
3573415	7955.ENSDARP00000069896	410	3
3581935	7955.ENSDARP00000106067	406	44
3568163	7955.ENSDARP00000024189	404	5
3573350	7955.ENSDARP00000069513	404	5
3568114	7955.ENSDARP00000023774	402	28
3571609	7955.ENSDARP00000058944	401	18
3587982	7955.ENSDARP00000119179	400	258
3573421	7955.ENSDARP00000069948	399	32
3572707	7955.ENSDARP00000065939	397	14
3566250	7955.ENSDARP00000005361	397	8
3576902	7955.ENSDARP00000090943	396	19
3572171	7955.ENSDARP00000062670	396	218
3571958	7955.ENSDARP00000061164	390	189
3572118	7955.ENSDARP00000062369	388	239
3574408	7955.ENSDARP00000075110	388	239
3570642	7955.ENSDARP00000052837	388	239
3579514	7955.ENSDARP00000100434	388	239
3575404	7955.ENSDARP00000081505	387	42
3576242	7955.ENSDARP00000087873	387	5
3581183	7955.ENSDARP00000104687	385	28
3566123	7955.ENSDARP00000004127	385	69
3570789	7955.ENSDARP00000053774	385	69
3567318	7955.ENSDARP00000015805	385	69
3583270	7955.ENSDARP00000108568	384	40
3567436	7955.ENSDARP00000016879	383	25
3567266	7955.ENSDARP00000015293	378	65
3574383	7955.ENSDARP00000074935	375	63
3578263	7955.ENSDARP00000096898	375	63
3589907	7955.ENSDARP00000124217	374	12
3570275	7955.ENSDARP00000049899	373	11
3585004	7955.ENSDARP00000111782	370	9
3568614	7955.ENSDARP00000029079	366	5
3573552	7955.ENSDARP00000070561	366	44
3581515	7955.ENSDARP00000105328	365	9
3574509	7955.ENSDARP00000075627	364	26
3570266	7955.ENSDARP00000049792	361	24
3577310	7955.ENSDARP00000092719	360	8
3572143	7955.ENSDARP00000062517	359	14
3566515	7955.ENSDARP00000007907	358	8
3577891	7955.ENSDARP00000095265	357	62
3568613	7955.ENSDARP00000029074	357	34
3567630	7955.ENSDARP00000018850	356	46
3578080	7955.ENSDARP00000096200	356	9
3584959	7955.ENSDARP00000111699	355	31
3567985	7955.ENSDARP00000022552	354	8
3572771	7955.ENSDARP00000066429	354	211
3572163	7955.ENSDARP00000062617	354	34
3572823	7955.ENSDARP00000066780	353	11
3576178	7955.ENSDARP00000087500	350	10
3580742	7955.ENSDARP00000103658	349	10
3587015	7955.ENSDARP00000116699	349	17
3584450	7955.ENSDARP00000110768	348	33
3583471	7955.ENSDARP00000108965	347	6
3569692	7955.ENSDARP00000043192	345	10
3569900	7955.ENSDARP00000045564	344	7
3579402	7955.ENSDARP00000100169	342	11
3585190	7955.ENSDARP00000112092	342	154
3579276	7955.ENSDARP00000099813	342	154
3588853	7955.ENSDARP00000121459	342	154
3580400	7955.ENSDARP00000102775	342	154
3584751	7955.ENSDARP00000111298	342	154
3578737	7955.ENSDARP00000098432	342	154
3585814	7955.ENSDARP00000113541	342	154
3589069	7955.ENSDARP00000122009	342	154
3579924	7955.ENSDARP00000101525	342	154
3582808	7955.ENSDARP00000107702	342	154
3589594	7955.ENSDARP00000123323	342	154
3584315	7955.ENSDARP00000110511	342	154
3584846	7955.ENSDARP00000111493	342	154
3573055	7955.ENSDARP00000067948	342	154
3587029	7955.ENSDARP00000116739	342	154
3570302	7955.ENSDARP00000050236	342	154
3571119	7955.ENSDARP00000055912	342	154
3577535	7955.ENSDARP00000093791	342	154
3585117	7955.ENSDARP00000111973	342	154
3581760	7955.ENSDARP00000105746	342	154
3574123	7955.ENSDARP00000073610	341	17
3568073	7955.ENSDARP00000023354	341	27
3584788	7955.ENSDARP00000111380	340	28
3580939	7955.ENSDARP00000104168	340	18
3585431	7955.ENSDARP00000112527	337	154
3568041	7955.ENSDARP00000023063	336	29
3588195	7955.ENSDARP00000119756	334	6
3571837	7955.ENSDARP00000060360	334	9
3584978	7955.ENSDARP00000111738	332	18
3566080	7955.ENSDARP00000003705	327	16
3573586	7955.ENSDARP00000070803	327	6
3568850	7955.ENSDARP00000032643	325	11
3583665	7955.ENSDARP00000109315	324	154
3574692	7955.ENSDARP00000076389	323	16
3573832	7955.ENSDARP00000072334	322	13
3568070	7955.ENSDARP00000023327	320	5
3570760	7955.ENSDARP00000053541	318	8
3568526	7955.ENSDARP00000027770	318	6
3569494	7955.ENSDARP00000041113	317	10
3566474	7955.ENSDARP00000007588	316	28
3582317	7955.ENSDARP00000106781	316	154
3584817	7955.ENSDARP00000111447	316	154
3580850	7955.ENSDARP00000103937	316	154
3568288	7955.ENSDARP00000025377	316	22
3572955	7955.ENSDARP00000067447	315	16
3577696	7955.ENSDARP00000094413	314	59
3580306	7955.ENSDARP00000102498	314	59
3566306	7955.ENSDARP00000005930	312	23
3583439	7955.ENSDARP00000108912	311	11
3584425	7955.ENSDARP00000110724	310	9
3573263	7955.ENSDARP00000069043	310	9
3586127	7955.ENSDARP00000114387	310	28
3571308	7955.ENSDARP00000057100	309	47
3568607	7955.ENSDARP00000028970	306	22
3590477	7955.ENSDARP00000125746	306	26
3568857	7955.ENSDARP00000032730	305	43
3589836	7955.ENSDARP00000123999	304	34
3572467	7955.ENSDARP00000064418	302	6
3568227	7955.ENSDARP00000024752	300	61
3568646	7955.ENSDARP00000029607	300	45
3570316	7955.ENSDARP00000050398	299	6
3574622	7955.ENSDARP00000076104	297	20
3572951	7955.ENSDARP00000067432	296	15
3574007	7955.ENSDARP00000073057	295	19
3580564	7955.ENSDARP00000103208	294	154
3584687	7955.ENSDARP00000111194	294	154
3571155	7955.ENSDARP00000056150	291	33
3571129	7955.ENSDARP00000055971	289	41
3570241	7955.ENSDARP00000049424	287	24
3568897	7955.ENSDARP00000033318	287	24
3567099	7955.ENSDARP00000013441	283	34
3577940	7955.ENSDARP00000095458	283	5
3570340	7955.ENSDARP00000050670	281	27
3569537	7955.ENSDARP00000041530	281	5
3573765	7955.ENSDARP00000071963	281	16
3578845	7955.ENSDARP00000098701	280	35
3581703	7955.ENSDARP00000105646	277	154
3579173	7955.ENSDARP00000099550	277	154
3569778	7955.ENSDARP00000044088	274	15
3583770	7955.ENSDARP00000109508	274	17
3569764	7955.ENSDARP00000043931	274	49
3568154	7955.ENSDARP00000024104	274	21
3584976	7955.ENSDARP00000111731	270	11
3568866	7955.ENSDARP00000032834	268	31
3581498	7955.ENSDARP00000105296	268	17
3569350	7955.ENSDARP00000039324	268	79
3571329	7955.ENSDARP00000057288	267	15
3569452	7955.ENSDARP00000040597	267	24
3567356	7955.ENSDARP00000016115	263	13
3566596	7955.ENSDARP00000008690	262	50
3580515	7955.ENSDARP00000103087	262	4
3571796	7955.ENSDARP00000060161	262	7
3585315	7955.ENSDARP00000112310	261	17
3573278	7955.ENSDARP00000069096	260	9
3567512	7955.ENSDARP00000017597	260	12
3569971	7955.ENSDARP00000046419	260	50
3576929	7955.ENSDARP00000091060	260	19
3582206	7955.ENSDARP00000106566	258	10
3583379	7955.ENSDARP00000108798	258	16
3573705	7955.ENSDARP00000071646	257	42
3588136	7955.ENSDARP00000119600	256	17
3567136	7955.ENSDARP00000013902	256	11
3577459	7955.ENSDARP00000093465	255	31
3573394	7955.ENSDARP00000069745	255	19
3573352	7955.ENSDARP00000069525	254	81
3576407	7955.ENSDARP00000088594	253	14
3588016	7955.ENSDARP00000119262	253	4
3577770	7955.ENSDARP00000094762	252	13
3571386	7955.ENSDARP00000057598	250	5
3583113	7955.ENSDARP00000108289	250	121
3574272	7955.ENSDARP00000074315	250	44
3571418	7955.ENSDARP00000057787	249	154
3577869	7955.ENSDARP00000095167	244	3
3573987	7955.ENSDARP00000072983	242	20
3567370	7955.ENSDARP00000016228	241	23
3583321	7955.ENSDARP00000108688	238	33
3572988	7955.ENSDARP00000067603	237	56
3577651	7955.ENSDARP00000094243	237	51
3572085	7955.ENSDARP00000062142	237	51
3578701	7955.ENSDARP00000098342	235	154
3574635	7955.ENSDARP00000076182	232	26
3571383	7955.ENSDARP00000057580	232	10
3566310	7955.ENSDARP00000005968	231	11
3573302	7955.ENSDARP00000069226	229	14
3566333	7955.ENSDARP00000006201	229	23
3586669	7955.ENSDARP00000115796	228	2
3569060	7955.ENSDARP00000035541	228	4
3574483	7955.ENSDARP00000075490	226	108
3566631	7955.ENSDARP00000009133	226	11
3590077	7955.ENSDARP00000124794	225	10
3583181	7955.ENSDARP00000108417	225	60
3589719	7955.ENSDARP00000123619	225	60
3583393	7955.ENSDARP00000108828	225	60
3580387	7955.ENSDARP00000102749	225	60
3581301	7955.ENSDARP00000104918	225	60
3586968	7955.ENSDARP00000116574	225	60
3582554	7955.ENSDARP00000107234	225	60
3584507	7955.ENSDARP00000110869	225	60
3582368	7955.ENSDARP00000106877	225	60
3580599	7955.ENSDARP00000103318	225	60
3581151	7955.ENSDARP00000104630	225	60
3578856	7955.ENSDARP00000098726	225	60
3576869	7955.ENSDARP00000090794	225	60
3585311	7955.ENSDARP00000112301	225	60
3580802	7955.ENSDARP00000103819	225	60
3573054	7955.ENSDARP00000067945	225	60
3581033	7955.ENSDARP00000104399	225	60
3577533	7955.ENSDARP00000093787	225	60
3581495	7955.ENSDARP00000105290	225	60
3577530	7955.ENSDARP00000093780	225	60
3576832	7955.ENSDARP00000090632	225	60
3573041	7955.ENSDARP00000067891	225	60
3580705	7955.ENSDARP00000103576	225	60
3573042	7955.ENSDARP00000067893	225	60
3573043	7955.ENSDARP00000067895	225	60
3580367	7955.ENSDARP00000102682	225	60
3578000	7955.ENSDARP00000095720	224	120
3567881	7955.ENSDARP00000021569	224	113
3566260	7955.ENSDARP00000005448	224	35
3577537	7955.ENSDARP00000093801	223	154
3579978	7955.ENSDARP00000101665	222	12
3582552	7955.ENSDARP00000107232	222	60
3574761	7955.ENSDARP00000076722	221	10
3569129	7955.ENSDARP00000036607	221	6
3578567	7955.ENSDARP00000098004	220	131
3566407	7955.ENSDARP00000006882	218	16
3569918	7955.ENSDARP00000045696	218	6
3580832	7955.ENSDARP00000103895	218	10
3574504	7955.ENSDARP00000075599	216	4
3566887	7955.ENSDARP00000011506	216	10
3588155	7955.ENSDARP00000119651	216	26
3590492	7955.ENSDARP00000125799	216	2
3577521	7955.ENSDARP00000093747	215	60
3571653	7955.ENSDARP00000059226	215	8
3586416	7955.ENSDARP00000115147	213	7
3566174	7955.ENSDARP00000004708	212	12
3577861	7955.ENSDARP00000095135	212	9
3567408	7955.ENSDARP00000016639	209	5
3590849	7955.ENSDARP00000126712	208	186
3570206	7955.ENSDARP00000049002	208	41
3584444	7955.ENSDARP00000110759	206	60
3566222	7955.ENSDARP00000005183	204	28
3574302	7955.ENSDARP00000074525	204	11
3570394	7955.ENSDARP00000051185	203	10
3586706	7955.ENSDARP00000115888	202	17
3570063	7955.ENSDARP00000047390	202	4
3581744	7955.ENSDARP00000105717	201	14
3573192	7955.ENSDARP00000068656	201	8
3568099	7955.ENSDARP00000023671	200	13
3586868	7955.ENSDARP00000116310	200	6
3577863	7955.ENSDARP00000095139	199	3
3578467	7955.ENSDARP00000097753	199	8
3586938	7955.ENSDARP00000116496	199	20
3578087	7955.ENSDARP00000096234	199	5
3581262	7955.ENSDARP00000104851	198	9
3572374	7955.ENSDARP00000063869	197	5
3572316	7955.ENSDARP00000063532	197	3
3577181	7955.ENSDARP00000092179	196	6
3587318	7955.ENSDARP00000117524	195	6
3566371	7955.ENSDARP00000006510	193	20
3567233	7955.ENSDARP00000014978	192	37
3574792	7955.ENSDARP00000076844	191	20
3574368	7955.ENSDARP00000074872	191	12
3586382	7955.ENSDARP00000115067	191	7
3566416	7955.ENSDARP00000006973	191	9
3585886	7955.ENSDARP00000113739	190	16
3567496	7955.ENSDARP00000017456	190	31
3578639	7955.ENSDARP00000098182	190	20
3569745	7955.ENSDARP00000043742	189	65
3574462	7955.ENSDARP00000075363	188	1
3573681	7955.ENSDARP00000071527	188	8
3580361	7955.ENSDARP00000102672	187	20
3572485	7955.ENSDARP00000064522	187	11
3586204	7955.ENSDARP00000114578	186	1
3590038	7955.ENSDARP00000124670	185	11
3569435	7955.ENSDARP00000040408	185	10
3582921	7955.ENSDARP00000107913	183	24
3588516	7955.ENSDARP00000120580	181	5
3589524	7955.ENSDARP00000123136	181	6
3570310	7955.ENSDARP00000050331	180	22
3592038	7955.ENSDARP00000129366	180	24
3588917	7955.ENSDARP00000121628	180	23
3576922	7955.ENSDARP00000091027	180	8
3573694	7955.ENSDARP00000071587	180	9
3590581	7955.ENSDARP00000126028	178	2
3578010	7955.ENSDARP00000095774	178	51
3589389	7955.ENSDARP00000122796	178	24
3579798	7955.ENSDARP00000101178	178	24
3584339	7955.ENSDARP00000110558	178	24
3570269	7955.ENSDARP00000049830	178	12
3568579	7955.ENSDARP00000028571	178	19
3569591	7955.ENSDARP00000042055	177	12
3568977	7955.ENSDARP00000034327	177	6
3567469	7955.ENSDARP00000017217	176	13
3568224	7955.ENSDARP00000024741	176	9
3569423	7955.ENSDARP00000040327	176	60
3570186	7955.ENSDARP00000048827	176	90
3566589	7955.ENSDARP00000008646	176	22
3589021	7955.ENSDARP00000121890	175	7
3569104	7955.ENSDARP00000036226	174	5
3581582	7955.ENSDARP00000105443	174	4
3567804	7955.ENSDARP00000020656	174	7
3568878	7955.ENSDARP00000033069	173	4
3566170	7955.ENSDARP00000004687	173	14
3577283	7955.ENSDARP00000092578	173	11
3567117	7955.ENSDARP00000013624	172	6
3571431	7955.ENSDARP00000057868	171	10
3572375	7955.ENSDARP00000063876	171	8
3591858	7955.ENSDARP00000128988	170	37
3573018	7955.ENSDARP00000067775	170	8
3566815	7955.ENSDARP00000010921	170	55
3578212	7955.ENSDARP00000096674	169	35
3584162	7955.ENSDARP00000110242	168	35
3567886	7955.ENSDARP00000021652	167	9
3573053	7955.ENSDARP00000067943	167	21
3591006	7955.ENSDARP00000127047	167	21
3572465	7955.ENSDARP00000064399	167	21
3566125	7955.ENSDARP00000004139	166	17
3584159	7955.ENSDARP00000110237	166	19
3584819	7955.ENSDARP00000111451	166	27
3567049	7955.ENSDARP00000012950	165	7
3587135	7955.ENSDARP00000117024	165	11
3566738	7955.ENSDARP00000010116	163	8
3566715	7955.ENSDARP00000009909	163	15
3576909	7955.ENSDARP00000090963	163	22
3587312	7955.ENSDARP00000117497	162	10
3568789	7955.ENSDARP00000031764	160	2
3570213	7955.ENSDARP00000049134	160	18
3574289	7955.ENSDARP00000074464	160	10
3573624	7955.ENSDARP00000071046	159	23
3581525	7955.ENSDARP00000105344	159	17
3571475	7955.ENSDARP00000058161	159	21
3581460	7955.ENSDARP00000105230	159	21
3569272	7955.ENSDARP00000038446	158	3
3571050	7955.ENSDARP00000055503	158	7
3566607	7955.ENSDARP00000008834	158	21
3582726	7955.ENSDARP00000107557	157	5
3566491	7955.ENSDARP00000007735	157	12
3585237	7955.ENSDARP00000112163	156	19
3568926	7955.ENSDARP00000033600	156	2
3574696	7955.ENSDARP00000076404	156	11
3578162	7955.ENSDARP00000096468	155	4
3578376	7955.ENSDARP00000097494	153	8
3588881	7955.ENSDARP00000121524	152	17
3571430	7955.ENSDARP00000057866	152	9
3582622	7955.ENSDARP00000107359	151	11
3570382	7955.ENSDARP00000051080	151	39
3587262	7955.ENSDARP00000117366	150	37
3582857	7955.ENSDARP00000107792	150	8
3591336	7955.ENSDARP00000127877	149	24
3578653	7955.ENSDARP00000098210	149	16
3574009	7955.ENSDARP00000073072	149	39
3583346	7955.ENSDARP00000108727	149	93
3581250	7955.ENSDARP00000104823	148	13
3578676	7955.ENSDARP00000098279	148	11
3570252	7955.ENSDARP00000049587	147	4
3578686	7955.ENSDARP00000098301	147	4
3571839	7955.ENSDARP00000060362	147	7
3573822	7955.ENSDARP00000072300	146	2
3578016	7955.ENSDARP00000095811	146	61
3569087	7955.ENSDARP00000036006	146	22
3574513	7955.ENSDARP00000075639	146	63
3574551	7955.ENSDARP00000075802	145	16
3568356	7955.ENSDARP00000026065	144	36
3577318	7955.ENSDARP00000092760	144	7
3576927	7955.ENSDARP00000091056	143	21
3567226	7955.ENSDARP00000014921	143	52
3576608	7955.ENSDARP00000089612	143	4
3585101	7955.ENSDARP00000111947	143	35
3574101	7955.ENSDARP00000073498	143	30
3566817	7955.ENSDARP00000010925	142	23
3570662	7955.ENSDARP00000052929	142	9
3572391	7955.ENSDARP00000064011	142	9
3567093	7955.ENSDARP00000013402	142	11
3568517	7955.ENSDARP00000027662	141	9
3567514	7955.ENSDARP00000017613	141	16
3578121	7955.ENSDARP00000096352	141	34
3576250	7955.ENSDARP00000087881	140	4
3565885	7955.ENSDARP00000001943	140	7
3567955	7955.ENSDARP00000022320	140	4
3572964	7955.ENSDARP00000067511	138	7
3574023	7955.ENSDARP00000073113	138	18
3568292	7955.ENSDARP00000025466	138	11
3567214	7955.ENSDARP00000014821	137	7
3567314	7955.ENSDARP00000015781	137	7
3587649	7955.ENSDARP00000118326	137	34
3584889	7955.ENSDARP00000111579	137	18
3568559	7955.ENSDARP00000028148	135	68
3573569	7955.ENSDARP00000070677	135	2
3567489	7955.ENSDARP00000017410	134	5
3574427	7955.ENSDARP00000075204	134	11
3584793	7955.ENSDARP00000111399	133	11
3568927	7955.ENSDARP00000033622	131	17
3570338	7955.ENSDARP00000050643	131	40
3572766	7955.ENSDARP00000066392	130	3
3581773	7955.ENSDARP00000105768	130	15
3581695	7955.ENSDARP00000105632	129	16
3588846	7955.ENSDARP00000121444	128	3
3576238	7955.ENSDARP00000087869	127	3
3568713	7955.ENSDARP00000030612	127	5
3566580	7955.ENSDARP00000008513	126	22
3578015	7955.ENSDARP00000095806	125	65
3565879	7955.ENSDARP00000001565	125	5
3576099	7955.ENSDARP00000086897	125	4
3567842	7955.ENSDARP00000021095	125	1
3581872	7955.ENSDARP00000105955	125	14
3568220	7955.ENSDARP00000024694	125	15
3583982	7955.ENSDARP00000109890	125	12
3584483	7955.ENSDARP00000110818	125	5
3569305	7955.ENSDARP00000038835	124	8
3585449	7955.ENSDARP00000112576	124	46
3584574	7955.ENSDARP00000110984	123	5
3589476	7955.ENSDARP00000123023	123	24
3589392	7955.ENSDARP00000122802	121	22
3569743	7955.ENSDARP00000043714	121	18
3569495	7955.ENSDARP00000041141	120	61
3567320	7955.ENSDARP00000015815	120	6
3576283	7955.ENSDARP00000088034	120	5
3588789	7955.ENSDARP00000121323	120	10
3566063	7955.ENSDARP00000003571	118	6
3589676	7955.ENSDARP00000123522	118	8
3567973	7955.ENSDARP00000022486	118	10
3566085	7955.ENSDARP00000003744	118	14
3572283	7955.ENSDARP00000063250	118	6
3566949	7955.ENSDARP00000012094	118	2
3577274	7955.ENSDARP00000092551	117	8
3587723	7955.ENSDARP00000118521	116	1
3584530	7955.ENSDARP00000110906	116	5
3566189	7955.ENSDARP00000004866	115	10
3571194	7955.ENSDARP00000056381	115	10
3569571	7955.ENSDARP00000041841	115	3
3567789	7955.ENSDARP00000020485	115	10
3584934	7955.ENSDARP00000111658	114	10
3588416	7955.ENSDARP00000120315	114	3
3570411	7955.ENSDARP00000051312	113	11
3576499	7955.ENSDARP00000089067	113	3
3565933	7955.ENSDARP00000002483	112	13
3574057	7955.ENSDARP00000073325	112	5
3579028	7955.ENSDARP00000099156	112	3
3574800	7955.ENSDARP00000076883	112	6
3587864	7955.ENSDARP00000118861	109	9
3587275	7955.ENSDARP00000117394	109	26
3573797	7955.ENSDARP00000072190	108	9
3578325	7955.ENSDARP00000097279	108	21
3587152	7955.ENSDARP00000117066	108	19
3576735	7955.ENSDARP00000090198	108	4
3584308	7955.ENSDARP00000110498	108	2
3586379	7955.ENSDARP00000115054	106	214
3589470	7955.ENSDARP00000123005	106	5
3571020	7955.ENSDARP00000055323	106	4
3582122	7955.ENSDARP00000106406	105	12
3567278	7955.ENSDARP00000015397	105	3
3589827	7955.ENSDARP00000123968	104	36
3567057	7955.ENSDARP00000013026	104	4
3585019	7955.ENSDARP00000111808	104	8
3581988	7955.ENSDARP00000106168	103	5
3590154	7955.ENSDARP00000125072	103	6
3590431	7955.ENSDARP00000125625	102	10
3571051	7955.ENSDARP00000055509	102	1
3584411	7955.ENSDARP00000110694	102	11
3583922	7955.ENSDARP00000109780	102	16
3571533	7955.ENSDARP00000058502	102	4
3570561	7955.ENSDARP00000052356	102	6
3577542	7955.ENSDARP00000093817	102	21
3567522	7955.ENSDARP00000017670	101	6
3566945	7955.ENSDARP00000012048	101	19
3592165	7955.ENSDARP00000129664	101	8
3578430	7955.ENSDARP00000097644	101	2
3579420	7955.ENSDARP00000100216	101	4
3570595	7955.ENSDARP00000052510	101	4
3589115	7955.ENSDARP00000122114	101	7
3587911	7955.ENSDARP00000118986	100	21
3567524	7955.ENSDARP00000017693	99.7	18
3567949	7955.ENSDARP00000022302	99.5	30
3570555	7955.ENSDARP00000052345	97.7	9
3565866	7955.ENSDARP00000001158	97.3	10
3581136	7955.ENSDARP00000104601	97.3	10
3577120	7955.ENSDARP00000091921	96.8	19
3571656	7955.ENSDARP00000059230	96.8	11
3576926	7955.ENSDARP00000091054	95.6	17
3565987	7955.ENSDARP00000003030	95.4	6
3569848	7955.ENSDARP00000045014	95.1	14
3571623	7955.ENSDARP00000059012	94.6	2
3583108	7955.ENSDARP00000108280	94.2	2
3568182	7955.ENSDARP00000024338	93.7	6
3566972	7955.ENSDARP00000012295	93.7	4
3586775	7955.ENSDARP00000116075	92.9	201
3571104	7955.ENSDARP00000055809	92.4	3
3570414	7955.ENSDARP00000051361	91.1	197
3579751	7955.ENSDARP00000101055	90.4	10
3571099	7955.ENSDARP00000055770	90.2	18
3572710	7955.ENSDARP00000065955	90.2	2
3574593	7955.ENSDARP00000075994	90.1	21
3565847	7955.ENSDARP00000000392	89.4	19
3582714	7955.ENSDARP00000107538	88.7	2
3568176	7955.ENSDARP00000024304	88.7	2
3585163	7955.ENSDARP00000112050	87.7	3
3570399	7955.ENSDARP00000051230	87.4	23
3570797	7955.ENSDARP00000053833	87.3	5
3569434	7955.ENSDARP00000040404	87.0	12
3570624	7955.ENSDARP00000052687	86.7	29
3569906	7955.ENSDARP00000045608	86.1	4
3587514	7955.ENSDARP00000117990	85.5	2
3570486	7955.ENSDARP00000051806	85.1	2
3583971	7955.ENSDARP00000109871	85.0	5
3577787	7955.ENSDARP00000094826	85.0	2
3568603	7955.ENSDARP00000028911	83.0	3
3578435	7955.ENSDARP00000097665	82.3	16
3581721	7955.ENSDARP00000105678	82.3	16
3570223	7955.ENSDARP00000049225	80.8	10
3579264	7955.ENSDARP00000099772	80.6	194
3573087	7955.ENSDARP00000068111	80.0	6
3571087	7955.ENSDARP00000055709	79.9	6
3578291	7955.ENSDARP00000097050	79.9	27
3567403	7955.ENSDARP00000016602	78.8	3
3572362	7955.ENSDARP00000063805	78.8	13
3586110	7955.ENSDARP00000114342	78.7	1
3584765	7955.ENSDARP00000111326	78.6	193
3579138	7955.ENSDARP00000099464	78.5	5
3573525	7955.ENSDARP00000070462	77.9	4
3572708	7955.ENSDARP00000065940	77.0	5
3569827	7955.ENSDARP00000044682	76.7	7
3568557	7955.ENSDARP00000028134	75.4	10
3566345	7955.ENSDARP00000006320	75.4	10
3586921	7955.ENSDARP00000116441	75.1	5
3574016	7955.ENSDARP00000073095	74.7	2
3565907	7955.ENSDARP00000002223	74.2	5
3568172	7955.ENSDARP00000024272	74.2	61
3588560	7955.ENSDARP00000120690	73.9	9
3570344	7955.ENSDARP00000050752	73.8	5
3583419	7955.ENSDARP00000108873	73.6	3
3567247	7955.ENSDARP00000015065	73.6	3
3568194	7955.ENSDARP00000024433	73.3	5
3571467	7955.ENSDARP00000058094	73.0	8
3572796	7955.ENSDARP00000066619	73.0	26
3574334	7955.ENSDARP00000074719	72.8	6
3588946	7955.ENSDARP00000121692	72.8	7
3571177	7955.ENSDARP00000056277	72.7	4
3586373	7955.ENSDARP00000115045	72.6	27
3580325	7955.ENSDARP00000102559	72.5	3
3586352	7955.ENSDARP00000114988	72.3	15
3583469	7955.ENSDARP00000108963	72.2	14
3571408	7955.ENSDARP00000057698	72.1	19
3570690	7955.ENSDARP00000053151	72.0	8
3571567	7955.ENSDARP00000058694	71.9	1
3578101	7955.ENSDARP00000096291	71.7	9
3578637	7955.ENSDARP00000098175	70.8	6
3583079	7955.ENSDARP00000108224	70.6	183
3566964	7955.ENSDARP00000012226	70.4	4
3576042	7955.ENSDARP00000086515	70.3	2
3585546	7955.ENSDARP00000112873	70.3	2
3565860	7955.ENSDARP00000000979	70.1	4
3580953	7955.ENSDARP00000104198	70.1	9
3586129	7955.ENSDARP00000114396	70.0	7
3581620	7955.ENSDARP00000105519	69.9	1
3590068	7955.ENSDARP00000124776	69.6	3
3579689	7955.ENSDARP00000100908	69.5	27
3583297	7955.ENSDARP00000108629	68.8	3
3577666	7955.ENSDARP00000094289	68.6	4
3588896	7955.ENSDARP00000121564	68.6	1
3569164	7955.ENSDARP00000037025	68.2	4
3579459	7955.ENSDARP00000100307	68.1	4
3585476	7955.ENSDARP00000112646	68.1	2
3570560	7955.ENSDARP00000052354	68.0	17
3568677	7955.ENSDARP00000029935	67.9	6
3576417	7955.ENSDARP00000088646	67.8	10
3574249	7955.ENSDARP00000074163	67.6	8
3568640	7955.ENSDARP00000029491	67.1	9
3570591	7955.ENSDARP00000052476	66.9	7
3576695	7955.ENSDARP00000090030	66.5	17
3565990	7955.ENSDARP00000003038	66.4	16
3572372	7955.ENSDARP00000063856	66.3	4
3568361	7955.ENSDARP00000026092	66.0	2
3587881	7955.ENSDARP00000118904	65.7	14
3587663	7955.ENSDARP00000118370	64.9	4
3569365	7955.ENSDARP00000039656	63.3	11
3575398	7955.ENSDARP00000081474	63.3	8
3575769	7955.ENSDARP00000084303	62.8	4
3572215	7955.ENSDARP00000062897	61.6	5
3576463	7955.ENSDARP00000088891	61.6	1
3590555	7955.ENSDARP00000125941	61.4	11
3588613	7955.ENSDARP00000120838	61.1	1
3568785	7955.ENSDARP00000031737	61.1	1
3590039	7955.ENSDARP00000124672	61.0	5
3568998	7955.ENSDARP00000034733	60.9	10
3577359	7955.ENSDARP00000093027	60.4	22
3565998	7955.ENSDARP00000003107	60.1	4
3579733	7955.ENSDARP00000101021	60.1	2
3569879	7955.ENSDARP00000045298	60.0	3
3585382	7955.ENSDARP00000112435	60.0	3
3572371	7955.ENSDARP00000063848	60.0	34
3584872	7955.ENSDARP00000111539	59.9	16
3566999	7955.ENSDARP00000012500	59.7	14
3567639	7955.ENSDARP00000018923	59.6	9
3566806	7955.ENSDARP00000010862	59.5	14
3568166	7955.ENSDARP00000024210	59.1	46
3570307	7955.ENSDARP00000050295	59.0	1
3573136	7955.ENSDARP00000068371	58.8	5
3571224	7955.ENSDARP00000056582	58.6	2
3591470	7955.ENSDARP00000128168	58.5	10
3570364	7955.ENSDARP00000050915	58.4	8
3568682	7955.ENSDARP00000030050	58.1	44
3566765	7955.ENSDARP00000010413	58.1	44
3583597	7955.ENSDARP00000109199	58.1	44
3582228	7955.ENSDARP00000106602	58.1	2
3566856	7955.ENSDARP00000011226	57.9	3
3580813	7955.ENSDARP00000103854	57.7	44
3572625	7955.ENSDARP00000065396	57.5	2
3581160	7955.ENSDARP00000104653	57.4	9
3584396	7955.ENSDARP00000110670	57.2	3
3591987	7955.ENSDARP00000129267	57.2	6
3577796	7955.ENSDARP00000094849	57.0	32
3573605	7955.ENSDARP00000070950	56.9	3
3569741	7955.ENSDARP00000043710	56.8	12
3571795	7955.ENSDARP00000060159	56.6	3
3569110	7955.ENSDARP00000036317	56.5	2
3568615	7955.ENSDARP00000029090	56.1	6
3579426	7955.ENSDARP00000100229	56.1	6
3571897	7955.ENSDARP00000060765	55.7	9
3589440	7955.ENSDARP00000122934	55.2	3
3568527	7955.ENSDARP00000027775	55.2	3
3574384	7955.ENSDARP00000074936	55.2	2
3578872	7955.ENSDARP00000098757	55.1	3
3579222	7955.ENSDARP00000099662	54.5	6
3566095	7955.ENSDARP00000003828	54.0	4
3575549	7955.ENSDARP00000082673	53.7	2
3567952	7955.ENSDARP00000022310	53.7	5
3572213	7955.ENSDARP00000062873	53.0	2
3578150	7955.ENSDARP00000096443	53.0	7
3576612	7955.ENSDARP00000089645	52.9	10
3571654	7955.ENSDARP00000059227	52.8	10
3568423	7955.ENSDARP00000026766	52.7	2
3573268	7955.ENSDARP00000069063	52.6	11
3579518	7955.ENSDARP00000100443	52.3	3
3565909	7955.ENSDARP00000002234	52.2	3
3573833	7955.ENSDARP00000072337	51.7	21
3571382	7955.ENSDARP00000057576	51.7	10
3570355	7955.ENSDARP00000050864	51.5	3
3584921	7955.ENSDARP00000111631	51.5	9
3571981	7955.ENSDARP00000061365	51.5	9
3569054	7955.ENSDARP00000035453	51.5	9
3571540	7955.ENSDARP00000058554	51.2	5
3567989	7955.ENSDARP00000022579	51.2	3
3567052	7955.ENSDARP00000012986	51.1	3
3581117	7955.ENSDARP00000104575	50.6	6
3583058	7955.ENSDARP00000108190	50.3	4
3584160	7955.ENSDARP00000110238	50.2	4
3580743	7955.ENSDARP00000103660	50.1	6
3573678	7955.ENSDARP00000071510	49.7	4
3590143	7955.ENSDARP00000125036	49.5	33
3589582	7955.ENSDARP00000123299	49.4	34
3574274	7955.ENSDARP00000074330	49.4	4
3566406	7955.ENSDARP00000006875	49.2	6
3574035	7955.ENSDARP00000073195	49.1	28
3581985	7955.ENSDARP00000106164	49.1	29
3572310	7955.ENSDARP00000063483	48.5	19
3567399	7955.ENSDARP00000016540	48.3	8
3590525	7955.ENSDARP00000125876	48.3	3
3586559	7955.ENSDARP00000115511	48.3	2
3574051	7955.ENSDARP00000073298	47.9	5
3573397	7955.ENSDARP00000069759	47.7	5
3585919	7955.ENSDARP00000113858	47.7	13
3591445	7955.ENSDARP00000128116	47.5	5
3576830	7955.ENSDARP00000090619	46.6	5
3577915	7955.ENSDARP00000095348	46.6	3
3574527	7955.ENSDARP00000075688	46.2	6
3571945	7955.ENSDARP00000061097	46.2	27
3578113	7955.ENSDARP00000096322	46.1	2
3571941	7955.ENSDARP00000061057	45.7	22
3588559	7955.ENSDARP00000120686	45.6	1
3580216	7955.ENSDARP00000102286	45.2	16
3577285	7955.ENSDARP00000092585	45.2	16
3585718	7955.ENSDARP00000113292	45.2	16
3583049	7955.ENSDARP00000108177	45.2	4
3575749	7955.ENSDARP00000084170	45.1	3
3568281	7955.ENSDARP00000025342	45.0	3
3589685	7955.ENSDARP00000123538	45.0	3
3576660	7955.ENSDARP00000089816	44.9	3
3582439	7955.ENSDARP00000107004	44.9	4
3576432	7955.ENSDARP00000088722	44.9	3
3583266	7955.ENSDARP00000108560	44.9	2
3586978	7955.ENSDARP00000116598	44.7	4
3569672	7955.ENSDARP00000043001	44.7	3
3581926	7955.ENSDARP00000106050	44.6	12
3586737	7955.ENSDARP00000115964	44.6	110
3574575	7955.ENSDARP00000075883	44.6	3
3587370	7955.ENSDARP00000117657	44.5	4
3572761	7955.ENSDARP00000066383	44.3	11
3567020	7955.ENSDARP00000012691	44.3	2
3577841	7955.ENSDARP00000095064	44.0	5
3575449	7955.ENSDARP00000081856	43.8	7
3580449	7955.ENSDARP00000102928	43.1	4
3573074	7955.ENSDARP00000068070	43.1	7
3584034	7955.ENSDARP00000109993	43.0	4
3583345	7955.ENSDARP00000108724	42.9	19
3566105	7955.ENSDARP00000003905	42.5	27
3574086	7955.ENSDARP00000073437	42.4	3
3590844	7955.ENSDARP00000126705	42.0	22
3580952	7955.ENSDARP00000104196	41.4	6
3582906	7955.ENSDARP00000107877	41.2	4
3589117	7955.ENSDARP00000122116	41.1	6
3566770	7955.ENSDARP00000010427	41.0	6
3568841	7955.ENSDARP00000032505	41.0	6
3581543	7955.ENSDARP00000105368	40.8	9
3584457	7955.ENSDARP00000110780	40.8	9
3574741	7955.ENSDARP00000076580	40.8	9
3565965	7955.ENSDARP00000002825	40.7	9
3592047	7955.ENSDARP00000129394	40.2	3
3572125	7955.ENSDARP00000062403	40.1	1
3583891	7955.ENSDARP00000109720	40.1	7
3569975	7955.ENSDARP00000046442	40.0	27
3583475	7955.ENSDARP00000108972	40.0	1
3584227	7955.ENSDARP00000110352	40.0	1
3582141	7955.ENSDARP00000106441	39.9	108
3569453	7955.ENSDARP00000040644	39.8	7
3565955	7955.ENSDARP00000002761	39.8	7
3575851	7955.ENSDARP00000084961	39.8	7
3566675	7955.ENSDARP00000009538	39.8	2
3573771	7955.ENSDARP00000072020	39.6	5
3575833	7955.ENSDARP00000084821	39.5	3
3577888	7955.ENSDARP00000095260	39.4	2
3578250	7955.ENSDARP00000096860	39.4	5
3572450	7955.ENSDARP00000064310	39.3	1
3573242	7955.ENSDARP00000068957	39.1	6
3581207	7955.ENSDARP00000104730	39.1	4
3586147	7955.ENSDARP00000114437	39.0	17
3568076	7955.ENSDARP00000023429	39.0	15
3570413	7955.ENSDARP00000051359	38.6	108
3582233	7955.ENSDARP00000106613	38.5	4
3574763	7955.ENSDARP00000076731	38.3	4
3589754	7955.ENSDARP00000123715	38.2	4
3568943	7955.ENSDARP00000033828	37.9	6
3576276	7955.ENSDARP00000088020	37.9	15
3571800	7955.ENSDARP00000060174	37.8	2
3567030	7955.ENSDARP00000012767	37.7	15
3569285	7955.ENSDARP00000038651	37.6	6
3566228	7955.ENSDARP00000005224	37.5	28
3571013	7955.ENSDARP00000055286	37.3	8
3579060	7955.ENSDARP00000099251	37.3	8
3578050	7955.ENSDARP00000096043	37.3	8
3578800	7955.ENSDARP00000098595	37.3	8
3568030	7955.ENSDARP00000022929	37.3	8
3569048	7955.ENSDARP00000035387	37.3	5
3568988	7955.ENSDARP00000034536	37.2	1
3584511	7955.ENSDARP00000110875	37.1	3
3573332	7955.ENSDARP00000069387	36.8	3
3568584	7955.ENSDARP00000028641	36.8	2
3565855	7955.ENSDARP00000000803	36.7	28
3573051	7955.ENSDARP00000067933	36.6	18
3584330	7955.ENSDARP00000110546	36.6	4
3568219	7955.ENSDARP00000024693	36.4	2
3572377	7955.ENSDARP00000063891	36.3	6
3573969	7955.ENSDARP00000072903	36.2	7
3591129	7955.ENSDARP00000127392	36.1	11
3572958	7955.ENSDARP00000067478	35.9	3
3569007	7955.ENSDARP00000034827	35.9	3
3579046	7955.ENSDARP00000099216	35.9	8
3567932	7955.ENSDARP00000022120	35.5	4
3567218	7955.ENSDARP00000014852	35.4	2
3582119	7955.ENSDARP00000106400	35.3	2
3587482	7955.ENSDARP00000117916	35.2	11
3570212	7955.ENSDARP00000049108	35.2	3
3566533	7955.ENSDARP00000008085	35.2	3
3570023	7955.ENSDARP00000046972	35.2	4
3579560	7955.ENSDARP00000100563	35.1	1
3568343	7955.ENSDARP00000025885	34.9	18
3577741	7955.ENSDARP00000094626	34.9	29
3573750	7955.ENSDARP00000071885	34.5	2
3567627	7955.ENSDARP00000018819	34.4	2
3583061	7955.ENSDARP00000108193	34.4	5
3568470	7955.ENSDARP00000027139	34.1	2
3580266	7955.ENSDARP00000102398	33.7	4
3586880	7955.ENSDARP00000116332	33.6	1
3570780	7955.ENSDARP00000053699	33.5	1
3568742	7955.ENSDARP00000031014	33.3	1
3585899	7955.ENSDARP00000113791	33.0	8
3568898	7955.ENSDARP00000033328	32.8	5
3571317	7955.ENSDARP00000057178	32.3	27
3573309	7955.ENSDARP00000069254	32.1	1
3568372	7955.ENSDARP00000026241	32.1	7
3578450	7955.ENSDARP00000097708	32.1	7
3572876	7955.ENSDARP00000067039	32.0	2
3567033	7955.ENSDARP00000012791	31.9	4
3588391	7955.ENSDARP00000120247	31.8	1
3571888	7955.ENSDARP00000060713	31.8	3
3572550	7955.ENSDARP00000064973	31.8	1
3571396	7955.ENSDARP00000057637	31.6	6
3574867	7955.ENSDARP00000077369	31.6	1
3576711	7955.ENSDARP00000090093	31.5	2
3571405	7955.ENSDARP00000057688	31.3	2
3584235	7955.ENSDARP00000110363	31.2	3
3578066	7955.ENSDARP00000096118	30.9	4
3574354	7955.ENSDARP00000074827	30.8	8
3577301	7955.ENSDARP00000092677	30.6	4
3570339	7955.ENSDARP00000050657	30.3	3
3579770	7955.ENSDARP00000101117	30.0	8
3577659	7955.ENSDARP00000094269	30.0	2
3568473	7955.ENSDARP00000027159	30.0	2
3570172	7955.ENSDARP00000048675	29.7	2
3572521	7955.ENSDARP00000064746	29.5	1
3582097	7955.ENSDARP00000106359	29.4	2
3566240	7955.ENSDARP00000005281	29.4	2
3566151	7955.ENSDARP00000004394	29.3	23
3577823	7955.ENSDARP00000094991	29.3	3
3570550	7955.ENSDARP00000052324	29.1	3
3580318	7955.ENSDARP00000102543	29.1	6
3583100	7955.ENSDARP00000108264	28.9	27
3566322	7955.ENSDARP00000006085	28.9	2
3582817	7955.ENSDARP00000107718	28.5	1
3567059	7955.ENSDARP00000013042	28.2	28
3569856	7955.ENSDARP00000045068	28.1	4
3576976	7955.ENSDARP00000091324	28.0	8
3566252	7955.ENSDARP00000005382	27.8	2
3566860	7955.ENSDARP00000011269	27.6	88
3566319	7955.ENSDARP00000006047	27.2	3
3570049	7955.ENSDARP00000047200	27.2	10
3581834	7955.ENSDARP00000105892	27.1	2
3570824	7955.ENSDARP00000053962	27.1	4
3583548	7955.ENSDARP00000109106	27.0	2
3567967	7955.ENSDARP00000022440	27.0	4
3568215	7955.ENSDARP00000024667	26.7	4
3577626	7955.ENSDARP00000094134	26.6	1
3567082	7955.ENSDARP00000013286	26.6	15
3570081	7955.ENSDARP00000047530	26.5	3
3566409	7955.ENSDARP00000006888	26.3	15
3578354	7955.ENSDARP00000097435	26.3	1
3591339	7955.ENSDARP00000127882	26.2	3
3583294	7955.ENSDARP00000108625	26.2	1
3570239	7955.ENSDARP00000049419	26.2	3
3566246	7955.ENSDARP00000005329	26.1	27
3577290	7955.ENSDARP00000092617	26.0	2
3576153	7955.ENSDARP00000087338	25.7	5
3565920	7955.ENSDARP00000002360	25.7	5
3565872	7955.ENSDARP00000001263	25.7	4
3586486	7955.ENSDARP00000115345	25.5	3
3588731	7955.ENSDARP00000121163	25.4	3
3567666	7955.ENSDARP00000019176	25.2	1
3573386	7955.ENSDARP00000069695	25.2	46
3575630	7955.ENSDARP00000083337	25.0	1
3582950	7955.ENSDARP00000107971	24.8	1
3581788	7955.ENSDARP00000105799	24.7	6
3588952	7955.ENSDARP00000121708	24.7	2
3575368	7955.ENSDARP00000081244	24.6	5
3581781	7955.ENSDARP00000105782	24.5	4
3567229	7955.ENSDARP00000014955	24.3	3
3568398	7955.ENSDARP00000026495	24.3	1
3569913	7955.ENSDARP00000045668	24.0	15
3588168	7955.ENSDARP00000119693	23.6	1
3588590	7955.ENSDARP00000120778	23.4	27
3574673	7955.ENSDARP00000076333	23.4	1
3585496	7955.ENSDARP00000112736	23.3	3
3566960	7955.ENSDARP00000012197	23.2	2
3583226	7955.ENSDARP00000108490	23.2	1
3575350	7955.ENSDARP00000081054	23.1	3
3577074	7955.ENSDARP00000091773	23.0	2
3583491	7955.ENSDARP00000109007	22.9	1
3577478	7955.ENSDARP00000093555	22.9	3
3572109	7955.ENSDARP00000062337	22.9	4
3577655	7955.ENSDARP00000094251	22.8	1
3572358	7955.ENSDARP00000063778	22.4	3
3580527	7955.ENSDARP00000103118	22.4	3
3590501	7955.ENSDARP00000125818	22.3	4
3569626	7955.ENSDARP00000042420	22.3	4
3572086	7955.ENSDARP00000062145	22.3	4
3591601	7955.ENSDARP00000128432	22.3	6
3566671	7955.ENSDARP00000009507	22.2	2
3582221	7955.ENSDARP00000106591	22.1	4
3582215	7955.ENSDARP00000106579	21.9	2
3569338	7955.ENSDARP00000039201	21.9	2
3568156	7955.ENSDARP00000024120	21.9	5
3567013	7955.ENSDARP00000012595	21.8	3
3580359	7955.ENSDARP00000102663	21.8	4
3578103	7955.ENSDARP00000096295	21.8	2
3583868	7955.ENSDARP00000109682	21.7	4
3567418	7955.ENSDARP00000016749	21.7	4
3588866	7955.ENSDARP00000121492	21.6	11
3568811	7955.ENSDARP00000032153	21.4	1
3572937	7955.ENSDARP00000067373	21.4	1
3569187	7955.ENSDARP00000037326	21.4	11
3572110	7955.ENSDARP00000062341	21.4	4
3578775	7955.ENSDARP00000098524	21.3	1
3568270	7955.ENSDARP00000025226	21.3	1
3584205	7955.ENSDARP00000110316	20.8	2
3570079	7955.ENSDARP00000047527	20.7	11
3590089	7955.ENSDARP00000124846	20.7	3
3587439	7955.ENSDARP00000117834	20.3	2
3567563	7955.ENSDARP00000018027	20.3	2
3587511	7955.ENSDARP00000117985	20.1	2
3592136	7955.ENSDARP00000129600	20.0	6
3591853	7955.ENSDARP00000128976	20.0	4
3572760	7955.ENSDARP00000066382	19.9	5
3577662	7955.ENSDARP00000094282	19.9	2
3581499	7955.ENSDARP00000105300	19.8	2
3586640	7955.ENSDARP00000115698	19.8	16
3573974	7955.ENSDARP00000072922	19.8	2
3570623	7955.ENSDARP00000052682	19.8	14
3591564	7955.ENSDARP00000128354	19.6	11
3579882	7955.ENSDARP00000101412	19.6	2
3577171	7955.ENSDARP00000092093	19.5	1
3582415	7955.ENSDARP00000106960	19.5	3
3565883	7955.ENSDARP00000001845	19.2	1
3589767	7955.ENSDARP00000123778	19.2	2
3577269	7955.ENSDARP00000092510	19.2	5
3582929	7955.ENSDARP00000107930	19.2	5
3586312	7955.ENSDARP00000114871	19.0	4
3586230	7955.ENSDARP00000114649	19.0	4
3571369	7955.ENSDARP00000057499	19.0	2
3588935	7955.ENSDARP00000121670	18.5	1
3583991	7955.ENSDARP00000109902	18.5	1
3573127	7955.ENSDARP00000068317	18.2	7
3571389	7955.ENSDARP00000057604	18.1	1
3574900	7955.ENSDARP00000077647	18.0	3
3584090	7955.ENSDARP00000110096	18.0	2
3585627	7955.ENSDARP00000113049	18.0	2
3568755	7955.ENSDARP00000031210	17.9	4
3573990	7955.ENSDARP00000072987	17.9	3
3576460	7955.ENSDARP00000088880	17.8	15
3566670	7955.ENSDARP00000009474	17.8	3
3591900	7955.ENSDARP00000129087	17.8	14
3574945	7955.ENSDARP00000077888	17.6	1
3567130	7955.ENSDARP00000013803	17.5	2
3566009	7955.ENSDARP00000003177	17.5	5
3585520	7955.ENSDARP00000112809	17.4	1
3566277	7955.ENSDARP00000005640	17.4	1
3568225	7955.ENSDARP00000024748	17.3	2
3566313	7955.ENSDARP00000006001	17.3	2
3573867	7955.ENSDARP00000072482	17.3	2
3573985	7955.ENSDARP00000072971	17.3	3
3583873	7955.ENSDARP00000109694	17.3	1
3578535	7955.ENSDARP00000097937	17.2	1
3566096	7955.ENSDARP00000003829	17.1	1
3569432	7955.ENSDARP00000040389	16.9	1
3585295	7955.ENSDARP00000112265	16.9	5
3569973	7955.ENSDARP00000046430	16.8	1
3571210	7955.ENSDARP00000056465	16.7	5
3574043	7955.ENSDARP00000073256	16.2	3
3570025	7955.ENSDARP00000046982	16.1	1
3567455	7955.ENSDARP00000017029	16.0	13
3570334	7955.ENSDARP00000050602	15.9	1
3573292	7955.ENSDARP00000069178	15.7	2
3574432	7955.ENSDARP00000075217	15.7	1
3568097	7955.ENSDARP00000023640	15.7	1
3579123	7955.ENSDARP00000099423	15.5	1
3572033	7955.ENSDARP00000061735	15.5	1
3572614	7955.ENSDARP00000065355	15.4	14
3567451	7955.ENSDARP00000016984	15.3	2
3579211	7955.ENSDARP00000099639	15.3	5
3567669	7955.ENSDARP00000019206	15.0	1
3583735	7955.ENSDARP00000109442	14.9	4
3578131	7955.ENSDARP00000096381	14.7	1
3588782	7955.ENSDARP00000121308	14.7	1
3584658	7955.ENSDARP00000111142	14.7	3
3575199	7955.ENSDARP00000079877	14.6	2
3577799	7955.ENSDARP00000094885	14.6	2
3582635	7955.ENSDARP00000107383	14.5	2
3590874	7955.ENSDARP00000126769	14.5	2
3581789	7955.ENSDARP00000105800	14.4	1
3569925	7955.ENSDARP00000045815	14.3	2
3577395	7955.ENSDARP00000093211	14.2	3
3569586	7955.ENSDARP00000041991	14.2	3
3578082	7955.ENSDARP00000096226	14.2	1
3589751	7955.ENSDARP00000123705	14.1	2
3584750	7955.ENSDARP00000111296	14.1	1
3573418	7955.ENSDARP00000069904	14.0	1
3567996	7955.ENSDARP00000022618	14.0	1
3569834	7955.ENSDARP00000044836	14.0	5
3586591	7955.ENSDARP00000115580	14.0	1
3568103	7955.ENSDARP00000023685	13.8	1
3577368	7955.ENSDARP00000093080	13.8	1
3570061	7955.ENSDARP00000047376	13.7	1
3576248	7955.ENSDARP00000087879	13.7	1
3591254	7955.ENSDARP00000127697	13.6	1
3571564	7955.ENSDARP00000058679	13.6	1
3580710	7955.ENSDARP00000103592	13.5	1
3586877	7955.ENSDARP00000116328	13.5	2
3580616	7955.ENSDARP00000103352	13.5	2
3568120	7955.ENSDARP00000023805	13.5	3
3573379	7955.ENSDARP00000069669	13.4	2
3576026	7955.ENSDARP00000086433	13.3	1
3585998	7955.ENSDARP00000114046	13.2	1
3566772	7955.ENSDARP00000010437	13.1	1
3585423	7955.ENSDARP00000112511	13.0	1
3590080	7955.ENSDARP00000124805	13.0	2
3585168	7955.ENSDARP00000112056	12.9	2
3574758	7955.ENSDARP00000076687	12.8	1
3587159	7955.ENSDARP00000117083	12.8	1
3571271	7955.ENSDARP00000056852	12.7	37
3583815	7955.ENSDARP00000109583	12.7	3
3582123	7955.ENSDARP00000106409	12.7	1
3567551	7955.ENSDARP00000017916	12.5	4
3568548	7955.ENSDARP00000028033	12.4	2
3583745	7955.ENSDARP00000109462	12.3	1
3571128	7955.ENSDARP00000055970	12.3	3
3578532	7955.ENSDARP00000097932	12.3	2
3571260	7955.ENSDARP00000056766	12.2	1
3568478	7955.ENSDARP00000027276	12.2	2
3584681	7955.ENSDARP00000111179	12.1	2
3577172	7955.ENSDARP00000092100	12.1	2
3567203	7955.ENSDARP00000014732	12.0	2
3569663	7955.ENSDARP00000042894	11.9	2
3570934	7955.ENSDARP00000054780	11.9	4
3582797	7955.ENSDARP00000107686	11.9	1
3576193	7955.ENSDARP00000087584	11.9	2
3583781	7955.ENSDARP00000109527	11.8	1
3571047	7955.ENSDARP00000055490	11.8	2
3584251	7955.ENSDARP00000110394	11.8	4
3569318	7955.ENSDARP00000038975	11.8	1
3570809	7955.ENSDARP00000053874	11.8	4
3583978	7955.ENSDARP00000109883	11.6	7
3569962	7955.ENSDARP00000046259	11.5	1
3575624	7955.ENSDARP00000083259	11.5	3
3577189	7955.ENSDARP00000092224	11.5	12
3586747	7955.ENSDARP00000115981	11.4	4
3583376	7955.ENSDARP00000108791	11.4	2
3589492	7955.ENSDARP00000123071	11.4	1
3567552	7955.ENSDARP00000017923	11.3	1
3591223	7955.ENSDARP00000127626	11.3	3
3572970	7955.ENSDARP00000067534	11.2	3
3589679	7955.ENSDARP00000123530	11.2	1
3571247	7955.ENSDARP00000056711	11.1	1
3585378	7955.ENSDARP00000112428	11.0	1
3567227	7955.ENSDARP00000014929	11.0	2
3569368	7955.ENSDARP00000039699	11.0	2
3579184	7955.ENSDARP00000099570	11.0	2
3574460	7955.ENSDARP00000075348	10.9	2
3577859	7955.ENSDARP00000095128	10.8	6
3588692	7955.ENSDARP00000121065	10.7	6
3581802	7955.ENSDARP00000105821	10.7	2
3583210	7955.ENSDARP00000108469	10.7	2
3577632	7955.ENSDARP00000094162	10.6	2
3574481	7955.ENSDARP00000075482	10.4	1
3586572	7955.ENSDARP00000115544	10.3	1
3580055	7955.ENSDARP00000101866	10.3	2
3578513	7955.ENSDARP00000097865	10.2	1
3566178	7955.ENSDARP00000004741	10.2	1
3569721	7955.ENSDARP00000043498	10.2	1
3583874	7955.ENSDARP00000109695	10.1	3
3567081	7955.ENSDARP00000013280	10.1	1
3566516	7955.ENSDARP00000007921	10.1	1
3569839	7955.ENSDARP00000044895	10.0	4
3572868	7955.ENSDARP00000067004	10.0	2
3569360	7955.ENSDARP00000039570	9.99	4
3569354	7955.ENSDARP00000039450	9.99	1
3572479	7955.ENSDARP00000064511	9.96	1
3586000	7955.ENSDARP00000114052	9.94	2
3590528	7955.ENSDARP00000125879	9.85	4
3573792	7955.ENSDARP00000072130	9.83	6
3588068	7955.ENSDARP00000119407	9.82	6
3570948	7955.ENSDARP00000054848	9.79	1
3590582	7955.ENSDARP00000126029	9.75	1
3567108	7955.ENSDARP00000013512	9.68	4
3578007	7955.ENSDARP00000095754	9.64	1
3570764	7955.ENSDARP00000053576	9.6	1
3574824	7955.ENSDARP00000076957	9.55	1
3567997	7955.ENSDARP00000022638	9.52	3
3570975	7955.ENSDARP00000055063	9.51	1
3580082	7955.ENSDARP00000101952	9.48	1
3585507	7955.ENSDARP00000112777	9.48	1
3586850	7955.ENSDARP00000116248	9.25	1
3567183	7955.ENSDARP00000014422	9.17	2
3568629	7955.ENSDARP00000029343	9.17	1
3579716	7955.ENSDARP00000100984	9.17	3
3577305	7955.ENSDARP00000092698	9.17	3
3577303	7955.ENSDARP00000092691	9.17	3
3579073	7955.ENSDARP00000099283	9.17	3
3571809	7955.ENSDARP00000060202	9.17	1
3568331	7955.ENSDARP00000025779	9.15	1
3588543	7955.ENSDARP00000120649	9.06	2
3579622	7955.ENSDARP00000100755	9.03	1
3580894	7955.ENSDARP00000104056	8.9	1
3586029	7955.ENSDARP00000114134	8.89	1
3572471	7955.ENSDARP00000064461	8.8	2
3586319	7955.ENSDARP00000114891	8.79	1
3567845	7955.ENSDARP00000021124	8.71	3
3577335	7955.ENSDARP00000092867	8.71	4
3580542	7955.ENSDARP00000103160	8.57	1
3566500	7955.ENSDARP00000007799	8.5	1
3570521	7955.ENSDARP00000052090	8.45	1
3570227	7955.ENSDARP00000049290	8.44	2
3575103	7955.ENSDARP00000079165	8.42	2
3571092	7955.ENSDARP00000055741	8.39	3
3573437	7955.ENSDARP00000070003	8.31	1
3586960	7955.ENSDARP00000116558	8.29	1
3572428	7955.ENSDARP00000064171	8.26	2
3591719	7955.ENSDARP00000128680	8.2	2
3574878	7955.ENSDARP00000077445	8.17	1
3577856	7955.ENSDARP00000095115	8.04	1
3569144	7955.ENSDARP00000036825	7.89	1
3566152	7955.ENSDARP00000004404	7.87	1
3567404	7955.ENSDARP00000016622	7.86	3
3590352	7955.ENSDARP00000125469	7.86	3
3583645	7955.ENSDARP00000109278	7.82	2
3576295	7955.ENSDARP00000088098	7.63	2
3568744	7955.ENSDARP00000031042	7.59	11
3591087	7955.ENSDARP00000127272	7.57	1
3574080	7955.ENSDARP00000073415	7.49	41
3576135	7955.ENSDARP00000087158	7.4	5
3576757	7955.ENSDARP00000090306	7.39	41
3574592	7955.ENSDARP00000075987	7.38	1
3569734	7955.ENSDARP00000043659	7.27	1
3568449	7955.ENSDARP00000026992	7.25	2
3569664	7955.ENSDARP00000042900	7.23	1
3583660	7955.ENSDARP00000109303	7.22	4
3582736	7955.ENSDARP00000107572	7.22	3
3579176	7955.ENSDARP00000099554	7.19	1
3570237	7955.ENSDARP00000049374	7.14	3
3569169	7955.ENSDARP00000037108	7.0	1
3581547	7955.ENSDARP00000105375	6.98	3
3574257	7955.ENSDARP00000074186	6.77	1
3573608	7955.ENSDARP00000070966	6.71	10
3591819	7955.ENSDARP00000128890	6.56	1
3570008	7955.ENSDARP00000046840	6.54	1
3591349	7955.ENSDARP00000127908	6.53	5
3566538	7955.ENSDARP00000008099	6.49	1
3575096	7955.ENSDARP00000079110	6.48	1
3576390	7955.ENSDARP00000088494	6.46	5
3575319	7955.ENSDARP00000080761	6.43	1
3569538	7955.ENSDARP00000041532	6.42	11
3588396	7955.ENSDARP00000120266	6.41	1
3582580	7955.ENSDARP00000107277	6.4	6
3583589	7955.ENSDARP00000109189	6.33	6
3586992	7955.ENSDARP00000116646	6.32	3
3567811	7955.ENSDARP00000020770	6.28	1
3582558	7955.ENSDARP00000107238	6.23	3
3588462	7955.ENSDARP00000120440	6.2	1
3576917	7955.ENSDARP00000091007	6.14	3
3576947	7955.ENSDARP00000091115	6.11	5
3574405	7955.ENSDARP00000075079	6.09	10
3586155	7955.ENSDARP00000114456	6.06	13
3566804	7955.ENSDARP00000010840	6.01	3
3567196	7955.ENSDARP00000014578	6.0	2
3586040	7955.ENSDARP00000114189	5.92	1
3589100	7955.ENSDARP00000122087	5.85	1
3579004	7955.ENSDARP00000099084	5.79	1
3572528	7955.ENSDARP00000064802	5.75	1
3568970	7955.ENSDARP00000034228	5.72	3
3571439	7955.ENSDARP00000057912	5.7	12
3582304	7955.ENSDARP00000106752	5.64	1
3582910	7955.ENSDARP00000107886	5.52	5
3569798	7955.ENSDARP00000044330	5.5	1
3579128	7955.ENSDARP00000099444	5.45	1
3576544	7955.ENSDARP00000089263	5.44	3
3584521	7955.ENSDARP00000110889	5.43	1
3583022	7955.ENSDARP00000108133	5.4	2
3573780	7955.ENSDARP00000072076	5.3	1
3570258	7955.ENSDARP00000049650	5.28	1
3584018	7955.ENSDARP00000109958	5.23	6
3584404	7955.ENSDARP00000110682	5.23	6
3589704	7955.ENSDARP00000123568	5.18	1
3588781	7955.ENSDARP00000121299	5.1	1
3576457	7955.ENSDARP00000088868	5.1	2
3566959	7955.ENSDARP00000012186	5.09	1
3578122	7955.ENSDARP00000096357	5.06	1
3578851	7955.ENSDARP00000098714	5.0	1
3569884	7955.ENSDARP00000045373	4.99	1
3569717	7955.ENSDARP00000043454	4.99	1
3585949	7955.ENSDARP00000113934	4.87	1
3580452	7955.ENSDARP00000102939	4.84	1
3586001	7955.ENSDARP00000114053	4.83	2
3590163	7955.ENSDARP00000125089	4.8	34
3572491	7955.ENSDARP00000064557	4.8	1
3589280	7955.ENSDARP00000122502	4.8	34
3586894	7955.ENSDARP00000116372	4.79	34
3586384	7955.ENSDARP00000115072	4.79	34
3588860	7955.ENSDARP00000121484	4.79	34
3572824	7955.ENSDARP00000066781	4.76	4
3580646	7955.ENSDARP00000103413	4.7	1
3584554	7955.ENSDARP00000110951	4.7	3
3588418	7955.ENSDARP00000120324	4.7	3
3573353	7955.ENSDARP00000069533	4.69	4
3574644	7955.ENSDARP00000076212	4.68	1
3580957	7955.ENSDARP00000104209	4.66	4
3572012	7955.ENSDARP00000061623	4.65	5
3566586	7955.ENSDARP00000008601	4.64	3
3582402	7955.ENSDARP00000106941	4.62	1
3575837	7955.ENSDARP00000084839	4.46	1
3573479	7955.ENSDARP00000070225	4.44	2
3578534	7955.ENSDARP00000097936	4.36	1
3574908	7955.ENSDARP00000077698	4.3	1
3576900	7955.ENSDARP00000090936	4.17	2
3574649	7955.ENSDARP00000076230	4.16	5
3585017	7955.ENSDARP00000111803	4.1	1
3570806	7955.ENSDARP00000053867	4.1	1
3571640	7955.ENSDARP00000059173	4.05	1
3583288	7955.ENSDARP00000108614	4.05	12
3574331	7955.ENSDARP00000074706	4.02	11
3575580	7955.ENSDARP00000082917	4.02	4
3589560	7955.ENSDARP00000123235	3.95	1
3579451	7955.ENSDARP00000100290	3.94	4
3573382	7955.ENSDARP00000069676	3.93	10
3570106	7955.ENSDARP00000047843	3.9	2
3577701	7955.ENSDARP00000094422	3.82	1
3585713	7955.ENSDARP00000113279	3.72	5
3572202	7955.ENSDARP00000062819	3.71	2
3569756	7955.ENSDARP00000043854	3.67	1
3582247	7955.ENSDARP00000106639	3.65	1
3573300	7955.ENSDARP00000069215	3.62	1
3568317	7955.ENSDARP00000025652	3.62	1
3568577	7955.ENSDARP00000028543	3.5	5
3571595	7955.ENSDARP00000058875	3.37	1
3569389	7955.ENSDARP00000039916	3.36	1
3587421	7955.ENSDARP00000117800	3.34	1
3572740	7955.ENSDARP00000066229	3.27	1
3578960	7955.ENSDARP00000098986	3.23	1
3585896	7955.ENSDARP00000113777	3.11	2
3586179	7955.ENSDARP00000114513	3.05	2
3571134	7955.ENSDARP00000056020	3.03	1
3574978	7955.ENSDARP00000078114	3.02	3
3586480	7955.ENSDARP00000115333	3.0	1
3583918	7955.ENSDARP00000109771	3.0	1
3581745	7955.ENSDARP00000105718	3.0	1
3580286	7955.ENSDARP00000102443	2.96	1
3568923	7955.ENSDARP00000033554	2.95	1
3582514	7955.ENSDARP00000107164	2.85	1
3567390	7955.ENSDARP00000016395	2.84	1
3587266	7955.ENSDARP00000117378	2.82	1
3572398	7955.ENSDARP00000064030	2.77	2
3589211	7955.ENSDARP00000122354	2.77	3
3583932	7955.ENSDARP00000109800	2.76	3
3589782	7955.ENSDARP00000123814	2.72	1
3590544	7955.ENSDARP00000125918	2.59	4
3585751	7955.ENSDARP00000113373	2.56	2
3579239	7955.ENSDARP00000099721	2.52	1
3570633	7955.ENSDARP00000052749	2.48	1
3587552	7955.ENSDARP00000118068	2.45	2
3586665	7955.ENSDARP00000115785	2.29	1
3568803	7955.ENSDARP00000032005	2.28	1
3590550	7955.ENSDARP00000125930	2.26	1
3586501	7955.ENSDARP00000115391	2.14	1
3590485	7955.ENSDARP00000125774	2.09	2
3580536	7955.ENSDARP00000103150	2.03	1
3585717	7955.ENSDARP00000113290	1.94	5
3569787	7955.ENSDARP00000044183	1.85	1
3571178	7955.ENSDARP00000056279	1.85	2
3585746	7955.ENSDARP00000113362	1.64	2
3586205	7955.ENSDARP00000114580	1.58	5
3572916	7955.ENSDARP00000067187	1.55	3
3589622	7955.ENSDARP00000123393	1.51	3
3568216	7955.ENSDARP00000024670	1.43	1
3570910	7955.ENSDARP00000054598	1.42	1
3583250	7955.ENSDARP00000108536	1.4	11
3577479	7955.ENSDARP00000093557	1.33	1
3569690	7955.ENSDARP00000043179	1.33	1
3573286	7955.ENSDARP00000069157	1.32	1
3571270	7955.ENSDARP00000056848	1.29	11
3566751	7955.ENSDARP00000010256	1.27	1
3570066	7955.ENSDARP00000047408	1.25	2
3569830	7955.ENSDARP00000044734	1.21	1
3568778	7955.ENSDARP00000031658	1.2	2
3587343	7955.ENSDARP00000117582	1.19	1
3584842	7955.ENSDARP00000111488	1.16	1
3585618	7955.ENSDARP00000113029	1.1	1
3570752	7955.ENSDARP00000053510	1.09	1
3588582	7955.ENSDARP00000120745	1.08	3
3581291	7955.ENSDARP00000104899	1.07	3
3590788	7955.ENSDARP00000126580	1.03	1
3575643	7955.ENSDARP00000083447	1.0	1
3579065	7955.ENSDARP00000099263	1.0	1
3585577	7955.ENSDARP00000112940	0.897	1
3575865	7955.ENSDARP00000085102	0.868	1
3569660	7955.ENSDARP00000042866	0.834	1
3589948	7955.ENSDARP00000124366	0.778	2
3571629	7955.ENSDARP00000059038	0.706	1
3580761	7955.ENSDARP00000103712	0.681	3
3567737	7955.ENSDARP00000019957	0.554	2
3573872	7955.ENSDARP00000072498	0.553	3
3571097	7955.ENSDARP00000055756	0.46	1
3591616	7955.ENSDARP00000128469	0.414	1
3587647	7955.ENSDARP00000118321	0.392	3
3572689	7955.ENSDARP00000065840	0.369	1
3590950	7955.ENSDARP00000126924	0.293	3
3590309	7955.ENSDARP00000125383	0.216	1
3590953	7955.ENSDARP00000126928	0.204	1
3591814	7955.ENSDARP00000128879	0.181	1
3585843	7955.ENSDARP00000113623	0.168	1
3573590	7955.ENSDARP00000070818	0.159	1
3587957	7955.ENSDARP00000119111	0.154	1
3586822	7955.ENSDARP00000116181	0.149	1
3578239	7955.ENSDARP00000096822	0.13	1
3590277	7955.ENSDARP00000125323	0.115	1
3590254	7955.ENSDARP00000125268	0.112	1
3585965	7955.ENSDARP00000113965	0.097	1
3584167	7955.ENSDARP00000110252	0.091	1
3590854	7955.ENSDARP00000126725	0.087	3
3587615	7955.ENSDARP00000118221	0.083	1
3591155	7955.ENSDARP00000127452	0.083	1
3584957	7955.ENSDARP00000111693	0.081	1
3590445	7955.ENSDARP00000125666	0.077	1
3579526	7955.ENSDARP00000100467	0.069	1
3579088	7955.ENSDARP00000099331	0.066	1
3587917	7955.ENSDARP00000118999	0.065	1
3579699	7955.ENSDARP00000100956	0.063	1
3590299	7955.ENSDARP00000125369	0.054	1
3582252	7955.ENSDARP00000106653	0.053	1
3580870	7955.ENSDARP00000104001	0.052	1
3587738	7955.ENSDARP00000118564	0.048	1
3587646	7955.ENSDARP00000118312	0.047	1
3590783	7955.ENSDARP00000126566	0.045	1
3590173	7955.ENSDARP00000125117	0.045	1
3583358	7955.ENSDARP00000108749	0.035	1
3591475	7955.ENSDARP00000128174	0.034	1
3587267	7955.ENSDARP00000117380	0.034	1
3580928	7955.ENSDARP00000104140	0.033	1
3586107	7955.ENSDARP00000114332	0.033	1
3580233	7955.ENSDARP00000102324	0.033	1
3590834	7955.ENSDARP00000126683	0.033	1
3585228	7955.ENSDARP00000112146	0.033	1
3580234	7955.ENSDARP00000102325	0.033	1
3583201	7955.ENSDARP00000108448	0.033	1
3586584	7955.ENSDARP00000115570	0.032	1
3583633	7955.ENSDARP00000109253	0.031	1
3587221	7955.ENSDARP00000117255	0.031	1
3590824	7955.ENSDARP00000126660	0.031	1
3580327	7955.ENSDARP00000102562	0.031	1
3582586	7955.ENSDARP00000107286	0.031	1
3590821	7955.ENSDARP00000126654	0.03	1
3576509	7955.ENSDARP00000089105	0.03	1
3577329	7955.ENSDARP00000092817	0.03	1
3582033	7955.ENSDARP00000106249	0.03	1
3590784	7955.ENSDARP00000126570	0.029	1
3590926	7955.ENSDARP00000126880	0.029	1
3591656	7955.ENSDARP00000128556	0.029	1
3587652	7955.ENSDARP00000118334	0.029	1
3587356	7955.ENSDARP00000117616	0.029	1
3586514	7955.ENSDARP00000115410	0.029	1
3585632	7955.ENSDARP00000113059	0.029	1
3585773	7955.ENSDARP00000113434	0.029	1
3576870	7955.ENSDARP00000090800	0.028	1
3584109	7955.ENSDARP00000110138	0.028	1
3581373	7955.ENSDARP00000105055	0.028	1
3589264	7955.ENSDARP00000122470	0.028	1
3586311	7955.ENSDARP00000114868	0.028	1
3585286	7955.ENSDARP00000112253	0.028	1
3589737	7955.ENSDARP00000123666	0.028	1
3587708	7955.ENSDARP00000118495	0.028	1
3576334	7955.ENSDARP00000088283	0.028	1
3585728	7955.ENSDARP00000113317	0.028	1
3591317	7955.ENSDARP00000127840	0.028	1
3587900	7955.ENSDARP00000118953	0.028	1
3580652	7955.ENSDARP00000103429	0.027	1
3578712	7955.ENSDARP00000098365	0.027	1
3588930	7955.ENSDARP00000121660	0.027	1
3590335	7955.ENSDARP00000125435	0.027	1
3582911	7955.ENSDARP00000107891	0.027	1
3590799	7955.ENSDARP00000126607	0.027	1
3587097	7955.ENSDARP00000116933	0.027	1
3590867	7955.ENSDARP00000126760	0.027	1
3585719	7955.ENSDARP00000113293	0.027	1
3590891	7955.ENSDARP00000126814	0.027	1
3588133	7955.ENSDARP00000119591	0.027	1
3589472	7955.ENSDARP00000123009	0.027	1
3583832	7955.ENSDARP00000109621	0.027	1
3583338	7955.ENSDARP00000108714	0.027	1
3590425	7955.ENSDARP00000125615	0.027	1
3588874	7955.ENSDARP00000121507	0.027	1
3589138	7955.ENSDARP00000122167	0.026	1
3580650	7955.ENSDARP00000103419	0.026	1
3583231	7955.ENSDARP00000108501	0.026	1
3583772	7955.ENSDARP00000109510	0.026	1
3588465	7955.ENSDARP00000120445	0.026	1
3587118	7955.ENSDARP00000116988	0.026	1
3588008	7955.ENSDARP00000119246	0.026	1
3581255	7955.ENSDARP00000104832	0.026	1
3586855	7955.ENSDARP00000116259	0.026	1
3583603	7955.ENSDARP00000109208	0.026	1
3582414	7955.ENSDARP00000106959	0.026	1
3588523	7955.ENSDARP00000120603	0.026	1
3572449	7955.ENSDARP00000064306	0.025	1
3590322	7955.ENSDARP00000125410	0.025	1
3590728	7955.ENSDARP00000126422	0.025	1
3582710	7955.ENSDARP00000107534	0.025	1
3589686	7955.ENSDARP00000123539	0.025	1
3586181	7955.ENSDARP00000114517	0.025	1
3590295	7955.ENSDARP00000125358	0.025	1
3587390	7955.ENSDARP00000117718	0.025	1
3586849	7955.ENSDARP00000116247	0.025	1
3587059	7955.ENSDARP00000116832	0.025	1
3590726	7955.ENSDARP00000126414	0.025	1
3589526	7955.ENSDARP00000123142	0.025	1
3588261	7955.ENSDARP00000119925	0.025	1
3586704	7955.ENSDARP00000115884	0.025	1
3578446	7955.ENSDARP00000097698	0.025	1
3578234	7955.ENSDARP00000096770	0.025	1
3581484	7955.ENSDARP00000105275	0.025	1
3583741	7955.ENSDARP00000109455	0.025	1
3581728	7955.ENSDARP00000105693	0.025	1
3582606	7955.ENSDARP00000107320	0.025	1
3583910	7955.ENSDARP00000109758	0.025	1
3574923	7955.ENSDARP00000077773	0.024	1
3588193	7955.ENSDARP00000119753	0.024	1
3589654	7955.ENSDARP00000123469	0.024	1
3577997	7955.ENSDARP00000095691	0.024	1
3578385	7955.ENSDARP00000097516	0.024	1
3585564	7955.ENSDARP00000112920	0.024	1
3590718	7955.ENSDARP00000126394	0.024	1
3589487	7955.ENSDARP00000123049	0.024	1
3586215	7955.ENSDARP00000114613	0.024	1
3587792	7955.ENSDARP00000118683	0.024	1
3581085	7955.ENSDARP00000104505	0.024	1
3591769	7955.ENSDARP00000128789	0.024	1
3583561	7955.ENSDARP00000109127	0.024	1
3590835	7955.ENSDARP00000126687	0.024	1
3587828	7955.ENSDARP00000118762	0.024	1
3590717	7955.ENSDARP00000126393	0.024	1
3589037	7955.ENSDARP00000121927	0.024	1
3588234	7955.ENSDARP00000119862	0.024	1
3582305	7955.ENSDARP00000106753	0.024	1
3583936	7955.ENSDARP00000109811	0.024	1
3590700	7955.ENSDARP00000126357	0.024	1
3590355	7955.ENSDARP00000125473	0.024	1
3590421	7955.ENSDARP00000125611	0.024	1
3578670	7955.ENSDARP00000098264	0.024	1
3587320	7955.ENSDARP00000117528	0.024	1
3590358	7955.ENSDARP00000125481	0.023	1
3590269	7955.ENSDARP00000125309	0.023	1
3585581	7955.ENSDARP00000112949	0.023	1
3587307	7955.ENSDARP00000117486	0.023	1
3589539	7955.ENSDARP00000123179	0.023	1
3587645	7955.ENSDARP00000118311	0.023	1
3590207	7955.ENSDARP00000125177	0.023	1
3588897	7955.ENSDARP00000121565	0.023	1
3576829	7955.ENSDARP00000090611	0.023	1
3588534	7955.ENSDARP00000120625	0.023	1
3585793	7955.ENSDARP00000113485	0.023	1
3587944	7955.ENSDARP00000119068	0.023	1
3582115	7955.ENSDARP00000106393	0.023	1
3587735	7955.ENSDARP00000118555	0.023	1
3578530	7955.ENSDARP00000097928	0.023	1
3587773	7955.ENSDARP00000118630	0.023	1
3590801	7955.ENSDARP00000126609	0.023	1
3582084	7955.ENSDARP00000106336	0.023	1
3590411	7955.ENSDARP00000125585	0.023	1
3589044	7955.ENSDARP00000121951	0.023	1
3581944	7955.ENSDARP00000106083	0.023	1
3581638	7955.ENSDARP00000105545	0.023	1
3578932	7955.ENSDARP00000098912	0.023	1
3582438	7955.ENSDARP00000107003	0.023	1
3590745	7955.ENSDARP00000126456	0.023	1
3587226	7955.ENSDARP00000117264	0.023	1
3590780	7955.ENSDARP00000126557	0.023	1
3583669	7955.ENSDARP00000109323	0.023	1
3591131	7955.ENSDARP00000127397	0.023	1
3586047	7955.ENSDARP00000114204	0.023	1
3581531	7955.ENSDARP00000105353	0.023	1
3588157	7955.ENSDARP00000119655	0.023	1
3590362	7955.ENSDARP00000125493	0.023	1
3590062	7955.ENSDARP00000124757	0.023	1
3587281	7955.ENSDARP00000117405	0.023	1
3580806	7955.ENSDARP00000103825	0.023	1
3590315	7955.ENSDARP00000125399	0.023	1
3578237	7955.ENSDARP00000096798	0.023	1
3585201	7955.ENSDARP00000112105	0.022	1
3581123	7955.ENSDARP00000104583	0.022	1
3582211	7955.ENSDARP00000106573	0.022	1
3590249	7955.ENSDARP00000125260	0.022	1
3587959	7955.ENSDARP00000119114	0.022	1
3588049	7955.ENSDARP00000119366	0.022	1
3586447	7955.ENSDARP00000115235	0.022	1
3577230	7955.ENSDARP00000092389	0.022	1
3586997	7955.ENSDARP00000116658	0.022	1
3590995	7955.ENSDARP00000127029	0.022	1
3586145	7955.ENSDARP00000114433	0.022	1
3588323	7955.ENSDARP00000120086	0.022	1
3588711	7955.ENSDARP00000121112	0.022	1
3578590	7955.ENSDARP00000098062	0.022	1
3586027	7955.ENSDARP00000114116	0.022	1
3586726	7955.ENSDARP00000115939	0.022	1
3586442	7955.ENSDARP00000115222	0.022	1
3583111	7955.ENSDARP00000108286	0.022	1
3590398	7955.ENSDARP00000125563	0.022	1
3588229	7955.ENSDARP00000119851	0.022	1
3590198	7955.ENSDARP00000125167	0.022	1
3586347	7955.ENSDARP00000114965	0.022	1
3588880	7955.ENSDARP00000121523	0.022	1
3587572	7955.ENSDARP00000118117	0.022	1
3582496	7955.ENSDARP00000107128	0.022	1
3586886	7955.ENSDARP00000116346	0.022	1
3587195	7955.ENSDARP00000117185	0.022	1
3586255	7955.ENSDARP00000114741	0.022	1
3585733	7955.ENSDARP00000113325	0.021	1
3587616	7955.ENSDARP00000118228	0.021	1
3590261	7955.ENSDARP00000125288	0.021	1
3586653	7955.ENSDARP00000115747	0.021	1
3581311	7955.ENSDARP00000104937	0.021	1
3585905	7955.ENSDARP00000113810	0.021	1
3586302	7955.ENSDARP00000114843	0.021	1
3590379	7955.ENSDARP00000125526	0.021	1
3587721	7955.ENSDARP00000118519	0.021	1
3585924	7955.ENSDARP00000113864	0.021	1
3588223	7955.ENSDARP00000119844	0.021	1
3589317	7955.ENSDARP00000122587	0.021	1
3586102	7955.ENSDARP00000114323	0.021	1
3590709	7955.ENSDARP00000126372	0.021	1
3587610	7955.ENSDARP00000118210	0.021	1
3588720	7955.ENSDARP00000121142	0.021	1
3588048	7955.ENSDARP00000119364	0.021	1
3587032	7955.ENSDARP00000116757	0.021	1
3589555	7955.ENSDARP00000123225	0.021	1
3587998	7955.ENSDARP00000119219	0.021	1
3588893	7955.ENSDARP00000121554	0.021	1
3587558	7955.ENSDARP00000118083	0.02	1
3587001	7955.ENSDARP00000116663	0.02	1
3590691	7955.ENSDARP00000126335	0.02	1
3586321	7955.ENSDARP00000114894	0.02	1
3590755	7955.ENSDARP00000126480	0.02	1
3590727	7955.ENSDARP00000126415	0.02	1
3586848	7955.ENSDARP00000116246	0.02	1
3576768	7955.ENSDARP00000090351	0.02	1
3584748	7955.ENSDARP00000111292	0.02	1
3580676	7955.ENSDARP00000103495	0.02	1
3584779	7955.ENSDARP00000111361	0.02	1
3590713	7955.ENSDARP00000126385	0.02	1
3589398	7955.ENSDARP00000122822	0.02	1
3588980	7955.ENSDARP00000121783	0.02	1
3585727	7955.ENSDARP00000113314	0.02	1
3589671	7955.ENSDARP00000123509	0.02	1
3586223	7955.ENSDARP00000114634	0.02	1
3587608	7955.ENSDARP00000118203	0.02	1
3590381	7955.ENSDARP00000125528	0.02	1
3587123	7955.ENSDARP00000117001	0.02	1
3586852	7955.ENSDARP00000116252	0.02	1
3590777	7955.ENSDARP00000126548	0.02	1
3588401	7955.ENSDARP00000120273	0.02	1
3578778	7955.ENSDARP00000098532	0.019	1
3587428	7955.ENSDARP00000117812	0.019	1
3584032	7955.ENSDARP00000109989	0.019	1
3586571	7955.ENSDARP00000115543	0.019	1
3586342	7955.ENSDARP00000114958	0.019	1
3588699	7955.ENSDARP00000121087	0.019	1
3585936	7955.ENSDARP00000113895	0.019	1
3589618	7955.ENSDARP00000123388	0.019	1
3585440	7955.ENSDARP00000112551	0.019	1
3588206	7955.ENSDARP00000119791	0.019	1
3585446	7955.ENSDARP00000112568	0.019	1
3587280	7955.ENSDARP00000117403	0.019	1
3585366	7955.ENSDARP00000112409	0.019	1
3590401	7955.ENSDARP00000125566	0.019	1
3586139	7955.ENSDARP00000114421	0.019	1
3588725	7955.ENSDARP00000121149	0.019	1
3590770	7955.ENSDARP00000126524	0.019	1
3586656	7955.ENSDARP00000115752	0.019	1
3585461	7955.ENSDARP00000112604	0.019	1
3590369	7955.ENSDARP00000125504	0.018	1
3590210	7955.ENSDARP00000125184	0.018	1
3588439	7955.ENSDARP00000120377	0.018	1
3590773	7955.ENSDARP00000126533	0.018	1
3587560	7955.ENSDARP00000118088	0.018	1
3592174	7955.ENSDARP00000129684	0.018	1
3587551	7955.ENSDARP00000118067	0.018	1
3590211	7955.ENSDARP00000125185	0.018	1
3586011	7955.ENSDARP00000114081	0.018	1
3589701	7955.ENSDARP00000123564	0.018	1
3586073	7955.ENSDARP00000114262	0.018	1
3590781	7955.ENSDARP00000126558	0.018	1
3586434	7955.ENSDARP00000115194	0.018	1
3587011	7955.ENSDARP00000116689	0.018	1
3587839	7955.ENSDARP00000118805	0.017	1
3589628	7955.ENSDARP00000123407	0.017	1
3589855	7955.ENSDARP00000124049	0.017	1
3588282	7955.ENSDARP00000119981	0.016	1
3586396	7955.ENSDARP00000115095	0.016	1
