#id: 124579311
#name: D.rerio - Liver, SC (Kelkar,mcp,2014)
#score: 11.7
#weight:  80%
#description: abundance based on Spectral counting, Interaction consistency score: 11.7, Coverage: 9
#organ: LIVER
#integrated: false
#coverage: 9
#link: http://www.ncbi.nlm.nih.gov/pubmed/25060758
#publication_year: 2014
#filename: 7955-ZF_Liver_Kelkar_2014_SEQUEST.txt
#
#internal_id	string_external_id	abundance	raw_spectral_count
3570634	7955.ENSDARP00000052760	28304	8
3566348	7955.ENSDARP00000006339	15649	1236
3572361	7955.ENSDARP00000063799	12993	913
3569437	7955.ENSDARP00000040421	10970	814
3568212	7955.ENSDARP00000024643	10576	671
3573479	7955.ENSDARP00000070225	9565	559
3569334	7955.ENSDARP00000039143	8152	158
3569689	7955.ENSDARP00000043172	8143	176
3571147	7955.ENSDARP00000056094	7865	260
3567093	7955.ENSDARP00000013402	7627	929
3587511	7955.ENSDARP00000117985	6848	523
3583765	7955.ENSDARP00000109497	6762	160
3567356	7955.ENSDARP00000016115	6743	396
3570411	7955.ENSDARP00000051312	6737	484
3577111	7955.ENSDARP00000091899	6364	201
3572143	7955.ENSDARP00000062517	6146	318
3568045	7955.ENSDARP00000023121	6119	323
3579636	7955.ENSDARP00000100779	5992	332
3571967	7955.ENSDARP00000061273	5976	53
3568540	7955.ENSDARP00000027947	5891	665
3591926	7955.ENSDARP00000129150	5882	105
3570046	7955.ENSDARP00000047174	5659	76
3570629	7955.ENSDARP00000052729	5344	131
3573278	7955.ENSDARP00000069096	5002	190
3589125	7955.ENSDARP00000122141	4985	103
3573057	7955.ENSDARP00000067953	4969	263
3579931	7955.ENSDARP00000101541	4957	302
3569433	7955.ENSDARP00000040396	4864	138
3569934	7955.ENSDARP00000045900	4799	151
3585260	7955.ENSDARP00000112199	4739	187
3567508	7955.ENSDARP00000017569	4673	527
3576241	7955.ENSDARP00000087872	4656	99
3566295	7955.ENSDARP00000005837	4542	30
3583471	7955.ENSDARP00000108965	4431	112
3577559	7955.ENSDARP00000093898	4348	454
3583776	7955.ENSDARP00000109518	4252	440
3577262	7955.ENSDARP00000092488	4252	440
3574910	7955.ENSDARP00000077706	4249	131
3588581	7955.ENSDARP00000120742	4244	410
3590857	7955.ENSDARP00000126732	4229	63
3570790	7955.ENSDARP00000053775	4194	130
3566260	7955.ENSDARP00000005448	4148	644
3577086	7955.ENSDARP00000091816	4104	711
3571826	7955.ENSDARP00000060309	4002	584
3578167	7955.ENSDARP00000096504	3802	384
3583462	7955.ENSDARP00000108949	3761	80
3573318	7955.ENSDARP00000069300	3683	135
3570598	7955.ENSDARP00000052528	3633	74
3573962	7955.ENSDARP00000072874	3577	217
3566729	7955.ENSDARP00000010055	3565	130
3570877	7955.ENSDARP00000054339	3562	122
3581935	7955.ENSDARP00000106067	3557	296
3565967	7955.ENSDARP00000002844	3538	341
3588016	7955.ENSDARP00000119262	3511	55
3572360	7955.ENSDARP00000063788	3472	141
3565880	7955.ENSDARP00000001575	3449	934
3573350	7955.ENSDARP00000069513	3399	61
3571936	7955.ENSDARP00000061000	3371	235
3588195	7955.ENSDARP00000119756	3337	100
3583001	7955.ENSDARP00000108089	3334	142
3572146	7955.ENSDARP00000062522	3288	72
3572340	7955.ENSDARP00000063661	3255	226
3567475	7955.ENSDARP00000017257	3234	395
3574256	7955.ENSDARP00000074184	3201	270
3567361	7955.ENSDARP00000016158	3197	67
3567647	7955.ENSDARP00000018980	3156	124
3583064	7955.ENSDARP00000108197	3153	61
3567985	7955.ENSDARP00000022552	3148	78
3573022	7955.ENSDARP00000067802	3111	203
3566380	7955.ENSDARP00000006624	3092	55
3570303	7955.ENSDARP00000050237	3074	2852
3569287	7955.ENSDARP00000038658	3050	76
3589541	7955.ENSDARP00000123183	3018	149
3571099	7955.ENSDARP00000055770	2993	805
3568163	7955.ENSDARP00000024189	2968	42
3566185	7955.ENSDARP00000004830	2961	161
3568227	7955.ENSDARP00000024752	2922	637
3567804	7955.ENSDARP00000020656	2800	111
3572525	7955.ENSDARP00000064788	2776	31
3571431	7955.ENSDARP00000057868	2773	271
3579184	7955.ENSDARP00000099570	2725	675
3568926	7955.ENSDARP00000033600	2709	33
3571839	7955.ENSDARP00000060362	2648	164
3566040	7955.ENSDARP00000003389	2616	130
3566628	7955.ENSDARP00000009096	2603	133
3570522	7955.ENSDARP00000052096	2576	87
3573442	7955.ENSDARP00000070021	2554	49
3566070	7955.ENSDARP00000003641	2543	95
3586273	7955.ENSDARP00000114781	2534	109
3588416	7955.ENSDARP00000120315	2525	64
3574384	7955.ENSDARP00000074936	2513	235
3584841	7955.ENSDARP00000111487	2510	51
3572093	7955.ENSDARP00000062219	2492	195
3586568	7955.ENSDARP00000115538	2452	99
3572458	7955.ENSDARP00000064375	2406	91
3567496	7955.ENSDARP00000017456	2404	379
3566473	7955.ENSDARP00000007584	2389	150
3576353	7955.ENSDARP00000088354	2375	211
3570063	7955.ENSDARP00000047390	2370	57
3572229	7955.ENSDARP00000062982	2364	122
3571958	7955.ENSDARP00000061164	2354	1310
3572841	7955.ENSDARP00000066897	2335	61
3567099	7955.ENSDARP00000013441	2309	373
3573397	7955.ENSDARP00000069759	2304	314
3570476	7955.ENSDARP00000051762	2297	113
3577036	7955.ENSDARP00000091586	2285	48
3581910	7955.ENSDARP00000106024	2284	145
3573136	7955.ENSDARP00000068371	2244	244
3581706	7955.ENSDARP00000105649	2227	25
3566079	7955.ENSDARP00000003700	2219	103
3573425	7955.ENSDARP00000069977	2207	72
3582740	7955.ENSDARP00000107576	2174	154
3574007	7955.ENSDARP00000073057	2173	220
3572681	7955.ENSDARP00000065771	2149	66
3569258	7955.ENSDARP00000038227	2137	21
3571894	7955.ENSDARP00000060744	2117	211
3577399	7955.ENSDARP00000093236	2114	60
3569874	7955.ENSDARP00000045252	2109	265
3574785	7955.ENSDARP00000076814	2067	19
3566844	7955.ENSDARP00000011148	2051	67
3587376	7955.ENSDARP00000117673	2050	122
3567632	7955.ENSDARP00000018865	2020	71
3591436	7955.ENSDARP00000128101	2020	90
3568312	7955.ENSDARP00000025616	2019	47
3587453	7955.ENSDARP00000117864	2009	26
3586362	7955.ENSDARP00000115012	1999	2369
3569039	7955.ENSDARP00000035273	1946	30
3571835	7955.ENSDARP00000060346	1944	91
3575398	7955.ENSDARP00000081474	1919	264
3573444	7955.ENSDARP00000070035	1913	125
3574792	7955.ENSDARP00000076844	1907	267
3572065	7955.ENSDARP00000061957	1892	49
3573536	7955.ENSDARP00000070509	1876	89
3578076	7955.ENSDARP00000096178	1869	54
3591762	7955.ENSDARP00000128775	1863	220
3585976	7955.ENSDARP00000113988	1850	2295
3586880	7955.ENSDARP00000116332	1846	88
3569434	7955.ENSDARP00000040404	1835	377
3566589	7955.ENSDARP00000008646	1821	423
3588164	7955.ENSDARP00000119683	1816	30
3570678	7955.ENSDARP00000053076	1808	58
3569827	7955.ENSDARP00000044682	1798	195
3573917	7955.ENSDARP00000072687	1796	2221
3566285	7955.ENSDARP00000005719	1795	36
3570703	7955.ENSDARP00000053207	1795	40
3569301	7955.ENSDARP00000038799	1788	53
3571777	7955.ENSDARP00000060055	1784	174
3567082	7955.ENSDARP00000013286	1783	408
3579761	7955.ENSDARP00000101082	1732	52
3588367	7955.ENSDARP00000120183	1726	59
3570965	7955.ENSDARP00000054986	1697	449
3589178	7955.ENSDARP00000122263	1697	449
3574520	7955.ENSDARP00000075658	1691	186
3587537	7955.ENSDARP00000118039	1677	398
3569537	7955.ENSDARP00000041530	1660	37
3587360	7955.ENSDARP00000117628	1657	126
3568052	7955.ENSDARP00000023177	1653	70
3582206	7955.ENSDARP00000106566	1627	37
3572375	7955.ENSDARP00000063876	1604	95
3571797	7955.ENSDARP00000060165	1596	184
3589070	7955.ENSDARP00000122013	1570	34
3570518	7955.ENSDARP00000052081	1558	52
3573418	7955.ENSDARP00000069904	1555	96
3567036	7955.ENSDARP00000012808	1542	196
3589868	7955.ENSDARP00000124085	1536	3
3571860	7955.ENSDARP00000060534	1526	122
3592047	7955.ENSDARP00000129394	1503	174
3566319	7955.ENSDARP00000006047	1480	210
3569652	7955.ENSDARP00000042765	1478	172
3590079	7955.ENSDARP00000124804	1477	22
3573914	7955.ENSDARP00000072678	1471	1897
3568470	7955.ENSDARP00000027139	1463	118
3573436	7955.ENSDARP00000070002	1434	157
3573870	7955.ENSDARP00000072492	1426	41
3571260	7955.ENSDARP00000056766	1390	108
3578218	7955.ENSDARP00000096695	1388	60
3567427	7955.ENSDARP00000016814	1385	53
3576608	7955.ENSDARP00000089612	1379	53
3576875	7955.ENSDARP00000090833	1373	93
3568436	7955.ENSDARP00000026870	1347	121
3574298	7955.ENSDARP00000074504	1333	52
3572314	7955.ENSDARP00000063524	1328	118
3570993	7955.ENSDARP00000055185	1325	13
3586129	7955.ENSDARP00000114396	1322	153
3567627	7955.ENSDARP00000018819	1286	168
3576919	7955.ENSDARP00000091014	1282	124
3567516	7955.ENSDARP00000017622	1265	123
3566960	7955.ENSDARP00000012197	1262	132
3584450	7955.ENSDARP00000110768	1261	123
3571768	7955.ENSDARP00000060004	1259	21
3586669	7955.ENSDARP00000115796	1258	14
3582394	7955.ENSDARP00000106922	1254	45
3567811	7955.ENSDARP00000020770	1253	295
3571262	7955.ENSDARP00000056789	1240	17
3573301	7955.ENSDARP00000069223	1232	116
3583058	7955.ENSDARP00000108190	1220	103
3577181	7955.ENSDARP00000092179	1217	59
3568215	7955.ENSDARP00000024667	1217	193
3586204	7955.ENSDARP00000114578	1213	6
3573587	7955.ENSDARP00000070807	1207	136
3568732	7955.ENSDARP00000030881	1199	193
3571186	7955.ENSDARP00000056318	1199	24
3583469	7955.ENSDARP00000108963	1185	236
3586528	7955.ENSDARP00000115443	1183	17
3574289	7955.ENSDARP00000074464	1177	111
3591526	7955.ENSDARP00000128271	1177	26
3566895	7955.ENSDARP00000011562	1172	72
3577368	7955.ENSDARP00000093080	1161	95
3587985	7955.ENSDARP00000119183	1160	94
3572618	7955.ENSDARP00000065372	1145	25
3568320	7955.ENSDARP00000025702	1137	237
3572374	7955.ENSDARP00000063869	1132	44
3566489	7955.ENSDARP00000007716	1124	34
3589932	7955.ENSDARP00000124304	1105	10
3582097	7955.ENSDARP00000106359	1092	72
3589375	7955.ENSDARP00000122750	1090	89
3581183	7955.ENSDARP00000104687	1077	145
3568515	7955.ENSDARP00000027654	1069	44
3577084	7955.ENSDARP00000091811	1065	26
3590492	7955.ENSDARP00000125799	1056	16
3567920	7955.ENSDARP00000022030	1050	65
3566777	7955.ENSDARP00000010482	1048	62
3569272	7955.ENSDARP00000038446	1048	31
3570760	7955.ENSDARP00000053541	1033	34
3586416	7955.ENSDARP00000115147	1024	34
3583376	7955.ENSDARP00000108791	1017	221
3577891	7955.ENSDARP00000095265	1012	267
3588816	7955.ENSDARP00000121373	1012	49
3581065	7955.ENSDARP00000104468	1011	334
3571948	7955.ENSDARP00000061116	1004	235
3566371	7955.ENSDARP00000006510	1002	165
3569973	7955.ENSDARP00000046430	1000	124
3577261	7955.ENSDARP00000092484	1000	46
3567924	7955.ENSDARP00000022077	997	147
3590662	7955.ENSDARP00000126252	993	77
3581744	7955.ENSDARP00000105717	990	78
3568073	7955.ENSDARP00000023354	986	104
3567605	7955.ENSDARP00000018594	986	5
3587830	7955.ENSDARP00000118774	986	333
3589800	7955.ENSDARP00000123883	982	159
3571305	7955.ENSDARP00000057089	975	41
3567801	7955.ENSDARP00000020595	966	11
3568897	7955.ENSDARP00000033318	965	85
3587135	7955.ENSDARP00000117024	958	71
3590431	7955.ENSDARP00000125625	953	109
3583900	7955.ENSDARP00000109737	949	66
3571585	7955.ENSDARP00000058788	944	46
3573586	7955.ENSDARP00000070803	944	33
3587461	7955.ENSDARP00000117879	941	19
3570056	7955.ENSDARP00000047268	941	19
3588427	7955.ENSDARP00000120344	941	19
3576638	7955.ENSDARP00000089753	941	19
3576174	7955.ENSDARP00000087462	941	19
3570266	7955.ENSDARP00000049792	940	73
3571020	7955.ENSDARP00000055323	937	49
3570241	7955.ENSDARP00000049424	935	84
3568365	7955.ENSDARP00000026156	931	29
3572955	7955.ENSDARP00000067447	920	59
3589990	7955.ENSDARP00000124511	911	34
3568990	7955.ENSDARP00000034555	906	31
3567030	7955.ENSDARP00000012767	902	282
3568473	7955.ENSDARP00000027159	897	32
3571441	7955.ENSDARP00000057943	895	17
3570739	7955.ENSDARP00000053425	892	19
3567489	7955.ENSDARP00000017410	890	41
3589183	7955.ENSDARP00000122284	883	72
3576243	7955.ENSDARP00000087874	883	16
3566608	7955.ENSDARP00000008857	875	104
3578376	7955.ENSDARP00000097494	874	61
3573987	7955.ENSDARP00000072983	874	99
3577861	7955.ENSDARP00000095135	873	49
3581834	7955.ENSDARP00000105892	871	81
3568467	7955.ENSDARP00000027118	868	124
3576784	7955.ENSDARP00000090434	866	51
3580266	7955.ENSDARP00000102398	862	155
3572485	7955.ENSDARP00000064522	851	69
3571486	7955.ENSDARP00000058259	842	50
3588413	7955.ENSDARP00000120304	841	33
3567233	7955.ENSDARP00000014978	839	180
3578775	7955.ENSDARP00000098524	838	52
3567087	7955.ENSDARP00000013329	830	90
3582925	7955.ENSDARP00000107925	826	28
3587723	7955.ENSDARP00000118521	821	13
3582505	7955.ENSDARP00000107144	813	22
3565879	7955.ENSDARP00000001565	806	62
3568553	7955.ENSDARP00000028107	805	74
3580408	7955.ENSDARP00000102802	804	90
3567130	7955.ENSDARP00000013803	800	76
3574783	7955.ENSDARP00000076810	795	80
3588830	7955.ENSDARP00000121415	791	82
3566715	7955.ENSDARP00000009909	788	103
3568076	7955.ENSDARP00000023429	782	279
3579142	7955.ENSDARP00000099474	782	114
3576925	7955.ENSDARP00000091049	768	22
3566322	7955.ENSDARP00000006085	768	53
3567186	7955.ENSDARP00000014456	767	47
3578430	7955.ENSDARP00000097644	767	32
3574017	7955.ENSDARP00000073100	766	30
3579766	7955.ENSDARP00000101100	766	119
3566474	7955.ENSDARP00000007588	760	80
3586982	7955.ENSDARP00000116604	759	89
3569554	7955.ENSDARP00000041699	757	42
3576867	7955.ENSDARP00000090766	751	191
3577113	7955.ENSDARP00000091902	750	17
3571612	7955.ENSDARP00000058955	749	87
3576276	7955.ENSDARP00000088020	747	304
3588841	7955.ENSDARP00000121437	746	53
3568517	7955.ENSDARP00000027662	745	64
3567991	7955.ENSDARP00000022592	745	35
3591553	7955.ENSDARP00000128327	739	41
3567720	7955.ENSDARP00000019826	731	44
3574258	7955.ENSDARP00000074190	731	78
3588881	7955.ENSDARP00000121524	729	86
3576843	7955.ENSDARP00000090664	721	13
3567332	7955.ENSDARP00000015917	719	89
3571579	7955.ENSDARP00000058736	717	18
3592133	7955.ENSDARP00000129592	708	87
3572801	7955.ENSDARP00000066630	704	44
3571087	7955.ENSDARP00000055709	704	78
3581446	7955.ENSDARP00000105206	701	13
3580339	7955.ENSDARP00000102600	700	16
3574696	7955.ENSDARP00000076404	700	39
3568311	7955.ENSDARP00000025613	698	32
3566648	7955.ENSDARP00000009258	692	99
3569463	7955.ENSDARP00000040743	683	25
3586306	7955.ENSDARP00000114855	681	24
3579413	7955.ENSDARP00000100195	678	323
3581606	7955.ENSDARP00000105491	676	30
3568466	7955.ENSDARP00000027115	676	57
3582516	7955.ENSDARP00000107168	674	33
3568130	7955.ENSDARP00000023871	674	33
3584978	7955.ENSDARP00000111738	673	48
3566992	7955.ENSDARP00000012436	672	67
3576400	7955.ENSDARP00000088538	669	62
3583242	7955.ENSDARP00000108521	666	41
3582622	7955.ENSDARP00000107359	663	57
3570334	7955.ENSDARP00000050602	662	33
3573096	7955.ENSDARP00000068144	659	330
3586110	7955.ENSDARP00000114342	659	13
3570948	7955.ENSDARP00000054848	653	97
3569918	7955.ENSDARP00000045696	652	27
3567270	7955.ENSDARP00000015326	652	17
3577863	7955.ENSDARP00000095139	651	14
3572088	7955.ENSDARP00000062152	649	9
3583056	7955.ENSDARP00000108188	645	50
3570612	7955.ENSDARP00000052637	641	78
3569958	7955.ENSDARP00000046208	639	9
3573822	7955.ENSDARP00000072300	629	19
3566360	7955.ENSDARP00000006424	628	317
3572155	7955.ENSDARP00000062555	626	29
3581392	7955.ENSDARP00000105094	626	283
3571880	7955.ENSDARP00000060684	615	33
3576175	7955.ENSDARP00000087463	614	21
3577876	7955.ENSDARP00000095196	611	25
3571050	7955.ENSDARP00000055503	610	30
3574016	7955.ENSDARP00000073095	606	23
3584769	7955.ENSDARP00000111335	601	46
3566945	7955.ENSDARP00000012048	601	133
3582378	7955.ENSDARP00000106887	600	10
3567271	7955.ENSDARP00000015328	599	40
3571567	7955.ENSDARP00000058694	594	7
3578128	7955.ENSDARP00000096373	593	40
3585562	7955.ENSDARP00000112917	591	27
3569956	7955.ENSDARP00000046171	589	20
3568577	7955.ENSDARP00000028543	588	125
3574302	7955.ENSDARP00000074525	585	42
3580592	7955.ENSDARP00000103300	582	35
3571389	7955.ENSDARP00000057604	581	43
3589704	7955.ENSDARP00000123568	576	120
3566461	7955.ENSDARP00000007446	571	27
3569506	7955.ENSDARP00000041268	568	41
3569230	7955.ENSDARP00000037812	567	33
3579138	7955.ENSDARP00000099464	566	32
3570793	7955.ENSDARP00000053793	566	11
3570824	7955.ENSDARP00000053962	563	110
3592036	7955.ENSDARP00000129362	563	22
3580536	7955.ENSDARP00000103150	560	50
3577733	7955.ENSDARP00000094590	556	34
3592023	7955.ENSDARP00000129330	550	18
3590883	7955.ENSDARP00000126796	550	18
3579085	7955.ENSDARP00000099321	550	18
3575763	7955.ENSDARP00000084277	550	18
3579803	7955.ENSDARP00000101193	550	18
3582828	7955.ENSDARP00000107737	550	18
3585047	7955.ENSDARP00000111851	550	18
3591753	7955.ENSDARP00000128757	550	18
3581455	7955.ENSDARP00000105220	550	18
3577534	7955.ENSDARP00000093790	550	18
3585524	7955.ENSDARP00000112824	550	18
3577531	7955.ENSDARP00000093781	550	18
3585724	7955.ENSDARP00000113307	550	18
3573044	7955.ENSDARP00000067896	550	18
3591366	7955.ENSDARP00000127943	550	18
3588983	7955.ENSDARP00000121793	545	103
3571103	7955.ENSDARP00000055793	545	14
3578080	7955.ENSDARP00000096200	544	20
3569372	7955.ENSDARP00000039787	544	10
3565904	7955.ENSDARP00000002199	544	43
3573771	7955.ENSDARP00000072020	544	138
3577395	7955.ENSDARP00000093211	542	92
3572107	7955.ENSDARP00000062323	532	51
3576871	7955.ENSDARP00000090804	530	105
3567253	7955.ENSDARP00000015132	529	52
3572114	7955.ENSDARP00000062351	528	126
3585022	7955.ENSDARP00000111811	527	23
3566084	7955.ENSDARP00000003738	525	69
3566738	7955.ENSDARP00000010116	521	32
3569587	7955.ENSDARP00000041992	519	33
3572845	7955.ENSDARP00000066929	519	30
3575646	7955.ENSDARP00000083454	519	60
3581781	7955.ENSDARP00000105782	517	111
3567724	7955.ENSDARP00000019859	517	39
3580515	7955.ENSDARP00000103087	513	13
3573004	7955.ENSDARP00000067677	508	27
3573765	7955.ENSDARP00000071963	508	39
3586018	7955.ENSDARP00000114101	507	42
3568947	7955.ENSDARP00000033907	502	84
3568114	7955.ENSDARP00000023774	497	49
3570382	7955.ENSDARP00000051080	495	220
3568154	7955.ENSDARP00000024104	491	62
3566861	7955.ENSDARP00000011271	489	61
3568156	7955.ENSDARP00000024120	488	86
3566362	7955.ENSDARP00000006445	488	30
3570269	7955.ENSDARP00000049830	488	46
3590695	7955.ENSDARP00000126346	487	26
3574291	7955.ENSDARP00000074475	486	23
3592042	7955.ENSDARP00000129378	485	213
3582717	7955.ENSDARP00000107547	485	213
3582961	7955.ENSDARP00000107998	485	213
3580053	7955.ENSDARP00000101862	485	213
3582507	7955.ENSDARP00000107148	485	213
3582747	7955.ENSDARP00000107585	485	213
3582030	7955.ENSDARP00000106245	485	213
3579903	7955.ENSDARP00000101467	485	213
3583687	7955.ENSDARP00000109355	485	213
3583232	7955.ENSDARP00000108502	485	213
3591884	7955.ENSDARP00000129044	485	213
3585008	7955.ENSDARP00000111786	485	213
3581376	7955.ENSDARP00000105059	485	213
3583513	7955.ENSDARP00000109044	485	213
3583528	7955.ENSDARP00000109071	485	213
3574937	7955.ENSDARP00000077832	485	213
3584547	7955.ENSDARP00000110935	485	213
3582143	7955.ENSDARP00000106443	485	213
3575508	7955.ENSDARP00000082327	485	213
3581427	7955.ENSDARP00000105168	485	213
3582167	7955.ENSDARP00000106496	485	213
3585088	7955.ENSDARP00000111930	485	213
3581027	7955.ENSDARP00000104379	485	213
3584867	7955.ENSDARP00000111526	485	213
3582447	7955.ENSDARP00000107028	485	213
3583658	7955.ENSDARP00000109299	485	213
3579848	7955.ENSDARP00000101311	485	213
3583635	7955.ENSDARP00000109257	485	213
3582243	7955.ENSDARP00000106634	485	213
3582939	7955.ENSDARP00000107946	485	213
3585153	7955.ENSDARP00000112034	485	213
3584679	7955.ENSDARP00000111175	485	213
3592027	7955.ENSDARP00000129339	483	13
3590150	7955.ENSDARP00000125056	482	32
3571588	7955.ENSDARP00000058796	478	11
3568640	7955.ENSDARP00000029491	477	76
3567776	7955.ENSDARP00000020361	475	47
3589880	7955.ENSDARP00000124115	475	109
3566480	7955.ENSDARP00000007628	470	49
3569591	7955.ENSDARP00000042055	469	52
3569060	7955.ENSDARP00000035541	469	17
3583594	7955.ENSDARP00000109194	465	69
3566085	7955.ENSDARP00000003744	462	88
3573843	7955.ENSDARP00000072376	461	24
3569411	7955.ENSDARP00000040203	460	264
3586868	7955.ENSDARP00000116310	456	24
3566170	7955.ENSDARP00000004687	455	47
3571039	7955.ENSDARP00000055429	453	6
3570491	7955.ENSDARP00000051848	451	32
3579466	7955.ENSDARP00000100331	450	6
3568866	7955.ENSDARP00000032834	449	63
3577298	7955.ENSDARP00000092672	449	36
3585308	7955.ENSDARP00000112295	446	18
3569494	7955.ENSDARP00000041113	445	19
3568614	7955.ENSDARP00000029079	444	16
3569778	7955.ENSDARP00000044088	444	30
3576526	7955.ENSDARP00000089179	443	25
3588648	7955.ENSDARP00000120922	442	36
3569946	7955.ENSDARP00000046049	442	17
3590581	7955.ENSDARP00000126028	441	6
3568238	7955.ENSDARP00000024900	439	69
3565907	7955.ENSDARP00000002223	437	39
3572215	7955.ENSDARP00000062897	436	43
3569507	7955.ENSDARP00000041278	436	253
3566942	7955.ENSDARP00000012019	435	2
3565896	7955.ENSDARP00000002122	434	43
3566095	7955.ENSDARP00000003828	433	40
3571611	7955.ENSDARP00000058954	433	2
3572784	7955.ENSDARP00000066505	432	6
3576178	7955.ENSDARP00000087500	431	21
3579752	7955.ENSDARP00000101059	429	30
3588457	7955.ENSDARP00000120430	428	39
3580953	7955.ENSDARP00000104198	426	36
3577290	7955.ENSDARP00000092617	425	15
3566097	7955.ENSDARP00000003841	422	69
3566189	7955.ENSDARP00000004866	422	64
3565983	7955.ENSDARP00000002983	422	73
3583379	7955.ENSDARP00000108798	422	39
3571955	7955.ENSDARP00000061148	421	242
3570380	7955.ENSDARP00000051054	421	14
3576723	7955.ENSDARP00000090143	421	6
3578291	7955.ENSDARP00000097050	421	96
3568148	7955.ENSDARP00000024051	419	53
3569396	7955.ENSDARP00000040012	411	24
3566675	7955.ENSDARP00000009538	410	21
3587939	7955.ENSDARP00000119055	406	240
3568202	7955.ENSDARP00000024560	403	82
3583548	7955.ENSDARP00000109106	402	60
3572450	7955.ENSDARP00000064310	402	14
3567469	7955.ENSDARP00000017217	401	36
3583821	7955.ENSDARP00000109592	400	17
3574285	7955.ENSDARP00000074422	399	45
3569835	7955.ENSDARP00000044837	393	35
3568463	7955.ENSDARP00000027102	391	27
3568673	7955.ENSDARP00000029912	390	29
3565839	7955.ENSDARP00000000070	390	9
3568845	7955.ENSDARP00000032575	389	84
3576242	7955.ENSDARP00000087873	389	8
3567136	7955.ENSDARP00000013902	385	25
3570392	7955.ENSDARP00000051182	383	16
3578093	7955.ENSDARP00000096258	382	12
3589942	7955.ENSDARP00000124332	382	25
3568728	7955.ENSDARP00000030819	381	211
3579705	7955.ENSDARP00000100964	380	47
3577651	7955.ENSDARP00000094243	377	73
3572085	7955.ENSDARP00000062142	377	73
3568527	7955.ENSDARP00000027775	375	20
3566416	7955.ENSDARP00000006973	373	26
3568579	7955.ENSDARP00000028571	371	53
3585004	7955.ENSDARP00000111782	370	12
3577465	7955.ENSDARP00000093490	369	265
3572759	7955.ENSDARP00000066381	366	3
3566572	7955.ENSDARP00000008455	366	35
3581901	7955.ENSDARP00000106007	366	25
3581515	7955.ENSDARP00000105328	366	12
3567403	7955.ENSDARP00000016602	366	23
3566621	7955.ENSDARP00000009052	363	40
3568423	7955.ENSDARP00000026766	363	18
3573389	7955.ENSDARP00000069708	362	6
3577659	7955.ENSDARP00000094269	359	29
3586147	7955.ENSDARP00000114437	359	175
3568096	7955.ENSDARP00000023637	356	44
3566655	7955.ENSDARP00000009320	356	265
3584770	7955.ENSDARP00000111337	355	34
3569028	7955.ENSDARP00000035103	354	17
3587868	7955.ENSDARP00000118870	353	11
3589969	7955.ENSDARP00000124424	353	43
3571465	7955.ENSDARP00000058083	351	16
3574483	7955.ENSDARP00000075490	348	146
3570223	7955.ENSDARP00000049225	346	55
3582995	7955.ENSDARP00000108075	345	3
3588278	7955.ENSDARP00000119975	345	4
3568675	7955.ENSDARP00000029933	342	276
3568447	7955.ENSDARP00000026978	341	33
3583181	7955.ENSDARP00000108417	338	91
3589719	7955.ENSDARP00000123619	338	91
3583393	7955.ENSDARP00000108828	338	91
3580387	7955.ENSDARP00000102749	338	91
3581301	7955.ENSDARP00000104918	338	91
3586968	7955.ENSDARP00000116574	338	91
3582554	7955.ENSDARP00000107234	338	91
3584507	7955.ENSDARP00000110869	338	91
3582368	7955.ENSDARP00000106877	338	91
3580599	7955.ENSDARP00000103318	338	91
3581151	7955.ENSDARP00000104630	338	91
3578856	7955.ENSDARP00000098726	338	91
3576869	7955.ENSDARP00000090794	338	91
3585311	7955.ENSDARP00000112301	338	91
3580802	7955.ENSDARP00000103819	338	91
3573054	7955.ENSDARP00000067945	338	91
3581033	7955.ENSDARP00000104399	338	91
3577533	7955.ENSDARP00000093787	338	91
3581495	7955.ENSDARP00000105290	338	91
3577530	7955.ENSDARP00000093780	338	91
3576832	7955.ENSDARP00000090632	338	91
3573041	7955.ENSDARP00000067891	338	91
3580705	7955.ENSDARP00000103576	338	91
3573042	7955.ENSDARP00000067893	338	91
3573043	7955.ENSDARP00000067895	338	91
3580367	7955.ENSDARP00000102682	338	91
3588613	7955.ENSDARP00000120838	336	8
3570544	7955.ENSDARP00000052292	335	4
3568747	7955.ENSDARP00000031098	335	12
3590052	7955.ENSDARP00000124716	333	14
3566177	7955.ENSDARP00000004738	332	37
3577608	7955.ENSDARP00000094070	332	10
3582552	7955.ENSDARP00000107232	332	91
3572823	7955.ENSDARP00000066780	329	16
3576667	7955.ENSDARP00000089879	326	211
3576409	7955.ENSDARP00000088599	323	54
3574551	7955.ENSDARP00000075802	321	11
3567835	7955.ENSDARP00000021016	320	214
3567375	7955.ENSDARP00000016279	320	35
3589996	7955.ENSDARP00000124531	319	8
3583010	7955.ENSDARP00000108108	319	20
3569492	7955.ENSDARP00000041087	319	20
3566306	7955.ENSDARP00000005930	318	33
3573768	7955.ENSDARP00000072006	318	227
3577521	7955.ENSDARP00000093747	318	91
3585855	7955.ENSDARP00000113657	317	9
3569337	7955.ENSDARP00000039188	317	24
3567266	7955.ENSDARP00000015293	316	71
3569350	7955.ENSDARP00000039324	316	126
3570857	7955.ENSDARP00000054204	313	6
3569881	7955.ENSDARP00000045328	311	4
3570716	7955.ENSDARP00000053303	311	256
3589812	7955.ENSDARP00000123920	310	43
3580742	7955.ENSDARP00000103658	308	15
3570307	7955.ENSDARP00000050295	308	7
3588915	7955.ENSDARP00000121623	308	25
3573534	7955.ENSDARP00000070488	307	62
3584444	7955.ENSDARP00000110759	307	91
3579978	7955.ENSDARP00000101665	305	29
3586591	7955.ENSDARP00000115580	304	13
3570733	7955.ENSDARP00000053398	303	30
3567727	7955.ENSDARP00000019888	302	253
3572732	7955.ENSDARP00000066176	301	204
3570819	7955.ENSDARP00000053931	301	29
3567721	7955.ENSDARP00000019829	300	77
3573569	7955.ENSDARP00000070677	299	6
3572821	7955.ENSDARP00000066777	298	39
3571029	7955.ENSDARP00000055379	297	207
3567362	7955.ENSDARP00000016160	296	31
3590364	7955.ENSDARP00000125495	296	41
3566505	7955.ENSDARP00000007832	295	10
3567107	7955.ENSDARP00000013511	294	50
3568927	7955.ENSDARP00000033622	294	42
3568292	7955.ENSDARP00000025466	292	38
3572171	7955.ENSDARP00000062670	291	201
3576898	7955.ENSDARP00000090932	290	16
3568252	7955.ENSDARP00000025069	289	20
3566063	7955.ENSDARP00000003571	288	22
3584530	7955.ENSDARP00000110906	288	16
3570561	7955.ENSDARP00000052356	288	30
3569600	7955.ENSDARP00000042161	288	12
3583335	7955.ENSDARP00000108711	287	61
3574504	7955.ENSDARP00000075599	285	8
3572414	7955.ENSDARP00000064110	284	9
3582356	7955.ENSDARP00000106848	284	96
3566815	7955.ENSDARP00000010921	283	142
3575478	7955.ENSDARP00000082079	282	40
3581525	7955.ENSDARP00000105344	280	29
3570690	7955.ENSDARP00000053151	278	33
3585713	7955.ENSDARP00000113279	278	48
3582492	7955.ENSDARP00000107122	274	210
3572834	7955.ENSDARP00000066858	274	210
3569104	7955.ENSDARP00000036226	274	7
3577366	7955.ENSDARP00000093074	274	94
3578757	7955.ENSDARP00000098482	273	39
3566959	7955.ENSDARP00000012186	273	36
3586875	7955.ENSDARP00000116324	272	16
3567512	7955.ENSDARP00000017597	271	19
3573862	7955.ENSDARP00000072446	269	22
3570861	7955.ENSDARP00000054229	269	28
3572118	7955.ENSDARP00000062369	268	244
3574408	7955.ENSDARP00000075110	268	244
3570642	7955.ENSDARP00000052837	268	244
3579514	7955.ENSDARP00000100434	268	244
3578676	7955.ENSDARP00000098279	267	31
3568406	7955.ENSDARP00000026575	266	6
3574286	7955.ENSDARP00000074434	265	7
3583922	7955.ENSDARP00000109780	265	33
3576935	7955.ENSDARP00000091082	265	24
3568070	7955.ENSDARP00000023327	265	7
3573271	7955.ENSDARP00000069085	264	13
3576711	7955.ENSDARP00000090093	263	24
3570261	7955.ENSDARP00000049686	263	6
3569515	7955.ENSDARP00000041348	263	16
3567639	7955.ENSDARP00000018923	262	53
3569423	7955.ENSDARP00000040327	262	91
3567992	7955.ENSDARP00000022595	261	12
3589505	7955.ENSDARP00000123099	259	17
3584495	7955.ENSDARP00000110851	258	205
3577459	7955.ENSDARP00000093465	256	34
3591308	7955.ENSDARP00000127819	256	18
3570984	7955.ENSDARP00000055135	255	241
3571556	7955.ENSDARP00000058628	255	241
3576042	7955.ENSDARP00000086515	255	8
3577171	7955.ENSDARP00000092093	255	23
3582714	7955.ENSDARP00000107538	254	10
3568490	7955.ENSDARP00000027389	254	32
3586448	7955.ENSDARP00000115236	254	14
3566099	7955.ENSDARP00000003850	253	18
3572121	7955.ENSDARP00000062382	253	70
3570045	7955.ENSDARP00000047158	253	6
3570078	7955.ENSDARP00000047524	252	20
3582311	7955.ENSDARP00000106769	252	7
3566955	7955.ENSDARP00000012146	249	11
3573605	7955.ENSDARP00000070950	247	24
3569745	7955.ENSDARP00000043742	247	109
3573791	7955.ENSDARP00000072127	246	13
3570216	7955.ENSDARP00000049166	246	9
3581160	7955.ENSDARP00000104653	245	51
3573514	7955.ENSDARP00000070408	245	42
3566123	7955.ENSDARP00000004127	244	71
3570789	7955.ENSDARP00000053774	244	71
3567318	7955.ENSDARP00000015805	244	71
3571421	7955.ENSDARP00000057822	244	26
3585737	7955.ENSDARP00000113335	244	13
3580567	7955.ENSDARP00000103212	243	18
3573832	7955.ENSDARP00000072334	242	20
3579733	7955.ENSDARP00000101021	240	10
3567081	7955.ENSDARP00000013280	240	39
3567967	7955.ENSDARP00000022440	240	37
3569571	7955.ENSDARP00000041841	239	7
3566913	7955.ENSDARP00000011707	239	18
3579309	7955.ENSDARP00000099928	239	18
3574951	7955.ENSDARP00000077940	239	5
3574462	7955.ENSDARP00000075363	237	1
3571599	7955.ENSDARP00000058889	237	38
3566666	7955.ENSDARP00000009432	234	9
3572988	7955.ENSDARP00000067603	234	62
3567209	7955.ENSDARP00000014779	234	48
3565901	7955.ENSDARP00000002175	233	117
3577359	7955.ENSDARP00000093027	232	145
3569318	7955.ENSDARP00000038975	232	19
3577595	7955.ENSDARP00000094021	232	20
3566789	7955.ENSDARP00000010686	232	14
3568835	7955.ENSDARP00000032422	232	31
3572771	7955.ENSDARP00000066429	231	201
3573552	7955.ENSDARP00000070561	231	32
3585382	7955.ENSDARP00000112435	230	13
3583026	7955.ENSDARP00000108139	230	29
3578354	7955.ENSDARP00000097435	230	12
3572109	7955.ENSDARP00000062337	230	20
3566021	7955.ENSDARP00000003281	229	15
3571512	7955.ENSDARP00000058402	229	36
3566703	7955.ENSDARP00000009817	228	20
3572625	7955.ENSDARP00000065396	227	12
3583381	7955.ENSDARP00000108800	224	27
3572316	7955.ENSDARP00000063532	224	10
3580791	7955.ENSDARP00000103794	223	51
3569247	7955.ENSDARP00000038075	223	12
3576239	7955.ENSDARP00000087870	222	9
3566740	7955.ENSDARP00000010155	221	14
3567941	7955.ENSDARP00000022219	221	59
3569549	7955.ENSDARP00000041626	220	20
3566631	7955.ENSDARP00000009133	219	13
3580103	7955.ENSDARP00000101995	219	40
3571653	7955.ENSDARP00000059226	219	12
3569305	7955.ENSDARP00000038835	219	16
3588296	7955.ENSDARP00000120028	218	25
3577432	7955.ENSDARP00000093333	218	85
3567312	7955.ENSDARP00000015775	217	28
3577696	7955.ENSDARP00000094413	216	62
3567480	7955.ENSDARP00000017326	216	175
3588020	7955.ENSDARP00000119275	216	12
3574257	7955.ENSDARP00000074186	216	41
3568398	7955.ENSDARP00000026495	216	13
3583108	7955.ENSDARP00000108280	215	9
3567117	7955.ENSDARP00000013624	214	12
3567715	7955.ENSDARP00000019813	214	9
3568713	7955.ENSDARP00000030612	211	15
3577172	7955.ENSDARP00000092100	211	36
3584538	7955.ENSDARP00000110920	210	7
3577869	7955.ENSDARP00000095167	210	4
3589767	7955.ENSDARP00000123778	207	24
3587522	7955.ENSDARP00000118006	206	19
3584162	7955.ENSDARP00000110242	206	53
3577318	7955.ENSDARP00000092760	204	20
3588328	7955.ENSDARP00000120093	203	18
3584069	7955.ENSDARP00000110052	203	15
3571644	7955.ENSDARP00000059193	203	4
3580306	7955.ENSDARP00000102498	202	60
3566928	7955.ENSDARP00000011877	201	15
3590149	7955.ENSDARP00000125055	201	27
3574460	7955.ENSDARP00000075348	200	49
3573681	7955.ENSDARP00000071527	200	13
3585032	7955.ENSDARP00000111827	199	28
3589907	7955.ENSDARP00000124217	199	19
3569435	7955.ENSDARP00000040408	197	17
3571995	7955.ENSDARP00000061480	196	9
3567886	7955.ENSDARP00000021652	196	13
3572756	7955.ENSDARP00000066372	195	13
3579937	7955.ENSDARP00000101564	194	27
3573804	7955.ENSDARP00000072235	193	16
3568361	7955.ENSDARP00000026092	193	9
3570595	7955.ENSDARP00000052510	193	14
3567595	7955.ENSDARP00000018458	192	32
3572371	7955.ENSDARP00000063848	192	163
3584793	7955.ENSDARP00000111399	192	22
3589679	7955.ENSDARP00000123530	190	17
3566250	7955.ENSDARP00000005361	190	6
3570864	7955.ENSDARP00000054237	190	6
3567240	7955.ENSDARP00000015008	190	4
3587566	7955.ENSDARP00000118098	189	38
3569879	7955.ENSDARP00000045298	189	16
3574505	7955.ENSDARP00000075601	187	7
3588543	7955.ENSDARP00000120649	187	46
3572208	7955.ENSDARP00000062851	187	11
3585190	7955.ENSDARP00000112092	186	123
3579276	7955.ENSDARP00000099813	186	123
3588853	7955.ENSDARP00000121459	186	123
3580400	7955.ENSDARP00000102775	186	123
3584751	7955.ENSDARP00000111298	186	123
3578737	7955.ENSDARP00000098432	186	123
3585814	7955.ENSDARP00000113541	186	123
3589069	7955.ENSDARP00000122009	186	123
3579924	7955.ENSDARP00000101525	186	123
3582808	7955.ENSDARP00000107702	186	123
3589594	7955.ENSDARP00000123323	186	123
3584315	7955.ENSDARP00000110511	186	123
3584846	7955.ENSDARP00000111493	186	123
3573055	7955.ENSDARP00000067948	186	123
3587029	7955.ENSDARP00000116739	186	123
3570302	7955.ENSDARP00000050236	186	123
3571119	7955.ENSDARP00000055912	186	123
3577535	7955.ENSDARP00000093791	186	123
3585117	7955.ENSDARP00000111973	186	123
3581760	7955.ENSDARP00000105746	186	123
3568350	7955.ENSDARP00000026028	185	10
3587728	7955.ENSDARP00000118532	185	20
3585431	7955.ENSDARP00000112527	184	123
3578270	7955.ENSDARP00000096934	184	13
3574677	7955.ENSDARP00000076340	184	13
3575418	7955.ENSDARP00000081585	183	22
3570245	7955.ENSDARP00000049461	183	9
3568584	7955.ENSDARP00000028641	182	12
3572544	7955.ENSDARP00000064925	182	28
3577787	7955.ENSDARP00000094826	182	6
3588935	7955.ENSDARP00000121670	182	8
3582635	7955.ENSDARP00000107383	181	29
3568270	7955.ENSDARP00000025226	180	12
3568050	7955.ENSDARP00000023158	179	54
3582402	7955.ENSDARP00000106941	179	47
3578162	7955.ENSDARP00000096468	179	7
3569471	7955.ENSDARP00000040803	179	7
3583665	7955.ENSDARP00000109315	177	123
3577364	7955.ENSDARP00000093069	176	18
3588560	7955.ENSDARP00000120690	176	12
3567408	7955.ENSDARP00000016639	176	7
3582317	7955.ENSDARP00000106781	174	123
3584817	7955.ENSDARP00000111447	174	123
3580850	7955.ENSDARP00000103937	174	123
3568853	7955.ENSDARP00000032688	174	22
3590849	7955.ENSDARP00000126712	174	181
3585109	7955.ENSDARP00000111961	174	15
3568519	7955.ENSDARP00000027695	174	13
3574020	7955.ENSDARP00000073108	173	14
3577313	7955.ENSDARP00000092727	172	13
3577308	7955.ENSDARP00000092713	172	13
3585939	7955.ENSDARP00000113905	171	46
3566596	7955.ENSDARP00000008690	171	62
3582967	7955.ENSDARP00000108014	171	7
3574334	7955.ENSDARP00000074719	170	9
3582620	7955.ENSDARP00000107355	170	56
3587571	7955.ENSDARP00000118111	169	5
3583746	7955.ENSDARP00000109464	169	7
3571810	7955.ENSDARP00000060204	169	20
3566406	7955.ENSDARP00000006875	169	27
3574622	7955.ENSDARP00000076104	168	17
3571508	7955.ENSDARP00000058383	168	14
3572964	7955.ENSDARP00000067511	168	9
3577188	7955.ENSDARP00000092223	168	20
3585823	7955.ENSDARP00000113555	167	5
3577403	7955.ENSDARP00000093249	167	24
3589213	7955.ENSDARP00000122360	166	4
3587663	7955.ENSDARP00000118370	166	14
3580939	7955.ENSDARP00000104168	166	16
3582016	7955.ENSDARP00000106218	166	5
3588800	7955.ENSDARP00000121339	166	11
3571501	7955.ENSDARP00000058350	165	5
3583297	7955.ENSDARP00000108629	165	10
3580564	7955.ENSDARP00000103208	165	123
3584687	7955.ENSDARP00000111194	165	123
3580936	7955.ENSDARP00000104161	165	20
3568165	7955.ENSDARP00000024204	165	4
3581985	7955.ENSDARP00000106164	164	150
3569285	7955.ENSDARP00000038651	164	40
3578884	7955.ENSDARP00000098791	164	3
3576715	7955.ENSDARP00000090113	164	30
3584976	7955.ENSDARP00000111731	164	12
3566917	7955.ENSDARP00000011778	163	9
3572196	7955.ENSDARP00000062786	163	4
3572377	7955.ENSDARP00000063891	162	40
3569931	7955.ENSDARP00000045887	162	17
3581498	7955.ENSDARP00000105296	162	16
3573528	7955.ENSDARP00000070471	161	14
3571224	7955.ENSDARP00000056582	161	10
3587982	7955.ENSDARP00000119179	160	148
3572039	7955.ENSDARP00000061755	160	4
3576624	7955.ENSDARP00000089694	160	42
3585543	7955.ENSDARP00000112865	160	9
3569164	7955.ENSDARP00000037025	160	14
3570797	7955.ENSDARP00000053833	160	13
3567984	7955.ENSDARP00000022550	159	63
3584819	7955.ENSDARP00000111451	159	34
3589241	7955.ENSDARP00000122416	159	4
3589054	7955.ENSDARP00000121973	158	9
3567007	7955.ENSDARP00000012558	158	4
3577940	7955.ENSDARP00000095458	158	4
3582696	7955.ENSDARP00000107514	157	7
3570924	7955.ENSDARP00000054690	156	43
3581703	7955.ENSDARP00000105646	156	123
3579173	7955.ENSDARP00000099550	156	123
3571796	7955.ENSDARP00000060161	155	6
3567837	7955.ENSDARP00000021064	155	44
3572984	7955.ENSDARP00000067593	154	4
3589021	7955.ENSDARP00000121890	154	10
3568512	7955.ENSDARP00000027639	153	15
3579444	7955.ENSDARP00000100272	153	7
3576432	7955.ENSDARP00000088722	152	11
3568296	7955.ENSDARP00000025501	151	27
3566787	7955.ENSDARP00000010639	150	10
3573074	7955.ENSDARP00000068070	150	30
3588905	7955.ENSDARP00000121591	150	11
3577770	7955.ENSDARP00000094762	149	13
3568382	7955.ENSDARP00000026364	149	12
3570585	7955.ENSDARP00000052440	149	25
3567872	7955.ENSDARP00000021453	149	25
3583554	7955.ENSDARP00000109113	148	12
3576864	7955.ENSDARP00000090756	148	6
3567603	7955.ENSDARP00000018579	148	5
3575769	7955.ENSDARP00000084303	148	15
3587820	7955.ENSDARP00000118753	147	13
3590544	7955.ENSDARP00000125918	147	87
3591254	7955.ENSDARP00000127697	146	17
3571564	7955.ENSDARP00000058679	146	17
3573309	7955.ENSDARP00000069254	146	6
3577154	7955.ENSDARP00000092020	145	6
3573313	7955.ENSDARP00000069273	145	6
3582518	7955.ENSDARP00000107173	145	3
3567217	7955.ENSDARP00000014849	144	7
3574316	7955.ENSDARP00000074570	144	19
3568356	7955.ENSDARP00000026065	143	64
3576238	7955.ENSDARP00000087869	142	4
3573322	7955.ENSDARP00000069316	142	8
3570213	7955.ENSDARP00000049134	141	10
3588247	7955.ENSDARP00000119887	141	4
3573097	7955.ENSDARP00000068153	140	46
3566333	7955.ENSDARP00000006201	140	14
3585504	7955.ENSDARP00000112765	139	4
3588946	7955.ENSDARP00000121692	139	16
3589789	7955.ENSDARP00000123832	139	25
3571247	7955.ENSDARP00000056711	139	13
3567329	7955.ENSDARP00000015884	139	5
3571418	7955.ENSDARP00000057787	139	123
3571153	7955.ENSDARP00000056131	138	7
3583915	7955.ENSDARP00000109765	138	3
3570624	7955.ENSDARP00000052687	138	56
3575473	7955.ENSDARP00000082031	137	37
3572052	7955.ENSDARP00000061837	137	14
3571320	7955.ENSDARP00000057222	136	4
3570275	7955.ENSDARP00000049899	136	6
3577247	7955.ENSDARP00000092429	136	17
3573708	7955.ENSDARP00000071656	135	5
3572907	7955.ENSDARP00000067159	134	10
3583628	7955.ENSDARP00000109245	134	27
3569798	7955.ENSDARP00000044330	134	24
3567320	7955.ENSDARP00000015815	133	14
3577519	7955.ENSDARP00000093734	133	123
3587514	7955.ENSDARP00000117990	133	6
3589117	7955.ENSDARP00000122116	132	25
3578701	7955.ENSDARP00000098342	132	123
3569621	7955.ENSDARP00000042367	132	4
3583991	7955.ENSDARP00000109902	131	11
3569584	7955.ENSDARP00000041959	131	61
3587312	7955.ENSDARP00000117497	131	14
3570306	7955.ENSDARP00000050270	130	21
3578567	7955.ENSDARP00000098004	130	104
3590038	7955.ENSDARP00000124670	129	11
3587562	7955.ENSDARP00000118091	129	38
3588516	7955.ENSDARP00000120580	129	5
3586492	7955.ENSDARP00000115363	129	16
3575126	7955.ENSDARP00000079306	129	9
3578278	7955.ENSDARP00000096969	128	12
3568128	7955.ENSDARP00000023863	128	6
3574087	7955.ENSDARP00000073439	127	13
3579876	7955.ENSDARP00000101401	127	3
3586572	7955.ENSDARP00000115544	126	11
3583294	7955.ENSDARP00000108625	126	7
3572494	7955.ENSDARP00000064585	125	23
3574123	7955.ENSDARP00000073610	125	9
3573624	7955.ENSDARP00000071046	125	28
3576482	7955.ENSDARP00000089001	124	8
3587262	7955.ENSDARP00000117366	124	45
3579222	7955.ENSDARP00000099662	124	19
3572033	7955.ENSDARP00000061735	124	5
3580511	7955.ENSDARP00000103080	124	12
3579542	7955.ENSDARP00000100503	124	12
3569151	7955.ENSDARP00000036899	124	2
3577927	7955.ENSDARP00000095394	124	18
3578699	7955.ENSDARP00000098331	123	43
3569216	7955.ENSDARP00000037670	123	8
3574101	7955.ENSDARP00000073498	123	36
3568281	7955.ENSDARP00000025342	123	11
3589685	7955.ENSDARP00000123538	123	11
3571623	7955.ENSDARP00000059012	122	4
3578637	7955.ENSDARP00000098175	122	13
3567591	7955.ENSDARP00000018404	122	8
3569738	7955.ENSDARP00000043687	121	3
3568953	7955.ENSDARP00000034038	121	16
3569317	7955.ENSDARP00000038939	121	8
3574862	7955.ENSDARP00000077328	121	3
3584282	7955.ENSDARP00000110449	120	5
3583226	7955.ENSDARP00000108490	120	8
3592038	7955.ENSDARP00000129366	120	16
3566125	7955.ENSDARP00000004139	119	17
3579254	7955.ENSDARP00000099755	119	10
3571109	7955.ENSDARP00000055847	119	13
3566491	7955.ENSDARP00000007735	119	15
3567968	7955.ENSDARP00000022446	118	2
3570383	7955.ENSDARP00000051081	118	10
3589389	7955.ENSDARP00000122796	118	16
3579798	7955.ENSDARP00000101178	118	16
3584339	7955.ENSDARP00000110558	118	16
3586706	7955.ENSDARP00000115888	117	16
3585627	7955.ENSDARP00000113049	117	17
3571129	7955.ENSDARP00000055971	117	30
3577537	7955.ENSDARP00000093801	117	123
3567128	7955.ENSDARP00000013777	117	5
3586382	7955.ENSDARP00000115067	116	8
3571969	7955.ENSDARP00000061298	116	6
3568157	7955.ENSDARP00000024121	116	10
3576390	7955.ENSDARP00000088494	116	80
3577587	7955.ENSDARP00000093998	116	6
3585886	7955.ENSDARP00000113739	115	20
3567196	7955.ENSDARP00000014578	115	20
3568610	7955.ENSDARP00000029039	114	4
3589712	7955.ENSDARP00000123601	114	111
3580049	7955.ENSDARP00000101853	114	7
3578318	7955.ENSDARP00000097248	113	3
3572760	7955.ENSDARP00000066382	113	3
3567314	7955.ENSDARP00000015781	113	9
3570355	7955.ENSDARP00000050864	113	9
3580840	7955.ENSDARP00000103912	113	3
3588396	7955.ENSDARP00000120266	113	14
3566831	7955.ENSDARP00000011017	112	31
3588846	7955.ENSDARP00000121444	112	4
3569006	7955.ENSDARP00000034822	111	37
3568264	7955.ENSDARP00000025160	111	9
3589524	7955.ENSDARP00000123136	111	4
3567366	7955.ENSDARP00000016201	110	10
3576591	7955.ENSDARP00000089482	110	9
3588456	7955.ENSDARP00000120420	110	7
3581681	7955.ENSDARP00000105610	110	2
3584300	7955.ENSDARP00000110484	110	13
3584969	7955.ENSDARP00000111718	109	3
3589582	7955.ENSDARP00000123299	109	73
3583151	7955.ENSDARP00000108361	109	4
3578686	7955.ENSDARP00000098301	108	4
3575199	7955.ENSDARP00000079877	108	18
3587263	7955.ENSDARP00000117370	108	17
3585583	7955.ENSDARP00000112952	107	4
3570660	7955.ENSDARP00000052921	107	13
3580196	7955.ENSDARP00000102234	107	13
3587238	7955.ENSDARP00000117293	107	17
3578267	7955.ENSDARP00000096921	106	19
3566093	7955.ENSDARP00000003814	106	9
3566006	7955.ENSDARP00000003163	106	8
3586007	7955.ENSDARP00000114072	106	2
3567370	7955.ENSDARP00000016228	104	13
3576248	7955.ENSDARP00000087879	104	12
3571614	7955.ENSDARP00000058958	104	23
3573018	7955.ENSDARP00000067775	104	6
3571865	7955.ENSDARP00000060549	104	3
3573902	7955.ENSDARP00000072618	104	8
3566334	7955.ENSDARP00000006207	103	13
3581872	7955.ENSDARP00000105955	103	21
3574878	7955.ENSDARP00000077445	103	18
3577074	7955.ENSDARP00000091773	102	13
3581117	7955.ENSDARP00000104575	102	18
3583439	7955.ENSDARP00000108912	102	5
3568420	7955.ENSDARP00000026731	102	5
3567049	7955.ENSDARP00000012950	102	8
3568518	7955.ENSDARP00000027672	101	5
3583702	7955.ENSDARP00000109376	101	8
3590999	7955.ENSDARP00000127037	100	9
3584934	7955.ENSDARP00000111658	99.4	13
3576927	7955.ENSDARP00000091056	99.3	24
3568331	7955.ENSDARP00000025779	99.1	12
3577777	7955.ENSDARP00000094800	98.7	12
3585110	7955.ENSDARP00000111963	98.6	12
3571253	7955.ENSDARP00000056744	98.5	19
3572491	7955.ENSDARP00000064557	98.3	18
3574345	7955.ENSDARP00000074789	98.3	6
3584033	7955.ENSDARP00000109990	98.2	6
3570450	7955.ENSDARP00000051610	97.8	12
3581608	7955.ENSDARP00000105493	97.7	11
3577845	7955.ENSDARP00000095074	97.4	16
3587377	7955.ENSDARP00000117676	97.3	21
3567949	7955.ENSDARP00000022302	97.2	47
3587204	7955.ENSDARP00000117212	97.2	21
3576695	7955.ENSDARP00000090030	97.0	34
3566857	7955.ENSDARP00000011243	96.7	8
3566817	7955.ENSDARP00000010925	96.7	26
3566580	7955.ENSDARP00000008513	96.7	26
3570863	7955.ENSDARP00000054236	96.7	3
3584681	7955.ENSDARP00000111179	96.4	19
3573788	7955.ENSDARP00000072101	96.1	2
3566876	7955.ENSDARP00000011398	95.9	8
3572163	7955.ENSDARP00000062617	95.4	10
3580663	7955.ENSDARP00000103461	95.0	37
3571056	7955.ENSDARP00000055553	94.3	8
3582439	7955.ENSDARP00000107004	94.1	15
3569144	7955.ENSDARP00000036825	94.0	18
3574787	7955.ENSDARP00000076820	93.9	2
3568955	7955.ENSDARP00000034052	93.9	9
3578124	7955.ENSDARP00000096361	93.8	6
3580461	7955.ENSDARP00000102961	93.6	23
3577915	7955.ENSDARP00000095348	93.0	9
3568837	7955.ENSDARP00000032453	92.9	3
3570146	7955.ENSDARP00000048394	92.7	8
3572906	7955.ENSDARP00000067158	92.7	50
3576202	7955.ENSDARP00000087660	92.5	7
3570049	7955.ENSDARP00000047200	92.4	29
3578016	7955.ENSDARP00000095811	91.8	16
3572035	7955.ENSDARP00000061738	91.6	8
3574530	7955.ENSDARP00000075715	91.3	57
3571747	7955.ENSDARP00000059885	91.0	9
3591336	7955.ENSDARP00000127877	90.7	16
3568838	7955.ENSDARP00000032456	90.1	21
3570028	7955.ENSDARP00000047012	90.0	6
3570316	7955.ENSDARP00000050398	89.9	2
3578643	7955.ENSDARP00000098188	89.8	37
3567392	7955.ENSDARP00000016453	89.8	28
3580058	7955.ENSDARP00000101871	89.6	2
3588789	7955.ENSDARP00000121323	88.4	14
3590031	7955.ENSDARP00000124654	88.2	12
3582093	7955.ENSDARP00000106351	87.9	2
3578829	7955.ENSDARP00000098664	87.7	9
3589017	7955.ENSDARP00000121883	87.6	25
3568159	7955.ENSDARP00000024129	87.5	8
3576980	7955.ENSDARP00000091365	87.3	13
3586319	7955.ENSDARP00000114891	87.1	11
3571726	7955.ENSDARP00000059692	87.0	4
3577917	7955.ENSDARP00000095363	86.9	14
3583113	7955.ENSDARP00000108289	86.8	80
3567962	7955.ENSDARP00000022396	85.8	7
3580972	7955.ENSDARP00000104241	85.6	8
3586595	7955.ENSDARP00000115589	85.6	8
3591820	7955.ENSDARP00000128898	85.4	11
3585237	7955.ENSDARP00000112163	85.3	17
3574728	7955.ENSDARP00000076519	84.7	16
3590294	7955.ENSDARP00000125356	84.6	2
3586663	7955.ENSDARP00000115782	84.6	5
3568557	7955.ENSDARP00000028134	84.6	16
3566345	7955.ENSDARP00000006320	84.6	16
3569029	7955.ENSDARP00000035106	84.1	3
3566134	7955.ENSDARP00000004202	83.9	5
3573763	7955.ENSDARP00000071960	83.7	4
3588240	7955.ENSDARP00000119875	83.7	13
3577586	7955.ENSDARP00000093996	83.5	2
3591257	7955.ENSDARP00000127700	83.4	11
3581314	7955.ENSDARP00000104940	82.9	5
3570662	7955.ENSDARP00000052929	82.8	7
3584968	7955.ENSDARP00000111715	82.4	12
3580732	7955.ENSDARP00000103634	82.3	4
3567911	7955.ENSDARP00000021916	82.3	4
3570270	7955.ENSDARP00000049835	82.2	5
3571104	7955.ENSDARP00000055809	81.4	7
3582564	7955.ENSDARP00000107250	81.2	33
3570568	7955.ENSDARP00000052384	81.1	50
3566172	7955.ENSDARP00000004700	81.1	5
3586178	7955.ENSDARP00000114512	81.1	3
3569169	7955.ENSDARP00000037108	81.0	8
3567570	7955.ENSDARP00000018064	81.0	8
3579297	7955.ENSDARP00000099881	80.8	3
3583419	7955.ENSDARP00000108873	80.8	9
3567247	7955.ENSDARP00000015065	80.8	9
3576976	7955.ENSDARP00000091324	80.7	41
3566671	7955.ENSDARP00000009507	80.5	9
3584959	7955.ENSDARP00000111699	80.4	17
3591339	7955.ENSDARP00000127882	80.4	14
3581695	7955.ENSDARP00000105632	80.4	17
3587911	7955.ENSDARP00000118986	80.3	21
3568020	7955.ENSDARP00000022858	79.9	15
3576026	7955.ENSDARP00000086433	79.8	9
3576735	7955.ENSDARP00000090198	79.6	4
3578435	7955.ENSDARP00000097665	79.1	18
3581721	7955.ENSDARP00000105678	79.1	18
3570550	7955.ENSDARP00000052324	79.0	13
3566670	7955.ENSDARP00000009474	78.8	16
3583265	7955.ENSDARP00000108556	78.7	9
3567556	7955.ENSDARP00000017982	78.3	14
3567671	7955.ENSDARP00000019234	78.3	6
3577269	7955.ENSDARP00000092510	77.6	5
3582929	7955.ENSDARP00000107930	77.6	5
3576666	7955.ENSDARP00000089863	77.6	10
3572496	7955.ENSDARP00000064595	77.3	19
3568010	7955.ENSDARP00000022774	77.1	13
3569535	7955.ENSDARP00000041514	77.1	12
3575308	7955.ENSDARP00000080698	77.0	5
3566897	7955.ENSDARP00000011595	77.0	5
3586264	7955.ENSDARP00000114762	76.7	8
3583345	7955.ENSDARP00000108724	76.2	28
3569734	7955.ENSDARP00000043659	76.1	23
3573172	7955.ENSDARP00000068586	76.1	10
3576602	7955.ENSDARP00000089576	75.8	9
3566906	7955.ENSDARP00000011656	75.5	10
3567146	7955.ENSDARP00000014003	75.5	12
3567973	7955.ENSDARP00000022486	75.4	7
3587552	7955.ENSDARP00000118068	75.4	61
3585539	7955.ENSDARP00000112851	75.4	12
3575133	7955.ENSDARP00000079424	75.4	12
3568917	7955.ENSDARP00000033498	74.4	9
3574450	7955.ENSDARP00000075304	74.3	7
3567881	7955.ENSDARP00000021569	74.2	78
3566592	7955.ENSDARP00000008663	74.1	10
3572463	7955.ENSDARP00000064392	73.6	1
3574279	7955.ENSDARP00000074381	73.6	2
3574089	7955.ENSDARP00000073453	73.4	7
3580646	7955.ENSDARP00000103413	73.1	17
3566174	7955.ENSDARP00000004708	73.0	5
3575712	7955.ENSDARP00000083913	72.6	9
3569236	7955.ENSDARP00000037871	72.2	20
3568123	7955.ENSDARP00000023819	72.2	9
3580325	7955.ENSDARP00000102559	72.0	5
3585438	7955.ENSDARP00000112549	72.0	4
3571386	7955.ENSDARP00000057598	71.8	2
3565909	7955.ENSDARP00000002234	71.6	18
3570061	7955.ENSDARP00000047376	71.1	13
3569721	7955.ENSDARP00000043498	71.0	9
3574249	7955.ENSDARP00000074163	70.2	11
3571919	7955.ENSDARP00000060918	70.1	16
3571194	7955.ENSDARP00000056381	70.0	9
3570511	7955.ENSDARP00000052053	70.0	30
3577666	7955.ENSDARP00000094289	70.0	9
3572632	7955.ENSDARP00000065447	70.0	4
3575691	7955.ENSDARP00000083766	69.9	6
3570364	7955.ENSDARP00000050915	69.6	17
3572542	7955.ENSDARP00000064895	69.3	6
3573053	7955.ENSDARP00000067943	69.2	10
3591006	7955.ENSDARP00000127047	69.2	10
3572465	7955.ENSDARP00000064399	69.2	10
3569692	7955.ENSDARP00000043192	69.1	3
3586978	7955.ENSDARP00000116598	69.0	8
3574368	7955.ENSDARP00000074872	69.0	7
3578121	7955.ENSDARP00000096352	68.6	35
3568964	7955.ENSDARP00000034171	68.4	6
3589670	7955.ENSDARP00000123507	68.1	6
3589268	7955.ENSDARP00000122475	68.0	15
3584068	7955.ENSDARP00000110051	68.0	11
3584630	7955.ENSDARP00000111091	68.0	11
3570953	7955.ENSDARP00000054878	67.9	3
3574512	7955.ENSDARP00000075636	67.8	7
3579852	7955.ENSDARP00000101326	67.7	10
3585101	7955.ENSDARP00000111947	67.5	47
3571193	7955.ENSDARP00000056380	67.4	7
3569546	7955.ENSDARP00000041608	67.3	6
3567896	7955.ENSDARP00000021768	67.2	14
3574383	7955.ENSDARP00000074935	67.1	57
3578263	7955.ENSDARP00000096898	67.1	57
3568477	7955.ENSDARP00000027268	67.0	5
3576909	7955.ENSDARP00000090963	66.8	15
3566843	7955.ENSDARP00000011145	66.7	6
3577420	7955.ENSDARP00000093301	66.7	15
3576584	7955.ENSDARP00000089461	66.6	30
3587649	7955.ENSDARP00000118326	66.6	35
3577412	7955.ENSDARP00000093277	66.5	5
3583080	7955.ENSDARP00000108226	66.3	9
3579119	7955.ENSDARP00000099418	66.2	2
3568805	7955.ENSDARP00000032037	66.1	2
3569129	7955.ENSDARP00000036607	66.1	3
3581876	7955.ENSDARP00000105960	65.8	17
3578000	7955.ENSDARP00000095720	65.7	76
3588916	7955.ENSDARP00000121626	65.4	5
3582661	7955.ENSDARP00000107433	65.0	4
3574447	7955.ENSDARP00000075289	64.8	4
3567952	7955.ENSDARP00000022310	64.7	4
3568615	7955.ENSDARP00000029090	64.6	14
3579426	7955.ENSDARP00000100229	64.6	14
3573985	7955.ENSDARP00000072971	64.5	9
3566052	7955.ENSDARP00000003468	64.2	10
3586127	7955.ENSDARP00000114387	64.1	9
3570340	7955.ENSDARP00000050670	64.1	9
3584159	7955.ENSDARP00000110237	64.1	9
3570427	7955.ENSDARP00000051523	64.1	9
3581653	7955.ENSDARP00000105565	63.8	4
3585751	7955.ENSDARP00000113373	63.7	50
3577686	7955.ENSDARP00000094372	63.5	13
3570186	7955.ENSDARP00000048827	63.2	71
3573437	7955.ENSDARP00000070003	63.2	13
3584411	7955.ENSDARP00000110694	63.0	8
3577306	7955.ENSDARP00000092701	62.5	5
3577823	7955.ENSDARP00000094991	62.4	16
3566272	7955.ENSDARP00000005578	62.1	3
3586657	7955.ENSDARP00000115754	62.0	7
3573566	7955.ENSDARP00000070658	61.9	9
3574274	7955.ENSDARP00000074330	61.9	10
3568151	7955.ENSDARP00000024085	61.7	2
3588796	7955.ENSDARP00000121334	61.6	5
3567439	7955.ENSDARP00000016888	61.4	7
3585596	7955.ENSDARP00000112983	61.2	10
3582222	7955.ENSDARP00000106592	61.1	6
3571595	7955.ENSDARP00000058875	60.9	21
3585899	7955.ENSDARP00000113791	60.8	14
3583346	7955.ENSDARP00000108727	60.7	39
3577741	7955.ENSDARP00000094626	60.1	48
3569766	7955.ENSDARP00000043944	60.1	21
3568403	7955.ENSDARP00000026554	60.1	7
3582471	7955.ENSDARP00000107078	59.8	11
3576663	7955.ENSDARP00000089848	59.5	16
3569354	7955.ENSDARP00000039450	59.2	9
3585932	7955.ENSDARP00000113885	59.2	11
3579211	7955.ENSDARP00000099639	58.8	5
3580596	7955.ENSDARP00000103306	58.7	5
3584218	7955.ENSDARP00000110339	58.6	6
3572467	7955.ENSDARP00000064418	58.4	3
3567676	7955.ENSDARP00000019311	58.4	3
3589161	7955.ENSDARP00000122218	58.3	26
3567442	7955.ENSDARP00000016922	58.2	46
3575371	7955.ENSDARP00000081257	58.0	9
3574682	7955.ENSDARP00000076356	57.9	6
3581250	7955.ENSDARP00000104823	57.9	8
3571683	7955.ENSDARP00000059365	57.8	19
3582906	7955.ENSDARP00000107877	57.6	7
3568957	7955.ENSDARP00000034077	57.4	9
3589535	7955.ENSDARP00000123163	57.4	4
3570912	7955.ENSDARP00000054618	57.3	9
3585432	7955.ENSDARP00000112531	57.1	9
3569743	7955.ENSDARP00000043714	57.1	13
3573302	7955.ENSDARP00000069226	56.7	6
3574800	7955.ENSDARP00000076883	56.5	4
3570560	7955.ENSDARP00000052354	56.4	21
3576099	7955.ENSDARP00000086897	56.3	2
3568410	7955.ENSDARP00000026625	55.8	7
3566310	7955.ENSDARP00000005968	55.8	8
3570709	7955.ENSDARP00000053239	55.7	7
3570137	7955.ENSDARP00000048280	55.7	7
3587152	7955.ENSDARP00000117066	55.6	16
3587274	7955.ENSDARP00000117392	55.6	11
3574481	7955.ENSDARP00000075482	55.5	8
3570882	7955.ENSDARP00000054366	55.2	5
3566879	7955.ENSDARP00000011420	55.2	5
3581081	7955.ENSDARP00000104495	55.1	1
3580055	7955.ENSDARP00000101866	55.1	13
3577711	7955.ENSDARP00000094479	54.9	7
3588561	7955.ENSDARP00000120692	54.6	6
3569432	7955.ENSDARP00000040389	54.6	5
3566856	7955.ENSDARP00000011226	54.4	3
3578942	7955.ENSDARP00000098935	54.3	5
3570858	7955.ENSDARP00000054207	54.3	4
3570092	7955.ENSDARP00000047681	54.1	7
3566993	7955.ENSDARP00000012437	53.7	7
3568243	7955.ENSDARP00000024981	53.6	4
3568526	7955.ENSDARP00000027770	53.5	1
3568607	7955.ENSDARP00000028970	53.5	14
3577554	7955.ENSDARP00000093850	52.9	3
3576779	7955.ENSDARP00000090402	52.8	10
3567020	7955.ENSDARP00000012691	52.5	4
3571215	7955.ENSDARP00000056522	52.0	10
3573154	7955.ENSDARP00000068470	51.7	6
3569083	7955.ENSDARP00000035957	51.5	20
3575630	7955.ENSDARP00000083337	51.4	2
3566888	7955.ENSDARP00000011510	51.3	4
3577011	7955.ENSDARP00000091498	50.9	5
3569705	7955.ENSDARP00000043311	50.6	2
3579751	7955.ENSDARP00000101055	50.5	8
3573954	7955.ENSDARP00000072844	50.1	6
3574057	7955.ENSDARP00000073325	49.6	3
3568300	7955.ENSDARP00000025522	49.4	8
3569925	7955.ENSDARP00000045815	49.3	12
3566471	7955.ENSDARP00000007566	49.2	2
3583980	7955.ENSDARP00000109888	49.2	15
3571638	7955.ENSDARP00000059139	49.1	4
3577505	7955.ENSDARP00000093667	49.0	32
3568857	7955.ENSDARP00000032730	49.0	10
3574768	7955.ENSDARP00000076763	48.6	19
3576247	7955.ENSDARP00000087878	48.5	4
3568682	7955.ENSDARP00000030050	48.5	54
3566765	7955.ENSDARP00000010413	48.5	54
3583597	7955.ENSDARP00000109199	48.5	54
3580813	7955.ENSDARP00000103854	48.2	54
3566867	7955.ENSDARP00000011311	48.0	8
3581278	7955.ENSDARP00000104882	48.0	5
3571941	7955.ENSDARP00000061057	47.9	31
3585315	7955.ENSDARP00000112310	47.8	5
3570350	7955.ENSDARP00000050846	47.6	8
3573268	7955.ENSDARP00000069063	47.6	8
3567524	7955.ENSDARP00000017693	47.5	15
3574561	7955.ENSDARP00000075835	47.3	11
3566395	7955.ENSDARP00000006783	47.1	2
3574427	7955.ENSDARP00000075204	46.9	6
3575076	7955.ENSDARP00000078883	46.6	8
3568703	7955.ENSDARP00000030476	46.4	20
3566383	7955.ENSDARP00000006665	46.4	20
3588280	7955.ENSDARP00000119977	46.2	9
3580225	7955.ENSDARP00000102304	46.1	4
3569180	7955.ENSDARP00000037227	46.1	3
3585906	7955.ENSDARP00000113812	45.8	3
3569906	7955.ENSDARP00000045608	45.8	3
3583978	7955.ENSDARP00000109883	45.7	43
3566996	7955.ENSDARP00000012454	45.0	33
3572794	7955.ENSDARP00000066589	44.9	14
3572995	7955.ENSDARP00000067634	44.9	3
3568418	7955.ENSDARP00000026717	44.9	4
3587227	7955.ENSDARP00000117266	44.8	5
3573195	7955.ENSDARP00000068662	44.7	8
3588135	7955.ENSDARP00000119598	44.5	4
3582170	7955.ENSDARP00000106501	44.5	4
3572258	7955.ENSDARP00000063099	44.0	16
3576016	7955.ENSDARP00000086334	43.7	3
3570768	7955.ENSDARP00000053608	43.7	2
3577873	7955.ENSDARP00000095187	43.7	4
3570539	7955.ENSDARP00000052255	43.7	1
3569057	7955.ENSDARP00000035513	43.7	1
3577963	7955.ENSDARP00000095532	43.4	2
3574621	7955.ENSDARP00000076102	43.1	2
3573780	7955.ENSDARP00000072076	43.1	11
3568445	7955.ENSDARP00000026957	42.8	3
3578872	7955.ENSDARP00000098757	42.2	4
3569764	7955.ENSDARP00000043931	42.2	16
3569495	7955.ENSDARP00000041141	42.1	34
3566904	7955.ENSDARP00000011642	42.0	6
3573393	7955.ENSDARP00000069744	41.9	7
3572788	7955.ENSDARP00000066557	41.5	3
3571146	7955.ENSDARP00000056088	41.5	23
3567291	7955.ENSDARP00000015515	41.4	15
3590039	7955.ENSDARP00000124672	41.4	6
3573665	7955.ENSDARP00000071423	41.3	4
3583706	7955.ENSDARP00000109385	41.3	23
3573171	7955.ENSDARP00000068574	41.3	23
3573170	7955.ENSDARP00000068572	41.3	5
3570451	7955.ENSDARP00000051611	41.2	8
3579402	7955.ENSDARP00000100169	41.0	2
3583556	7955.ENSDARP00000109119	41.0	8
3566588	7955.ENSDARP00000008636	40.9	9
3581480	7955.ENSDARP00000105266	40.9	1
3574223	7955.ENSDARP00000074043	40.8	2
3578240	7955.ENSDARP00000096826	40.7	15
3573852	7955.ENSDARP00000072408	40.5	1
3576720	7955.ENSDARP00000090133	40.4	23
3566381	7955.ENSDARP00000006629	40.3	9
3576926	7955.ENSDARP00000091054	40.2	12
3573682	7955.ENSDARP00000071531	40.2	2
3578140	7955.ENSDARP00000096411	40.2	5
3571408	7955.ENSDARP00000057698	40.1	21
3589318	7955.ENSDARP00000122588	40.1	3
3583130	7955.ENSDARP00000108316	40.1	9
3579879	7955.ENSDARP00000101406	40.1	2
3569672	7955.ENSDARP00000043001	39.9	6
3577888	7955.ENSDARP00000095260	39.8	5
3568343	7955.ENSDARP00000025885	39.6	40
3576588	7955.ENSDARP00000089476	39.6	23
3583729	7955.ENSDARP00000109429	39.5	15
3570742	7955.ENSDARP00000053446	39.5	4
3567242	7955.ENSDARP00000015026	39.3	4
3568071	7955.ENSDARP00000023337	39.2	5
3569466	7955.ENSDARP00000040755	39.2	2
3588731	7955.ENSDARP00000121163	38.9	6
3565940	7955.ENSDARP00000002544	38.7	23
3568172	7955.ENSDARP00000024272	38.6	50
3566108	7955.ENSDARP00000003949	38.4	8
3570040	7955.ENSDARP00000047100	38.3	23
3566135	7955.ENSDARP00000004205	38.3	3
3577199	7955.ENSDARP00000092246	38.1	3
3573833	7955.ENSDARP00000072337	38.0	39
3583775	7955.ENSDARP00000109517	38.0	4
3587109	7955.ENSDARP00000116965	37.9	2
3567902	7955.ENSDARP00000021850	37.9	2
3567206	7955.ENSDARP00000014757	37.4	4
3572857	7955.ENSDARP00000066972	37.4	9
3585332	7955.ENSDARP00000112341	37.3	8
3567739	7955.ENSDARP00000019981	36.8	4
3571110	7955.ENSDARP00000055854	36.5	3
3567654	7955.ENSDARP00000019087	36.5	7
3572025	7955.ENSDARP00000061697	36.4	2
3581200	7955.ENSDARP00000104715	36.3	4
3568250	7955.ENSDARP00000025042	36.3	1
3585919	7955.ENSDARP00000113858	36.1	16
3578103	7955.ENSDARP00000096295	36.0	4
3589894	7955.ENSDARP00000124165	35.9	3
3567372	7955.ENSDARP00000016261	35.8	4
3590485	7955.ENSDARP00000125774	35.8	46
3587603	7955.ENSDARP00000118188	35.7	4
3568102	7955.ENSDARP00000023681	35.5	2
3566767	7955.ENSDARP00000010419	35.4	2
3572800	7955.ENSDARP00000066628	35.2	1
3568946	7955.ENSDARP00000033890	35.1	2
3567326	7955.ENSDARP00000015866	34.9	17
3585620	7955.ENSDARP00000113032	34.7	4
3565998	7955.ENSDARP00000003107	34.7	4
3588136	7955.ENSDARP00000119600	34.7	4
3567543	7955.ENSDARP00000017853	34.4	2
3572428	7955.ENSDARP00000064171	34.3	12
3583708	7955.ENSDARP00000109390	34.3	5
3568359	7955.ENSDARP00000026086	34.3	8
3572888	7955.ENSDARP00000067085	34.2	2
3566154	7955.ENSDARP00000004441	34.1	2
3587693	7955.ENSDARP00000118435	33.5	3
3574091	7955.ENSDARP00000073460	33.4	4
3591655	7955.ENSDARP00000128555	33.4	3
3568271	7955.ENSDARP00000025234	33.3	20
3582971	7955.ENSDARP00000108027	33.3	5
3572818	7955.ENSDARP00000066759	33.3	4
3568012	7955.ENSDARP00000022789	33.1	2
3569238	7955.ENSDARP00000037906	33.1	4
3578150	7955.ENSDARP00000096443	32.9	6
3570127	7955.ENSDARP00000048163	32.8	5
3579259	7955.ENSDARP00000099767	32.8	2
3577802	7955.ENSDARP00000094888	32.8	2
3582793	7955.ENSDARP00000107677	32.7	1
3573478	7955.ENSDARP00000070224	32.5	12
3583431	7955.ENSDARP00000108896	32.3	5
3591470	7955.ENSDARP00000128168	32.3	9
3590287	7955.ENSDARP00000125342	32.1	1
3570109	7955.ENSDARP00000047901	32.1	7
3590118	7955.ENSDARP00000124947	31.9	5
3569712	7955.ENSDARP00000043402	31.7	2
3568166	7955.ENSDARP00000024210	31.7	38
3569137	7955.ENSDARP00000036699	31.5	6
3588001	7955.ENSDARP00000119224	31.2	1
3582358	7955.ENSDARP00000106853	31.2	7
3589510	7955.ENSDARP00000123109	31.0	7
3574035	7955.ENSDARP00000073195	30.9	32
3584921	7955.ENSDARP00000111631	30.9	8
3571981	7955.ENSDARP00000061365	30.9	8
3569054	7955.ENSDARP00000035453	30.9	8
3583209	7955.ENSDARP00000108467	30.8	4
3568613	7955.ENSDARP00000029074	30.7	4
3567476	7955.ENSDARP00000017258	30.7	4
3567765	7955.ENSDARP00000020214	30.6	7
3577124	7955.ENSDARP00000091935	30.5	9
3574824	7955.ENSDARP00000076957	30.5	5
3581583	7955.ENSDARP00000105444	29.9	36
3570310	7955.ENSDARP00000050331	29.9	5
3578639	7955.ENSDARP00000098182	29.9	8
3578616	7955.ENSDARP00000098122	29.7	36
3571369	7955.ENSDARP00000057499	29.7	3
3580361	7955.ENSDARP00000102672	29.5	8
3567187	7955.ENSDARP00000014473	29.3	3
3568330	7955.ENSDARP00000025776	29.3	5
3589948	7955.ENSDARP00000124366	29.1	35
3568248	7955.ENSDARP00000025026	29.0	9
3566151	7955.ENSDARP00000004394	29.0	32
3571640	7955.ENSDARP00000059173	28.9	11
3588850	7955.ENSDARP00000121455	28.8	4
3568850	7955.ENSDARP00000032643	28.8	2
3569707	7955.ENSDARP00000043316	28.8	1
3566080	7955.ENSDARP00000003705	28.8	6
3572951	7955.ENSDARP00000067432	28.8	6
3568449	7955.ENSDARP00000026992	28.8	7
3566228	7955.ENSDARP00000005224	28.7	31
3590009	7955.ENSDARP00000124587	28.4	5
3588391	7955.ENSDARP00000120247	28.2	1
3566635	7955.ENSDARP00000009149	28.2	10
3571897	7955.ENSDARP00000060765	28.1	7
3570596	7955.ENSDARP00000052513	28.0	6
3577835	7955.ENSDARP00000095043	27.9	5
3565855	7955.ENSDARP00000000803	27.9	31
3572707	7955.ENSDARP00000065939	27.9	1
3590105	7955.ENSDARP00000124897	27.7	5
3567731	7955.ENSDARP00000019915	27.6	4
3567399	7955.ENSDARP00000016540	27.5	7
3584251	7955.ENSDARP00000110394	27.3	16
3581393	7955.ENSDARP00000105098	27.2	6
3566941	7955.ENSDARP00000012018	27.2	2
3574391	7955.ENSDARP00000074998	27.2	1
3566452	7955.ENSDARP00000007394	27.2	6
3570806	7955.ENSDARP00000053867	27.0	5
3568959	7955.ENSDARP00000034116	27.0	9
3568391	7955.ENSDARP00000026454	26.7	2
3575690	7955.ENSDARP00000083765	26.6	6
3566283	7955.ENSDARP00000005715	26.6	7
3581543	7955.ENSDARP00000105368	26.5	10
3584457	7955.ENSDARP00000110780	26.5	10
3574741	7955.ENSDARP00000076580	26.5	10
3565965	7955.ENSDARP00000002825	26.5	10
3571126	7955.ENSDARP00000055964	26.4	7
3580444	7955.ENSDARP00000102914	26.3	3
3586054	7955.ENSDARP00000114220	26.3	1
3577796	7955.ENSDARP00000094849	26.2	23
3565990	7955.ENSDARP00000003038	26.2	8
3570538	7955.ENSDARP00000052239	26.1	1
3567576	7955.ENSDARP00000018158	26.0	2
3568780	7955.ENSDARP00000031677	26.0	4
3570267	7955.ENSDARP00000049828	25.9	7
3581896	7955.ENSDARP00000105998	25.8	1
3582233	7955.ENSDARP00000106613	25.8	4
3579420	7955.ENSDARP00000100216	25.8	2
3579496	7955.ENSDARP00000100395	25.7	14
3578495	7955.ENSDARP00000097820	25.6	5
3578864	7955.ENSDARP00000098745	25.5	7
3590582	7955.ENSDARP00000126029	25.5	4
3569016	7955.ENSDARP00000034918	25.4	2
3571464	7955.ENSDARP00000058066	25.1	1
3588968	7955.ENSDARP00000121735	25.1	14
3574318	7955.ENSDARP00000074585	25.1	3
3570018	7955.ENSDARP00000046933	24.9	1
3568646	7955.ENSDARP00000029607	24.9	17
3591554	7955.ENSDARP00000128329	24.9	2
3569746	7955.ENSDARP00000043750	24.8	1
3572761	7955.ENSDARP00000066383	24.6	8
3571475	7955.ENSDARP00000058161	24.6	3
3581460	7955.ENSDARP00000105230	24.6	3
3579028	7955.ENSDARP00000099156	24.5	1
3586312	7955.ENSDARP00000114871	24.5	8
3586230	7955.ENSDARP00000114649	24.5	8
3583770	7955.ENSDARP00000109508	24.5	2
3570239	7955.ENSDARP00000049419	24.3	4
3591177	7955.ENSDARP00000127533	24.3	4
3573394	7955.ENSDARP00000069745	23.9	3
3578631	7955.ENSDARP00000098162	23.8	1
3579518	7955.ENSDARP00000100443	23.8	2
3572513	7955.ENSDARP00000064699	23.7	3
3570437	7955.ENSDARP00000051541	23.6	2
3575405	7955.ENSDARP00000081514	23.5	10
3572310	7955.ENSDARP00000063483	23.1	17
3582013	7955.ENSDARP00000106212	23.1	2
3572116	7955.ENSDARP00000062362	23.1	2
3576559	7955.ENSDARP00000089338	23.0	9
3569087	7955.ENSDARP00000036006	22.9	5
3567630	7955.ENSDARP00000018850	22.9	5
3569975	7955.ENSDARP00000046442	22.8	29
3582321	7955.ENSDARP00000106788	22.7	2
3567436	7955.ENSDARP00000016879	22.6	4
3569604	7955.ENSDARP00000042199	22.5	5
3567554	7955.ENSDARP00000017949	22.5	1
3567539	7955.ENSDARP00000017792	22.4	3
3583542	7955.ENSDARP00000109099	22.4	1
3584625	7955.ENSDARP00000111083	22.3	2
3589164	7955.ENSDARP00000122226	22.3	3
3575307	7955.ENSDARP00000080695	22.0	2
3567977	7955.ENSDARP00000022511	21.9	3
3566343	7955.ENSDARP00000006315	21.8	3
3566994	7955.ENSDARP00000012444	21.7	3
3580414	7955.ENSDARP00000102826	21.7	2
3569821	7955.ENSDARP00000044598	21.6	3
3567628	7955.ENSDARP00000018820	21.6	5
3577210	7955.ENSDARP00000092307	21.6	5
3566763	7955.ENSDARP00000010393	21.6	5
3570309	7955.ENSDARP00000050307	21.6	5
3572624	7955.ENSDARP00000065391	21.6	5
3569023	7955.ENSDARP00000035027	21.6	5
3567932	7955.ENSDARP00000022120	21.6	4
3567916	7955.ENSDARP00000021993	21.6	2
3571308	7955.ENSDARP00000057100	21.5	5
3577417	7955.ENSDARP00000093291	21.4	1
3580082	7955.ENSDARP00000101952	21.4	2
3585507	7955.ENSDARP00000112777	21.4	2
3572543	7955.ENSDARP00000064900	21.2	6
3571155	7955.ENSDARP00000056150	21.0	3
3568441	7955.ENSDARP00000026915	21.0	3
3567212	7955.ENSDARP00000014799	20.8	2
3570065	7955.ENSDARP00000047400	20.8	17
3567800	7955.ENSDARP00000020578	20.7	1
3582921	7955.ENSDARP00000107913	20.7	4
3576020	7955.ENSDARP00000086357	20.6	1
3567156	7955.ENSDARP00000014106	20.6	2
3578212	7955.ENSDARP00000096674	20.6	12
3567789	7955.ENSDARP00000020485	20.5	3
3566551	7955.ENSDARP00000008246	20.5	2
3575045	7955.ENSDARP00000078619	20.3	2
3579497	7955.ENSDARP00000100398	20.2	3
3577278	7955.ENSDARP00000092565	20.1	3
3575319	7955.ENSDARP00000080761	20.0	1
3570023	7955.ENSDARP00000046972	20.0	5
3574885	7955.ENSDARP00000077503	20.0	2
3582726	7955.ENSDARP00000107557	19.9	1
3577650	7955.ENSDARP00000094239	19.7	2
3570975	7955.ENSDARP00000055063	19.7	3
3581799	7955.ENSDARP00000105815	19.7	4
3581297	7955.ENSDARP00000104913	19.7	4
3573291	7955.ENSDARP00000069175	19.6	5
3573403	7955.ENSDARP00000069804	19.6	3
3567982	7955.ENSDARP00000022542	19.6	4
3574837	7955.ENSDARP00000077082	19.6	1
3579365	7955.ENSDARP00000100066	19.5	3
3570025	7955.ENSDARP00000046982	19.5	2
3585476	7955.ENSDARP00000112646	19.4	1
3579123	7955.ENSDARP00000099423	19.4	2
3584158	7955.ENSDARP00000110236	19.3	2
3585746	7955.ENSDARP00000113362	19.3	18
3582152	7955.ENSDARP00000106457	19.3	3
3568404	7955.ENSDARP00000026560	19.2	3
3566762	7955.ENSDARP00000010384	19.1	2
3578127	7955.ENSDARP00000096367	19.1	2
3565987	7955.ENSDARP00000003030	19.0	2
3588494	7955.ENSDARP00000120506	18.9	2
3572083	7955.ENSDARP00000062134	18.8	2
3567464	7955.ENSDARP00000017189	18.8	3
3576626	7955.ENSDARP00000089698	18.8	1
3577756	7955.ENSDARP00000094670	18.7	1
3574063	7955.ENSDARP00000073352	18.7	4
3582580	7955.ENSDARP00000107277	18.7	22
3587314	7955.ENSDARP00000117503	18.5	3
3572384	7955.ENSDARP00000063949	18.5	4
3568709	7955.ENSDARP00000030555	18.5	4
3566676	7955.ENSDARP00000009555	18.4	2
3568639	7955.ENSDARP00000029477	18.4	19
3578045	7955.ENSDARP00000095989	18.3	1
3586725	7955.ENSDARP00000115935	18.3	2
3583589	7955.ENSDARP00000109189	18.3	22
3571945	7955.ENSDARP00000061097	18.3	27
3586731	7955.ENSDARP00000115950	18.2	2
3574086	7955.ENSDARP00000073437	18.1	2
3567176	7955.ENSDARP00000014351	18.1	3
3580952	7955.ENSDARP00000104196	18.1	3
3567059	7955.ENSDARP00000013042	18.0	26
3579797	7955.ENSDARP00000101177	18.0	3
3569324	7955.ENSDARP00000039036	18.0	1
3586379	7955.ENSDARP00000115054	17.7	52
3568129	7955.ENSDARP00000023867	17.7	1
3589422	7955.ENSDARP00000122889	17.6	2
3566267	7955.ENSDARP00000005519	17.6	3
3569856	7955.ENSDARP00000045068	17.5	4
3570831	7955.ENSDARP00000054025	17.5	1
3571656	7955.ENSDARP00000059230	17.4	3
3571073	7955.ENSDARP00000055622	17.2	1
3572012	7955.ENSDARP00000061623	17.1	21
3581805	7955.ENSDARP00000105829	17.0	2
3566497	7955.ENSDARP00000007794	16.9	4
3573809	7955.ENSDARP00000072253	16.8	4
3568898	7955.ENSDARP00000033328	16.8	4
3570193	7955.ENSDARP00000048858	16.7	2
3570623	7955.ENSDARP00000052682	16.6	14
3566152	7955.ENSDARP00000004404	16.5	2
3574892	7955.ENSDARP00000077564	16.5	3
3573999	7955.ENSDARP00000073029	16.3	4
3582797	7955.ENSDARP00000107686	16.2	2
3582910	7955.ENSDARP00000107886	16.2	19
3569223	7955.ENSDARP00000037758	16.1	1
3570414	7955.ENSDARP00000051361	16.0	49
3572036	7955.ENSDARP00000061743	16.0	3
3582109	7955.ENSDARP00000106387	16.0	3
3576616	7955.ENSDARP00000089658	15.9	1
3577027	7955.ENSDARP00000091556	15.9	1
3589837	7955.ENSDARP00000124000	15.7	1
3578870	7955.ENSDARP00000098755	15.6	2
3574513	7955.ENSDARP00000075639	15.5	10
3586775	7955.ENSDARP00000116075	15.5	49
3585938	7955.ENSDARP00000113898	15.3	2
3587955	7955.ENSDARP00000119108	15.3	8
3586646	7955.ENSDARP00000115723	15.1	3
3566020	7955.ENSDARP00000003276	15.1	4
3572514	7955.ENSDARP00000064708	15.1	2
3570393	7955.ENSDARP00000051183	15.0	3
3567829	7955.ENSDARP00000020942	15.0	4
3577023	7955.ENSDARP00000091542	15.0	1
3583861	7955.ENSDARP00000109668	15.0	15
3570204	7955.ENSDARP00000048976	14.9	3
3574649	7955.ENSDARP00000076230	14.9	21
3566690	7955.ENSDARP00000009670	14.8	1
3576780	7955.ENSDARP00000090413	14.7	4
3584404	7955.ENSDARP00000110682	14.7	22
3567066	7955.ENSDARP00000013110	14.7	1
3568443	7955.ENSDARP00000026922	14.7	3
3580378	7955.ENSDARP00000102718	14.6	8
3572038	7955.ENSDARP00000061750	14.6	3
3573016	7955.ENSDARP00000067761	14.6	4
3578191	7955.ENSDARP00000096581	14.5	11
3573353	7955.ENSDARP00000069533	14.5	1
3567474	7955.ENSDARP00000017246	14.4	3
3584810	7955.ENSDARP00000111430	14.4	15
3586825	7955.ENSDARP00000116195	14.3	1
3573895	7955.ENSDARP00000072597	14.3	9
3574763	7955.ENSDARP00000076731	14.3	2
3570399	7955.ENSDARP00000051230	14.2	4
3591129	7955.ENSDARP00000127392	14.1	5
3590012	7955.ENSDARP00000124593	13.9	1
3571615	7955.ENSDARP00000058964	13.9	1
3585975	7955.ENSDARP00000113985	13.8	2
3574663	7955.ENSDARP00000076274	13.8	1
3576823	7955.ENSDARP00000090576	13.8	1
3583739	7955.ENSDARP00000109449	13.7	1
3570921	7955.ENSDARP00000054680	13.7	1
3588155	7955.ENSDARP00000119651	13.7	5
3584018	7955.ENSDARP00000109958	13.6	21
3566884	7955.ENSDARP00000011459	13.6	1
3577833	7955.ENSDARP00000095029	13.5	5
3571610	7955.ENSDARP00000058947	13.5	3
3572937	7955.ENSDARP00000067373	13.4	1
3580231	7955.ENSDARP00000102321	13.4	2
3578543	7955.ENSDARP00000097962	13.3	1
3584908	7955.ENSDARP00000111605	13.3	12
3574009	7955.ENSDARP00000073072	13.2	5
3580527	7955.ENSDARP00000103118	13.2	3
3569183	7955.ENSDARP00000037286	13.2	1
3581676	7955.ENSDARP00000105603	13.2	15
3574527	7955.ENSDARP00000075688	13.1	3
3569903	7955.ENSDARP00000045587	13.1	6
3578264	7955.ENSDARP00000096913	13.0	1
3575098	7955.ENSDARP00000079126	12.9	3
3569848	7955.ENSDARP00000045014	12.9	2
3589216	7955.ENSDARP00000122365	12.8	3
3572854	7955.ENSDARP00000066960	12.8	2
3570167	7955.ENSDARP00000048631	12.8	4
3583595	7955.ENSDARP00000109196	12.8	4
3587823	7955.ENSDARP00000118756	12.8	2
3571208	7955.ENSDARP00000056459	12.7	2
3576897	7955.ENSDARP00000090929	12.6	1
3578820	7955.ENSDARP00000098635	12.6	1
3584765	7955.ENSDARP00000111326	12.5	46
3579264	7955.ENSDARP00000099772	12.5	46
3582676	7955.ENSDARP00000107467	12.5	1
3567561	7955.ENSDARP00000018013	12.4	1
3581788	7955.ENSDARP00000105799	12.3	3
3586532	7955.ENSDARP00000115456	12.3	2
3579854	7955.ENSDARP00000101333	12.3	6
3573761	7955.ENSDARP00000071946	12.3	6
3575895	7955.ENSDARP00000085295	12.3	5
3585174	7955.ENSDARP00000112070	12.3	15
3582385	7955.ENSDARP00000106906	12.2	1
3572261	7955.ENSDARP00000063127	12.2	13
3587683	7955.ENSDARP00000118414	12.1	6
3577462	7955.ENSDARP00000093476	12.1	1
3573063	7955.ENSDARP00000067993	12.0	2
3579938	7955.ENSDARP00000101565	11.9	1
3585356	7955.ENSDARP00000112390	11.9	2
3583079	7955.ENSDARP00000108224	11.9	45
3568197	7955.ENSDARP00000024492	11.9	3
3573352	7955.ENSDARP00000069525	11.9	14
3591779	7955.ENSDARP00000128806	11.9	21
3581889	7955.ENSDARP00000105982	11.8	13
3585210	7955.ENSDARP00000112118	11.8	15
3590143	7955.ENSDARP00000125036	11.8	17
3583406	7955.ENSDARP00000108853	11.7	1
3573957	7955.ENSDARP00000072849	11.7	1
3578984	7955.ENSDARP00000099044	11.7	5
3570974	7955.ENSDARP00000055061	11.7	1
3576811	7955.ENSDARP00000090542	11.7	1
3580436	7955.ENSDARP00000102893	11.4	1
3566009	7955.ENSDARP00000003177	11.4	4
3569612	7955.ENSDARP00000042258	11.3	1
3569089	7955.ENSDARP00000036010	11.3	1
3572487	7955.ENSDARP00000064541	11.2	1
3572260	7955.ENSDARP00000063107	11.0	13
3589426	7955.ENSDARP00000122897	11.0	1
3576544	7955.ENSDARP00000089263	11.0	14
3585147	7955.ENSDARP00000112026	11.0	4
3589554	7955.ENSDARP00000123222	10.9	1
3583194	7955.ENSDARP00000108439	10.8	2
3566277	7955.ENSDARP00000005640	10.8	1
3568868	7955.ENSDARP00000032935	10.8	3
3583891	7955.ENSDARP00000109720	10.8	3
3570524	7955.ENSDARP00000052103	10.7	1
3571439	7955.ENSDARP00000057912	10.7	1
3569453	7955.ENSDARP00000040644	10.7	3
3565955	7955.ENSDARP00000002761	10.7	3
3575851	7955.ENSDARP00000084961	10.7	3
3585167	7955.ENSDARP00000112055	10.6	3
3568185	7955.ENSDARP00000024354	10.6	4
3574623	7955.ENSDARP00000076115	10.6	3
3573969	7955.ENSDARP00000072903	10.5	3
3578015	7955.ENSDARP00000095806	10.5	8
3568559	7955.ENSDARP00000028148	10.5	8
3582754	7955.ENSDARP00000107603	10.3	12
3586098	7955.ENSDARP00000114317	10.3	2
3567451	7955.ENSDARP00000016984	10.3	3
3566883	7955.ENSDARP00000011444	10.3	1
3581585	7955.ENSDARP00000105446	10.3	3
3577923	7955.ENSDARP00000095384	10.3	6
3586040	7955.ENSDARP00000114189	10.2	2
3568665	7955.ENSDARP00000029821	10.2	2
3569911	7955.ENSDARP00000045638	10.1	2
3583660	7955.ENSDARP00000109303	10.1	5
3573802	7955.ENSDARP00000072211	10.1	1
3568150	7955.ENSDARP00000024082	10.1	2
3571373	7955.ENSDARP00000057518	10.0	1
3587976	7955.ENSDARP00000119169	9.95	1
3568724	7955.ENSDARP00000030813	9.94	4
3578535	7955.ENSDARP00000097937	9.82	1
3569204	7955.ENSDARP00000037582	9.78	3
3566222	7955.ENSDARP00000005183	9.7	2
3587837	7955.ENSDARP00000118802	9.69	3
3566530	7955.ENSDARP00000008063	9.67	2
3586640	7955.ENSDARP00000115698	9.54	13
3592091	7955.ENSDARP00000129497	9.53	2
3569077	7955.ENSDARP00000035859	9.49	4
3575672	7955.ENSDARP00000083605	9.41	1
3577763	7955.ENSDARP00000094733	9.4	4
3590759	7955.ENSDARP00000126495	9.39	1
3574644	7955.ENSDARP00000076212	9.34	3
3579882	7955.ENSDARP00000101412	9.34	12
3576073	7955.ENSDARP00000086706	9.32	1
3572495	7955.ENSDARP00000064590	9.3	6
3589655	7955.ENSDARP00000123473	9.28	1
3571042	7955.ENSDARP00000055442	9.23	1
3590915	7955.ENSDARP00000126856	9.22	2
3572133	7955.ENSDARP00000062428	9.2	1
3570408	7955.ENSDARP00000051290	9.16	1
3570066	7955.ENSDARP00000047408	9.14	17
3569628	7955.ENSDARP00000042466	9.1	1
3579780	7955.ENSDARP00000101152	9.02	1
3567178	7955.ENSDARP00000014384	8.94	3
3572473	7955.ENSDARP00000064470	8.92	12
3570446	7955.ENSDARP00000051564	8.91	1
3574379	7955.ENSDARP00000074914	8.91	1
3586737	7955.ENSDARP00000115964	8.9	27
3576388	7955.ENSDARP00000088490	8.87	2
3567805	7955.ENSDARP00000020667	8.85	1
3584427	7955.ENSDARP00000110728	8.71	3
3582010	7955.ENSDARP00000106208	8.71	3
3570050	7955.ENSDARP00000047205	8.71	3
3584971	7955.ENSDARP00000111723	8.71	3
3578273	7955.ENSDARP00000096950	8.71	3
3577834	7955.ENSDARP00000095031	8.7	3
3572570	7955.ENSDARP00000065102	8.7	3
3583969	7955.ENSDARP00000109869	8.65	1
3577407	7955.ENSDARP00000093261	8.64	1
3584897	7955.ENSDARP00000111590	8.6	2
3575843	7955.ENSDARP00000084880	8.56	1
3579807	7955.ENSDARP00000101202	8.55	2
3569135	7955.ENSDARP00000036667	8.46	1
3583143	7955.ENSDARP00000108344	8.46	1
3567997	7955.ENSDARP00000022638	8.45	2
3584884	7955.ENSDARP00000111567	8.41	1
3583354	7955.ENSDARP00000108742	8.37	5
3573421	7955.ENSDARP00000069948	8.32	1
3568041	7955.ENSDARP00000023063	8.32	1
3574217	7955.ENSDARP00000074011	8.3	1
3574896	7955.ENSDARP00000077625	8.28	2
3588868	7955.ENSDARP00000121497	8.25	1
3583146	7955.ENSDARP00000108349	8.2	1
3568335	7955.ENSDARP00000025807	8.18	1
3589392	7955.ENSDARP00000122802	8.11	2
3570291	7955.ENSDARP00000050129	8.08	1
3582407	7955.ENSDARP00000106947	8.02	3
3584776	7955.ENSDARP00000111346	8.01	1
3576140	7955.ENSDARP00000087195	8.01	1
3586095	7955.ENSDARP00000114309	7.99	1
3567583	7955.ENSDARP00000018261	7.96	3
3581451	7955.ENSDARP00000105213	7.93	1
3566614	7955.ENSDARP00000008913	7.92	1
3591819	7955.ENSDARP00000128890	7.9	2
3575269	7955.ENSDARP00000080392	7.86	2
3566458	7955.ENSDARP00000007440	7.85	2
3587117	7955.ENSDARP00000116987	7.84	2
3567673	7955.ENSDARP00000019238	7.82	1
3567845	7955.ENSDARP00000021124	7.77	2
3575437	7955.ENSDARP00000081732	7.7	1
3569373	7955.ENSDARP00000039795	7.69	1
3587864	7955.ENSDARP00000118861	7.66	1
3567549	7955.ENSDARP00000017895	7.59	4
3581924	7955.ENSDARP00000106047	7.46	2
3571092	7955.ENSDARP00000055741	7.42	2
3571128	7955.ENSDARP00000055970	7.41	2
3570653	7955.ENSDARP00000052906	7.32	1
3572110	7955.ENSDARP00000062341	7.28	2
3576299	7955.ENSDARP00000088115	7.24	2
3568426	7955.ENSDARP00000026805	7.22	1
3585449	7955.ENSDARP00000112576	7.21	4
3585138	7955.ENSDARP00000112010	7.15	3
3586987	7955.ENSDARP00000116628	7.11	3
3582141	7955.ENSDARP00000106441	7.06	30
3578010	7955.ENSDARP00000095774	7.06	4
3570258	7955.ENSDARP00000049650	7.04	2
3581291	7955.ENSDARP00000104899	7.02	1
3567467	7955.ENSDARP00000017204	7.02	3
3572277	7955.ENSDARP00000063175	7.0	1
3589338	7955.ENSDARP00000122643	6.93	6
3588376	7955.ENSDARP00000120213	6.93	3
3582077	7955.ENSDARP00000106325	6.93	2
3577542	7955.ENSDARP00000093817	6.91	3
3579856	7955.ENSDARP00000101336	6.9	1
3567226	7955.ENSDARP00000014921	6.84	4
3570184	7955.ENSDARP00000048820	6.77	4
3570179	7955.ENSDARP00000048752	6.73	1
3567404	7955.ENSDARP00000016622	6.69	2
3590352	7955.ENSDARP00000125469	6.69	2
3586665	7955.ENSDARP00000115785	6.65	4
3584066	7955.ENSDARP00000110047	6.64	1
3570413	7955.ENSDARP00000051359	6.62	29
3577120	7955.ENSDARP00000091921	6.62	5
3576947	7955.ENSDARP00000091115	6.52	8
3566930	7955.ENSDARP00000011882	6.47	1
3579244	7955.ENSDARP00000099728	6.43	1
3571067	7955.ENSDARP00000055603	6.41	2
3568295	7955.ENSDARP00000025493	6.41	1
3573355	7955.ENSDARP00000069541	6.4	2
3578351	7955.ENSDARP00000097423	6.38	1
3581773	7955.ENSDARP00000105768	6.35	1
3578193	7955.ENSDARP00000096587	6.33	1
3577180	7955.ENSDARP00000092178	6.31	2
3586900	7955.ENSDARP00000116386	6.27	1
3569611	7955.ENSDARP00000042254	6.27	2
3570218	7955.ENSDARP00000049176	6.27	2
3565916	7955.ENSDARP00000002327	6.26	3
3579754	7955.ENSDARP00000101062	6.24	1
3580191	7955.ENSDARP00000102225	6.23	1
3590491	7955.ENSDARP00000125790	6.22	1
3588692	7955.ENSDARP00000121065	6.22	5
3584296	7955.ENSDARP00000110475	6.2	1
3579580	7955.ENSDARP00000100627	6.18	1
3570794	7955.ENSDARP00000053796	6.02	1
3579741	7955.ENSDARP00000101037	6.0	3
3568220	7955.ENSDARP00000024694	5.99	1
3591858	7955.ENSDARP00000128988	5.96	2
3568513	7955.ENSDARP00000027643	5.96	1
3575392	7955.ENSDARP00000081435	5.94	1
3570206	7955.ENSDARP00000049002	5.89	2
3577919	7955.ENSDARP00000095367	5.84	1
3583210	7955.ENSDARP00000108469	5.84	2
3582558	7955.ENSDARP00000107238	5.79	4
3581547	7955.ENSDARP00000105375	5.78	4
3579697	7955.ENSDARP00000100954	5.75	3
3569913	7955.ENSDARP00000045668	5.73	5
3569025	7955.ENSDARP00000035079	5.71	1
3578232	7955.ENSDARP00000096745	5.71	1
3570237	7955.ENSDARP00000049374	5.67	4
3575051	7955.ENSDARP00000078684	5.64	1
3581646	7955.ENSDARP00000105555	5.56	1
3570785	7955.ENSDARP00000053755	5.52	1
3576135	7955.ENSDARP00000087158	5.45	4
3588739	7955.ENSDARP00000121177	5.45	1
3576153	7955.ENSDARP00000087338	5.4	2
3576888	7955.ENSDARP00000090877	5.34	1
3583735	7955.ENSDARP00000109442	5.33	2
3575580	7955.ENSDARP00000082917	5.3	7
3573705	7955.ENSDARP00000071646	5.22	1
3575595	7955.ENSDARP00000083020	5.2	1
3584309	7955.ENSDARP00000110501	5.12	1
3582499	7955.ENSDARP00000107134	5.09	1
3575734	7955.ENSDARP00000084042	5.08	1
3567883	7955.ENSDARP00000021614	5.07	3
3572259	7955.ENSDARP00000063106	5.0	5
3581375	7955.ENSDARP00000105058	5.0	1
3582453	7955.ENSDARP00000107042	5.0	1
3591994	7955.ENSDARP00000129278	4.99	2
3577585	7955.ENSDARP00000093995	4.94	1
3576589	7955.ENSDARP00000089477	4.94	2
3566804	7955.ENSDARP00000010840	4.94	4
3572198	7955.ENSDARP00000062792	4.88	5
3590089	7955.ENSDARP00000124846	4.87	6
3574698	7955.ENSDARP00000076414	4.83	1
3568342	7955.ENSDARP00000025865	4.81	4
3574080	7955.ENSDARP00000073415	4.78	13
3584876	7955.ENSDARP00000111548	4.71	1
3588384	7955.ENSDARP00000120230	4.64	1
3579294	7955.ENSDARP00000099877	4.64	1
3579689	7955.ENSDARP00000100908	4.62	3
3566409	7955.ENSDARP00000006888	4.55	3
3591773	7955.ENSDARP00000128795	4.53	2
3588741	7955.ENSDARP00000121180	4.5	1
3570373	7955.ENSDARP00000050970	4.49	1
3581941	7955.ENSDARP00000106078	4.49	1
3572789	7955.ENSDARP00000066567	4.49	1
3568981	7955.ENSDARP00000034396	4.45	1
3585211	7955.ENSDARP00000112120	4.43	1
3574260	7955.ENSDARP00000074210	4.4	1
3567207	7955.ENSDARP00000014763	4.39	3
3568541	7955.ENSDARP00000027956	4.37	1
3584554	7955.ENSDARP00000110951	4.35	4
3588418	7955.ENSDARP00000120324	4.35	4
3583952	7955.ENSDARP00000109838	4.31	1
3573196	7955.ENSDARP00000068663	4.27	2
3571642	7955.ENSDARP00000059181	4.22	7
3588614	7955.ENSDARP00000120844	4.21	3
3580349	7955.ENSDARP00000102632	4.17	1
3572246	7955.ENSDARP00000063057	4.17	7
3588917	7955.ENSDARP00000121628	4.13	6
3587594	7955.ENSDARP00000118166	4.09	2
3575787	7955.ENSDARP00000084443	4.07	1
3570575	7955.ENSDARP00000052417	4.06	1
3579210	7955.ENSDARP00000099636	4.04	1
3583295	7955.ENSDARP00000108627	4.01	1
3568795	7955.ENSDARP00000031822	3.98	2
3590113	7955.ENSDARP00000124923	3.97	1
3573759	7955.ENSDARP00000071929	3.95	2
3575409	7955.ENSDARP00000081541	3.94	5
3577081	7955.ENSDARP00000091804	3.93	1
3584319	7955.ENSDARP00000110519	3.82	1
3590844	7955.ENSDARP00000126705	3.77	2
3572714	7955.ENSDARP00000065997	3.76	2
3588971	7955.ENSDARP00000121740	3.76	1
3566197	7955.ENSDARP00000004932	3.73	1
3589787	7955.ENSDARP00000123826	3.72	1
3570741	7955.ENSDARP00000053443	3.7	1
3578793	7955.ENSDARP00000098579	3.69	1
3576457	7955.ENSDARP00000088868	3.6	6
3576338	7955.ENSDARP00000088297	3.56	2
3579782	7955.ENSDARP00000101155	3.55	1
3567779	7955.ENSDARP00000020392	3.52	1
3566408	7955.ENSDARP00000006884	3.49	1
3566248	7955.ENSDARP00000005344	3.42	1
3572876	7955.ENSDARP00000067039	3.42	1
3571271	7955.ENSDARP00000056852	3.42	9
3565920	7955.ENSDARP00000002360	3.32	1
3571957	7955.ENSDARP00000061163	3.32	1
3590653	7955.ENSDARP00000126238	3.29	1
3581403	7955.ENSDARP00000105116	3.28	1
3574352	7955.ENSDARP00000074801	3.24	1
3580957	7955.ENSDARP00000104209	3.17	4
3582742	7955.ENSDARP00000107578	3.16	1
3585006	7955.ENSDARP00000111784	3.16	1
3588564	7955.ENSDARP00000120702	3.16	1
3584811	7955.ENSDARP00000111434	3.16	1
3583617	7955.ENSDARP00000109226	3.16	1
3590365	7955.ENSDARP00000125496	3.14	1
3590217	7955.ENSDARP00000125193	3.14	1
3590239	7955.ENSDARP00000125238	3.14	1
3590242	7955.ENSDARP00000125244	3.14	1
3585060	7955.ENSDARP00000111877	3.13	1
3579551	7955.ENSDARP00000100537	3.1	1
3583645	7955.ENSDARP00000109278	3.07	1
3571813	7955.ENSDARP00000060242	3.06	2
3569965	7955.ENSDARP00000046296	3.05	1
3575498	7955.ENSDARP00000082219	3.05	1
3576360	7955.ENSDARP00000088399	3.03	2
3572471	7955.ENSDARP00000064461	3.03	1
3566860	7955.ENSDARP00000011269	3.02	19
3571505	7955.ENSDARP00000058369	2.97	1
3568609	7955.ENSDARP00000029000	2.94	1
3589019	7955.ENSDARP00000121885	2.92	1
3578192	7955.ENSDARP00000096586	2.89	2
3577859	7955.ENSDARP00000095128	2.81	3
3579775	7955.ENSDARP00000101144	2.79	1
3584034	7955.ENSDARP00000109993	2.78	1
3591349	7955.ENSDARP00000127908	2.77	3
3582428	7955.ENSDARP00000106981	2.74	2
3591083	7955.ENSDARP00000127252	2.72	3
3577386	7955.ENSDARP00000093164	2.7	2
3590162	7955.ENSDARP00000125088	2.68	1
3579451	7955.ENSDARP00000100290	2.65	4
3573792	7955.ENSDARP00000072130	2.62	3
3568234	7955.ENSDARP00000024860	2.61	1
3567526	7955.ENSDARP00000017742	2.6	2
3588068	7955.ENSDARP00000119407	2.59	3
3575967	7955.ENSDARP00000085945	2.57	2
3588110	7955.ENSDARP00000119520	2.56	2
3582608	7955.ENSDARP00000107323	2.54	1
3580216	7955.ENSDARP00000102286	2.54	2
3577285	7955.ENSDARP00000092585	2.54	2
3585718	7955.ENSDARP00000113292	2.54	2
3584889	7955.ENSDARP00000111579	2.54	2
3574978	7955.ENSDARP00000078114	2.54	4
3590861	7955.ENSDARP00000126746	2.5	2
3588716	7955.ENSDARP00000121132	2.49	1
3580416	7955.ENSDARP00000102837	2.45	1
3567706	7955.ENSDARP00000019686	2.38	1
3573928	7955.ENSDARP00000072718	2.37	1
3577990	7955.ENSDARP00000095645	2.37	1
3569853	7955.ENSDARP00000045048	2.37	2
3575472	7955.ENSDARP00000082023	2.33	1
3577514	7955.ENSDARP00000093707	2.32	1
3565856	7955.ENSDARP00000000854	2.29	1
3565843	7955.ENSDARP00000000192	2.29	1
3575446	7955.ENSDARP00000081816	2.23	1
3590198	7955.ENSDARP00000125167	2.21	1
3590004	7955.ENSDARP00000124562	2.2	1
3573386	7955.ENSDARP00000069695	2.16	9
3587275	7955.ENSDARP00000117394	2.15	2
3577376	7955.ENSDARP00000093111	2.04	1
3579716	7955.ENSDARP00000100984	2.03	1
3577305	7955.ENSDARP00000092698	2.03	1
3577303	7955.ENSDARP00000092691	2.03	1
3579073	7955.ENSDARP00000099283	2.03	1
3579333	7955.ENSDARP00000099985	1.99	1
3580277	7955.ENSDARP00000102423	1.95	1
3574562	7955.ENSDARP00000075852	1.91	1
3571809	7955.ENSDARP00000060202	1.9	1
3574341	7955.ENSDARP00000074778	1.87	1
3583918	7955.ENSDARP00000109771	1.82	1
3581745	7955.ENSDARP00000105718	1.82	1
3583075	7955.ENSDARP00000108215	1.81	2
3582514	7955.ENSDARP00000107164	1.78	1
3571013	7955.ENSDARP00000055286	1.77	1
3579060	7955.ENSDARP00000099251	1.77	1
3578050	7955.ENSDARP00000096043	1.77	1
3578800	7955.ENSDARP00000098595	1.77	1
3568030	7955.ENSDARP00000022929	1.77	1
3571097	7955.ENSDARP00000055756	1.76	2
3567479	7955.ENSDARP00000017292	1.74	1
3585634	7955.ENSDARP00000113061	1.66	2
3570464	7955.ENSDARP00000051678	1.65	1
3582705	7955.ENSDARP00000107527	1.61	2
3579046	7955.ENSDARP00000099216	1.58	1
3575410	7955.ENSDARP00000081544	1.56	3
3568032	7955.ENSDARP00000022958	1.56	1
3589126	7955.ENSDARP00000122142	1.55	1
3585577	7955.ENSDARP00000112940	1.5	1
3579770	7955.ENSDARP00000101117	1.41	1
3576757	7955.ENSDARP00000090306	1.4	11
3579418	7955.ENSDARP00000100208	1.4	1
3576089	7955.ENSDARP00000086813	1.31	1
3567791	7955.ENSDARP00000020522	1.31	1
3584821	7955.ENSDARP00000111457	1.3	2
3583250	7955.ENSDARP00000108536	1.3	1
3569787	7955.ENSDARP00000044183	1.29	1
3583910	7955.ENSDARP00000109758	1.28	1
3585026	7955.ENSDARP00000111820	1.21	2
3566001	7955.ENSDARP00000003132	1.17	1
3590315	7955.ENSDARP00000125399	1.15	1
3572981	7955.ENSDARP00000067582	1.15	1
3570170	7955.ENSDARP00000048656	1.14	1
3572087	7955.ENSDARP00000062147	1.06	1
3591961	7955.ENSDARP00000129212	0.99	2
3566523	7955.ENSDARP00000007995	0.977	1
3570130	7955.ENSDARP00000048190	0.965	1
3571673	7955.ENSDARP00000059321	0.901	1
3570868	7955.ENSDARP00000054273	0.877	1
3589780	7955.ENSDARP00000123810	0.828	1
3581384	7955.ENSDARP00000105074	0.819	1
3590163	7955.ENSDARP00000125089	0.798	8
3586894	7955.ENSDARP00000116372	0.797	8
3586384	7955.ENSDARP00000115072	0.797	8
3589280	7955.ENSDARP00000122502	0.797	8
3579720	7955.ENSDARP00000100990	0.794	1
3588860	7955.ENSDARP00000121484	0.794	8
3578733	7955.ENSDARP00000098422	0.776	2
3569152	7955.ENSDARP00000036929	0.771	1
3582269	7955.ENSDARP00000106691	0.753	2
3567041	7955.ENSDARP00000012861	0.742	1
3576014	7955.ENSDARP00000086306	0.718	1
3587343	7955.ENSDARP00000117582	0.712	2
3575434	7955.ENSDARP00000081684	0.711	1
3592004	7955.ENSDARP00000129294	0.683	1
3583913	7955.ENSDARP00000109762	0.629	1
3580773	7955.ENSDARP00000103737	0.614	1
3591934	7955.ENSDARP00000129163	0.59	1
3572152	7955.ENSDARP00000062550	0.579	1
3570211	7955.ENSDARP00000049098	0.571	1
3584666	7955.ENSDARP00000111156	0.568	1
3569660	7955.ENSDARP00000042866	0.565	1
3575975	7955.ENSDARP00000086000	0.56	1
3581075	7955.ENSDARP00000104486	0.559	1
3565954	7955.ENSDARP00000002746	0.557	1
3588790	7955.ENSDARP00000121324	0.536	1
3585082	7955.ENSDARP00000111923	0.527	1
3570133	7955.ENSDARP00000048210	0.505	1
3579155	7955.ENSDARP00000099498	0.501	1
3572126	7955.ENSDARP00000062405	0.496	1
3577826	7955.ENSDARP00000094997	0.49	1
3568744	7955.ENSDARP00000031042	0.486	1
3587520	7955.ENSDARP00000118004	0.474	1
3582674	7955.ENSDARP00000107465	0.443	1
3573435	7955.ENSDARP00000070001	0.398	1
3586169	7955.ENSDARP00000114486	0.398	1
3569538	7955.ENSDARP00000041532	0.39	1
3567737	7955.ENSDARP00000019957	0.385	2
3591130	7955.ENSDARP00000127394	0.385	1
3571066	7955.ENSDARP00000055592	0.364	1
3572796	7955.ENSDARP00000066619	0.351	1
3591616	7955.ENSDARP00000128469	0.274	1
3575408	7955.ENSDARP00000081539	0.272	1
3572689	7955.ENSDARP00000065840	0.251	1
3575218	7955.ENSDARP00000080059	0.248	1
3570962	7955.ENSDARP00000054976	0.248	1
3572586	7955.ENSDARP00000065205	0.236	1
3579956	7955.ENSDARP00000101609	0.215	1
3583288	7955.ENSDARP00000108614	0.206	1
3584157	7955.ENSDARP00000110235	0.201	1
3590953	7955.ENSDARP00000126928	0.142	1
3583892	7955.ENSDARP00000109722	0.136	1
3591814	7955.ENSDARP00000128879	0.122	1
3585843	7955.ENSDARP00000113623	0.116	1
3587957	7955.ENSDARP00000119111	0.108	1
3573590	7955.ENSDARP00000070818	0.107	1
3586822	7955.ENSDARP00000116181	0.1	1
3585965	7955.ENSDARP00000113965	0.063	1
3584167	7955.ENSDARP00000110252	0.06	1
3589211	7955.ENSDARP00000122354	0.057	1
3587615	7955.ENSDARP00000118221	0.056	1
3591155	7955.ENSDARP00000127452	0.056	1
3587007	7955.ENSDARP00000116678	0.047	1
