#id: 2362982463
#name: Danio rerio - Female gonad, SC (Kelkar,mcp,2014)
#score: 11.5
#description: abundance based on Spectral counting, Interaction consistency score: 11.5, Coverage: 8
#organ: FEMALE_GONAD
#integrated: false
#coverage: 8
#link: http://www.ncbi.nlm.nih.gov/pubmed/25060758
#publication_year: 2014
#filename: 7955-ZF_Ovary_Kelkar_2014_SEQUEST.txt
#
#internal_id	string_external_id	abundance	raw_spectral_count
3570303	7955.ENSDARP00000050237	40255	30091
3573917	7955.ENSDARP00000072687	30977	26495
3571958	7955.ENSDARP00000061164	30432	15104
3578291	7955.ENSDARP00000097050	28331	1515
3586362	7955.ENSDARP00000115012	27041	22673
3585976	7955.ENSDARP00000113988	25040	22307
3573914	7955.ENSDARP00000072678	19470	19620
3570634	7955.ENSDARP00000052760	13676	5
3566348	7955.ENSDARP00000006339	10144	566
3579761	7955.ENSDARP00000101082	7022	146
3582206	7955.ENSDARP00000106566	6791	48
3583765	7955.ENSDARP00000109497	6510	64
3572361	7955.ENSDARP00000063799	6325	323
3577869	7955.ENSDARP00000095167	6258	47
3579636	7955.ENSDARP00000100779	6117	278
3571967	7955.ENSDARP00000061273	5997	54
3582518	7955.ENSDARP00000107173	5681	126
3570629	7955.ENSDARP00000052729	5673	93
3583915	7955.ENSDARP00000109765	5413	126
3579931	7955.ENSDARP00000101541	5164	259
3589290	7955.ENSDARP00000122537	5061	230
3572065	7955.ENSDARP00000061957	5059	103
3566070	7955.ENSDARP00000003641	5006	115
3571193	7955.ENSDARP00000056380	4989	241
3569934	7955.ENSDARP00000045900	4793	93
3585260	7955.ENSDARP00000112199	4680	189
3569738	7955.ENSDARP00000043687	4394	126
3568050	7955.ENSDARP00000023158	4343	1115
3568942	7955.ENSDARP00000033806	4190	174
3583706	7955.ENSDARP00000109385	3936	1146
3570598	7955.ENSDARP00000052528	3792	53
3587453	7955.ENSDARP00000117864	3784	35
3576720	7955.ENSDARP00000090133	3757	1145
3573171	7955.ENSDARP00000068574	3742	1111
3568163	7955.ENSDARP00000024189	3736	37
3566295	7955.ENSDARP00000005837	3731	33
3575446	7955.ENSDARP00000081816	3675	501
3591879	7955.ENSDARP00000129036	3642	55
3568540	7955.ENSDARP00000027947	3536	295
3565940	7955.ENSDARP00000002544	3516	1146
3566285	7955.ENSDARP00000005719	3464	47
3567361	7955.ENSDARP00000016158	3460	50
3590857	7955.ENSDARP00000126732	3448	51
3568052	7955.ENSDARP00000023177	3447	107
3583471	7955.ENSDARP00000108965	3377	50
3573057	7955.ENSDARP00000067953	3362	97
3573568	7955.ENSDARP00000070667	3303	220
3567605	7955.ENSDARP00000018594	3248	21
3571146	7955.ENSDARP00000056088	3198	1115
3573195	7955.ENSDARP00000068662	3191	542
3566809	7955.ENSDARP00000010878	3125	323
3570040	7955.ENSDARP00000047100	3045	1145
3583776	7955.ENSDARP00000109518	3010	302
3577262	7955.ENSDARP00000092488	3010	302
3571826	7955.ENSDARP00000060309	3002	278
3588451	7955.ENSDARP00000120407	2977	40
3566380	7955.ENSDARP00000006624	2972	54
3577036	7955.ENSDARP00000091586	2962	34
3572458	7955.ENSDARP00000064375	2899	54
3591926	7955.ENSDARP00000129150	2852	25
3590683	7955.ENSDARP00000126314	2823	90
3566897	7955.ENSDARP00000011595	2789	109
3583462	7955.ENSDARP00000108949	2752	41
3572841	7955.ENSDARP00000066897	2727	60
3567496	7955.ENSDARP00000017456	2724	333
3573318	7955.ENSDARP00000069300	2696	92
3566777	7955.ENSDARP00000010482	2656	112
3567632	7955.ENSDARP00000018865	2653	63
3581799	7955.ENSDARP00000105815	2648	549
3572340	7955.ENSDARP00000063661	2610	189
3578076	7955.ENSDARP00000096178	2508	43
3586669	7955.ENSDARP00000115796	2489	15
3569433	7955.ENSDARP00000040396	2457	82
3570046	7955.ENSDARP00000047174	2417	29
3572038	7955.ENSDARP00000061750	2403	234
3577559	7955.ENSDARP00000093898	2372	255
3588413	7955.ENSDARP00000120304	2331	55
3567087	7955.ENSDARP00000013329	2289	110
3568238	7955.ENSDARP00000024900	2219	206
3586204	7955.ENSDARP00000114578	2164	9
3570965	7955.ENSDARP00000054986	2142	560
3589178	7955.ENSDARP00000122263	2142	560
3590079	7955.ENSDARP00000124804	2123	27
3570877	7955.ENSDARP00000054339	2082	39
3568045	7955.ENSDARP00000023121	2056	70
3580261	7955.ENSDARP00000102385	1991	653
3581081	7955.ENSDARP00000104495	1966	11
3569287	7955.ENSDARP00000038658	1937	46
3582995	7955.ENSDARP00000108075	1934	14
3589541	7955.ENSDARP00000123183	1922	67
3585975	7955.ENSDARP00000113985	1907	75
3581065	7955.ENSDARP00000104468	1885	391
3587830	7955.ENSDARP00000118774	1885	391
3586927	7955.ENSDARP00000116459	1885	42
3583556	7955.ENSDARP00000109119	1882	422
3571508	7955.ENSDARP00000058383	1882	114
3568926	7955.ENSDARP00000033600	1880	20
3573425	7955.ENSDARP00000069977	1840	44
3583064	7955.ENSDARP00000108197	1806	31
3567998	7955.ENSDARP00000022641	1804	105
3577940	7955.ENSDARP00000095458	1787	36
3574007	7955.ENSDARP00000073057	1741	120
3584841	7955.ENSDARP00000111487	1740	30
3568990	7955.ENSDARP00000034555	1737	31
3577111	7955.ENSDARP00000091899	1733	39
3586591	7955.ENSDARP00000115580	1732	47
3569507	7955.ENSDARP00000041278	1728	635
3569039	7955.ENSDARP00000035273	1727	17
3588367	7955.ENSDARP00000120183	1725	57
3569537	7955.ENSDARP00000041530	1712	31
3566489	7955.ENSDARP00000007716	1711	41
3578167	7955.ENSDARP00000096504	1702	141
3570274	7955.ENSDARP00000049894	1697	34
3588581	7955.ENSDARP00000120742	1691	109
3585649	7955.ENSDARP00000113118	1670	36
3571839	7955.ENSDARP00000060362	1665	65
3573350	7955.ENSDARP00000069513	1662	44
3570993	7955.ENSDARP00000055185	1628	18
3571955	7955.ENSDARP00000061148	1619	603
3589868	7955.ENSDARP00000124085	1580	3
3589932	7955.ENSDARP00000124304	1575	12
3566040	7955.ENSDARP00000003389	1573	60
3588164	7955.ENSDARP00000119683	1568	18
3570703	7955.ENSDARP00000053207	1548	30
3587723	7955.ENSDARP00000118521	1543	42
3573802	7955.ENSDARP00000072211	1528	113
3570107	7955.ENSDARP00000047864	1528	680
3588195	7955.ENSDARP00000119756	1516	51
3587939	7955.ENSDARP00000119055	1513	568
3587101	7955.ENSDARP00000116942	1510	111
3573843	7955.ENSDARP00000072376	1504	32
3584856	7955.ENSDARP00000111507	1503	99
3581392	7955.ENSDARP00000105094	1492	640
3592091	7955.ENSDARP00000129497	1486	83
3587461	7955.ENSDARP00000117879	1485	45
3570056	7955.ENSDARP00000047268	1485	45
3588427	7955.ENSDARP00000120344	1485	45
3576638	7955.ENSDARP00000089753	1485	45
3566628	7955.ENSDARP00000009096	1483	69
3576174	7955.ENSDARP00000087462	1476	44
3576784	7955.ENSDARP00000090434	1474	54
3583001	7955.ENSDARP00000108089	1467	42
3582941	7955.ENSDARP00000107948	1460	142
3572036	7955.ENSDARP00000061743	1453	167
3578080	7955.ENSDARP00000096200	1437	25
3573536	7955.ENSDARP00000070509	1421	40
3588146	7955.ENSDARP00000119629	1404	18
3573022	7955.ENSDARP00000067802	1403	82
3583585	7955.ENSDARP00000109185	1401	25
3572732	7955.ENSDARP00000066176	1393	492
3589293	7955.ENSDARP00000122542	1388	53
3565901	7955.ENSDARP00000002175	1388	446
3570518	7955.ENSDARP00000052081	1382	36
3586007	7955.ENSDARP00000114072	1371	5
3590229	7955.ENSDARP00000125214	1363	70
3569372	7955.ENSDARP00000039787	1361	19
3578567	7955.ENSDARP00000098004	1357	307
3569189	7955.ENSDARP00000037344	1355	20
3577885	7955.ENSDARP00000095248	1332	3
3570678	7955.ENSDARP00000053076	1312	39
3569334	7955.ENSDARP00000039143	1308	28
3573421	7955.ENSDARP00000069948	1295	80
3571029	7955.ENSDARP00000055379	1286	528
3574339	7955.ENSDARP00000074756	1284	10
3570760	7955.ENSDARP00000053541	1271	31
3567508	7955.ENSDARP00000017569	1248	97
3571441	7955.ENSDARP00000057943	1240	18
3577261	7955.ENSDARP00000092484	1232	46
3569976	7955.ENSDARP00000046453	1228	607
3569689	7955.ENSDARP00000043172	1219	29
3588016	7955.ENSDARP00000119262	1217	20
3574520	7955.ENSDARP00000075658	1207	119
3583235	7955.ENSDARP00000108507	1207	41
3574091	7955.ENSDARP00000073460	1205	114
3577863	7955.ENSDARP00000095139	1195	16
3570739	7955.ENSDARP00000053425	1191	32
3576178	7955.ENSDARP00000087500	1184	45
3573768	7955.ENSDARP00000072006	1183	593
3568320	7955.ENSDARP00000025702	1181	210
3572360	7955.ENSDARP00000063788	1177	40
3571768	7955.ENSDARP00000060004	1173	20
3566844	7955.ENSDARP00000011148	1173	21
3578219	7955.ENSDARP00000096703	1172	49
3566815	7955.ENSDARP00000010921	1167	290
3569675	7955.ENSDARP00000043066	1164	18
3573987	7955.ENSDARP00000072983	1161	91
3592134	7955.ENSDARP00000129595	1142	39
3579906	7955.ENSDARP00000101478	1142	33
3580884	7955.ENSDARP00000104033	1138	642
3566084	7955.ENSDARP00000003738	1132	85
3592047	7955.ENSDARP00000129394	1128	117
3567099	7955.ENSDARP00000013441	1118	188
3582492	7955.ENSDARP00000107122	1107	554
3572834	7955.ENSDARP00000066858	1107	554
3569761	7955.ENSDARP00000043898	1100	147
3567835	7955.ENSDARP00000021016	1097	481
3586054	7955.ENSDARP00000114220	1094	94
3571262	7955.ENSDARP00000056789	1089	8
3576867	7955.ENSDARP00000090766	1082	280
3572296	7955.ENSDARP00000063391	1071	46
3567727	7955.ENSDARP00000019888	1065	598
3592023	7955.ENSDARP00000129330	1051	45
3575763	7955.ENSDARP00000084277	1051	45
3579803	7955.ENSDARP00000101193	1051	45
3591753	7955.ENSDARP00000128757	1051	45
3585524	7955.ENSDARP00000112824	1051	45
3585724	7955.ENSDARP00000113307	1051	45
3591366	7955.ENSDARP00000127943	1051	45
3588785	7955.ENSDARP00000121314	1043	34
3587636	7955.ENSDARP00000118276	1043	44
3572374	7955.ENSDARP00000063869	1043	29
3579298	7955.ENSDARP00000099884	1040	202
3567985	7955.ENSDARP00000022552	1039	21
3570716	7955.ENSDARP00000053303	1036	585
3568099	7955.ENSDARP00000023671	1020	60
3568675	7955.ENSDARP00000029933	1018	587
3571936	7955.ENSDARP00000061000	1017	82
3568041	7955.ENSDARP00000023063	1009	71
3589125	7955.ENSDARP00000122141	1007	20
3579413	7955.ENSDARP00000100195	993	446
3582097	7955.ENSDARP00000106359	978	37
3566233	7955.ENSDARP00000005260	975	70
3574510	7955.ENSDARP00000075631	971	14
3567332	7955.ENSDARP00000015917	969	124
3566857	7955.ENSDARP00000011243	968	66
3568517	7955.ENSDARP00000027662	963	55
3580896	7955.ENSDARP00000104065	963	27
3567647	7955.ENSDARP00000018980	956	35
3588422	7955.ENSDARP00000120334	944	126
3583297	7955.ENSDARP00000108629	939	28
3570476	7955.ENSDARP00000051762	935	48
3579138	7955.ENSDARP00000099464	934	54
3576243	7955.ENSDARP00000087874	930	11
3591239	7955.ENSDARP00000127662	923	80
3571186	7955.ENSDARP00000056318	918	14
3573297	7955.ENSDARP00000069198	913	45
3580515	7955.ENSDARP00000103087	895	17
3574087	7955.ENSDARP00000073439	882	67
3586836	7955.ENSDARP00000116226	880	56
3572414	7955.ENSDARP00000064110	879	13
3585004	7955.ENSDARP00000111782	879	15
3591762	7955.ENSDARP00000128775	870	89
3576241	7955.ENSDARP00000087872	868	16
3572107	7955.ENSDARP00000062323	859	54
3566729	7955.ENSDARP00000010055	854	29
3581515	7955.ENSDARP00000105328	852	15
3570857	7955.ENSDARP00000054204	851	14
3573587	7955.ENSDARP00000070807	844	72
3578058	7955.ENSDARP00000096079	841	42
3567578	7955.ENSDARP00000018197	833	29
3566079	7955.ENSDARP00000003700	832	34
3573962	7955.ENSDARP00000072874	824	30
3582726	7955.ENSDARP00000107557	821	18
3568988	7955.ENSDARP00000034536	818	30
3569918	7955.ENSDARP00000045696	815	23
3571579	7955.ENSDARP00000058736	813	17
3569411	7955.ENSDARP00000040203	813	413
3567801	7955.ENSDARP00000020595	808	7
3569301	7955.ENSDARP00000038799	804	26
3583419	7955.ENSDARP00000108873	802	67
3577290	7955.ENSDARP00000092617	802	65
3567247	7955.ENSDARP00000015065	802	67
3569571	7955.ENSDARP00000041841	790	16
3584495	7955.ENSDARP00000110851	788	453
3569494	7955.ENSDARP00000041113	784	13
3568361	7955.ENSDARP00000026092	782	36
3577465	7955.ENSDARP00000093490	775	491
3572171	7955.ENSDARP00000062670	773	360
3571194	7955.ENSDARP00000056381	769	64
3577399	7955.ENSDARP00000093236	747	12
3576526	7955.ENSDARP00000089179	747	24
3585438	7955.ENSDARP00000112549	740	24
3567595	7955.ENSDARP00000018458	739	130
3579524	7955.ENSDARP00000100463	738	273
3568027	7955.ENSDARP00000022906	734	20
3567858	7955.ENSDARP00000021241	732	5
3576353	7955.ENSDARP00000088354	732	85
3583181	7955.ENSDARP00000108417	727	66
3589719	7955.ENSDARP00000123619	727	66
3583393	7955.ENSDARP00000108828	727	66
3580387	7955.ENSDARP00000102749	727	66
3581301	7955.ENSDARP00000104918	727	66
3586968	7955.ENSDARP00000116574	727	66
3582554	7955.ENSDARP00000107234	727	66
3584507	7955.ENSDARP00000110869	727	66
3582368	7955.ENSDARP00000106877	727	66
3580599	7955.ENSDARP00000103318	727	66
3581151	7955.ENSDARP00000104630	727	66
3578856	7955.ENSDARP00000098726	727	66
3576869	7955.ENSDARP00000090794	727	66
3585311	7955.ENSDARP00000112301	727	66
3580802	7955.ENSDARP00000103819	727	66
3573054	7955.ENSDARP00000067945	727	66
3581033	7955.ENSDARP00000104399	727	66
3577533	7955.ENSDARP00000093787	727	66
3581495	7955.ENSDARP00000105290	727	66
3577530	7955.ENSDARP00000093780	727	66
3576832	7955.ENSDARP00000090632	727	66
3573041	7955.ENSDARP00000067891	727	66
3580705	7955.ENSDARP00000103576	727	66
3573042	7955.ENSDARP00000067893	727	66
3573043	7955.ENSDARP00000067895	727	66
3580367	7955.ENSDARP00000102682	727	66
3576988	7955.ENSDARP00000091393	726	166
3568526	7955.ENSDARP00000027770	724	7
3571797	7955.ENSDARP00000060165	720	60
3572888	7955.ENSDARP00000067085	717	43
3566334	7955.ENSDARP00000006207	712	57
3588919	7955.ENSDARP00000121632	711	64
3568515	7955.ENSDARP00000027654	710	18
3568073	7955.ENSDARP00000023354	710	48
3587025	7955.ENSDARP00000116723	708	29
3586546	7955.ENSDARP00000115483	708	29
3584218	7955.ENSDARP00000110339	698	56
3580728	7955.ENSDARP00000103621	698	41
3583808	7955.ENSDARP00000109570	691	53
3571484	7955.ENSDARP00000058255	690	77
3576662	7955.ENSDARP00000089834	683	40
3587135	7955.ENSDARP00000117024	682	46
3573804	7955.ENSDARP00000072235	681	45
3571894	7955.ENSDARP00000060744	679	85
3568490	7955.ENSDARP00000027389	678	67
3592042	7955.ENSDARP00000129378	675	265
3582717	7955.ENSDARP00000107547	675	265
3582961	7955.ENSDARP00000107998	675	265
3580053	7955.ENSDARP00000101862	675	265
3582507	7955.ENSDARP00000107148	675	265
3582747	7955.ENSDARP00000107585	675	265
3582030	7955.ENSDARP00000106245	675	265
3579903	7955.ENSDARP00000101467	675	265
3583687	7955.ENSDARP00000109355	675	265
3591884	7955.ENSDARP00000129044	675	265
3585008	7955.ENSDARP00000111786	675	265
3581376	7955.ENSDARP00000105059	675	265
3583513	7955.ENSDARP00000109044	675	265
3583528	7955.ENSDARP00000109071	675	265
3574937	7955.ENSDARP00000077832	675	265
3584547	7955.ENSDARP00000110935	675	265
3582143	7955.ENSDARP00000106443	675	265
3575508	7955.ENSDARP00000082327	675	265
3581427	7955.ENSDARP00000105168	675	265
3582167	7955.ENSDARP00000106496	675	265
3585088	7955.ENSDARP00000111930	675	265
3581027	7955.ENSDARP00000104379	675	265
3584867	7955.ENSDARP00000111526	675	265
3582447	7955.ENSDARP00000107028	675	265
3583658	7955.ENSDARP00000109299	675	265
3579848	7955.ENSDARP00000101311	675	265
3583635	7955.ENSDARP00000109257	675	265
3582243	7955.ENSDARP00000106634	675	265
3582939	7955.ENSDARP00000107946	675	265
3585153	7955.ENSDARP00000112034	675	265
3584679	7955.ENSDARP00000111175	675	265
3566655	7955.ENSDARP00000009320	675	467
3574583	7955.ENSDARP00000075918	675	16
3582552	7955.ENSDARP00000107232	674	66
3569272	7955.ENSDARP00000038446	672	23
3578093	7955.ENSDARP00000096258	655	9
3577050	7955.ENSDARP00000091666	650	34
3583232	7955.ENSDARP00000108502	648	248
3566461	7955.ENSDARP00000007446	645	22
3570984	7955.ENSDARP00000055135	644	435
3568463	7955.ENSDARP00000027102	644	34
3580956	7955.ENSDARP00000104203	642	32
3568512	7955.ENSDARP00000027639	641	39
3587272	7955.ENSDARP00000117390	638	47
3585710	7955.ENSDARP00000113274	638	47
3574016	7955.ENSDARP00000073095	638	15
3569554	7955.ENSDARP00000041699	634	30
3568837	7955.ENSDARP00000032453	634	17
3574368	7955.ENSDARP00000074872	632	38
3583617	7955.ENSDARP00000109226	630	90
3566675	7955.ENSDARP00000009538	626	17
3576864	7955.ENSDARP00000090756	625	26
3570063	7955.ENSDARP00000047390	624	16
3565967	7955.ENSDARP00000002844	623	46
3572155	7955.ENSDARP00000062555	622	20
3577521	7955.ENSDARP00000093747	621	66
3571777	7955.ENSDARP00000060055	604	48
3569251	7955.ENSDARP00000038172	603	7
3577595	7955.ENSDARP00000094021	602	52
3582742	7955.ENSDARP00000107578	599	88
3585006	7955.ENSDARP00000111784	599	88
3588564	7955.ENSDARP00000120702	599	88
3584811	7955.ENSDARP00000111434	599	88
3567233	7955.ENSDARP00000014978	599	90
3568732	7955.ENSDARP00000030881	598	87
3581706	7955.ENSDARP00000105649	595	4
3590365	7955.ENSDARP00000125496	591	88
3590217	7955.ENSDARP00000125193	591	88
3590239	7955.ENSDARP00000125238	591	88
3590242	7955.ENSDARP00000125244	591	88
3588896	7955.ENSDARP00000121564	585	10
3578029	7955.ENSDARP00000095894	583	50
3577633	7955.ENSDARP00000094165	581	5
3567480	7955.ENSDARP00000017326	577	360
3568466	7955.ENSDARP00000027115	576	40
3583319	7955.ENSDARP00000108686	576	52
3590581	7955.ENSDARP00000126028	576	6
3572771	7955.ENSDARP00000066429	569	376
3571683	7955.ENSDARP00000059365	569	95
3572118	7955.ENSDARP00000062369	568	431
3574408	7955.ENSDARP00000075110	568	431
3570642	7955.ENSDARP00000052837	568	431
3579514	7955.ENSDARP00000100434	568	431
3584444	7955.ENSDARP00000110759	567	66
3577425	7955.ENSDARP00000093318	567	49
3567326	7955.ENSDARP00000015866	566	98
3567271	7955.ENSDARP00000015328	565	33
3573309	7955.ENSDARP00000069254	564	16
3570522	7955.ENSDARP00000052096	563	13
3571644	7955.ENSDARP00000059193	557	10
3572257	7955.ENSDARP00000063095	557	19
3587151	7955.ENSDARP00000117065	555	64
3587376	7955.ENSDARP00000117673	554	24
3571556	7955.ENSDARP00000058628	552	428
3576175	7955.ENSDARP00000087463	544	20
3591308	7955.ENSDARP00000127819	542	45
3589070	7955.ENSDARP00000122013	539	9
3570307	7955.ENSDARP00000050295	538	11
3568202	7955.ENSDARP00000024560	538	51
3580416	7955.ENSDARP00000102837	535	149
3577711	7955.ENSDARP00000094479	535	32
3574622	7955.ENSDARP00000076104	534	23
3579119	7955.ENSDARP00000099418	533	8
3571938	7955.ENSDARP00000061012	532	3
3580732	7955.ENSDARP00000103634	530	34
3567911	7955.ENSDARP00000021916	530	34
3566888	7955.ENSDARP00000011510	524	31
3588745	7955.ENSDARP00000121190	522	5
3591820	7955.ENSDARP00000128898	522	44
3569350	7955.ENSDARP00000039324	518	184
3582237	7955.ENSDARP00000106621	517	26
3566185	7955.ENSDARP00000004830	515	36
3571995	7955.ENSDARP00000061480	510	21
3581498	7955.ENSDARP00000105296	507	23
3569236	7955.ENSDARP00000037871	500	93
3589773	7955.ENSDARP00000123790	499	4
3572375	7955.ENSDARP00000063876	495	28
3566123	7955.ENSDARP00000004127	490	76
3572984	7955.ENSDARP00000067593	484	7
3566861	7955.ENSDARP00000011271	480	72
3590154	7955.ENSDARP00000125072	479	23
3586416	7955.ENSDARP00000115147	479	17
3587360	7955.ENSDARP00000117628	477	38
3589907	7955.ENSDARP00000124217	476	22
3568964	7955.ENSDARP00000034171	472	37
3571747	7955.ENSDARP00000059885	465	31
3578057	7955.ENSDARP00000096076	465	29
3587043	7955.ENSDARP00000116781	464	46
3570762	7955.ENSDARP00000053567	463	15
3583599	7955.ENSDARP00000109203	463	15
3578137	7955.ENSDARP00000096392	459	4
3570789	7955.ENSDARP00000053774	457	74
3567318	7955.ENSDARP00000015805	457	74
3567186	7955.ENSDARP00000014456	456	24
3568614	7955.ENSDARP00000029079	454	13
3569745	7955.ENSDARP00000043742	451	171
3571852	7955.ENSDARP00000060457	449	43
3580840	7955.ENSDARP00000103912	446	8
3584033	7955.ENSDARP00000109990	445	21
3569060	7955.ENSDARP00000035541	443	11
3566715	7955.ENSDARP00000009909	440	43
3579403	7955.ENSDARP00000100170	434	40
3568049	7955.ENSDARP00000023151	433	7
3566648	7955.ENSDARP00000009258	432	51
3581374	7955.ENSDARP00000105057	430	46
3568227	7955.ENSDARP00000024752	427	99
3573852	7955.ENSDARP00000072408	427	5
3589314	7955.ENSDARP00000122579	425	23
3568597	7955.ENSDARP00000028837	423	25
3568311	7955.ENSDARP00000025613	422	19
3576875	7955.ENSDARP00000090833	417	32
3569692	7955.ENSDARP00000043192	416	13
3587223	7955.ENSDARP00000117259	414	35
3586868	7955.ENSDARP00000116310	414	14
3577651	7955.ENSDARP00000094243	414	69
3572085	7955.ENSDARP00000062142	414	69
3591257	7955.ENSDARP00000127700	409	39
3573482	7955.ENSDARP00000070231	409	67
3590883	7955.ENSDARP00000126796	408	37
3579085	7955.ENSDARP00000099321	408	37
3582828	7955.ENSDARP00000107737	408	37
3585047	7955.ENSDARP00000111851	408	37
3581455	7955.ENSDARP00000105220	408	37
3577534	7955.ENSDARP00000093790	408	37
3577531	7955.ENSDARP00000093781	408	37
3573044	7955.ENSDARP00000067896	408	37
3579235	7955.ENSDARP00000099712	408	67
3567881	7955.ENSDARP00000021569	406	170
3570974	7955.ENSDARP00000055061	401	15
3573415	7955.ENSDARP00000069896	401	3
3588935	7955.ENSDARP00000121670	397	18
3571039	7955.ENSDARP00000055429	397	3
3574402	7955.ENSDARP00000075074	395	13
3574457	7955.ENSDARP00000075336	394	8
3589679	7955.ENSDARP00000123530	392	25
3584863	7955.ENSDARP00000111518	391	18
3568312	7955.ENSDARP00000025616	391	4
3567924	7955.ENSDARP00000022077	390	60
3580592	7955.ENSDARP00000103300	390	19
3568150	7955.ENSDARP00000024082	389	61
3577845	7955.ENSDARP00000095074	389	60
3572756	7955.ENSDARP00000066372	388	20
3587263	7955.ENSDARP00000117370	387	61
3566306	7955.ENSDARP00000005930	384	28
3572845	7955.ENSDARP00000066929	383	26
3566322	7955.ENSDARP00000006085	381	18
3577697	7955.ENSDARP00000094415	379	14
3567128	7955.ENSDARP00000013777	376	16
3570266	7955.ENSDARP00000049792	375	43
3574059	7955.ENSDARP00000073345	373	298
3585190	7955.ENSDARP00000112092	370	150
3579276	7955.ENSDARP00000099813	370	150
3588853	7955.ENSDARP00000121459	370	150
3580400	7955.ENSDARP00000102775	370	150
3584751	7955.ENSDARP00000111298	370	150
3578737	7955.ENSDARP00000098432	370	150
3585814	7955.ENSDARP00000113541	370	150
3589069	7955.ENSDARP00000122009	370	150
3579924	7955.ENSDARP00000101525	370	150
3582808	7955.ENSDARP00000107702	370	150
3589594	7955.ENSDARP00000123323	370	150
3584315	7955.ENSDARP00000110511	370	150
3584846	7955.ENSDARP00000111493	370	150
3573055	7955.ENSDARP00000067948	370	150
3587029	7955.ENSDARP00000116739	370	150
3570302	7955.ENSDARP00000050236	370	150
3571119	7955.ENSDARP00000055912	370	150
3577535	7955.ENSDARP00000093791	370	150
3585117	7955.ENSDARP00000111973	370	150
3581760	7955.ENSDARP00000105746	370	150
3566999	7955.ENSDARP00000012500	369	36
3590849	7955.ENSDARP00000126712	367	183
3573302	7955.ENSDARP00000069226	367	27
3571850	7955.ENSDARP00000060443	366	2
3569435	7955.ENSDARP00000040408	362	20
3567776	7955.ENSDARP00000020361	360	26
3585431	7955.ENSDARP00000112527	360	150
3587088	7955.ENSDARP00000116912	359	56
3588841	7955.ENSDARP00000121437	357	19
3574462	7955.ENSDARP00000075363	352	2
3577084	7955.ENSDARP00000091811	349	6
3578000	7955.ENSDARP00000095720	349	179
3568197	7955.ENSDARP00000024492	346	20
3584249	7955.ENSDARP00000110392	346	4
3567093	7955.ENSDARP00000013402	343	30
3569423	7955.ENSDARP00000040327	343	66
3581834	7955.ENSDARP00000105892	343	19
3584425	7955.ENSDARP00000110724	342	9
3573263	7955.ENSDARP00000069043	342	9
3583665	7955.ENSDARP00000109315	339	150
3584005	7955.ENSDARP00000109929	338	32
3584219	7955.ENSDARP00000110341	337	49
3580573	7955.ENSDARP00000103251	336	67
3572114	7955.ENSDARP00000062351	336	56
3581192	7955.ENSDARP00000104702	336	59
3582317	7955.ENSDARP00000106781	335	150
3584817	7955.ENSDARP00000111447	335	150
3580850	7955.ENSDARP00000103937	335	150
3589183	7955.ENSDARP00000122284	334	21
3570380	7955.ENSDARP00000051054	331	9
3577696	7955.ENSDARP00000094413	330	54
3580306	7955.ENSDARP00000102498	330	53
3592165	7955.ENSDARP00000129664	329	20
3581653	7955.ENSDARP00000105565	329	15
3566996	7955.ENSDARP00000012454	327	38
3576871	7955.ENSDARP00000090804	326	46
3578150	7955.ENSDARP00000096443	326	32
3588905	7955.ENSDARP00000121591	325	10
3589021	7955.ENSDARP00000121890	323	11
3575702	7955.ENSDARP00000083835	321	16
3569591	7955.ENSDARP00000042055	320	27
3574792	7955.ENSDARP00000076844	320	35
3566021	7955.ENSDARP00000003281	318	18
3567639	7955.ENSDARP00000018923	318	39
3585762	7955.ENSDARP00000113408	317	58
3590052	7955.ENSDARP00000124716	315	11
3566359	7955.ENSDARP00000006420	315	8
3569223	7955.ENSDARP00000037758	314	11
3570275	7955.ENSDARP00000049899	314	9
3583702	7955.ENSDARP00000109376	311	17
3582311	7955.ENSDARP00000106769	309	6
3583113	7955.ENSDARP00000108289	308	170
3580688	7955.ENSDARP00000103528	307	10
3581703	7955.ENSDARP00000105646	307	150
3579173	7955.ENSDARP00000099550	307	150
3567481	7955.ENSDARP00000017328	307	8
3566177	7955.ENSDARP00000004738	307	30
3570567	7955.ENSDARP00000052382	306	10
3568838	7955.ENSDARP00000032456	305	28
3571865	7955.ENSDARP00000060549	305	8
3592027	7955.ENSDARP00000129339	303	6
3567031	7955.ENSDARP00000012776	298	30
3578382	7955.ENSDARP00000097506	297	10
3586111	7955.ENSDARP00000114345	294	23
3585403	7955.ENSDARP00000112476	292	56
3576843	7955.ENSDARP00000090664	291	3
3572229	7955.ENSDARP00000062982	290	13
3568947	7955.ENSDARP00000033907	289	31
3581847	7955.ENSDARP00000105912	289	13
3577744	7955.ENSDARP00000094633	289	28
3566592	7955.ENSDARP00000008663	287	21
3584319	7955.ENSDARP00000110519	286	49
3585869	7955.ENSDARP00000113693	285	39
3567469	7955.ENSDARP00000017217	285	17
3566063	7955.ENSDARP00000003571	284	20
3588298	7955.ENSDARP00000120032	284	31
3583821	7955.ENSDARP00000109592	282	10
3580564	7955.ENSDARP00000103208	282	150
3584687	7955.ENSDARP00000111194	282	150
3579542	7955.ENSDARP00000100503	282	15
3569549	7955.ENSDARP00000041626	281	19
3576042	7955.ENSDARP00000086515	280	11
3571430	7955.ENSDARP00000057866	280	16
3582495	7955.ENSDARP00000107127	278	32
3567952	7955.ENSDARP00000022310	278	12
3574289	7955.ENSDARP00000074464	277	15
3568850	7955.ENSDARP00000032643	276	11
3583469	7955.ENSDARP00000108963	276	33
3567388	7955.ENSDARP00000016376	275	5
3573389	7955.ENSDARP00000069708	275	6
3582516	7955.ENSDARP00000107168	273	5
3568130	7955.ENSDARP00000023871	273	5
3572632	7955.ENSDARP00000065447	273	11
3574258	7955.ENSDARP00000074190	269	28
3568482	7955.ENSDARP00000027342	269	7
3589360	7955.ENSDARP00000122708	269	13
3572196	7955.ENSDARP00000062786	263	3
3568467	7955.ENSDARP00000027118	263	37
3582714	7955.ENSDARP00000107538	263	5
3574057	7955.ENSDARP00000073325	263	14
3576608	7955.ENSDARP00000089612	262	13
3573018	7955.ENSDARP00000067775	262	7
3576902	7955.ENSDARP00000090943	262	11
3571880	7955.ENSDARP00000060684	261	16
3568607	7955.ENSDARP00000028970	261	35
3589676	7955.ENSDARP00000123522	260	15
3580769	7955.ENSDARP00000103731	260	55
3567030	7955.ENSDARP00000012767	260	54
3576245	7955.ENSDARP00000087876	260	1
3576276	7955.ENSDARP00000088020	259	59
3566080	7955.ENSDARP00000003705	258	19
3572951	7955.ENSDARP00000067432	258	19
3582757	7955.ENSDARP00000107611	256	56
3577537	7955.ENSDARP00000093801	253	150
3585939	7955.ENSDARP00000113905	253	46
3577844	7955.ENSDARP00000095073	253	4
3578535	7955.ENSDARP00000097937	252	12
3576922	7955.ENSDARP00000091027	251	10
3567800	7955.ENSDARP00000020578	250	19
3585603	7955.ENSDARP00000112994	249	37
3573301	7955.ENSDARP00000069223	249	28
3591459	7955.ENSDARP00000128144	249	3
3568076	7955.ENSDARP00000023429	248	54
3566006	7955.ENSDARP00000003163	248	14
3570245	7955.ENSDARP00000049461	248	7
3576927	7955.ENSDARP00000091056	248	35
3577608	7955.ENSDARP00000094070	248	6
3566174	7955.ENSDARP00000004708	247	14
3566099	7955.ENSDARP00000003850	247	8
3570544	7955.ENSDARP00000052292	247	3
3576657	7955.ENSDARP00000089803	246	5
3583056	7955.ENSDARP00000108188	246	18
3568270	7955.ENSDARP00000025226	243	10
3573822	7955.ENSDARP00000072300	243	9
3579466	7955.ENSDARP00000100331	241	3
3583010	7955.ENSDARP00000108108	241	16
3569492	7955.ENSDARP00000041087	241	16
3569269	7955.ENSDARP00000038400	240	14
3586706	7955.ENSDARP00000115888	240	23
3591553	7955.ENSDARP00000128327	239	12
3587886	7955.ENSDARP00000118913	239	18
3579420	7955.ENSDARP00000100216	239	7
3569900	7955.ENSDARP00000045564	239	5
3574483	7955.ENSDARP00000075490	238	127
3584788	7955.ENSDARP00000111380	236	20
3577318	7955.ENSDARP00000092760	236	19
3570316	7955.ENSDARP00000050398	235	3
3577368	7955.ENSDARP00000093080	235	15
3591254	7955.ENSDARP00000127697	234	17
3571564	7955.ENSDARP00000058679	234	17
3567715	7955.ENSDARP00000019813	234	13
3569038	7955.ENSDARP00000035261	233	5
3581160	7955.ENSDARP00000104653	233	32
3571611	7955.ENSDARP00000058954	233	2
3571418	7955.ENSDARP00000057787	232	150
3567221	7955.ENSDARP00000014897	231	2
3570689	7955.ENSDARP00000053138	231	2
3570797	7955.ENSDARP00000053833	230	12
3571810	7955.ENSDARP00000060204	229	20
3573580	7955.ENSDARP00000070780	229	6
3572681	7955.ENSDARP00000065771	229	4
3569987	7955.ENSDARP00000046598	227	17
3574951	7955.ENSDARP00000077940	227	2
3585712	7955.ENSDARP00000113278	226	5
3575368	7955.ENSDARP00000081244	226	45
3572818	7955.ENSDARP00000066759	226	19
3573791	7955.ENSDARP00000072127	224	6
3586127	7955.ENSDARP00000114387	224	22
3571305	7955.ENSDARP00000057089	224	9
3575494	7955.ENSDARP00000082159	223	49
3590492	7955.ENSDARP00000125799	223	2
3580791	7955.ENSDARP00000103794	223	42
3581935	7955.ENSDARP00000106067	223	35
3571320	7955.ENSDARP00000057222	222	7
3570539	7955.ENSDARP00000052255	222	3
3569057	7955.ENSDARP00000035513	222	3
3577519	7955.ENSDARP00000093734	221	150
3572143	7955.ENSDARP00000062517	221	13
3566085	7955.ENSDARP00000003744	221	27
3568292	7955.ENSDARP00000025466	218	22
3578701	7955.ENSDARP00000098342	218	150
3566960	7955.ENSDARP00000012197	217	25
3576482	7955.ENSDARP00000089001	217	13
3568360	7955.ENSDARP00000026087	216	13
3590568	7955.ENSDARP00000125992	216	11
3571421	7955.ENSDARP00000057822	215	15
3569036	7955.ENSDARP00000035207	215	5
3572618	7955.ENSDARP00000065372	214	5
3572108	7955.ENSDARP00000062334	213	11
3587522	7955.ENSDARP00000118006	213	21
3577915	7955.ENSDARP00000095348	212	18
3574692	7955.ENSDARP00000076389	212	10
3583335	7955.ENSDARP00000108711	212	45
3570176	7955.ENSDARP00000048728	211	12
3586528	7955.ENSDARP00000115443	211	2
3583346	7955.ENSDARP00000108727	211	159
3569305	7955.ENSDARP00000038835	210	14
3585546	7955.ENSDARP00000112873	210	9
3578376	7955.ENSDARP00000097494	209	8
3589990	7955.ENSDARP00000124511	208	9
3576133	7955.ENSDARP00000087123	207	4
3581117	7955.ENSDARP00000104575	205	28
3577798	7955.ENSDARP00000094882	204	9
3571104	7955.ENSDARP00000055809	204	7
3586815	7955.ENSDARP00000116170	203	18
3585313	7955.ENSDARP00000112306	203	12
3569483	7955.ENSDARP00000041006	203	3
3588723	7955.ENSDARP00000121147	202	40
3567967	7955.ENSDARP00000022440	202	21
3582233	7955.ENSDARP00000106613	201	21
3590039	7955.ENSDARP00000124672	200	20
3573352	7955.ENSDARP00000069525	200	121
3576242	7955.ENSDARP00000087873	199	4
3572314	7955.ENSDARP00000063524	199	23
3573708	7955.ENSDARP00000071656	199	8
3588881	7955.ENSDARP00000121524	198	13
3578676	7955.ENSDARP00000098279	197	24
3590390	7955.ENSDARP00000125545	197	1
3571614	7955.ENSDARP00000058958	197	30
3568405	7955.ENSDARP00000026566	197	7
3566917	7955.ENSDARP00000011778	196	8
3584770	7955.ENSDARP00000111337	195	13
3581620	7955.ENSDARP00000105519	195	3
3572988	7955.ENSDARP00000067603	195	50
3577154	7955.ENSDARP00000092020	194	7
3569180	7955.ENSDARP00000037227	193	8
3573890	7955.ENSDARP00000072581	193	42
3584976	7955.ENSDARP00000111731	193	12
3579766	7955.ENSDARP00000101100	192	33
3567992	7955.ENSDARP00000022595	192	8
3569337	7955.ENSDARP00000039188	192	5
3585737	7955.ENSDARP00000113335	192	8
3567240	7955.ENSDARP00000015008	191	4
3569705	7955.ENSDARP00000043311	190	5
3572213	7955.ENSDARP00000062873	189	7
3570912	7955.ENSDARP00000054618	189	17
3576099	7955.ENSDARP00000086897	189	3
3567329	7955.ENSDARP00000015884	189	4
3567362	7955.ENSDARP00000016160	188	14
3587009	7955.ENSDARP00000116684	187	50
3567533	7955.ENSDARP00000017776	187	172
3573514	7955.ENSDARP00000070408	187	29
3583207	7955.ENSDARP00000108463	187	3
3565909	7955.ENSDARP00000002234	185	13
3568243	7955.ENSDARP00000024981	185	14
3572955	7955.ENSDARP00000067447	183	10
3568250	7955.ENSDARP00000025042	183	4
3572088	7955.ENSDARP00000062152	183	2
3585543	7955.ENSDARP00000112865	181	6
3578931	7955.ENSDARP00000098911	181	2
3581480	7955.ENSDARP00000105266	179	4
3578121	7955.ENSDARP00000096352	178	62
3580506	7955.ENSDARP00000103071	178	4
3584411	7955.ENSDARP00000110694	176	26
3579254	7955.ENSDARP00000099755	176	15
3589981	7955.ENSDARP00000124470	175	4
3570394	7955.ENSDARP00000051185	174	6
3587649	7955.ENSDARP00000118326	172	62
3588494	7955.ENSDARP00000120506	172	11
3588203	7955.ENSDARP00000119785	172	14
3577247	7955.ENSDARP00000092429	171	15
3571224	7955.ENSDARP00000056582	171	7
3572485	7955.ENSDARP00000064522	171	16
3585110	7955.ENSDARP00000111963	170	16
3568114	7955.ENSDARP00000023774	170	11
3568128	7955.ENSDARP00000023863	169	4
3584450	7955.ENSDARP00000110768	168	22
3583058	7955.ENSDARP00000108190	167	15
3568151	7955.ENSDARP00000024085	165	3
3586736	7955.ENSDARP00000115962	164	25
3577770	7955.ENSDARP00000094762	163	11
3580527	7955.ENSDARP00000103118	162	20
3567932	7955.ENSDARP00000022120	161	25
3568785	7955.ENSDARP00000031737	161	6
3566491	7955.ENSDARP00000007735	160	15
3568296	7955.ENSDARP00000025501	159	31
3588328	7955.ENSDARP00000120093	159	18
3590616	7955.ENSDARP00000126135	159	4
3571518	7955.ENSDARP00000058424	158	10
3570434	7955.ENSDARP00000051532	158	7
3586670	7955.ENSDARP00000115804	157	10
3572965	7955.ENSDARP00000067513	156	11
3585626	7955.ENSDARP00000113048	155	7
3587718	7955.ENSDARP00000118511	154	4
3586164	7955.ENSDARP00000114480	153	9
3570023	7955.ENSDARP00000046972	153	12
3573399	7955.ENSDARP00000069762	153	10
3571533	7955.ENSDARP00000058502	153	6
3582794	7955.ENSDARP00000107682	153	2
3574192	7955.ENSDARP00000073910	153	7
3586468	7955.ENSDARP00000115298	152	14
3572800	7955.ENSDARP00000066628	151	3
3572121	7955.ENSDARP00000062382	151	30
3567436	7955.ENSDARP00000016879	151	15
3571512	7955.ENSDARP00000058402	150	28
3584819	7955.ENSDARP00000111451	149	22
3573278	7955.ENSDARP00000069096	149	8
3571475	7955.ENSDARP00000058161	149	14
3581460	7955.ENSDARP00000105230	149	14
3588648	7955.ENSDARP00000120922	148	9
3576016	7955.ENSDARP00000086334	146	8
3571653	7955.ENSDARP00000059226	145	7
3578143	7955.ENSDARP00000096421	145	7
3578285	7955.ENSDARP00000097022	144	26
3569604	7955.ENSDARP00000042199	144	21
3570340	7955.ENSDARP00000050670	142	19
3587571	7955.ENSDARP00000118111	142	3
3573313	7955.ENSDARP00000069273	141	7
3567266	7955.ENSDARP00000015293	141	28
3575437	7955.ENSDARP00000081732	140	7
3568946	7955.ENSDARP00000033890	140	5
3567630	7955.ENSDARP00000018850	140	24
3573985	7955.ENSDARP00000072971	139	13
3588846	7955.ENSDARP00000121444	139	4
3572362	7955.ENSDARP00000063805	139	24
3565896	7955.ENSDARP00000002122	138	17
3570485	7955.ENSDARP00000051803	138	5
3582483	7955.ENSDARP00000107104	138	14
3582505	7955.ENSDARP00000107144	137	7
3588508	7955.ENSDARP00000120558	137	44
3589812	7955.ENSDARP00000123920	137	13
3576026	7955.ENSDARP00000086433	137	9
3578327	7955.ENSDARP00000097305	136	15
3569879	7955.ENSDARP00000045298	135	7
3568518	7955.ENSDARP00000027672	135	5
3590662	7955.ENSDARP00000126252	135	7
3584300	7955.ENSDARP00000110484	133	14
3566310	7955.ENSDARP00000005968	132	12
3578435	7955.ENSDARP00000097665	131	31
3581721	7955.ENSDARP00000105678	131	31
3585988	7955.ENSDARP00000114025	130	7
3575076	7955.ENSDARP00000078883	130	16
3568718	7955.ENSDARP00000030680	130	29
3571147	7955.ENSDARP00000056094	130	3
3580266	7955.ENSDARP00000102398	128	19
3589894	7955.ENSDARP00000124165	128	7
3576925	7955.ENSDARP00000091049	128	3
3571386	7955.ENSDARP00000057598	128	2
3587085	7955.ENSDARP00000116905	127	14
3568356	7955.ENSDARP00000026065	127	45
3568403	7955.ENSDARP00000026554	127	13
3567559	7955.ENSDARP00000018009	127	11
3566856	7955.ENSDARP00000011226	126	5
3566052	7955.ENSDARP00000003468	126	17
3585539	7955.ENSDARP00000112851	126	15
3575133	7955.ENSDARP00000079424	126	15
3578686	7955.ENSDARP00000098301	126	5
3574285	7955.ENSDARP00000074422	126	15
3577876	7955.ENSDARP00000095196	126	3
3568157	7955.ENSDARP00000024121	125	7
3589969	7955.ENSDARP00000124424	125	13
3568331	7955.ENSDARP00000025779	123	10
3568747	7955.ENSDARP00000031098	122	5
3583266	7955.ENSDARP00000108560	122	6
3571612	7955.ENSDARP00000058955	120	26
3568728	7955.ENSDARP00000030819	119	85
3583242	7955.ENSDARP00000108521	119	9
3582049	7955.ENSDARP00000106280	119	2
3569584	7955.ENSDARP00000041959	119	25
3567392	7955.ENSDARP00000016453	119	36
3573436	7955.ENSDARP00000070002	118	12
3570306	7955.ENSDARP00000050270	117	21
3577888	7955.ENSDARP00000095260	117	8
3574238	7955.ENSDARP00000074127	117	24
3574696	7955.ENSDARP00000076404	117	4
3572896	7955.ENSDARP00000067116	117	10
3569354	7955.ENSDARP00000039450	117	9
3582335	7955.ENSDARP00000106807	116	3
3576966	7955.ENSDARP00000091277	116	2
3578278	7955.ENSDARP00000096969	116	10
3584427	7955.ENSDARP00000110728	115	15
3567366	7955.ENSDARP00000016201	115	11
3568878	7955.ENSDARP00000033069	114	4
3586921	7955.ENSDARP00000116441	114	8
3578270	7955.ENSDARP00000096934	114	8
3574677	7955.ENSDARP00000076340	114	8
3568423	7955.ENSDARP00000026766	113	3
3570793	7955.ENSDARP00000053793	112	2
3566181	7955.ENSDARP00000004795	112	9
3569013	7955.ENSDARP00000034885	112	7
3587462	7955.ENSDARP00000117880	112	8
3579751	7955.ENSDARP00000101055	112	8
3577542	7955.ENSDARP00000093817	112	28
3575027	7955.ENSDARP00000078449	111	1
3567628	7955.ENSDARP00000018820	111	16
3577210	7955.ENSDARP00000092307	111	16
3566763	7955.ENSDARP00000010393	111	16
3570309	7955.ENSDARP00000050307	111	16
3572624	7955.ENSDARP00000065391	111	16
3569023	7955.ENSDARP00000035027	111	16
3582793	7955.ENSDARP00000107677	110	3
3571103	7955.ENSDARP00000055793	110	2
3566333	7955.ENSDARP00000006201	109	9
3577659	7955.ENSDARP00000094269	109	6
3577417	7955.ENSDARP00000093291	109	3
3566607	7955.ENSDARP00000008834	109	19
3586982	7955.ENSDARP00000116604	108	11
3571615	7955.ENSDARP00000058964	108	7
3568281	7955.ENSDARP00000025342	108	7
3589685	7955.ENSDARP00000123538	108	7
3572371	7955.ENSDARP00000063848	107	69
3588247	7955.ENSDARP00000119887	106	2
3568071	7955.ENSDARP00000023337	106	8
3584159	7955.ENSDARP00000110237	106	15
3570990	7955.ENSDARP00000055160	106	2
3567524	7955.ENSDARP00000017693	106	18
3573534	7955.ENSDARP00000070488	106	21
3568857	7955.ENSDARP00000032730	106	15
3566949	7955.ENSDARP00000012094	105	4
3574302	7955.ENSDARP00000074525	105	7
3583676	7955.ENSDARP00000109333	105	13
3572625	7955.ENSDARP00000065396	105	3
3584066	7955.ENSDARP00000110047	105	24
3566197	7955.ENSDARP00000004932	104	8
3574504	7955.ENSDARP00000075599	103	3
3567973	7955.ENSDARP00000022486	103	6
3577662	7955.ENSDARP00000094282	103	9
3582520	7955.ENSDARP00000107175	102	84
3574427	7955.ENSDARP00000075204	102	12
3570241	7955.ENSDARP00000049424	102	7
3568897	7955.ENSDARP00000033318	102	7
3576667	7955.ENSDARP00000089879	102	85
3574731	7955.ENSDARP00000076524	102	2
3582351	7955.ENSDARP00000106833	101	15
3570186	7955.ENSDARP00000048827	101	93
3575473	7955.ENSDARP00000082031	100	22
3583080	7955.ENSDARP00000108226	99.2	12
3572760	7955.ENSDARP00000066382	99.1	24
3568212	7955.ENSDARP00000024643	98.7	9
3567158	7955.ENSDARP00000014124	98.3	5
3567403	7955.ENSDARP00000016602	98.1	7
3569432	7955.ENSDARP00000040389	98.0	8
3572761	7955.ENSDARP00000066383	97.7	26
3567314	7955.ENSDARP00000015781	97.5	5
3571371	7955.ENSDARP00000057506	97.1	2
3573393	7955.ENSDARP00000069744	96.8	19
3568131	7955.ENSDARP00000023877	96.8	10
3580345	7955.ENSDARP00000102618	96.7	3
3571143	7955.ENSDARP00000056064	95.6	3
3589800	7955.ENSDARP00000123883	95.3	17
3567052	7955.ENSDARP00000012986	94.6	6
3573056	7955.ENSDARP00000067950	94.4	1
3566631	7955.ENSDARP00000009133	94.3	3
3574900	7955.ENSDARP00000077647	94.1	17
3567949	7955.ENSDARP00000022302	93.5	38
3580680	7955.ENSDARP00000103510	93.4	1
3573552	7955.ENSDARP00000070561	93.2	11
3591445	7955.ENSDARP00000128116	93.0	8
3567229	7955.ENSDARP00000014955	92.8	21
3578905	7955.ENSDARP00000098846	92.8	14
3591710	7955.ENSDARP00000128657	92.4	2
3568133	7955.ENSDARP00000023892	92.4	7
3577898	7955.ENSDARP00000095293	92.3	6
3570206	7955.ENSDARP00000049002	92.1	22
3567253	7955.ENSDARP00000015132	91.9	7
3573870	7955.ENSDARP00000072492	91.6	3
3572245	7955.ENSDARP00000063056	91.0	2
3573435	7955.ENSDARP00000070001	90.9	8
3571567	7955.ENSDARP00000058694	90.9	2
3577269	7955.ENSDARP00000092510	90.4	24
3582929	7955.ENSDARP00000107930	90.4	24
3584530	7955.ENSDARP00000110906	90.0	6
3582407	7955.ENSDARP00000106947	89.9	13
3572550	7955.ENSDARP00000064973	89.9	5
3568406	7955.ENSDARP00000026575	88.3	2
3585295	7955.ENSDARP00000112265	88.2	24
3567979	7955.ENSDARP00000022528	88.0	2
3572764	7955.ENSDARP00000066387	88.0	3
3568957	7955.ENSDARP00000034077	87.7	8
3568927	7955.ENSDARP00000033622	87.5	12
3568166	7955.ENSDARP00000024210	87.3	77
3568224	7955.ENSDARP00000024741	87.2	4
3587056	7955.ENSDARP00000116826	87.1	4
3582222	7955.ENSDARP00000106592	86.8	6
3570843	7955.ENSDARP00000054083	86.8	2
3592038	7955.ENSDARP00000129366	86.6	9
3565998	7955.ENSDARP00000003107	86.4	9
3568154	7955.ENSDARP00000024104	85.8	11
3591858	7955.ENSDARP00000128988	85.6	20
3573154	7955.ENSDARP00000068470	85.3	7
3566151	7955.ENSDARP00000004394	85.2	51
3569583	7955.ENSDARP00000041941	84.9	2
3566221	7955.ENSDARP00000005181	84.6	2
3589389	7955.ENSDARP00000122796	84.3	9
3579798	7955.ENSDARP00000101178	84.3	9
3584339	7955.ENSDARP00000110558	84.3	9
3567359	7955.ENSDARP00000016138	84.2	7
3569129	7955.ENSDARP00000036607	84.2	3
3569652	7955.ENSDARP00000042765	84.1	10
3571050	7955.ENSDARP00000055503	83.8	5
3577841	7955.ENSDARP00000095064	83.4	7
3566474	7955.ENSDARP00000007588	83.1	7
3579259	7955.ENSDARP00000099767	82.7	4
3577802	7955.ENSDARP00000094888	82.7	4
3571369	7955.ENSDARP00000057499	82.7	8
3568473	7955.ENSDARP00000027159	82.2	5
3566762	7955.ENSDARP00000010384	82.1	7
3588946	7955.ENSDARP00000121692	82.1	15
3577364	7955.ENSDARP00000093069	81.2	8
3571897	7955.ENSDARP00000060765	81.2	12
3570414	7955.ENSDARP00000051361	80.9	197
3568519	7955.ENSDARP00000027695	80.6	7
3586078	7955.ENSDARP00000114273	79.8	1
3570382	7955.ENSDARP00000051080	79.5	38
3569535	7955.ENSDARP00000041514	79.2	8
3574837	7955.ENSDARP00000077082	79.1	3
3566362	7955.ENSDARP00000006445	79.0	3
3589524	7955.ENSDARP00000123136	78.9	3
3583379	7955.ENSDARP00000108798	78.7	6
3569884	7955.ENSDARP00000045373	78.7	10
3583592	7955.ENSDARP00000109192	78.3	3
3588732	7955.ENSDARP00000121164	78.1	3
3591526	7955.ENSDARP00000128271	78.0	1
3579211	7955.ENSDARP00000099639	77.3	24
3580939	7955.ENSDARP00000104168	77.3	8
3567007	7955.ENSDARP00000012558	77.1	8
3577870	7955.ENSDARP00000095170	76.9	3
3568398	7955.ENSDARP00000026495	76.6	3
3568845	7955.ENSDARP00000032575	76.5	24
3590009	7955.ENSDARP00000124587	76.5	10
3576411	7955.ENSDARP00000088617	76.3	4
3567955	7955.ENSDARP00000022320	76.2	3
3586147	7955.ENSDARP00000114437	75.8	50
3583079	7955.ENSDARP00000108224	75.8	190
3569495	7955.ENSDARP00000041141	75.4	51
3583265	7955.ENSDARP00000108556	74.8	7
3567991	7955.ENSDARP00000022592	74.8	3
3568646	7955.ENSDARP00000029607	74.7	15
3565880	7955.ENSDARP00000001575	74.4	20
3578103	7955.ENSDARP00000096295	74.4	6
3582321	7955.ENSDARP00000106788	74.3	5
3586379	7955.ENSDARP00000115054	74.1	179
3568853	7955.ENSDARP00000032688	74.0	9
3570975	7955.ENSDARP00000055063	73.2	7
3591336	7955.ENSDARP00000127877	73.0	9
3578046	7955.ENSDARP00000095998	72.8	1
3567146	7955.ENSDARP00000014003	72.7	7
3569881	7955.ENSDARP00000045328	72.6	1
3587152	7955.ENSDARP00000117066	72.4	15
3571464	7955.ENSDARP00000058066	71.7	3
3569006	7955.ENSDARP00000034822	71.6	27
3569504	7955.ENSDARP00000041256	71.4	2
3570555	7955.ENSDARP00000052345	70.6	8
3567837	7955.ENSDARP00000021064	70.6	27
3584765	7955.ENSDARP00000111326	70.5	191
3567203	7955.ENSDARP00000014732	70.3	2
3582010	7955.ENSDARP00000106208	70.1	16
3570050	7955.ENSDARP00000047205	70.1	16
3578273	7955.ENSDARP00000096950	70.1	16
3581848	7955.ENSDARP00000105913	70.1	2
3571809	7955.ENSDARP00000060202	69.9	10
3572791	7955.ENSDARP00000066578	69.8	1
3576926	7955.ENSDARP00000091054	69.7	16
3586775	7955.ENSDARP00000116075	69.7	176
3577086	7955.ENSDARP00000091816	69.6	13
3572925	7955.ENSDARP00000067292	69.3	6
3589474	7955.ENSDARP00000123019	68.8	7
3573788	7955.ENSDARP00000072101	68.1	1
3579142	7955.ENSDARP00000099474	68.1	6
3567794	7955.ENSDARP00000020536	68.0	6
3567563	7955.ENSDARP00000018027	68.0	5
3575581	7955.ENSDARP00000082921	68.0	1
3575646	7955.ENSDARP00000083454	67.9	6
3574551	7955.ENSDARP00000075802	67.9	6
3583026	7955.ENSDARP00000108139	67.7	5
3579264	7955.ENSDARP00000099772	67.5	172
3568172	7955.ENSDARP00000024272	67.4	70
3566371	7955.ENSDARP00000006510	67.3	11
3582532	7955.ENSDARP00000107200	67.0	2
3574391	7955.ENSDARP00000074998	66.7	2
3567312	7955.ENSDARP00000015775	66.7	7
3585420	7955.ENSDARP00000112506	66.7	9
3590501	7955.ENSDARP00000125818	66.7	10
3572086	7955.ENSDARP00000062145	66.7	10
3584921	7955.ENSDARP00000111631	66.5	14
3571981	7955.ENSDARP00000061365	66.5	14
3569054	7955.ENSDARP00000035453	66.5	14
3566589	7955.ENSDARP00000008646	66.4	13
3575870	7955.ENSDARP00000085142	66.1	5
3588106	7955.ENSDARP00000119504	66.1	2
3585017	7955.ENSDARP00000111803	65.9	10
3582906	7955.ENSDARP00000107877	65.6	9
3570595	7955.ENSDARP00000052510	65.3	5
3590431	7955.ENSDARP00000125625	65.3	6
3567872	7955.ENSDARP00000021453	65.2	8
3588875	7955.ENSDARP00000121509	65.1	1
3586195	7955.ENSDARP00000114555	65.1	6
3568900	7955.ENSDARP00000033337	65.0	2
3582676	7955.ENSDARP00000107467	64.6	3
3574257	7955.ENSDARP00000074186	64.3	12
3572521	7955.ENSDARP00000064746	64.1	3
3586110	7955.ENSDARP00000114342	64.1	1
3573268	7955.ENSDARP00000069063	63.6	16
3571954	7955.ENSDARP00000061143	63.6	2
3583108	7955.ENSDARP00000108280	63.4	2
3571153	7955.ENSDARP00000056131	63.4	1
3585237	7955.ENSDARP00000112163	63.2	9
3567721	7955.ENSDARP00000019829	63.1	23
3587514	7955.ENSDARP00000117990	62.6	3
3573130	7955.ENSDARP00000068336	62.5	2
3567886	7955.ENSDARP00000021652	62.4	7
3585906	7955.ENSDARP00000113812	62.1	3
3571794	7955.ENSDARP00000060156	62.1	7
3581985	7955.ENSDARP00000106164	61.9	51
3574383	7955.ENSDARP00000074935	61.7	24
3578263	7955.ENSDARP00000096898	61.7	24
3583622	7955.ENSDARP00000109232	61.7	6
3570671	7955.ENSDARP00000053000	60.8	5
3577589	7955.ENSDARP00000094011	60.7	4
3565839	7955.ENSDARP00000000070	60.6	1
3589282	7955.ENSDARP00000122505	60.5	2
3573051	7955.ENSDARP00000067933	60.5	33
3583263	7955.ENSDARP00000108553	60.3	1
3574505	7955.ENSDARP00000075601	60.2	2
3566093	7955.ENSDARP00000003814	60.1	5
3583321	7955.ENSDARP00000108688	60.1	12
3577796	7955.ENSDARP00000094849	60.1	32
3568682	7955.ENSDARP00000030050	60.0	65
3566765	7955.ENSDARP00000010413	60.0	65
3583597	7955.ENSDARP00000109199	60.0	65
3588516	7955.ENSDARP00000120580	59.7	1
3580813	7955.ENSDARP00000103854	59.7	65
3579046	7955.ENSDARP00000099216	59.7	15
3570662	7955.ENSDARP00000052929	59.4	6
3569612	7955.ENSDARP00000042258	59.4	4
3581775	7955.ENSDARP00000105771	58.5	4
3582620	7955.ENSDARP00000107355	58.3	17
3574542	7955.ENSDARP00000075780	58.2	7
3574447	7955.ENSDARP00000075289	58.2	3
3566240	7955.ENSDARP00000005281	58.1	2
3588456	7955.ENSDARP00000120420	58.1	3
3577701	7955.ENSDARP00000094422	58.0	12
3567984	7955.ENSDARP00000022550	57.8	24
3567399	7955.ENSDARP00000016540	57.8	12
3573554	7955.ENSDARP00000070563	57.6	2
3575091	7955.ENSDARP00000079033	57.6	2
3587820	7955.ENSDARP00000118753	57.4	3
3569087	7955.ENSDARP00000036006	57.3	9
3572995	7955.ENSDARP00000067634	57.0	4
3576823	7955.ENSDARP00000090576	57.0	3
3570310	7955.ENSDARP00000050331	56.9	9
3567600	7955.ENSDARP00000018513	56.5	1
3567804	7955.ENSDARP00000020656	56.5	3
3566081	7955.ENSDARP00000003709	56.4	3
3571013	7955.ENSDARP00000055286	56.1	15
3579060	7955.ENSDARP00000099251	56.1	15
3578050	7955.ENSDARP00000096043	56.1	15
3578800	7955.ENSDARP00000098595	56.1	15
3568030	7955.ENSDARP00000022929	56.1	15
3588135	7955.ENSDARP00000119598	56.0	2
3582170	7955.ENSDARP00000106501	56.0	2
3573710	7955.ENSDARP00000071659	55.7	2
3571428	7955.ENSDARP00000057864	55.7	1
3566883	7955.ENSDARP00000011444	55.6	6
3579879	7955.ENSDARP00000101406	55.3	2
3567196	7955.ENSDARP00000014578	55.1	10
3573809	7955.ENSDARP00000072253	55.0	10
3569533	7955.ENSDARP00000041502	54.9	9
3569164	7955.ENSDARP00000037025	54.7	3
3574863	7955.ENSDARP00000077331	54.7	19
3587515	7955.ENSDARP00000117991	54.2	1
3567372	7955.ENSDARP00000016261	53.9	12
3571129	7955.ENSDARP00000055971	53.9	7
3570355	7955.ENSDARP00000050864	53.8	4
3566993	7955.ENSDARP00000012437	53.5	15
3576956	7955.ENSDARP00000091193	53.5	45
3589842	7955.ENSDARP00000124007	53.4	21
3568404	7955.ENSDARP00000026560	53.3	5
3570045	7955.ENSDARP00000047158	53.3	1
3570806	7955.ENSDARP00000053867	52.8	7
3580032	7955.ENSDARP00000101805	52.7	5
3566945	7955.ENSDARP00000012048	52.6	10
3591554	7955.ENSDARP00000128329	52.5	4
3570861	7955.ENSDARP00000054229	52.5	6
3577771	7955.ENSDARP00000094764	52.4	4
3577430	7955.ENSDARP00000093331	52.3	5
3581148	7955.ENSDARP00000104621	52.2	2
3585886	7955.ENSDARP00000113739	52.2	6
3576432	7955.ENSDARP00000088722	52.0	4
3577741	7955.ENSDARP00000094626	52.0	46
3567474	7955.ENSDARP00000017246	52.0	19
3589702	7955.ENSDARP00000123565	51.8	8
3587384	7955.ENSDARP00000117697	51.7	7
3589962	7955.ENSDARP00000124401	51.3	1
3585212	7955.ENSDARP00000112123	51.3	3
3568159	7955.ENSDARP00000024129	51.1	3
3580325	7955.ENSDARP00000102559	51.0	5
3586178	7955.ENSDARP00000114512	51.0	2
3573215	7955.ENSDARP00000068783	50.9	5
3570479	7955.ENSDARP00000051775	50.8	1
3574646	7955.ENSDARP00000076216	50.7	3
3568629	7955.ENSDARP00000029343	50.7	7
3566058	7955.ENSDARP00000003519	50.6	2
3577679	7955.ENSDARP00000094342	50.6	4
3566787	7955.ENSDARP00000010639	50.4	3
3580958	7955.ENSDARP00000104211	50.4	5
3575549	7955.ENSDARP00000082673	50.4	3
3573053	7955.ENSDARP00000067943	50.2	7
3591006	7955.ENSDARP00000127047	50.2	7
3572465	7955.ENSDARP00000064399	50.2	7
3566770	7955.ENSDARP00000010427	49.7	5
3580172	7955.ENSDARP00000102180	49.6	4
3569626	7955.ENSDARP00000042420	49.5	9
3578162	7955.ENSDARP00000096468	49.4	2
3583748	7955.ENSDARP00000109466	49.4	2
3566738	7955.ENSDARP00000010116	49.4	2
3571623	7955.ENSDARP00000059012	49.1	2
3578647	7955.ENSDARP00000098194	49.1	2
3573418	7955.ENSDARP00000069904	48.9	5
3567845	7955.ENSDARP00000021124	48.8	10
3585382	7955.ENSDARP00000112435	48.7	5
3587693	7955.ENSDARP00000118435	48.4	4
3566876	7955.ENSDARP00000011398	47.8	2
3579580	7955.ENSDARP00000100627	47.7	5
3588376	7955.ENSDARP00000120213	47.5	15
3579770	7955.ENSDARP00000101117	47.3	15
3572937	7955.ENSDARP00000067373	46.8	3
3574413	7955.ENSDARP00000075137	46.6	3
3587312	7955.ENSDARP00000117497	46.1	4
3573355	7955.ENSDARP00000069541	46.1	3
3568898	7955.ENSDARP00000033328	45.8	10
3592133	7955.ENSDARP00000129592	45.7	4
3588800	7955.ENSDARP00000121339	45.6	4
3568805	7955.ENSDARP00000032037	45.6	1
3590352	7955.ENSDARP00000125469	45.5	10
3567676	7955.ENSDARP00000019311	45.5	4
3570768	7955.ENSDARP00000053608	45.2	1
3576340	7955.ENSDARP00000088302	45.2	1
3570924	7955.ENSDARP00000054690	45.0	8
3572208	7955.ENSDARP00000062851	44.9	2
3582635	7955.ENSDARP00000107383	44.6	7
3572283	7955.ENSDARP00000063250	44.4	3
3572491	7955.ENSDARP00000064557	44.3	6
3583925	7955.ENSDARP00000109783	44.1	4
3583554	7955.ENSDARP00000109113	44.0	3
3567739	7955.ENSDARP00000019981	43.0	3
3571260	7955.ENSDARP00000056766	43.0	4
3573586	7955.ENSDARP00000070803	43.0	1
3589704	7955.ENSDARP00000123568	42.7	6
3579080	7955.ENSDARP00000099306	42.6	5
3589551	7955.ENSDARP00000123215	42.5	2
3574103	7955.ENSDARP00000073506	42.3	2
3571540	7955.ENSDARP00000058554	42.3	6
3567195	7955.ENSDARP00000014574	42.2	1
3568841	7955.ENSDARP00000032505	42.2	4
3573765	7955.ENSDARP00000071963	42.2	2
3584690	7955.ENSDARP00000111199	41.8	6
3566406	7955.ENSDARP00000006875	41.8	4
3570213	7955.ENSDARP00000049134	41.7	6
3566125	7955.ENSDARP00000004139	41.5	5
3584793	7955.ENSDARP00000111399	41.5	8
3570560	7955.ENSDARP00000052354	41.3	9
3569151	7955.ENSDARP00000036899	41.1	1
3581543	7955.ENSDARP00000105368	41.1	9
3584457	7955.ENSDARP00000110780	41.1	9
3574741	7955.ENSDARP00000076580	41.1	9
3566596	7955.ENSDARP00000008690	40.9	22
3565965	7955.ENSDARP00000002825	40.9	9
3584971	7955.ENSDARP00000111723	40.8	13
3567920	7955.ENSDARP00000022030	40.8	1
3565955	7955.ENSDARP00000002761	40.7	4
3573624	7955.ENSDARP00000071046	40.7	9
3577113	7955.ENSDARP00000091902	40.6	1
3566817	7955.ENSDARP00000010925	40.3	9
3566580	7955.ENSDARP00000008513	40.3	9
3589948	7955.ENSDARP00000124366	40.3	42
3571944	7955.ENSDARP00000061075	40.0	1
3568343	7955.ENSDARP00000025885	39.8	19
3567489	7955.ENSDARP00000017410	39.8	2
3589421	7955.ENSDARP00000122887	39.8	7
3572961	7955.ENSDARP00000067488	39.7	1
3566278	7955.ENSDARP00000005644	39.6	1
3567370	7955.ENSDARP00000016228	39.5	4
3566836	7955.ENSDARP00000011083	39.5	4
3583130	7955.ENSDARP00000108316	39.3	5
3574481	7955.ENSDARP00000075482	39.2	4
3573531	7955.ENSDARP00000070479	39.2	11
3571282	7955.ENSDARP00000056898	39.2	1
3576612	7955.ENSDARP00000089645	39.1	3
3569229	7955.ENSDARP00000037801	39.1	3
3586129	7955.ENSDARP00000114396	39.1	4
3569437	7955.ENSDARP00000040421	39.0	3
3568584	7955.ENSDARP00000028641	39.0	2
3575045	7955.ENSDARP00000078619	38.9	3
3566260	7955.ENSDARP00000005448	38.8	6
3568194	7955.ENSDARP00000024433	38.8	4
3581525	7955.ENSDARP00000105344	38.8	7
3587463	7955.ENSDARP00000117883	38.7	13
3570092	7955.ENSDARP00000047681	38.7	2
3569015	7955.ENSDARP00000034904	38.7	3
3577851	7955.ENSDARP00000095097	38.5	4
3566525	7955.ENSDARP00000008018	38.5	4
3572855	7955.ENSDARP00000066962	38.5	1
3574428	7955.ENSDARP00000075208	38.4	4
3569070	7955.ENSDARP00000035728	38.4	4
3570491	7955.ENSDARP00000051848	38.0	3
3568579	7955.ENSDARP00000028571	37.9	6
3583439	7955.ENSDARP00000108912	37.8	2
3573682	7955.ENSDARP00000071531	37.6	1
3567997	7955.ENSDARP00000022638	37.4	9
3577554	7955.ENSDARP00000093850	37.2	3
3587864	7955.ENSDARP00000118861	37.2	3
3570677	7955.ENSDARP00000053075	37.1	5
3578042	7955.ENSDARP00000095947	37.0	1
3569574	7955.ENSDARP00000041860	37.0	2
3590038	7955.ENSDARP00000124670	36.9	3
3572767	7955.ENSDARP00000066396	36.6	1
3573694	7955.ENSDARP00000071587	36.6	3
3582141	7955.ENSDARP00000106441	36.4	112
3573074	7955.ENSDARP00000068070	36.2	7
3570025	7955.ENSDARP00000046982	36.0	3
3573838	7955.ENSDARP00000072363	35.8	3
3589823	7955.ENSDARP00000123958	35.7	1
3570393	7955.ENSDARP00000051183	35.5	7
3583523	7955.ENSDARP00000109065	35.5	1
3568348	7955.ENSDARP00000025996	35.5	1
3566914	7955.ENSDARP00000011713	35.4	2
3578953	7955.ENSDARP00000098975	35.4	3
3579754	7955.ENSDARP00000101062	35.2	5
3569230	7955.ENSDARP00000037812	35.1	2
3586572	7955.ENSDARP00000115544	35.0	45
3570766	7955.ENSDARP00000053595	34.8	2
3591853	7955.ENSDARP00000128976	34.7	8
3571595	7955.ENSDARP00000058875	34.7	10
3577666	7955.ENSDARP00000094289	34.5	4
3569184	7955.ENSDARP00000037304	34.5	1
3571352	7955.ENSDARP00000057420	34.3	45
3569320	7955.ENSDARP00000038991	34.1	2
3571092	7955.ENSDARP00000055741	34.1	9
3585734	7955.ENSDARP00000113326	33.8	6
3574086	7955.ENSDARP00000073437	33.7	2
3582945	7955.ENSDARP00000107964	33.5	2
3590266	7955.ENSDARP00000125298	33.5	1
3582341	7955.ENSDARP00000106819	33.3	9
3569986	7955.ENSDARP00000046586	33.3	9
3571197	7955.ENSDARP00000056404	33.1	1
3571099	7955.ENSDARP00000055770	33.1	6
3586483	7955.ENSDARP00000115337	32.9	5
3569434	7955.ENSDARP00000040404	32.9	7
3567404	7955.ENSDARP00000016622	32.9	9
3569542	7955.ENSDARP00000041577	32.8	1
3570127	7955.ENSDARP00000048163	32.8	5
3587137	7955.ENSDARP00000117032	32.7	2
3578639	7955.ENSDARP00000098182	32.7	6
3569639	7955.ENSDARP00000042593	32.7	1
3584959	7955.ENSDARP00000111699	32.6	6
3578268	7955.ENSDARP00000096925	32.5	1
3570049	7955.ENSDARP00000047200	32.4	8
3568955	7955.ENSDARP00000034052	32.3	3
3566992	7955.ENSDARP00000012436	32.2	45
3580361	7955.ENSDARP00000102672	32.0	6
3570413	7955.ENSDARP00000051359	32.0	110
3576489	7955.ENSDARP00000089039	31.8	6
3574644	7955.ENSDARP00000076212	31.7	7
3568225	7955.ENSDARP00000024748	31.6	3
3566313	7955.ENSDARP00000006001	31.6	3
3586737	7955.ENSDARP00000115964	31.5	105
3574768	7955.ENSDARP00000076763	31.5	11
3568742	7955.ENSDARP00000031014	31.5	1
3574689	7955.ENSDARP00000076384	31.4	45
3569590	7955.ENSDARP00000042048	30.9	1
3567130	7955.ENSDARP00000013803	30.6	3
3581104	7955.ENSDARP00000104545	30.6	1
3588231	7955.ENSDARP00000119857	30.6	2
3573787	7955.ENSDARP00000072097	30.6	3
3589716	7955.ENSDARP00000123611	30.5	1
3590007	7955.ENSDARP00000124569	30.4	1
3571025	7955.ENSDARP00000055338	30.4	1
3582038	7955.ENSDARP00000106256	30.3	1
3570948	7955.ENSDARP00000054848	30.0	5
3569341	7955.ENSDARP00000039222	29.7	1
3578307	7955.ENSDARP00000097166	29.7	1
3587911	7955.ENSDARP00000118986	29.6	6
3586984	7955.ENSDARP00000116609	29.4	3
3589127	7955.ENSDARP00000122143	29.4	1
3566913	7955.ENSDARP00000011707	29.4	1
3579309	7955.ENSDARP00000099928	29.4	1
3587982	7955.ENSDARP00000119179	29.4	21
3566583	7955.ENSDARP00000008536	29.4	1
3569276	7955.ENSDARP00000038520	29.3	3
3569650	7955.ENSDARP00000042736	29.3	3
3574023	7955.ENSDARP00000073113	29.2	10
3588359	7955.ENSDARP00000120160	29.1	2
3574354	7955.ENSDARP00000074827	29.0	2
3566134	7955.ENSDARP00000004202	28.9	1
3573750	7955.ENSDARP00000071885	28.9	3
3588729	7955.ENSDARP00000121161	28.7	2
3573386	7955.ENSDARP00000069695	28.6	63
3566998	7955.ENSDARP00000012488	28.5	3
3566135	7955.ENSDARP00000004205	28.5	1
3588731	7955.ENSDARP00000121163	28.1	4
3580952	7955.ENSDARP00000104196	28.1	4
3578066	7955.ENSDARP00000096118	27.9	3
3566724	7955.ENSDARP00000009990	27.9	1
3591129	7955.ENSDARP00000127392	27.9	9
3567059	7955.ENSDARP00000013042	27.3	39
3572467	7955.ENSDARP00000064418	27.3	2
3567428	7955.ENSDARP00000016818	27.2	45
3568256	7955.ENSDARP00000025096	27.0	3
3566469	7955.ENSDARP00000007548	26.9	5
3583660	7955.ENSDARP00000109303	26.8	10
3572803	7955.ENSDARP00000066644	26.8	1
3578637	7955.ENSDARP00000098175	26.8	2
3569803	7955.ENSDARP00000044385	26.7	5
3586592	7955.ENSDARP00000115582	26.7	5
3567651	7955.ENSDARP00000019054	26.6	1
3589836	7955.ENSDARP00000123999	26.5	3
3566252	7955.ENSDARP00000005382	26.4	2
3566280	7955.ENSDARP00000005680	26.3	8
3578113	7955.ENSDARP00000096322	26.2	2
3576980	7955.ENSDARP00000091365	26.2	3
3574812	7955.ENSDARP00000076916	26.2	1
3589529	7955.ENSDARP00000123149	26.1	3
3583770	7955.ENSDARP00000109508	26.1	2
3583210	7955.ENSDARP00000108469	26.0	6
3585217	7955.ENSDARP00000112131	25.9	3
3567934	7955.ENSDARP00000022134	25.6	2
3573780	7955.ENSDARP00000072076	25.6	4
3587881	7955.ENSDARP00000118904	25.4	11
3578430	7955.ENSDARP00000097644	25.3	2
3571822	7955.ENSDARP00000060291	25.3	5
3568300	7955.ENSDARP00000025522	25.2	9
3569856	7955.ENSDARP00000045068	25.1	3
3576715	7955.ENSDARP00000090113	25.1	3
3567046	7955.ENSDARP00000012931	25.1	2
3575851	7955.ENSDARP00000084961	25.0	2
3567183	7955.ENSDARP00000014422	25.0	45
3586465	7955.ENSDARP00000115290	25.0	1
3572876	7955.ENSDARP00000067039	24.9	4
3565871	7955.ENSDARP00000001256	24.8	1
3579028	7955.ENSDARP00000099156	24.6	1
3586646	7955.ENSDARP00000115723	24.6	6
3574405	7955.ENSDARP00000075079	24.6	9
3572544	7955.ENSDARP00000064925	24.4	3
3587823	7955.ENSDARP00000118756	24.3	1
3571914	7955.ENSDARP00000060879	24.3	1
3590929	7955.ENSDARP00000126886	24.2	1
3567580	7955.ENSDARP00000018231	24.2	1
3588917	7955.ENSDARP00000121628	24.1	11
3589684	7955.ENSDARP00000123537	24.1	1
3566588	7955.ENSDARP00000008636	24.0	4
3573292	7955.ENSDARP00000069178	24.0	10
3577573	7955.ENSDARP00000093927	24.0	1
3569557	7955.ENSDARP00000041713	23.9	5
3587641	7955.ENSDARP00000118291	23.9	1
3589627	7955.ENSDARP00000123406	23.9	4
3582428	7955.ENSDARP00000106981	23.8	17
3578755	7955.ENSDARP00000098474	23.8	1
3576153	7955.ENSDARP00000087338	23.6	6
3571162	7955.ENSDARP00000056187	23.5	1
3567476	7955.ENSDARP00000017258	23.3	3
3572370	7955.ENSDARP00000063836	23.3	2
3566726	7955.ENSDARP00000010013	23.2	3
3573025	7955.ENSDARP00000067821	23.1	1
3566767	7955.ENSDARP00000010419	23.0	1
3577383	7955.ENSDARP00000093157	23.0	2
3570226	7955.ENSDARP00000049284	23.0	2
3566277	7955.ENSDARP00000005640	22.9	2
3577597	7955.ENSDARP00000094033	22.9	1
3569798	7955.ENSDARP00000044330	22.9	4
3583294	7955.ENSDARP00000108625	22.8	1
3583735	7955.ENSDARP00000109442	22.8	6
3568103	7955.ENSDARP00000023685	22.7	2
3585101	7955.ENSDARP00000111947	22.6	16
3569586	7955.ENSDARP00000041991	22.4	5
3585919	7955.ENSDARP00000113858	22.4	6
3567587	7955.ENSDARP00000018348	22.4	1
3578101	7955.ENSDARP00000096291	22.3	9
3570521	7955.ENSDARP00000052090	22.3	4
3579123	7955.ENSDARP00000099423	22.2	2
3568449	7955.ENSDARP00000026992	22.2	6
3569365	7955.ENSDARP00000039656	22.2	3
3577944	7955.ENSDARP00000095479	22.1	2
3567497	7955.ENSDARP00000017469	22.1	3
3590844	7955.ENSDARP00000126705	22.1	11
3574318	7955.ENSDARP00000074585	22.1	4
3567225	7955.ENSDARP00000014920	22.0	1
3574063	7955.ENSDARP00000073352	22.0	11
3589691	7955.ENSDARP00000123548	21.9	4
3569848	7955.ENSDARP00000045014	21.8	3
3568677	7955.ENSDARP00000029935	21.8	5
3573969	7955.ENSDARP00000072903	21.7	2
3583431	7955.ENSDARP00000108896	21.7	15
3566652	7955.ENSDARP00000009285	21.6	2
3591724	7955.ENSDARP00000128695	21.6	6
3570291	7955.ENSDARP00000050129	21.5	2
3568866	7955.ENSDARP00000032834	21.5	2
3588457	7955.ENSDARP00000120430	21.3	1
3571941	7955.ENSDARP00000061057	21.1	61
3567261	7955.ENSDARP00000015262	21.1	1
3587552	7955.ENSDARP00000118068	21.1	15
3568637	7955.ENSDARP00000029462	21.0	1
3570624	7955.ENSDARP00000052687	21.0	12
3589318	7955.ENSDARP00000122588	21.0	1
3575860	7955.ENSDARP00000085044	20.9	2
3570690	7955.ENSDARP00000053151	20.9	3
3567916	7955.ENSDARP00000021993	20.9	1
3591185	7955.ENSDARP00000127543	20.7	4
3575409	7955.ENSDARP00000081541	20.5	11
3583295	7955.ENSDARP00000108627	20.5	3
3568391	7955.ENSDARP00000026454	20.4	1
3574323	7955.ENSDARP00000074623	20.3	1
3571888	7955.ENSDARP00000060713	20.3	2
3566329	7955.ENSDARP00000006133	20.3	2
3566860	7955.ENSDARP00000011269	20.2	86
3583978	7955.ENSDARP00000109883	19.9	15
3581582	7955.ENSDARP00000105443	19.7	1
3581585	7955.ENSDARP00000105446	19.6	1
3569278	7955.ENSDARP00000038550	19.5	2
3583875	7955.ENSDARP00000109696	19.4	24
3589712	7955.ENSDARP00000123601	19.4	13
3584838	7955.ENSDARP00000111483	19.4	1
3567731	7955.ENSDARP00000019915	19.4	3
3577763	7955.ENSDARP00000094733	19.3	6
3588396	7955.ENSDARP00000120266	19.3	4
3568921	7955.ENSDARP00000033537	19.0	1
3570191	7955.ENSDARP00000048852	19.0	1
3576537	7955.ENSDARP00000089210	19.0	1
3568557	7955.ENSDARP00000028134	19.0	2
3566345	7955.ENSDARP00000006320	19.0	2
3578872	7955.ENSDARP00000098757	18.9	1
3567224	7955.ENSDARP00000014914	18.8	5
3572372	7955.ENSDARP00000063856	18.8	1
3574286	7955.ENSDARP00000074434	18.7	2
3567484	7955.ENSDARP00000017348	18.7	3
3574808	7955.ENSDARP00000076902	18.6	1
3567539	7955.ENSDARP00000017792	18.6	2
3567829	7955.ENSDARP00000020942	18.4	4
3579331	7955.ENSDARP00000099983	18.3	1
3566703	7955.ENSDARP00000009817	18.2	2
3591755	7955.ENSDARP00000128760	18.2	1
3583645	7955.ENSDARP00000109278	18.2	4
3569913	7955.ENSDARP00000045668	18.2	14
3574344	7955.ENSDARP00000074788	18.1	1
3581375	7955.ENSDARP00000105058	18.1	2
3577120	7955.ENSDARP00000091921	18.1	14
3571021	7955.ENSDARP00000055324	18.0	1
3580586	7955.ENSDARP00000103284	18.0	1
3571210	7955.ENSDARP00000056465	18.0	8
3569336	7955.ENSDARP00000039155	17.9	3
3590143	7955.ENSDARP00000125036	17.9	15
3574366	7955.ENSDARP00000074862	17.8	2
3577403	7955.ENSDARP00000093249	17.8	3
3586095	7955.ENSDARP00000114309	17.8	2
3585449	7955.ENSDARP00000112576	17.7	3
3571945	7955.ENSDARP00000061097	17.6	60
3570147	7955.ENSDARP00000048398	17.6	5
3578125	7955.ENSDARP00000096363	17.6	1
3589054	7955.ENSDARP00000121973	17.5	1
3569212	7955.ENSDARP00000037635	17.4	1
3576714	7955.ENSDARP00000090111	17.4	1
3580875	7955.ENSDARP00000104015	17.4	5
3566867	7955.ENSDARP00000011311	17.3	3
3573570	7955.ENSDARP00000070686	17.3	2
3590364	7955.ENSDARP00000125495	17.3	2
3575347	7955.ENSDARP00000081043	17.2	1
3583022	7955.ENSDARP00000108133	17.2	6
3573833	7955.ENSDARP00000072337	17.1	15
3583533	7955.ENSDARP00000109082	17.0	4
3588915	7955.ENSDARP00000121623	16.9	1
3574376	7955.ENSDARP00000074907	16.8	1
3572256	7955.ENSDARP00000063092	16.7	1
3568943	7955.ENSDARP00000033828	16.7	3
3576779	7955.ENSDARP00000090402	16.6	4
3568640	7955.ENSDARP00000029491	16.5	3
3568852	7955.ENSDARP00000032669	16.4	3
3569975	7955.ENSDARP00000046442	16.4	60
3570109	7955.ENSDARP00000047901	16.4	3
3584162	7955.ENSDARP00000110242	16.2	4
3577459	7955.ENSDARP00000093465	16.1	2
3570146	7955.ENSDARP00000048394	15.9	3
3582471	7955.ENSDARP00000107078	15.9	2
3587266	7955.ENSDARP00000117378	15.9	3
3580536	7955.ENSDARP00000103150	15.8	8
3574035	7955.ENSDARP00000073195	15.8	60
3569834	7955.ENSDARP00000044836	15.8	8
3583891	7955.ENSDARP00000109720	15.8	2
3579013	7955.ENSDARP00000099119	15.8	1
3569453	7955.ENSDARP00000040644	15.7	2
3573379	7955.ENSDARP00000069669	15.6	2
3580181	7955.ENSDARP00000102203	15.6	2
3579243	7955.ENSDARP00000099727	15.5	1
3588533	7955.ENSDARP00000120624	15.5	1
3590073	7955.ENSDARP00000124788	15.5	4
3577420	7955.ENSDARP00000093301	15.5	7
3582776	7955.ENSDARP00000107646	15.5	1
3590544	7955.ENSDARP00000125918	15.5	27
3579418	7955.ENSDARP00000100208	15.5	7
3573867	7955.ENSDARP00000072482	15.4	2
3584531	7955.ENSDARP00000110907	15.4	1
3578475	7955.ENSDARP00000097770	15.3	5
3590555	7955.ENSDARP00000125941	15.2	3
3567576	7955.ENSDARP00000018158	15.2	1
3566552	7955.ENSDARP00000008262	15.1	1
3566635	7955.ENSDARP00000009149	15.1	5
3583922	7955.ENSDARP00000109780	15.0	2
3586663	7955.ENSDARP00000115782	15.0	1
3567654	7955.ENSDARP00000019087	15.0	1
3572964	7955.ENSDARP00000067511	15.0	1
3584668	7955.ENSDARP00000111158	14.9	1
3569672	7955.ENSDARP00000043001	14.9	1
3586817	7955.ENSDARP00000116173	14.6	10
3573681	7955.ENSDARP00000071527	14.5	1
3584528	7955.ENSDARP00000110900	14.5	2
3590089	7955.ENSDARP00000124846	14.3	9
3580936	7955.ENSDARP00000104161	14.2	2
3567798	7955.ENSDARP00000020566	14.2	1
3587262	7955.ENSDARP00000117366	14.1	4
3585602	7955.ENSDARP00000112992	14.1	1
3567570	7955.ENSDARP00000018064	14.1	1
3589241	7955.ENSDARP00000122416	14.0	2
3588730	7955.ENSDARP00000121162	14.0	3
3568818	7955.ENSDARP00000032193	13.9	45
3582439	7955.ENSDARP00000107004	13.9	2
3574728	7955.ENSDARP00000076519	13.9	2
3573004	7955.ENSDARP00000067677	13.9	1
3567082	7955.ENSDARP00000013286	13.8	15
3578175	7955.ENSDARP00000096532	13.8	5
3569368	7955.ENSDARP00000039699	13.8	2
3566319	7955.ENSDARP00000006047	13.7	3
3565920	7955.ENSDARP00000002360	13.7	3
3579522	7955.ENSDARP00000100461	13.7	1
3576417	7955.ENSDARP00000088646	13.7	2
3583857	7955.ENSDARP00000109662	13.5	3
3592127	7955.ENSDARP00000129574	13.5	2
3582077	7955.ENSDARP00000106325	13.5	2
3567414	7955.ENSDARP00000016700	13.4	1
3586419	7955.ENSDARP00000115155	13.3	1
3568998	7955.ENSDARP00000034733	13.3	2
3574980	7955.ENSDARP00000078125	13.3	1
3569318	7955.ENSDARP00000038975	13.2	1
3569734	7955.ENSDARP00000043659	13.1	3
3583151	7955.ENSDARP00000108361	13.1	1
3573096	7955.ENSDARP00000068144	13.0	9
3566343	7955.ENSDARP00000006315	13.0	1
3576804	7955.ENSDARP00000090521	13.0	1
3567996	7955.ENSDARP00000022618	13.0	1
3582312	7955.ENSDARP00000106770	12.9	1
3571815	7955.ENSDARP00000060245	12.9	1
3570942	7955.ENSDARP00000054816	12.8	3
3588384	7955.ENSDARP00000120230	12.8	2
3586312	7955.ENSDARP00000114871	12.8	5
3586230	7955.ENSDARP00000114649	12.8	5
3568478	7955.ENSDARP00000027276	12.7	2
3573902	7955.ENSDARP00000072618	12.7	1
3570636	7955.ENSDARP00000052786	12.6	1
3581183	7955.ENSDARP00000104687	12.6	1
3568264	7955.ENSDARP00000025160	12.5	1
3570847	7955.ENSDARP00000054114	12.5	3
3579370	7955.ENSDARP00000100078	12.5	6
3577860	7955.ENSDARP00000095133	12.4	2
3571946	7955.ENSDARP00000061100	12.4	4
3584741	7955.ENSDARP00000111281	12.4	1
3587372	7955.ENSDARP00000117664	12.4	1
3566565	7955.ENSDARP00000008399	12.3	1
3589920	7955.ENSDARP00000124266	12.2	9
3573832	7955.ENSDARP00000072334	12.1	1
3591349	7955.ENSDARP00000127908	12.0	9
3568613	7955.ENSDARP00000029074	12.0	2
3582558	7955.ENSDARP00000107238	12.0	6
3582453	7955.ENSDARP00000107042	11.9	2
3570237	7955.ENSDARP00000049374	11.9	5
3587073	7955.ENSDARP00000116865	11.8	9
3581547	7955.ENSDARP00000105375	11.8	5
3591876	7955.ENSDARP00000129029	11.7	1
3577855	7955.ENSDARP00000095111	11.6	4
3589320	7955.ENSDARP00000122592	11.6	3
3571673	7955.ENSDARP00000059321	11.6	1
3590012	7955.ENSDARP00000124593	11.4	1
3568342	7955.ENSDARP00000025865	11.4	6
3577322	7955.ENSDARP00000092787	11.4	1
3577833	7955.ENSDARP00000095029	11.3	3
3583422	7955.ENSDARP00000108880	11.3	1
3569360	7955.ENSDARP00000039570	11.3	6
3577891	7955.ENSDARP00000095265	11.2	5
3566907	7955.ENSDARP00000011663	11.2	1
3589094	7955.ENSDARP00000122069	11.2	2
3588741	7955.ENSDARP00000121180	11.2	2
3568835	7955.ENSDARP00000032422	11.1	1
3590759	7955.ENSDARP00000126495	11.0	1
3575787	7955.ENSDARP00000084443	11.0	2
3584872	7955.ENSDARP00000111539	11.0	4
3579239	7955.ENSDARP00000099721	10.9	3
3573742	7955.ENSDARP00000071853	10.9	1
3587780	7955.ENSDARP00000118646	10.9	1
3567160	7955.ENSDARP00000014182	10.8	1
3568639	7955.ENSDARP00000029477	10.7	9
3581684	7955.ENSDARP00000105615	10.7	8
3583643	7955.ENSDARP00000109275	10.7	8
3588068	7955.ENSDARP00000119407	10.7	9
3588789	7955.ENSDARP00000121323	10.7	2
3590791	7955.ENSDARP00000126589	10.7	4
3566572	7955.ENSDARP00000008455	10.7	1
3585920	7955.ENSDARP00000113859	10.6	1
3585751	7955.ENSDARP00000113373	10.6	10
3587201	7955.ENSDARP00000117207	10.6	2
3571596	7955.ENSDARP00000058876	10.6	2
3579301	7955.ENSDARP00000099895	10.6	2
3570623	7955.ENSDARP00000052682	10.5	9
3584908	7955.ENSDARP00000111605	10.5	1
3592193	7955.ENSDARP00000129746	10.5	1
3589672	7955.ENSDARP00000123510	10.4	1
3589582	7955.ENSDARP00000123299	10.3	9
3572357	7955.ENSDARP00000063773	10.2	4
3577707	7955.ENSDARP00000094438	10.2	1
3576316	7955.ENSDARP00000088231	10.2	1
3592002	7955.ENSDARP00000129291	10.1	45
3580968	7955.ENSDARP00000104233	10.1	1
3578212	7955.ENSDARP00000096674	10.0	2
3567583	7955.ENSDARP00000018261	9.94	1
3565933	7955.ENSDARP00000002483	9.93	2
3574712	7955.ENSDARP00000076470	9.87	1
3582358	7955.ENSDARP00000106853	9.79	2
3574216	7955.ENSDARP00000074004	9.79	1
3566409	7955.ENSDARP00000006888	9.79	2
3572956	7955.ENSDARP00000067454	9.78	4
3570172	7955.ENSDARP00000048675	9.78	1
3570212	7955.ENSDARP00000049108	9.72	1
3566533	7955.ENSDARP00000008085	9.72	1
3571616	7955.ENSDARP00000058966	9.69	2
3585619	7955.ENSDARP00000113031	9.68	5
3572947	7955.ENSDARP00000067412	9.59	3
3585244	7955.ENSDARP00000112172	9.53	6
3568059	7955.ENSDARP00000023228	9.51	1
3586558	7955.ENSDARP00000115509	9.51	6
3570575	7955.ENSDARP00000052417	9.42	2
3572384	7955.ENSDARP00000063949	9.41	2
3568709	7955.ENSDARP00000030555	9.41	2
3569611	7955.ENSDARP00000042254	9.36	2
3570218	7955.ENSDARP00000049176	9.36	2
3577359	7955.ENSDARP00000093027	9.35	4
3568777	7955.ENSDARP00000031650	9.34	1
3578864	7955.ENSDARP00000098745	9.33	3
3588543	7955.ENSDARP00000120649	9.33	2
3573227	7955.ENSDARP00000068889	9.26	2
3569774	7955.ENSDARP00000044056	9.25	1
3577188	7955.ENSDARP00000092223	9.19	4
3575577	7955.ENSDARP00000082898	9.17	1
3572636	7955.ENSDARP00000065474	9.11	1
3572868	7955.ENSDARP00000067004	9.1	2
3582220	7955.ENSDARP00000106590	9.09	1
3583345	7955.ENSDARP00000108724	9.08	9
3566416	7955.ENSDARP00000006973	9.07	1
3567994	7955.ENSDARP00000022612	9.04	2
3567011	7955.ENSDARP00000012585	9.03	1
3574249	7955.ENSDARP00000074163	9.0	1
3583270	7955.ENSDARP00000108568	8.99	1
3570399	7955.ENSDARP00000051230	8.98	2
3574283	7955.ENSDARP00000074418	8.97	1
3566804	7955.ENSDARP00000010840	8.97	5
3586375	7955.ENSDARP00000115049	8.78	3
3568692	7955.ENSDARP00000030237	8.76	1
3582385	7955.ENSDARP00000106906	8.71	1
3569839	7955.ENSDARP00000044895	8.7	6
3571467	7955.ENSDARP00000058094	8.7	1
3583537	7955.ENSDARP00000109087	8.68	1
3570619	7955.ENSDARP00000052655	8.67	1
3583594	7955.ENSDARP00000109194	8.62	1
3566228	7955.ENSDARP00000005224	8.55	8
3573394	7955.ENSDARP00000069745	8.55	1
3567720	7955.ENSDARP00000019826	8.54	1
3590068	7955.ENSDARP00000124776	8.51	1
3584554	7955.ENSDARP00000110951	8.45	5
3588418	7955.ENSDARP00000120324	8.45	5
3591124	7955.ENSDARP00000127377	8.3	4
3572439	7955.ENSDARP00000064214	8.28	1
3571486	7955.ENSDARP00000058259	8.24	1
3582804	7955.ENSDARP00000107695	8.22	1
3565855	7955.ENSDARP00000000803	8.19	8
3573147	7955.ENSDARP00000068422	8.13	1
3589540	7955.ENSDARP00000123181	8.07	2
3580408	7955.ENSDARP00000102802	8.04	1
3580720	7955.ENSDARP00000103609	8.04	1
3574697	7955.ENSDARP00000076407	7.97	1
3577790	7955.ENSDARP00000094833	7.96	2
3568317	7955.ENSDARP00000025652	7.94	7
3570066	7955.ENSDARP00000047408	7.91	14
3572310	7955.ENSDARP00000063483	7.9	4
3567155	7955.ENSDARP00000014099	7.69	1
3568234	7955.ENSDARP00000024860	7.68	2
3569304	7955.ENSDARP00000038816	7.68	2
3574101	7955.ENSDARP00000073498	7.65	1
3573551	7955.ENSDARP00000070559	7.57	1
3580953	7955.ENSDARP00000104198	7.54	1
3569795	7955.ENSDARP00000044281	7.36	1
3578221	7955.ENSDARP00000096709	7.35	1
3567008	7955.ENSDARP00000012565	7.3	2
3567591	7955.ENSDARP00000018404	7.29	2
3577722	7955.ENSDARP00000094530	7.23	3
3567019	7955.ENSDARP00000012677	7.2	3
3581788	7955.ENSDARP00000105799	7.2	1
3569029	7955.ENSDARP00000035106	7.14	2
3576135	7955.ENSDARP00000087158	7.1	7
3588866	7955.ENSDARP00000121492	7.03	3
3580316	7955.ENSDARP00000102537	7.0	2
3576836	7955.ENSDARP00000090639	6.97	2
3585756	7955.ENSDARP00000113382	6.93	8
3569719	7955.ENSDARP00000043482	6.93	2
3569187	7955.ENSDARP00000037326	6.89	3
3583453	7955.ENSDARP00000108934	6.84	1
3566118	7955.ENSDARP00000004030	6.84	1
3581842	7955.ENSDARP00000105905	6.82	1
3590874	7955.ENSDARP00000126769	6.81	7
3586052	7955.ENSDARP00000114217	6.8	1
3579938	7955.ENSDARP00000101565	6.73	1
3575655	7955.ENSDARP00000083499	6.7	1
3566529	7955.ENSDARP00000008048	6.67	1
3569257	7955.ENSDARP00000038222	6.64	1
3588553	7955.ENSDARP00000120670	6.64	6
3575014	7955.ENSDARP00000078354	6.63	1
3570079	7955.ENSDARP00000047527	6.6	3
3578204	7955.ENSDARP00000096636	6.6	1
3585306	7955.ENSDARP00000112286	6.6	1
3572513	7955.ENSDARP00000064699	6.59	1
3575721	7955.ENSDARP00000083973	6.51	2
3580286	7955.ENSDARP00000102443	6.51	2
3573792	7955.ENSDARP00000072130	6.5	7
3567861	7955.ENSDARP00000021260	6.48	1
3570795	7955.ENSDARP00000053813	6.41	1
3568075	7955.ENSDARP00000023371	6.4	3
3571097	7955.ENSDARP00000055756	6.4	6
3576647	7955.ENSDARP00000089772	6.4	1
3574334	7955.ENSDARP00000074719	6.39	1
3573403	7955.ENSDARP00000069804	6.35	1
3572543	7955.ENSDARP00000064900	6.34	1
3591499	7955.ENSDARP00000128217	6.3	3
3591339	7955.ENSDARP00000127882	6.24	2
3574952	7955.ENSDARP00000077948	6.19	2
3567822	7955.ENSDARP00000020867	6.18	2
3582073	7955.ENSDARP00000106316	6.18	1
3568923	7955.ENSDARP00000033554	6.17	2
3568438	7955.ENSDARP00000026889	6.02	10
3576457	7955.ENSDARP00000088868	6.0	8
3588587	7955.ENSDARP00000120763	6.0	2
3576903	7955.ENSDARP00000090944	6.0	7
3585459	7955.ENSDARP00000112598	5.98	2
3576976	7955.ENSDARP00000091324	5.97	3
3587543	7955.ENSDARP00000118055	5.89	1
3581926	7955.ENSDARP00000106050	5.89	3
3571610	7955.ENSDARP00000058947	5.88	1
3582395	7955.ENSDARP00000106923	5.87	1
3591900	7955.ENSDARP00000129087	5.83	7
3568513	7955.ENSDARP00000027643	5.73	1
3569925	7955.ENSDARP00000045815	5.62	1
3579560	7955.ENSDARP00000100563	5.57	2
3572970	7955.ENSDARP00000067534	5.56	2
3591564	7955.ENSDARP00000128354	5.56	3
3586738	7955.ENSDARP00000115965	5.45	1
3591354	7955.ENSDARP00000127920	5.43	3
3568122	7955.ENSDARP00000023816	5.43	1
3577249	7955.ENSDARP00000092435	5.42	1
3574978	7955.ENSDARP00000078114	5.36	5
3583815	7955.ENSDARP00000109583	5.33	1
3589782	7955.ENSDARP00000123814	5.32	2
3568288	7955.ENSDARP00000025377	5.25	1
3580468	7955.ENSDARP00000102978	5.25	1
3574043	7955.ENSDARP00000073256	5.23	1
3580646	7955.ENSDARP00000103413	5.21	2
3574892	7955.ENSDARP00000077564	5.19	1
3577847	7955.ENSDARP00000095079	5.17	1
3586492	7955.ENSDARP00000115363	5.1	1
3572740	7955.ENSDARP00000066229	5.08	1
3584658	7955.ENSDARP00000111142	5.06	1
3569634	7955.ENSDARP00000042511	5.06	1
3573608	7955.ENSDARP00000070966	5.04	7
3587562	7955.ENSDARP00000118091	5.01	2
3591779	7955.ENSDARP00000128806	4.9	7
3578276	7955.ENSDARP00000096964	4.83	2
3566075	7955.ENSDARP00000003666	4.82	1
3576297	7955.ENSDARP00000088108	4.78	1
3579979	7955.ENSDARP00000101667	4.7	2
3578819	7955.ENSDARP00000098631	4.7	2
3589037	7955.ENSDARP00000121927	4.69	1
3576460	7955.ENSDARP00000088880	4.69	7
3577859	7955.ENSDARP00000095128	4.65	4
3568120	7955.ENSDARP00000023805	4.65	1
3565929	7955.ENSDARP00000002466	4.64	2
3581872	7955.ENSDARP00000105955	4.61	2
3581695	7955.ENSDARP00000105632	4.61	2
3577412	7955.ENSDARP00000093277	4.59	1
3584913	7955.ENSDARP00000111620	4.59	2
3578481	7955.ENSDARP00000097777	4.57	2
3576347	7955.ENSDARP00000088317	4.56	1
3567300	7955.ENSDARP00000015591	4.55	2
3566109	7955.ENSDARP00000003956	4.49	1
3576930	7955.ENSDARP00000091063	4.48	1
3588858	7955.ENSDARP00000121481	4.42	1
3577274	7955.ENSDARP00000092551	4.42	1
3586015	7955.ENSDARP00000114091	4.39	1
3589392	7955.ENSDARP00000122802	4.35	1
3566444	7955.ENSDARP00000007258	4.33	3
3569788	7955.ENSDARP00000044202	4.28	2
3581250	7955.ENSDARP00000104823	4.27	1
3571578	7955.ENSDARP00000058735	4.27	1
3587117	7955.ENSDARP00000116987	4.23	1
3569204	7955.ENSDARP00000037582	4.13	1
3576635	7955.ENSDARP00000089741	4.12	2
3584881	7955.ENSDARP00000111558	4.08	1
3569714	7955.ENSDARP00000043430	4.07	1
3577502	7955.ENSDARP00000093657	3.96	1
3586066	7955.ENSDARP00000114245	3.96	2
3575410	7955.ENSDARP00000081544	3.94	4
3580633	7955.ENSDARP00000103385	3.92	1
3574290	7955.ENSDARP00000074466	3.88	1
3572428	7955.ENSDARP00000064171	3.88	1
3574080	7955.ENSDARP00000073415	3.85	30
3580804	7955.ENSDARP00000103823	3.8	1
3576757	7955.ENSDARP00000090306	3.8	30
3583910	7955.ENSDARP00000109758	3.78	2
3568803	7955.ENSDARP00000032005	3.73	2
3571919	7955.ENSDARP00000060918	3.71	1
3579175	7955.ENSDARP00000099552	3.71	45
3576382	7955.ENSDARP00000088465	3.7	2
3590198	7955.ENSDARP00000125167	3.65	1
3587343	7955.ENSDARP00000117582	3.62	3
3591470	7955.ENSDARP00000128168	3.58	1
3580663	7955.ENSDARP00000103461	3.56	1
3581199	7955.ENSDARP00000104714	3.56	1
3576960	7955.ENSDARP00000091241	3.56	3
3585496	7955.ENSDARP00000112736	3.52	1
3572064	7955.ENSDARP00000061954	3.48	1
3581451	7955.ENSDARP00000105213	3.47	1
3567811	7955.ENSDARP00000020770	3.42	1
3572614	7955.ENSDARP00000065355	3.41	7
3572398	7955.ENSDARP00000064030	3.37	2
3590315	7955.ENSDARP00000125399	3.33	2
3571271	7955.ENSDARP00000056852	3.32	28
3590163	7955.ENSDARP00000125089	3.29	28
3589280	7955.ENSDARP00000122502	3.29	28
3571785	7955.ENSDARP00000060115	3.27	1
3572202	7955.ENSDARP00000062819	3.27	2
3572783	7955.ENSDARP00000066500	3.27	1
3572127	7955.ENSDARP00000062413	3.24	1
3567455	7955.ENSDARP00000017029	3.21	7
3576091	7955.ENSDARP00000086821	3.19	1
3588860	7955.ENSDARP00000121484	3.17	28
3572263	7955.ENSDARP00000063130	3.17	1
3585896	7955.ENSDARP00000113777	3.16	2
3586361	7955.ENSDARP00000115010	3.16	3
3569985	7955.ENSDARP00000046575	3.16	1
3575036	7955.ENSDARP00000078549	3.15	2
3586894	7955.ENSDARP00000116372	3.14	28
3586384	7955.ENSDARP00000115072	3.14	28
3590550	7955.ENSDARP00000125930	3.13	2
3578192	7955.ENSDARP00000096586	3.1	1
3570718	7955.ENSDARP00000053319	3.08	2
3577189	7955.ENSDARP00000092224	3.01	7
3578149	7955.ENSDARP00000096439	2.96	1
3571439	7955.ENSDARP00000057912	2.92	7
3566161	7955.ENSDARP00000004561	2.91	1
3568778	7955.ENSDARP00000031658	2.86	5
3579714	7955.ENSDARP00000100979	2.81	3
3567670	7955.ENSDARP00000019229	2.79	1
3574593	7955.ENSDARP00000075994	2.77	7
3567025	7955.ENSDARP00000012722	2.76	2
3578193	7955.ENSDARP00000096587	2.73	1
3578015	7955.ENSDARP00000095806	2.71	2
3568559	7955.ENSDARP00000028148	2.71	2
3568295	7955.ENSDARP00000025493	2.66	1
3574919	7955.ENSDARP00000077752	2.62	1
3566020	7955.ENSDARP00000003276	2.62	1
3574668	7955.ENSDARP00000076305	2.59	1
3569660	7955.ENSDARP00000042866	2.55	3
3576293	7955.ENSDARP00000088095	2.53	1
3576113	7955.ENSDARP00000087011	2.53	1
3574051	7955.ENSDARP00000073298	2.51	2
3580125	7955.ENSDARP00000102054	2.48	1
3586179	7955.ENSDARP00000114513	2.47	2
3581674	7955.ENSDARP00000105601	2.45	1
3569538	7955.ENSDARP00000041532	2.45	1
3569764	7955.ENSDARP00000043931	2.45	1
3586428	7955.ENSDARP00000115172	2.44	1
3586146	7955.ENSDARP00000114435	2.42	1
3580957	7955.ENSDARP00000104209	2.4	2
3566325	7955.ENSDARP00000006095	2.39	1
3570656	7955.ENSDARP00000052914	2.34	1
3590485	7955.ENSDARP00000125774	2.33	3
3588562	7955.ENSDARP00000120695	2.3	1
3580937	7955.ENSDARP00000104163	2.28	1
3573382	7955.ENSDARP00000069676	2.27	7
3575262	7955.ENSDARP00000080352	2.26	2
3586155	7955.ENSDARP00000114456	2.25	7
3568868	7955.ENSDARP00000032935	2.25	3
3585746	7955.ENSDARP00000113362	2.21	1
3578445	7955.ENSDARP00000097696	2.2	1
3578643	7955.ENSDARP00000098188	2.2	1
3577923	7955.ENSDARP00000095384	2.19	1
3571178	7955.ENSDARP00000056279	2.18	2
3568441	7955.ENSDARP00000026915	2.17	3
3574331	7955.ENSDARP00000074706	2.16	7
3578191	7955.ENSDARP00000096581	2.16	3
3566113	7955.ENSDARP00000003991	2.13	1
3578016	7955.ENSDARP00000095811	2.12	2
3581900	7955.ENSDARP00000106006	2.04	1
3569787	7955.ENSDARP00000044183	2.03	1
3574623	7955.ENSDARP00000076115	2.01	3
3580136	7955.ENSDARP00000102083	2.0	1
3587275	7955.ENSDARP00000117394	1.93	1
3589286	7955.ENSDARP00000122524	1.9	1
3579451	7955.ENSDARP00000100290	1.87	2
3575868	7955.ENSDARP00000085122	1.85	2
3586274	7955.ENSDARP00000114785	1.85	1
3585425	7955.ENSDARP00000112516	1.76	1
3582675	7955.ENSDARP00000107466	1.76	1
3574431	7955.ENSDARP00000075216	1.73	2
3568511	7955.ENSDARP00000027635	1.71	1
3575100	7955.ENSDARP00000079150	1.69	3
3585221	7955.ENSDARP00000112135	1.65	1
3571701	7955.ENSDARP00000059488	1.64	1
3590869	7955.ENSDARP00000126762	1.63	1
3570891	7955.ENSDARP00000054436	1.63	3
3576097	7955.ENSDARP00000086858	1.62	1
3568970	7955.ENSDARP00000034228	1.59	1
3586640	7955.ENSDARP00000115698	1.53	2
3566586	7955.ENSDARP00000008601	1.53	1
3568055	7955.ENSDARP00000023215	1.53	1
3578179	7955.ENSDARP00000096542	1.47	1
3578010	7955.ENSDARP00000095774	1.44	1
3569697	7955.ENSDARP00000043235	1.44	1
3566894	7955.ENSDARP00000011549	1.36	1
3583250	7955.ENSDARP00000108536	1.36	14
3588692	7955.ENSDARP00000121065	1.34	1
3568810	7955.ENSDARP00000032142	1.32	1
3571270	7955.ENSDARP00000056848	1.31	14
3566944	7955.ENSDARP00000012040	1.27	1
3580598	7955.ENSDARP00000103313	1.26	1
3582822	7955.ENSDARP00000107725	1.25	3
3585634	7955.ENSDARP00000113061	1.24	1
3567621	7955.ENSDARP00000018699	1.22	1
3591616	7955.ENSDARP00000128469	1.22	3
3577926	7955.ENSDARP00000095389	1.17	1
3573024	7955.ENSDARP00000067816	1.17	1
3577184	7955.ENSDARP00000092183	1.13	2
3575892	7955.ENSDARP00000085284	0.988	2
3586021	7955.ENSDARP00000114104	0.939	2
3569842	7955.ENSDARP00000044936	0.89	2
3568241	7955.ENSDARP00000024947	0.866	1
3591447	7955.ENSDARP00000128120	0.786	3
3568107	7955.ENSDARP00000023704	0.781	1
3588410	7955.ENSDARP00000120299	0.761	2
3578753	7955.ENSDARP00000098468	0.745	2
3566601	7955.ENSDARP00000008736	0.681	2
3581544	7955.ENSDARP00000105369	0.668	2
3575580	7955.ENSDARP00000082917	0.648	1
3580371	7955.ENSDARP00000102693	0.648	1
3576351	7955.ENSDARP00000088345	0.648	1
3583954	7955.ENSDARP00000109842	0.618	2
3570400	7955.ENSDARP00000051233	0.586	1
3591360	7955.ENSDARP00000127934	0.577	3
3589117	7955.ENSDARP00000122116	0.571	1
3570401	7955.ENSDARP00000051235	0.568	1
3570364	7955.ENSDARP00000050915	0.559	1
3576404	7955.ENSDARP00000088564	0.535	1
3587953	7955.ENSDARP00000119101	0.521	2
3587414	7955.ENSDARP00000117775	0.519	1
3578733	7955.ENSDARP00000098422	0.502	1
3591814	7955.ENSDARP00000128879	0.496	3
3583699	7955.ENSDARP00000109373	0.474	1
3573590	7955.ENSDARP00000070818	0.461	3
3585717	7955.ENSDARP00000113290	0.456	2
3582624	7955.ENSDARP00000107363	0.452	2
3586205	7955.ENSDARP00000114580	0.378	2
3575065	7955.ENSDARP00000078796	0.362	2
3584167	7955.ENSDARP00000110252	0.264	3
3579166	7955.ENSDARP00000099532	0.231	3
3570051	7955.ENSDARP00000047207	0.218	2
3584912	7955.ENSDARP00000111618	0.145	2
