#id: 2898559072
#name: X.tropicalis - Whole organism, SC (Gpm,oct,2012)
#score: 3.6
#weight: 100%
#description: abundance based on Spectral counting, Interaction consistency score: 3.6, Coverage: 11
#organ: WHOLE_ORGANISM
#integrated: false
#coverage: 11
#link: http://www.thegpm.org/
#publication_year: 2012
#filename: 8364-GPM_2012_09_Xenopus_tropicalis.txt
#
#internal_id	string_external_id	abundance	raw_spectral_count
3806283	8364.ENSXETP00000057558	33336	1356
3793271	8364.ENSXETP00000003955	26754	1293
3802912	8364.ENSXETP00000044004	17148	73
3805767	8364.ENSXETP00000055696	14978	148
3802145	8364.ENSXETP00000040775	14587	75
3801186	8364.ENSXETP00000036714	14410	15
3804878	8364.ENSXETP00000052129	13848	418
3798238	8364.ENSXETP00000024764	11866	54
3799095	8364.ENSXETP00000028240	11546	955
3803461	8364.ENSXETP00000046309	11009	937
3797234	8364.ENSXETP00000020391	10626	872
3801826	8364.ENSXETP00000039360	10455	12
3799188	8364.ENSXETP00000028570	10159	443
3793689	8364.ENSXETP00000005845	10053	734
3805346	8364.ENSXETP00000054097	10047	16
3796387	8364.ENSXETP00000016869	9913	69
3800814	8364.ENSXETP00000035276	9817	44
3804549	8364.ENSXETP00000050676	9373	440
3800597	8364.ENSXETP00000034484	9263	31
3796390	8364.ENSXETP00000016876	8728	70
3798530	8364.ENSXETP00000026002	8316	127
3804179	8364.ENSXETP00000049267	8008	62
3803710	8364.ENSXETP00000047287	7950	363
3809459	8364.ENSXETP00000062370	7706	18
3799477	8364.ENSXETP00000029882	7602	25
3804758	8364.ENSXETP00000051603	7407	92
3804417	8364.ENSXETP00000050158	7242	59
3804335	8364.ENSXETP00000049818	7085	98
3804890	8364.ENSXETP00000052187	6795	364
3805784	8364.ENSXETP00000055787	6693	30
3803528	8364.ENSXETP00000046594	6622	40
3802246	8364.ENSXETP00000041184	6267	50
3801765	8364.ENSXETP00000039092	6253	326
3800242	8364.ENSXETP00000033057	5219	30
3794474	8364.ENSXETP00000008857	5075	283
3804651	8364.ENSXETP00000051170	5033	21
3796784	8364.ENSXETP00000018532	4998	23
3792491	8364.ENSXETP00000000703	4916	82
3797922	8364.ENSXETP00000023337	4772	21
3801182	8364.ENSXETP00000036704	4745	152
3793800	8364.ENSXETP00000006384	4721	21
3800872	8364.ENSXETP00000035522	4325	50
3806347	8364.ENSXETP00000057856	4271	19
3806357	8364.ENSXETP00000057890	4186	11
3792966	8364.ENSXETP00000002709	4028	18
3798776	8364.ENSXETP00000026952	4001	4
3804118	8364.ENSXETP00000049009	3926	24
3806384	8364.ENSXETP00000058030	3926	24
3798905	8364.ENSXETP00000027509	3926	24
3802268	8364.ENSXETP00000041250	3761	38
3805690	8364.ENSXETP00000055350	3682	12
3794588	8364.ENSXETP00000009365	3634	19
3792633	8364.ENSXETP00000001321	3543	48
3797288	8364.ENSXETP00000020709	3502	31
3793656	8364.ENSXETP00000005714	3290	279
3810109	8364.ENSXETP00000063239	3213	23
3808829	8364.ENSXETP00000061513	3213	23
3806359	8364.ENSXETP00000057894	3213	23
3810206	8364.ENSXETP00000063378	3213	23
3807301	8364.ENSXETP00000059443	3213	23
3805698	8364.ENSXETP00000055390	3207	8
3803407	8364.ENSXETP00000046114	3155	19
3804366	8364.ENSXETP00000049958	3149	16
3797087	8364.ENSXETP00000019794	3009	12
3798169	8364.ENSXETP00000024445	2996	234
3805148	8364.ENSXETP00000053425	2984	10
3802298	8364.ENSXETP00000041410	2849	50
3795176	8364.ENSXETP00000011893	2845	18
3793083	8364.ENSXETP00000003178	2839	45
3796222	8364.ENSXETP00000016241	2831	37
3805083	8364.ENSXETP00000053141	2823	7
3795525	8364.ENSXETP00000013333	2806	29
3798168	8364.ENSXETP00000024444	2801	210
3802929	8364.ENSXETP00000044083	2794	201
3806220	8364.ENSXETP00000057361	2786	59
3802860	8364.ENSXETP00000043811	2780	13
3802947	8364.ENSXETP00000044178	2725	194
3797055	8364.ENSXETP00000019655	2722	32
3798407	8364.ENSXETP00000025503	2699	121
3799634	8364.ENSXETP00000030452	2653	55
3795493	8364.ENSXETP00000013225	2621	24
3802508	8364.ENSXETP00000042318	2518	58
3805368	8364.ENSXETP00000054165	2479	37
3798170	8364.ENSXETP00000024446	2476	215
3802923	8364.ENSXETP00000044049	2393	122
3806100	8364.ENSXETP00000056948	2374	111
3807405	8364.ENSXETP00000059574	2369	22
3801821	8364.ENSXETP00000039340	2329	9
3801547	8364.ENSXETP00000038232	2328	20
3804245	8364.ENSXETP00000049522	2242	28
3803799	8364.ENSXETP00000047655	2224	20
3804449	8364.ENSXETP00000050273	2191	30
3794139	8364.ENSXETP00000007571	2180	29
3802350	8364.ENSXETP00000041713	2174	210
3792748	8364.ENSXETP00000001804	2165	20
3802583	8364.ENSXETP00000042623	2135	161
3794709	8364.ENSXETP00000009823	2113	149
3794378	8364.ENSXETP00000008550	2108	17
3794954	8364.ENSXETP00000010943	2104	15
3798033	8364.ENSXETP00000023816	2103	73
3802347	8364.ENSXETP00000041707	2097	210
3807523	8364.ENSXETP00000059725	2085	207
3800420	8364.ENSXETP00000033787	2063	10
3805407	8364.ENSXETP00000054267	2055	15
3797716	8364.ENSXETP00000022599	2042	68
3805152	8364.ENSXETP00000053443	2003	55
3797319	8364.ENSXETP00000020851	1990	5
3794099	8364.ENSXETP00000007433	1978	25
3794406	8364.ENSXETP00000008620	1945	30
3793078	8364.ENSXETP00000003155	1924	135
3803428	8364.ENSXETP00000046168	1921	70
3794835	8364.ENSXETP00000010320	1896	23
3800650	8364.ENSXETP00000034745	1891	15
3807218	8364.ENSXETP00000059335	1853	134
3793319	8364.ENSXETP00000004150	1850	14
3792927	8364.ENSXETP00000002561	1796	51
3805326	8364.ENSXETP00000054038	1777	16
3803644	8364.ENSXETP00000047045	1776	32
3798936	8364.ENSXETP00000027611	1776	14
3810624	8364.ENSXETP00000063929	1775	34
3796400	8364.ENSXETP00000016904	1773	15
3806218	8364.ENSXETP00000057345	1769	8
3801135	8364.ENSXETP00000036538	1723	66
3800636	8364.ENSXETP00000034688	1716	21
3797959	8364.ENSXETP00000023473	1715	17
3796528	8364.ENSXETP00000017485	1715	136
3801253	8364.ENSXETP00000036972	1711	18
3803058	8364.ENSXETP00000044682	1705	23
3804631	8364.ENSXETP00000051086	1697	10
3792926	8364.ENSXETP00000002557	1692	9
3806158	8364.ENSXETP00000057086	1685	58
3800412	8364.ENSXETP00000033762	1679	3
3802370	8364.ENSXETP00000041789	1662	157
3801837	8364.ENSXETP00000039402	1662	134
3793512	8364.ENSXETP00000005036	1634	35
3796980	8364.ENSXETP00000019397	1633	146
3792485	8364.ENSXETP00000000663	1611	16
3806036	8364.ENSXETP00000056755	1602	14
3805769	8364.ENSXETP00000055699	1552	10
3804145	8364.ENSXETP00000049102	1552	10
3797086	8364.ENSXETP00000019790	1549	5
3807282	8364.ENSXETP00000059423	1523	32
3795825	8364.ENSXETP00000014681	1520	133
3792478	8364.ENSXETP00000000625	1514	40
3804090	8364.ENSXETP00000048899	1508	49
3793990	8364.ENSXETP00000007046	1481	13
3804066	8364.ENSXETP00000048811	1457	128
3802946	8364.ENSXETP00000044175	1448	78
3806756	8364.ENSXETP00000058706	1442	52
3794703	8364.ENSXETP00000009809	1434	21
3802296	8364.ENSXETP00000041404	1380	113
3796149	8364.ENSXETP00000015994	1373	10
3798851	8364.ENSXETP00000027296	1372	33
3800555	8364.ENSXETP00000034284	1330	16
3803731	8364.ENSXETP00000047371	1324	40
3799659	8364.ENSXETP00000030571	1322	17
3795596	8364.ENSXETP00000013608	1319	21
3809094	8364.ENSXETP00000061861	1311	10
3802943	8364.ENSXETP00000044137	1307	106
3795303	8364.ENSXETP00000012475	1306	5
3793287	8364.ENSXETP00000004033	1301	50
3805129	8364.ENSXETP00000053335	1300	3
3794190	8364.ENSXETP00000007788	1295	54
3808042	8364.ENSXETP00000060435	1254	30
3792576	8364.ENSXETP00000001095	1252	109
3803499	8364.ENSXETP00000046488	1246	14
3798797	8364.ENSXETP00000027061	1246	12
3795743	8364.ENSXETP00000014297	1236	17
3800302	8364.ENSXETP00000033270	1197	12
3797492	8364.ENSXETP00000021590	1195	2
3796974	8364.ENSXETP00000019381	1177	48
3799646	8364.ENSXETP00000030484	1133	12
3793873	8364.ENSXETP00000006628	1104	21
3799889	8364.ENSXETP00000031600	1094	79
3800966	8364.ENSXETP00000035815	1090	61
3802390	8364.ENSXETP00000041915	1084	19
3810208	8364.ENSXETP00000063381	1081	36
3802482	8364.ENSXETP00000042223	1072	15
3797058	8364.ENSXETP00000019672	1071	14
3808104	8364.ENSXETP00000060523	1067	28
3797629	8364.ENSXETP00000022229	1055	16
3799455	8364.ENSXETP00000029796	1044	8
3798542	8364.ENSXETP00000026115	1035	11
3806518	8364.ENSXETP00000058394	1032	37
3806829	8364.ENSXETP00000058814	1023	16
3792512	8364.ENSXETP00000000770	1021	13
3793197	8364.ENSXETP00000003646	1004	79
3794228	8364.ENSXETP00000007942	999	28
3806162	8364.ENSXETP00000057092	999	3
3799354	8364.ENSXETP00000029355	995	23
3800254	8364.ENSXETP00000033121	988	5
3796065	8364.ENSXETP00000015711	978	12
3794198	8364.ENSXETP00000007811	977	56
3798791	8364.ENSXETP00000027029	969	16
3793494	8364.ENSXETP00000004947	969	30
3801330	8364.ENSXETP00000037338	969	59
3808174	8364.ENSXETP00000060613	945	9
3793798	8364.ENSXETP00000006374	939	64
3796484	8364.ENSXETP00000017332	938	2
3798026	8364.ENSXETP00000023795	934	4
3800585	8364.ENSXETP00000034423	919	14
3793386	8364.ENSXETP00000004447	909	21
3810407	8364.ENSXETP00000063635	906	27
3801400	8364.ENSXETP00000037641	904	7
3803500	8364.ENSXETP00000046490	903	23
3804343	8364.ENSXETP00000049856	892	11
3804139	8364.ENSXETP00000049065	885	7
3804889	8364.ENSXETP00000052186	884	91
3796656	8364.ENSXETP00000017963	873	7
3809109	8364.ENSXETP00000061887	870	50
3799070	8364.ENSXETP00000028124	869	5
3797919	8364.ENSXETP00000023330	869	6
3795296	8364.ENSXETP00000012433	867	25
3794331	8364.ENSXETP00000008340	849	3
3800208	8364.ENSXETP00000032932	843	9
3803065	8364.ENSXETP00000044704	829	11
3796024	8364.ENSXETP00000015552	829	2
3805178	8364.ENSXETP00000053534	826	11
3803983	8364.ENSXETP00000048424	819	6
3792736	8364.ENSXETP00000001760	794	33
3792814	8364.ENSXETP00000002132	794	23
3801738	8364.ENSXETP00000039001	789	12
3805793	8364.ENSXETP00000055814	786	11
3797674	8364.ENSXETP00000022442	781	9
3802348	8364.ENSXETP00000041709	780	110
3802120	8364.ENSXETP00000040653	780	8
3792868	8364.ENSXETP00000002329	766	2
3803191	8364.ENSXETP00000045251	763	5
3808280	8364.ENSXETP00000060759	761	12
3797041	8364.ENSXETP00000019590	756	2
3803738	8364.ENSXETP00000047407	752	2
3799063	8364.ENSXETP00000028106	745	7
3805670	8364.ENSXETP00000055308	741	7
3804736	8364.ENSXETP00000051508	738	5
3795074	8364.ENSXETP00000011480	735	13
3799655	8364.ENSXETP00000030555	730	14
3793443	8364.ENSXETP00000004740	727	16
3809004	8364.ENSXETP00000061739	725	6
3798197	8364.ENSXETP00000024569	709	14
3805192	8364.ENSXETP00000053585	705	1
3802945	8364.ENSXETP00000044171	699	72
3804006	8364.ENSXETP00000048534	691	2
3805530	8364.ENSXETP00000054726	681	22
3797940	8364.ENSXETP00000023400	679	2
3808971	8364.ENSXETP00000061695	671	37
3799169	8364.ENSXETP00000028522	665	6
3795838	8364.ENSXETP00000014702	664	62
3807657	8364.ENSXETP00000059911	663	53
3797550	8364.ENSXETP00000021824	663	13
3809395	8364.ENSXETP00000062282	662	41
3809165	8364.ENSXETP00000061972	662	10
3805289	8364.ENSXETP00000053919	662	6
3797949	8364.ENSXETP00000023439	658	25
3802417	8364.ENSXETP00000042005	646	19
3792575	8364.ENSXETP00000001094	645	65
3794570	8364.ENSXETP00000009292	643	52
3795021	8364.ENSXETP00000011263	642	7
3798765	8364.ENSXETP00000026893	642	7
3796558	8364.ENSXETP00000017597	640	10
3795281	8364.ENSXETP00000012361	639	14
3806475	8364.ENSXETP00000058337	637	14
3793691	8364.ENSXETP00000005871	633	15
3794830	8364.ENSXETP00000010309	625	4
3794208	8364.ENSXETP00000007844	623	9
3796178	8364.ENSXETP00000016106	623	11
3804964	8364.ENSXETP00000052598	621	10
3802025	8364.ENSXETP00000040254	603	17
3793357	8364.ENSXETP00000004318	602	6
3794063	8364.ENSXETP00000007322	601	6
3804188	8364.ENSXETP00000049321	594	6
3803217	8364.ENSXETP00000045388	591	6
3803881	8364.ENSXETP00000047980	590	5
3795930	8364.ENSXETP00000015108	589	10
3795933	8364.ENSXETP00000015114	587	36
3796179	8364.ENSXETP00000016108	585	1
3804646	8364.ENSXETP00000051152	584	1
3805508	8364.ENSXETP00000054634	581	1
3805206	8364.ENSXETP00000053643	579	64
3797750	8364.ENSXETP00000022726	570	5
3800758	8364.ENSXETP00000035093	564	9
3795850	8364.ENSXETP00000014727	563	2
3802865	8364.ENSXETP00000043834	558	20
3798849	8364.ENSXETP00000027288	557	13
3794523	8364.ENSXETP00000009094	556	3
3795283	8364.ENSXETP00000012371	555	6
3794084	8364.ENSXETP00000007369	551	21
3802320	8364.ENSXETP00000041556	550	4
3804310	8364.ENSXETP00000049753	549	5
3796780	8364.ENSXETP00000018496	545	35
3798477	8364.ENSXETP00000025763	545	12
3797986	8364.ENSXETP00000023651	545	1
3799376	8364.ENSXETP00000029443	535	9
3798305	8364.ENSXETP00000025104	534	12
3806534	8364.ENSXETP00000058413	532	7
3802838	8364.ENSXETP00000043707	529	19
3803290	8364.ENSXETP00000045635	526	3
3802780	8364.ENSXETP00000043428	525	17
3806094	8364.ENSXETP00000056935	523	89
3808481	8364.ENSXETP00000061040	523	89
3809464	8364.ENSXETP00000062375	523	89
3809477	8364.ENSXETP00000062392	523	89
3808815	8364.ENSXETP00000061494	523	89
3808455	8364.ENSXETP00000061001	523	89
3808459	8364.ENSXETP00000061007	523	89
3805875	8364.ENSXETP00000056117	523	89
3809812	8364.ENSXETP00000062836	523	89
3805654	8364.ENSXETP00000055237	523	89
3806795	8364.ENSXETP00000058765	523	89
3805993	8364.ENSXETP00000056587	523	89
3805991	8364.ENSXETP00000056585	523	89
3810223	8364.ENSXETP00000063397	523	89
3810507	8364.ENSXETP00000063763	523	89
3808283	8364.ENSXETP00000060763	523	89
3807936	8364.ENSXETP00000060304	523	89
3806862	8364.ENSXETP00000058860	523	89
3809318	8364.ENSXETP00000062175	523	89
3805586	8364.ENSXETP00000054958	523	89
3805376	8364.ENSXETP00000054185	523	89
3805373	8364.ENSXETP00000054182	523	89
3809005	8364.ENSXETP00000061740	523	89
3806920	8364.ENSXETP00000058936	523	89
3805495	8364.ENSXETP00000054589	523	89
3809336	8364.ENSXETP00000062199	523	89
3802979	8364.ENSXETP00000044316	523	89
3805600	8364.ENSXETP00000055001	523	89
3806060	8364.ENSXETP00000056849	523	89
3806065	8364.ENSXETP00000056865	523	89
3806066	8364.ENSXETP00000056866	523	89
3808714	8364.ENSXETP00000061355	523	89
3809354	8364.ENSXETP00000062225	523	89
3809352	8364.ENSXETP00000062223	523	89
3806995	8364.ENSXETP00000059040	523	89
3807386	8364.ENSXETP00000059551	523	89
3806226	8364.ENSXETP00000057375	523	89
3809108	8364.ENSXETP00000061885	523	89
3806072	8364.ENSXETP00000056877	523	89
3805735	8364.ENSXETP00000055544	523	89
3806070	8364.ENSXETP00000056873	523	89
3806068	8364.ENSXETP00000056870	523	89
3792644	8364.ENSXETP00000001377	523	89
3806077	8364.ENSXETP00000056888	523	89
3806074	8364.ENSXETP00000056881	523	89
3806080	8364.ENSXETP00000056892	523	89
3808414	8364.ENSXETP00000060942	523	89
3807682	8364.ENSXETP00000059940	523	89
3799776	8364.ENSXETP00000031141	521	6
3796532	8364.ENSXETP00000017509	520	2
3799237	8364.ENSXETP00000028820	509	22
3792965	8364.ENSXETP00000002708	509	3
3810601	8364.ENSXETP00000063897	504	2
3796569	8364.ENSXETP00000017653	502	2
3798903	8364.ENSXETP00000027494	501	3
3795961	8364.ENSXETP00000015279	501	11
3805411	8364.ENSXETP00000054277	501	7
3810033	8364.ENSXETP00000063138	500	10
3801001	8364.ENSXETP00000035945	500	16
3799597	8364.ENSXETP00000030366	500	3
3799663	8364.ENSXETP00000030593	492	4
3805595	8364.ENSXETP00000054984	490	8
3803704	8364.ENSXETP00000047270	485	4
3804832	8364.ENSXETP00000051948	481	75
3794665	8364.ENSXETP00000009683	480	2
3798672	8364.ENSXETP00000026572	480	4
3807389	8364.ENSXETP00000059557	479	12
3803550	8364.ENSXETP00000046674	477	3
3805869	8364.ENSXETP00000056101	475	1
3809412	8364.ENSXETP00000062307	475	11
3803587	8364.ENSXETP00000046810	473	2
3802435	8364.ENSXETP00000042092	473	3
3797522	8364.ENSXETP00000021720	469	6
3806160	8364.ENSXETP00000057088	467	2
3795209	8364.ENSXETP00000012027	467	5
3801548	8364.ENSXETP00000038234	465	15
3793354	8364.ENSXETP00000004311	464	2
3798561	8364.ENSXETP00000026198	461	5
3810328	8364.ENSXETP00000063539	461	11
3808507	8364.ENSXETP00000061074	460	8
3804511	8364.ENSXETP00000050533	459	7
3798669	8364.ENSXETP00000026564	458	6
3800194	8364.ENSXETP00000032887	454	8
3796537	8364.ENSXETP00000017526	452	4
3798954	8364.ENSXETP00000027708	452	11
3792585	8364.ENSXETP00000001134	451	5
3809087	8364.ENSXETP00000061853	446	42
3803807	8364.ENSXETP00000047679	445	11
3792718	8364.ENSXETP00000001657	444	6
3805185	8364.ENSXETP00000053564	441	2
3802888	8364.ENSXETP00000043902	439	3
3792951	8364.ENSXETP00000002677	438	12
3805754	8364.ENSXETP00000055629	436	7
3796867	8364.ENSXETP00000018862	432	6
3795328	8364.ENSXETP00000012562	431	5
3804288	8364.ENSXETP00000049682	425	3
3802406	8364.ENSXETP00000041978	422	2
3802361	8364.ENSXETP00000041746	420	16
3797270	8364.ENSXETP00000020621	419	35
3802748	8364.ENSXETP00000043274	415	6
3795130	8364.ENSXETP00000011733	415	18
3804214	8364.ENSXETP00000049381	414	9
3794342	8364.ENSXETP00000008399	412	2
3804110	8364.ENSXETP00000048972	411	6
3799966	8364.ENSXETP00000031957	410	8
3799709	8364.ENSXETP00000030837	409	6
3808423	8364.ENSXETP00000060958	407	6
3802574	8364.ENSXETP00000042597	406	4
3792634	8364.ENSXETP00000001331	405	8
3803427	8364.ENSXETP00000046167	405	42
3793235	8364.ENSXETP00000003783	403	3
3805506	8364.ENSXETP00000054631	402	3
3797696	8364.ENSXETP00000022524	399	13
3805072	8364.ENSXETP00000053109	398	6
3799375	8364.ENSXETP00000029442	395	3
3802330	8364.ENSXETP00000041583	392	15
3806148	8364.ENSXETP00000057070	391	3
3796800	8364.ENSXETP00000018588	391	4
3803425	8364.ENSXETP00000046156	391	42
3802864	8364.ENSXETP00000043831	389	12
3796578	8364.ENSXETP00000017670	388	3
3793828	8364.ENSXETP00000006483	386	8
3800513	8364.ENSXETP00000034167	384	9
3803502	8364.ENSXETP00000046505	383	19
3810602	8364.ENSXETP00000063898	382	68
3809280	8364.ENSXETP00000062129	382	9
3804831	8364.ENSXETP00000051947	381	1
3800045	8364.ENSXETP00000032302	374	5
3793154	8364.ENSXETP00000003511	373	6
3799450	8364.ENSXETP00000029789	372	4
3796475	8364.ENSXETP00000017277	371	10
3803386	8364.ENSXETP00000046022	370	6
3800353	8364.ENSXETP00000033545	370	2
3802883	8364.ENSXETP00000043882	367	8
3794577	8364.ENSXETP00000009340	362	2
3792382	8364.ENSXETP00000000137	362	2
3793282	8364.ENSXETP00000004005	360	7
3793155	8364.ENSXETP00000003513	360	6
3804097	8364.ENSXETP00000048928	359	12
3801701	8364.ENSXETP00000038879	359	31
3794641	8364.ENSXETP00000009603	358	2
3800474	8364.ENSXETP00000034009	356	4
3803107	8364.ENSXETP00000044864	354	15
3807952	8364.ENSXETP00000060327	351	6
3793348	8364.ENSXETP00000004295	350	12
3797275	8364.ENSXETP00000020655	349	1
3797191	8364.ENSXETP00000020190	347	1
3803831	8364.ENSXETP00000047766	347	1
3800906	8364.ENSXETP00000035650	345	4
3804443	8364.ENSXETP00000050251	345	1
3794068	8364.ENSXETP00000007330	345	15
3804654	8364.ENSXETP00000051185	345	2
3805295	8364.ENSXETP00000053955	344	1
3801050	8364.ENSXETP00000036136	341	1
3803240	8364.ENSXETP00000045480	340	2
3807448	8364.ENSXETP00000059627	336	2
3805630	8364.ENSXETP00000055099	334	3
3801733	8364.ENSXETP00000038990	332	1
3793725	8364.ENSXETP00000006024	332	4
3804682	8364.ENSXETP00000051292	330	20
3800406	8364.ENSXETP00000033753	329	6
3796228	8364.ENSXETP00000016267	328	10
3796785	8364.ENSXETP00000018536	326	3
3799381	8364.ENSXETP00000029458	326	4
3800765	8364.ENSXETP00000035110	325	2
3796957	8364.ENSXETP00000019319	325	2
3793340	8364.ENSXETP00000004257	324	13
3809065	8364.ENSXETP00000061822	324	12
3796251	8364.ENSXETP00000016354	324	5
3797005	8364.ENSXETP00000019489	323	2
3799669	8364.ENSXETP00000030622	320	4
3796103	8364.ENSXETP00000015829	319	8
3800036	8364.ENSXETP00000032275	319	14
3804114	8364.ENSXETP00000048982	318	5
3799240	8364.ENSXETP00000028837	317	2
3803880	8364.ENSXETP00000047969	316	5
3801684	8364.ENSXETP00000038814	316	2
3802877	8364.ENSXETP00000043872	316	7
3800148	8364.ENSXETP00000032690	315	10
3794884	8364.ENSXETP00000010537	313	8
3802234	8364.ENSXETP00000041129	312	20
3797477	8364.ENSXETP00000021536	311	1
3801218	8364.ENSXETP00000036862	310	3
3799754	8364.ENSXETP00000031022	309	14
3794677	8364.ENSXETP00000009702	308	2
3799621	8364.ENSXETP00000030413	307	3
3793220	8364.ENSXETP00000003725	306	22
3794638	8364.ENSXETP00000009564	305	30
3793127	8364.ENSXETP00000003409	305	17
3808134	8364.ENSXETP00000060562	304	4
3794690	8364.ENSXETP00000009741	304	29
3803850	8364.ENSXETP00000047839	303	20
3794244	8364.ENSXETP00000008004	301	1
3800912	8364.ENSXETP00000035667	301	3
3808253	8364.ENSXETP00000060727	299	55
3803618	8364.ENSXETP00000046954	299	6
3792967	8364.ENSXETP00000002710	298	6
3810013	8364.ENSXETP00000063116	297	7
3805003	8364.ENSXETP00000052866	296	4
3800759	8364.ENSXETP00000035098	296	2
3807032	8364.ENSXETP00000059096	295	2
3795653	8364.ENSXETP00000013808	295	69
3797349	8364.ENSXETP00000020990	294	6
3802653	8364.ENSXETP00000042950	293	8
3792356	8364.ENSXETP00000000063	293	28
3797760	8364.ENSXETP00000022754	293	6
3805953	8364.ENSXETP00000056396	292	67
3792796	8364.ENSXETP00000002044	292	1
3804584	8364.ENSXETP00000050838	291	6
3794193	8364.ENSXETP00000007797	291	6
3803277	8364.ENSXETP00000045581	288	2
3799721	8364.ENSXETP00000030894	286	2
3800308	8364.ENSXETP00000033291	286	3
3801407	8364.ENSXETP00000037684	285	8
3798155	8364.ENSXETP00000024410	284	1
3792738	8364.ENSXETP00000001771	283	2
3803469	8364.ENSXETP00000046351	282	2
3795396	8364.ENSXETP00000012807	282	2
3801906	8364.ENSXETP00000039680	281	2
3793994	8364.ENSXETP00000007052	280	6
3800310	8364.ENSXETP00000033306	278	3
3803412	8364.ENSXETP00000046120	278	1
3801565	8364.ENSXETP00000038318	278	2
3796066	8364.ENSXETP00000015712	278	7
3793223	8364.ENSXETP00000003748	277	1
3799615	8364.ENSXETP00000030402	276	2
3797099	8364.ENSXETP00000019833	273	2
3804655	8364.ENSXETP00000051191	273	1
3793269	8364.ENSXETP00000003951	271	4
3792955	8364.ENSXETP00000002684	270	22
3809993	8364.ENSXETP00000063084	270	1
3808272	8364.ENSXETP00000060751	269	2
3804159	8364.ENSXETP00000049176	267	7
3799432	8364.ENSXETP00000029691	266	2
3793279	8364.ENSXETP00000003988	266	12
3796495	8364.ENSXETP00000017362	266	4
3798712	8364.ENSXETP00000026713	265	2
3806089	8364.ENSXETP00000056922	265	3
3794800	8364.ENSXETP00000010226	264	16
3806381	8364.ENSXETP00000058021	263	2
3799974	8364.ENSXETP00000031995	262	3
3793216	8364.ENSXETP00000003710	261	11
3809053	8364.ENSXETP00000061804	260	8
3805721	8364.ENSXETP00000055480	260	1
3804303	8364.ENSXETP00000049736	260	2
3794108	8364.ENSXETP00000007471	259	3
3802244	8364.ENSXETP00000041174	258	5
3804730	8364.ENSXETP00000051490	258	8
3803537	8364.ENSXETP00000046616	258	7
3808370	8364.ENSXETP00000060882	258	4
3795319	8364.ENSXETP00000012517	256	16
3801978	8364.ENSXETP00000040003	256	3
3797455	8364.ENSXETP00000021409	256	4
3804583	8364.ENSXETP00000050835	255	1
3804011	8364.ENSXETP00000048552	255	4
3799879	8364.ENSXETP00000031565	254	2
3798000	8364.ENSXETP00000023697	251	7
3796786	8364.ENSXETP00000018542	251	13
3805988	8364.ENSXETP00000056574	251	4
3795005	8364.ENSXETP00000011138	250	1
3793338	8364.ENSXETP00000004250	250	5
3802343	8364.ENSXETP00000041697	250	1
3803517	8364.ENSXETP00000046546	250	10
3799243	8364.ENSXETP00000028850	250	1
3797735	8364.ENSXETP00000022693	249	4
3797380	8364.ENSXETP00000021128	248	1
3806809	8364.ENSXETP00000058787	248	4
3807146	8364.ENSXETP00000059241	247	2
3808031	8364.ENSXETP00000060420	246	7
3799638	8364.ENSXETP00000030461	245	2
3798446	8364.ENSXETP00000025646	244	4
3808410	8364.ENSXETP00000060936	244	2
3801006	8364.ENSXETP00000035953	243	19
3799644	8364.ENSXETP00000030482	243	21
3801781	8364.ENSXETP00000039176	240	1
3796045	8364.ENSXETP00000015637	240	3
3803272	8364.ENSXETP00000045567	239	2
3793834	8364.ENSXETP00000006504	237	2
3800782	8364.ENSXETP00000035192	237	28
3803507	8364.ENSXETP00000046514	237	14
3810500	8364.ENSXETP00000063755	236	4
3807555	8364.ENSXETP00000059769	236	3
3808173	8364.ENSXETP00000060612	236	6
3794138	8364.ENSXETP00000007570	236	4
3796815	8364.ENSXETP00000018649	235	11
3806086	8364.ENSXETP00000056914	235	7
3806307	8364.ENSXETP00000057669	234	1
3805566	8364.ENSXETP00000054899	234	4
3810098	8364.ENSXETP00000063225	234	3
3797621	8364.ENSXETP00000022191	234	2
3809577	8364.ENSXETP00000062520	234	3
3798299	8364.ENSXETP00000025071	234	9
3804741	8364.ENSXETP00000051525	233	1
3799627	8364.ENSXETP00000030434	231	7
3799788	8364.ENSXETP00000031193	231	7
3798160	8364.ENSXETP00000024422	231	7
3800411	8364.ENSXETP00000033761	231	5
3800276	8364.ENSXETP00000033197	230	3
3799715	8364.ENSXETP00000030867	230	1
3798876	8364.ENSXETP00000027383	230	1
3792409	8364.ENSXETP00000000259	228	1
3794525	8364.ENSXETP00000009099	227	5
3801267	8364.ENSXETP00000037051	227	7
3805565	8364.ENSXETP00000054879	226	1
3792703	8364.ENSXETP00000001617	222	1
3801394	8364.ENSXETP00000037625	221	1
3809387	8364.ENSXETP00000062270	219	4
3805624	8364.ENSXETP00000055087	219	1
3794842	8364.ENSXETP00000010351	218	5
3794349	8364.ENSXETP00000008444	218	1
3793104	8364.ENSXETP00000003298	218	12
3804706	8364.ENSXETP00000051396	217	14
3804244	8364.ENSXETP00000049520	217	2
3802476	8364.ENSXETP00000042209	217	3
3792390	8364.ENSXETP00000000155	217	2
3798289	8364.ENSXETP00000025036	216	2
3794777	8364.ENSXETP00000010172	216	2
3796804	8364.ENSXETP00000018601	216	3
3800293	8364.ENSXETP00000033243	216	8
3805057	8364.ENSXETP00000053076	215	1
3805137	8364.ENSXETP00000053350	215	1
3799752	8364.ENSXETP00000031010	215	2
3793566	8364.ENSXETP00000005317	214	2
3793814	8364.ENSXETP00000006431	213	7
3796460	8364.ENSXETP00000017167	213	2
3793060	8364.ENSXETP00000003084	211	1
3799708	8364.ENSXETP00000030835	211	4
3801248	8364.ENSXETP00000036957	211	4
3809759	8364.ENSXETP00000062762	211	25
3796165	8364.ENSXETP00000016050	210	6
3809538	8364.ENSXETP00000062474	210	11
3799511	8364.ENSXETP00000029996	210	1
3797387	8364.ENSXETP00000021160	209	2
3797358	8364.ENSXETP00000021039	209	7
3807018	8364.ENSXETP00000059076	209	3
3792436	8364.ENSXETP00000000438	208	12
3796711	8364.ENSXETP00000018153	207	1
3802843	8364.ENSXETP00000043741	207	3
3806421	8364.ENSXETP00000058181	207	3
3794465	8364.ENSXETP00000008821	206	2
3800984	8364.ENSXETP00000035864	206	11
3804860	8364.ENSXETP00000052078	206	10
3798056	8364.ENSXETP00000023927	205	14
3806607	8364.ENSXETP00000058506	205	2
3792538	8364.ENSXETP00000000935	205	24
3792396	8364.ENSXETP00000000210	204	2
3794416	8364.ENSXETP00000008670	204	6
3794673	8364.ENSXETP00000009697	204	8
3792602	8364.ENSXETP00000001205	203	6
3802665	8364.ENSXETP00000042981	203	6
3793366	8364.ENSXETP00000004354	202	4
3809106	8364.ENSXETP00000061881	201	4
3796770	8364.ENSXETP00000018449	201	5
3795090	8364.ENSXETP00000011550	201	2
3797067	8364.ENSXETP00000019707	201	4
3801607	8364.ENSXETP00000038508	200	9
3804724	8364.ENSXETP00000051467	198	2
3801760	8364.ENSXETP00000039083	198	2
3800305	8364.ENSXETP00000033285	198	11
3799316	8364.ENSXETP00000029181	198	2
3801172	8364.ENSXETP00000036668	198	1
3808441	8364.ENSXETP00000060983	197	2
3804299	8364.ENSXETP00000049718	197	5
3799318	8364.ENSXETP00000029190	196	1
3802899	8364.ENSXETP00000043952	196	11
3800511	8364.ENSXETP00000034164	196	5
3794589	8364.ENSXETP00000009372	196	8
3794509	8364.ENSXETP00000009054	196	3
3808526	8364.ENSXETP00000061097	194	7
3800019	8364.ENSXETP00000032202	194	4
3804416	8364.ENSXETP00000050156	194	1
3802364	8364.ENSXETP00000041769	192	7
3801396	8364.ENSXETP00000037630	191	7
3794330	8364.ENSXETP00000008339	191	2
3794359	8364.ENSXETP00000008489	190	1
3800854	8364.ENSXETP00000035458	189	2
3805225	8364.ENSXETP00000053730	189	5
3797952	8364.ENSXETP00000023451	189	10
3804754	8364.ENSXETP00000051592	188	2
3801089	8364.ENSXETP00000036328	188	4
3805254	8364.ENSXETP00000053817	187	4
3809760	8364.ENSXETP00000062763	187	2
3797134	8364.ENSXETP00000019971	187	5
3798998	8364.ENSXETP00000027853	185	2
3808369	8364.ENSXETP00000060880	185	1
3804103	8364.ENSXETP00000048949	185	5
3795239	8364.ENSXETP00000012128	185	2
3798705	8364.ENSXETP00000026693	185	1
3797710	8364.ENSXETP00000022578	184	6
3801790	8364.ENSXETP00000039218	184	4
3798334	8364.ENSXETP00000025224	184	2
3796248	8364.ENSXETP00000016345	184	5
3802037	8364.ENSXETP00000040309	184	1
3800427	8364.ENSXETP00000033811	184	2
3793248	8364.ENSXETP00000003847	183	8
3802951	8364.ENSXETP00000044193	182	1
3803343	8364.ENSXETP00000045848	182	7
3803465	8364.ENSXETP00000046332	181	1
3793444	8364.ENSXETP00000004750	181	2
3802346	8364.ENSXETP00000041705	180	2
3806106	8364.ENSXETP00000056963	180	1
3807860	8364.ENSXETP00000060189	180	13
3809458	8364.ENSXETP00000062369	180	13
3807410	8364.ENSXETP00000059581	180	13
3809407	8364.ENSXETP00000062302	180	13
3807810	8364.ENSXETP00000060121	180	13
3805877	8364.ENSXETP00000056119	180	13
3805995	8364.ENSXETP00000056590	180	13
3800237	8364.ENSXETP00000033034	180	13
3808821	8364.ENSXETP00000061503	180	13
3806489	8364.ENSXETP00000058355	180	13
3807869	8364.ENSXETP00000060201	180	13
3805989	8364.ENSXETP00000056583	180	13
3809546	8364.ENSXETP00000062482	180	13
3806559	8364.ENSXETP00000058446	180	13
3806563	8364.ENSXETP00000058451	180	13
3809569	8364.ENSXETP00000062511	180	13
3798034	8364.ENSXETP00000023819	180	13
3807994	8364.ENSXETP00000060375	180	13
3808009	8364.ENSXETP00000060392	180	13
3805374	8364.ENSXETP00000054183	180	13
3799541	8364.ENSXETP00000030169	180	13
3810620	8364.ENSXETP00000063924	180	13
3807611	8364.ENSXETP00000059849	180	13
3809389	8364.ENSXETP00000062273	180	13
3808713	8364.ENSXETP00000061354	180	13
3810313	8364.ENSXETP00000063522	180	13
3809347	8364.ENSXETP00000062216	180	13
3796714	8364.ENSXETP00000018170	180	13
3805962	8364.ENSXETP00000056417	180	1
3800026	8364.ENSXETP00000032251	180	1
3805139	8364.ENSXETP00000053354	180	1
3795432	8364.ENSXETP00000013024	179	3
3803082	8364.ENSXETP00000044753	179	7
3792451	8364.ENSXETP00000000515	179	6
3795053	8364.ENSXETP00000011409	179	2
3800096	8364.ENSXETP00000032493	179	1
3798847	8364.ENSXETP00000027264	178	2
3801711	8364.ENSXETP00000038916	178	8
3801802	8364.ENSXETP00000039266	178	3
3794111	8364.ENSXETP00000007485	177	2
3793397	8364.ENSXETP00000004506	176	2
3803955	8364.ENSXETP00000048333	176	3
3796006	8364.ENSXETP00000015452	176	3
3803352	8364.ENSXETP00000045885	175	2
3797841	8364.ENSXETP00000023019	174	6
3797743	8364.ENSXETP00000022708	173	2
3792939	8364.ENSXETP00000002601	173	1
3797622	8364.ENSXETP00000022193	173	2
3800869	8364.ENSXETP00000035510	172	32
3796127	8364.ENSXETP00000015943	172	11
3809498	8364.ENSXETP00000062421	171	6
3799587	8364.ENSXETP00000030307	171	2
3799333	8364.ENSXETP00000029260	170	8
3805873	8364.ENSXETP00000056113	170	13
3793902	8364.ENSXETP00000006714	170	8
3796683	8364.ENSXETP00000018051	169	2
3801703	8364.ENSXETP00000038881	169	17
3794311	8364.ENSXETP00000008239	169	1
3797346	8364.ENSXETP00000020968	168	1
3803763	8364.ENSXETP00000047517	168	2
3803923	8364.ENSXETP00000048189	167	12
3805777	8364.ENSXETP00000055749	167	1
3795352	8364.ENSXETP00000012667	167	3
3796371	8364.ENSXETP00000016776	167	1
3799902	8364.ENSXETP00000031650	167	3
3804854	8364.ENSXETP00000052038	166	1
3807890	8364.ENSXETP00000060236	166	1
3801177	8364.ENSXETP00000036680	166	3
3807347	8364.ENSXETP00000059505	165	2
3792425	8364.ENSXETP00000000333	165	2
3793052	8364.ENSXETP00000003059	164	2
3798666	8364.ENSXETP00000026555	163	2
3795791	8364.ENSXETP00000014562	163	5
3792539	8364.ENSXETP00000000937	162	22
3798284	8364.ENSXETP00000025009	161	5
3798370	8364.ENSXETP00000025349	160	3
3800974	8364.ENSXETP00000035834	160	13
3803433	8364.ENSXETP00000046182	160	1
3800435	8364.ENSXETP00000033837	160	6
3803861	8364.ENSXETP00000047866	160	2
3806698	8364.ENSXETP00000058629	159	2
3801353	8364.ENSXETP00000037455	159	2
3800789	8364.ENSXETP00000035212	158	3
3798183	8364.ENSXETP00000024520	158	5
3794815	8364.ENSXETP00000010269	158	1
3806378	8364.ENSXETP00000058018	158	1
3793936	8364.ENSXETP00000006853	157	3
3795569	8364.ENSXETP00000013520	157	2
3797751	8364.ENSXETP00000022727	157	2
3808148	8364.ENSXETP00000060580	157	2
3797354	8364.ENSXETP00000021012	156	1
3801745	8364.ENSXETP00000039033	156	1
3793079	8364.ENSXETP00000003157	156	1
3793879	8364.ENSXETP00000006643	155	1
3792920	8364.ENSXETP00000002538	155	2
3804238	8364.ENSXETP00000049493	154	1
3806856	8364.ENSXETP00000058853	154	6
3792481	8364.ENSXETP00000000645	154	1
3808661	8364.ENSXETP00000061282	153	13
3802980	8364.ENSXETP00000044321	153	13
3798142	8364.ENSXETP00000024361	152	1
3792919	8364.ENSXETP00000002534	150	2
3793384	8364.ENSXETP00000004439	150	3
3795215	8364.ENSXETP00000012041	150	1
3803438	8364.ENSXETP00000046194	150	1
3807239	8364.ENSXETP00000059366	150	2
3792455	8364.ENSXETP00000000523	150	2
3802217	8364.ENSXETP00000041056	150	5
3807629	8364.ENSXETP00000059874	149	4
3793877	8364.ENSXETP00000006638	149	5
3798667	8364.ENSXETP00000026562	149	2
3796879	8364.ENSXETP00000018918	148	2
3796846	8364.ENSXETP00000018753	147	1
3793110	8364.ENSXETP00000003338	147	4
3808517	8364.ENSXETP00000061086	146	2
3799799	8364.ENSXETP00000031240	146	14
3797253	8364.ENSXETP00000020526	145	1
3796825	8364.ENSXETP00000018674	145	3
3801171	8364.ENSXETP00000036667	145	1
3797344	8364.ENSXETP00000020964	145	1
3794037	8364.ENSXETP00000007211	145	8
3803597	8364.ENSXETP00000046845	145	1
3804405	8364.ENSXETP00000050115	145	1
3809675	8364.ENSXETP00000062653	144	6
3800316	8364.ENSXETP00000033342	144	3
3802260	8364.ENSXETP00000041238	144	1
3803411	8364.ENSXETP00000046119	144	1
3799211	8364.ENSXETP00000028675	144	1
3799442	8364.ENSXETP00000029739	144	1
3797184	8364.ENSXETP00000020169	143	1
3800738	8364.ENSXETP00000035013	143	1
3794568	8364.ENSXETP00000009285	143	6
3806341	8364.ENSXETP00000057830	143	1
3804828	8364.ENSXETP00000051932	143	2
3801669	8364.ENSXETP00000038743	142	2
3803966	8364.ENSXETP00000048368	142	1
3804795	8364.ENSXETP00000051782	142	1
3802952	8364.ENSXETP00000044196	141	1
3795022	8364.ENSXETP00000011267	141	12
3801515	8364.ENSXETP00000038100	141	3
3799099	8364.ENSXETP00000028257	141	1
3798193	8364.ENSXETP00000024554	140	2
3793799	8364.ENSXETP00000006377	140	19
3795616	8364.ENSXETP00000013680	140	20
3810153	8364.ENSXETP00000063300	140	23
3794639	8364.ENSXETP00000009595	139	12
3805239	8364.ENSXETP00000053773	139	18
3803271	8364.ENSXETP00000045563	139	1
3805741	8364.ENSXETP00000055587	139	6
3808502	8364.ENSXETP00000061068	139	2
3804318	8364.ENSXETP00000049768	138	2
3799523	8364.ENSXETP00000030072	138	2
3800346	8364.ENSXETP00000033490	138	20
3795702	8364.ENSXETP00000014034	138	1
3793047	8364.ENSXETP00000003047	137	2
3810679	8364.ENSXETP00000064007	136	2
3802489	8364.ENSXETP00000042238	136	3
3799269	8364.ENSXETP00000028942	136	3
3796935	8364.ENSXETP00000019155	136	3
3796470	8364.ENSXETP00000017239	136	10
3800492	8364.ENSXETP00000034069	136	2
3801102	8364.ENSXETP00000036374	136	5
3806362	8364.ENSXETP00000057912	135	3
3794716	8364.ENSXETP00000009864	135	4
3806437	8364.ENSXETP00000058264	135	2
3796031	8364.ENSXETP00000015581	135	1
3802107	8364.ENSXETP00000040594	135	2
3794142	8364.ENSXETP00000007586	135	2
3799748	8364.ENSXETP00000031000	134	3
3809877	8364.ENSXETP00000062930	134	3
3793973	8364.ENSXETP00000006987	134	3
3794531	8364.ENSXETP00000009115	134	7
3801552	8364.ENSXETP00000038243	133	1
3810698	8364.ENSXETP00000064033	133	3
3803136	8364.ENSXETP00000044985	133	1
3799998	8364.ENSXETP00000032120	133	1
3806583	8364.ENSXETP00000058476	133	1
3803834	8364.ENSXETP00000047773	133	1
3803038	8364.ENSXETP00000044560	132	1
3802032	8364.ENSXETP00000040279	132	2
3794398	8364.ENSXETP00000008598	132	1
3810137	8364.ENSXETP00000063276	131	6
3807230	8364.ENSXETP00000059354	131	1
3800570	8364.ENSXETP00000034353	131	1
3798286	8364.ENSXETP00000025018	131	4
3795117	8364.ENSXETP00000011690	131	5
3808102	8364.ENSXETP00000060521	131	6
3793878	8364.ENSXETP00000006640	130	1
3799058	8364.ENSXETP00000028075	130	5
3804693	8364.ENSXETP00000051332	129	1
3795061	8364.ENSXETP00000011441	128	3
3800244	8364.ENSXETP00000033068	128	2
3805397	8364.ENSXETP00000054232	128	1
3808236	8364.ENSXETP00000060705	126	1
3796244	8364.ENSXETP00000016334	126	2
3796200	8364.ENSXETP00000016175	126	2
3801348	8364.ENSXETP00000037447	125	2
3809452	8364.ENSXETP00000062361	125	21
3805533	8364.ENSXETP00000054744	125	21
3806093	8364.ENSXETP00000056934	125	21
3808487	8364.ENSXETP00000061050	125	21
3807418	8364.ENSXETP00000059590	125	21
3809769	8364.ENSXETP00000062779	125	21
3805876	8364.ENSXETP00000056118	125	21
3805874	8364.ENSXETP00000056116	125	21
3805872	8364.ENSXETP00000056110	125	21
3805996	8364.ENSXETP00000056592	125	21
3805651	8364.ENSXETP00000055231	125	21
3805652	8364.ENSXETP00000055232	125	21
3805994	8364.ENSXETP00000056589	125	21
3805990	8364.ENSXETP00000056584	125	21
3798836	8364.ENSXETP00000027201	125	21
3810527	8364.ENSXETP00000063785	125	21
3806831	8364.ENSXETP00000058817	125	21
3805207	8364.ENSXETP00000053644	125	21
3806395	8364.ENSXETP00000058077	125	21
3806397	8364.ENSXETP00000058083	125	21
3807630	8364.ENSXETP00000059877	125	21
3805375	8364.ENSXETP00000054184	125	21
3806658	8364.ENSXETP00000058577	125	21
3806924	8364.ENSXETP00000058944	125	21
3809965	8364.ENSXETP00000063043	125	21
3807581	8364.ENSXETP00000059809	125	21
3810376	8364.ENSXETP00000063599	125	21
3806059	8364.ENSXETP00000056843	125	21
3806063	8364.ENSXETP00000056858	125	21
3806062	8364.ENSXETP00000056855	125	21
3807008	8364.ENSXETP00000059059	125	21
3806728	8364.ENSXETP00000058666	125	21
3806224	8364.ENSXETP00000057369	125	21
3792645	8364.ENSXETP00000001379	125	21
3806079	8364.ENSXETP00000056891	125	21
3810709	8364.ENSXETP00000064049	125	3
3798822	8364.ENSXETP00000027154	124	2
3798527	8364.ENSXETP00000025953	124	2
3796718	8364.ENSXETP00000018192	124	21
3797052	8364.ENSXETP00000019636	124	3
3793469	8364.ENSXETP00000004834	123	1
3794606	8364.ENSXETP00000009435	123	3
3794158	8364.ENSXETP00000007654	123	2
3802082	8364.ENSXETP00000040471	123	2
3796310	8364.ENSXETP00000016524	122	1
3796393	8364.ENSXETP00000016891	122	1
3804209	8364.ENSXETP00000049369	122	8
3810431	8364.ENSXETP00000063666	122	2
3802949	8364.ENSXETP00000044186	122	4
3810081	8364.ENSXETP00000063203	121	21
3808319	8364.ENSXETP00000060812	121	21
3799399	8364.ENSXETP00000029521	121	5
3803878	8364.ENSXETP00000047960	121	12
3800643	8364.ENSXETP00000034720	121	1
3796044	8364.ENSXETP00000015634	121	2
3807804	8364.ENSXETP00000060113	119	2
3792445	8364.ENSXETP00000000487	119	15
3796762	8364.ENSXETP00000018426	119	2
3794964	8364.ENSXETP00000010981	119	2
3806736	8364.ENSXETP00000058677	119	1
3803432	8364.ENSXETP00000046180	119	1
3799283	8364.ENSXETP00000028991	119	4
3804181	8364.ENSXETP00000049283	118	8
3803243	8364.ENSXETP00000045487	118	1
3803716	8364.ENSXETP00000047315	118	2
3792355	8364.ENSXETP00000000062	118	10
3796144	8364.ENSXETP00000015978	117	4
3800530	8364.ENSXETP00000034218	117	4
3803527	8364.ENSXETP00000046591	116	13
3798653	8364.ENSXETP00000026500	116	8
3804759	8364.ENSXETP00000051604	116	5
3794608	8364.ENSXETP00000009442	116	2
3807286	8364.ENSXETP00000059427	116	2
3792553	8364.ENSXETP00000000998	116	1
3809061	8364.ENSXETP00000061817	115	1
3797765	8364.ENSXETP00000022766	115	1
3794906	8364.ENSXETP00000010679	115	3
3810513	8364.ENSXETP00000063769	114	3
3800662	8364.ENSXETP00000034798	114	1
3794202	8364.ENSXETP00000007823	114	2
3803755	8364.ENSXETP00000047473	114	2
3799459	8364.ENSXETP00000029801	114	3
3796461	8364.ENSXETP00000017169	114	2
3799439	8364.ENSXETP00000029726	113	2
3809463	8364.ENSXETP00000062374	113	21
3805585	8364.ENSXETP00000054957	113	21
3804109	8364.ENSXETP00000048969	113	3
3794064	8364.ENSXETP00000007323	113	3
3798487	8364.ENSXETP00000025827	112	2
3798859	8364.ENSXETP00000027323	112	1
3808381	8364.ENSXETP00000060897	112	1
3800169	8364.ENSXETP00000032796	112	3
3792804	8364.ENSXETP00000002100	111	3
3809356	8364.ENSXETP00000062230	111	2
3802988	8364.ENSXETP00000044367	111	5
3802085	8364.ENSXETP00000040481	111	2
3804015	8364.ENSXETP00000048572	111	2
3798111	8364.ENSXETP00000024214	111	1
3798203	8364.ENSXETP00000024583	110	1
3801366	8364.ENSXETP00000037495	109	2
3809203	8364.ENSXETP00000062024	109	2
3793387	8364.ENSXETP00000004449	109	2
3796955	8364.ENSXETP00000019304	108	2
3798152	8364.ENSXETP00000024399	108	5
3801017	8364.ENSXETP00000035981	108	2
3799580	8364.ENSXETP00000030282	108	2
3797978	8364.ENSXETP00000023577	108	3
3793350	8364.ENSXETP00000004299	108	7
3797667	8364.ENSXETP00000022410	108	1
3796284	8364.ENSXETP00000016454	107	1
3792909	8364.ENSXETP00000002491	107	1
3794907	8364.ENSXETP00000010687	107	1
3801773	8364.ENSXETP00000039133	107	4
3795670	8364.ENSXETP00000013863	106	2
3793657	8364.ENSXETP00000005727	106	2
3804963	8364.ENSXETP00000052595	106	2
3803158	8364.ENSXETP00000045089	106	4
3798186	8364.ENSXETP00000024540	106	1
3801743	8364.ENSXETP00000039027	105	4
3806532	8364.ENSXETP00000058411	105	2
3797752	8364.ENSXETP00000022734	105	2
3794714	8364.ENSXETP00000009849	104	2
3805234	8364.ENSXETP00000053764	104	5
3801209	8364.ENSXETP00000036826	103	1
3797615	8364.ENSXETP00000022171	103	1
3796695	8364.ENSXETP00000018093	103	1
3792614	8364.ENSXETP00000001257	103	6
3801107	8364.ENSXETP00000036395	103	2
3796652	8364.ENSXETP00000017953	103	1
3806828	8364.ENSXETP00000058813	102	21
3794293	8364.ENSXETP00000008143	102	7
3802995	8364.ENSXETP00000044401	102	2
3794249	8364.ENSXETP00000008016	101	4
3799723	8364.ENSXETP00000030898	101	2
3809417	8364.ENSXETP00000062312	101	1
3807238	8364.ENSXETP00000059365	101	5
3806939	8364.ENSXETP00000058963	101	3
3805271	8364.ENSXETP00000053876	101	1
3803222	8364.ENSXETP00000045430	101	2
3793233	8364.ENSXETP00000003776	101	1
3797355	8364.ENSXETP00000021025	100	2
3798950	8364.ENSXETP00000027697	100	1
3799341	8364.ENSXETP00000029303	99.5	1
3809300	8364.ENSXETP00000062153	99.4	1
3809434	8364.ENSXETP00000062338	99.3	3
3797637	8364.ENSXETP00000022275	99.0	1
3804597	8364.ENSXETP00000050911	98.8	6
3800046	8364.ENSXETP00000032307	98.7	4
3805167	8364.ENSXETP00000053502	98.7	1
3792947	8364.ENSXETP00000002649	97.9	1
3797311	8364.ENSXETP00000020827	97.7	1
3796216	8364.ENSXETP00000016226	97.3	1
3807806	8364.ENSXETP00000060117	97.2	1
3802294	8364.ENSXETP00000041385	97.1	1
3809635	8364.ENSXETP00000062603	96.9	1
3806073	8364.ENSXETP00000056878	96.8	21
3807761	8364.ENSXETP00000060055	96.7	1
3805933	8364.ENSXETP00000056321	96.6	1
3799861	8364.ENSXETP00000031498	96.6	3
3799464	8364.ENSXETP00000029825	96.2	2
3808719	8364.ENSXETP00000061363	96.1	1
3806318	8364.ENSXETP00000057723	96.1	1
3802192	8364.ENSXETP00000040968	95.7	1
3799067	8364.ENSXETP00000028114	95.7	1
3806462	8364.ENSXETP00000058320	95.4	6
3801269	8364.ENSXETP00000037055	95.4	1
3807363	8364.ENSXETP00000059524	95.3	2
3809198	8364.ENSXETP00000062019	95.3	2
3805216	8364.ENSXETP00000053699	95.1	1
3796167	8364.ENSXETP00000016058	95.1	20
3793772	8364.ENSXETP00000006281	95.0	2
3806360	8364.ENSXETP00000057900	95.0	21
3801966	8364.ENSXETP00000039959	94.9	1
3795717	8364.ENSXETP00000014113	94.8	3
3806078	8364.ENSXETP00000056890	94.7	21
3794796	8364.ENSXETP00000010219	94.6	3
3799224	8364.ENSXETP00000028714	94.6	1
3806157	8364.ENSXETP00000057084	94.3	1
3799360	8364.ENSXETP00000029390	94.2	2
3798921	8364.ENSXETP00000027569	94.1	5
3804183	8364.ENSXETP00000049287	93.5	3
3798028	8364.ENSXETP00000023798	93.4	2
3805905	8364.ENSXETP00000056227	93.3	1
3800827	8364.ENSXETP00000035366	93.3	1
3801940	8364.ENSXETP00000039841	93.2	2
3807748	8364.ENSXETP00000060035	93.1	2
3800990	8364.ENSXETP00000035914	93.1	2
3800638	8364.ENSXETP00000034697	93.0	1
3806405	8364.ENSXETP00000058109	92.9	1
3807573	8364.ENSXETP00000059798	92.9	1
3808100	8364.ENSXETP00000060519	92.6	6
3801516	8364.ENSXETP00000038102	92.2	2
3802881	8364.ENSXETP00000043878	92.2	1
3808309	8364.ENSXETP00000060794	91.8	2
3805349	8364.ENSXETP00000054113	91.8	1
3796346	8364.ENSXETP00000016641	91.7	3
3794564	8364.ENSXETP00000009275	91.6	3
3794519	8364.ENSXETP00000009079	91.5	1
3802299	8364.ENSXETP00000041422	91.5	20
3804138	8364.ENSXETP00000049064	91.3	2
3795186	8364.ENSXETP00000011920	91.1	2
3808088	8364.ENSXETP00000060500	90.9	2
3801215	8364.ENSXETP00000036853	90.9	1
3795688	8364.ENSXETP00000013925	90.6	1
3804967	8364.ENSXETP00000052621	90.2	4
3795620	8364.ENSXETP00000013692	89.7	1
3805175	8364.ENSXETP00000053525	89.7	1
3795252	8364.ENSXETP00000012203	89.6	4
3806946	8364.ENSXETP00000058975	89.5	4
3804014	8364.ENSXETP00000048568	89.2	1
3802515	8364.ENSXETP00000042340	89.2	2
3794437	8364.ENSXETP00000008730	89.0	4
3794240	8364.ENSXETP00000007985	88.9	3
3796349	8364.ENSXETP00000016656	88.5	8
3798022	8364.ENSXETP00000023784	88.1	2
3803127	8364.ENSXETP00000044950	88.0	2
3807752	8364.ENSXETP00000060040	87.9	2
3793106	8364.ENSXETP00000003306	87.5	2
3800405	8364.ENSXETP00000033750	87.4	1
3802457	8364.ENSXETP00000042154	87.2	2
3801036	8364.ENSXETP00000036025	87.1	4
3803547	8364.ENSXETP00000046661	86.9	2
3798384	8364.ENSXETP00000025385	86.7	2
3794220	8364.ENSXETP00000007903	86.4	2
3806230	8364.ENSXETP00000057383	85.9	1
3797951	8364.ENSXETP00000023449	85.7	4
3793549	8364.ENSXETP00000005210	85.7	2
3799778	8364.ENSXETP00000031147	85.6	2
3796083	8364.ENSXETP00000015756	85.5	4
3798605	8364.ENSXETP00000026326	85.4	3
3805803	8364.ENSXETP00000055872	85.3	1
3796911	8364.ENSXETP00000019031	85.3	10
3799125	8364.ENSXETP00000028389	85.2	2
3806173	8364.ENSXETP00000057129	85.0	3
3806821	8364.ENSXETP00000058805	84.9	2
3802637	8364.ENSXETP00000042888	84.8	1
3794432	8364.ENSXETP00000008716	84.7	2
3801694	8364.ENSXETP00000038845	84.6	2
3796450	8364.ENSXETP00000017141	84.6	1
3806113	8364.ENSXETP00000056980	84.5	1
3803019	8364.ENSXETP00000044492	84.5	1
3793724	8364.ENSXETP00000006022	84.4	5
3810310	8364.ENSXETP00000063518	84.3	1
3797699	8364.ENSXETP00000022536	84.2	1
3803976	8364.ENSXETP00000048399	84.2	1
3804871	8364.ENSXETP00000052115	83.9	2
3795351	8364.ENSXETP00000012666	83.6	1
3798734	8364.ENSXETP00000026779	83.5	1
3792781	8364.ENSXETP00000001984	83.4	1
3793245	8364.ENSXETP00000003835	83.4	2
3801462	8364.ENSXETP00000037889	83.2	15
3808682	8364.ENSXETP00000061309	83.2	2
3797372	8364.ENSXETP00000021098	83.0	1
3800736	8364.ENSXETP00000035007	82.8	1
3800022	8364.ENSXETP00000032236	82.8	2
3799047	8364.ENSXETP00000028031	82.7	3
3804141	8364.ENSXETP00000049073	82.5	2
3793568	8364.ENSXETP00000005323	82.5	2
3802249	8364.ENSXETP00000041196	82.4	2
3797527	8364.ENSXETP00000021733	82.2	3
3792594	8364.ENSXETP00000001173	82.0	2
3797857	8364.ENSXETP00000023074	81.9	1
3799574	8364.ENSXETP00000030266	81.9	1
3807183	8364.ENSXETP00000059284	81.7	1
3795744	8364.ENSXETP00000014298	81.3	2
3803130	8364.ENSXETP00000044963	81.2	2
3805107	8364.ENSXETP00000053270	81.2	1
3804373	8364.ENSXETP00000049983	81.1	2
3805864	8364.ENSXETP00000056071	81.0	1
3799168	8364.ENSXETP00000028515	80.9	1
3801184	8364.ENSXETP00000036710	80.8	1
3806076	8364.ENSXETP00000056886	80.8	2
3807903	8364.ENSXETP00000060257	80.6	1
3795266	8364.ENSXETP00000012288	80.6	3
3809796	8364.ENSXETP00000062814	80.3	3
3794593	8364.ENSXETP00000009381	80.2	2
3795274	8364.ENSXETP00000012324	80.1	1
3803692	8364.ENSXETP00000047227	80.0	2
3796423	8364.ENSXETP00000017005	79.8	1
3803688	8364.ENSXETP00000047211	79.5	1
3801447	8364.ENSXETP00000037838	79.5	2
3795003	8364.ENSXETP00000011135	79.4	1
3808165	8364.ENSXETP00000060603	79.3	3
3800238	8364.ENSXETP00000033036	79.0	1
3799056	8364.ENSXETP00000028063	78.8	1
3802137	8364.ENSXETP00000040734	78.7	2
3810611	8364.ENSXETP00000063912	78.7	1
3809561	8364.ENSXETP00000062501	78.6	7
3797090	8364.ENSXETP00000019803	78.5	1
3794147	8364.ENSXETP00000007602	78.3	4
3801021	8364.ENSXETP00000035990	77.9	1
3796628	8364.ENSXETP00000017870	77.9	2
3797800	8364.ENSXETP00000022872	77.9	1
3796383	8364.ENSXETP00000016841	77.9	1
3796496	8364.ENSXETP00000017363	77.9	3
3803012	8364.ENSXETP00000044472	77.4	1
3793685	8364.ENSXETP00000005834	77.4	4
3809728	8364.ENSXETP00000062724	77.3	1
3796887	8364.ENSXETP00000018949	77.2	4
3801705	8364.ENSXETP00000038888	77.2	2
3805986	8364.ENSXETP00000056565	77.1	1
3794998	8364.ENSXETP00000011114	77.1	1
3803125	8364.ENSXETP00000044938	77.1	1
3800775	8364.ENSXETP00000035146	76.9	2
3801797	8364.ENSXETP00000039244	76.8	1
3798329	8364.ENSXETP00000025212	76.3	1
3796615	8364.ENSXETP00000017800	75.8	8
3801054	8364.ENSXETP00000036152	75.8	4
3803054	8364.ENSXETP00000044667	75.7	3
3800874	8364.ENSXETP00000035539	75.5	21
3801085	8364.ENSXETP00000036294	75.5	1
3795636	8364.ENSXETP00000013742	75.5	2
3805075	8364.ENSXETP00000053126	75.4	3
3794490	8364.ENSXETP00000008944	75.3	3
3802867	8364.ENSXETP00000043840	74.9	2
3799516	8364.ENSXETP00000030049	74.6	3
3795921	8364.ENSXETP00000015093	74.6	2
3798753	8364.ENSXETP00000026858	74.4	3
3795876	8364.ENSXETP00000014888	74.2	2
3793967	8364.ENSXETP00000006968	73.9	1
3805069	8364.ENSXETP00000053106	73.8	1
3803029	8364.ENSXETP00000044525	73.5	3
3801178	8364.ENSXETP00000036681	73.0	1
3796893	8364.ENSXETP00000018982	72.7	1
3792974	8364.ENSXETP00000002730	72.6	1
3802458	8364.ENSXETP00000042158	72.6	1
3796559	8364.ENSXETP00000017604	72.5	2
3793498	8364.ENSXETP00000004966	72.5	1
3795798	8364.ENSXETP00000014583	72.4	2
3808476	8364.ENSXETP00000061034	72.4	1
3802304	8364.ENSXETP00000041455	72.3	3
3808930	8364.ENSXETP00000061641	72.3	3
3801490	8364.ENSXETP00000037962	72.2	1
3795578	8364.ENSXETP00000013542	72.0	2
3805170	8364.ENSXETP00000053515	72.0	1
3793402	8364.ENSXETP00000004536	71.6	1
3798638	8364.ENSXETP00000026456	71.6	1
3795626	8364.ENSXETP00000013721	71.6	2
3795671	8364.ENSXETP00000013869	71.5	2
3796908	8364.ENSXETP00000019024	71.5	1
3800152	8364.ENSXETP00000032721	71.1	1
3804388	8364.ENSXETP00000050044	70.8	2
3807308	8364.ENSXETP00000059454	70.7	3
3807791	8364.ENSXETP00000060092	70.7	1
3797027	8364.ENSXETP00000019558	70.5	4
3800540	8364.ENSXETP00000034239	70.0	2
3793311	8364.ENSXETP00000004119	70.0	1
3803462	8364.ENSXETP00000046310	69.7	11
3796509	8364.ENSXETP00000017402	69.2	1
3800462	8364.ENSXETP00000033975	69.2	3
3797001	8364.ENSXETP00000019458	69.1	6
3792468	8364.ENSXETP00000000591	69.0	1
3807336	8364.ENSXETP00000059488	68.9	1
3793822	8364.ENSXETP00000006450	68.8	1
3800630	8364.ENSXETP00000034662	68.6	1
3799584	8364.ENSXETP00000030302	68.5	3
3798639	8364.ENSXETP00000026461	68.4	1
3801673	8364.ENSXETP00000038770	68.1	1
3802854	8364.ENSXETP00000043792	67.8	5
3797025	8364.ENSXETP00000019554	67.7	2
3810295	8364.ENSXETP00000063496	67.6	1
3803070	8364.ENSXETP00000044735	67.6	1
3801876	8364.ENSXETP00000039563	67.3	2
3809041	8364.ENSXETP00000061788	67.2	2
3798323	8364.ENSXETP00000025185	67.2	1
3804019	8364.ENSXETP00000048586	66.9	2
3796956	8364.ENSXETP00000019310	66.5	3
3798662	8364.ENSXETP00000026543	66.4	1
3804786	8364.ENSXETP00000051748	66.4	2
3802975	8364.ENSXETP00000044307	66.2	2
3799086	8364.ENSXETP00000028209	66.0	1
3805165	8364.ENSXETP00000053495	66.0	2
3792338	8364.ENSXETP00000000002	65.9	1
3802196	8364.ENSXETP00000040980	65.5	2
3804010	8364.ENSXETP00000048547	65.4	1
3804778	8364.ENSXETP00000051717	65.4	3
3809168	8364.ENSXETP00000061979	65.3	1
3799517	8364.ENSXETP00000030055	65.2	1
3802439	8364.ENSXETP00000042100	65.1	1
3803129	8364.ENSXETP00000044960	65.1	2
3803429	8364.ENSXETP00000046171	65.0	2
3805438	8364.ENSXETP00000054366	64.8	1
3803789	8364.ENSXETP00000047626	64.8	3
3802250	8364.ENSXETP00000041200	64.7	1
3793370	8364.ENSXETP00000004362	64.7	5
3799397	8364.ENSXETP00000029517	64.7	5
3800801	8364.ENSXETP00000035244	64.5	6
3803572	8364.ENSXETP00000046755	64.4	1
3801010	8364.ENSXETP00000035966	64.4	1
3803151	8364.ENSXETP00000045063	64.3	1
3798303	8364.ENSXETP00000025094	64.1	2
3798660	8364.ENSXETP00000026526	64.1	1
3792775	8364.ENSXETP00000001964	64.0	3
3810668	8364.ENSXETP00000063992	64.0	2
3810516	8364.ENSXETP00000063774	63.8	1
3810006	8364.ENSXETP00000063104	63.7	17
3805924	8364.ENSXETP00000056284	63.5	1
3798182	8364.ENSXETP00000024508	63.2	1
3794660	8364.ENSXETP00000009660	62.9	2
3800382	8364.ENSXETP00000033668	62.9	1
3802950	8364.ENSXETP00000044191	62.8	1
3801414	8364.ENSXETP00000037714	62.7	1
3805314	8364.ENSXETP00000054006	62.3	21
3809595	8364.ENSXETP00000062549	61.8	7
3797002	8364.ENSXETP00000019466	61.0	1
3798118	8364.ENSXETP00000024256	60.9	1
3805625	8364.ENSXETP00000055088	60.9	1
3797625	8364.ENSXETP00000022209	60.8	2
3800107	8364.ENSXETP00000032537	60.6	1
3809148	8364.ENSXETP00000061947	60.6	2
3800803	8364.ENSXETP00000035250	60.5	1
3793775	8364.ENSXETP00000006284	60.4	1
3803345	8364.ENSXETP00000045855	60.1	1
3804925	8364.ENSXETP00000052346	59.9	2
3798339	8364.ENSXETP00000025244	59.6	1
3793736	8364.ENSXETP00000006083	59.4	2
3794114	8364.ENSXETP00000007492	59.4	1
3803138	8364.ENSXETP00000044999	59.3	2
3804723	8364.ENSXETP00000051463	58.8	4
3792401	8364.ENSXETP00000000223	58.5	2
3794749	8364.ENSXETP00000010015	58.5	1
3808323	8364.ENSXETP00000060819	58.5	1
3808965	8364.ENSXETP00000061689	58.5	2
3795715	8364.ENSXETP00000014108	58.3	1
3797395	8364.ENSXETP00000021198	57.8	2
3803295	8364.ENSXETP00000045658	57.7	2
3797634	8364.ENSXETP00000022246	57.7	1
3796757	8364.ENSXETP00000018407	57.5	2
3799208	8364.ENSXETP00000028658	57.5	2
3800416	8364.ENSXETP00000033769	57.4	2
3800340	8364.ENSXETP00000033434	57.3	1
3792340	8364.ENSXETP00000000007	57.3	2
3806084	8364.ENSXETP00000056907	57.2	3
3796582	8364.ENSXETP00000017686	57.1	2
3795284	8364.ENSXETP00000012378	56.9	3
3793686	8364.ENSXETP00000005837	56.9	1
3795746	8364.ENSXETP00000014312	56.7	1
3800407	8364.ENSXETP00000033755	56.5	1
3799119	8364.ENSXETP00000028347	56.5	1
3800861	8364.ENSXETP00000035486	56.4	2
3804356	8364.ENSXETP00000049917	56.4	3
3801242	8364.ENSXETP00000036931	56.3	1
3801510	8364.ENSXETP00000038062	56.3	1
3792642	8364.ENSXETP00000001375	56.2	2
3802449	8364.ENSXETP00000042130	56.2	1
3797770	8364.ENSXETP00000022778	56.1	1
3793255	8364.ENSXETP00000003877	56.0	1
3792908	8364.ENSXETP00000002486	55.9	1
3798223	8364.ENSXETP00000024679	55.9	1
3801561	8364.ENSXETP00000038304	55.8	1
3794281	8364.ENSXETP00000008116	55.8	2
3798663	8364.ENSXETP00000026545	55.7	2
3802456	8364.ENSXETP00000042153	55.5	1
3796126	8364.ENSXETP00000015940	55.3	6
3796392	8364.ENSXETP00000016881	55.1	1
3797844	8364.ENSXETP00000023025	55.0	1
3806422	8364.ENSXETP00000058188	54.9	2
3809918	8364.ENSXETP00000062986	54.8	1
3794967	8364.ENSXETP00000010997	54.8	2
3806595	8364.ENSXETP00000058490	54.7	1
3804924	8364.ENSXETP00000052344	54.7	2
3793198	8364.ENSXETP00000003650	54.6	2
3808417	8364.ENSXETP00000060948	54.5	2
3804841	8364.ENSXETP00000051998	54.5	1
3800240	8364.ENSXETP00000033044	54.4	2
3796719	8364.ENSXETP00000018196	54.1	5
3805667	8364.ENSXETP00000055302	54.0	2
3803783	8364.ENSXETP00000047603	53.9	1
3795909	8364.ENSXETP00000015068	53.9	1
3797669	8364.ENSXETP00000022414	53.8	1
3799172	8364.ENSXETP00000028527	53.5	2
3796951	8364.ENSXETP00000019297	53.4	1
3807124	8364.ENSXETP00000059214	53.3	2
3793937	8364.ENSXETP00000006856	53.2	1
3804836	8364.ENSXETP00000051971	52.9	2
3796085	8364.ENSXETP00000015764	52.8	5
3793491	8364.ENSXETP00000004933	52.7	3
3793639	8364.ENSXETP00000005603	52.6	1
3804707	8364.ENSXETP00000051397	52.5	2
3799871	8364.ENSXETP00000031535	52.3	2
3801052	8364.ENSXETP00000036148	52.2	3
3794687	8364.ENSXETP00000009738	52.2	2
3798974	8364.ENSXETP00000027768	52.0	1
3793771	8364.ENSXETP00000006279	52.0	1
3804596	8364.ENSXETP00000050907	51.9	1
3810661	8364.ENSXETP00000063984	51.8	1
3806216	8364.ENSXETP00000057335	51.8	1
3800743	8364.ENSXETP00000035049	51.7	1
3794371	8364.ENSXETP00000008525	51.7	1
3792719	8364.ENSXETP00000001664	51.6	1
3795065	8364.ENSXETP00000011450	51.5	2
3802367	8364.ENSXETP00000041779	51.4	1
3805693	8364.ENSXETP00000055360	51.4	1
3803877	8364.ENSXETP00000047954	51.1	5
3799870	8364.ENSXETP00000031534	50.8	1
3792936	8364.ENSXETP00000002594	50.8	2
3803647	8364.ENSXETP00000047056	50.7	1
3800615	8364.ENSXETP00000034557	50.7	1
3804487	8364.ENSXETP00000050424	50.5	1
3803534	8364.ENSXETP00000046606	50.5	1
3805792	8364.ENSXETP00000055813	50.3	1
3803519	8364.ENSXETP00000046551	50.2	1
3801473	8364.ENSXETP00000037923	50.2	1
3800542	8364.ENSXETP00000034242	50.0	1
3796164	8364.ENSXETP00000016045	50.0	1
3800684	8364.ENSXETP00000034864	49.6	1
3798516	8364.ENSXETP00000025922	49.5	6
3798518	8364.ENSXETP00000025925	49.5	6
3807828	8364.ENSXETP00000060147	49.3	2
3799001	8364.ENSXETP00000027857	49.2	1
3805985	8364.ENSXETP00000056558	49.0	2
3801541	8364.ENSXETP00000038199	48.5	1
3804772	8364.ENSXETP00000051696	48.2	1
3793764	8364.ENSXETP00000006263	48.1	2
3804991	8364.ENSXETP00000052817	48.0	2
3807886	8364.ENSXETP00000060231	47.8	1
3804057	8364.ENSXETP00000048774	47.7	3
3807053	8364.ENSXETP00000059123	47.5	1
3795615	8364.ENSXETP00000013678	47.5	1
3803718	8364.ENSXETP00000047324	47.5	2
3800522	8364.ENSXETP00000034197	47.3	2
3804355	8364.ENSXETP00000049914	47.3	2
3803924	8364.ENSXETP00000048191	47.2	3
3795628	8364.ENSXETP00000013725	47.1	1
3795860	8364.ENSXETP00000014773	47.1	1
3798524	8364.ENSXETP00000025940	47.0	2
3802242	8364.ENSXETP00000041159	47.0	1
3796664	8364.ENSXETP00000017974	46.9	2
3808023	8364.ENSXETP00000060412	46.7	1
3807191	8364.ENSXETP00000059303	46.3	1
3800622	8364.ENSXETP00000034602	46.3	2
3793438	8364.ENSXETP00000004716	46.2	1
3802969	8364.ENSXETP00000044282	45.8	1
3797199	8364.ENSXETP00000020221	45.4	1
3804588	8364.ENSXETP00000050855	45.3	1
3799178	8364.ENSXETP00000028547	45.1	3
3793121	8364.ENSXETP00000003369	45.1	1
3797471	8364.ENSXETP00000021491	45.0	2
3794831	8364.ENSXETP00000010310	45.0	1
3793291	8364.ENSXETP00000004047	45.0	2
3793793	8364.ENSXETP00000006360	45.0	1
3803330	8364.ENSXETP00000045770	44.9	2
3798959	8364.ENSXETP00000027716	44.6	1
3799662	8364.ENSXETP00000030583	44.5	1
3792386	8364.ENSXETP00000000146	44.5	2
3805638	8364.ENSXETP00000055175	44.4	2
3798250	8364.ENSXETP00000024847	44.2	1
3805567	8364.ENSXETP00000054902	44.1	1
3797293	8364.ENSXETP00000020729	43.9	1
3802464	8364.ENSXETP00000042178	43.9	1
3793647	8364.ENSXETP00000005672	43.6	1
3796109	8364.ENSXETP00000015855	43.6	3
3801881	8364.ENSXETP00000039599	43.4	1
3799955	8364.ENSXETP00000031924	43.3	13
3793224	8364.ENSXETP00000003751	43.3	4
3803655	8364.ENSXETP00000047091	43.2	1
3797683	8364.ENSXETP00000022478	43.1	1
3798644	8364.ENSXETP00000026479	43.0	1
3809615	8364.ENSXETP00000062578	43.0	1
3792449	8364.ENSXETP00000000505	42.8	1
3800154	8364.ENSXETP00000032739	42.8	1
3799153	8364.ENSXETP00000028456	42.7	1
3798568	8364.ENSXETP00000026213	42.6	10
3809275	8364.ENSXETP00000062123	42.6	1
3794990	8364.ENSXETP00000011088	42.5	1
3802523	8364.ENSXETP00000042388	42.2	1
3797556	8364.ENSXETP00000021860	42.2	2
3802938	8364.ENSXETP00000044108	41.9	1
3799885	8364.ENSXETP00000031592	41.9	2
3793200	8364.ENSXETP00000003659	41.8	2
3807331	8364.ENSXETP00000059483	41.8	4
3796979	8364.ENSXETP00000019396	41.7	1
3803446	8364.ENSXETP00000046241	41.6	1
3796221	8364.ENSXETP00000016237	41.1	4
3797658	8364.ENSXETP00000022363	40.8	3
3799156	8364.ENSXETP00000028484	40.8	8
3794854	8364.ENSXETP00000010415	40.7	1
3801451	8364.ENSXETP00000037857	40.7	3
3797235	8364.ENSXETP00000020397	40.2	2
3799706	8364.ENSXETP00000030817	40.1	2
3801731	8364.ENSXETP00000038986	39.9	2
3807570	8364.ENSXETP00000059795	39.9	1
3803669	8364.ENSXETP00000047159	39.9	1
3797825	8364.ENSXETP00000022931	39.8	1
3803381	8364.ENSXETP00000046000	39.8	1
3795403	8364.ENSXETP00000012848	39.4	2
3806353	8364.ENSXETP00000057875	39.3	1
3808837	8364.ENSXETP00000061523	38.9	1
3800075	8364.ENSXETP00000032400	38.9	1
3793097	8364.ENSXETP00000003233	38.9	3
3794858	8364.ENSXETP00000010435	38.6	1
3798080	8364.ENSXETP00000024116	38.6	1
3802810	8364.ENSXETP00000043602	38.5	2
3800274	8364.ENSXETP00000033192	38.5	2
3795843	8364.ENSXETP00000014718	38.1	1
3793481	8364.ENSXETP00000004898	38.1	4
3810246	8364.ENSXETP00000063427	38.1	1
3802412	8364.ENSXETP00000041997	38.1	1
3801628	8364.ENSXETP00000038587	37.6	1
3798661	8364.ENSXETP00000026534	37.6	1
3802051	8364.ENSXETP00000040344	37.5	1
3805038	8364.ENSXETP00000052982	37.5	1
3799499	8364.ENSXETP00000029943	37.5	1
3810092	8364.ENSXETP00000063217	37.4	1
3795364	8364.ENSXETP00000012711	37.4	2
3796883	8364.ENSXETP00000018928	37.4	1
3793511	8364.ENSXETP00000005029	37.3	3
3808378	8364.ENSXETP00000060892	37.2	2
3801768	8364.ENSXETP00000039102	37.2	3
3810522	8364.ENSXETP00000063780	37.2	4
3802089	8364.ENSXETP00000040508	37.1	1
3809158	8364.ENSXETP00000061962	36.8	2
3799394	8364.ENSXETP00000029511	36.7	1
3798853	8364.ENSXETP00000027305	36.7	2
3803765	8364.ENSXETP00000047526	36.7	1
3805951	8364.ENSXETP00000056393	36.7	1
3801988	8364.ENSXETP00000040051	36.7	1
3795770	8364.ENSXETP00000014403	36.5	2
3800690	8364.ENSXETP00000034880	36.3	1
3809878	8364.ENSXETP00000062931	36.3	1
3803501	8364.ENSXETP00000046491	36.3	4
3795811	8364.ENSXETP00000014646	36.2	1
3793519	8364.ENSXETP00000005081	36.1	1
3797450	8364.ENSXETP00000021375	36.0	2
3798153	8364.ENSXETP00000024402	35.8	2
3804351	8364.ENSXETP00000049889	35.7	1
3800809	8364.ENSXETP00000035266	35.5	1
3798576	8364.ENSXETP00000026246	35.4	1
3805063	8364.ENSXETP00000053089	35.3	1
3796874	8364.ENSXETP00000018884	35.3	9
3792665	8364.ENSXETP00000001461	35.3	4
3810141	8364.ENSXETP00000063281	35.2	1
3801582	8364.ENSXETP00000038396	35.1	4
3802198	8364.ENSXETP00000040991	35.0	1
3792558	8364.ENSXETP00000001012	35.0	1
3807079	8364.ENSXETP00000059154	34.9	1
3798362	8364.ENSXETP00000025313	34.8	1
3796123	8364.ENSXETP00000015926	34.8	2
3795946	8364.ENSXETP00000015189	34.8	1
3799977	8364.ENSXETP00000032007	34.8	1
3795817	8364.ENSXETP00000014664	34.3	2
3795331	8364.ENSXETP00000012575	34.3	1
3801064	8364.ENSXETP00000036193	33.9	3
3806931	8364.ENSXETP00000058951	33.2	1
3800773	8364.ENSXETP00000035139	33.0	1
3796631	8364.ENSXETP00000017882	33.0	2
3804079	8364.ENSXETP00000048867	32.9	2
3800153	8364.ENSXETP00000032738	32.8	5
3798154	8364.ENSXETP00000024404	32.8	2
3804134	8364.ENSXETP00000049052	32.8	1
3803175	8364.ENSXETP00000045185	32.4	1
3801641	8364.ENSXETP00000038641	32.3	15
3809091	8364.ENSXETP00000061858	32.3	1
3804281	8364.ENSXETP00000049660	32.3	1
3793332	8364.ENSXETP00000004217	32.0	1
3803511	8364.ENSXETP00000046532	31.9	2
3805033	8364.ENSXETP00000052966	31.9	1
3792403	8364.ENSXETP00000000241	31.9	2
3793137	8364.ENSXETP00000003448	31.9	1
3800879	8364.ENSXETP00000035553	31.9	4
3806911	8364.ENSXETP00000058924	31.7	1
3805064	8364.ENSXETP00000053091	31.4	1
3795091	8364.ENSXETP00000011553	31.3	2
3805637	8364.ENSXETP00000055155	31.3	1
3802916	8364.ENSXETP00000044013	31.2	2
3797483	8364.ENSXETP00000021546	31.2	1
3799116	8364.ENSXETP00000028326	30.9	1
3794109	8364.ENSXETP00000007472	30.9	2
3799465	8364.ENSXETP00000029829	30.8	1
3795133	8364.ENSXETP00000011745	30.6	2
3808949	8364.ENSXETP00000061666	30.6	1
3803176	8364.ENSXETP00000045191	30.6	1
3796304	8364.ENSXETP00000016507	30.2	1
3804331	8364.ENSXETP00000049802	30.1	1
3808005	8364.ENSXETP00000060388	29.9	3
3793459	8364.ENSXETP00000004794	29.7	2
3800815	8364.ENSXETP00000035277	29.4	2
3807571	8364.ENSXETP00000059796	29.4	1
3799355	8364.ENSXETP00000029360	29.4	1
3799729	8364.ENSXETP00000030933	29.4	1
3794019	8364.ENSXETP00000007130	29.3	1
3806576	8364.ENSXETP00000058467	29.1	2
3802769	8364.ENSXETP00000043361	29.0	3
3797712	8364.ENSXETP00000022592	28.8	1
3801979	8364.ENSXETP00000040008	28.8	1
3795032	8364.ENSXETP00000011316	28.8	1
3798913	8364.ENSXETP00000027532	28.8	1
3797357	8364.ENSXETP00000021038	28.7	1
3792898	8364.ENSXETP00000002451	28.6	1
3809856	8364.ENSXETP00000062894	28.3	1
3793456	8364.ENSXETP00000004782	28.1	1
3801527	8364.ENSXETP00000038130	28.1	1
3800003	8364.ENSXETP00000032142	27.9	1
3801240	8364.ENSXETP00000036927	27.9	1
3801061	8364.ENSXETP00000036180	27.9	1
3804767	8364.ENSXETP00000051652	27.7	12
3809803	8364.ENSXETP00000062823	27.6	1
3799461	8364.ENSXETP00000029814	27.6	1
3792582	8364.ENSXETP00000001126	27.6	2
3796396	8364.ENSXETP00000016898	27.5	1
3796439	8364.ENSXETP00000017070	27.4	1
3797594	8364.ENSXETP00000022051	27.1	1
3798240	8364.ENSXETP00000024773	27.0	1
3793411	8364.ENSXETP00000004559	26.8	1
3802561	8364.ENSXETP00000042562	26.8	7
3803400	8364.ENSXETP00000046096	26.7	2
3798156	8364.ENSXETP00000024412	26.5	6
3797424	8364.ENSXETP00000021263	26.5	1
3799898	8364.ENSXETP00000031638	26.5	1
3804768	8364.ENSXETP00000051658	26.4	13
3794584	8364.ENSXETP00000009360	26.3	1
3799309	8364.ENSXETP00000029134	26.2	1
3808062	8364.ENSXETP00000060458	26.1	2
3801828	8364.ENSXETP00000039371	25.9	1
3802169	8364.ENSXETP00000040867	25.9	3
3795112	8364.ENSXETP00000011659	25.7	1
3802830	8364.ENSXETP00000043683	25.6	1
3798738	8364.ENSXETP00000026796	25.5	1
3793441	8364.ENSXETP00000004732	25.1	1
3793721	8364.ENSXETP00000006015	25.1	2
3797190	8364.ENSXETP00000020189	25.0	1
3799952	8364.ENSXETP00000031907	25.0	13
3803442	8364.ENSXETP00000046208	24.4	2
3796446	8364.ENSXETP00000017103	24.3	2
3796527	8364.ENSXETP00000017484	24.2	1
3801827	8364.ENSXETP00000039368	23.9	1
3799346	8364.ENSXETP00000029315	23.8	1
3799143	8364.ENSXETP00000028431	23.7	1
3803630	8364.ENSXETP00000046997	23.5	1
3793094	8364.ENSXETP00000003225	23.5	1
3805098	8364.ENSXETP00000053210	23.3	2
3794579	8364.ENSXETP00000009343	23.3	4
3799326	8364.ENSXETP00000029233	23.0	1
3798463	8364.ENSXETP00000025715	22.5	1
3793935	8364.ENSXETP00000006846	22.4	3
3793965	8364.ENSXETP00000006960	22.2	1
3792505	8364.ENSXETP00000000744	22.1	2
3807893	8364.ENSXETP00000060239	22.1	1
3806322	8364.ENSXETP00000057734	21.9	1
3797215	8364.ENSXETP00000020288	21.9	1
3797284	8364.ENSXETP00000020681	21.9	1
3804600	8364.ENSXETP00000050940	21.8	1
3792930	8364.ENSXETP00000002571	21.8	5
3797089	8364.ENSXETP00000019802	21.8	2
3800484	8364.ENSXETP00000034043	21.8	1
3796143	8364.ENSXETP00000015975	21.7	1
3803210	8364.ENSXETP00000045356	21.6	1
3804656	8364.ENSXETP00000051195	21.5	1
3800319	8364.ENSXETP00000033361	21.4	1
3792957	8364.ENSXETP00000002688	21.2	1
3793712	8364.ENSXETP00000005985	21.1	1
3797609	8364.ENSXETP00000022129	21.0	1
3805549	8364.ENSXETP00000054798	20.9	1
3803876	8364.ENSXETP00000047952	20.6	1
3797872	8364.ENSXETP00000023117	20.6	1
3796899	8364.ENSXETP00000019000	20.6	1
3808119	8364.ENSXETP00000060540	20.4	3
3806753	8364.ENSXETP00000058702	20.0	1
3803613	8364.ENSXETP00000046917	19.8	2
3796505	8364.ENSXETP00000017389	19.7	1
3805217	8364.ENSXETP00000053700	19.7	2
3803111	8364.ENSXETP00000044885	19.7	2
3809195	8364.ENSXETP00000062014	19.7	1
3799103	8364.ENSXETP00000028272	19.7	1
3802579	8364.ENSXETP00000042611	19.4	1
3807487	8364.ENSXETP00000059676	19.4	2
3797282	8364.ENSXETP00000020678	19.1	1
3800448	8364.ENSXETP00000033900	19.1	2
3793995	8364.ENSXETP00000007054	18.9	1
3809095	8364.ENSXETP00000061866	18.8	1
3798504	8364.ENSXETP00000025887	18.7	1
3801222	8364.ENSXETP00000036874	18.6	1
3794450	8364.ENSXETP00000008768	18.5	1
3805619	8364.ENSXETP00000055075	18.4	1
3795813	8364.ENSXETP00000014654	18.3	1
3797092	8364.ENSXETP00000019806	18.1	1
3798562	8364.ENSXETP00000026201	18.1	1
3807783	8364.ENSXETP00000060081	18.0	1
3805007	8364.ENSXETP00000052870	17.8	1
3796940	8364.ENSXETP00000019200	17.8	2
3802869	8364.ENSXETP00000043847	17.7	1
3800138	8364.ENSXETP00000032652	17.5	1
3810084	8364.ENSXETP00000063207	17.5	1
3807825	8364.ENSXETP00000060143	17.3	1
3799377	8364.ENSXETP00000029447	17.3	1
3809934	8364.ENSXETP00000063006	17.2	1
3792643	8364.ENSXETP00000001376	17.0	1
3807229	8364.ENSXETP00000059351	17.0	1
3798311	8364.ENSXETP00000025128	17.0	1
3800609	8364.ENSXETP00000034514	17.0	1
3805786	8364.ENSXETP00000055791	16.9	1
3796898	8364.ENSXETP00000018998	16.8	1
3795034	8364.ENSXETP00000011337	16.8	1
3803266	8364.ENSXETP00000045555	16.6	1
3801780	8364.ENSXETP00000039173	16.5	1
3797050	8364.ENSXETP00000019624	16.3	1
3800917	8364.ENSXETP00000035683	16.3	1
3798896	8364.ENSXETP00000027462	16.0	1
3794408	8364.ENSXETP00000008628	15.9	1
3793813	8364.ENSXETP00000006429	15.9	1
3798141	8364.ENSXETP00000024360	15.3	1
3802147	8364.ENSXETP00000040790	15.3	2
3798344	8364.ENSXETP00000025256	15.3	1
3808276	8364.ENSXETP00000060755	15.3	1
3804240	8364.ENSXETP00000049503	15.1	1
3804669	8364.ENSXETP00000051232	15.1	1
3800472	8364.ENSXETP00000034004	15.1	1
3804563	8364.ENSXETP00000050732	14.9	1
3795357	8364.ENSXETP00000012687	14.9	1
3798728	8364.ENSXETP00000026768	14.9	1
3802552	8364.ENSXETP00000042510	14.7	1
3793930	8364.ENSXETP00000006810	14.6	1
3804165	8364.ENSXETP00000049201	14.5	1
3794702	8364.ENSXETP00000009802	14.4	1
3796760	8364.ENSXETP00000018423	14.1	1
3810465	8364.ENSXETP00000063711	14.1	1
3795884	8364.ENSXETP00000014923	14.0	2
3794495	8364.ENSXETP00000008985	13.9	2
3800117	8364.ENSXETP00000032564	13.7	1
3792647	8364.ENSXETP00000001401	13.6	1
3796506	8364.ENSXETP00000017395	13.4	1
3793926	8364.ENSXETP00000006804	13.2	1
3798114	8364.ENSXETP00000024226	13.2	1
3799591	8364.ENSXETP00000030351	13.1	1
3799915	8364.ENSXETP00000031732	13.1	1
3804218	8364.ENSXETP00000049402	13.1	2
3800241	8364.ENSXETP00000033055	13.0	1
3808777	8364.ENSXETP00000061438	12.9	1
3805333	8364.ENSXETP00000054061	12.8	1
3803771	8364.ENSXETP00000047552	12.7	1
3798657	8364.ENSXETP00000026518	12.7	1
3797332	8364.ENSXETP00000020906	12.6	2
3797443	8364.ENSXETP00000021336	12.6	1
3802088	8364.ENSXETP00000040494	12.5	1
3796289	8364.ENSXETP00000016468	12.5	1
3794213	8364.ENSXETP00000007870	12.4	2
3797469	8364.ENSXETP00000021476	12.3	1
3807086	8364.ENSXETP00000059169	12.3	1
3798637	8364.ENSXETP00000026454	12.0	1
3800895	8364.ENSXETP00000035600	11.9	2
3802098	8364.ENSXETP00000040546	11.9	2
3796093	8364.ENSXETP00000015787	11.9	1
3794204	8364.ENSXETP00000007829	11.9	1
3797339	8364.ENSXETP00000020949	11.8	1
3797233	8364.ENSXETP00000020383	11.7	1
3796811	8364.ENSXETP00000018642	11.6	2
3802084	8364.ENSXETP00000040480	11.6	1
3803956	8364.ENSXETP00000048340	11.6	2
3802114	8364.ENSXETP00000040622	11.5	2
3796709	8364.ENSXETP00000018146	11.5	1
3801149	8364.ENSXETP00000036583	11.4	1
3806827	8364.ENSXETP00000058812	11.4	1
3805016	8364.ENSXETP00000052896	11.0	1
3804781	8364.ENSXETP00000051729	10.9	1
3802083	8364.ENSXETP00000040476	10.8	1
3806584	8364.ENSXETP00000058478	10.6	3
3808981	8364.ENSXETP00000061707	10.6	2
3806409	8364.ENSXETP00000058125	10.6	1
3810475	8364.ENSXETP00000063722	10.6	2
3808516	8364.ENSXETP00000061085	10.4	2
3796525	8364.ENSXETP00000017470	10.2	1
3797661	8364.ENSXETP00000022374	10.1	2
3799074	8364.ENSXETP00000028143	9.95	1
3797036	8364.ENSXETP00000019582	9.93	1
3798351	8364.ENSXETP00000025276	9.66	1
3797861	8364.ENSXETP00000023087	9.53	1
3793694	8364.ENSXETP00000005882	9.44	3
3795134	8364.ENSXETP00000011754	9.28	1
3797824	8364.ENSXETP00000022927	9.23	1
3800591	8364.ENSXETP00000034459	9.11	1
3794503	8364.ENSXETP00000009035	8.84	1
3802190	8364.ENSXETP00000040960	8.8	1
3807442	8364.ENSXETP00000059621	8.77	2
3796677	8364.ENSXETP00000018027	8.74	1
3798352	8364.ENSXETP00000025278	8.67	1
3809120	8364.ENSXETP00000061905	8.39	1
3803406	8364.ENSXETP00000046113	8.18	1
3807758	8364.ENSXETP00000060050	8.15	2
3796425	8364.ENSXETP00000017021	8.1	1
3793915	8364.ENSXETP00000006764	8.08	1
3798347	8364.ENSXETP00000025269	7.96	1
3796105	8364.ENSXETP00000015835	7.87	1
3796890	8364.ENSXETP00000018967	7.78	2
3798214	8364.ENSXETP00000024614	7.66	1
3802466	8364.ENSXETP00000042184	7.57	1
3805917	8364.ENSXETP00000056269	7.49	2
3795947	8364.ENSXETP00000015194	7.34	1
3793174	8364.ENSXETP00000003580	7.23	1
3797454	8364.ENSXETP00000021405	7.21	1
3804529	8364.ENSXETP00000050592	7.16	1
3800942	8364.ENSXETP00000035755	6.98	2
3809215	8364.ENSXETP00000062042	6.9	2
3797451	8364.ENSXETP00000021383	6.85	1
3798860	8364.ENSXETP00000027326	6.77	1
3802932	8364.ENSXETP00000044094	6.68	1
3797030	8364.ENSXETP00000019568	6.65	1
3798295	8364.ENSXETP00000025054	6.65	1
3802763	8364.ENSXETP00000043327	6.58	1
3800023	8364.ENSXETP00000032238	6.48	2
3810286	8364.ENSXETP00000063485	6.45	2
3795908	8364.ENSXETP00000015058	6.44	1
3792608	8364.ENSXETP00000001233	6.4	1
3806833	8364.ENSXETP00000058819	6.38	2
3802926	8364.ENSXETP00000044066	6.32	1
3808257	8364.ENSXETP00000060733	6.16	1
3793379	8364.ENSXETP00000004394	6.12	2
3803481	8364.ENSXETP00000046386	6.0	1
3792595	8364.ENSXETP00000001177	5.92	1
3795174	8364.ENSXETP00000011884	5.73	2
3801857	8364.ENSXETP00000039459	5.71	1
3799513	8364.ENSXETP00000030027	5.6	1
3793739	8364.ENSXETP00000006113	5.43	1
3799082	8364.ENSXETP00000028193	5.35	1
3798244	8364.ENSXETP00000024801	5.3	2
3800713	8364.ENSXETP00000034943	5.21	2
3804420	8364.ENSXETP00000050170	5.2	2
3808405	8364.ENSXETP00000060931	5.16	1
3805334	8364.ENSXETP00000054067	5.13	2
3802933	8364.ENSXETP00000044098	5.13	1
3793760	8364.ENSXETP00000006241	5.09	1
3808511	8364.ENSXETP00000061080	5.06	1
3797635	8364.ENSXETP00000022247	4.99	1
3802930	8364.ENSXETP00000044087	4.98	1
3803726	8364.ENSXETP00000047358	4.94	2
3804393	8364.ENSXETP00000050056	4.9	2
3798271	8364.ENSXETP00000024926	4.84	1
3802934	8364.ENSXETP00000044099	4.72	1
3808043	8364.ENSXETP00000060436	4.67	1
3797173	8364.ENSXETP00000020134	4.57	1
3802931	8364.ENSXETP00000044092	4.56	1
3796195	8364.ENSXETP00000016160	4.55	1
3801674	8364.ENSXETP00000038772	4.54	1
3792514	8364.ENSXETP00000000780	4.54	2
3802927	8364.ENSXETP00000044068	4.54	1
3810189	8364.ENSXETP00000063354	4.26	1
3805815	8364.ENSXETP00000055929	4.2	2
3795712	8364.ENSXETP00000014102	4.17	1
3798749	8364.ENSXETP00000026828	4.07	2
3794522	8364.ENSXETP00000009093	3.94	1
3793602	8364.ENSXETP00000005472	3.94	1
3801312	8364.ENSXETP00000037274	3.88	1
3802647	8364.ENSXETP00000042940	3.82	1
3805570	8364.ENSXETP00000054914	3.8	2
3792589	8364.ENSXETP00000001149	3.74	1
3794002	8364.ENSXETP00000007072	3.74	1
3804762	8364.ENSXETP00000051623	3.7	2
3810008	8364.ENSXETP00000063107	3.64	2
3808425	8364.ENSXETP00000060961	3.64	1
3796967	8364.ENSXETP00000019356	3.63	1
3796482	8364.ENSXETP00000017330	3.6	2
3793182	8364.ENSXETP00000003609	3.58	2
3801311	8364.ENSXETP00000037273	3.57	1
3793257	8364.ENSXETP00000003889	3.49	1
3802713	8364.ENSXETP00000043171	3.44	1
3800639	8364.ENSXETP00000034704	3.33	2
3799650	8364.ENSXETP00000030524	3.24	2
3808868	8364.ENSXETP00000061563	3.23	1
3800655	8364.ENSXETP00000034768	3.22	1
3796273	8364.ENSXETP00000016428	3.17	2
3801152	8364.ENSXETP00000036596	3.11	2
3801339	8364.ENSXETP00000037396	3.08	2
3801260	8364.ENSXETP00000037014	2.98	1
3801258	8364.ENSXETP00000037007	2.97	2
3801439	8364.ENSXETP00000037817	2.92	2
3802940	8364.ENSXETP00000044116	2.79	1
3810649	8364.ENSXETP00000063970	2.79	2
3799349	8364.ENSXETP00000029338	2.77	2
3810281	8364.ENSXETP00000063477	2.73	2
3795700	8364.ENSXETP00000014018	2.69	1
3805250	8364.ENSXETP00000053801	2.65	2
3799150	8364.ENSXETP00000028444	2.52	2
3796276	8364.ENSXETP00000016434	2.51	2
3796748	8364.ENSXETP00000018371	2.5	2
3799134	8364.ENSXETP00000028409	2.48	2
3799764	8364.ENSXETP00000031076	2.47	1
3799768	8364.ENSXETP00000031086	2.43	1
3809909	8364.ENSXETP00000062975	2.42	1
3796350	8364.ENSXETP00000016665	2.42	1
3803031	8364.ENSXETP00000044528	2.41	1
3797143	8364.ENSXETP00000019996	2.39	1
3802630	8364.ENSXETP00000042835	2.37	1
3801277	8364.ENSXETP00000037092	2.31	2
3808106	8364.ENSXETP00000060525	2.15	2
3794929	8364.ENSXETP00000010771	2.13	1
3801615	8364.ENSXETP00000038548	2.04	1
3809232	8364.ENSXETP00000062060	2.01	2
3794647	8364.ENSXETP00000009614	1.95	1
3798127	8364.ENSXETP00000024298	1.94	2
3808955	8364.ENSXETP00000061677	1.91	1
3806369	8364.ENSXETP00000057938	1.87	1
3809825	8364.ENSXETP00000062855	1.87	1
3802011	8364.ENSXETP00000040144	1.86	1
3793501	8364.ENSXETP00000004976	1.83	2
3795802	8364.ENSXETP00000014593	1.82	1
3796241	8364.ENSXETP00000016325	1.82	1
3802714	8364.ENSXETP00000043172	1.81	2
3807398	8364.ENSXETP00000059566	1.81	2
3801244	8364.ENSXETP00000036936	1.81	2
3806370	8364.ENSXETP00000057939	1.81	1
3799958	8364.ENSXETP00000031934	1.8	2
3807180	8364.ENSXETP00000059281	1.79	1
3793036	8364.ENSXETP00000003012	1.78	1
3808091	8364.ENSXETP00000060504	1.75	1
3803015	8364.ENSXETP00000044483	1.7	1
3794000	8364.ENSXETP00000007065	1.67	2
3795558	8364.ENSXETP00000013468	1.65	1
3808579	8364.ENSXETP00000061169	1.61	1
3792657	8364.ENSXETP00000001435	1.6	2
3805797	8364.ENSXETP00000055830	1.57	1
3806976	8364.ENSXETP00000059018	1.54	1
3804330	8364.ENSXETP00000049801	1.52	1
3800584	8364.ENSXETP00000034422	1.5	2
3792503	8364.ENSXETP00000000740	1.48	2
3796211	8364.ENSXETP00000016208	1.47	2
3806087	8364.ENSXETP00000056916	1.45	1
3800836	8364.ENSXETP00000035399	1.44	1
3801415	8364.ENSXETP00000037721	1.43	2
3794356	8364.ENSXETP00000008477	1.42	1
3794062	8364.ENSXETP00000007320	1.41	2
3803935	8364.ENSXETP00000048241	1.38	2
3800335	8364.ENSXETP00000033414	1.36	2
3808589	8364.ENSXETP00000061186	1.36	1
3802824	8364.ENSXETP00000043659	1.35	1
3802413	8364.ENSXETP00000041998	1.32	1
3808413	8364.ENSXETP00000060940	1.32	1
3795011	8364.ENSXETP00000011192	1.31	1
3803311	8364.ENSXETP00000045696	1.31	1
3808064	8364.ENSXETP00000060461	1.28	1
3806567	8364.ENSXETP00000058458	1.27	2
3803793	8364.ENSXETP00000047642	1.26	2
3799192	8364.ENSXETP00000028592	1.24	1
3800024	8364.ENSXETP00000032248	1.24	2
3802292	8364.ENSXETP00000041363	1.22	1
3794910	8364.ENSXETP00000010697	1.22	1
3794774	8364.ENSXETP00000010161	1.19	1
3797140	8364.ENSXETP00000019989	1.17	2
3794825	8364.ENSXETP00000010299	1.15	2
3804598	8364.ENSXETP00000050915	1.13	1
3797902	8364.ENSXETP00000023239	1.09	1
3798230	8364.ENSXETP00000024706	1.08	1
3800114	8364.ENSXETP00000032551	1.08	1
3807562	8364.ENSXETP00000059781	1.08	1
3800167	8364.ENSXETP00000032786	1.07	1
3801793	8364.ENSXETP00000039238	1.05	2
3802715	8364.ENSXETP00000043184	1.04	1
3802363	8364.ENSXETP00000041763	1.01	2
3800480	8364.ENSXETP00000034029	1.01	1
3796863	8364.ENSXETP00000018823	1.01	1
3795251	8364.ENSXETP00000012193	1.0	2
3801795	8364.ENSXETP00000039240	1.0	1
3806539	8364.ENSXETP00000058420	0.973	1
3798997	8364.ENSXETP00000027847	0.971	1
3796806	8364.ENSXETP00000018635	0.97	1
3801741	8364.ENSXETP00000039008	0.965	2
3807646	8364.ENSXETP00000059897	0.956	2
3807472	8364.ENSXETP00000059660	0.937	1
3805722	8364.ENSXETP00000055481	0.93	1
3797411	8364.ENSXETP00000021235	0.913	1
3800433	8364.ENSXETP00000033828	0.882	2
3801704	8364.ENSXETP00000038884	0.87	1
3796373	8364.ENSXETP00000016798	0.868	1
3809111	8364.ENSXETP00000061889	0.862	2
3807139	8364.ENSXETP00000059231	0.843	1
3803505	8364.ENSXETP00000046509	0.82	1
3801913	8364.ENSXETP00000039726	0.806	1
3798915	8364.ENSXETP00000027543	0.803	1
3797866	8364.ENSXETP00000023105	0.793	2
3793959	8364.ENSXETP00000006940	0.771	1
3793651	8364.ENSXETP00000005688	0.759	1
3796618	8364.ENSXETP00000017818	0.743	1
3809128	8364.ENSXETP00000061916	0.74	1
3808301	8364.ENSXETP00000060784	0.737	1
3798472	8364.ENSXETP00000025754	0.72	1
3807248	8364.ENSXETP00000059375	0.701	2
3805470	8364.ENSXETP00000054498	0.696	2
3806508	8364.ENSXETP00000058382	0.676	2
3804805	8364.ENSXETP00000051833	0.668	1
3809437	8364.ENSXETP00000062341	0.666	1
3797689	8364.ENSXETP00000022499	0.641	1
3798996	8364.ENSXETP00000027846	0.638	1
3793644	8364.ENSXETP00000005650	0.634	1
3796068	8364.ENSXETP00000015718	0.62	2
3796616	8364.ENSXETP00000017809	0.614	1
3800547	8364.ENSXETP00000034253	0.607	1
3798995	8364.ENSXETP00000027837	0.572	1
3803919	8364.ENSXETP00000048152	0.556	1
3803678	8364.ENSXETP00000047179	0.532	2
3806247	8364.ENSXETP00000057446	0.521	1
3806032	8364.ENSXETP00000056742	0.509	2
3801174	8364.ENSXETP00000036674	0.506	2
3807596	8364.ENSXETP00000059829	0.499	1
3794516	8364.ENSXETP00000009075	0.497	1
3798702	8364.ENSXETP00000026675	0.459	1
3799289	8364.ENSXETP00000029020	0.457	1
3797789	8364.ENSXETP00000022838	0.456	2
3795027	8364.ENSXETP00000011289	0.422	2
3804840	8364.ENSXETP00000051997	0.412	1
3796987	8364.ENSXETP00000019415	0.408	1
3796272	8364.ENSXETP00000016425	0.402	2
3796915	8364.ENSXETP00000019056	0.397	1
3809605	8364.ENSXETP00000062568	0.39	1
3804067	8364.ENSXETP00000048813	0.376	1
3795035	8364.ENSXETP00000011338	0.355	1
3805227	8364.ENSXETP00000053739	0.352	2
3796188	8364.ENSXETP00000016136	0.345	2
3800002	8364.ENSXETP00000032135	0.343	1
3807409	8364.ENSXETP00000059580	0.342	1
3803575	8364.ENSXETP00000046766	0.338	1
3805746	8364.ENSXETP00000055603	0.312	1
3808937	8364.ENSXETP00000061648	0.279	1
3801344	8364.ENSXETP00000037423	0.275	2
3802427	8364.ENSXETP00000042053	0.241	1
3804599	8364.ENSXETP00000050938	0.18	1
3803686	8364.ENSXETP00000047204	0.179	1
3810082	8364.ENSXETP00000063204	0.153	1
3796257	8364.ENSXETP00000016371	0.147	1
3798162	8364.ENSXETP00000024426	0.146	1
3800191	8364.ENSXETP00000032875	0.025	2
