#id: 1906536750
#name: Homo sapiens - Liver, Fetal liver, SC (Dlpep,2005)
#score: 10.9
#description: abundance based on Spectral counting, Fetal liver, Interaction consistency score: 10.9, Coverage: 12
#organ: LIVER
#integrated: false
#coverage: 12
#link: http://hlpic.hupo.org.cn/dblep/main.jsf
#publication_year: 2005
#filename: 9606-Human_fetal_liver_dblep..txt
#
#internal_id	string_external_id	abundance	raw_spectral_count
4440154	9606.ENSP00000330074	28897	370
4445357	9606.ENSP00000369609	22404	1379
4439524	9606.ENSP00000322421	17609	347
4434183	9606.ENSP00000251595	17609	347
4439919	9606.ENSP00000327431	16566	1167
4444869	9606.ENSP00000366525	12980	145
4438348	9606.ENSP00000307705	11261	560
4440966	9606.ENSP00000339566	11261	560
4433900	9606.ENSP00000244534	11050	559
4434059	9606.ENSP00000248553	9195	156
4448239	9606.ENSP00000402608	8170	1176
4443076	9606.ENSP00000357283	8155	756
4433904	9606.ENSP00000244573	7363	281
4451813	9606.ENSP00000483842	6988	351
4444942	9606.ENSP00000367022	6988	351
4437955	9606.ENSP00000303373	6988	351
4442727	9606.ENSP00000355656	6988	351
4440399	9606.ENSP00000332790	6979	210
4443270	9606.ENSP00000358155	6887	388
4442159	9606.ENSP00000351589	6887	388
4451142	9606.ENSP00000475814	6887	388
4451686	9606.ENSP00000482538	6887	388
4449876	9606.ENSP00000438553	6887	388
4442276	9606.ENSP00000352627	6887	388
4441116	9606.ENSP00000341094	6887	388
4440336	9606.ENSP00000332194	6887	388
4442214	9606.ENSP00000352119	6887	388
4440028	9606.ENSP00000328484	6887	388
4451672	9606.ENSP00000482431	6887	388
4444893	9606.ENSP00000366679	6887	388
4446852	9606.ENSP00000381736	6813	333
4437198	9606.ENSP00000295834	6272	109
4437358	9606.ENSP00000297012	6171	331
4437770	9606.ENSP00000301522	5837	74
4437619	9606.ENSP00000300026	5345	125
4433451	9606.ENSP00000229239	5310	130
4450285	9606.ENSP00000449404	5296	301
4447225	9606.ENSP00000385385	5022	143
4434854	9606.ENSP00000261313	4544	81
4437206	9606.ENSP00000295897	4505	400
4445799	9606.ENSP00000373487	4477	202
4434993	9606.ENSP00000262030	4271	246
4441649	9606.ENSP00000346694	4103	141
4433608	9606.ENSP00000233893	3888	70
4432932	9606.ENSP00000216225	3827	6
4441169	9606.ENSP00000341625	3810	51
4450595	9606.ENSP00000458162	3795	465
4441991	9606.ENSP00000349960	3795	465
4435898	9606.ENSP00000269576	3704	164
4434387	9606.ENSP00000254810	3703	125
4442746	9606.ENSP00000355778	3703	125
4451423	9606.ENSP00000479794	3635	710
4451886	9606.ENSP00000484789	3635	710
4444948	9606.ENSP00000367034	3635	710
4444931	9606.ENSP00000366956	3635	710
4444934	9606.ENSP00000366974	3635	710
4451392	9606.ENSP00000479461	3635	710
4450064	9606.ENSP00000443017	3635	710
4433901	9606.ENSP00000244537	3635	710
4450676	9606.ENSP00000462667	3635	710
4451542	9606.ENSP00000480960	3635	710
4451358	9606.ENSP00000479106	3635	710
4451586	9606.ENSP00000481486	3635	710
4450668	9606.ENSP00000462355	3635	710
4441692	9606.ENSP00000347168	3635	710
4433035	9606.ENSP00000217971	3520	36
4439803	9606.ENSP00000325905	3471	72
4444253	9606.ENSP00000362820	3462	69
4443269	9606.ENSP00000358154	3439	125
4440440	9606.ENSP00000333277	3439	125
4447238	9606.ENSP00000385479	3439	125
4432857	9606.ENSP00000215375	3433	31
4449695	9606.ENSP00000434024	3419	331
4443929	9606.ENSP00000361471	3271	95
4451441	9606.ENSP00000480004	3261	123
4441130	9606.ENSP00000341214	3160	272
4440511	9606.ENSP00000333994	3147	321
4439666	9606.ENSP00000324173	3140	205
4434216	9606.ENSP00000252244	3110	299
4443272	9606.ENSP00000358160	3069	125
4444939	9606.ENSP00000366999	3069	125
4451529	9606.ENSP00000480826	3069	125
4451891	9606.ENSP00000484841	3069	125
4451655	9606.ENSP00000482271	3069	125
4451830	9606.ENSP00000484095	3069	125
4442229	9606.ENSP00000352252	3069	125
4451757	9606.ENSP00000483283	3069	125
4451875	9606.ENSP00000484658	3069	125
4451871	9606.ENSP00000484638	3069	125
4444463	9606.ENSP00000363988	3036	111
4440737	9606.ENSP00000336799	3014	326
4442728	9606.ENSP00000355657	2911	124
4437297	9606.ENSP00000296511	2909	92
4443211	9606.ENSP00000357873	2881	97
4449498	9606.ENSP00000429301	2858	32
4442560	9606.ENSP00000354876	2816	37
4434667	9606.ENSP00000258962	2749	99
4437661	9606.ENSP00000300289	2702	175
4437721	9606.ENSP00000301072	2676	308
4439612	9606.ENSP00000323568	2490	56
4437274	9606.ENSP00000296417	2475	347
4438410	9606.ENSP00000308405	2475	347
4434056	9606.ENSP00000248437	2404	268
4440919	9606.ENSP00000339063	2381	157
4445814	9606.ENSP00000373620	2374	121
4441581	9606.ENSP00000346037	2358	6
4439119	9606.ENSP00000317331	2300	39
4441926	9606.ENSP00000349446	2287	63
4445353	9606.ENSP00000369586	2287	339
4451504	9606.ENSP00000480571	2282	111
4434861	9606.ENSP00000261366	2278	202
4437874	9606.ENSP00000302620	2265	75
4437495	9606.ENSP00000298510	2261	52
4447293	9606.ENSP00000385958	2152	26
4451211	9606.ENSP00000477527	2141	133
4443268	9606.ENSP00000358151	2141	133
4451707	9606.ENSP00000482674	2141	133
4451152	9606.ENSP00000476136	2141	133
4439955	9606.ENSP00000327801	2126	121
4441580	9606.ENSP00000346032	2124	103
4437293	9606.ENSP00000296503	2123	59
4451393	9606.ENSP00000479488	2104	60
4435415	9606.ENSP00000264335	2078	101
4437604	9606.ENSP00000299767	2075	166
4446480	9606.ENSP00000379287	2060	74
4440446	9606.ENSP00000333326	2033	243
4450181	9606.ENSP00000446007	1992	140
4440915	9606.ENSP00000339001	1923	347
4451378	9606.ENSP00000479284	1917	105
4435133	9606.ENSP00000262746	1890	63
4433326	9606.ENSP00000225655	1874	49
4450354	9606.ENSP00000451291	1829	111
4436266	9606.ENSP00000277865	1801	181
4435651	9606.ENSP00000265838	1796	59
4434392	9606.ENSP00000254878	1783	18
4450789	9606.ENSP00000465930	1765	53
4441252	9606.ENSP00000342374	1752	28
4444540	9606.ENSP00000364490	1725	64
4451574	9606.ENSP00000481244	1693	10
4440473	9606.ENSP00000333664	1666	36
4437667	9606.ENSP00000300413	1657	11
4433793	9606.ENSP00000241052	1652	106
4438847	9606.ENSP00000313199	1650	45
4433923	9606.ENSP00000245206	1638	61
4448260	9606.ENSP00000403172	1630	25
4439758	9606.ENSP00000325376	1626	102
4447787	9606.ENSP00000393241	1612	24
4445365	9606.ENSP00000369654	1580	280
4441434	9606.ENSP00000344504	1573	25
4432830	9606.ENSP00000209668	1534	95
4433592	9606.ENSP00000233596	1526	28
4447538	9606.ENSP00000388107	1524	56
4435075	9606.ENSP00000262418	1498	85
4450217	9606.ENSP00000447001	1468	31
4436015	9606.ENSP00000272317	1459	56
4433003	9606.ENSP00000217182	1456	124
4435583	9606.ENSP00000265333	1453	50
4433634	9606.ENSP00000234590	1449	59
4437376	9606.ENSP00000297185	1429	118
4434023	9606.ENSP00000247461	1422	76
4447650	9606.ENSP00000390265	1414	55
4439939	9606.ENSP00000327589	1410	158
4433668	9606.ENSP00000236850	1394	55
4443119	9606.ENSP00000357535	1390	31
4444884	9606.ENSP00000366618	1390	173
4439472	9606.ENSP00000321744	1390	173
4451599	9606.ENSP00000481622	1390	173
4450164	9606.ENSP00000445633	1390	173
4444932	9606.ENSP00000366962	1390	173
4451817	9606.ENSP00000483903	1390	173
4441923	9606.ENSP00000349430	1390	173
4441873	9606.ENSP00000348924	1390	173
4451366	9606.ENSP00000479169	1390	173
4436804	9606.ENSP00000289316	1390	173
4451751	9606.ENSP00000483237	1390	173
4451252	9606.ENSP00000477907	1390	173
4451031	9606.ENSP00000472469	1358	13
4437909	9606.ENSP00000302896	1343	14
4449639	9606.ENSP00000432660	1329	41
4447414	9606.ENSP00000386717	1326	16
4450175	9606.ENSP00000445831	1323	173
4441216	9606.ENSP00000342026	1320	43
4443372	9606.ENSP00000358727	1318	28
4443556	9606.ENSP00000359539	1316	48
4445281	9606.ENSP00000369176	1313	4
4442467	9606.ENSP00000354468	1301	26
4441869	9606.ENSP00000348886	1259	21
4449616	9606.ENSP00000432083	1252	125
4435245	9606.ENSP00000263368	1251	18
4437699	9606.ENSP00000300873	1238	3
4444702	9606.ENSP00000365439	1229	47
4442534	9606.ENSP00000354739	1221	8
4447278	9606.ENSP00000385828	1214	38
4443311	9606.ENSP00000358414	1206	65
4450713	9606.ENSP00000463559	1180	55
4433027	9606.ENSP00000217652	1180	55
4434264	9606.ENSP00000252951	1176	60
4445450	9606.ENSP00000370129	1151	47
4440017	9606.ENSP00000328359	1138	13
4445712	9606.ENSP00000372139	1138	13
4445711	9606.ENSP00000372136	1138	13
4441138	9606.ENSP00000341289	1135	317
4441968	9606.ENSP00000349748	1115	60
4437352	9606.ENSP00000296930	1109	26
4443770	9606.ENSP00000360609	1108	158
4434937	9606.ENSP00000261733	1102	72
4439742	9606.ENSP00000325136	1099	54
4434076	9606.ENSP00000248975	1098	52
4443584	9606.ENSP00000359645	1097	50
4436690	9606.ENSP00000286713	1083	41
4436206	9606.ENSP00000276079	1072	36
4433407	9606.ENSP00000228318	1071	26
4446582	9606.ENSP00000379895	1059	48
4450267	9606.ENSP00000448785	1051	21
4441585	9606.ENSP00000346067	1035	53
4450405	9606.ENSP00000452780	1015	9
4437436	9606.ENSP00000297785	1005	59
4438640	9606.ENSP00000310861	1003	153
4443001	9606.ENSP00000356969	1002	3
4450308	9606.ENSP00000450436	999	51
4435610	9606.ENSP00000265462	987	25
4436343	9606.ENSP00000279263	982	14
4439526	9606.ENSP00000322439	978	54
4435108	9606.ENSP00000262584	978	6
4441634	9606.ENSP00000346550	966	60
4445606	9606.ENSP00000371267	954	46
4450282	9606.ENSP00000449328	949	21
4445467	9606.ENSP00000370254	933	50
4436861	9606.ENSP00000290378	929	240
4442723	9606.ENSP00000355645	929	240
4440643	9606.ENSP00000335153	928	149
4448994	9606.ENSP00000418868	918	3
4449378	9606.ENSP00000426909	913	30
4443900	9606.ENSP00000361287	909	9
4450150	9606.ENSP00000445175	903	51
4449041	9606.ENSP00000419425	902	18
4437720	9606.ENSP00000301071	896	119
4450009	9606.ENSP00000441875	893	38
4432924	9606.ENSP00000216181	885	143
4439895	9606.ENSP00000327070	885	42
4450366	9606.ENSP00000451712	883	24
4444040	9606.ENSP00000361930	883	42
4435927	9606.ENSP00000270142	879	12
4438237	9606.ENSP00000306606	876	69
4449147	9606.ENSP00000420914	872	70
4441868	9606.ENSP00000348849	868	9
4433394	9606.ENSP00000227525	850	18
4444414	9606.ENSP00000363676	848	11
4449347	9606.ENSP00000426083	839	62
4440697	9606.ENSP00000335620	828	37
4448883	9606.ENSP00000417240	823	47
4434938	9606.ENSP00000261735	816	17
4440987	9606.ENSP00000339795	815	24
4434630	9606.ENSP00000258424	814	12
4448229	9606.ENSP00000402373	814	209
4446258	9606.ENSP00000377833	810	31
4441599	9606.ENSP00000346173	809	32
4447434	9606.ENSP00000386857	806	209
4433993	9606.ENSP00000246662	797	32
4450194	9606.ENSP00000446252	793	16
4445375	9606.ENSP00000369703	791	280
4449851	9606.ENSP00000438144	785	19
4446656	9606.ENSP00000380402	784	15
4449091	9606.ENSP00000420168	782	36
4451106	9606.ENSP00000474534	779	43
4450736	9606.ENSP00000464265	771	54
4447279	9606.ENSP00000385834	766	78
4433913	9606.ENSP00000244763	752	7
4436083	9606.ENSP00000273550	751	18
4434727	9606.ENSP00000259818	749	278
4435517	9606.ENSP00000264932	748	39
4444160	9606.ENSP00000362413	747	32
4450215	9606.ENSP00000446955	740	28
4448070	9606.ENSP00000399457	731	24
4447586	9606.ENSP00000389103	731	11
4451577	9606.ENSP00000481301	729	16
4436660	9606.ENSP00000286091	728	50
4434707	9606.ENSP00000259469	727	3
4444141	9606.ENSP00000362339	726	16
4432913	9606.ENSP00000216121	713	20
4441587	9606.ENSP00000346088	706	7
4438211	9606.ENSP00000306330	702	41
4447228	9606.ENSP00000385432	696	16
4441276	9606.ENSP00000342710	694	114
4443118	9606.ENSP00000357516	686	24
4443455	9606.ENSP00000359098	684	6
4446452	9606.ENSP00000379138	676	58
4441190	9606.ENSP00000341826	676	58
4444000	9606.ENSP00000361777	672	22
4435372	9606.ENSP00000264071	664	251
4437954	9606.ENSP00000303366	653	25
4443872	9606.ENSP00000361140	650	29
4448869	9606.ENSP00000417142	646	2
4433456	9606.ENSP00000229270	643	28
4441512	9606.ENSP00000345347	642	23
4435033	9606.ENSP00000262213	642	13
4438070	9606.ENSP00000304697	639	56
4439395	9606.ENSP00000320866	635	28
4451050	9606.ENSP00000472985	635	9
4446035	9606.ENSP00000376309	632	42
4442011	9606.ENSP00000350090	631	52
4444602	9606.ENSP00000364813	624	3
4446837	9606.ENSP00000381607	624	15
4440831	9606.ENSP00000337915	616	52
4433313	9606.ENSP00000225430	613	3
4440482	9606.ENSP00000333769	612	13
4433686	9606.ENSP00000237530	612	18
4436296	9606.ENSP00000278572	606	28
4435545	9606.ENSP00000265062	602	21
4442795	9606.ENSP00000356015	601	8
4440720	9606.ENSP00000336702	600	12
4445537	9606.ENSP00000370748	599	15
4438298	9606.ENSP00000307199	598	9
4446579	9606.ENSP00000379888	596	14
4451676	9606.ENSP00000482445	587	11
4433021	9606.ENSP00000217426	585	27
4439045	9606.ENSP00000316176	585	7
4450152	9606.ENSP00000445306	583	62
4435837	9606.ENSP00000268668	583	15
4442333	9606.ENSP00000353224	583	56
4439523	9606.ENSP00000322419	580	8
4438137	9606.ENSP00000305556	575	19
4444169	9606.ENSP00000362463	574	8
4434135	9606.ENSP00000250498	571	7
4440740	9606.ENSP00000336829	569	26
4449557	9606.ENSP00000430706	567	11
4438861	9606.ENSP00000313432	564	12
4437255	9606.ENSP00000296255	558	31
4435313	9606.ENSP00000263774	555	20
4439187	9606.ENSP00000318195	554	24
4451602	9606.ENSP00000481646	554	9
4438214	9606.ENSP00000306361	547	29
4433329	9606.ENSP00000225698	543	8
4434227	9606.ENSP00000252486	543	17
4451332	9606.ENSP00000478828	542	4
4446386	9606.ENSP00000378669	540	15
4438190	9606.ENSP00000306099	539	31
4445193	9606.ENSP00000368646	536	24
4438372	9606.ENSP00000307940	523	46
4433181	9606.ENSP00000221801	520	22
4434812	9606.ENSP00000260953	514	6
4443102	9606.ENSP00000357440	507	15
4448339	9606.ENSP00000404854	505	12
4441891	9606.ENSP00000349142	503	18
4438412	9606.ENSP00000308430	503	7
4441045	9606.ENSP00000340466	499	38
4450403	9606.ENSP00000452762	498	14
4450185	9606.ENSP00000446099	496	34
4435656	9606.ENSP00000265866	491	12
4435998	9606.ENSP00000272067	482	7
4433025	9606.ENSP00000217456	482	29
4451264	9606.ENSP00000478017	480	73
4452033	9606.ENSP00000485450	480	73
4444990	9606.ENSP00000367265	480	30
4438185	9606.ENSP00000306010	476	14
4432741	9606.ENSP00000184266	475	4
4446208	9606.ENSP00000377532	472	54
4439351	9606.ENSP00000320295	470	211
4441896	9606.ENSP00000349168	469	25
4443204	9606.ENSP00000357838	466	12
4436853	9606.ENSP00000290299	465	18
4450191	9606.ENSP00000446215	463	11
4444177	9606.ENSP00000362507	463	1
4446501	9606.ENSP00000379386	460	19
4445334	9606.ENSP00000369513	460	2
4441922	9606.ENSP00000349428	459	14
4435728	9606.ENSP00000266735	459	3
4433153	9606.ENSP00000221418	458	17
4434748	9606.ENSP00000260118	456	13
4450782	9606.ENSP00000465638	454	2
4443312	9606.ENSP00000358417	451	25
4432796	9606.ENSP00000203407	451	19
4446520	9606.ENSP00000379506	447	11
4449254	9606.ENSP00000423563	445	10
4449410	9606.ENSP00000427679	445	36
4451385	9606.ENSP00000479365	441	73
4451367	9606.ENSP00000479203	441	73
4442097	9606.ENSP00000351035	439	7
4438368	9606.ENSP00000307889	438	8
4432879	9606.ENSP00000215829	435	3
4442612	9606.ENSP00000355124	433	64
4438219	9606.ENSP00000306397	432	7
4438491	9606.ENSP00000309334	432	11
4434006	9606.ENSP00000246957	432	31
4445414	9606.ENSP00000369927	432	45
4433625	9606.ENSP00000234347	432	6
4450692	9606.ENSP00000463058	429	4
4433489	9606.ENSP00000230048	429	7
4436927	9606.ENSP00000291670	426	19
4437626	9606.ENSP00000300060	426	40
4443648	9606.ENSP00000360028	422	25
4436283	9606.ENSP00000278353	422	10
4433665	9606.ENSP00000236671	419	20
4446716	9606.ENSP00000380837	415	32
4448843	9606.ENSP00000416706	414	78
4440998	9606.ENSP00000339835	414	51
4442166	9606.ENSP00000351619	411	12
4439815	9606.ENSP00000326042	409	78
4446977	9606.ENSP00000382982	409	78
4439188	9606.ENSP00000318197	409	78
4439104	9606.ENSP00000317159	407	9
4433493	9606.ENSP00000230085	407	7
4444977	9606.ENSP00000367196	403	5
4437932	9606.ENSP00000303145	401	9
4448554	9606.ENSP00000410452	392	8
4448088	9606.ENSP00000399805	392	16
4433416	9606.ENSP00000228506	391	13
4450801	9606.ENSP00000466134	390	14
4448802	9606.ENSP00000415840	390	15
4432755	9606.ENSP00000194152	389	16
4441578	9606.ENSP00000346015	386	8
4433550	9606.ENSP00000231887	386	31
4439221	9606.ENSP00000318697	385	194
4446805	9606.ENSP00000381386	384	10
4445393	9606.ENSP00000369814	382	34
4439286	9606.ENSP00000319501	382	24
4435961	9606.ENSP00000270776	380	15
4450361	9606.ENSP00000451560	379	211
4435972	9606.ENSP00000271308	378	9
4446026	9606.ENSP00000376276	374	12
4451540	9606.ENSP00000480946	373	18
4444394	9606.ENSP00000363574	373	7
4444623	9606.ENSP00000364935	370	11
4433130	9606.ENSP00000220764	369	15
4443663	9606.ENSP00000360124	368	21
4440870	9606.ENSP00000338413	367	24
4436619	9606.ENSP00000285093	365	10
4432982	9606.ENSP00000216780	362	25
4447621	9606.ENSP00000389649	361	4
4445602	9606.ENSP00000371230	360	11
4440717	9606.ENSP00000336687	360	8
4447201	9606.ENSP00000385080	359	14
4440758	9606.ENSP00000337060	354	11
4446884	9606.ENSP00000382004	353	35
4441576	9606.ENSP00000346001	351	10
4438499	9606.ENSP00000309431	350	185
4436105	9606.ENSP00000273986	348	6
4449706	9606.ENSP00000434412	346	17
4446310	9606.ENSP00000378199	346	72
4444949	9606.ENSP00000367038	344	40
4434347	9606.ENSP00000254193	344	8
4435934	9606.ENSP00000270233	343	25
4432930	9606.ENSP00000216218	340	11
4450530	9606.ENSP00000456206	340	185
4445432	9606.ENSP00000370023	340	23
4451107	9606.ENSP00000474560	340	7
4441686	9606.ENSP00000347055	338	9
4435542	9606.ENSP00000265044	337	2
4451456	9606.ENSP00000480140	336	12
4444402	9606.ENSP00000363624	334	4
4434967	9606.ENSP00000261875	333	9
4439546	9606.ENSP00000322706	332	28
4436284	9606.ENSP00000278379	332	9
4450244	9606.ENSP00000448035	328	13
4434470	9606.ENSP00000256319	327	6
4441938	9606.ENSP00000349541	324	2
4447823	9606.ENSP00000393887	324	6
4448472	9606.ENSP00000408025	323	17
4435168	9606.ENSP00000262947	322	4
4432813	9606.ENSP00000205402	321	13
4432843	9606.ENSP00000211122	321	24
4447693	9606.ENSP00000391481	320	11
4449897	9606.ENSP00000439189	319	213
4441671	9606.ENSP00000346954	319	3
4443374	9606.ENSP00000358737	318	13
4432789	9606.ENSP00000202017	317	3
4437038	9606.ENSP00000293831	313	18
4447836	9606.ENSP00000394107	313	15
4442006	9606.ENSP00000350052	313	211
4439151	9606.ENSP00000317780	312	5
4432954	9606.ENSP00000216392	311	34
4444722	9606.ENSP00000365569	310	22
4437464	9606.ENSP00000298159	310	17
4440309	9606.ENSP00000331901	309	13
4444400	9606.ENSP00000363614	306	14
4444285	9606.ENSP00000363018	306	10
4440986	9606.ENSP00000339787	305	25
4444406	9606.ENSP00000363641	305	4
4443780	9606.ENSP00000360671	303	25
4451909	9606.ENSP00000485032	302	1
4433173	9606.ENSP00000221566	301	12
4445167	9606.ENSP00000368458	300	7
4432553	9606.ENSP00000003100	299	14
4437196	9606.ENSP00000295822	298	7
4437953	9606.ENSP00000303356	295	8
4434236	9606.ENSP00000252593	293	5
4440237	9606.ENSP00000331209	292	6
4433555	9606.ENSP00000232219	292	9
4450219	9606.ENSP00000447053	291	10
4438628	9606.ENSP00000310726	288	2
4435055	9606.ENSP00000262306	286	6
4442186	9606.ENSP00000351777	285	23
4441614	9606.ENSP00000346342	283	4
4445270	9606.ENSP00000369081	282	19
4436526	9606.ENSP00000283179	281	13
4450720	9606.ENSP00000463784	281	4
4440659	9606.ENSP00000335304	281	11
4434598	9606.ENSP00000258091	281	16
4433594	9606.ENSP00000233616	281	16
4448024	9606.ENSP00000398495	280	8
4438505	9606.ENSP00000309477	280	13
4450037	9606.ENSP00000442453	280	19
4438569	9606.ENSP00000310219	279	41
4448584	9606.ENSP00000410964	278	18
4439661	9606.ENSP00000324105	278	13
4442694	9606.ENSP00000355518	277	6
4434241	9606.ENSP00000252603	276	6
4443033	9606.ENSP00000357076	276	10
4443642	9606.ENSP00000359991	275	18
4433875	9606.ENSP00000244020	274	16
4440890	9606.ENSP00000338703	273	14
4434343	9606.ENSP00000254108	272	15
4433337	9606.ENSP00000225792	272	30
4444038	9606.ENSP00000361927	271	17
4449076	9606.ENSP00000419970	270	17
4432999	9606.ENSP00000217133	269	140
4450307	9606.ENSP00000450385	269	14
4433442	9606.ENSP00000228945	269	5
4432619	9606.ENSP00000039007	267	11
4440308	9606.ENSP00000331897	266	14
4436421	9606.ENSP00000281243	266	5
4444751	9606.ENSP00000365773	265	15
4436226	9606.ENSP00000276461	265	18
4448813	9606.ENSP00000416066	265	10
4442431	9606.ENSP00000354111	263	2
4436012	9606.ENSP00000272252	263	7
4439113	9606.ENSP00000317257	262	5
4449083	9606.ENSP00000420065	261	8
4444062	9606.ENSP00000362041	261	6
4444134	9606.ENSP00000362308	261	4
4443861	9606.ENSP00000361076	261	6
4439132	9606.ENSP00000317468	260	5
4448993	9606.ENSP00000418842	260	3
4439551	9606.ENSP00000322775	259	15
4437177	9606.ENSP00000295688	259	19
4439424	9606.ENSP00000321259	258	10
4433238	9606.ENSP00000222572	256	4
4448690	9606.ENSP00000413436	255	3
4446521	9606.ENSP00000379512	255	3
4436358	9606.ENSP00000280097	254	7
4443492	9606.ENSP00000359297	254	8
4432984	9606.ENSP00000216802	254	8
4448935	9606.ENSP00000417864	254	7
4433490	9606.ENSP00000230050	254	3
4433290	9606.ENSP00000223795	253	6
4442450	9606.ENSP00000354346	252	16
4433211	9606.ENSP00000222247	252	4
4445108	9606.ENSP00000367992	252	5
4439427	9606.ENSP00000321271	251	3
4444997	9606.ENSP00000367309	251	12
4440491	9606.ENSP00000333837	251	6
4441502	9606.ENSP00000345230	251	11
4441886	9606.ENSP00000349078	251	8
4446571	9606.ENSP00000379845	249	17
4440016	9606.ENSP00000328358	247	35
4439894	9606.ENSP00000327054	247	40
4450710	9606.ENSP00000463393	247	6
4443765	9606.ENSP00000360577	245	4
4445713	9606.ENSP00000372155	244	11
4449729	9606.ENSP00000435096	243	3
4437159	9606.ENSP00000295522	243	1
4432998	9606.ENSP00000217131	242	6
4443856	9606.ENSP00000361057	242	3
4451186	9606.ENSP00000476960	241	50
4446116	9606.ENSP00000376886	236	10
4434219	9606.ENSP00000252252	236	39
4447764	9606.ENSP00000392718	236	164
4449261	9606.ENSP00000423673	235	7
4445041	9606.ENSP00000367615	234	5
4440923	9606.ENSP00000339095	234	4
4446800	9606.ENSP00000381340	233	14
4440865	9606.ENSP00000338345	233	3
4435953	9606.ENSP00000270625	232	5
4449548	9606.ENSP00000430494	231	4
4446598	9606.ENSP00000380033	231	35
4439327	9606.ENSP00000320043	231	5
4437470	9606.ENSP00000298248	231	10
4446030	9606.ENSP00000376297	228	4
4451197	9606.ENSP00000477310	228	4
4449551	9606.ENSP00000430598	227	1
4446990	9606.ENSP00000383118	226	4
4449013	9606.ENSP00000419117	225	1
4435950	9606.ENSP00000270586	225	4
4435205	9606.ENSP00000263168	224	9
4437011	9606.ENSP00000293379	223	15
4449429	9606.ENSP00000428085	223	2
4436290	9606.ENSP00000278483	222	2
4433682	9606.ENSP00000237283	221	3
4441750	9606.ENSP00000347717	219	5
4433017	9606.ENSP00000217402	218	4
4447932	9606.ENSP00000396527	218	6
4449213	9606.ENSP00000422392	217	1
4445627	9606.ENSP00000371393	215	15
4447974	9606.ENSP00000397261	215	19
4435626	9606.ENSP00000265641	214	15
4449433	9606.ENSP00000428209	214	5
4432848	9606.ENSP00000211998	213	26
4435511	9606.ENSP00000264896	212	10
4442288	9606.ENSP00000352779	211	4
4442375	9606.ENSP00000353590	211	44
4438296	9606.ENSP00000307188	211	13
4440842	9606.ENSP00000338034	210	6
4449992	9606.ENSP00000441543	209	56
4433270	9606.ENSP00000223136	208	4
4438061	9606.ENSP00000304592	207	44
4449878	9606.ENSP00000438689	207	18
4448068	9606.ENSP00000399421	207	5
4432873	9606.ENSP00000215754	207	2
4437568	9606.ENSP00000299427	206	7
4436303	9606.ENSP00000278715	206	3
4448124	9606.ENSP00000400467	206	4
4432840	9606.ENSP00000210444	205	6
4436718	9606.ENSP00000287295	205	15
4451404	9606.ENSP00000479606	204	47
4436642	9606.ENSP00000285735	204	7
4440219	9606.ENSP00000330945	204	6
4448110	9606.ENSP00000400175	202	7
4435330	9606.ENSP00000263867	202	6
4443006	9606.ENSP00000356982	202	1
4451705	9606.ENSP00000482639	202	2
4449027	9606.ENSP00000419270	202	2
4438885	9606.ENSP00000313829	200	4
4435550	9606.ENSP00000265073	200	3
4442171	9606.ENSP00000351646	199	13
4440118	9606.ENSP00000329662	198	4
4450115	9606.ENSP00000444357	197	5
4446397	9606.ENSP00000378743	197	6
4450784	9606.ENSP00000465734	196	5
4445594	9606.ENSP00000371193	195	5
4437945	9606.ENSP00000303222	195	5
4433154	9606.ENSP00000221419	194	12
4433662	9606.ENSP00000236192	194	2
4434247	9606.ENSP00000252699	193	44
4451457	9606.ENSP00000480150	193	15
4445623	9606.ENSP00000371362	192	9
4443371	9606.ENSP00000358723	191	12
4438215	9606.ENSP00000306362	191	4
4451093	9606.ENSP00000474096	191	14
4445479	9606.ENSP00000370372	191	10
4434174	9606.ENSP00000251453	190	3
4434137	9606.ENSP00000250559	190	12
4449989	9606.ENSP00000441417	190	8
4435613	9606.ENSP00000265512	189	10
4444013	9606.ENSP00000361824	189	62
4451141	9606.ENSP00000475750	188	4
4445243	9606.ENSP00000368952	188	18
4436697	9606.ENSP00000286788	187	18
4445546	9606.ENSP00000370808	185	21
4436119	9606.ENSP00000274242	185	1
4441627	9606.ENSP00000346483	185	3
4447003	9606.ENSP00000383232	184	22
4433819	9606.ENSP00000242375	183	7
4442485	9606.ENSP00000354532	183	6
4437145	9606.ENSP00000295317	183	8
4442353	9606.ENSP00000353408	182	13
4451135	9606.ENSP00000475615	182	2
4441541	9606.ENSP00000345672	181	5
4451534	9606.ENSP00000480853	180	5
4444431	9606.ENSP00000363794	180	6
4433305	9606.ENSP00000225275	180	21
4448105	9606.ENSP00000400101	180	14
4440443	9606.ENSP00000333298	180	4
4447479	9606.ENSP00000387176	178	119
4450401	9606.ENSP00000452697	178	3
4440529	9606.ENSP00000334134	178	4
4433675	9606.ENSP00000237014	176	2
4445338	9606.ENSP00000369538	176	11
4445297	9606.ENSP00000369314	176	1
4448121	9606.ENSP00000400433	175	11
4438150	9606.ENSP00000305675	175	2
4441904	9606.ENSP00000349259	175	52
4442104	9606.ENSP00000351108	175	6
4437319	9606.ENSP00000296658	175	3
4436184	9606.ENSP00000275428	174	4
4433198	9606.ENSP00000222002	174	6
4435788	9606.ENSP00000267884	173	2
4443763	9606.ENSP00000360569	173	5
4436857	9606.ENSP00000290349	172	9
4447156	9606.ENSP00000384719	172	6
4444539	9606.ENSP00000364486	172	7
4449926	9606.ENSP00000440005	171	14
4434505	9606.ENSP00000256682	171	14
4432545	9606.ENSP00000000412	171	4
4442184	9606.ENSP00000351767	171	16
4444232	9606.ENSP00000362744	171	5
4436327	9606.ENSP00000279022	170	11
4432814	9606.ENSP00000205557	170	14
4437789	9606.ENSP00000301729	169	3
4439232	9606.ENSP00000318867	169	7
4450799	9606.ENSP00000466090	169	3
4434149	9606.ENSP00000251047	169	6
4451249	9606.ENSP00000477856	168	13
4432776	9606.ENSP00000199936	168	4
4438543	9606.ENSP00000309830	168	1
4448485	9606.ENSP00000408411	168	4
4441103	9606.ENSP00000340989	168	25
4432828	9606.ENSP00000207870	167	5
4437379	9606.ENSP00000297258	167	3
4451118	9606.ENSP00000475027	166	5
4450071	9606.ENSP00000443189	165	1
4450134	9606.ENSP00000444850	165	13
4450127	9606.ENSP00000444688	165	30
4448335	9606.ENSP00000404718	165	6
4436270	9606.ENSP00000278025	163	1
4439091	9606.ENSP00000316905	162	6
4436581	9606.ENSP00000284320	161	5
4450645	9606.ENSP00000461324	161	6
4446343	9606.ENSP00000378360	161	5
4441360	9606.ENSP00000343690	159	9
4449412	9606.ENSP00000427687	158	4
4448429	9606.ENSP00000406773	158	1
4445957	9606.ENSP00000375730	157	3
4451040	9606.ENSP00000472802	156	6
4434590	9606.ENSP00000257974	156	10
4433350	9606.ENSP00000226004	156	5
4441562	9606.ENSP00000345848	156	5
4450306	9606.ENSP00000450353	156	9
4434307	9606.ENSP00000253413	156	5
4443105	9606.ENSP00000357452	156	4
4435600	9606.ENSP00000265395	155	4
4440716	9606.ENSP00000336666	155	1
4437386	9606.ENSP00000297283	155	17
4449100	9606.ENSP00000420213	155	48
4439848	9606.ENSP00000326381	155	12
4435106	9606.ENSP00000262570	154	4
4449065	9606.ENSP00000419751	154	13
4447473	9606.ENSP00000387123	153	9
4450940	9606.ENSP00000470059	151	9
4433537	9606.ENSP00000231487	151	3
4441504	9606.ENSP00000345259	150	11
4447540	9606.ENSP00000388169	150	5
4440358	9606.ENSP00000332444	149	5
4446270	9606.ENSP00000377941	149	39
4435708	9606.ENSP00000266544	148	7
4444056	9606.ENSP00000362010	148	4
4450826	9606.ENSP00000466897	148	3
4450384	9606.ENSP00000452123	147	10
4435482	9606.ENSP00000264710	147	6
4451621	9606.ENSP00000481878	147	9
4436547	9606.ENSP00000283547	147	2
4444082	9606.ENSP00000362110	146	4
4448154	9606.ENSP00000401010	146	7
4451110	9606.ENSP00000474720	146	6
4441583	9606.ENSP00000346050	146	4
4433259	9606.ENSP00000222982	146	12
4450976	9606.ENSP00000470972	145	3
4442654	9606.ENSP00000355330	145	8
4446577	9606.ENSP00000379873	145	6
4438602	9606.ENSP00000310557	145	2
4437581	9606.ENSP00000299565	145	6
4448989	9606.ENSP00000418770	145	2
4436969	9606.ENSP00000292475	145	4
4435529	9606.ENSP00000264990	145	7
4435510	9606.ENSP00000264893	144	5
4442577	9606.ENSP00000354947	144	9
4445025	9606.ENSP00000367453	144	1
4436562	9606.ENSP00000284031	144	7
4447739	9606.ENSP00000392330	143	3
4443829	9606.ENSP00000360939	143	6
4442284	9606.ENSP00000352706	143	8
4450073	9606.ENSP00000443194	142	4
4434944	9606.ENSP00000261769	142	6
4443140	9606.ENSP00000357633	142	6
4437103	9606.ENSP00000294973	141	4
4448829	9606.ENSP00000416429	141	2
4432717	9606.ENSP00000173527	141	4
4435472	9606.ENSP00000264664	141	2
4438689	9606.ENSP00000311430	140	5
4436430	9606.ENSP00000281456	140	18
4433587	9606.ENSP00000233379	140	3
4444600	9606.ENSP00000364802	139	46
4444599	9606.ENSP00000364801	139	46
4446096	9606.ENSP00000376732	139	1
4438024	9606.ENSP00000304139	138	15
4434943	9606.ENSP00000261758	138	3
4432862	9606.ENSP00000215570	137	2
4451070	9606.ENSP00000473383	137	8
4445339	9606.ENSP00000369545	137	1
4444796	9606.ENSP00000366109	137	4
4443208	9606.ENSP00000357858	136	4
4447260	9606.ENSP00000385721	136	20
4434217	9606.ENSP00000252245	136	32
4448930	9606.ENSP00000417748	136	3
4444601	9606.ENSP00000364805	135	48
4449694	9606.ENSP00000433999	135	5
4446117	9606.ENSP00000376889	134	10
4448639	9606.ENSP00000412189	134	10
4436392	9606.ENSP00000280706	134	23
4437555	9606.ENSP00000299299	133	2
4450752	9606.ENSP00000464813	133	2
4447270	9606.ENSP00000385763	133	4
4439572	9606.ENSP00000323046	132	3
4443049	9606.ENSP00000357129	132	32
4438570	9606.ENSP00000310226	131	6
4435409	9606.ENSP00000264265	131	2
4441579	9606.ENSP00000346027	131	1
4445538	9606.ENSP00000370750	130	5
4437775	9606.ENSP00000301587	130	2
4450571	9606.ENSP00000457513	129	3
4451226	9606.ENSP00000477639	129	5
4450247	9606.ENSP00000448059	129	5
4435881	9606.ENSP00000269321	129	2
4449502	9606.ENSP00000429374	129	2
4443494	9606.ENSP00000359305	129	2
4446347	9606.ENSP00000378368	128	9
4438114	9606.ENSP00000305260	128	7
4439484	9606.ENSP00000321927	127	10
4442096	9606.ENSP00000351022	126	9
4439473	9606.ENSP00000321797	126	3
4437178	9606.ENSP00000295702	126	1
4441808	9606.ENSP00000348170	126	12
4443646	9606.ENSP00000360021	126	1
4437532	9606.ENSP00000299022	126	2
4435387	9606.ENSP00000264162	125	18
4447078	9606.ENSP00000384136	125	10
4446831	9606.ENSP00000381581	124	14
4443786	9606.ENSP00000360688	124	3
4449181	9606.ENSP00000421592	124	3
4437556	9606.ENSP00000299300	123	7
4441373	9606.ENSP00000343885	122	6
4433898	9606.ENSP00000244520	122	1
4437600	9606.ENSP00000299736	122	3
4450954	9606.ENSP00000470298	122	28
4434887	9606.ENSP00000261488	122	5
4432692	9606.ENSP00000164139	121	16
4432936	9606.ENSP00000216254	120	7
4449128	9606.ENSP00000420588	120	4
4434874	9606.ENSP00000261427	120	3
4447269	9606.ENSP00000385757	120	3
4446110	9606.ENSP00000376840	119	3
4451530	9606.ENSP00000480828	119	7
4438655	9606.ENSP00000311095	118	10
4433142	9606.ENSP00000221130	118	5
4446274	9606.ENSP00000377958	118	7
4432544	9606.ENSP00000000233	117	12
4451251	9606.ENSP00000477870	116	31
4451634	9606.ENSP00000482075	116	3
4435781	9606.ENSP00000267814	116	3
4438950	9606.ENSP00000314733	115	2
4435645	9606.ENSP00000265753	115	2
4437139	9606.ENSP00000295266	115	5
4432648	9606.ENSP00000070846	115	13
4443625	9606.ENSP00000359871	114	4
4451429	9606.ENSP00000479861	114	2
4449060	9606.ENSP00000419665	113	2
4433826	9606.ENSP00000242592	113	5
4438833	9606.ENSP00000312999	113	6
4432961	9606.ENSP00000216455	113	3
4448366	9606.ENSP00000405573	112	5
4449031	9606.ENSP00000419325	112	6
4433332	9606.ENSP00000225726	112	4
4432811	9606.ENSP00000205194	111	1
4447545	9606.ENSP00000388293	111	2
4444644	9606.ENSP00000365042	111	2
4443358	9606.ENSP00000358635	111	7
4443759	9606.ENSP00000360541	110	6
4445298	9606.ENSP00000369317	110	26
4446231	9606.ENSP00000377696	110	3
4433759	9606.ENSP00000239940	109	2
4434341	9606.ENSP00000254090	109	4
4437654	9606.ENSP00000300215	109	7
4434513	9606.ENSP00000256854	109	4
4438066	9606.ENSP00000304669	108	8
4445991	9606.ENSP00000375978	107	5
4433396	9606.ENSP00000227667	107	1
4433348	9606.ENSP00000225972	106	3
4444297	9606.ENSP00000363071	106	18
4436191	9606.ENSP00000275603	105	4
4432955	9606.ENSP00000216410	105	3
4442589	9606.ENSP00000355011	105	3
4439353	9606.ENSP00000320309	105	5
4434120	9606.ENSP00000250111	105	3
4433978	9606.ENSP00000246194	105	3
4439229	9606.ENSP00000318822	104	3
4451285	9606.ENSP00000478303	104	1
4445244	9606.ENSP00000368959	104	1
4442283	9606.ENSP00000352678	104	7
4444140	9606.ENSP00000362334	104	2
4447492	9606.ENSP00000387286	104	6
4438667	9606.ENSP00000311224	104	9
4450332	9606.ENSP00000450909	104	2
4444122	9606.ENSP00000362271	104	3
4441538	9606.ENSP00000345656	103	3
4438033	9606.ENSP00000304236	103	1
4435616	9606.ENSP00000265563	103	6
4439911	9606.ENSP00000327268	103	4
4442867	9606.ENSP00000356354	102	3
4434945	9606.ENSP00000261772	102	9
4433208	9606.ENSP00000222214	102	2
4450918	9606.ENSP00000469468	102	1
4450281	9606.ENSP00000449270	101	1
4436127	9606.ENSP00000274353	101	4
4443483	9606.ENSP00000359233	101	7
4436188	9606.ENSP00000275525	100	2
4448185	9606.ENSP00000401564	100	2
4450398	9606.ENSP00000452549	100	4
4449224	9606.ENSP00000422607	100	6
4447216	9606.ENSP00000385269	99.3	4
4434791	9606.ENSP00000260599	99.1	2
4442248	9606.ENSP00000352420	99.0	1
4437724	9606.ENSP00000301149	98.7	3
4436628	9606.ENSP00000285379	98.4	4
4435243	9606.ENSP00000263354	98.2	6
4433430	9606.ENSP00000228825	97.8	2
4434730	9606.ENSP00000259873	97.4	2
4445875	9606.ENSP00000374332	97.1	2
4432970	9606.ENSP00000216500	97.1	3
4442633	9606.ENSP00000355228	96.9	1
4434975	9606.ENSP00000261890	96.9	5
4450340	9606.ENSP00000451080	96.7	1
4446224	9606.ENSP00000377640	96.6	1
4433302	9606.ENSP00000225171	96.5	1
4434218	9606.ENSP00000252250	95.8	21
4438758	9606.ENSP00000312158	95.6	3
4434792	9606.ENSP00000260600	95.6	6
4433690	9606.ENSP00000237642	95.3	4
4441072	9606.ENSP00000340684	95.3	7
4449885	9606.ENSP00000438886	95.0	5
4441792	9606.ENSP00000348056	95.0	1
4451443	9606.ENSP00000480020	94.2	3
4435079	9606.ENSP00000262428	94.1	2
4438263	9606.ENSP00000306881	94.1	6
4444263	9606.ENSP00000362900	93.8	11
4440463	9606.ENSP00000333547	93.7	5
4432898	9606.ENSP00000216034	93.0	1
4437273	9606.ENSP00000296412	92.4	1
4433830	9606.ENSP00000242776	92.0	8
4446516	9606.ENSP00000379475	91.9	8
4441897	9606.ENSP00000349181	91.5	1
4443202	9606.ENSP00000357835	91.0	2
4434119	9606.ENSP00000250101	90.9	2
4449816	9606.ENSP00000437402	90.2	7
4442251	9606.ENSP00000352438	89.9	8
4436415	9606.ENSP00000281154	89.9	14
4441426	9606.ENSP00000344456	89.7	7
4437428	9606.ENSP00000297661	89.6	2
4437092	9606.ENSP00000294742	88.7	1
4432701	9606.ENSP00000167586	88.6	19
4446342	9606.ENSP00000378359	88.5	2
4450804	9606.ENSP00000466214	88.3	2
4438801	9606.ENSP00000312625	88.3	3
4439279	9606.ENSP00000319388	88.0	5
4433635	9606.ENSP00000234677	88.0	4
4435986	9606.ENSP00000271636	87.7	12
4435804	9606.ENSP00000268099	87.6	1
4444625	9606.ENSP00000364945	87.3	3
4449872	9606.ENSP00000438507	87.2	13
4446568	9606.ENSP00000379838	86.8	1
4443164	9606.ENSP00000357722	86.8	1
4444482	9606.ENSP00000364114	86.1	3
4445445	9606.ENSP00000370115	86.0	4
4451061	9606.ENSP00000473172	86.0	5
4450444	9606.ENSP00000454021	85.9	1
4434284	9606.ENSP00000253108	85.2	2
4450315	9606.ENSP00000450540	85.0	6
4446103	9606.ENSP00000376793	85.0	6
4435111	9606.ENSP00000262613	84.8	4
4434413	9606.ENSP00000255120	84.1	8
4436285	9606.ENSP00000278407	84.0	3
4448281	9606.ENSP00000403644	83.8	4
4438776	9606.ENSP00000312326	83.8	3
4448693	9606.ENSP00000413496	83.4	1
4448824	9606.ENSP00000416293	83.4	2
4432874	9606.ENSP00000215770	83.2	4
4449712	9606.ENSP00000434515	83.2	1
4434891	9606.ENSP00000261507	83.0	1
4446014	9606.ENSP00000376184	82.9	4
4434187	9606.ENSP00000251643	82.8	6
4437917	9606.ENSP00000302961	82.6	8
4436858	9606.ENSP00000290354	82.5	6
4434776	9606.ENSP00000260385	82.1	2
4451277	9606.ENSP00000478249	82.1	1
4444052	9606.ENSP00000361993	82.0	1
4442743	9606.ENSP00000355759	81.9	7
4438596	9606.ENSP00000310491	81.7	3
4433672	9606.ENSP00000236959	81.6	5
4448385	9606.ENSP00000405965	81.4	2
4433714	9606.ENSP00000238651	81.3	9
4451145	9606.ENSP00000475924	80.7	4
4443831	9606.ENSP00000360958	80.5	9
4451754	9606.ENSP00000483254	80.4	6
4450293	9606.ENSP00000449770	80.1	3
4450753	9606.ENSP00000464814	80.0	3
4444861	9606.ENSP00000366482	79.8	2
4443740	9606.ENSP00000360473	79.5	1
4434456	9606.ENSP00000256078	79.4	6
4449352	9606.ENSP00000426167	79.2	1
4437907	9606.ENSP00000302886	79.2	5
4437024	9606.ENSP00000293670	79.2	16
4432884	9606.ENSP00000215882	79.0	3
4442528	9606.ENSP00000354721	79.0	1
4443964	9606.ENSP00000361635	78.9	4
4445513	9606.ENSP00000370589	78.9	4
4449011	9606.ENSP00000419088	78.7	1
4443002	9606.ENSP00000356972	77.6	3
4451213	9606.ENSP00000477538	77.5	1
4436079	9606.ENSP00000273398	77.1	5
4433964	9606.ENSP00000246069	76.9	2
4433567	9606.ENSP00000232892	76.9	3
4447517	9606.ENSP00000387654	76.5	3
4450004	9606.ENSP00000441828	76.3	7
4439979	9606.ENSP00000328070	76.1	2
4449888	9606.ENSP00000439012	76.0	1
4444422	9606.ENSP00000363745	75.9	6
4443410	9606.ENSP00000358867	75.3	5
4443189	9606.ENSP00000357787	75.2	2
4450367	9606.ENSP00000451752	75.2	19
4445274	9606.ENSP00000369129	75.1	18
4433080	9606.ENSP00000219313	74.9	2
4444941	9606.ENSP00000367013	74.9	1
4439660	9606.ENSP00000324064	74.7	4
4437849	9606.ENSP00000302393	74.6	12
4448134	9606.ENSP00000400717	74.5	3
4445998	9606.ENSP00000376056	74.5	1
4448919	9606.ENSP00000417653	74.4	3
4442124	9606.ENSP00000351250	74.0	8
4446711	9606.ENSP00000380785	74.0	5
4447273	9606.ENSP00000385790	73.9	2
4443406	9606.ENSP00000358857	73.8	2
4433980	9606.ENSP00000246337	73.8	1
4435393	9606.ENSP00000264193	73.1	5
4441654	9606.ENSP00000346762	72.9	7
4435254	9606.ENSP00000263383	72.8	4
4448645	9606.ENSP00000412324	72.4	6
4439148	9606.ENSP00000317714	72.0	2
4435120	9606.ENSP00000262646	71.6	3
4441032	9606.ENSP00000340305	71.6	4
4437959	9606.ENSP00000303424	71.5	1
4432790	9606.ENSP00000202556	71.2	7
4450740	9606.ENSP00000464327	71.2	1
4433357	9606.ENSP00000226218	70.6	3
4434797	9606.ENSP00000260665	70.5	11
4434207	9606.ENSP00000252071	70.4	4
4439597	9606.ENSP00000323313	70.3	4
4443345	9606.ENSP00000358548	70.2	6
4438279	9606.ENSP00000307014	70.0	10
4449727	9606.ENSP00000434995	69.5	1
4449720	9606.ENSP00000434724	69.3	1
4434847	9606.ENSP00000261267	69.3	1
4434057	9606.ENSP00000248444	69.2	8
4439023	9606.ENSP00000315774	69.2	2
4441659	9606.ENSP00000346827	69.2	5
4443776	9606.ENSP00000360644	69.1	2
4442474	9606.ENSP00000354490	68.8	17
4448298	9606.ENSP00000404042	68.7	1
4449833	9606.ENSP00000437783	68.6	11
4445321	9606.ENSP00000369419	68.6	3
4436907	9606.ENSP00000291458	68.5	1
4447288	9606.ENSP00000385923	67.8	4
4443753	9606.ENSP00000360525	67.6	3
4441003	9606.ENSP00000339883	67.5	1
4434912	9606.ENSP00000261601	67.3	3
4438252	9606.ENSP00000306756	67.3	2
4442653	9606.ENSP00000355325	67.1	2
4436919	9606.ENSP00000291565	66.9	2
4443947	9606.ENSP00000361562	66.7	3
4435582	9606.ENSP00000265322	66.6	3
4439035	9606.ENSP00000316029	66.0	16
4447356	9606.ENSP00000386284	65.6	2
4436601	9606.ENSP00000284719	65.6	2
4433561	9606.ENSP00000232564	65.4	6
4450178	9606.ENSP00000445920	65.3	2
4448728	9606.ENSP00000414321	64.9	1
4438974	9606.ENSP00000315130	64.6	2
4448130	9606.ENSP00000400591	64.6	1
4441195	9606.ENSP00000341885	64.4	2
4446393	9606.ENSP00000378721	64.0	4
4450121	9606.ENSP00000444533	63.7	12
4438926	9606.ENSP00000314348	63.6	5
4434581	9606.ENSP00000257901	63.5	12
4438020	9606.ENSP00000304102	63.3	1
4436070	9606.ENSP00000273308	63.1	3
4440419	9606.ENSP00000333018	63.0	1
4435820	9606.ENSP00000268379	63.0	2
4437537	9606.ENSP00000299138	62.9	6
4433258	9606.ENSP00000222968	62.7	1
4439688	9606.ENSP00000324463	62.3	11
4449470	9606.ENSP00000428845	62.2	2
4435114	9606.ENSP00000262626	61.9	3
4449070	9606.ENSP00000419879	61.8	1
4434884	9606.ENSP00000261479	61.8	2
4451678	9606.ENSP00000482472	61.7	2
4449613	9606.ENSP00000431984	61.6	5
4446205	9606.ENSP00000377508	61.4	5
4440087	9606.ENSP00000329243	61.3	8
4444080	9606.ENSP00000362108	61.3	1
4445033	9606.ENSP00000367542	61.1	8
4434903	9606.ENSP00000261574	61.1	6
4437781	9606.ENSP00000301653	60.9	18
4435985	9606.ENSP00000271628	60.8	1
4441753	9606.ENSP00000347730	60.8	5
4438724	9606.ENSP00000311747	60.7	3
4439269	9606.ENSP00000319240	60.2	3
4441564	9606.ENSP00000345853	60.1	2
4434837	9606.ENSP00000261208	60.1	2
4449762	9606.ENSP00000435777	59.9	1
4447523	9606.ENSP00000387710	59.8	5
4436793	9606.ENSP00000289004	59.7	3
4448731	9606.ENSP00000414359	59.4	2
4439256	9606.ENSP00000319096	59.3	1
4445276	9606.ENSP00000369134	59.1	5
4446282	9606.ENSP00000378046	59.1	1
4444985	9606.ENSP00000367220	59.0	2
4438184	9606.ENSP00000306003	59.0	1
4447101	9606.ENSP00000384296	58.5	4
4446427	9606.ENSP00000378965	58.5	3
4442681	9606.ENSP00000355467	58.5	2
4434476	9606.ENSP00000256383	58.3	2
4436920	9606.ENSP00000291568	58.2	1
4439764	9606.ENSP00000325425	58.1	3
4436092	9606.ENSP00000273783	58.1	2
4432704	9606.ENSP00000168216	58.0	1
4442312	9606.ENSP00000353025	57.6	1
4443111	9606.ENSP00000357474	57.6	5
4442384	9606.ENSP00000353701	57.5	3
4439214	9606.ENSP00000318635	57.5	2
4437748	9606.ENSP00000301329	57.4	2
4444694	9606.ENSP00000365402	57.1	5
4434282	9606.ENSP00000253099	57.1	1
4447763	9606.ENSP00000392709	56.6	3
4445481	9606.ENSP00000370376	56.4	2
4433322	9606.ENSP00000225573	56.2	2
4447985	9606.ENSP00000397552	56.2	3
4434134	9606.ENSP00000250495	56.1	1
4449573	9606.ENSP00000431049	56.0	2
4437051	9606.ENSP00000294008	56.0	9
4449539	9606.ENSP00000430269	55.8	2
4440856	9606.ENSP00000338235	55.7	3
4451578	9606.ENSP00000481314	55.6	1
4449978	9606.ENSP00000441158	55.5	22
4446783	9606.ENSP00000381216	55.4	3
4446993	9606.ENSP00000383168	55.2	7
4432912	9606.ENSP00000216117	55.1	2
4441242	9606.ENSP00000342267	54.8	1
4444144	9606.ENSP00000362352	54.7	1
4444906	9606.ENSP00000366819	54.6	2
4438694	9606.ENSP00000311469	54.4	4
4437363	9606.ENSP00000297071	54.4	1
4447058	9606.ENSP00000383949	54.2	1
4438794	9606.ENSP00000312535	53.8	2
4439672	9606.ENSP00000324205	53.7	2
4434272	9606.ENSP00000253023	53.3	1
4438312	9606.ENSP00000307288	52.9	4
4435512	9606.ENSP00000264908	52.8	2
4448523	9606.ENSP00000409666	52.6	2
4434649	9606.ENSP00000258729	52.6	3
4432876	9606.ENSP00000215793	52.4	3
4446652	9606.ENSP00000380365	52.3	2
4443360	9606.ENSP00000358674	52.0	1
4443092	9606.ENSP00000357360	51.8	2
4441554	9606.ENSP00000345774	51.8	4
4434769	9606.ENSP00000260324	51.6	4
4439984	9606.ENSP00000328111	51.5	1
4446439	9606.ENSP00000379042	51.5	3
4439640	9606.ENSP00000323856	51.4	25
4435883	9606.ENSP00000269349	51.3	2
4445605	9606.ENSP00000371253	51.1	4
4443713	9606.ENSP00000360316	50.7	2
4442908	9606.ENSP00000356520	50.4	5
4438152	9606.ENSP00000305692	50.3	3
4444011	9606.ENSP00000361818	50.3	1
4437004	9606.ENSP00000293288	50.2	2
4445533	9606.ENSP00000370737	50.2	4
4443668	9606.ENSP00000360147	49.9	3
4450844	9606.ENSP00000467266	49.9	1
4451357	9606.ENSP00000479104	49.8	1
4438182	9606.ENSP00000305988	49.8	2
4442404	9606.ENSP00000353826	49.7	5
4445367	9606.ENSP00000369674	49.5	1
4449371	9606.ENSP00000426638	49.4	3
4435417	9606.ENSP00000264346	49.4	3
4447488	9606.ENSP00000387262	49.1	4
4449435	9606.ENSP00000428223	49.1	1
4435633	9606.ENSP00000265709	49.0	6
4439772	9606.ENSP00000325548	49.0	3
4433973	9606.ENSP00000246117	48.5	3
4435105	9606.ENSP00000262554	48.5	1
4442387	9606.ENSP00000353731	48.4	3
4448107	9606.ENSP00000400142	48.3	1
4443009	9606.ENSP00000356989	48.2	1
4436635	9606.ENSP00000285420	48.2	1
4438413	9606.ENSP00000308452	48.1	14
4437039	9606.ENSP00000293845	48.0	2
4446417	9606.ENSP00000378887	48.0	2
4443629	9606.ENSP00000359910	48.0	2
4441661	9606.ENSP00000346839	48.0	6
4436864	9606.ENSP00000290401	47.9	2
4450019	9606.ENSP00000442050	47.8	2
4445678	9606.ENSP00000371798	47.8	2
4445122	9606.ENSP00000368119	47.8	3
4444718	9606.ENSP00000365533	47.7	2
4451067	9606.ENSP00000473348	47.7	3
4445306	9606.ENSP00000369349	47.0	8
4451553	9606.ENSP00000481029	46.9	2
4440475	9606.ENSP00000333667	46.8	3
4433371	9606.ENSP00000226444	46.6	2
4447727	9606.ENSP00000392094	46.2	4
4438257	9606.ENSP00000306817	46.1	1
4448199	9606.ENSP00000401831	46.0	3
4447562	9606.ENSP00000388658	46.0	7
4449495	9606.ENSP00000429243	45.9	3
4448459	9606.ENSP00000407586	45.7	5
4436158	9606.ENSP00000274764	45.7	8
4450525	9606.ENSP00000455897	45.6	5
4445014	9606.ENSP00000367398	45.6	5
4448180	9606.ENSP00000401508	45.2	2
4437028	9606.ENSP00000293745	45.2	9
4433588	9606.ENSP00000233468	45.0	1
4435636	9606.ENSP00000265720	44.9	4
4434188	9606.ENSP00000251645	44.8	5
4432597	9606.ENSP00000014930	44.7	1
4438828	9606.ENSP00000312946	44.6	8
4440824	9606.ENSP00000337838	44.5	3
4440206	9606.ENSP00000330737	44.5	1
4436905	9606.ENSP00000291416	44.4	2
4436371	9606.ENSP00000280326	44.4	2
4436084	9606.ENSP00000273588	44.3	1
4433425	9606.ENSP00000228740	44.3	3
4436099	9606.ENSP00000273920	44.3	1
4441521	9606.ENSP00000345436	44.0	5
4435492	9606.ENSP00000264758	43.9	2
4435928	9606.ENSP00000270162	43.9	3
4451721	9606.ENSP00000482829	43.9	3
4449856	9606.ENSP00000438248	43.8	1
4434103	9606.ENSP00000249647	43.7	1
4435866	9606.ENSP00000269143	43.6	3
4444801	9606.ENSP00000366156	43.5	1
4434273	9606.ENSP00000253024	43.3	2
4440504	9606.ENSP00000333946	43.3	2
4444035	9606.ENSP00000361918	43.2	1
4450029	9606.ENSP00000442318	42.9	6
4437474	9606.ENSP00000298283	42.9	2
4438134	9606.ENSP00000305494	42.9	3
4448854	9606.ENSP00000416959	42.8	1
4446141	9606.ENSP00000377036	42.7	1
4445115	9606.ENSP00000368066	42.7	2
4436164	9606.ENSP00000274813	42.6	3
4446394	9606.ENSP00000378725	42.5	6
4433056	9606.ENSP00000218721	42.3	1
4444773	9606.ENSP00000365924	42.3	2
4440819	9606.ENSP00000337746	42.2	1
4446228	9606.ENSP00000377681	42.2	1
4434754	9606.ENSP00000260187	42.2	2
4434323	9606.ENSP00000253792	42.0	4
4447993	9606.ENSP00000397798	42.0	1
4442989	9606.ENSP00000356918	41.7	1
4446975	9606.ENSP00000382972	41.6	4
4448654	9606.ENSP00000412566	41.6	4
4438521	9606.ENSP00000309591	41.6	1
4438147	9606.ENSP00000305653	41.6	3
4438633	9606.ENSP00000310801	41.6	1
4450206	9606.ENSP00000446828	41.4	2
4435683	9606.ENSP00000266069	41.4	1
4443679	9606.ENSP00000360183	41.3	1
4451701	9606.ENSP00000482613	41.2	1
4448682	9606.ENSP00000413156	41.2	3
4438656	9606.ENSP00000311121	41.2	2
4432861	9606.ENSP00000215567	41.2	1
4435786	9606.ENSP00000267853	41.1	8
4435564	9606.ENSP00000265138	40.9	1
4438306	9606.ENSP00000307260	40.6	2
4441594	9606.ENSP00000346148	40.5	2
4432997	9606.ENSP00000217121	40.5	1
4451051	9606.ENSP00000472998	40.3	1
4437223	9606.ENSP00000296028	40.3	1
4435744	9606.ENSP00000267113	40.2	3
4448896	9606.ENSP00000417451	40.2	14
4435222	9606.ENSP00000263245	40.2	1
4441395	9606.ENSP00000344166	40.1	4
4439839	9606.ENSP00000326305	40.1	1
4442854	9606.ENSP00000356263	40.0	1
4451000	9606.ENSP00000471549	40.0	2
4439527	9606.ENSP00000322450	40.0	2
4439716	9606.ENSP00000324804	39.5	3
4436328	9606.ENSP00000279024	39.5	4
4436080	9606.ENSP00000273450	39.3	6
4440945	9606.ENSP00000339328	39.3	1
4437782	9606.ENSP00000301656	39.1	8
4447968	9606.ENSP00000397178	39.1	2
4450605	9606.ENSP00000458770	39.0	1
4443592	9606.ENSP00000359680	39.0	1
4436949	9606.ENSP00000292147	38.9	1
4436846	9606.ENSP00000290231	38.7	2
4432947	9606.ENSP00000216330	38.7	1
4445553	9606.ENSP00000370882	38.5	1
4441237	9606.ENSP00000342222	38.5	2
4439355	9606.ENSP00000320324	38.4	4
4447148	9606.ENSP00000384638	38.3	4
4450205	9606.ENSP00000446743	38.3	3
4438384	9606.ENSP00000308057	38.2	1
4435746	9606.ENSP00000267119	38.2	8
4444137	9606.ENSP00000362329	37.9	1
4443319	9606.ENSP00000358464	37.9	1
4434697	9606.ENSP00000259365	37.9	1
4444027	9606.ENSP00000361883	37.8	2
4434931	9606.ENSP00000261712	37.8	2
4443624	9606.ENSP00000359866	37.6	1
4438286	9606.ENSP00000307129	37.6	1
4440640	9606.ENSP00000335091	37.5	1
4444293	9606.ENSP00000363054	37.5	1
4450369	9606.ENSP00000451792	37.5	2
4434054	9606.ENSP00000248342	37.4	1
4442721	9606.ENSP00000355632	37.1	2
4444750	9606.ENSP00000365757	37.1	1
4450709	9606.ENSP00000463379	37.0	1
4434409	9606.ENSP00000255082	37.0	1
4445390	9606.ENSP00000369786	36.7	1
4436840	9606.ENSP00000290158	36.7	3
4433327	9606.ENSP00000225665	36.7	1
4443633	9606.ENSP00000359940	36.5	4
4438304	9606.ENSP00000307241	36.5	2
4448838	9606.ENSP00000416658	36.4	1
4438005	9606.ENSP00000303942	36.4	1
4443264	9606.ENSP00000358140	36.4	3
4449593	9606.ENSP00000431482	36.4	1
4434215	9606.ENSP00000252242	36.3	15
4432654	9606.ENSP00000078429	35.8	1
4436680	9606.ENSP00000286548	35.8	1
4443552	9606.ENSP00000359526	35.7	1
4451746	9606.ENSP00000483125	35.4	2
4440581	9606.ENSP00000334611	35.0	1
4438303	9606.ENSP00000307240	34.9	9
4446410	9606.ENSP00000378854	34.8	1
4449042	9606.ENSP00000419446	34.7	3
4451960	9606.ENSP00000485194	34.6	1
4437958	9606.ENSP00000303423	34.6	1
4445802	9606.ENSP00000373539	34.5	5
4443416	9606.ENSP00000358896	34.5	2
4437726	9606.ENSP00000301175	34.4	1
4448042	9606.ENSP00000398722	34.4	1
4433384	9606.ENSP00000227266	34.0	1
4438999	9606.ENSP00000315476	34.0	1
4444982	9606.ENSP00000367208	33.9	2
4446196	9606.ENSP00000377446	33.9	1
4432671	9606.ENSP00000157812	33.4	1
4441958	9606.ENSP00000349679	33.4	1
4437915	9606.ENSP00000302936	33.4	1
4440765	9606.ENSP00000337133	33.3	1
4434574	9606.ENSP00000257860	33.3	8
4439747	9606.ENSP00000325240	33.2	1
4433094	9606.ENSP00000219481	33.2	1
4451160	9606.ENSP00000476252	32.9	2
4441015	9606.ENSP00000340017	32.9	1
4433299	9606.ENSP00000224807	32.8	1
4432880	9606.ENSP00000215832	32.7	2
4449895	9606.ENSP00000439170	32.7	3
4449420	9606.ENSP00000427866	32.7	2
4437578	9606.ENSP00000299518	32.5	1
4447274	9606.ENSP00000385795	32.4	2
4435623	9606.ENSP00000265605	32.3	1
4439994	9606.ENSP00000328203	32.3	2
4435360	9606.ENSP00000264028	32.2	2
4443434	9606.ENSP00000358994	32.2	3
4439069	9606.ENSP00000316605	32.1	3
4433702	9606.ENSP00000238156	32.1	1
4434740	9606.ENSP00000259963	32.0	1
4446660	9606.ENSP00000380427	31.9	5
4451493	9606.ENSP00000480484	31.9	4
4443502	9606.ENSP00000359345	31.8	1
4439120	9606.ENSP00000317332	31.8	1
4438606	9606.ENSP00000310573	31.5	6
4435640	9606.ENSP00000265729	31.4	1
4441383	9606.ENSP00000343966	31.4	1
4441824	9606.ENSP00000348381	31.3	2
4434336	9606.ENSP00000254043	31.2	11
4438951	9606.ENSP00000314776	31.2	1
4437421	9606.ENSP00000297581	31.2	1
4437622	9606.ENSP00000300051	31.2	1
4439011	9606.ENSP00000315644	31.1	1
4445114	9606.ENSP00000368062	31.0	2
4446284	9606.ENSP00000378053	31.0	1
4450990	9606.ENSP00000471418	31.0	2
4450947	9606.ENSP00000470185	31.0	2
4449395	9606.ENSP00000427342	31.0	2
4451649	9606.ENSP00000482241	31.0	2
4451405	9606.ENSP00000479608	31.0	2
4450250	9606.ENSP00000448083	30.9	1
4436893	9606.ENSP00000290943	30.9	3
4433471	9606.ENSP00000229416	30.9	2
4437557	9606.ENSP00000299308	30.8	2
4446772	9606.ENSP00000381148	30.8	1
4442170	9606.ENSP00000351644	30.8	1
4442624	9606.ENSP00000355187	30.8	1
4442801	9606.ENSP00000356042	30.4	5
4439426	9606.ENSP00000321266	30.2	1
4435460	9606.ENSP00000264634	30.2	1
4449871	9606.ENSP00000438492	30.2	1
4432991	9606.ENSP00000216962	30.1	6
4443369	9606.ENSP00000358718	30.0	3
4438271	9606.ENSP00000306920	30.0	2
4432691	9606.ENSP00000164133	29.9	2
4448109	9606.ENSP00000400168	29.9	4
4444278	9606.ENSP00000362981	29.9	1
4448060	9606.ENSP00000399168	29.6	3
4442883	9606.ENSP00000356405	29.6	2
4449180	9606.ENSP00000421586	29.5	1
4434788	9606.ENSP00000260563	29.4	1
4437090	9606.ENSP00000294728	29.4	2
4433856	9606.ENSP00000243457	29.3	1
4441668	9606.ENSP00000346921	29.3	1
4437150	9606.ENSP00000295408	29.3	2
4433478	9606.ENSP00000229729	29.3	1
4447852	9606.ENSP00000394485	29.0	1
4446574	9606.ENSP00000379865	28.9	1
4441300	9606.ENSP00000343002	28.9	1
4439796	9606.ENSP00000325819	28.9	1
4451964	9606.ENSP00000485206	28.8	3
4450691	9606.ENSP00000463057	28.8	3
4450748	9606.ENSP00000464619	28.8	3
4435798	9606.ENSP00000268042	28.8	1
4451104	9606.ENSP00000474487	28.8	1
4446245	9606.ENSP00000377782	28.8	1
4433851	9606.ENSP00000243346	28.8	1
4436554	9606.ENSP00000283871	28.7	1
4440168	9606.ENSP00000330267	28.6	1
4442642	9606.ENSP00000355261	28.6	2
4440807	9606.ENSP00000337632	28.5	1
4434499	9606.ENSP00000256593	28.5	2
4449571	9606.ENSP00000430985	28.4	2
4439194	9606.ENSP00000318297	28.4	1
4436058	9606.ENSP00000273075	28.2	1
4435035	9606.ENSP00000262219	28.2	1
4434517	9606.ENSP00000256925	28.2	1
4439231	9606.ENSP00000318861	28.1	2
4434453	9606.ENSP00000256001	28.0	4
4433951	9606.ENSP00000245907	27.9	4
4439653	9606.ENSP00000323929	27.8	4
4446005	9606.ENSP00000376132	27.8	3
4443008	9606.ENSP00000356988	27.7	1
4442549	9606.ENSP00000354826	27.6	2
4442239	9606.ENSP00000352299	27.6	1
4438621	9606.ENSP00000310686	27.5	1
4449123	9606.ENSP00000420487	27.3	3
4437672	9606.ENSP00000300527	27.3	3
4444848	9606.ENSP00000366396	27.3	2
4446489	9606.ENSP00000379350	27.1	2
4442976	9606.ENSP00000356848	27.0	1
4447566	9606.ENSP00000388731	27.0	4
4437283	9606.ENSP00000296456	27.0	1
4447833	9606.ENSP00000394071	26.9	2
4447686	9606.ENSP00000391249	26.9	1
4439435	9606.ENSP00000321345	26.9	2
4434324	9606.ENSP00000253794	26.9	1
4435780	9606.ENSP00000267812	26.9	1
4444497	9606.ENSP00000364209	26.9	1
4437225	9606.ENSP00000296043	26.8	6
4443038	9606.ENSP00000357087	26.7	1
4446213	9606.ENSP00000377558	26.7	5
4439019	9606.ENSP00000315713	26.6	2
4433455	9606.ENSP00000229268	26.6	2
4451637	9606.ENSP00000482119	26.6	4
4435671	9606.ENSP00000265983	26.4	1
4450991	9606.ENSP00000471454	26.4	2
4432990	9606.ENSP00000216951	26.2	1
4434191	9606.ENSP00000251768	26.1	1
4434298	9606.ENSP00000253329	26.0	1
4436856	9606.ENSP00000290341	25.9	2
4448625	9606.ENSP00000411825	25.8	2
4448375	9606.ENSP00000405708	25.7	2
4449693	9606.ENSP00000433967	25.7	2
4439219	9606.ENSP00000318687	25.5	2
4439749	9606.ENSP00000325285	25.5	3
4447711	9606.ENSP00000391723	25.4	3
4445940	9606.ENSP00000375586	25.4	2
4450768	9606.ENSP00000465231	25.3	8
4445112	9606.ENSP00000368030	25.3	2
4435383	9606.ENSP00000264156	25.3	2
4437416	9606.ENSP00000297537	25.2	1
4448034	9606.ENSP00000398610	25.1	1
4434163	9606.ENSP00000251269	25.1	1
4446423	9606.ENSP00000378920	25.0	1
4435447	9606.ENSP00000264538	24.7	1
4439412	9606.ENSP00000321077	24.7	1
4444705	9606.ENSP00000365462	24.6	2
4452057	9606.ENSP00000485525	24.6	1
4450319	9606.ENSP00000450614	24.6	1
4448852	9606.ENSP00000416809	24.5	1
4439350	9606.ENSP00000320291	24.3	2
4446731	9606.ENSP00000380911	24.3	1
4451527	9606.ENSP00000480821	24.2	1
4440652	9606.ENSP00000335246	24.2	1
4451239	9606.ENSP00000477781	24.2	1
4435220	9606.ENSP00000263238	24.1	4
4442109	9606.ENSP00000351138	24.1	1
4438163	9606.ENSP00000305790	24.1	2
4436044	9606.ENSP00000272748	24.1	1
4452095	9606.ENSP00000485638	24.0	3
4450711	9606.ENSP00000463419	24.0	3
4449908	9606.ENSP00000439444	24.0	3
4435113	9606.ENSP00000262623	24.0	7
4433282	9606.ENSP00000223366	23.9	1
4439122	9606.ENSP00000317334	23.9	2
4445662	9606.ENSP00000371634	23.8	2
4443658	9606.ENSP00000360107	23.8	1
4443820	9606.ENSP00000360883	23.6	1
4440188	9606.ENSP00000330475	23.5	1
4442719	9606.ENSP00000355627	23.5	1
4441394	9606.ENSP00000344162	23.5	1
4435783	9606.ENSP00000267842	23.4	2
4445508	9606.ENSP00000370546	23.4	2
4446918	9606.ENSP00000382342	23.3	3
4449219	9606.ENSP00000422496	23.2	1
4434567	9606.ENSP00000257770	23.2	1
4451109	9606.ENSP00000474632	23.2	2
4451796	9606.ENSP00000483637	23.2	2
4451866	9606.ENSP00000484601	23.2	2
4451571	9606.ENSP00000481184	23.2	2
4433719	9606.ENSP00000238738	23.1	1
4447302	9606.ENSP00000386049	23.1	3
4443261	9606.ENSP00000358107	23.0	1
4448446	9606.ENSP00000407301	23.0	2
4444174	9606.ENSP00000362480	22.9	1
4434474	9606.ENSP00000256366	22.8	1
4443403	9606.ENSP00000358851	22.7	2
4438115	9606.ENSP00000305263	22.7	7
4438421	9606.ENSP00000308541	22.7	1
4446302	9606.ENSP00000378167	22.6	3
4438753	9606.ENSP00000312129	22.5	1
4446461	9606.ENSP00000379182	22.5	1
4436555	9606.ENSP00000283875	22.5	1
4450086	9606.ENSP00000443495	22.3	10
4441952	9606.ENSP00000349629	22.3	6
4442722	9606.ENSP00000355637	22.1	2
4437205	9606.ENSP00000295896	22.1	1
4437269	9606.ENSP00000296358	22.1	1
4441806	9606.ENSP00000348163	21.9	5
4444714	9606.ENSP00000365522	21.9	1
4438947	9606.ENSP00000314649	21.8	1
4432622	9606.ENSP00000040663	21.8	1
4443409	9606.ENSP00000358866	21.7	7
4446176	9606.ENSP00000377298	21.7	5
4449809	9606.ENSP00000437073	21.7	4
4441532	9606.ENSP00000345555	21.7	1
4447954	9606.ENSP00000396937	21.6	1
4433841	9606.ENSP00000243077	21.6	9
4433764	9606.ENSP00000240185	21.5	1
4446882	9606.ENSP00000381992	21.4	1
4438110	9606.ENSP00000305221	21.3	1
4436218	9606.ENSP00000276390	21.2	1
4439184	9606.ENSP00000318165	21.1	1
4434418	9606.ENSP00000255192	21.1	2
4451645	9606.ENSP00000482218	21.0	1
4446350	9606.ENSP00000378400	20.9	2
4444413	9606.ENSP00000363668	20.9	1
4448471	9606.ENSP00000408005	20.8	1
4443389	9606.ENSP00000358795	20.8	1
4435624	9606.ENSP00000265627	20.8	1
4440594	9606.ENSP00000334798	20.8	5
4433990	9606.ENSP00000246635	20.7	7
4448871	9606.ENSP00000417175	20.6	1
4441294	9606.ENSP00000342952	20.6	1
4436381	9606.ENSP00000280551	20.5	1
4434906	9606.ENSP00000261590	20.5	1
4433798	9606.ENSP00000241337	20.5	2
4443296	9606.ENSP00000358312	20.4	1
4450993	9606.ENSP00000471457	20.4	5
4446635	9606.ENSP00000380271	20.4	4
4448304	9606.ENSP00000404121	20.4	2
4441355	9606.ENSP00000343657	20.4	1
4433622	9606.ENSP00000234296	20.3	1
4443293	9606.ENSP00000358307	20.3	1
4439933	9606.ENSP00000327538	20.3	1
4441039	9606.ENSP00000340409	20.2	2
4449868	9606.ENSP00000438465	20.2	1
4451361	9606.ENSP00000479130	20.2	1
4442896	9606.ENSP00000356448	20.1	5
4440285	9606.ENSP00000331682	20.1	1
4434885	9606.ENSP00000261483	20.1	2
4446860	9606.ENSP00000381785	19.9	1
4432923	9606.ENSP00000216180	19.9	2
4442327	9606.ENSP00000353142	19.8	1
4448198	9606.ENSP00000401802	19.8	1
4432901	9606.ENSP00000216038	19.8	1
4435544	9606.ENSP00000265056	19.7	2
4440912	9606.ENSP00000338964	19.7	1
4449377	9606.ENSP00000426906	19.6	1
4438388	9606.ENSP00000308149	19.6	1
4443543	9606.ENSP00000359504	19.6	1
4435411	9606.ENSP00000264279	19.6	1
4444198	9606.ENSP00000362592	19.4	1
4449810	9606.ENSP00000437082	19.4	1
4444962	9606.ENSP00000367123	19.4	1
4448043	9606.ENSP00000398736	19.3	1
4435468	9606.ENSP00000264657	19.2	1
4440948	9606.ENSP00000339374	19.2	1
4446828	9606.ENSP00000381565	19.2	2
4450132	9606.ENSP00000444810	19.2	1
4451639	9606.ENSP00000482133	19.1	1
4440352	9606.ENSP00000332371	19.0	5
4443534	9606.ENSP00000359478	18.9	1
4441553	9606.ENSP00000345773	18.8	1
4445971	9606.ENSP00000375844	18.8	1
4445839	9606.ENSP00000373905	18.7	1
4438862	9606.ENSP00000313437	18.7	1
4448937	9606.ENSP00000417901	18.7	1
4438460	9606.ENSP00000308926	18.7	1
4435509	9606.ENSP00000264883	18.6	1
4446348	9606.ENSP00000378394	18.6	1
4434611	9606.ENSP00000258214	18.5	1
4449717	9606.ENSP00000434614	18.5	1
4441258	9606.ENSP00000342481	18.5	2
4443175	9606.ENSP00000357750	18.5	1
4435445	9606.ENSP00000264501	18.4	8
4444880	9606.ENSP00000366604	18.4	1
4446864	9606.ENSP00000381823	18.3	1
4444462	9606.ENSP00000363985	18.3	1
4446052	9606.ENSP00000376410	18.3	1
4438255	9606.ENSP00000306776	18.0	2
4449135	9606.ENSP00000420659	18.0	1
4450498	9606.ENSP00000455265	18.0	1
4449333	9606.ENSP00000425715	17.9	1
4443122	9606.ENSP00000357552	17.9	3
4437840	9606.ENSP00000302251	17.9	1
4449201	9606.ENSP00000422007	17.8	8
4439897	9606.ENSP00000327104	17.8	1
4436014	9606.ENSP00000272298	17.8	1
4436903	9606.ENSP00000291295	17.8	1
4441930	9606.ENSP00000349467	17.8	1
4444757	9606.ENSP00000365817	17.7	2
4451610	9606.ENSP00000481732	17.6	1
4446665	9606.ENSP00000380450	17.5	1
4445322	9606.ENSP00000369424	17.5	1
4433291	9606.ENSP00000223862	17.5	1
4443708	9606.ENSP00000360299	17.4	1
4433494	9606.ENSP00000230122	17.4	1
4446491	9606.ENSP00000379364	17.4	1
4444938	9606.ENSP00000366998	17.4	1
4448476	9606.ENSP00000408146	17.3	1
4443667	9606.ENSP00000360141	17.3	2
4434869	9606.ENSP00000261396	17.2	1
4438803	9606.ENSP00000312634	17.1	1
4433071	9606.ENSP00000219240	17.0	1
4447381	9606.ENSP00000386456	17.0	1
4440600	9606.ENSP00000334836	16.8	1
4437502	9606.ENSP00000298556	16.8	1
4438823	9606.ENSP00000312778	16.8	1
4441332	9606.ENSP00000343405	16.8	1
4436129	9606.ENSP00000274364	16.7	3
4449764	9606.ENSP00000435926	16.6	1
4433112	9606.ENSP00000220325	16.6	1
4450935	9606.ENSP00000469958	16.6	1
4442230	9606.ENSP00000352257	16.6	1
4449667	9606.ENSP00000433352	16.5	2
4445840	9606.ENSP00000373918	16.5	1
4436773	9606.ENSP00000288462	16.4	1
4434718	9606.ENSP00000259708	16.3	1
4441522	9606.ENSP00000345445	16.2	1
4443573	9606.ENSP00000359600	16.2	1
4440895	9606.ENSP00000338770	16.2	1
4449733	9606.ENSP00000435210	16.2	1
4447185	9606.ENSP00000384957	16.2	1
4441272	9606.ENSP00000342680	16.1	1
4437636	9606.ENSP00000300107	16.1	2
4446505	9606.ENSP00000379412	16.1	3
4433658	9606.ENSP00000236040	16.1	1
4447837	9606.ENSP00000394168	16.0	1
4448929	9606.ENSP00000417711	16.0	2
4437170	9606.ENSP00000295640	16.0	1
4445575	9606.ENSP00000371040	15.9	1
4440001	9606.ENSP00000328245	15.9	1
4438431	9606.ENSP00000308610	15.8	1
4444579	9606.ENSP00000364677	15.7	1
4438834	9606.ENSP00000313007	15.7	2
4450579	9606.ENSP00000457704	15.7	1
4444274	9606.ENSP00000362962	15.7	3
4449611	9606.ENSP00000431962	15.7	1
4442713	9606.ENSP00000355607	15.7	1
4443442	9606.ENSP00000359025	15.5	1
4447775	9606.ENSP00000393066	15.5	1
4437242	9606.ENSP00000296137	15.5	3
4435073	9606.ENSP00000262407	15.5	1
4439337	9606.ENSP00000320171	15.5	1
4440558	9606.ENSP00000334382	15.4	1
4442321	9606.ENSP00000353099	15.3	1
4434988	9606.ENSP00000261980	15.2	1
4438678	9606.ENSP00000311343	15.2	1
4447059	9606.ENSP00000383973	15.2	1
4433896	9606.ENSP00000244513	15.2	1
4438074	9606.ENSP00000304769	15.2	1
4438932	9606.ENSP00000314444	15.1	2
4435997	9606.ENSP00000271971	15.0	1
4434910	9606.ENSP00000261597	15.0	1
4448891	9606.ENSP00000417354	15.0	1
4448965	9606.ENSP00000418447	14.9	1
4433144	9606.ENSP00000221138	14.9	1
4442535	9606.ENSP00000354742	14.9	1
4439602	9606.ENSP00000323421	14.9	2
4447684	9606.ENSP00000391211	14.8	1
4441907	9606.ENSP00000349291	14.7	1
4434005	9606.ENSP00000246914	14.7	4
4444324	9606.ENSP00000363232	14.6	1
4451364	9606.ENSP00000479153	14.6	1
4443464	9606.ENSP00000359151	14.5	1
4447999	9606.ENSP00000397911	14.5	1
4446493	9606.ENSP00000379366	14.5	1
4438489	9606.ENSP00000309285	14.4	1
4444194	9606.ENSP00000362576	14.3	1
4442906	9606.ENSP00000356515	14.3	4
4449156	9606.ENSP00000421142	14.3	1
4450983	9606.ENSP00000471242	14.2	1
4435466	9606.ENSP00000264649	14.2	1
4432986	9606.ENSP00000216832	14.2	1
4435371	9606.ENSP00000264065	14.2	1
4438627	9606.ENSP00000310723	14.2	1
4450095	9606.ENSP00000443926	14.1	1
4441301	9606.ENSP00000343023	14.1	1
4441998	9606.ENSP00000350012	13.9	2
4446170	9606.ENSP00000377262	13.7	1
4435181	9606.ENSP00000263026	13.7	1
4439102	9606.ENSP00000317128	13.7	2
4446560	9606.ENSP00000379802	13.7	1
4446964	9606.ENSP00000382815	13.6	2
4441354	9606.ENSP00000343656	13.5	3
4448537	9606.ENSP00000410059	13.5	1
4434618	9606.ENSP00000258341	13.3	2
4447213	9606.ENSP00000385215	13.3	2
4438544	9606.ENSP00000309836	13.3	2
4433920	9606.ENSP00000245121	13.2	1
4446458	9606.ENSP00000379168	13.1	1
4443694	9606.ENSP00000360247	13.1	1
4443854	9606.ENSP00000361043	13.1	1
4437042	9606.ENSP00000293872	13.1	2
4438997	9606.ENSP00000315465	13.0	2
4445150	9606.ENSP00000368314	13.0	1
4446786	9606.ENSP00000381234	12.9	1
4446785	9606.ENSP00000381231	12.9	1
4446531	9606.ENSP00000379616	12.9	8
4436199	9606.ENSP00000275884	12.9	1
4438206	9606.ENSP00000306261	12.9	6
4441643	9606.ENSP00000346643	12.9	1
4448576	9606.ENSP00000410833	12.9	1
4432917	9606.ENSP00000216129	12.9	1
4446428	9606.ENSP00000378972	12.9	2
4440851	9606.ENSP00000338185	12.8	2
4434864	9606.ENSP00000261374	12.8	2
4443068	9606.ENSP00000357219	12.8	1
4433548	9606.ENSP00000231751	12.7	1
4433244	9606.ENSP00000222673	12.7	1
4448873	9606.ENSP00000417183	12.7	1
4436348	9606.ENSP00000279488	12.6	1
4438553	9606.ENSP00000310015	12.6	1
4442741	9606.ENSP00000355751	12.6	1
4446543	9606.ENSP00000379683	12.6	1
4437442	9606.ENSP00000297848	12.6	2
4441680	9606.ENSP00000347005	12.5	1
4446721	9606.ENSP00000380869	12.5	1
4442456	9606.ENSP00000354394	12.5	1
4451228	9606.ENSP00000477654	12.5	1
4449265	9606.ENSP00000423820	12.4	1
4435180	9606.ENSP00000263025	12.4	1
4436227	9606.ENSP00000276480	12.4	1
4438183	9606.ENSP00000305995	12.3	3
4436186	9606.ENSP00000275493	12.2	1
4432792	9606.ENSP00000202677	12.2	3
4450288	9606.ENSP00000449535	12.2	1
4434427	9606.ENSP00000255324	12.2	2
4446690	9606.ENSP00000380638	12.1	2
4433177	9606.ENSP00000221700	12.1	2
4450624	9606.ENSP00000459943	12.0	1
4444138	9606.ENSP00000362330	12.0	3
4439162	9606.ENSP00000317955	11.9	2
4446847	9606.ENSP00000381693	11.9	2
4437331	9606.ENSP00000296754	11.8	1
4434471	9606.ENSP00000256339	11.8	2
4451720	9606.ENSP00000482826	11.8	1
4435386	9606.ENSP00000264161	11.8	1
4437643	9606.ENSP00000300146	11.8	1
4446420	9606.ENSP00000378912	11.7	1
4435578	9606.ENSP00000265295	11.7	1
4446940	9606.ENSP00000382610	11.7	1
4442019	9606.ENSP00000350199	11.7	2
4443260	9606.ENSP00000358106	11.7	1
4433310	9606.ENSP00000225371	11.7	1
4440611	9606.ENSP00000334910	11.7	1
4438504	9606.ENSP00000309474	11.7	1
4443397	9606.ENSP00000358814	11.6	1
4436916	9606.ENSP00000291552	11.5	1
4451906	9606.ENSP00000485022	11.5	1
4450148	9606.ENSP00000445135	11.5	2
4451882	9606.ENSP00000484713	11.5	2
4446916	9606.ENSP00000382334	11.5	1
4438108	9606.ENSP00000305204	11.4	1
4441302	9606.ENSP00000343027	11.4	2
4439055	9606.ENSP00000316454	11.3	1
4432577	9606.ENSP00000007735	11.3	3
4447075	9606.ENSP00000384115	11.3	1
4439029	9606.ENSP00000315931	11.3	1
4437304	9606.ENSP00000296543	11.3	1
4439233	9606.ENSP00000318868	11.3	1
4441009	9606.ENSP00000339958	11.3	1
4448692	9606.ENSP00000413479	11.2	5
4432946	9606.ENSP00000216297	11.2	1
4437527	9606.ENSP00000298912	11.1	1
4439777	9606.ENSP00000325594	11.1	1
4441140	9606.ENSP00000341292	11.0	4
4435366	9606.ENSP00000264042	11.0	1
4438084	9606.ENSP00000304891	11.0	1
4436267	9606.ENSP00000277895	11.0	1
4445197	9606.ENSP00000368667	10.9	1
4451722	9606.ENSP00000482835	10.9	2
4438880	9606.ENSP00000313759	10.9	1
4450254	9606.ENSP00000448220	10.9	5
4435521	9606.ENSP00000264951	10.9	2
4438865	9606.ENSP00000313490	10.8	1
4449982	9606.ENSP00000441269	10.8	1
4448814	9606.ENSP00000416097	10.8	1
4451295	9606.ENSP00000478417	10.8	1
4432624	9606.ENSP00000040877	10.8	2
4438277	9606.ENSP00000306999	10.8	1
4433149	9606.ENSP00000221307	10.8	2
4448943	9606.ENSP00000418001	10.8	1
4440617	9606.ENSP00000334952	10.7	1
4440663	9606.ENSP00000335321	10.7	1
4441558	9606.ENSP00000345808	10.6	1
4444044	9606.ENSP00000361949	10.6	1
4446430	9606.ENSP00000378992	10.6	2
4432546	9606.ENSP00000001008	10.6	1
4445294	9606.ENSP00000369292	10.6	4
4449364	9606.ENSP00000426455	10.6	1
4450488	9606.ENSP00000455047	10.6	1
4434834	9606.ENSP00000261196	10.5	1
4447445	9606.ENSP00000386911	10.5	1
4434610	9606.ENSP00000258201	10.5	1
4436033	9606.ENSP00000272452	10.4	1
4440508	9606.ENSP00000333980	10.4	1
4440157	9606.ENSP00000330101	10.4	5
4445058	9606.ENSP00000367721	10.3	1
4441751	9606.ENSP00000347719	10.3	1
4446324	9606.ENSP00000378292	10.3	1
4432975	9606.ENSP00000216605	10.3	1
4442432	9606.ENSP00000354125	10.3	1
4445201	9606.ENSP00000368686	10.2	1
4441853	9606.ENSP00000348708	10.2	1
4443630	9606.ENSP00000359925	10.1	1
4451758	9606.ENSP00000483300	10.1	2
4438382	9606.ENSP00000308024	10.1	1
4433453	9606.ENSP00000229264	10.0	1
4447223	9606.ENSP00000385357	10.0	1
4435215	9606.ENSP00000263208	9.99	1
4434535	9606.ENSP00000257215	9.97	1
4451951	9606.ENSP00000485172	9.97	1
4434890	9606.ENSP00000261503	9.94	2
4437790	9606.ENSP00000301732	9.94	1
4434050	9606.ENSP00000248211	9.91	1
4445235	9606.ENSP00000368884	9.88	1
4449936	9606.ENSP00000440222	9.86	1
4434362	9606.ENSP00000254508	9.77	1
4446734	9606.ENSP00000380929	9.7	1
4443706	9606.ENSP00000360293	9.6	1
4435263	9606.ENSP00000263433	9.6	1
4435459	9606.ENSP00000264613	9.6	1
4439142	9606.ENSP00000317614	9.57	1
4438324	9606.ENSP00000307461	9.52	1
4436503	9606.ENSP00000282588	9.52	1
4436006	9606.ENSP00000272203	9.5	1
4435152	9606.ENSP00000262873	9.48	2
4435467	9606.ENSP00000264651	9.45	3
4433956	9606.ENSP00000245934	9.44	1
4433630	9606.ENSP00000234420	9.44	1
4442622	9606.ENSP00000355180	9.39	1
4436906	9606.ENSP00000291442	9.39	1
4435214	9606.ENSP00000263207	9.39	1
4437576	9606.ENSP00000299492	9.39	1
4442748	9606.ENSP00000355797	9.33	1
4442543	9606.ENSP00000354791	9.31	1
4450839	9606.ENSP00000467123	9.28	2
4438858	9606.ENSP00000313420	9.26	3
4441134	9606.ENSP00000341247	9.24	1
4437990	9606.ENSP00000303769	9.18	2
4439733	9606.ENSP00000325017	9.17	1
4434951	9606.ENSP00000261797	9.15	2
4434871	9606.ENSP00000261405	9.11	2
4437448	9606.ENSP00000297954	9.1	4
4448014	9606.ENSP00000398131	9.09	1
4439437	9606.ENSP00000321348	9.07	1
4450555	9606.ENSP00000457168	9.06	2
4447827	9606.ENSP00000393963	9.02	2
4435573	9606.ENSP00000265239	9.01	2
4448592	9606.ENSP00000411096	8.97	4
4435897	9606.ENSP00000269571	8.94	1
4435208	9606.ENSP00000263181	8.92	1
4434065	9606.ENSP00000248633	8.9	3
4449161	9606.ENSP00000421191	8.89	1
4433508	9606.ENSP00000230640	8.89	1
4440425	9606.ENSP00000333142	8.88	1
4443239	9606.ENSP00000357998	8.82	1
4445920	9606.ENSP00000375220	8.81	3
4432809	9606.ENSP00000205061	8.73	1
4450216	9606.ENSP00000447000	8.71	1
4446120	9606.ENSP00000376899	8.69	1
4432702	9606.ENSP00000167588	8.65	4
4449308	9606.ENSP00000424827	8.6	1
4442051	9606.ENSP00000350447	8.56	1
4441487	9606.ENSP00000345083	8.47	2
4446221	9606.ENSP00000377616	8.42	3
4445823	9606.ENSP00000373700	8.39	1
4438817	9606.ENSP00000312734	8.38	3
4441061	9606.ENSP00000340596	8.37	1
4439167	9606.ENSP00000318016	8.37	1
4437702	9606.ENSP00000300935	8.34	3
4435872	9606.ENSP00000269209	8.3	1
4451496	9606.ENSP00000480499	8.29	1
4450617	9606.ENSP00000459451	8.22	1
4435615	9606.ENSP00000265562	8.16	1
4437400	9606.ENSP00000297405	8.14	3
4435229	9606.ENSP00000263269	8.13	1
4442453	9606.ENSP00000354376	8.03	1
4440101	9606.ENSP00000329419	8.01	1
4439225	9606.ENSP00000318803	8.01	1
4448833	9606.ENSP00000416534	7.96	1
4450229	9606.ENSP00000447378	7.95	1
4436204	9606.ENSP00000276066	7.95	2
4440749	9606.ENSP00000336923	7.87	1
4448235	9606.ENSP00000402515	7.85	2
4449759	9606.ENSP00000435637	7.84	1
4448805	9606.ENSP00000415941	7.8	1
4447940	9606.ENSP00000396688	7.8	1
4448806	9606.ENSP00000415968	7.79	1
4443508	9606.ENSP00000359370	7.76	1
4439626	9606.ENSP00000323687	7.71	1
4440339	9606.ENSP00000332215	7.64	1
4445833	9606.ENSP00000373827	7.63	1
4440850	9606.ENSP00000338173	7.58	1
4446172	9606.ENSP00000377275	7.54	4
4444583	9606.ENSP00000364691	7.54	2
4446071	9606.ENSP00000376522	7.51	1
4448605	9606.ENSP00000411355	7.5	1
4433946	9606.ENSP00000245812	7.5	1
4439659	9606.ENSP00000324020	7.47	1
4439922	9606.ENSP00000327453	7.44	1
4433408	9606.ENSP00000228347	7.42	1
4450251	9606.ENSP00000448165	7.42	1
4443026	9606.ENSP00000357060	7.4	3
4445637	9606.ENSP00000371472	7.34	5
4439052	9606.ENSP00000316357	7.34	2
4435923	9606.ENSP00000270077	7.29	1
4444875	9606.ENSP00000366557	7.24	1
4434878	9606.ENSP00000261439	7.22	1
4439577	9606.ENSP00000323074	7.21	1
4436437	9606.ENSP00000281589	7.18	1
4434738	9606.ENSP00000259951	7.14	1
4449915	9606.ENSP00000439601	7.12	2
4441484	9606.ENSP00000345029	7.08	1
4435770	9606.ENSP00000267512	7.08	1
4441937	9606.ENSP00000349508	7.03	1
4444951	9606.ENSP00000367050	6.96	1
4438507	9606.ENSP00000309501	6.95	1
4439770	9606.ENSP00000325527	6.95	2
4445612	9606.ENSP00000371308	6.95	1
4433538	9606.ENSP00000231498	6.94	2
4449881	9606.ENSP00000438788	6.93	1
4435002	9606.ENSP00000262094	6.9	2
4436435	9606.ENSP00000281537	6.87	1
4442476	9606.ENSP00000354498	6.79	1
4439812	9606.ENSP00000326018	6.79	1
4442199	9606.ENSP00000351926	6.73	1
4432714	9606.ENSP00000171887	6.67	1
4432552	9606.ENSP00000003084	6.64	1
4450158	9606.ENSP00000445408	6.63	1
4443125	9606.ENSP00000357564	6.62	1
4443731	9606.ENSP00000360423	6.43	2
4445990	9606.ENSP00000375960	6.42	1
4443550	9606.ENSP00000359521	6.42	1
4445599	9606.ENSP00000371212	6.39	1
4451797	9606.ENSP00000483667	6.31	1
4442185	9606.ENSP00000351770	6.3	1
4432953	9606.ENSP00000216373	6.23	1
4451381	9606.ENSP00000479322	6.15	2
4438756	9606.ENSP00000312143	6.15	1
4444429	9606.ENSP00000363779	6.15	1
4440334	9606.ENSP00000332164	6.12	1
4435975	9606.ENSP00000271332	6.1	1
4433361	9606.ENSP00000226253	6.08	1
4447089	9606.ENSP00000384211	6.03	1
4447910	9606.ENSP00000396045	5.97	1
4448954	9606.ENSP00000418194	5.96	1
4448318	9606.ENSP00000404296	5.92	1
4434959	9606.ENSP00000261839	5.88	1
4442771	9606.ENSP00000355922	5.8	3
4439901	9606.ENSP00000327145	5.78	3
4442003	9606.ENSP00000350036	5.69	1
4446376	9606.ENSP00000378570	5.69	1
4442376	9606.ENSP00000353600	5.69	1
4441754	9606.ENSP00000347739	5.69	1
4446527	9606.ENSP00000379601	5.66	2
4451271	9606.ENSP00000478104	5.65	2
4439540	9606.ENSP00000322594	5.63	2
4435480	9606.ENSP00000264705	5.58	2
4444953	9606.ENSP00000367064	5.49	1
4451853	9606.ENSP00000484472	5.39	2
4437327	9606.ENSP00000296702	5.38	1
4440208	9606.ENSP00000330753	5.31	1
4439166	9606.ENSP00000317997	5.27	1
4446414	9606.ENSP00000378868	5.26	1
4433949	9606.ENSP00000245838	5.21	1
4434233	9606.ENSP00000252542	5.15	1
4450849	9606.ENSP00000467423	5.15	1
4434153	9606.ENSP00000251119	5.13	1
4433215	9606.ENSP00000222256	5.13	2
4433577	9606.ENSP00000233099	5.11	1
4441051	9606.ENSP00000340510	5.08	2
4443791	9606.ENSP00000360718	5.05	2
4436048	9606.ENSP00000272895	5.04	1
4437711	9606.ENSP00000301030	5.04	1
4438692	9606.ENSP00000311449	5.02	2
4436772	9606.ENSP00000288368	4.99	1
4433417	9606.ENSP00000228515	4.98	1
4444377	9606.ENSP00000363482	4.93	1
4435559	9606.ENSP00000265104	4.89	3
4442855	9606.ENSP00000356265	4.86	2
4437335	9606.ENSP00000296782	4.82	1
4441066	9606.ENSP00000340648	4.81	1
4446215	9606.ENSP00000377570	4.8	1
4436622	9606.ENSP00000285208	4.8	2
4447724	9606.ENSP00000392043	4.72	1
4433116	9606.ENSP00000220496	4.71	1
4442031	9606.ENSP00000350310	4.69	1
4435085	9606.ENSP00000262450	4.68	1
4436505	9606.ENSP00000282633	4.67	1
4437439	9606.ENSP00000297814	4.66	1
4434190	9606.ENSP00000251691	4.65	1
4449732	9606.ENSP00000435189	4.62	2
4434913	9606.ENSP00000261609	4.61	3
4444989	9606.ENSP00000367263	4.61	2
4434121	9606.ENSP00000250113	4.61	1
4434768	9606.ENSP00000260323	4.58	2
4445872	9606.ENSP00000374309	4.58	1
4433466	9606.ENSP00000229340	4.57	2
4444922	9606.ENSP00000366927	4.55	2
4435814	9606.ENSP00000268182	4.52	1
4434711	9606.ENSP00000259569	4.42	1
4434106	9606.ENSP00000249750	4.38	2
4439798	9606.ENSP00000325827	4.32	1
4435268	9606.ENSP00000263519	4.3	1
4441910	9606.ENSP00000349305	4.18	1
4445691	9606.ENSP00000371886	4.17	1
4449644	9606.ENSP00000432768	4.14	1
4442354	9606.ENSP00000353414	4.12	1
4437435	9606.ENSP00000297784	4.12	1
4441350	9606.ENSP00000343629	4.1	1
4442777	9606.ENSP00000355930	4.09	1
4443251	9606.ENSP00000358064	4.09	1
4434639	9606.ENSP00000258494	4.05	1
4433204	9606.ENSP00000222120	3.97	2
4433294	9606.ENSP00000224140	3.93	1
4439101	9606.ENSP00000317123	3.92	1
4436443	9606.ENSP00000281722	3.91	1
4450305	9606.ENSP00000450337	3.86	2
4436379	9606.ENSP00000280481	3.76	1
4442922	9606.ENSP00000356575	3.7	1
4441698	9606.ENSP00000347198	3.68	2
4446693	9606.ENSP00000380661	3.67	1
4440296	9606.ENSP00000331748	3.58	2
4451217	9606.ENSP00000477567	3.56	1
4442583	9606.ENSP00000354964	3.49	1
4436563	9606.ENSP00000284061	3.48	1
4448853	9606.ENSP00000416951	3.47	2
4445136	9606.ENSP00000368215	3.46	1
4451775	9606.ENSP00000483469	3.43	1
4441932	9606.ENSP00000349486	3.38	1
4436512	9606.ENSP00000282878	3.32	2
4435321	9606.ENSP00000263816	3.3	1
4447137	9606.ENSP00000384588	3.3	1
4445465	9606.ENSP00000370242	3.28	3
4446951	9606.ENSP00000382717	3.25	1
4442225	9606.ENSP00000352208	3.23	2
4434189	9606.ENSP00000251646	3.14	2
4444728	9606.ENSP00000365606	3.12	1
4444723	9606.ENSP00000365576	3.07	1
4445785	9606.ENSP00000373347	3.07	1
4434893	9606.ENSP00000261517	3.06	1
4441469	9606.ENSP00000344871	3.05	1
4434894	9606.ENSP00000261520	3.05	1
4443320	9606.ENSP00000358466	3.03	2
4442574	9606.ENSP00000354923	3.0	1
4440342	9606.ENSP00000332256	2.99	2
4437683	9606.ENSP00000300648	2.92	1
4433847	9606.ENSP00000243298	2.91	2
4434539	9606.ENSP00000257287	2.91	3
4450243	9606.ENSP00000448012	2.84	2
4451557	9606.ENSP00000481054	2.83	2
4448818	9606.ENSP00000416168	2.73	1
4435566	9606.ENSP00000265148	2.73	2
4440741	9606.ENSP00000336831	2.69	1
4434167	9606.ENSP00000251337	2.67	1
4452054	9606.ENSP00000485514	2.66	3
4432693	9606.ENSP00000164227	2.65	1
4437526	9606.ENSP00000298910	2.61	2
4448515	9606.ENSP00000409382	2.57	2
4438205	9606.ENSP00000306253	2.44	3
4444272	9606.ENSP00000362946	2.43	2
4435034	9606.ENSP00000262215	2.42	1
4442736	9606.ENSP00000355731	2.4	2
4441498	9606.ENSP00000345195	2.36	1
4440520	9606.ENSP00000334051	2.35	1
4436770	9606.ENSP00000288235	2.34	1
4439309	9606.ENSP00000319781	2.33	2
4443836	9606.ENSP00000360985	2.32	1
4442427	9606.ENSP00000354085	2.3	1
4434867	9606.ENSP00000261383	2.3	1
4445535	9606.ENSP00000370744	2.24	2
4446778	9606.ENSP00000381198	2.24	2
4449615	9606.ENSP00000432016	2.23	1
4446048	9606.ENSP00000376390	2.21	2
4450294	9606.ENSP00000449784	2.12	1
4442725	9606.ENSP00000355651	2.1	2
4433558	9606.ENSP00000232461	2.04	1
4441941	9606.ENSP00000349560	2.01	2
4436771	9606.ENSP00000288266	1.96	1
4437306	9606.ENSP00000296564	1.9	2
4446799	9606.ENSP00000381339	1.9	1
4433298	9606.ENSP00000224652	1.89	1
4441784	9606.ENSP00000347997	1.88	1
4434410	9606.ENSP00000255084	1.87	1
4435084	9606.ENSP00000262442	1.84	1
4444731	9606.ENSP00000365630	1.83	2
4443078	9606.ENSP00000357292	1.75	1
4451448	9606.ENSP00000480056	1.75	1
4448623	9606.ENSP00000411821	1.64	1
4436198	9606.ENSP00000275820	1.63	1
4451088	9606.ENSP00000473990	1.53	1
4444677	9606.ENSP00000365266	1.52	1
4435249	9606.ENSP00000263373	1.5	1
4442074	9606.ENSP00000350719	1.44	1
4434708	9606.ENSP00000259486	1.42	1
4443307	9606.ENSP00000358400	1.4	2
4450840	9606.ENSP00000467141	1.27	4
4451845	9606.ENSP00000484342	1.21	2
4450508	9606.ENSP00000455507	1.11	1
4442844	9606.ENSP00000356224	1.1	1
4448376	9606.ENSP00000405726	1.02	1
4433991	9606.ENSP00000246646	0.949	1
4433320	9606.ENSP00000225550	0.947	1
4440080	9606.ENSP00000329165	0.777	1
4435027	9606.ENSP00000262189	0.729	2
4433342	9606.ENSP00000225899	0.659	1
4448099	9606.ENSP00000400010	0.588	1
4446803	9606.ENSP00000381378	0.567	1
4449945	9606.ENSP00000440402	0.546	1
4446714	9606.ENSP00000380820	0.539	1
4442494	9606.ENSP00000354573	0.507	1
4448328	9606.ENSP00000404570	0.495	1
4447104	9606.ENSP00000384330	0.491	1
4433934	9606.ENSP00000245503	0.48	1
4434429	9606.ENSP00000255381	0.471	1
4441728	9606.ENSP00000347507	0.471	1
4450739	9606.ENSP00000464317	0.47	1
4447300	9606.ENSP00000386041	0.469	1
4433356	9606.ENSP00000226207	0.467	1
4442914	9606.ENSP00000356545	0.362	1
4451134	9606.ENSP00000475594	0.345	1
4442347	9606.ENSP00000353362	0.331	1
4435810	9606.ENSP00000268138	0.327	1
4444026	9606.ENSP00000361875	0.322	1
4436185	9606.ENSP00000275461	0.316	1
4447583	9606.ENSP00000389026	0.27	1
4439633	9606.ENSP00000323795	0.2	1
4447949	9606.ENSP00000396896	0.157	1
4440928	9606.ENSP00000339155	0.156	1
4437396	9606.ENSP00000297347	0.154	1
4432626	9606.ENSP00000044462	0.151	1
4438742	9606.ENSP00000312002	0.145	1
4433210	9606.ENSP00000222224	0.143	1
4439356	9606.ENSP00000320337	0.137	1
4449217	9606.ENSP00000422473	0.136	1
4434330	9606.ENSP00000253814	0.136	1
4437144	9606.ENSP00000295314	0.119	1
4449234	9606.ENSP00000423014	0.112	1
4434013	9606.ENSP00000247178	0.11	1
4450808	9606.ENSP00000466298	0.103	1
4451338	9606.ENSP00000478882	0.102	1
4434781	9606.ENSP00000260442	0.1	1
4433036	9606.ENSP00000217999	0.097	1
4442954	9606.ENSP00000356737	0.096	1
4450501	9606.ENSP00000455397	0.095	1
4436839	9606.ENSP00000290155	0.094	1
4449425	9606.ENSP00000427951	0.094	1
4446392	9606.ENSP00000378712	0.093	1
4446808	9606.ENSP00000381429	0.092	1
4443220	9606.ENSP00000357901	0.091	1
4450209	9606.ENSP00000446874	0.089	1
4450781	9606.ENSP00000465620	0.089	1
4451304	9606.ENSP00000478501	0.089	1
4434615	9606.ENSP00000258301	0.085	1
4440540	9606.ENSP00000334216	0.084	1
4449255	9606.ENSP00000423567	0.083	1
4444720	9606.ENSP00000365550	0.083	1
4437836	9606.ENSP00000302216	0.083	1
4439954	9606.ENSP00000327796	0.078	1
4451525	9606.ENSP00000480798	0.078	1
4435274	9606.ENSP00000263578	0.077	1
4450256	9606.ENSP00000448248	0.076	1
4451306	9606.ENSP00000478533	0.074	1
4433670	9606.ENSP00000236918	0.074	1
4434071	9606.ENSP00000248901	0.071	1
4438733	9606.ENSP00000311857	0.07	1
4451150	9606.ENSP00000476117	0.069	1
4449232	9606.ENSP00000422947	0.068	1
4449131	9606.ENSP00000420612	0.068	1
4432598	9606.ENSP00000016171	0.068	1
4441225	9606.ENSP00000342136	0.066	1
4443034	9606.ENSP00000357079	0.064	1
4441506	9606.ENSP00000345282	0.061	1
4448757	9606.ENSP00000414920	0.06	1
4441495	9606.ENSP00000345175	0.059	1
4444879	9606.ENSP00000366586	0.058	1
4444186	9606.ENSP00000362551	0.058	1
4450143	9606.ENSP00000445002	0.058	1
4443106	9606.ENSP00000357453	0.058	1
4436707	9606.ENSP00000287078	0.058	1
4443912	9606.ENSP00000361363	0.057	1
4440556	9606.ENSP00000334375	0.057	1
4446567	9606.ENSP00000379836	0.057	1
4438260	9606.ENSP00000306864	0.057	1
4433522	9606.ENSP00000231130	0.056	1
4433261	9606.ENSP00000223023	0.056	1
4434652	9606.ENSP00000258770	0.053	1
4445769	9606.ENSP00000373206	0.053	1
4450610	9606.ENSP00000458954	0.053	1
4448718	9606.ENSP00000414109	0.052	1
4443871	9606.ENSP00000361120	0.051	1
4449030	9606.ENSP00000419313	0.051	1
4442428	9606.ENSP00000354086	0.051	1
4451033	9606.ENSP00000472546	0.05	1
4443784	9606.ENSP00000360683	0.05	1
4443288	9606.ENSP00000358265	0.05	1
4448440	9606.ENSP00000407112	0.049	1
4433753	9606.ENSP00000239830	0.049	1
4434320	9606.ENSP00000253727	0.048	1
4436384	9606.ENSP00000280605	0.048	1
4444371	9606.ENSP00000363452	0.048	1
4434627	9606.ENSP00000258415	0.048	1
4435438	9606.ENSP00000264451	0.047	1
4451812	9606.ENSP00000483825	0.046	1
4434067	9606.ENSP00000248668	0.046	1
4442756	9606.ENSP00000355865	0.045	1
4450535	9606.ENSP00000456340	0.045	1
4437354	9606.ENSP00000296953	0.044	1
4437969	9606.ENSP00000303508	0.044	1
4451641	9606.ENSP00000482169	0.043	1
4449986	9606.ENSP00000441381	0.041	1
4442084	9606.ENSP00000350881	0.041	1
4442050	9606.ENSP00000350425	0.041	1
4449282	9606.ENSP00000424198	0.041	1
4437034	9606.ENSP00000293805	0.04	1
4443545	9606.ENSP00000359506	0.04	1
4436865	9606.ENSP00000290418	0.039	1
4432839	9606.ENSP00000210313	0.038	1
4447490	9606.ENSP00000387278	0.038	1
4441831	9606.ENSP00000348455	0.038	1
4439707	9606.ENSP00000324693	0.038	1
4447093	9606.ENSP00000384223	0.038	1
4451091	9606.ENSP00000474071	0.037	1
4446925	9606.ENSP00000382434	0.037	1
4441876	9606.ENSP00000348959	0.037	1
4441667	9606.ENSP00000346916	0.036	1
4438686	9606.ENSP00000311405	0.036	1
4435639	9606.ENSP00000265728	0.036	1
4442687	9606.ENSP00000355499	0.036	1
4446036	9606.ENSP00000376317	0.035	1
4441204	9606.ENSP00000341957	0.035	1
4434266	9606.ENSP00000252992	0.035	1
4442402	9606.ENSP00000353820	0.035	1
4445976	9606.ENSP00000375863	0.035	1
4444639	9606.ENSP00000365007	0.035	1
4444471	9606.ENSP00000364028	0.035	1
4434925	9606.ENSP00000261681	0.034	1
4446139	9606.ENSP00000377027	0.034	1
4441005	9606.ENSP00000339916	0.034	1
4446340	9606.ENSP00000378350	0.034	1
4439456	9606.ENSP00000321544	0.034	1
4435584	9606.ENSP00000265334	0.033	1
4442200	9606.ENSP00000351933	0.032	1
4450072	9606.ENSP00000443191	0.032	1
4438060	9606.ENSP00000304586	0.032	1
4436811	9606.ENSP00000289416	0.032	1
4439580	9606.ENSP00000323099	0.032	1
4449164	9606.ENSP00000421246	0.032	1
4440246	9606.ENSP00000331302	0.032	1
4439228	9606.ENSP00000318821	0.032	1
4432563	9606.ENSP00000005386	0.031	1
4438782	9606.ENSP00000312397	0.031	1
4445406	9606.ENSP00000369887	0.031	1
4437957	9606.ENSP00000303398	0.031	1
4442415	9606.ENSP00000353920	0.03	1
4440941	9606.ENSP00000339280	0.03	1
4446934	9606.ENSP00000382518	0.03	1
4435702	9606.ENSP00000266503	0.03	1
4433145	9606.ENSP00000221166	0.029	1
4445327	9606.ENSP00000369442	0.029	1
4434726	9606.ENSP00000259808	0.029	1
4435153	9606.ENSP00000262878	0.029	1
4435069	9606.ENSP00000262384	0.029	1
4440762	9606.ENSP00000337103	0.029	1
4447030	9606.ENSP00000383599	0.029	1
4450559	9606.ENSP00000457241	0.029	1
4445786	9606.ENSP00000373354	0.028	1
4436596	9606.ENSP00000284637	0.028	1
4443249	9606.ENSP00000358060	0.028	1
4445111	9606.ENSP00000368022	0.027	1
4432712	9606.ENSP00000171111	0.027	1
4444239	9606.ENSP00000362768	0.026	1
4435431	9606.ENSP00000264424	0.026	1
4449541	9606.ENSP00000430276	0.024	1
4438750	9606.ENSP00000312082	0.024	1
4435418	9606.ENSP00000264350	0.024	1
4450302	9606.ENSP00000450244	0.024	1
4439103	9606.ENSP00000317144	0.024	1
4450984	9606.ENSP00000471252	0.024	1
4435697	9606.ENSP00000266383	0.023	1
4449879	9606.ENSP00000438748	0.023	1
4437171	9606.ENSP00000295641	0.023	1
4441787	9606.ENSP00000348020	0.023	1
4439794	9606.ENSP00000325785	0.023	1
4437005	9606.ENSP00000293303	0.023	1
4432574	9606.ENSP00000007414	0.023	1
4447135	9606.ENSP00000384570	0.023	1
4440694	9606.ENSP00000335614	0.022	1
4446503	9606.ENSP00000379396	0.022	2
4435346	9606.ENSP00000263967	0.022	1
4435164	9606.ENSP00000262919	0.022	1
4450622	9606.ENSP00000459615	0.022	1
4448638	9606.ENSP00000412178	0.021	1
4434579	9606.ENSP00000257894	0.021	1
4449245	9606.ENSP00000423366	0.021	1
4446226	9606.ENSP00000377664	0.021	1
4450352	9606.ENSP00000451263	0.021	1
4444133	9606.ENSP00000362306	0.021	1
4449857	9606.ENSP00000438262	0.021	1
4445962	9606.ENSP00000375778	0.021	1
4441115	9606.ENSP00000341083	0.021	1
4441771	9606.ENSP00000347883	0.02	1
4445871	9606.ENSP00000374292	0.02	1
4444126	9606.ENSP00000362287	0.02	1
4442579	9606.ENSP00000354957	0.019	1
4441010	9606.ENSP00000339971	0.019	1
4446971	9606.ENSP00000382895	0.019	1
4442410	9606.ENSP00000353874	0.019	1
4433284	9606.ENSP00000223398	0.019	1
4444131	9606.ENSP00000362300	0.018	1
4436674	9606.ENSP00000286398	0.018	1
4442057	9606.ENSP00000350541	0.018	1
4442527	9606.ENSP00000354720	0.018	1
4435283	9606.ENSP00000263636	0.017	1
4446456	9606.ENSP00000379156	0.017	1
4436780	9606.ENSP00000288670	0.017	1
4448904	9606.ENSP00000417517	0.017	1
4435853	9606.ENSP00000268876	0.017	1
4436040	9606.ENSP00000272643	0.017	1
4434771	9606.ENSP00000260356	0.017	1
4449220	9606.ENSP00000422533	0.017	1
4449249	9606.ENSP00000423463	0.016	1
4451422	9606.ENSP00000479773	0.016	1
4441818	9606.ENSP00000348314	0.015	1
4436615	9606.ENSP00000285039	0.015	1
4437960	9606.ENSP00000303427	0.015	1
4451677	9606.ENSP00000482457	0.015	1
4450345	9606.ENSP00000451162	0.015	1
4442343	9606.ENSP00000353332	0.014	1
4445794	9606.ENSP00000373433	0.014	1
4439896	9606.ENSP00000327077	0.014	1
4442847	9606.ENSP00000356234	0.013	1
4446900	9606.ENSP00000382177	0.013	1
4449844	9606.ENSP00000437968	0.013	1
4450408	9606.ENSP00000452796	0.013	1
4433505	9606.ENSP00000230538	0.013	1
4447438	9606.ENSP00000386881	0.012	1
4443928	9606.ENSP00000361467	0.012	1
4449283	9606.ENSP00000424226	0.012	1
4440892	9606.ENSP00000338728	0.012	1
4449721	9606.ENSP00000434727	0.012	1
4435776	9606.ENSP00000267622	0.012	1
4448004	9606.ENSP00000397968	0.011	1
4434964	9606.ENSP00000261866	0.011	1
4447418	9606.ENSP00000386759	0.01	1
4436254	9606.ENSP00000277225	0.01	1
4440673	9606.ENSP00000335463	0.01	1
4435131	9606.ENSP00000262738	0.01	1
4447103	9606.ENSP00000384312	0.01	1
4435282	9606.ENSP00000263635	0.01	1
4443733	9606.ENSP00000360431	0.01	1
4435400	9606.ENSP00000264233	0.008	1
4435826	9606.ENSP00000268489	0.008	1
4440578	9606.ENSP00000334563	0.007	1
4447865	9606.ENSP00000394770	0.006	1
4436877	9606.ENSP00000290607	0.006	1
4445850	9606.ENSP00000374045	0.005	1
