#id: 928818511
#name: H.sapiens - Skin, SC (L.amon,fhcrc,id18251-18264)
#score: 5.0
#weight:  9%
#description: abundance based on Spectral counting, Interaction consistency score: 5.0, Coverage: 10
#organ: SKIN
#integrated: false
#coverage: 10
#link: http://www.ebi.ac.uk/pride/
#publication_year: 
#filename: 9606-human4_normal_PRIDE.txt
#
#internal_id	string_external_id	abundance	raw_spectral_count
4437206	9606.ENSP00000295897	118570	138554
4440511	9606.ENSP00000333994	86742	40840
4449581	9606.ENSP00000431254	57376	24113
4448060	9606.ENSP00000399168	45557	38092
4439524	9606.ENSP00000322421	40568	16041
4434183	9606.ENSP00000251595	40568	16041
4446577	9606.ENSP00000379873	23748	23190
4445365	9606.ENSP00000369654	19137	12815
4450595	9606.ENSP00000458162	14648	26754
4441991	9606.ENSP00000349960	14648	26754
4445428	9606.ENSP00000370010	14387	83
4447279	9606.ENSP00000385834	10724	14930
4435898	9606.ENSP00000269576	10496	16017
4441580	9606.ENSP00000346032	10442	5476
4444694	9606.ENSP00000365402	9600	9388
4448813	9606.ENSP00000416066	9316	6510
4434216	9606.ENSP00000252244	7086	6873
4433993	9606.ENSP00000246662	7059	5296
4437770	9606.ENSP00000301522	6232	1429
4441808	9606.ENSP00000348170	6005	3996
4439914	9606.ENSP00000327336	5533	3081
4436861	9606.ENSP00000290378	5251	17999
4448229	9606.ENSP00000402373	5251	17998
4449553	9606.ENSP00000430656	4994	3109
4442723	9606.ENSP00000355645	4645	17060
4432701	9606.ENSP00000167586	4609	15763
4435987	9606.ENSP00000271638	4594	552
4447434	9606.ENSP00000386857	4408	17398
4446837	9606.ENSP00000381607	4290	1911
4435725	9606.ENSP00000266718	4239	2560
4434059	9606.ENSP00000248553	4164	1401
4433668	9606.ENSP00000236850	4079	2149
4437161	9606.ENSP00000295550	4028	21298
4433451	9606.ENSP00000229239	3330	1878
4432629	9606.ENSP00000052754	3326	1683
4435104	9606.ENSP00000262551	3256	1428
4434352	9606.ENSP00000254301	3250	655
4447538	9606.ENSP00000388107	3218	2299
4433456	9606.ENSP00000229270	3217	2455
4442321	9606.ENSP00000353099	3144	1332
4440740	9606.ENSP00000336829	2960	3363
4434215	9606.ENSP00000252242	2717	6273
4449888	9606.ENSP00000439012	2679	247
4449622	9606.ENSP00000432282	2652	1056
4434854	9606.ENSP00000261313	2623	582
4450181	9606.ENSP00000446007	2611	3150
4449897	9606.ENSP00000439189	2574	15242
4438640	9606.ENSP00000310861	2477	5642
4442560	9606.ENSP00000354876	2471	449
4449041	9606.ENSP00000419425	2428	1371
4438660	9606.ENSP00000311165	2410	621
4444482	9606.ENSP00000364114	2377	1677
4446480	9606.ENSP00000379287	2202	1654
4435671	9606.ENSP00000265983	2196	1379
4435245	9606.ENSP00000263368	2189	614
4445357	9606.ENSP00000369609	2174	1660
4443076	9606.ENSP00000357283	2152	2275
4446258	9606.ENSP00000377833	2062	1185
4443001	9606.ENSP00000356969	2049	336
4435927	9606.ENSP00000270142	2023	256
4445298	9606.ENSP00000369317	2012	6577
4432842	9606.ENSP00000211076	1980	1339
4434218	9606.ENSP00000252250	1976	6606
4433675	9606.ENSP00000237014	1964	640
4439919	9606.ENSP00000327431	1959	1531
4443033	9606.ENSP00000357076	1952	1201
4437297	9606.ENSP00000296511	1873	832
4450194	9606.ENSP00000446252	1863	636
4433990	9606.ENSP00000246635	1829	10624
4450405	9606.ENSP00000452780	1808	239
4438413	9606.ENSP00000308452	1806	10474
4444056	9606.ENSP00000362010	1757	812
4435881	9606.ENSP00000269321	1757	350
4433346	9606.ENSP00000225964	1749	3585
4437781	9606.ENSP00000301653	1735	13002
4441346	9606.ENSP00000343577	1711	2618
4451711	9606.ENSP00000482743	1672	2618
4434219	9606.ENSP00000252252	1668	5867
4434336	9606.ENSP00000254043	1639	11473
4443642	9606.ENSP00000359991	1597	940
4436015	9606.ENSP00000272317	1541	2299
4444757	9606.ENSP00000365817	1471	4280
4448666	9606.ENSP00000412927	1460	4280
4435330	9606.ENSP00000263867	1457	788
4435679	9606.ENSP00000266041	1453	1814
4444796	9606.ENSP00000366109	1448	766
4442251	9606.ENSP00000352438	1445	1829
4442881	9606.ENSP00000356399	1414	2321
4441770	9606.ENSP00000347872	1399	801
4442096	9606.ENSP00000351022	1380	1193
4441213	9606.ENSP00000342012	1370	763
4435133	9606.ENSP00000262746	1352	655
4438190	9606.ENSP00000306099	1333	1418
4448154	9606.ENSP00000401010	1303	733
4445723	9606.ENSP00000372221	1302	851
4444297	9606.ENSP00000363071	1261	1783
4444869	9606.ENSP00000366525	1246	399
4435459	9606.ENSP00000264613	1235	2234
4438070	9606.ENSP00000304697	1215	2299
4449184	9606.ENSP00000421725	1203	881
4447974	9606.ENSP00000397261	1183	1398
4439653	9606.ENSP00000323929	1182	3662
4436628	9606.ENSP00000285379	1182	523
4436962	9606.ENSP00000292401	1162	485
4441378	9606.ENSP00000343924	1138	751
4441661	9606.ENSP00000346839	1119	3458
4446993	9606.ENSP00000383168	1119	1568
4438137	9606.ENSP00000305556	1111	1487
4433634	9606.ENSP00000234590	1109	1205
4448385	9606.ENSP00000405965	1081	174
4442857	9606.ENSP00000356275	1077	245
4445814	9606.ENSP00000373620	1073	778
4441502	9606.ENSP00000345230	1072	1129
4444702	9606.ENSP00000365439	1051	687
4446205	9606.ENSP00000377508	1035	1384
4448463	9606.ENSP00000407685	1027	926
4439747	9606.ENSP00000325240	1016	407
4441103	9606.ENSP00000340989	1013	1038
4445033	9606.ENSP00000367542	1013	1264
4449169	9606.ENSP00000421315	1002	621
4433608	9606.ENSP00000233893	1000	188
4443752	9606.ENSP00000360522	980	328
4441585	9606.ENSP00000346067	970	782
4434227	9606.ENSP00000252486	949	538
4446386	9606.ENSP00000378669	940	705
4447823	9606.ENSP00000393887	938	384
4435962	9606.ENSP00000270792	931	95
4450004	9606.ENSP00000441828	928	1212
4445651	9606.ENSP00000371554	921	368
4443194	9606.ENSP00000357801	903	55
4447621	9606.ENSP00000389649	898	199
4435656	9606.ENSP00000265866	897	381
4437240	9606.ENSP00000296130	893	435
4442612	9606.ENSP00000355124	892	8222
4450215	9606.ENSP00000446955	879	521
4433396	9606.ENSP00000227667	857	171
4433989	9606.ENSP00000246554	856	127
4446285	9606.ENSP00000378058	848	940
4442941	9606.ENSP00000356671	835	724
4432930	9606.ENSP00000216218	832	317
4438214	9606.ENSP00000306361	832	1032
4437383	9606.ENSP00000297268	830	1715
4432817	9606.ENSP00000205948	826	444
4441649	9606.ENSP00000346694	819	359
4437379	9606.ENSP00000297258	815	167
4446425	9606.ENSP00000378957	811	155
4442867	9606.ENSP00000356354	806	320
4449639	9606.ENSP00000432660	805	226
4434217	9606.ENSP00000252245	796	3788
4433798	9606.ENSP00000241337	793	935
4450736	9606.ENSP00000464265	791	1763
4447488	9606.ENSP00000387262	791	1167
4444265	9606.ENSP00000362924	776	610
4432984	9606.ENSP00000216802	776	350
4432997	9606.ENSP00000217121	774	412
4443118	9606.ENSP00000357516	769	999
4448843	9606.ENSP00000416706	768	4988
4445267	9606.ENSP00000369071	763	1015
4438694	9606.ENSP00000311469	752	791
4446501	9606.ENSP00000379386	740	542
4448805	9606.ENSP00000415941	732	2669
4437782	9606.ENSP00000301656	716	3130
4448802	9606.ENSP00000415840	712	454
4443160	9606.ENSP00000357709	711	76
4434500	9606.ENSP00000256594	698	608
4449083	9606.ENSP00000420065	696	197
4444478	9606.ENSP00000364080	695	570
4433442	9606.ENSP00000228945	691	197
4432704	9606.ENSP00000168216	689	308
4447940	9606.ENSP00000396688	683	2557
4435610	9606.ENSP00000265462	682	297
4445713	9606.ENSP00000372155	682	398
4433665	9606.ENSP00000236671	676	620
4437748	9606.ENSP00000301329	675	286
4437568	9606.ENSP00000299427	674	473
4448883	9606.ENSP00000417240	671	628
4440919	9606.ENSP00000339063	667	649
4450282	9606.ENSP00000449328	664	248
4443862	9606.ENSP00000361083	662	54
4449678	9606.ENSP00000433560	660	119
4444859	9606.ENSP00000366474	650	75
4451393	9606.ENSP00000479488	650	311
4443403	9606.ENSP00000358851	649	819
4438974	9606.ENSP00000315130	642	364
4442485	9606.ENSP00000354532	641	309
4433191	9606.ENSP00000221957	631	530
4438847	9606.ENSP00000313199	630	275
4444989	9606.ENSP00000367263	629	5258
4443191	9606.ENSP00000357791	625	1635
4435199	9606.ENSP00000263100	620	416
4446831	9606.ENSP00000381581	617	939
4447798	9606.ENSP00000393417	616	285
4448034	9606.ENSP00000398610	613	350
4445606	9606.ENSP00000371267	611	988
4437352	9606.ENSP00000296930	603	262
4450150	9606.ENSP00000445175	603	608
4438421	9606.ENSP00000308541	597	744
4438224	9606.ENSP00000306461	596	176
4444884	9606.ENSP00000366618	595	1317
4439472	9606.ENSP00000321744	595	1317
4451599	9606.ENSP00000481622	595	1317
4450164	9606.ENSP00000445633	595	1317
4444932	9606.ENSP00000366962	595	1317
4451817	9606.ENSP00000483903	595	1317
4441923	9606.ENSP00000349430	595	1317
4441873	9606.ENSP00000348924	595	1317
4451366	9606.ENSP00000479169	595	1317
4436804	9606.ENSP00000289316	595	1317
4451751	9606.ENSP00000483237	595	1317
4451252	9606.ENSP00000477907	595	1317
4446403	9606.ENSP00000378786	594	252
4448835	9606.ENSP00000416561	590	1269
4451211	9606.ENSP00000477527	585	1294
4443268	9606.ENSP00000358151	585	1294
4451707	9606.ENSP00000482674	585	1294
4451152	9606.ENSP00000476136	585	1294
4451378	9606.ENSP00000479284	585	1294
4445590	9606.ENSP00000371152	580	418
4450175	9606.ENSP00000445831	578	1317
4437672	9606.ENSP00000300527	578	896
4445371	9606.ENSP00000369689	559	215
4445338	9606.ENSP00000369538	558	722
4448625	9606.ENSP00000411825	553	639
4443409	9606.ENSP00000358866	553	2406
4444625	9606.ENSP00000364945	552	375
4441806	9606.ENSP00000348163	550	842
4446438	9606.ENSP00000379038	543	565
4445090	9606.ENSP00000367891	539	290
4438868	9606.ENSP00000313571	539	290
4446990	9606.ENSP00000383118	538	108
4440953	9606.ENSP00000339398	536	110
4439895	9606.ENSP00000327070	533	353
4444169	9606.ENSP00000362463	532	135
4442622	9606.ENSP00000355180	530	1005
4442006	9606.ENSP00000350052	528	8595
4444406	9606.ENSP00000363641	521	141
4446783	9606.ENSP00000381216	519	424
4441216	9606.ENSP00000342026	519	222
4434379	9606.ENSP00000254722	518	351
4443616	9606.ENSP00000359804	514	391
4433984	9606.ENSP00000246533	512	236
4440737	9606.ENSP00000336799	506	1615
4449851	9606.ENSP00000438144	505	153
4433361	9606.ENSP00000226253	505	385
4442419	9606.ENSP00000354003	501	28
4437578	9606.ENSP00000299518	501	239
4446979	9606.ENSP00000383003	476	98
4443706	9606.ENSP00000360293	472	956
4452106	9606.ENSP00000485672	468	150
4438115	9606.ENSP00000305263	467	6535
4437721	9606.ENSP00000301072	467	1459
4446457	9606.ENSP00000379157	466	273
4446852	9606.ENSP00000381736	466	360
4439661	9606.ENSP00000324105	462	606
4440087	9606.ENSP00000329243	462	974
4441938	9606.ENSP00000349541	460	155
4446104	9606.ENSP00000376800	458	81
4441959	9606.ENSP00000349687	457	77
4450191	9606.ENSP00000446215	455	180
4441496	9606.ENSP00000345179	454	202
4434387	9606.ENSP00000254810	452	33
4442746	9606.ENSP00000355778	452	33
4441373	9606.ENSP00000343885	451	404
4447356	9606.ENSP00000386284	450	259
4446656	9606.ENSP00000380402	449	275
4450315	9606.ENSP00000450540	448	738
4446103	9606.ENSP00000376793	448	738
4441541	9606.ENSP00000345672	448	279
4437720	9606.ENSP00000301071	446	1514
4442190	9606.ENSP00000351807	442	154
4449616	9606.ENSP00000432083	441	1000
4446231	9606.ENSP00000377696	438	217
4448968	9606.ENSP00000418529	437	279
4451031	9606.ENSP00000472469	431	39
4441869	9606.ENSP00000348886	431	233
4440269	9606.ENSP00000331544	430	364
4442719	9606.ENSP00000355627	430	317
4443709	9606.ENSP00000360305	427	252
4444623	9606.ENSP00000364935	427	195
4443167	9606.ENSP00000357731	426	33
4434700	9606.ENSP00000259396	425	202
4434499	9606.ENSP00000256593	420	509
4434937	9606.ENSP00000261733	417	475
4450307	9606.ENSP00000450385	409	324
4433430	9606.ENSP00000228825	409	134
4440329	9606.ENSP00000332139	406	126
4437775	9606.ENSP00000301587	404	115
4436083	9606.ENSP00000273550	404	226
4439145	9606.ENSP00000317674	403	264
4438923	9606.ENSP00000314299	403	459
4432889	9606.ENSP00000215909	403	105
4449992	9606.ENSP00000441543	402	2299
4443372	9606.ENSP00000358727	396	165
4435467	9606.ENSP00000264651	394	5437
4447764	9606.ENSP00000392718	390	6388
4440366	9606.ENSP00000332511	388	289
4441276	9606.ENSP00000342710	387	2201
4432583	9606.ENSP00000009530	385	156
4444122	9606.ENSP00000362271	380	159
4443176	9606.ENSP00000357751	377	141
4444670	9606.ENSP00000365227	376	23
4448574	9606.ENSP00000410815	374	1518
4448571	9606.ENSP00000410769	374	122
4446278	9606.ENSP00000377995	373	158
4447689	9606.ENSP00000391397	373	158
4433922	9606.ENSP00000245185	373	158
4440443	9606.ENSP00000333298	372	191
4450713	9606.ENSP00000463559	371	223
4433027	9606.ENSP00000217652	371	223
4440915	9606.ENSP00000339001	370	1326
4433793	9606.ENSP00000241052	369	433
4443119	9606.ENSP00000357535	368	181
4442050	9606.ENSP00000350425	364	268
4440016	9606.ENSP00000328358	364	2454
4451462	9606.ENSP00000480221	362	342
4442480	9606.ENSP00000354511	360	161
4443154	9606.ENSP00000357691	356	60
4441179	9606.ENSP00000341743	355	101
4448185	9606.ENSP00000401564	355	78
4433326	9606.ENSP00000225655	355	125
4448919	9606.ENSP00000417653	354	213
4444040	9606.ENSP00000361930	354	909
4438349	9606.ENSP00000307706	349	143
4434993	9606.ENSP00000262030	348	410
4444160	9606.ENSP00000362413	348	201
4438576	9606.ENSP00000310275	348	32
4438570	9606.ENSP00000310226	347	226
4441199	9606.ENSP00000341938	347	298
4445798	9606.ENSP00000373477	344	105
4435651	9606.ENSP00000265838	343	245
4443649	9606.ENSP00000360034	342	205
4434228	9606.ENSP00000252490	341	69
4450821	9606.ENSP00000466775	341	69
4435143	9606.ENSP00000262812	340	124
4435415	9606.ENSP00000264335	335	903
4446116	9606.ENSP00000376886	334	217
4449949	9606.ENSP00000440485	333	109
4449538	9606.ENSP00000430242	329	477
4446042	9606.ENSP00000376345	328	134
4432702	9606.ENSP00000167588	327	2157
4440463	9606.ENSP00000333547	326	220
4448989	9606.ENSP00000418770	326	128
4438211	9606.ENSP00000306330	325	857
4450285	9606.ENSP00000449404	324	1856
4440659	9606.ENSP00000335304	323	258
4436586	9606.ENSP00000284440	323	71
4446295	9606.ENSP00000378130	323	373
4438219	9606.ENSP00000306397	320	171
4446348	9606.ENSP00000378394	319	373
4441051	9606.ENSP00000340510	319	842
4432873	9606.ENSP00000215754	317	85
4439512	9606.ENSP00000322273	314	164
4440758	9606.ENSP00000337060	312	234
4444477	9606.ENSP00000364076	312	152
4433951	9606.ENSP00000245907	311	954
4441217	9606.ENSP00000342056	310	129
4444137	9606.ENSP00000362329	308	164
4444600	9606.ENSP00000364802	308	1324
4444599	9606.ENSP00000364801	308	1324
4448449	9606.ENSP00000407375	307	178
4439214	9606.ENSP00000318635	307	144
4447492	9606.ENSP00000387286	306	229
4450343	9606.ENSP00000451112	306	95
4444134	9606.ENSP00000362308	304	60
4435512	9606.ENSP00000264908	302	184
4438861	9606.ENSP00000313432	301	111
4450853	9606.ENSP00000467579	298	104
4434224	9606.ENSP00000252456	297	163
4432848	9606.ENSP00000211998	297	556
4441190	9606.ENSP00000341826	296	243
4437386	9606.ENSP00000297283	295	356
4449964	9606.ENSP00000440847	295	254
4449378	9606.ENSP00000426909	295	152
4444584	9606.ENSP00000364694	295	213
4449816	9606.ENSP00000437402	294	543
4435640	9606.ENSP00000265729	292	103
4447869	9606.ENSP00000394863	292	162
4441668	9606.ENSP00000346921	290	134
4439424	9606.ENSP00000321259	290	166
4441569	9606.ENSP00000345957	289	56
4442377	9606.ENSP00000353608	289	346
4445799	9606.ENSP00000373487	288	4743
4439045	9606.ENSP00000316176	284	54
4433364	9606.ENSP00000226299	284	321
4442211	9606.ENSP00000352071	283	510
4449031	9606.ENSP00000419325	283	204
4434928	9606.ENSP00000261700	282	115
4437548	9606.ENSP00000299198	282	210
4451266	9606.ENSP00000478026	281	266
4439481	9606.ENSP00000321853	280	221
4447479	9606.ENSP00000387176	280	3957
4435998	9606.ENSP00000272067	280	82
4444380	9606.ENSP00000363500	276	135
4436857	9606.ENSP00000290349	275	220
4436327	9606.ENSP00000279022	275	157
4439035	9606.ENSP00000316029	273	982
4435537	9606.ENSP00000265023	273	350
4452095	9606.ENSP00000485638	272	504
4450711	9606.ENSP00000463419	272	504
4449908	9606.ENSP00000439444	272	504
4439815	9606.ENSP00000326042	270	1112
4446977	9606.ENSP00000382982	270	1112
4441634	9606.ENSP00000346550	267	211
4450403	9606.ENSP00000452762	267	170
4447954	9606.ENSP00000396937	266	209
4441138	9606.ENSP00000341289	265	1118
4448180	9606.ENSP00000401508	262	270
4434938	9606.ENSP00000261735	261	99
4443158	9606.ENSP00000357705	260	36
4437675	9606.ENSP00000300574	260	127
4437495	9606.ENSP00000298510	259	143
4435600	9606.ENSP00000265395	259	154
4438606	9606.ENSP00000310573	258	1778
4435313	9606.ENSP00000263774	258	132
4445700	9606.ENSP00000371958	255	24
4448429	9606.ENSP00000406773	253	56
4435441	9606.ENSP00000264474	253	30
4439911	9606.ENSP00000327268	253	144
4450691	9606.ENSP00000463057	252	509
4438950	9606.ENSP00000314733	251	124
4449877	9606.ENSP00000438615	251	282
4443625	9606.ENSP00000359871	249	121
4445394	9606.ENSP00000369816	249	188
4441156	9606.ENSP00000341524	247	133
4439188	9606.ENSP00000318197	247	1049
4443646	9606.ENSP00000360021	247	36
4445108	9606.ENSP00000367992	245	139
4451964	9606.ENSP00000485206	245	504
4450748	9606.ENSP00000464619	245	504
4434727	9606.ENSP00000259818	241	1126
4445375	9606.ENSP00000369703	241	1126
4446221	9606.ENSP00000377616	240	1188
4434241	9606.ENSP00000252603	239	78
4434247	9606.ENSP00000252699	238	845
4446805	9606.ENSP00000381386	237	95
4438111	9606.ENSP00000305230	237	27
4437661	9606.ENSP00000300289	237	276
4433320	9606.ENSP00000225550	236	4680
4434975	9606.ENSP00000261890	236	189
4450254	9606.ENSP00000448220	235	619
4434024	9606.ENSP00000247470	235	117
4433003	9606.ENSP00000217182	232	361
4434076	9606.ENSP00000248975	231	792
4448692	9606.ENSP00000413479	230	2025
4452030	9606.ENSP00000485444	229	138
4446203	9606.ENSP00000377494	227	173
4444284	9606.ENSP00000363017	227	64
4443166	9606.ENSP00000357727	227	73
4444027	9606.ENSP00000361883	226	158
4441309	9606.ENSP00000343129	223	200
4435645	9606.ENSP00000265753	223	60
4449433	9606.ENSP00000428209	223	167
4448498	9606.ENSP00000408910	223	143
4433032	9606.ENSP00000217958	221	79
4444658	9606.ENSP00000365147	219	50
4436184	9606.ENSP00000275428	219	77
4436989	9606.ENSP00000292782	217	50
4441613	9606.ENSP00000346340	217	81
4448523	9606.ENSP00000409666	216	144
4433144	9606.ENSP00000221138	215	268
4433656	9606.ENSP00000235835	211	124
4448554	9606.ENSP00000410452	209	43
4435530	9606.ENSP00000264993	208	46
4436335	9606.ENSP00000279146	208	117
4442795	9606.ENSP00000356015	207	83
4437358	9606.ENSP00000297012	206	685
4442534	9606.ENSP00000354739	205	54
4436673	9606.ENSP00000286371	204	103
4445210	9606.ENSP00000368752	204	80
4448965	9606.ENSP00000418447	204	266
4435243	9606.ENSP00000263354	204	188
4442104	9606.ENSP00000351108	204	72
4444706	9606.ENSP00000365465	202	78
4439351	9606.ENSP00000320295	202	1069
4443829	9606.ENSP00000360939	201	124
4442467	9606.ENSP00000354468	201	125
4438569	9606.ENSP00000310219	200	1030
4434264	9606.ENSP00000252951	200	341
4443008	9606.ENSP00000356988	199	102
4440933	9606.ENSP00000339191	198	60
4432634	9606.ENSP00000054666	198	102
4447854	9606.ENSP00000394496	197	89
4447567	9606.ENSP00000388806	196	105
4437376	9606.ENSP00000297185	196	288
4446141	9606.ENSP00000377036	195	142
4442171	9606.ENSP00000351646	194	120
4433991	9606.ENSP00000246646	193	4680
4439687	9606.ENSP00000324422	193	183
4446117	9606.ENSP00000376889	192	238
4440080	9606.ENSP00000329165	191	4686
4440594	9606.ENSP00000334798	190	1568
4449695	9606.ENSP00000434024	188	685
4450826	9606.ENSP00000466897	187	84
4443312	9606.ENSP00000358417	187	168
4447225	9606.ENSP00000385385	187	128
4449498	9606.ENSP00000429301	186	48
4448639	9606.ENSP00000412189	186	278
4442071	9606.ENSP00000350708	186	49
4438439	9606.ENSP00000308720	186	138
4442962	9606.ENSP00000356791	185	39
4436858	9606.ENSP00000290354	185	151
4437009	9606.ENSP00000293362	184	68
4451429	9606.ENSP00000479861	184	141
4449573	9606.ENSP00000431049	183	88
4434056	9606.ENSP00000248437	183	720
4441438	9606.ENSP00000344547	183	28
4449629	9606.ENSP00000432472	182	24
4440399	9606.ENSP00000332790	182	540
4448339	9606.ENSP00000404854	182	120
4446800	9606.ENSP00000381340	182	159
4445277	9606.ENSP00000369146	182	143
4442886	9606.ENSP00000356425	180	109
4441032	9606.ENSP00000340305	180	158
4437502	9606.ENSP00000298556	180	94
4435106	9606.ENSP00000262570	179	63
4446235	9606.ENSP00000377710	179	79
4436690	9606.ENSP00000286713	179	110
4438304	9606.ENSP00000307241	177	149
4434188	9606.ENSP00000251645	176	4697
4450361	9606.ENSP00000451560	175	1069
4437875	9606.ENSP00000302621	175	83
4433342	9606.ENSP00000225899	173	4703
4439162	9606.ENSP00000317955	173	326
4441581	9606.ENSP00000346037	172	25
4441896	9606.ENSP00000349168	172	214
4440720	9606.ENSP00000336702	171	40
4444906	9606.ENSP00000366819	170	86
4433384	9606.ENSP00000227266	169	120
4450743	9606.ENSP00000464383	168	98
4438921	9606.ENSP00000314214	168	98
4438237	9606.ENSP00000306606	168	220
4449601	9606.ENSP00000431800	168	81
4449775	9606.ENSP00000436318	167	42
4436285	9606.ENSP00000278407	166	120
4438049	9606.ENSP00000304408	166	426
4447410	9606.ENSP00000386665	165	102
4448121	9606.ENSP00000400433	165	159
4450115	9606.ENSP00000444357	164	68
4446213	9606.ENSP00000377558	164	4680
4446394	9606.ENSP00000378725	164	315
4443270	9606.ENSP00000358155	164	685
4451813	9606.ENSP00000483842	164	685
4442159	9606.ENSP00000351589	164	685
4444942	9606.ENSP00000367022	164	685
4451142	9606.ENSP00000475814	164	685
4451686	9606.ENSP00000482538	164	685
4437955	9606.ENSP00000303373	164	685
4449876	9606.ENSP00000438553	164	685
4442276	9606.ENSP00000352627	164	685
4441116	9606.ENSP00000341094	164	685
4442727	9606.ENSP00000355656	164	685
4440336	9606.ENSP00000332194	164	685
4442214	9606.ENSP00000352119	164	685
4440028	9606.ENSP00000328484	164	685
4451672	9606.ENSP00000482431	164	685
4444893	9606.ENSP00000366679	164	685
4447873	9606.ENSP00000394936	163	92
4439337	9606.ENSP00000320171	162	192
4443964	9606.ENSP00000361635	162	131
4441570	9606.ENSP00000345968	161	116
4449694	9606.ENSP00000433999	161	161
4434189	9606.ENSP00000251646	161	4680
4446270	9606.ENSP00000377941	160	749
4441726	9606.ENSP00000347495	159	117
4445602	9606.ENSP00000371230	158	59
4435108	9606.ENSP00000262584	158	42
4433632	9606.ENSP00000234454	157	66
4446406	9606.ENSP00000378812	157	15
4451285	9606.ENSP00000478303	157	35
4450976	9606.ENSP00000470972	156	33
4435972	9606.ENSP00000271308	156	67
4450306	9606.ENSP00000450353	156	158
4450515	9606.ENSP00000455625	156	58
4435563	9606.ENSP00000265132	155	128
4437004	9606.ENSP00000293288	155	63
4434858	9606.ENSP00000261336	155	702
4435372	9606.ENSP00000264071	154	805
4438833	9606.ENSP00000312999	154	119
4446489	9606.ENSP00000379350	153	172
4443556	9606.ENSP00000359539	153	107
4449489	9606.ENSP00000429150	152	123
4437789	9606.ENSP00000301729	151	83
4432597	9606.ENSP00000014930	151	51
4435575	9606.ENSP00000265260	150	50
4435539	9606.ENSP00000265029	148	48
4445193	9606.ENSP00000368646	148	150
4432874	9606.ENSP00000215770	147	95
4440464	9606.ENSP00000333551	147	71
4440446	9606.ENSP00000333326	146	662
4437619	9606.ENSP00000300026	146	46
4444968	9606.ENSP00000367154	146	30
4434459	9606.ENSP00000256104	145	28
4444000	9606.ENSP00000361777	145	85
4443421	9606.ENSP00000358921	144	97
4435288	9606.ENSP00000263655	144	36
4443872	9606.ENSP00000361140	144	104
4436712	9606.ENSP00000287156	143	28
4441819	9606.ENSP00000348316	142	34
4448825	9606.ENSP00000416330	142	162
4438348	9606.ENSP00000307705	141	91
4440966	9606.ENSP00000339566	141	91
4439119	9606.ENSP00000317331	141	45
4445779	9606.ENSP00000373312	141	51
4433900	9606.ENSP00000244534	139	91
4433490	9606.ENSP00000230050	139	38
4442011	9606.ENSP00000350090	138	186
4435205	9606.ENSP00000263168	137	76
4450567	9606.ENSP00000457421	137	228
4435633	9606.ENSP00000265709	137	365
4448910	9606.ENSP00000417580	137	36
4440237	9606.ENSP00000331209	137	72
4446399	9606.ENSP00000378760	136	160
4441599	9606.ENSP00000346173	136	71
4443237	9606.ENSP00000357981	135	63
4451602	9606.ENSP00000481646	135	32
4444140	9606.ENSP00000362334	134	76
4435261	9606.ENSP00000263413	134	192
4446310	9606.ENSP00000378199	133	662
4436629	9606.ENSP00000285381	133	66
4449706	9606.ENSP00000434412	133	98
4435453	9606.ENSP00000264595	133	50
4445095	9606.ENSP00000367923	132	110
4437564	9606.ENSP00000299367	132	292
4449197	9606.ENSP00000421965	132	58
4434407	9606.ENSP00000255040	132	54
4452092	9606.ENSP00000485630	131	134
4439716	9606.ENSP00000324804	129	234
4446738	9606.ENSP00000380958	128	32
4442879	9606.ENSP00000356391	127	182
4442876	9606.ENSP00000356385	127	182
4435427	9606.ENSP00000264389	127	115
4436872	9606.ENSP00000290541	126	41
4435220	9606.ENSP00000263238	126	135
4435111	9606.ENSP00000262613	126	60
4444601	9606.ENSP00000364805	125	800
4451578	9606.ENSP00000481314	125	45
4444877	9606.ENSP00000366565	124	56
4433493	9606.ENSP00000230085	124	42
4436582	9606.ENSP00000284322	123	260
4447414	9606.ENSP00000386717	123	23
4441926	9606.ENSP00000349446	123	60
4436844	9606.ENSP00000290216	123	70
4438679	9606.ENSP00000311344	122	234
4436392	9606.ENSP00000280706	122	324
4437274	9606.ENSP00000296417	122	468
4438410	9606.ENSP00000308405	122	468
4451141	9606.ENSP00000475750	122	39
4435139	9606.ENSP00000262776	121	122
4437464	9606.ENSP00000298159	121	74
4446030	9606.ENSP00000376297	121	27
4438461	9606.ENSP00000308938	121	508
4436158	9606.ENSP00000274764	120	366
4446110	9606.ENSP00000376840	120	69
4444250	9606.ENSP00000362807	119	32
4438033	9606.ENSP00000304236	119	45
4451468	9606.ENSP00000480313	119	134
4436923	9606.ENSP00000291577	119	134
4433517	9606.ENSP00000231004	119	67
4443455	9606.ENSP00000359098	119	20
4441426	9606.ENSP00000344456	118	257
4449347	9606.ENSP00000426083	118	162
4432998	9606.ENSP00000217131	117	63
4449588	9606.ENSP00000431404	117	120
4436226	9606.ENSP00000276461	117	105
4445710	9606.ENSP00000372112	117	55
4438030	9606.ENSP00000304229	116	17
4448537	9606.ENSP00000410059	116	92
4433764	9606.ENSP00000240185	116	44
4443067	9606.ENSP00000357218	116	53
4442732	9606.ENSP00000355689	116	69
4447650	9606.ENSP00000390265	116	74
4434174	9606.ENSP00000251453	115	16
4441182	9606.ENSP00000341779	114	192
4448775	9606.ENSP00000415151	114	24
4444400	9606.ENSP00000363614	114	74
4433787	9606.ENSP00000240851	113	45
4436012	9606.ENSP00000272252	113	66
4435409	9606.ENSP00000264265	113	22
4450804	9606.ENSP00000466214	112	25
4444013	9606.ENSP00000361824	111	446
4437057	9606.ENSP00000294119	111	26
4442989	9606.ENSP00000356918	111	43
4437226	9606.ENSP00000296046	110	92
4449833	9606.ENSP00000437783	110	264
4447833	9606.ENSP00000394071	109	228
4450670	9606.ENSP00000462435	109	33
4439814	9606.ENSP00000326031	109	199
4436601	9606.ENSP00000284719	109	56
4432830	9606.ENSP00000209668	109	184
4441045	9606.ENSP00000340466	108	154
4446035	9606.ENSP00000376309	108	51
4444253	9606.ENSP00000362820	108	28
4443153	9606.ENSP00000357688	108	13
4451799	9606.ENSP00000483688	107	41
4449035	9606.ENSP00000419378	107	46
4451900	9606.ENSP00000484912	107	30
4446400	9606.ENSP00000378769	107	192
4443133	9606.ENSP00000357596	106	45
4435259	9606.ENSP00000263408	106	88
4444722	9606.ENSP00000365569	106	142
4443094	9606.ENSP00000357384	106	16
4440157	9606.ENSP00000330101	106	1584
4443629	9606.ENSP00000359910	106	72
4439300	9606.ENSP00000319664	106	77
4451332	9606.ENSP00000478828	105	6
4436371	9606.ENSP00000280326	105	64
4434824	9606.ENSP00000261070	105	11
4433313	9606.ENSP00000225430	104	6
4447473	9606.ENSP00000387123	104	106
4451754	9606.ENSP00000483254	104	124
4443947	9606.ENSP00000361562	103	82
4439640	9606.ENSP00000323856	103	928
4443318	9606.ENSP00000358460	103	48
4435198	9606.ENSP00000263097	103	109
4434717	9606.ENSP00000259667	102	31
4433153	9606.ENSP00000221418	102	85
4437556	9606.ENSP00000299300	102	94
4448869	9606.ENSP00000417142	101	23
4435510	9606.ENSP00000264893	100	111
4442930	9606.ENSP00000356602	100	35
4442961	9606.ENSP00000356790	99.7	42
4437883	9606.ENSP00000302665	99.1	13
4448871	9606.ENSP00000417175	98.5	33
4433025	9606.ENSP00000217456	97.9	104
4451106	9606.ENSP00000474534	97.2	117
4438740	9606.ENSP00000311984	97.0	80
4451678	9606.ENSP00000482472	96.9	101
4435788	9606.ENSP00000267884	96.8	18
4434574	9606.ENSP00000257860	96.4	408
4434533	9606.ENSP00000257192	96.0	129
4449849	9606.ENSP00000438113	96.0	50
4436920	9606.ENSP00000291568	95.8	16
4434874	9606.ENSP00000261427	95.7	49
4437270	9606.ENSP00000296370	95.5	14
4438692	9606.ENSP00000311449	95.5	58
4447684	9606.ENSP00000391211	95.4	76
4435518	9606.ENSP00000264933	95.3	28
4433974	9606.ENSP00000246151	95.2	37
4432632	9606.ENSP00000053867	94.7	87
4445041	9606.ENSP00000367615	94.7	39
4451423	9606.ENSP00000479794	94.4	120
4451886	9606.ENSP00000484789	94.4	120
4444948	9606.ENSP00000367034	94.4	120
4444931	9606.ENSP00000366956	94.4	120
4444934	9606.ENSP00000366974	94.4	120
4451392	9606.ENSP00000479461	94.4	120
4450064	9606.ENSP00000443017	94.4	120
4433901	9606.ENSP00000244537	94.4	120
4450676	9606.ENSP00000462667	94.4	120
4451542	9606.ENSP00000480960	94.4	120
4451358	9606.ENSP00000479106	94.4	120
4451586	9606.ENSP00000481486	94.4	120
4450668	9606.ENSP00000462355	94.4	120
4441692	9606.ENSP00000347168	94.4	120
4433404	9606.ENSP00000228251	93.9	35
4442303	9606.ENSP00000352936	93.7	131
4433982	9606.ENSP00000246515	93.6	8
4435492	9606.ENSP00000264758	93.5	110
4439803	9606.ENSP00000325905	93.3	28
4441742	9606.ENSP00000347665	93.0	168
4433357	9606.ENSP00000226218	92.7	84
4432990	9606.ENSP00000216951	92.3	65
4434135	9606.ENSP00000250498	91.3	17
4449865	9606.ENSP00000438399	91.3	42
4433264	9606.ENSP00000223061	91.1	82
4436919	9606.ENSP00000291565	91.1	47
4446867	9606.ENSP00000381844	90.2	60
4444656	9606.ENSP00000365131	90.2	53
4442244	9606.ENSP00000352401	90.0	24
4449499	9606.ENSP00000429309	89.8	50
4444182	9606.ENSP00000362532	89.8	47
4437958	9606.ENSP00000303423	88.9	35
4442549	9606.ENSP00000354826	88.7	66
4447081	9606.ENSP00000384169	87.6	170
4449548	9606.ENSP00000430494	87.6	21
4444038	9606.ENSP00000361927	87.2	116
4446281	9606.ENSP00000378040	87.1	18
4433686	9606.ENSP00000237530	86.2	104
4435045	9606.ENSP00000262288	86.0	45
4433980	9606.ENSP00000246337	85.8	33
4446675	9606.ENSP00000380514	84.6	74
4438368	9606.ENSP00000307889	84.5	15
4447517	9606.ENSP00000387654	83.9	64
4441958	9606.ENSP00000349679	83.6	25
4445553	9606.ENSP00000370882	83.5	18
4436241	9606.ENSP00000276692	83.5	57
4449551	9606.ENSP00000430598	83.2	6
4437070	9606.ENSP00000294360	83.0	13
4442703	9606.ENSP00000355572	83.0	22
4442445	9606.ENSP00000354280	82.9	96
4438674	9606.ENSP00000311313	82.8	24
4440717	9606.ENSP00000336687	82.6	29
4441395	9606.ENSP00000344166	82.6	158
4441481	9606.ENSP00000345008	82.6	44
4445957	9606.ENSP00000375730	82.4	14
4445512	9606.ENSP00000370588	82.4	21
4449502	9606.ENSP00000429374	82.4	12
4450354	9606.ENSP00000451291	82.3	77
4450789	9606.ENSP00000465930	82.2	50
4449420	9606.ENSP00000427866	81.8	71
4432862	9606.ENSP00000215570	81.5	17
4450340	9606.ENSP00000451080	80.9	10
4436526	9606.ENSP00000283179	80.7	68
4438298	9606.ENSP00000307199	80.6	14
4433111	9606.ENSP00000220166	79.5	46
4433130	9606.ENSP00000220764	79.1	52
4432796	9606.ENSP00000203407	79.1	58
4443206	9606.ENSP00000357842	78.9	57
4444394	9606.ENSP00000363574	78.8	31
4446246	9606.ENSP00000377783	78.6	77
4446376	9606.ENSP00000378570	78.3	189
4442376	9606.ENSP00000353600	78.3	189
4441754	9606.ENSP00000347739	78.3	189
4436382	9606.ENSP00000280557	78.0	20
4440807	9606.ENSP00000337632	77.5	30
4443190	9606.ENSP00000357789	77.4	483
4447717	9606.ENSP00000391826	77.1	34
4450525	9606.ENSP00000455897	77.1	176
4451197	9606.ENSP00000477310	76.1	22
4448260	9606.ENSP00000403172	76.0	17
4445297	9606.ENSP00000369314	75.6	11
4433367	9606.ENSP00000226355	75.4	59
4435055	9606.ENSP00000262306	75.4	15
4443161	9606.ENSP00000357712	75.3	25
4434873	9606.ENSP00000261416	75.3	64
4434847	9606.ENSP00000261267	75.3	15
4443164	9606.ENSP00000357722	74.2	12
4433614	9606.ENSP00000234071	73.9	16
4445396	9606.ENSP00000369822	73.9	30
4436884	9606.ENSP00000290765	73.6	41
4433904	9606.ENSP00000244573	73.4	55
4450366	9606.ENSP00000451712	73.2	47
4444141	9606.ENSP00000362339	72.8	41
4440870	9606.ENSP00000338413	72.7	128
4436676	9606.ENSP00000286428	72.0	32
4450866	9606.ENSP00000468057	71.6	22
4433436	9606.ENSP00000228872	71.4	18
4438991	9606.ENSP00000315383	71.3	24
4436068	9606.ENSP00000273283	71.0	91
4439023	9606.ENSP00000315774	71.0	20
4451540	9606.ENSP00000480946	70.9	66
4442255	9606.ENSP00000352458	70.8	36
4441778	9606.ENSP00000347933	70.8	36
4439151	9606.ENSP00000317780	70.8	16
4445328	9606.ENSP00000369456	70.5	20
4443785	9606.ENSP00000360687	70.3	22
4432586	9606.ENSP00000011473	70.1	27
4437241	9606.ENSP00000296135	70.0	36
4446463	9606.ENSP00000379191	70.0	32
4433725	9606.ENSP00000238875	69.8	25
4433407	9606.ENSP00000228318	69.7	42
4451434	9606.ENSP00000479919	69.3	32
4437954	9606.ENSP00000303366	69.0	37
4443155	9606.ENSP00000357693	69.0	22
4435097	9606.ENSP00000262507	68.8	27
4445274	9606.ENSP00000369129	68.6	282
4433552	9606.ENSP00000232003	68.6	57
4436066	9606.ENSP00000273258	68.3	14
4435391	9606.ENSP00000264187	68.2	147
4443963	9606.ENSP00000361634	68.2	43
4443481	9606.ENSP00000359225	67.9	108
4439327	9606.ENSP00000320043	67.6	28
4433026	9606.ENSP00000217515	67.6	35
4434119	9606.ENSP00000250101	67.5	17
4443258	9606.ENSP00000358099	67.5	21
4438313	9606.ENSP00000307292	67.2	34
4439955	9606.ENSP00000327801	66.9	49
4435075	9606.ENSP00000262418	66.9	76
4439772	9606.ENSP00000325548	66.7	85
4442353	9606.ENSP00000353408	66.6	184
4443935	9606.ENSP00000361502	66.5	28
4444896	9606.ENSP00000366694	66.4	39
4433584	9606.ENSP00000233242	66.3	518
4441792	9606.ENSP00000348056	66.3	10
4437293	9606.ENSP00000296503	66.2	40
4437544	9606.ENSP00000299166	66.0	22
4434567	9606.ENSP00000257770	65.9	56
4447392	9606.ENSP00000386541	65.9	25
4441659	9606.ENSP00000346827	65.8	68
4444080	9606.ENSP00000362108	65.2	22
4432545	9606.ENSP00000000412	65.2	29
4434738	9606.ENSP00000259951	64.9	45
4450530	9606.ENSP00000456206	64.7	482
4435120	9606.ENSP00000262646	64.4	63
4443101	9606.ENSP00000357429	64.4	9
4432868	9606.ENSP00000215727	64.2	58
4446737	9606.ENSP00000380948	64.1	109
4438776	9606.ENSP00000312326	64.0	55
4450037	9606.ENSP00000442453	63.7	59
4450237	9606.ENSP00000447730	63.7	13
4433576	9606.ENSP00000233078	63.4	29
4444272	9606.ENSP00000362946	63.2	29
4445875	9606.ENSP00000374332	63.1	36
4436708	9606.ENSP00000287097	63.0	139
4449785	9606.ENSP00000436585	62.6	39
4451239	9606.ENSP00000477781	62.5	25
4451720	9606.ENSP00000482826	62.3	67
4442913	9606.ENSP00000356541	62.1	11
4449867	9606.ENSP00000438455	61.4	12
4437436	9606.ENSP00000297785	61.3	66
4441517	9606.ENSP00000345395	61.1	115
4449262	9606.ENSP00000423674	61.0	48
4447898	9606.ENSP00000395590	60.9	33
4435138	9606.ENSP00000262768	60.5	24
4436290	9606.ENSP00000278483	60.2	13
4434187	9606.ENSP00000251643	60.2	519
4438002	9606.ENSP00000303920	60.0	14
4449525	9606.ENSP00000429931	59.9	32
4440741	9606.ENSP00000336831	59.9	229
4438596	9606.ENSP00000310491	59.4	39
4438656	9606.ENSP00000311121	59.3	49
4450367	9606.ENSP00000451752	59.0	183
4449736	9606.ENSP00000435289	58.9	17
4440099	9606.ENSP00000329403	58.8	5
4444977	9606.ENSP00000367196	58.6	20
4451201	9606.ENSP00000477352	58.6	9
4442657	9606.ENSP00000355361	58.5	36
4433322	9606.ENSP00000225573	58.0	48
4451272	9606.ENSP00000478121	57.5	8
4434748	9606.ENSP00000260118	57.5	28
4435135	9606.ENSP00000262753	57.4	46
4435583	9606.ENSP00000265333	57.4	58
4434818	9606.ENSP00000261023	57.3	75
4443864	9606.ENSP00000361087	56.4	15
4435545	9606.ENSP00000265062	55.9	24
4435728	9606.ENSP00000266735	55.9	5
4441512	9606.ENSP00000345347	55.9	40
4439523	9606.ENSP00000322419	55.9	9
4447556	9606.ENSP00000388552	55.8	22
4437738	9606.ENSP00000301263	55.7	8
4433318	9606.ENSP00000225525	55.6	8
4447332	9606.ENSP00000386187	55.5	15
4442129	9606.ENSP00000351314	55.4	12
4433209	9606.ENSP00000222219	55.4	20
4446939	9606.ENSP00000382595	55.2	32
4448143	9606.ENSP00000400882	55.1	34
4434134	9606.ENSP00000250495	55.0	13
4442453	9606.ENSP00000354376	54.8	27
4440700	9606.ENSP00000335632	54.7	10
4436800	9606.ENSP00000289228	54.5	46
4442801	9606.ENSP00000356042	54.4	173
4451336	9606.ENSP00000478877	54.0	19
4445248	9606.ENSP00000368970	53.9	6
4446541	9606.ENSP00000379680	53.6	36
4450152	9606.ENSP00000445306	53.5	147
4446882	9606.ENSP00000381992	53.5	46
4433064	9606.ENSP00000219150	53.4	18
4433035	9606.ENSP00000217971	53.3	10
4438206	9606.ENSP00000306261	53.1	535
4450173	9606.ENSP00000445806	53.0	21
4439666	9606.ENSP00000324173	52.8	72
4451722	9606.ENSP00000482835	52.7	157
4440978	9606.ENSP00000339720	52.7	9
4447693	9606.ENSP00000391481	52.6	36
4449926	9606.ENSP00000440005	52.2	98
4434505	9606.ENSP00000256682	52.2	98
4435950	9606.ENSP00000270586	52.1	21
4440515	9606.ENSP00000334037	51.7	7
4438185	9606.ENSP00000306010	51.1	77
4435086	9606.ENSP00000262455	51.0	25
4442577	9606.ENSP00000354947	51.0	48
4435543	9606.ENSP00000265052	50.8	33
4438803	9606.ENSP00000312634	50.5	51
4434025	9606.ENSP00000247665	50.1	15
4443247	9606.ENSP00000358045	50.1	45
4445632	9606.ENSP00000371420	50.1	30
4441582	9606.ENSP00000346046	49.6	6
4445594	9606.ENSP00000371193	49.5	38
4439742	9606.ENSP00000325136	49.3	40
4447078	9606.ENSP00000384136	49.2	173
4438491	9606.ENSP00000309334	49.1	8
4442880	9606.ENSP00000356395	49.0	80
4442056	9606.ENSP00000350512	49.0	35
4436014	9606.ENSP00000272298	49.0	40
4436903	9606.ENSP00000291295	49.0	40
4441930	9606.ENSP00000349467	49.0	40
4439744	9606.ENSP00000325146	49.0	204
4445270	9606.ENSP00000369081	48.9	59
4445386	9606.ENSP00000369757	48.8	9
4435508	9606.ENSP00000264870	48.7	66
4450009	9606.ENSP00000441875	48.5	35
4444985	9606.ENSP00000367220	48.5	32
4433161	9606.ENSP00000221466	48.5	27
4445335	9606.ENSP00000369519	48.3	27
4438509	9606.ENSP00000309515	48.3	34
4436949	9606.ENSP00000292147	48.2	21
4435286	9606.ENSP00000263645	48.2	12
4435028	9606.ENSP00000262193	48.0	19
4440017	9606.ENSP00000328359	48.0	30
4445712	9606.ENSP00000372139	48.0	30
4445711	9606.ENSP00000372136	48.0	30
4441791	9606.ENSP00000348054	47.9	13
4438020	9606.ENSP00000304102	47.9	27
4436897	9606.ENSP00000291009	47.9	18
4448548	9606.ENSP00000410339	47.8	23
4438183	9606.ENSP00000305995	47.8	54
4440938	9606.ENSP00000339251	47.8	10
4440566	9606.ENSP00000334448	47.6	8
4441434	9606.ENSP00000344504	47.6	8
4439494	9606.ENSP00000322061	47.5	73
4444990	9606.ENSP00000367265	47.5	38
4451107	9606.ENSP00000474560	47.3	28
4448584	9606.ENSP00000410964	47.2	72
4446123	9606.ENSP00000376911	47.0	42
4434211	9606.ENSP00000252102	47.0	4
4436186	9606.ENSP00000275493	46.9	165
4436557	9606.ENSP00000283916	46.9	344
4447034	9606.ENSP00000383690	46.8	64
4434511	9606.ENSP00000256785	46.8	84
4437398	9606.ENSP00000297354	46.5	25
4442875	9606.ENSP00000356382	46.5	60
4441169	9606.ENSP00000341625	46.5	7
4442019	9606.ENSP00000350199	46.3	143
4443211	9606.ENSP00000357873	46.1	32
4447228	9606.ENSP00000385432	46.0	36
4448921	9606.ENSP00000417656	45.9	1
4451981	9606.ENSP00000485260	45.8	4
4443689	9606.ENSP00000360217	45.7	9
4449437	9606.ENSP00000428263	45.7	45
4434321	9606.ENSP00000253754	45.3	29
4433129	9606.ENSP00000220763	45.2	27
4448277	9606.ENSP00000403536	45.1	10
4448189	9606.ENSP00000401645	45.1	24
4434385	9606.ENSP00000254801	44.9	14
4444191	9606.ENSP00000362566	44.8	78
4441504	9606.ENSP00000345259	44.5	37
4443254	9606.ENSP00000358081	44.4	57
4451534	9606.ENSP00000480853	44.2	22
4440387	9606.ENSP00000332706	44.0	6
4449560	9606.ENSP00000430774	44.0	12
4437151	9606.ENSP00000295448	43.7	36
4438493	9606.ENSP00000309338	43.6	20
4436303	9606.ENSP00000278715	43.5	21
4443371	9606.ENSP00000358723	43.5	56
4434137	9606.ENSP00000250559	43.3	56
4451269	9606.ENSP00000478061	43.2	13
4446475	9606.ENSP00000379256	42.9	74
4439221	9606.ENSP00000318697	42.9	432
4435275	9606.ENSP00000263579	42.8	26
4446568	9606.ENSP00000379838	42.7	8
4444414	9606.ENSP00000363676	42.4	11
4438356	9606.ENSP00000307786	42.3	5
4451808	9606.ENSP00000483786	42.2	78
4442800	9606.ENSP00000356037	42.0	52
4443077	9606.ENSP00000357288	41.9	12
4440360	9606.ENSP00000332449	41.9	3
4448147	9606.ENSP00000400906	41.8	12
4433923	9606.ENSP00000245206	41.8	37
4437442	9606.ENSP00000297848	41.7	114
4435114	9606.ENSP00000262626	41.6	344
4433623	9606.ENSP00000234310	41.5	33
4432944	9606.ENSP00000216286	41.5	111
4433826	9606.ENSP00000242592	41.5	33
4444922	9606.ENSP00000366927	41.4	34
4434085	9606.ENSP00000249071	41.4	10
4441587	9606.ENSP00000346088	41.4	7
4439982	9606.ENSP00000328088	41.2	20
4448366	9606.ENSP00000405573	41.2	37
4437159	9606.ENSP00000295522	41.2	12
4435894	9606.ENSP00000269491	41.2	35
4435995	9606.ENSP00000271835	41.0	18
4451516	9606.ENSP00000480707	41.0	8
4450071	9606.ENSP00000443189	40.8	16
4435804	9606.ENSP00000268099	40.8	13
4439774	9606.ENSP00000325562	40.6	4
4448488	9606.ENSP00000408526	40.5	17
4445969	9606.ENSP00000375829	40.4	28
4449100	9606.ENSP00000420213	40.2	307
4437038	9606.ENSP00000293831	40.2	89
4447540	9606.ENSP00000388169	40.1	42
4433816	9606.ENSP00000242285	39.9	1
4433394	9606.ENSP00000227525	39.9	12
4446439	9606.ENSP00000379042	39.7	36
4451553	9606.ENSP00000481029	39.5	34
4434771	9606.ENSP00000260356	39.5	84
4449429	9606.ENSP00000428085	39.4	9
4442694	9606.ENSP00000355518	39.3	30
4450772	9606.ENSP00000465356	39.2	2
4444748	9606.ENSP00000365745	39.1	22
4449767	9606.ENSP00000436005	39.1	13
4439848	9606.ENSP00000326381	39.1	89
4433996	9606.ENSP00000246792	39.0	27
4438250	9606.ENSP00000306752	39.0	40
4440232	9606.ENSP00000331127	39.0	40
4432544	9606.ENSP00000000233	38.9	82
4433154	9606.ENSP00000221419	38.9	33
4439000	9606.ENSP00000315477	38.8	36
4434465	9606.ENSP00000256196	38.8	24
4440432	9606.ENSP00000333203	38.7	36
4450593	9606.ENSP00000458075	38.6	36
4450401	9606.ENSP00000452697	38.4	12
4433336	9606.ENSP00000225777	38.1	9
4443774	9606.ENSP00000360635	38.1	35
4433964	9606.ENSP00000246069	38.1	16
4447440	9606.ENSP00000386894	37.8	22
4438499	9606.ENSP00000309431	37.8	428
4448892	9606.ENSP00000417378	37.8	10
4448198	9606.ENSP00000401802	37.6	21
4433759	9606.ENSP00000239940	37.3	10
4432999	9606.ENSP00000217133	37.2	428
4433224	9606.ENSP00000222381	37.1	26
4449771	9606.ENSP00000436126	37.1	10
4433066	9606.ENSP00000219169	36.9	11
4441130	9606.ENSP00000341214	36.8	55
4433891	9606.ENSP00000244333	36.7	25
4433587	9606.ENSP00000233379	36.7	25
4433021	9606.ENSP00000217426	36.6	25
4444404	9606.ENSP00000363638	36.6	8
4435743	9606.ENSP00000267103	36.5	34
4434284	9606.ENSP00000253108	36.3	17
4448841	9606.ENSP00000416683	36.2	34
4444778	9606.ENSP00000365950	36.1	3
4433955	9606.ENSP00000245932	36.1	21
4435299	9606.ENSP00000263697	36.0	7
4450697	9606.ENSP00000463154	36.0	10
4444224	9606.ENSP00000362711	35.7	12
4437660	9606.ENSP00000300283	35.7	51
4448422	9606.ENSP00000406577	35.7	51
4433283	9606.ENSP00000223369	35.7	14
4447367	9606.ENSP00000386378	35.6	26
4435727	9606.ENSP00000266732	35.5	45
4438182	9606.ENSP00000305988	35.5	23
4436997	9606.ENSP00000292907	35.5	6
4438900	9606.ENSP00000313967	35.4	15
4446721	9606.ENSP00000380869	35.4	45
4446267	9606.ENSP00000377914	35.3	23
4440824	9606.ENSP00000337838	35.2	59
4441531	9606.ENSP00000345528	35.2	16
4439466	9606.ENSP00000321691	35.0	18
4445537	9606.ENSP00000370748	34.9	14
4444602	9606.ENSP00000364813	34.8	8
4446347	9606.ENSP00000378368	34.7	37
4435746	9606.ENSP00000267119	34.7	519
4439879	9606.ENSP00000326806	34.6	7
4445789	9606.ENSP00000373370	34.3	76
4442116	9606.ENSP00000351190	34.3	49
4434128	9606.ENSP00000250378	34.0	20
4442449	9606.ENSP00000354340	33.9	21
4440514	9606.ENSP00000334008	33.8	16
4442186	9606.ENSP00000351777	33.5	48
4449377	9606.ENSP00000426906	33.5	20
4440309	9606.ENSP00000331901	33.5	33
4435168	9606.ENSP00000262947	33.4	10
4451050	9606.ENSP00000472985	33.4	8
4440209	9606.ENSP00000330787	33.3	4
4440491	9606.ENSP00000333837	33.3	25
4440843	9606.ENSP00000338039	33.1	7
4435517	9606.ENSP00000264932	33.1	36
4451301	9606.ENSP00000478479	33.1	20
4451621	9606.ENSP00000481878	33.1	33
4446324	9606.ENSP00000378292	33.1	35
4434534	9606.ENSP00000257198	32.9	65
4446337	9606.ENSP00000378332	32.9	24
4435770	9606.ENSP00000267512	32.8	12
4443408	9606.ENSP00000358865	32.7	236
4446379	9606.ENSP00000378588	32.7	7
4448556	9606.ENSP00000410470	32.5	22
4447877	9606.ENSP00000395083	32.3	24
4432965	9606.ENSP00000216479	32.2	12
4438303	9606.ENSP00000307240	32.1	514
4438152	9606.ENSP00000305692	32.1	42
4441252	9606.ENSP00000342374	32.1	4
4437594	9606.ENSP00000299698	32.0	83
4449872	9606.ENSP00000438507	32.0	82
4435258	9606.ENSP00000263401	31.9	10
4440478	9606.ENSP00000333697	31.8	8
4432924	9606.ENSP00000216181	31.8	208
4435961	9606.ENSP00000270776	31.7	29
4441968	9606.ENSP00000349748	31.7	38
4432729	9606.ENSP00000178638	31.5	12
4433416	9606.ENSP00000228506	31.5	18
4437825	9606.ENSP00000302111	31.4	12
4439187	9606.ENSP00000318195	31.4	29
4441562	9606.ENSP00000345848	31.4	15
4443140	9606.ENSP00000357633	31.2	22
4443358	9606.ENSP00000358635	31.2	33
4447966	9606.ENSP00000397157	31.2	6
4433184	9606.ENSP00000221855	31.1	14
4444427	9606.ENSP00000363770	30.9	18
4443347	9606.ENSP00000358554	30.8	16
4438279	9606.ENSP00000307014	30.8	514
4433938	9606.ENSP00000245552	30.7	11
4434589	9606.ENSP00000257951	30.7	686
4448935	9606.ENSP00000417864	30.5	15
4442230	9606.ENSP00000352257	30.4	20
4440923	9606.ENSP00000339095	30.3	10
4433270	9606.ENSP00000223136	30.3	9
4443272	9606.ENSP00000358160	30.3	23
4443269	9606.ENSP00000358154	30.3	23
4440440	9606.ENSP00000333277	30.3	23
4444939	9606.ENSP00000366999	30.3	23
4451529	9606.ENSP00000480826	30.3	23
4451891	9606.ENSP00000484841	30.3	23
4451655	9606.ENSP00000482271	30.3	23
4451830	9606.ENSP00000484095	30.3	23
4442229	9606.ENSP00000352252	30.3	23
4442728	9606.ENSP00000355657	30.3	23
4451757	9606.ENSP00000483283	30.3	23
4447238	9606.ENSP00000385479	30.3	23
4451875	9606.ENSP00000484658	30.3	23
4451871	9606.ENSP00000484638	30.3	23
4435914	9606.ENSP00000269886	30.3	12
4438445	9606.ENSP00000308753	30.3	21
4435452	9606.ENSP00000264563	30.3	3
4446430	9606.ENSP00000378992	30.2	102
4442386	9606.ENSP00000353720	30.1	50
4451402	9606.ENSP00000479586	30.0	8
4436562	9606.ENSP00000284031	30.0	39
4451676	9606.ENSP00000482445	29.9	10
4434118	9606.ENSP00000250092	29.9	7
4449792	9606.ENSP00000436691	29.8	3
4434456	9606.ENSP00000256078	29.8	41
4438239	9606.ENSP00000306614	29.8	12
4441020	9606.ENSP00000340176	29.7	9
4434666	9606.ENSP00000258955	29.6	35
4447403	9606.ENSP00000386636	29.5	19
4447802	9606.ENSP00000393541	29.5	10
4448731	9606.ENSP00000414359	29.4	15
4434207	9606.ENSP00000252071	29.3	38
4447319	9606.ENSP00000386156	29.2	10
4447477	9606.ENSP00000387164	29.1	24
4443763	9606.ENSP00000360569	29.0	30
4433617	9606.ENSP00000234160	28.9	11
4446948	9606.ENSP00000382707	28.8	15
4432813	9606.ENSP00000205402	28.8	27
4446428	9606.ENSP00000378972	28.7	102
4432839	9606.ENSP00000210313	28.6	27
4446056	9606.ENSP00000376423	28.5	34
4443173	9606.ENSP00000357746	28.5	34
4443172	9606.ENSP00000357744	28.5	34
4443171	9606.ENSP00000357740	28.5	34
4433596	9606.ENSP00000233627	28.5	16
4442397	9606.ENSP00000353785	28.5	6
4439770	9606.ENSP00000325527	28.4	140
4450086	9606.ENSP00000443495	28.3	180
4437094	9606.ENSP00000294785	28.3	41
4436060	9606.ENSP00000273130	28.3	22
4437555	9606.ENSP00000299299	28.1	5
4444712	9606.ENSP00000365505	28.0	9
4433286	9606.ENSP00000223500	28.0	6
4450369	9606.ENSP00000451792	27.9	30
4437724	9606.ENSP00000301149	27.7	18
4450881	9606.ENSP00000468500	27.7	236
4434273	9606.ENSP00000253024	27.5	26
4444219	9606.ENSP00000362688	27.4	21
4443783	9606.ENSP00000360682	27.4	18
4451641	9606.ENSP00000482169	27.3	236
4447496	9606.ENSP00000387307	27.1	16
4437213	9606.ENSP00000295951	27.1	46
4438741	9606.ENSP00000311997	27.1	236
4448525	9606.ENSP00000409738	27.1	8
4449593	9606.ENSP00000431482	27.0	18
4436345	9606.ENSP00000279387	27.0	70
4435837	9606.ENSP00000268668	26.9	8
4433254	9606.ENSP00000222800	26.9	16
4434716	9606.ENSP00000259632	26.8	8
4450300	9606.ENSP00000450085	26.7	19
4445998	9606.ENSP00000376056	26.6	8
4443345	9606.ENSP00000358548	26.6	42
4451879	9606.ENSP00000484689	26.6	15
4446531	9606.ENSP00000379616	26.6	216
4437909	9606.ENSP00000302896	26.5	5
4439791	9606.ENSP00000325748	26.4	29
4442973	9606.ENSP00000356840	26.4	11
4438215	9606.ENSP00000306362	26.4	5
4444232	9606.ENSP00000362744	26.3	10
4434502	9606.ENSP00000256644	26.3	6
4446162	9606.ENSP00000377192	26.2	24
4440219	9606.ENSP00000330945	26.1	21
4436603	9606.ENSP00000284770	26.1	18
4432744	9606.ENSP00000185206	26.0	27
4435509	9606.ENSP00000264883	26.0	22
4439578	9606.ENSP00000323076	25.9	9
4450262	9606.ENSP00000448598	25.7	19
4450216	9606.ENSP00000447000	25.7	30
4440236	9606.ENSP00000331201	25.6	14
4432831	9606.ENSP00000209718	25.5	68
4437953	9606.ENSP00000303356	25.5	18
4435370	9606.ENSP00000264059	25.4	10
4445546	9606.ENSP00000370808	25.3	33
4438009	9606.ENSP00000303992	25.3	11
4434453	9606.ENSP00000256001	25.1	59
4435550	9606.ENSP00000265073	25.1	4
4444651	9606.ENSP00000365081	25.1	13
4433103	9606.ENSP00000219789	25.0	7
4446149	9606.ENSP00000377060	25.0	11
4434966	9606.ENSP00000261868	24.9	12
4440643	9606.ENSP00000335153	24.9	36
4450127	9606.ENSP00000444688	24.8	107
4443577	9606.ENSP00000359609	24.8	8
4451264	9606.ENSP00000478017	24.5	59
4452033	9606.ENSP00000485450	24.5	59
4438077	9606.ENSP00000304802	24.5	8
4439120	9606.ENSP00000317332	24.4	18
4439229	9606.ENSP00000318822	24.4	16
4432992	9606.ENSP00000216968	24.3	8
4437802	9606.ENSP00000301838	24.3	4
4451296	9606.ENSP00000478425	24.2	15
4440195	9606.ENSP00000330587	24.2	15
4442474	9606.ENSP00000354490	24.2	107
4434046	9606.ENSP00000248098	24.2	10
4437467	9606.ENSP00000298223	24.1	19
4451385	9606.ENSP00000479365	23.9	59
4451367	9606.ENSP00000479203	23.9	59
4435749	9606.ENSP00000267202	23.7	7
4434704	9606.ENSP00000259457	23.7	7
4444785	9606.ENSP00000366032	23.6	10
4449495	9606.ENSP00000429243	23.6	16
4437223	9606.ENSP00000296028	23.5	7
4445445	9606.ENSP00000370115	23.5	17
4436277	9606.ENSP00000278222	23.5	15
4443584	9606.ENSP00000359645	23.4	14
4437483	9606.ENSP00000298316	23.4	7
4438327	9606.ENSP00000307508	23.4	16
4449557	9606.ENSP00000430706	23.0	16
4449470	9606.ENSP00000428845	23.0	14
4436301	9606.ENSP00000278618	23.0	6
4451085	9606.ENSP00000473929	22.8	4
4434697	9606.ENSP00000259365	22.4	8
4445122	9606.ENSP00000368119	22.3	30
4446120	9606.ENSP00000376899	22.3	34
4435501	9606.ENSP00000264832	22.3	19
4445603	9606.ENSP00000371233	22.2	5
4439526	9606.ENSP00000322439	22.2	20
4436296	9606.ENSP00000278572	22.2	15
4446686	9606.ENSP00000380598	22.1	10
4444588	9606.ENSP00000364721	22.0	7
4443374	9606.ENSP00000358737	21.9	14
4432869	9606.ENSP00000215730	21.9	13
4433173	9606.ENSP00000221566	21.7	11
4432854	9606.ENSP00000215071	21.7	8
4441611	9606.ENSP00000346300	21.6	9
4432915	9606.ENSP00000216124	21.6	14
4448459	9606.ENSP00000407586	21.6	41
4443156	9606.ENSP00000357697	21.5	2
4434006	9606.ENSP00000246957	21.5	22
4443057	9606.ENSP00000357156	21.4	12
4444252	9606.ENSP00000362817	21.3	4
4434884	9606.ENSP00000261479	21.2	12
4450244	9606.ENSP00000448035	21.2	21
4447442	9606.ENSP00000386896	20.9	44
4434598	9606.ENSP00000258091	20.8	12
4437849	9606.ENSP00000302393	20.8	60
4432857	9606.ENSP00000215375	20.7	4
4441333	9606.ENSP00000343412	20.7	13
4435164	9606.ENSP00000262919	20.7	40
4447289	9606.ENSP00000385927	20.6	9
4444208	9606.ENSP00000362638	20.6	4
4434932	9606.ENSP00000261714	20.5	21
4443603	9606.ENSP00000359727	20.5	8
4433880	9606.ENSP00000244061	20.4	8
4448298	9606.ENSP00000404042	20.4	11
4438724	9606.ENSP00000311747	20.3	6
4443196	9606.ENSP00000357807	20.3	6
4443770	9606.ENSP00000360609	20.2	28
4447269	9606.ENSP00000385757	20.2	10
4440308	9606.ENSP00000331897	20.1	11
4437626	9606.ENSP00000300060	20.0	33
4439701	9606.ENSP00000324628	20.0	6
4449281	9606.ENSP00000424191	19.9	8
4447201	9606.ENSP00000385080	19.8	19
4443936	9606.ENSP00000361512	19.8	20
4436373	9606.ENSP00000280346	19.8	22
4437915	9606.ENSP00000302936	19.7	12
4436969	9606.ENSP00000292475	19.7	10
4446708	9606.ENSP00000380762	19.7	4
4433350	9606.ENSP00000226004	19.6	9
4447156	9606.ENSP00000384719	19.6	7
4437224	9606.ENSP00000296029	19.5	5
4446263	9606.ENSP00000377867	19.5	29
4433568	9606.ENSP00000232905	19.4	11
4449043	9606.ENSP00000419449	19.4	11
4449402	9606.ENSP00000427463	19.4	6
4434491	9606.ENSP00000256496	19.3	15
4450710	9606.ENSP00000463393	19.3	9
4445552	9606.ENSP00000370867	19.2	25
4440734	9606.ENSP00000336775	19.2	37
4444249	9606.ENSP00000362803	19.2	4
4443009	9606.ENSP00000356989	19.1	7
4442966	9606.ENSP00000356807	19.1	9
4445534	9606.ENSP00000370741	19.0	16
4440206	9606.ENSP00000330737	19.0	4
4442356	9606.ENSP00000353444	18.9	18
4436400	9606.ENSP00000280904	18.8	57
4449201	9606.ENSP00000422007	18.8	128
4439196	9606.ENSP00000318318	18.7	17
4448472	9606.ENSP00000408025	18.6	12
4442323	9606.ENSP00000353114	18.6	215
4432961	9606.ENSP00000216455	18.6	8
4439901	9606.ENSP00000327145	18.5	238
4433295	9606.ENSP00000224181	18.5	10
4437001	9606.ENSP00000293230	18.4	9
4438721	9606.ENSP00000311713	18.3	15
4437470	9606.ENSP00000298248	18.3	12
4439395	9606.ENSP00000320866	18.3	13
4438403	9606.ENSP00000308334	18.2	11
4449720	9606.ENSP00000434724	18.2	10
4440840	9606.ENSP00000338019	18.2	10
4438985	9606.ENSP00000315299	18.1	5
4438114	9606.ENSP00000305260	18.0	27
4439516	9606.ENSP00000322316	18.0	7
4437681	9606.ENSP00000300605	18.0	4
4451846	9606.ENSP00000484343	18.0	14
4446401	9606.ENSP00000378782	17.9	8
4445400	9606.ENSP00000369855	17.9	5
4446397	9606.ENSP00000378743	17.9	8
4440998	9606.ENSP00000339835	17.8	23
4447549	9606.ENSP00000388325	17.8	44
4435883	9606.ENSP00000269349	17.8	35
4439272	9606.ENSP00000319255	17.7	7
4435801	9606.ENSP00000268058	17.7	28
4437932	9606.ENSP00000303145	17.6	10
4439131	9606.ENSP00000317445	17.6	24
4445204	9606.ENSP00000368699	17.6	6
4436853	9606.ENSP00000290299	17.5	12
4445976	9606.ENSP00000375863	17.4	12
4434458	9606.ENSP00000256103	17.4	5
4444025	9606.ENSP00000361871	17.4	3
4444402	9606.ENSP00000363624	17.4	5
4449997	9606.ENSP00000441691	17.3	38
4448019	9606.ENSP00000398350	17.3	9
4442837	9606.ENSP00000356198	17.3	13
4447352	9606.ENSP00000386264	17.3	13
4446848	9606.ENSP00000381698	17.2	9
4448048	9606.ENSP00000398803	17.1	12
4433882	9606.ENSP00000244137	17.1	13
4447293	9606.ENSP00000385958	17.1	2
4450406	9606.ENSP00000452786	17.0	19
4432576	9606.ENSP00000007722	17.0	26
4444980	9606.ENSP00000367202	16.9	32
4451417	9606.ENSP00000479708	16.9	2
4450169	9606.ENSP00000445725	16.9	7
4436266	9606.ENSP00000277865	16.8	45
4433329	9606.ENSP00000225698	16.8	7
4432734	9606.ENSP00000181383	16.8	10
4437291	9606.ENSP00000296498	16.7	344
4446701	9606.ENSP00000380702	16.7	5
4435217	9606.ENSP00000263212	16.7	7
4437092	9606.ENSP00000294742	16.6	6
4437277	9606.ENSP00000296424	16.6	7
4433145	9606.ENSP00000221166	16.6	236
4449254	9606.ENSP00000423563	16.6	12
4434603	9606.ENSP00000258145	16.5	18
4433299	9606.ENSP00000224807	16.5	15
4440046	9606.ENSP00000328729	16.4	7
4441834	9606.ENSP00000348461	16.4	6
4438412	9606.ENSP00000308430	16.4	5
4446274	9606.ENSP00000377958	16.3	14
4432717	9606.ENSP00000173527	16.2	12
4445054	9606.ENSP00000367697	16.2	13
4443557	9606.ENSP00000359540	16.1	4
4442258	9606.ENSP00000352513	16.0	5
4434944	9606.ENSP00000261769	16.0	13
4439939	9606.ENSP00000327589	16.0	45
4444874	9606.ENSP00000366549	15.9	10
4444950	9606.ENSP00000367049	15.8	3
4433061	9606.ENSP00000219070	15.8	19
4450820	9606.ENSP00000466718	15.6	6
4436378	9606.ENSP00000280377	15.6	26
4440097	9606.ENSP00000329374	15.6	16
4435523	9606.ENSP00000264954	15.5	5
4440021	9606.ENSP00000328405	15.5	32
4443202	9606.ENSP00000357835	15.5	9
4437196	9606.ENSP00000295822	15.5	11
4449641	9606.ENSP00000432692	15.4	2
4443383	9606.ENSP00000358777	15.4	8
4443233	9606.ENSP00000357943	15.3	12
4442653	9606.ENSP00000355325	15.3	9
4442896	9606.ENSP00000356448	15.3	46
4446196	9606.ENSP00000377446	15.3	6
4446669	9606.ENSP00000380467	15.3	9
4444391	9606.ENSP00000363553	15.2	5
4436864	9606.ENSP00000290401	15.2	12
4442980	9606.ENSP00000356864	15.1	5
4451352	9606.ENSP00000479064	15.1	5
4442076	9606.ENSP00000350757	15.1	4
4437104	9606.ENSP00000295006	15.1	16
4435795	9606.ENSP00000267973	15.1	6
4450178	9606.ENSP00000445920	15.1	4
4451565	9606.ENSP00000481114	15.0	12
4438381	9606.ENSP00000308022	15.0	18
4447686	9606.ENSP00000391249	14.9	12
4450645	9606.ENSP00000461324	14.9	25
4448796	9606.ENSP00000415769	14.8	25
4433468	9606.ENSP00000229390	14.7	4
4450242	9606.ENSP00000447942	14.6	5
4437604	9606.ENSP00000299767	14.6	20
4448081	9606.ENSP00000399696	14.6	18
4443024	9606.ENSP00000357055	14.6	5
4445179	9606.ENSP00000368528	14.6	6
4449364	9606.ENSP00000426455	14.6	20
4449808	9606.ENSP00000437041	14.5	22
4434023	9606.ENSP00000247461	14.5	12
4436218	9606.ENSP00000276390	14.5	23
4440193	9606.ENSP00000330523	14.4	6
4435358	9606.ENSP00000264025	14.4	8
4436035	9606.ENSP00000272519	14.4	5
4443406	9606.ENSP00000358857	14.4	7
4450032	9606.ENSP00000442382	14.3	45
4444718	9606.ENSP00000365533	14.3	7
4446658	9606.ENSP00000380414	14.3	9
4441904	9606.ENSP00000349259	14.2	81
4443780	9606.ENSP00000360671	14.2	23
4439338	9606.ENSP00000320176	14.1	12
4443208	9606.ENSP00000357858	14.1	8
4434084	9606.ENSP00000249066	14.1	6
4434682	9606.ENSP00000259206	14.1	4
4447630	9606.ENSP00000389814	13.8	6
4436283	9606.ENSP00000278353	13.8	6
4443929	9606.ENSP00000361471	13.8	10
4432948	9606.ENSP00000216336	13.7	6
4435511	9606.ENSP00000264896	13.7	18
4446869	9606.ENSP00000381859	13.7	2
4436571	9606.ENSP00000284240	13.7	4
4450068	9606.ENSP00000443133	13.6	4
4447839	9606.ENSP00000394183	13.6	5
4432618	9606.ENSP00000037869	13.6	4
4442897	9606.ENSP00000356465	13.5	6
4450954	9606.ENSP00000470298	13.5	154
4437028	9606.ENSP00000293745	13.4	427
4443322	9606.ENSP00000358474	13.3	8
4450137	9606.ENSP00000444935	13.3	9
4445487	9606.ENSP00000370419	13.3	11
4442934	9606.ENSP00000356632	13.3	2
4448944	9606.ENSP00000418008	13.2	11
4443695	9606.ENSP00000360250	13.2	9
4432626	9606.ENSP00000044462	13.0	10
4441637	9606.ENSP00000346577	13.0	36
4437103	9606.ENSP00000294973	13.0	6
4443049	9606.ENSP00000357129	13.0	49
4436642	9606.ENSP00000285735	12.9	12
4439757	9606.ENSP00000325369	12.9	3
4439736	9606.ENSP00000325074	12.9	26
4439852	9606.ENSP00000326432	12.9	2
4448110	9606.ENSP00000400175	12.9	12
4444464	9606.ENSP00000363993	12.9	7
4449060	9606.ENSP00000419665	12.8	3
4451723	9606.ENSP00000482841	12.8	3
4447819	9606.ENSP00000393845	12.7	34
4443020	9606.ENSP00000357047	12.7	12
4445276	9606.ENSP00000369134	12.7	11
4452063	9606.ENSP00000485552	12.7	15
4432978	9606.ENSP00000216714	12.6	6
4446835	9606.ENSP00000381601	12.6	12
4446822	9606.ENSP00000381504	12.6	16
4438260	9606.ENSP00000306864	12.6	8
4451478	9606.ENSP00000480359	12.5	19
4436622	9606.ENSP00000285208	12.5	14
4432670	9606.ENSP00000157600	12.5	8
4448096	9606.ENSP00000399970	12.5	26
4449658	9606.ENSP00000433138	12.5	14
4434916	9606.ENSP00000261636	12.3	9
4448880	9606.ENSP00000417222	12.3	6
4436470	9606.ENSP00000282111	12.3	6
4444723	9606.ENSP00000365576	12.2	15
4448485	9606.ENSP00000408411	12.1	12
4448280	9606.ENSP00000403636	12.1	10
4448382	9606.ENSP00000405926	12.1	13
4445866	9606.ENSP00000374265	12.1	18
4439872	9606.ENSP00000326706	12.1	5
4450796	9606.ENSP00000466058	12.0	6
4443105	9606.ENSP00000357452	12.0	5
4438982	9606.ENSP00000315263	11.9	6
4433441	9606.ENSP00000228938	11.9	5
4446787	9606.ENSP00000381237	11.9	10
4433832	9606.ENSP00000242786	11.8	13
4449150	9606.ENSP00000420939	11.8	9
4436637	9606.ENSP00000285599	11.8	23
4441798	9606.ENSP00000348099	11.7	9
4438935	9606.ENSP00000314500	11.7	10
4435482	9606.ENSP00000264710	11.7	6
4443163	9606.ENSP00000357718	11.6	7
4449652	9606.ENSP00000432943	11.6	6
4435967	9606.ENSP00000271064	11.6	12
4437273	9606.ENSP00000296412	11.6	5
4448824	9606.ENSP00000416293	11.6	10
4432660	9606.ENSP00000085068	11.5	5
4441729	9606.ENSP00000347532	11.5	12
4451021	9606.ENSP00000472249	11.5	3
4446759	9606.ENSP00000381072	11.5	11
4432671	9606.ENSP00000157812	11.4	7
4446972	9606.ENSP00000382941	11.4	10
4435176	9606.ENSP00000262982	11.3	16
4432840	9606.ENSP00000210444	11.3	6
4433718	9606.ENSP00000238721	11.3	7
4449212	9606.ENSP00000422375	11.3	8
4434846	9606.ENSP00000261263	11.2	8
4437176	9606.ENSP00000295685	11.2	5
4449990	9606.ENSP00000441434	11.1	3
4444047	9606.ENSP00000361965	11.1	6
4447071	9606.ENSP00000384084	11.0	27
4446886	9606.ENSP00000382026	11.0	4
4446660	9606.ENSP00000380427	10.9	42
4436430	9606.ENSP00000281456	10.9	20
4451260	9606.ENSP00000477980	10.9	33
4441514	9606.ENSP00000345361	10.8	3
4442357	9606.ENSP00000353452	10.8	42
4438521	9606.ENSP00000309591	10.8	8
4443402	9606.ENSP00000358840	10.8	2
4444174	9606.ENSP00000362480	10.8	7
4450185	9606.ENSP00000446099	10.8	9
4446289	9606.ENSP00000378074	10.8	13
4441824	9606.ENSP00000348381	10.6	10
4448066	9606.ENSP00000399403	10.5	9
4449298	9606.ENSP00000424595	10.5	16
4438372	9606.ENSP00000307940	10.4	18
4441498	9606.ENSP00000345195	10.4	15
4437869	9606.ENSP00000302579	10.4	10
4445527	9606.ENSP00000370710	10.3	45
4441891	9606.ENSP00000349142	10.3	6
4436933	9606.ENSP00000291744	10.3	6
4449863	9606.ENSP00000438349	10.2	4
4445390	9606.ENSP00000369786	10.1	6
4438150	9606.ENSP00000305675	10.1	4
4435933	9606.ENSP00000270225	10.0	4
4438083	9606.ENSP00000304854	10.0	2
4436619	9606.ENSP00000285093	9.97	7
4440595	9606.ENSP00000334801	9.95	9
4433947	9606.ENSP00000245816	9.94	4
4437169	9606.ENSP00000295633	9.92	6
4448791	9606.ENSP00000415536	9.92	6
4432692	9606.ENSP00000164139	9.87	59
4436761	9606.ENSP00000288087	9.86	5
4450046	9606.ENSP00000442600	9.84	20
4451404	9606.ENSP00000479606	9.83	41
4447791	9606.ENSP00000393313	9.8	12
4447590	9606.ENSP00000389168	9.75	10
4442660	9606.ENSP00000355377	9.75	15
4443016	9606.ENSP00000357012	9.71	9
4444399	9606.ENSP00000363603	9.68	9
4435153	9606.ENSP00000262878	9.63	12
4436892	9606.ENSP00000290921	9.62	14
4440839	9606.ENSP00000338013	9.61	14
4446810	9606.ENSP00000381448	9.52	2
4435341	9606.ENSP00000263946	9.48	15
4438643	9606.ENSP00000310901	9.42	3
4446350	9606.ENSP00000378400	9.36	13
4432819	9606.ENSP00000206423	9.36	18
4439824	9606.ENSP00000326219	9.33	9
4450940	9606.ENSP00000470059	9.33	12
4441302	9606.ENSP00000343027	9.31	19
4443410	9606.ENSP00000358867	9.31	19
4438549	9606.ENSP00000309968	9.31	10
4448311	9606.ENSP00000404203	9.28	30
4437648	9606.ENSP00000300181	9.26	5
4434323	9606.ENSP00000253792	9.24	16
4442780	9606.ENSP00000355955	9.2	4
4442921	9606.ENSP00000356574	9.12	11
4436094	9606.ENSP00000273853	9.07	24
4446269	9606.ENSP00000377936	9.06	26
4442041	9606.ENSP00000350364	9.04	5
4444751	9606.ENSP00000365773	9.02	6
4443170	9606.ENSP00000357737	9.01	16
4451527	9606.ENSP00000480821	8.94	11
4444982	9606.ENSP00000367208	8.94	10
4443454	9606.ENSP00000359096	8.93	44
4440189	9606.ENSP00000330484	8.93	44
4443456	9606.ENSP00000359100	8.93	44
4442502	9606.ENSP00000354610	8.84	44
4451584	9606.ENSP00000481450	8.84	44
4436341	9606.ENSP00000279242	8.83	3
4433603	9606.ENSP00000233809	8.77	5
4441886	9606.ENSP00000349078	8.74	6
4438856	9606.ENSP00000313391	8.73	9
4452012	9606.ENSP00000485370	8.71	7
4441279	9606.ENSP00000342790	8.71	7
4448708	9606.ENSP00000413896	8.71	7
4433488	9606.ENSP00000230036	8.7	12
4450219	9606.ENSP00000447053	8.66	13
4442745	9606.ENSP00000355777	8.61	4
4443701	9606.ENSP00000360269	8.6	4
4433057	9606.ENSP00000218867	8.54	5
4439104	9606.ENSP00000317159	8.54	5
4444698	9606.ENSP00000365426	8.5	2
4451072	9606.ENSP00000473391	8.46	10
4433278	9606.ENSP00000223321	8.43	5
4436007	9606.ENSP00000272217	8.43	9
4443572	9606.ENSP00000359596	8.4	9
4435708	9606.ENSP00000266544	8.36	6
4445952	9606.ENSP00000375682	8.35	4
4434482	9606.ENSP00000256433	8.34	1
4442432	9606.ENSP00000354125	8.31	11
4434270	9606.ENSP00000252999	8.3	47
4436206	9606.ENSP00000276079	8.21	19
4434307	9606.ENSP00000253413	8.17	8
4436112	9606.ENSP00000274063	8.15	4
4437702	9606.ENSP00000300935	8.15	4
4433073	9606.ENSP00000219252	8.11	4
4451226	9606.ENSP00000477639	8.1	6
4441462	9606.ENSP00000344829	8.05	8
4433561	9606.ENSP00000232564	7.99	23
4435073	9606.ENSP00000262407	7.95	9
4437332	9606.ENSP00000296755	7.94	34
4444632	9606.ENSP00000364979	7.93	24
4447101	9606.ENSP00000384296	7.92	16
4441288	9606.ENSP00000342850	7.88	6
4434149	9606.ENSP00000251047	7.85	5
4440744	9606.ENSP00000336866	7.82	2
4436683	9606.ENSP00000286621	7.79	5
4437907	9606.ENSP00000302886	7.78	10
4444411	9606.ENSP00000363661	7.77	6
4450582	9606.ENSP00000457733	7.71	6
4437300	9606.ENSP00000296522	7.7	7
4439089	9606.ENSP00000316891	7.65	22
4442090	9606.ENSP00000350949	7.65	5
4440716	9606.ENSP00000336666	7.64	2
4436183	9606.ENSP00000275364	7.56	9
4445091	9606.ENSP00000367893	7.5	6
4439432	9606.ENSP00000321334	7.46	354
4443180	9606.ENSP00000357764	7.42	3
4441147	9606.ENSP00000341361	7.4	2
4443816	9606.ENSP00000360869	7.4	4
4432991	9606.ENSP00000216962	7.39	55
4433453	9606.ENSP00000229264	7.39	23
4439622	9606.ENSP00000323663	7.39	10
4435818	9606.ENSP00000268261	7.35	4
4442718	9606.ENSP00000355623	7.35	4
4438605	9606.ENSP00000310572	7.3	7
4434075	9606.ENSP00000248958	7.29	3
4446318	9606.ENSP00000378260	7.25	8
4437637	9606.ENSP00000300113	7.23	2
4446884	9606.ENSP00000382004	7.22	21
4443704	9606.ENSP00000360281	7.22	8
4442782	9606.ENSP00000355961	7.2	14
4439894	9606.ENSP00000327054	7.18	6
4440842	9606.ENSP00000338034	7.18	3
4438817	9606.ENSP00000312734	7.16	3
4438061	9606.ENSP00000304592	7.14	33
4444449	9606.ENSP00000363899	7.13	6
4440781	9606.ENSP00000337358	7.12	7
4446881	9606.ENSP00000381984	7.12	7
4447170	9606.ENSP00000384863	7.1	11
4435781	9606.ENSP00000267814	7.06	4
4435089	9606.ENSP00000262461	7.04	9
4434945	9606.ENSP00000261772	7.02	16
4434618	9606.ENSP00000258341	7.02	20
4437654	9606.ENSP00000300215	7.0	9
4434098	9606.ENSP00000249442	6.99	5
4438504	9606.ENSP00000309474	6.98	16
4435897	9606.ENSP00000269571	6.97	46
4442225	9606.ENSP00000352208	6.89	30
4439282	9606.ENSP00000319464	6.82	4
4437537	9606.ENSP00000299138	6.81	10
4446975	9606.ENSP00000382972	6.77	18
4448654	9606.ENSP00000412566	6.77	18
4432954	9606.ENSP00000216392	6.76	46
4451251	9606.ENSP00000477870	6.75	1
4438084	9606.ENSP00000304891	6.69	8
4436419	9606.ENSP00000281182	6.66	6
4446877	9606.ENSP00000381958	6.64	10
4438184	9606.ENSP00000306003	6.61	1
4449048	9606.ENSP00000419475	6.59	7
4450648	9606.ENSP00000461388	6.59	3
4439111	9606.ENSP00000317232	6.49	8
4442292	9606.ENSP00000352834	6.43	10
4441708	9606.ENSP00000347324	6.43	3
4444439	9606.ENSP00000363827	6.41	43
4444197	9606.ENSP00000362590	6.37	10
4442702	9606.ENSP00000355568	6.36	6
4436274	9606.ENSP00000278193	6.36	3
4435820	9606.ENSP00000268379	6.27	4
4444123	9606.ENSP00000362273	6.27	3
4432636	9606.ENSP00000054950	6.23	3
4432577	9606.ENSP00000007735	6.23	17
4436415	9606.ENSP00000281154	6.23	14
4437999	9606.ENSP00000303908	6.21	4
4449123	9606.ENSP00000420487	6.19	16
4447216	9606.ENSP00000385269	6.18	4
4439527	9606.ENSP00000322450	6.16	9
4449756	9606.ENSP00000435585	6.1	5
4446540	9606.ENSP00000379678	6.03	6
4437225	9606.ENSP00000296043	5.98	36
4432824	9606.ENSP00000206765	5.91	8
4440154	9606.ENSP00000330074	5.91	1
4441094	9606.ENSP00000340937	5.89	13
4435113	9606.ENSP00000262623	5.87	37
4449349	9606.ENSP00000426119	5.85	3
4436650	9606.ENSP00000285930	5.84	11
4433373	9606.ENSP00000226524	5.84	4
4437319	9606.ENSP00000296658	5.81	3
4447463	9606.ENSP00000387050	5.8	7
4450295	9606.ENSP00000449795	5.79	2
4444167	9606.ENSP00000362456	5.74	1
4448068	9606.ENSP00000399421	5.71	4
4433244	9606.ENSP00000222673	5.66	9
4440480	9606.ENSP00000333725	5.65	6
4447278	9606.ENSP00000385828	5.64	17
4448208	9606.ENSP00000401980	5.62	5
4436738	9606.ENSP00000287706	5.59	3
4436487	9606.ENSP00000282382	5.52	13
4445389	9606.ENSP00000369784	5.42	63
4446147	9606.ENSP00000377055	5.38	6
4448953	9606.ENSP00000418193	5.35	11
4438328	9606.ENSP00000307513	5.35	12
4441870	9606.ENSP00000348888	5.32	8
4447643	9606.ENSP00000390076	5.31	7
4433455	9606.ENSP00000229268	5.29	4
4443023	9606.ENSP00000357052	5.27	12
4437923	9606.ENSP00000303057	5.26	2
4443957	9606.ENSP00000361603	5.26	2
4448134	9606.ENSP00000400717	5.26	9
4439688	9606.ENSP00000324463	5.24	10
4433317	9606.ENSP00000225519	5.21	6
4449387	9606.ENSP00000427123	5.19	9
4446375	9606.ENSP00000378563	5.18	1
4441238	9606.ENSP00000342235	5.16	46
4435277	9606.ENSP00000263598	5.16	1
4440092	9606.ENSP00000329312	5.15	3
4441360	9606.ENSP00000343690	5.11	7
4447601	9606.ENSP00000389289	5.04	11
4447514	9606.ENSP00000387593	5.0	11
4450860	9606.ENSP00000468002	4.97	8
4436114	9606.ENSP00000274137	4.94	1
4448506	9606.ENSP00000409171	4.92	14
4434803	9606.ENSP00000260746	4.92	3
4450431	9606.ENSP00000453508	4.86	48
4434324	9606.ENSP00000253794	4.86	3
4434608	9606.ENSP00000258198	4.79	4
4439693	9606.ENSP00000324532	4.79	18
4437029	9606.ENSP00000293760	4.79	3
4432880	9606.ENSP00000215832	4.73	5
4437777	9606.ENSP00000301607	4.7	11
4442815	9606.ENSP00000356104	4.69	5
4432898	9606.ENSP00000216034	4.65	2
4434342	9606.ENSP00000254101	4.63	3
4445819	9606.ENSP00000373669	4.58	3
4442325	9606.ENSP00000353129	4.5	5
4445432	9606.ENSP00000370023	4.48	6
4444951	9606.ENSP00000367050	4.46	10
4435232	9606.ENSP00000263277	4.45	6
4444469	9606.ENSP00000364016	4.43	4
4447836	9606.ENSP00000394107	4.37	6
4443100	9606.ENSP00000357425	4.36	3
4436397	9606.ENSP00000280800	4.33	4
4450029	9606.ENSP00000442318	4.29	11
4435919	9606.ENSP00000269980	4.27	8
4448961	9606.ENSP00000418397	4.25	4
4436222	9606.ENSP00000276420	4.25	4
4442416	9606.ENSP00000353942	4.23	9
4433204	9606.ENSP00000222120	4.21	2
4436312	9606.ENSP00000278840	4.19	2
4432773	9606.ENSP00000199708	4.18	2
4441547	9606.ENSP00000345728	4.15	15
4435616	9606.ENSP00000265563	4.11	4
4450350	9606.ENSP00000451235	4.1	12
4437766	9606.ENSP00000301464	4.06	2
4450076	9606.ENSP00000443246	4.02	8
4445132	9606.ENSP00000368189	4.01	9
4451186	9606.ENSP00000476960	4.0	23
4443177	9606.ENSP00000357753	3.99	6
4443786	9606.ENSP00000360688	3.99	2
4438865	9606.ENSP00000313490	3.97	7
4435744	9606.ENSP00000267113	3.95	8
4445407	9606.ENSP00000369889	3.9	22
4445083	9606.ENSP00000367851	3.9	4
4433629	9606.ENSP00000234396	3.87	11
4443038	9606.ENSP00000357087	3.83	2
4443668	9606.ENSP00000360147	3.8	3
4440352	9606.ENSP00000332371	3.75	13
4438992	9606.ENSP00000315386	3.74	3
4441483	9606.ENSP00000345024	3.74	7
4442589	9606.ENSP00000355011	3.68	5
4435814	9606.ENSP00000268182	3.68	8
4436053	9606.ENSP00000273047	3.66	10
4434405	9606.ENSP00000255030	3.65	1
4451441	9606.ENSP00000480004	3.56	4
4435247	9606.ENSP00000263370	3.56	3
4448495	9606.ENSP00000408697	3.55	5
4438873	9606.ENSP00000313603	3.52	6
4449602	9606.ENSP00000431808	3.51	1
4434837	9606.ENSP00000261208	3.46	4
4448109	9606.ENSP00000400168	3.46	10
4444428	9606.ENSP00000363773	3.45	1
4443819	9606.ENSP00000360882	3.44	13
4442124	9606.ENSP00000351250	3.44	9
4434956	9606.ENSP00000261819	3.39	8
4446176	9606.ENSP00000377298	3.34	15
4444431	9606.ENSP00000363794	3.32	2
4443002	9606.ENSP00000356972	3.29	5
4439367	9606.ENSP00000320485	3.26	11
4433169	9606.ENSP00000221515	3.26	1
4446413	9606.ENSP00000378857	3.26	10
4449978	9606.ENSP00000441158	3.25	23
4441447	9606.ENSP00000344666	3.25	23
4441802	9606.ENSP00000348129	3.24	6
4433393	9606.ENSP00000227524	3.21	2
4443132	9606.ENSP00000357594	3.19	2
4436180	9606.ENSP00000275230	3.19	4
4448725	9606.ENSP00000414287	3.19	6
4437089	9606.ENSP00000294725	3.17	20
4436135	9606.ENSP00000274458	3.15	3
4449367	9606.ENSP00000426548	3.15	6
4434492	9606.ENSP00000256497	3.14	18
4442908	9606.ENSP00000356520	3.11	5
4447624	9606.ENSP00000389715	3.08	8
4434326	9606.ENSP00000253799	3.05	12
4434776	9606.ENSP00000260385	3.04	4
4450294	9606.ENSP00000449784	3.04	20
4442102	9606.ENSP00000351075	3.02	3
4450325	9606.ENSP00000450838	3.02	3
4439531	9606.ENSP00000322524	2.97	1
4444287	9606.ENSP00000363023	2.97	5
4441340	9606.ENSP00000343507	2.97	3
4435002	9606.ENSP00000262094	2.96	2
4444801	9606.ENSP00000366156	2.96	2
4445353	9606.ENSP00000369586	2.93	10
4443809	9606.ENSP00000360822	2.91	20
4440059	9606.ENSP00000328928	2.87	2
4444956	9606.ENSP00000367075	2.86	5
4450878	9606.ENSP00000468367	2.8	10
4436760	9606.ENSP00000288078	2.73	7
4432809	9606.ENSP00000205061	2.69	4
4437656	9606.ENSP00000300231	2.65	24
4450275	9606.ENSP00000449079	2.63	2
4439861	9606.ENSP00000326579	2.62	1
4451125	9606.ENSP00000475216	2.62	3
4439122	9606.ENSP00000317334	2.6	2
4434272	9606.ENSP00000253023	2.59	1
4435956	9606.ENSP00000270645	2.57	2
4433017	9606.ENSP00000217402	2.57	1
4435279	9606.ENSP00000263620	2.51	9
4433713	9606.ENSP00000238647	2.51	3
4437409	9606.ENSP00000297494	2.47	8
4448119	9606.ENSP00000400376	2.45	4
4442243	9606.ENSP00000352400	2.44	10
4446889	9606.ENSP00000382071	2.4	4
4433466	9606.ENSP00000229340	2.38	1
4451853	9606.ENSP00000484472	2.37	25
4433509	9606.ENSP00000230658	2.36	2
4442387	9606.ENSP00000353731	2.34	4
4442312	9606.ENSP00000353025	2.32	1
4441119	9606.ENSP00000341141	2.27	8
4436340	9606.ENSP00000279227	2.25	3
4435369	9606.ENSP00000264057	2.24	6
4450019	9606.ENSP00000442050	2.2	2
4438386	9606.ENSP00000308117	2.18	2
4441066	9606.ENSP00000340648	2.18	20
4436070	9606.ENSP00000273308	2.15	2
4433884	9606.ENSP00000244217	2.08	1
4439037	9606.ENSP00000316042	2.05	1
4442128	9606.ENSP00000351310	2.01	5
4450205	9606.ENSP00000446743	1.96	2
4436840	9606.ENSP00000290158	1.94	3
4443150	9606.ENSP00000357674	1.94	1
4438729	9606.ENSP00000311825	1.93	10
4439039	9606.ENSP00000316109	1.9	2
4437592	9606.ENSP00000299687	1.89	5
4448396	9606.ENSP00000406052	1.75	3
4447910	9606.ENSP00000396045	1.73	12
4438828	9606.ENSP00000312946	1.71	10
4445438	9606.ENSP00000370074	1.69	1
4442375	9606.ENSP00000353590	1.69	25
4448911	9606.ENSP00000417581	1.64	1
4449144	9606.ENSP00000420849	1.63	1
4440218	9606.ENSP00000330918	1.61	1
4451273	9606.ENSP00000478179	1.56	8
4434476	9606.ENSP00000256383	1.55	1
4442798	9606.ENSP00000356030	1.51	1
4441227	9606.ENSP00000342144	1.46	7
4433777	9606.ENSP00000240587	1.35	5
4445691	9606.ENSP00000371886	1.35	12
4437691	9606.ENSP00000300738	1.33	4
4435566	9606.ENSP00000265148	1.27	8
4444528	9606.ENSP00000364403	1.24	13
4438540	9606.ENSP00000309790	1.22	3
4449540	9606.ENSP00000430271	1.21	1
4433841	9606.ENSP00000243077	1.16	8
4440821	9606.ENSP00000337804	1.14	8
4443382	9606.ENSP00000358770	1.03	2
4435596	9606.ENSP00000265379	1.0	5
4447397	9606.ENSP00000386588	0.991	12
4432600	9606.ENSP00000016946	0.957	12
4440212	9606.ENSP00000330842	0.957	12
4438242	9606.ENSP00000306637	0.938	12
4443530	9606.ENSP00000359446	0.931	1
4446225	9606.ENSP00000377655	0.868	5
4433289	9606.ENSP00000223642	0.848	2
4447660	9606.ENSP00000390600	0.837	4
4439567	9606.ENSP00000322937	0.824	5
4442074	9606.ENSP00000350719	0.784	18
4449304	9606.ENSP00000424737	0.642	5
4447432	9606.ENSP00000386840	0.626	4
4446341	9606.ENSP00000378356	0.559	2
4443504	9606.ENSP00000359356	0.548	2
4442771	9606.ENSP00000355922	0.541	3
4443060	9606.ENSP00000357175	0.482	1
4436855	9606.ENSP00000290332	0.446	3
4450730	9606.ENSP00000464087	0.317	6
4445110	9606.ENSP00000368017	0.281	5
4446964	9606.ENSP00000382815	0.148	2
4447646	9606.ENSP00000390158	0.111	5
