#id: 506868174
#name: Homo sapiens - Urine, SC (Peptideatlas,jun,2010)
#score: 10.1
#description: abundance based on Spectral counting, Interaction consistency score: 10.1, Coverage: 8
#organ: URINE
#integrated: false
#coverage: 8
#link: http://www.peptideatlas.org/builds/human/urine/index.php
#publication_year: 2010
#filename: 9606-human_urine_atalas_201006.txt
#
#internal_id	string_external_id	abundance	raw_spectral_count
4445428	9606.ENSP00000370010	99317	35
4440511	9606.ENSP00000333994	46522	1264
4434183	9606.ENSP00000251595	43722	1627
4439524	9606.ENSP00000322421	43722	1627
4437206	9606.ENSP00000295897	43676	3215
4433990	9606.ENSP00000246635	30442	1648
4446508	9606.ENSP00000379438	28514	2183
4443785	9606.ENSP00000360687	20112	449
4443164	9606.ENSP00000357722	17061	112
4450254	9606.ENSP00000448220	16388	723
4435563	9606.ENSP00000265132	15017	887
4434216	9606.ENSP00000252244	13178	756
4436962	9606.ENSP00000292401	12214	417
4441496	9606.ENSP00000345179	10012	270
4434700	9606.ENSP00000259396	9260	246
4441808	9606.ENSP00000348170	8987	372
4445365	9606.ENSP00000369654	8983	421
4446463	9606.ENSP00000379191	8515	274
4446370	9606.ENSP00000378517	8199	335
4443166	9606.ENSP00000357727	8152	104
4435898	9606.ENSP00000269576	7540	461
4435995	9606.ENSP00000271835	6928	252
4449581	9606.ENSP00000431254	6662	248
4433668	9606.ENSP00000236850	6442	193
4437950	9606.ENSP00000303276	6276	125
4435962	9606.ENSP00000270792	6078	39
4446348	9606.ENSP00000378394	6015	305
4448813	9606.ENSP00000416066	5995	318
4446755	9606.ENSP00000381057	5242	77
4438214	9606.ENSP00000306361	5153	416
4444796	9606.ENSP00000366109	4949	165
4437379	9606.ENSP00000297258	4836	46
4442612	9606.ENSP00000355124	4824	418
4443001	9606.ENSP00000356969	4823	95
4435537	9606.ENSP00000265023	4613	358
4436920	9606.ENSP00000291568	4578	37
4447823	9606.ENSP00000393887	4522	156
4433993	9606.ENSP00000246662	4339	161
4447873	9606.ENSP00000394936	4178	115
4447279	9606.ENSP00000385834	4059	354
4445298	9606.ENSP00000369317	3914	501
4450405	9606.ENSP00000452780	3817	70
4437173	9606.ENSP00000295666	3732	89
4434059	9606.ENSP00000248553	3728	84
4434187	9606.ENSP00000251643	3708	328
4433451	9606.ENSP00000229239	3414	91
4435199	9606.ENSP00000263100	3393	184
4438190	9606.ENSP00000306099	3355	183
4449553	9606.ENSP00000430656	3270	99
4438681	9606.ENSP00000311364	3171	4
4434219	9606.ENSP00000252252	3126	453
4434218	9606.ENSP00000252250	3059	455
4437875	9606.ENSP00000302621	3030	133
4434387	9606.ENSP00000254810	3003	15
4442746	9606.ENSP00000355778	3003	15
4432817	9606.ENSP00000205948	2938	106
4435671	9606.ENSP00000265983	2781	127
4441103	9606.ENSP00000340989	2770	53
4438974	9606.ENSP00000315130	2767	140
4438260	9606.ENSP00000306864	2766	138
4443996	9606.ENSP00000361761	2594	72
4435679	9606.ENSP00000266041	2563	248
4449041	9606.ENSP00000419425	2544	44
4437405	9606.ENSP00000297439	2509	26
4433675	9606.ENSP00000237014	2444	56
4437770	9606.ENSP00000301522	2413	34
4432580	9606.ENSP00000008938	2361	87
4440181	9606.ENSP00000330391	2324	36
4434854	9606.ENSP00000261313	2302	32
4435987	9606.ENSP00000271638	2299	28
4434215	9606.ENSP00000252242	2279	250
4438033	9606.ENSP00000304236	2251	95
4437812	9606.ENSP00000301939	2246	16
4441580	9606.ENSP00000346032	2242	70
4433396	9606.ENSP00000227667	2233	33
4437954	9606.ENSP00000303366	2232	105
4440432	9606.ENSP00000333203	2208	123
4433579	9606.ENSP00000233143	2184	3
4438348	9606.ENSP00000307705	2152	29
4441991	9606.ENSP00000349960	2144	290
4438640	9606.ENSP00000310861	2131	248
4450595	9606.ENSP00000458162	2126	289
4447034	9606.ENSP00000383690	2052	191
4433982	9606.ENSP00000246515	1990	21
4446480	9606.ENSP00000379287	1968	56
4446837	9606.ENSP00000381607	1861	40
4440154	9606.ENSP00000330074	1853	17
4444265	9606.ENSP00000362924	1828	118
4438421	9606.ENSP00000308541	1822	156
4445512	9606.ENSP00000370588	1808	33
4451011	9606.ENSP00000471894	1717	8
4435887	9606.ENSP00000269389	1703	40
4451723	9606.ENSP00000482841	1640	17
4436910	9606.ENSP00000291526	1619	35
4433066	9606.ENSP00000219169	1615	36
4434748	9606.ENSP00000260118	1595	35
4442050	9606.ENSP00000350425	1566	69
4437758	9606.ENSP00000301420	1560	35
4440019	9606.ENSP00000328397	1556	42
4440966	9606.ENSP00000339566	1534	25
4449678	9606.ENSP00000433560	1531	19
4438152	9606.ENSP00000305692	1459	138
4437781	9606.ENSP00000301653	1437	194
4435139	9606.ENSP00000262776	1430	116
4444046	9606.ENSP00000361959	1415	22
4441959	9606.ENSP00000349687	1388	26
4443160	9606.ENSP00000357709	1351	9
4434336	9606.ENSP00000254043	1337	245
4443161	9606.ENSP00000357712	1318	15
4432701	9606.ENSP00000167586	1313	185
4436285	9606.ENSP00000278407	1299	62
4436553	9606.ENSP00000283752	1272	77
4433634	9606.ENSP00000234590	1269	64
4441870	9606.ENSP00000348888	1257	121
4440740	9606.ENSP00000336829	1251	94
4443269	9606.ENSP00000358154	1225	11
4440440	9606.ENSP00000333277	1225	11
4447238	9606.ENSP00000385479	1225	11
4432890	9606.ENSP00000215912	1212	44
4449639	9606.ENSP00000432660	1191	22
4433357	9606.ENSP00000226218	1186	88
4440919	9606.ENSP00000339063	1183	45
4451830	9606.ENSP00000484095	1166	24
4443272	9606.ENSP00000358160	1166	24
4442229	9606.ENSP00000352252	1166	24
4451757	9606.ENSP00000483283	1166	24
4444939	9606.ENSP00000366999	1166	24
4451529	9606.ENSP00000480826	1166	24
4451875	9606.ENSP00000484658	1166	24
4451871	9606.ENSP00000484638	1166	24
4451891	9606.ENSP00000484841	1166	24
4451655	9606.ENSP00000482271	1166	24
4435459	9606.ENSP00000264613	1162	157
4446810	9606.ENSP00000381448	1159	29
4449184	9606.ENSP00000421725	1153	68
4442633	9606.ENSP00000355228	1151	2
4441216	9606.ENSP00000342026	1146	29
4437568	9606.ENSP00000299427	1110	53
4444463	9606.ENSP00000363988	1106	36
4437850	9606.ENSP00000302400	1102	14
4450004	9606.ENSP00000441828	1101	122
4451584	9606.ENSP00000481450	1092	199
4434227	9606.ENSP00000252486	1088	45
4437281	9606.ENSP00000296444	1081	22
4443752	9606.ENSP00000360522	1066	36
4449083	9606.ENSP00000420065	1047	16
4435245	9606.ENSP00000263368	1016	19
4441462	9606.ENSP00000344829	1000	49
4445090	9606.ENSP00000367891	986	27
4438868	9606.ENSP00000313571	986	27
4433548	9606.ENSP00000231751	984	116
4447287	9606.ENSP00000385905	977	34
4435881	9606.ENSP00000269321	966	9
4450695	9606.ENSP00000463092	953	15
4433951	9606.ENSP00000245907	944	195
4443194	9606.ENSP00000357801	904	7
4435927	9606.ENSP00000270142	896	6
4443270	9606.ENSP00000358155	885	46
4451142	9606.ENSP00000475814	885	46
4440336	9606.ENSP00000332194	885	46
4435133	9606.ENSP00000262746	881	18
4433456	9606.ENSP00000229270	876	40
4441336	9606.ENSP00000343445	866	61
4433602	9606.ENSP00000233735	860	19
4451402	9606.ENSP00000479586	842	16
4438927	9606.ENSP00000314380	819	11
4438543	9606.ENSP00000309830	813	2
4433344	9606.ENSP00000225927	803	70
4433326	9606.ENSP00000225655	801	16
4437350	9606.ENSP00000296877	796	7
4437626	9606.ENSP00000300060	794	84
4440329	9606.ENSP00000332139	791	18
4434319	9606.ENSP00000253719	781	26
4439955	9606.ENSP00000327801	772	29
4434241	9606.ENSP00000252603	772	20
4445274	9606.ENSP00000369129	760	183
4443154	9606.ENSP00000357691	750	9
4450150	9606.ENSP00000445175	748	29
4446205	9606.ENSP00000377508	747	64
4444160	9606.ENSP00000362413	743	26
4444080	9606.ENSP00000362108	740	15
4441570	9606.ENSP00000345968	727	44
4445606	9606.ENSP00000371267	726	18
4446439	9606.ENSP00000379042	723	37
4435415	9606.ENSP00000264335	719	23
4441481	9606.ENSP00000345008	713	35
4445445	9606.ENSP00000370115	706	27
4441438	9606.ENSP00000344547	702	5
4439337	9606.ENSP00000320171	697	36
4445671	9606.ENSP00000371715	697	20
4434944	9606.ENSP00000261769	677	41
4441051	9606.ENSP00000340510	676	88
4432992	9606.ENSP00000216968	674	24
4439653	9606.ENSP00000323929	672	139
4442502	9606.ENSP00000354610	658	179
4434385	9606.ENSP00000254801	653	13
4435570	9606.ENSP00000265171	642	102
4439523	9606.ENSP00000322419	640	7
4436944	9606.ENSP00000292079	638	11
4438985	9606.ENSP00000315299	633	9
4445590	9606.ENSP00000371152	617	26
4432632	9606.ENSP00000053867	612	33
4441934	9606.ENSP00000349493	610	7
4447545	9606.ENSP00000388293	610	2
4441587	9606.ENSP00000346088	609	4
4433442	9606.ENSP00000228945	607	8
4434847	9606.ENSP00000261267	605	8
4443454	9606.ENSP00000359096	603	187
4440189	9606.ENSP00000330484	603	187
4443456	9606.ENSP00000359100	603	187
4442719	9606.ENSP00000355627	598	23
4437326	9606.ENSP00000296695	588	5
4433047	9606.ENSP00000218230	583	20
4451325	9606.ENSP00000478725	581	21
4433793	9606.ENSP00000241052	567	30
4448967	9606.ENSP00000418525	561	40
4439395	9606.ENSP00000320866	556	21
4443862	9606.ENSP00000361083	556	4
4438206	9606.ENSP00000306261	547	71
4439571	9606.ENSP00000323036	539	32
4438674	9606.ENSP00000311313	537	10
4435961	9606.ENSP00000270776	536	28
4444040	9606.ENSP00000361930	536	19
4451542	9606.ENSP00000480960	532	52
4451358	9606.ENSP00000479106	532	52
4451423	9606.ENSP00000479794	532	52
4451886	9606.ENSP00000484789	532	52
4451586	9606.ENSP00000481486	532	52
4444948	9606.ENSP00000367034	532	52
4450668	9606.ENSP00000462355	532	52
4444931	9606.ENSP00000366956	532	52
4441692	9606.ENSP00000347168	532	52
4444934	9606.ENSP00000366974	532	52
4451392	9606.ENSP00000479461	532	52
4450064	9606.ENSP00000443017	532	52
4433901	9606.ENSP00000244537	532	52
4450676	9606.ENSP00000462667	532	52
4436628	9606.ENSP00000285379	528	16
4443646	9606.ENSP00000360021	526	4
4439274	9606.ENSP00000319281	524	9
4448429	9606.ENSP00000406773	519	4
4438472	9606.ENSP00000309096	515	14
4446030	9606.ENSP00000376297	512	5
4450315	9606.ENSP00000450540	509	73
4446103	9606.ENSP00000376793	509	73
4446285	9606.ENSP00000378058	508	36
4441424	9606.ENSP00000344432	507	27
4444625	9606.ENSP00000364945	507	14
4438461	9606.ENSP00000308938	502	48
4438211	9606.ENSP00000306330	499	14
4438915	9606.ENSP00000314151	496	18
4446105	9606.ENSP00000376807	492	25
4435583	9606.ENSP00000265333	485	26
4441541	9606.ENSP00000345672	485	24
4435530	9606.ENSP00000264993	482	5
4445338	9606.ENSP00000369538	480	36
4438271	9606.ENSP00000306920	476	33
4432915	9606.ENSP00000216124	476	17
4444394	9606.ENSP00000363574	476	10
4442116	9606.ENSP00000351190	472	47
4441868	9606.ENSP00000348849	471	4
4442309	9606.ENSP00000353007	471	52
4450215	9606.ENSP00000446955	467	10
4443177	9606.ENSP00000357753	467	30
4432948	9606.ENSP00000216336	464	13
4435391	9606.ENSP00000264187	460	51
4435220	9606.ENSP00000263238	458	13
4451239	9606.ENSP00000477781	457	5
4445651	9606.ENSP00000371554	454	13
4441427	9606.ENSP00000344458	453	17
4439919	9606.ENSP00000327431	452	62
4445357	9606.ENSP00000369609	452	62
4434217	9606.ENSP00000252245	449	118
4438030	9606.ENSP00000304229	443	5
4438413	9606.ENSP00000308452	441	51
4434228	9606.ENSP00000252490	441	13
4450821	9606.ENSP00000466775	441	13
4435341	9606.ENSP00000263946	431	37
4439503	9606.ENSP00000322192	430	17
4438514	9606.ENSP00000309542	430	17
4445013	9606.ENSP00000367391	430	17
4448802	9606.ENSP00000415840	430	29
4445799	9606.ENSP00000373487	430	27
4451094	9606.ENSP00000474135	424	21
4438982	9606.ENSP00000315263	422	7
4449694	9606.ENSP00000433999	420	23
4442798	9606.ENSP00000356030	419	17
4442268	9606.ENSP00000352584	413	18
4444985	9606.ENSP00000367220	410	12
4444402	9606.ENSP00000363624	410	5
4433665	9606.ENSP00000236671	410	41
4446386	9606.ENSP00000378669	406	20
4449035	9606.ENSP00000419378	403	10
4443537	9606.ENSP00000359485	403	22
4449888	9606.ENSP00000439012	400	2
4442622	9606.ENSP00000355180	398	49
4435610	9606.ENSP00000265462	396	13
4449378	9606.ENSP00000426909	394	12
4434247	9606.ENSP00000252699	393	38
4435894	9606.ENSP00000269491	389	22
4448805	9606.ENSP00000415941	386	93
4444884	9606.ENSP00000366618	386	51
4441923	9606.ENSP00000349430	386	51
4439472	9606.ENSP00000321744	386	51
4451599	9606.ENSP00000481622	386	51
4441873	9606.ENSP00000348924	386	51
4451366	9606.ENSP00000479169	386	51
4436804	9606.ENSP00000289316	386	51
4451751	9606.ENSP00000483237	386	51
4450164	9606.ENSP00000445633	386	51
4444932	9606.ENSP00000366962	386	51
4451817	9606.ENSP00000483903	386	51
4451252	9606.ENSP00000477907	386	51
4444017	9606.ENSP00000361850	385	23
4439282	9606.ENSP00000319464	385	21
4442801	9606.ENSP00000356042	380	19
4441514	9606.ENSP00000345361	377	4
4443642	9606.ENSP00000359991	375	13
4440087	9606.ENSP00000329243	374	39
4433900	9606.ENSP00000244534	373	17
4450175	9606.ENSP00000445831	372	51
4438372	9606.ENSP00000307940	371	26
4443165	9606.ENSP00000357726	371	2
4443872	9606.ENSP00000361140	363	11
4434188	9606.ENSP00000251645	362	42
4433236	9606.ENSP00000222553	361	16
4436279	9606.ENSP00000278282	360	8
4443033	9606.ENSP00000357076	359	9
4443947	9606.ENSP00000361562	357	14
4447940	9606.ENSP00000396688	357	90
4451211	9606.ENSP00000477527	354	45
4443268	9606.ENSP00000358151	354	45
4451152	9606.ENSP00000476136	354	45
4451707	9606.ENSP00000482674	354	45
4451378	9606.ENSP00000479284	354	45
4447101	9606.ENSP00000384296	352	21
4441288	9606.ENSP00000342850	349	14
4449865	9606.ENSP00000438399	348	4
4434603	9606.ENSP00000258145	346	17
4435831	9606.ENSP00000268613	346	44
4433305	9606.ENSP00000225275	339	39
4447540	9606.ENSP00000388169	338	6
4441930	9606.ENSP00000349467	338	15
4436014	9606.ENSP00000272298	338	15
4436903	9606.ENSP00000291295	338	15
4442186	9606.ENSP00000351777	338	25
4445353	9606.ENSP00000369586	337	56
4434682	9606.ENSP00000259206	334	8
4448874	9606.ENSP00000417185	333	19
4442941	9606.ENSP00000356671	333	18
4449616	9606.ENSP00000432083	331	39
4437274	9606.ENSP00000296417	330	20
4438410	9606.ENSP00000308405	330	20
4444027	9606.ENSP00000361883	329	13
4434025	9606.ENSP00000247665	324	5
4448339	9606.ENSP00000404854	322	12
4437737	9606.ENSP00000301258	319	4
4442485	9606.ENSP00000354532	318	13
4441226	9606.ENSP00000342137	318	5
4434581	9606.ENSP00000257901	316	31
4434524	9606.ENSP00000256997	315	16
4450799	9606.ENSP00000466090	315	10
4446656	9606.ENSP00000380402	315	11
4437240	9606.ENSP00000296130	311	12
4437594	9606.ENSP00000299698	308	40
4440017	9606.ENSP00000328359	303	26
4445712	9606.ENSP00000372139	303	26
4445711	9606.ENSP00000372136	303	26
4443964	9606.ENSP00000361635	303	14
4450285	9606.ENSP00000449404	303	72
4437941	9606.ENSP00000303206	300	9
4446661	9606.ENSP00000380432	299	2
4447538	9606.ENSP00000388107	299	12
4435840	9606.ENSP00000268695	298	14
4448835	9606.ENSP00000416561	297	44
4440097	9606.ENSP00000329374	294	15
4435075	9606.ENSP00000262418	293	23
4449254	9606.ENSP00000423563	293	12
4437777	9606.ENSP00000301607	292	40
4436291	9606.ENSP00000278505	291	19
4444439	9606.ENSP00000363827	287	146
4444158	9606.ENSP00000362409	286	19
4433058	9606.ENSP00000219022	285	19
4449897	9606.ENSP00000439189	284	142
4438745	9606.ENSP00000312027	282	5
4438049	9606.ENSP00000304408	281	43
4435276	9606.ENSP00000263593	279	9
4441806	9606.ENSP00000348163	278	15
4438279	9606.ENSP00000307014	278	75
4448061	9606.ENSP00000399229	274	16
4439407	9606.ENSP00000321005	273	11
4437661	9606.ENSP00000300289	271	13
4435814	9606.ENSP00000268182	271	40
4444623	9606.ENSP00000364935	270	11
4446104	9606.ENSP00000376800	269	3
4440870	9606.ENSP00000338413	263	32
4444406	9606.ENSP00000363641	263	5
4443774	9606.ENSP00000360635	262	14
4436127	9606.ENSP00000274353	259	13
4436690	9606.ENSP00000286713	259	9
4441168	9606.ENSP00000341610	258	2
4438093	9606.ENSP00000304945	257	21
4446501	9606.ENSP00000379386	255	12
4434352	9606.ENSP00000254301	253	3
4433984	9606.ENSP00000246533	253	8
4448878	9606.ENSP00000417207	250	5
4444404	9606.ENSP00000363638	247	4
4433384	9606.ENSP00000227266	247	16
4447798	9606.ENSP00000393417	245	5
4439716	9606.ENSP00000324804	244	17
4436861	9606.ENSP00000290378	243	112
4448037	9606.ENSP00000398632	242	31
4435864	9606.ENSP00000269141	242	12
4443076	9606.ENSP00000357283	241	9
4438224	9606.ENSP00000306461	239	3
4434379	9606.ENSP00000254722	238	11
4440923	9606.ENSP00000339095	237	3
4450217	9606.ENSP00000447001	237	2
4433430	9606.ENSP00000228825	236	4
4434179	9606.ENSP00000251535	236	18
4448692	9606.ENSP00000413479	234	114
4444953	9606.ENSP00000367064	234	71
4443829	9606.ENSP00000360939	232	6
4439424	9606.ENSP00000321259	231	8
4436933	9606.ENSP00000291744	231	9
4448229	9606.ENSP00000402373	230	103
4445798	9606.ENSP00000373477	230	5
4446213	9606.ENSP00000377558	230	25
4451354	9606.ENSP00000479089	229	10
4447434	9606.ENSP00000386857	228	103
4442276	9606.ENSP00000352627	228	44
4442159	9606.ENSP00000351589	228	44
4441116	9606.ENSP00000341094	228	44
4451686	9606.ENSP00000482538	228	44
4442214	9606.ENSP00000352119	228	44
4440028	9606.ENSP00000328484	228	44
4449876	9606.ENSP00000438553	228	44
4451672	9606.ENSP00000482431	228	44
4444893	9606.ENSP00000366679	228	44
4445266	9606.ENSP00000369055	228	10
4432824	9606.ENSP00000206765	228	17
4442723	9606.ENSP00000355645	227	107
4433552	9606.ENSP00000232003	225	16
4435805	9606.ENSP00000268122	224	7
4448154	9606.ENSP00000401010	224	6
4447693	9606.ENSP00000391481	221	14
4434091	9606.ENSP00000249330	220	13
4434500	9606.ENSP00000256594	219	6
4439355	9606.ENSP00000320324	219	13
4437953	9606.ENSP00000303356	218	6
4441166	9606.ENSP00000341584	217	10
4450343	9606.ENSP00000451112	217	8
4450191	9606.ENSP00000446215	216	3
4440915	9606.ENSP00000339001	214	36
4437782	9606.ENSP00000301656	213	51
4452030	9606.ENSP00000485444	212	7
4433705	9606.ENSP00000238497	212	8
4434174	9606.ENSP00000251453	212	2
4434533	9606.ENSP00000257192	211	21
4451813	9606.ENSP00000483842	209	41
4444942	9606.ENSP00000367022	209	41
4442727	9606.ENSP00000355656	209	41
4437955	9606.ENSP00000303373	209	41
4441670	9606.ENSP00000346931	208	3
4435707	9606.ENSP00000266542	207	12
4439666	9606.ENSP00000324173	206	15
4433882	9606.ENSP00000244137	205	6
4448110	9606.ENSP00000400175	204	4
4446175	9606.ENSP00000377284	204	6
4444169	9606.ENSP00000362463	204	4
4447583	9606.ENSP00000389026	203	5
4441661	9606.ENSP00000346839	203	49
4439481	9606.ENSP00000321853	203	10
4449123	9606.ENSP00000420487	202	17
4439145	9606.ENSP00000317674	202	10
4442319	9606.ENSP00000353094	201	6
4445124	9606.ENSP00000368135	198	12
4441426	9606.ENSP00000344456	197	18
4444702	9606.ENSP00000365439	193	8
4445210	9606.ENSP00000368752	193	7
4439553	9606.ENSP00000322788	192	4
4451462	9606.ENSP00000480221	191	6
4434532	9606.ENSP00000257189	191	18
4444486	9606.ENSP00000364140	190	16
4436650	9606.ENSP00000285930	189	4
4447175	9606.ENSP00000384886	188	4
4451701	9606.ENSP00000482613	186	1
4444698	9606.ENSP00000365426	185	2
4432577	9606.ENSP00000007735	185	24
4444399	9606.ENSP00000363603	184	10
4451472	9606.ENSP00000480322	184	10
4433603	9606.ENSP00000233809	184	9
4449771	9606.ENSP00000436126	182	2
4440399	9606.ENSP00000332790	181	35
4448625	9606.ENSP00000411825	181	13
4449695	9606.ENSP00000434024	180	41
4441276	9606.ENSP00000342710	180	23
4441138	9606.ENSP00000341289	179	35
4442881	9606.ENSP00000356399	178	25
4433904	9606.ENSP00000244573	178	11
4442995	9606.ENSP00000356946	178	10
4443312	9606.ENSP00000358417	177	8
4444137	9606.ENSP00000362329	176	7
4432984	9606.ENSP00000216802	172	4
4449557	9606.ENSP00000430706	172	7
4441028	9606.ENSP00000340292	172	5
4445944	9606.ENSP00000375622	172	15
4432924	9606.ENSP00000216181	172	33
4440697	9606.ENSP00000335620	171	5
4449681	9606.ENSP00000433642	170	10
4449556	9606.ENSP00000430690	170	2
4438689	9606.ENSP00000311430	170	4
4448366	9606.ENSP00000405573	169	9
4438369	9606.ENSP00000307900	169	5
4437724	9606.ENSP00000301149	168	4
4446852	9606.ENSP00000381736	167	8
4451414	9606.ENSP00000479675	167	8
4437483	9606.ENSP00000298316	167	3
4448574	9606.ENSP00000410815	167	45
4434993	9606.ENSP00000262030	166	11
4438303	9606.ENSP00000307240	166	56
4448444	9606.ENSP00000407193	163	11
4436015	9606.ENSP00000272317	161	12
4434987	9606.ENSP00000261978	161	24
4435781	9606.ENSP00000267814	161	7
4445563	9606.ENSP00000370962	161	5
4435914	9606.ENSP00000269886	161	2
4440720	9606.ENSP00000336702	161	7
4443556	9606.ENSP00000359539	160	7
4446523	9606.ENSP00000379563	160	2
4433612	9606.ENSP00000233997	160	8
4447304	9606.ENSP00000386104	159	6
4437293	9606.ENSP00000296503	159	3
4437888	9606.ENSP00000302728	159	8
4438439	9606.ENSP00000308720	158	7
4448571	9606.ENSP00000410769	158	3
4432912	9606.ENSP00000216117	157	5
4446141	9606.ENSP00000377036	156	4
4451675	9606.ENSP00000482442	156	8
4443770	9606.ENSP00000360609	154	19
4440157	9606.ENSP00000330101	153	109
4443247	9606.ENSP00000358045	153	9
4451125	9606.ENSP00000475216	152	5
4433054	9606.ENSP00000218516	151	6
4445108	9606.ENSP00000367992	150	5
4440269	9606.ENSP00000331544	150	11
4433003	9606.ENSP00000217182	150	15
4449964	9606.ENSP00000440847	150	10
4437869	9606.ENSP00000302579	150	8
4449091	9606.ENSP00000420168	149	5
4447178	9606.ENSP00000384906	149	2
4435512	9606.ENSP00000264908	149	5
4440959	9606.ENSP00000339477	148	10
4451804	9606.ENSP00000483732	148	10
4439661	9606.ENSP00000324105	148	9
4443771	9606.ENSP00000360613	147	2
4435372	9606.ENSP00000264071	147	28
4442353	9606.ENSP00000353408	147	12
4448690	9606.ENSP00000413436	147	1
4438445	9606.ENSP00000308753	146	3
4437727	9606.ENSP00000301178	146	18
4434727	9606.ENSP00000259818	145	33
4445375	9606.ENSP00000369703	145	33
4448843	9606.ENSP00000416706	145	50
4442480	9606.ENSP00000354511	144	5
4436857	9606.ENSP00000290349	143	5
4432857	9606.ENSP00000215375	143	1
4440092	9606.ENSP00000329312	142	7
4445297	9606.ENSP00000369314	141	1
4435585	9606.ENSP00000265339	141	2
4433111	9606.ENSP00000220166	140	3
4450121	9606.ENSP00000444533	140	26
4446243	9606.ENSP00000377778	140	3
4448663	9606.ENSP00000412894	140	2
4450009	9606.ENSP00000441875	139	5
4433224	9606.ENSP00000222381	139	5
4433839	9606.ENSP00000243052	139	11
4435463	9606.ENSP00000264639	139	3
4445500	9606.ENSP00000370519	137	10
4435550	9606.ENSP00000265073	137	2
4434650	9606.ENSP00000258739	136	3
4444651	9606.ENSP00000365081	136	2
4441581	9606.ENSP00000346037	135	2
4432889	9606.ENSP00000215909	134	2
4436083	9606.ENSP00000273550	134	3
4439930	9606.ENSP00000327513	134	11
4437502	9606.ENSP00000298556	134	2
4445306	9606.ENSP00000369349	134	23
4441364	9606.ENSP00000343742	133	4
4436371	9606.ENSP00000280326	133	6
4432868	9606.ENSP00000215727	132	11
4448780	9606.ENSP00000415283	131	5
4448472	9606.ENSP00000408025	131	6
4438061	9606.ENSP00000304592	131	34
4449280	9606.ENSP00000424183	131	3
4445054	9606.ENSP00000367697	129	5
4435259	9606.ENSP00000263408	129	7
4437731	9606.ENSP00000301202	129	10
4435321	9606.ENSP00000263816	128	66
4436897	9606.ENSP00000291009	128	3
4432597	9606.ENSP00000014930	128	4
4440737	9606.ENSP00000336799	128	31
4438008	9606.ENSP00000303987	128	4
4437278	9606.ENSP00000296435	127	2
4441742	9606.ENSP00000347665	124	14
4435746	9606.ENSP00000267119	123	50
4442930	9606.ENSP00000356602	123	2
4450282	9606.ENSP00000449328	123	4
4446541	9606.ENSP00000379680	123	6
4434023	9606.ENSP00000247461	123	5
4444877	9606.ENSP00000366565	123	2
4435010	9606.ENSP00000262120	123	4
4433064	9606.ENSP00000219150	122	2
4446966	9606.ENSP00000382840	121	6
4436184	9606.ENSP00000275428	121	2
4444244	9606.ENSP00000362778	121	8
4445371	9606.ENSP00000369689	121	3
4437721	9606.ENSP00000301072	121	30
4440016	9606.ENSP00000328358	120	72
4451282	9606.ENSP00000478289	120	4
4437297	9606.ENSP00000296511	120	4
4448869	9606.ENSP00000417142	120	1
4434264	9606.ENSP00000252951	119	13
4439772	9606.ENSP00000325548	118	7
4434189	9606.ENSP00000251646	117	23
4441130	9606.ENSP00000341214	117	9
4449851	9606.ENSP00000438144	117	3
4442934	9606.ENSP00000356632	117	1
4436277	9606.ENSP00000278222	117	6
4448152	9606.ENSP00000400995	116	7
4449613	9606.ENSP00000431984	115	9
4435545	9606.ENSP00000265062	115	3
4446035	9606.ENSP00000376309	114	4
4442962	9606.ENSP00000356791	114	3
4437932	9606.ENSP00000303145	113	3
4434752	9606.ENSP00000260130	113	3
4443119	9606.ENSP00000357535	113	4
4446215	9606.ENSP00000377570	112	15
4445788	9606.ENSP00000373364	111	5
4438070	9606.ENSP00000304697	110	12
4447833	9606.ENSP00000394071	110	14
4433201	9606.ENSP00000222032	109	1
4445595	9606.ENSP00000371194	109	6
4439895	9606.ENSP00000327070	108	4
4437720	9606.ENSP00000301071	108	27
4433361	9606.ENSP00000226253	107	6
4439233	9606.ENSP00000318868	107	3
4441770	9606.ENSP00000347872	107	5
4437560	9606.ENSP00000299335	106	4
4449377	9606.ENSP00000426906	106	3
4449756	9606.ENSP00000435585	106	5
4451634	9606.ENSP00000482075	106	2
4433216	9606.ENSP00000222271	105	5
4433303	9606.ENSP00000225174	105	1
4444056	9606.ENSP00000362010	105	3
4435725	9606.ENSP00000266718	104	4
4444989	9606.ENSP00000367263	104	60
4445723	9606.ENSP00000372221	104	6
4447601	9606.ENSP00000389289	104	9
4443190	9606.ENSP00000357789	103	29
4434866	9606.ENSP00000261381	103	8
4447380	9606.ENSP00000386453	102	1
4435079	9606.ENSP00000262428	102	1
4438137	9606.ENSP00000305556	101	4
4445041	9606.ENSP00000367615	101	3
4440237	9606.ENSP00000331209	100	4
4440283	9606.ENSP00000331678	100	8
4442041	9606.ENSP00000350364	100	3
4442465	9606.ENSP00000354458	100	6
4448919	9606.ENSP00000417653	99.6	4
4446324	9606.ENSP00000378292	99.5	17
4449005	9606.ENSP00000419027	99.3	10
4449762	9606.ENSP00000435777	98.0	1
4437667	9606.ENSP00000300413	97.8	1
4450736	9606.ENSP00000464265	96.5	11
4437024	9606.ENSP00000293670	96.3	21
4448260	9606.ENSP00000403172	96.1	1
4451227	9606.ENSP00000477653	96.0	2
4443934	9606.ENSP00000361499	95.5	4
4437320	9606.ENSP00000296674	95.4	2
4432787	9606.ENSP00000201647	95.1	8
4443421	9606.ENSP00000358921	95.0	4
4441649	9606.ENSP00000346694	94.9	4
4451621	9606.ENSP00000481878	94.1	6
4443587	9606.ENSP00000359664	94.1	6
4436400	9606.ENSP00000280904	93.9	11
4443106	9606.ENSP00000357453	93.8	9
4451404	9606.ENSP00000479606	93.7	20
4440643	9606.ENSP00000335153	93.5	14
4447270	9606.ENSP00000385763	93.4	5
4444694	9606.ENSP00000365402	93.3	5
4436526	9606.ENSP00000283179	93.2	5
4440130	9606.ENSP00000329797	92.8	4
4450115	9606.ENSP00000444357	92.7	3
4442303	9606.ENSP00000352936	92.7	6
4435167	9606.ENSP00000262942	92.5	4
4443355	9606.ENSP00000358596	92.3	2
4432586	9606.ENSP00000011473	92.3	4
4433964	9606.ENSP00000246069	91.8	2
4442929	9606.ENSP00000356599	91.4	5
4443455	9606.ENSP00000359098	91.1	1
4433264	9606.ENSP00000223061	90.5	5
4438596	9606.ENSP00000310491	90.5	5
4444380	9606.ENSP00000363500	90.5	2
4434598	9606.ENSP00000258091	89.0	4
4443929	9606.ENSP00000361471	89.0	4
4434109	9606.ENSP00000249842	88.6	2
4440309	9606.ENSP00000331901	88.2	4
4440987	9606.ENSP00000339795	87.8	1
4451266	9606.ENSP00000478026	87.0	3
4441217	9606.ENSP00000342056	86.6	2
4438266	9606.ENSP00000306888	86.5	4
4436571	9606.ENSP00000284240	86.1	2
4443027	9606.ENSP00000357065	86.0	8
4442921	9606.ENSP00000356574	85.4	8
4446568	9606.ENSP00000379838	85.4	1
4447954	9606.ENSP00000396937	85.4	3
4433021	9606.ENSP00000217426	85.3	4
4448070	9606.ENSP00000399457	85.2	2
4433223	9606.ENSP00000222374	85.2	4
4432647	9606.ENSP00000064780	85.1	5
4434056	9606.ENSP00000248437	84.7	20
4439330	9606.ENSP00000320084	84.2	4
4444596	9606.ENSP00000364782	84.2	5
4444962	9606.ENSP00000367123	83.6	5
4446147	9606.ENSP00000377055	83.5	5
4433425	9606.ENSP00000228740	83.2	7
4443231	9606.ENSP00000357927	82.9	2
4438660	9606.ENSP00000311165	82.5	3
4446831	9606.ENSP00000381581	82.1	5
4444968	9606.ENSP00000367154	80.8	2
4432546	9606.ENSP00000001008	80.4	4
4433129	9606.ENSP00000220763	80.1	6
4441512	9606.ENSP00000345347	79.2	2
4438066	9606.ENSP00000304669	79.0	5
4443875	9606.ENSP00000361151	79.0	5
4439914	9606.ENSP00000327336	78.7	4
4450366	9606.ENSP00000451712	78.5	3
4437104	9606.ENSP00000295006	78.2	8
4445627	9606.ENSP00000371393	78.0	3
4442166	9606.ENSP00000351619	77.6	2
4447201	9606.ENSP00000385080	77.6	4
4443118	9606.ENSP00000357516	77.1	3
4433938	9606.ENSP00000245552	76.8	2
4449412	9606.ENSP00000427687	76.4	5
4452063	9606.ENSP00000485552	76.3	6
4436191	9606.ENSP00000275603	76.3	4
4451838	9606.ENSP00000484228	76.1	1
4437270	9606.ENSP00000296370	76.0	1
4446310	9606.ENSP00000378199	76.0	18
4446199	9606.ENSP00000377471	74.4	1
4432998	9606.ENSP00000217131	74.1	3
4438569	9606.ENSP00000310219	74.0	18
4435150	9606.ENSP00000262865	73.9	4
4451269	9606.ENSP00000478061	73.8	1
4442387	9606.ENSP00000353731	72.4	5
4436375	9606.ENSP00000280357	72.3	1
4451220	9606.ENSP00000477590	71.6	4
4451141	9606.ENSP00000475750	71.4	2
4440188	9606.ENSP00000330475	70.9	3
4435036	9606.ENSP00000262225	70.8	1
4443045	9606.ENSP00000357123	70.7	2
4443667	9606.ENSP00000360141	70.6	5
4438330	9606.ENSP00000307519	70.5	2
4432734	9606.ENSP00000181383	70.0	5
4442019	9606.ENSP00000350199	69.9	3
4432917	9606.ENSP00000216129	69.8	4
4448034	9606.ENSP00000398610	69.7	2
4432786	9606.ENSP00000201586	69.6	4
4434710	9606.ENSP00000259526	68.8	4
4435120	9606.ENSP00000262646	68.7	5
4446051	9606.ENSP00000376403	68.7	4
4445552	9606.ENSP00000370867	68.6	6
4451197	9606.ENSP00000477310	68.1	1
4435108	9606.ENSP00000262584	67.7	2
4441448	9606.ENSP00000344674	67.4	2
4445713	9606.ENSP00000372155	67.4	2
4437644	9606.ENSP00000300151	67.3	2
4434897	9606.ENSP00000261531	66.8	2
4437196	9606.ENSP00000295822	66.5	4
4448213	9606.ENSP00000402060	65.9	3
4437464	9606.ENSP00000298159	65.4	3
4441195	9606.ENSP00000341885	65.3	2
4443057	9606.ENSP00000357156	65.1	3
4450835	9606.ENSP00000467024	64.5	1
4448341	9606.ENSP00000404873	64.4	4
4450181	9606.ENSP00000446007	64.2	6
4443370	9606.ENSP00000358719	64.2	3
4443404	9606.ENSP00000358853	63.9	1
4442338	9606.ENSP00000353259	63.9	2
4450048	9606.ENSP00000442656	63.6	5
4435482	9606.ENSP00000264710	63.5	2
4446884	9606.ENSP00000382004	62.6	6
4445138	9606.ENSP00000368244	62.3	5
4442445	9606.ENSP00000354280	62.2	2
4438742	9606.ENSP00000312002	61.9	3
4448281	9606.ENSP00000403644	61.9	2
4450710	9606.ENSP00000463393	61.3	2
4441926	9606.ENSP00000349446	61.2	2
4435277	9606.ENSP00000263598	61.2	1
4449601	9606.ENSP00000431800	61.1	2
4437917	9606.ENSP00000302961	60.8	4
4442795	9606.ENSP00000356015	60.8	2
4437038	9606.ENSP00000293831	60.7	7
4438294	9606.ENSP00000307181	60.4	1
4442006	9606.ENSP00000350052	60.1	78
4434353	9606.ENSP00000254322	59.7	2
4446783	9606.ENSP00000381216	59.2	3
4447477	9606.ENSP00000387164	59.2	4
4436158	9606.ENSP00000274764	59.1	10
4447492	9606.ENSP00000387286	59.0	2
4451570	9606.ENSP00000481152	58.9	1
4444748	9606.ENSP00000365745	58.8	2
4448989	9606.ENSP00000418770	58.3	1
4434461	9606.ENSP00000256178	58.3	2
4433080	9606.ENSP00000219313	58.2	2
4447198	9606.ENSP00000385035	58.1	4
4436068	9606.ENSP00000273283	57.9	8
4436919	9606.ENSP00000291565	57.7	2
4448703	9606.ENSP00000413697	57.6	4
4450881	9606.ENSP00000468500	57.0	15
4438923	9606.ENSP00000314299	56.7	2
4440446	9606.ENSP00000333326	56.7	17
4433027	9606.ENSP00000217652	56.6	3
4450713	9606.ENSP00000463559	56.6	3
4432704	9606.ENSP00000168216	56.6	2
4447003	9606.ENSP00000383232	56.5	6
4441083	9606.ENSP00000340836	55.8	1
4433584	9606.ENSP00000233242	55.8	28
4437813	9606.ENSP00000301945	55.8	2
4442071	9606.ENSP00000350708	55.6	1
4446579	9606.ENSP00000379888	55.6	1
4432930	9606.ENSP00000216218	55.5	1
4434590	9606.ENSP00000257974	55.4	12
4437358	9606.ENSP00000297012	55.2	23
4439045	9606.ENSP00000316176	55.0	1
4448965	9606.ENSP00000418447	54.3	3
4433144	9606.ENSP00000221138	54.3	3
4452106	9606.ENSP00000485672	54.1	1
4444707	9606.ENSP00000365473	53.9	1
4443163	9606.ENSP00000357718	53.9	2
4435135	9606.ENSP00000262753	53.7	3
4450403	9606.ENSP00000452762	53.6	2
4439221	9606.ENSP00000318697	53.6	11
4441190	9606.ENSP00000341826	53.5	4
4442800	9606.ENSP00000356037	53.5	4
4450614	9606.ENSP00000459043	53.2	3
4447869	9606.ENSP00000394863	53.2	2
4449349	9606.ENSP00000426119	53.0	1
4446400	9606.ENSP00000378769	52.7	4
4438847	9606.ENSP00000313199	52.7	1
4432834	9606.ENSP00000209875	52.5	1
4451218	9606.ENSP00000477572	52.0	3
4439305	9606.ENSP00000319730	52.0	2
4432729	9606.ENSP00000178638	51.4	1
4434771	9606.ENSP00000260356	51.4	9
4436640	9606.ENSP00000285670	51.2	4
4433208	9606.ENSP00000222214	51.1	2
4447991	9606.ENSP00000397679	51.0	2
4448749	9606.ENSP00000414856	50.9	4
4439815	9606.ENSP00000326042	50.9	17
4446977	9606.ENSP00000382982	50.9	17
4433278	9606.ENSP00000223321	50.7	2
4449816	9606.ENSP00000437402	50.7	7
4436296	9606.ENSP00000278572	50.0	2
4443571	9606.ENSP00000359594	49.8	6
4447717	9606.ENSP00000391826	49.7	2
4445328	9606.ENSP00000369456	49.6	1
4439327	9606.ENSP00000320043	49.6	2
4442251	9606.ENSP00000352438	49.4	2
4437028	9606.ENSP00000293745	49.4	18
4435353	9606.ENSP00000264005	49.4	2
4434970	9606.ENSP00000261881	49.4	2
4450367	9606.ENSP00000451752	49.3	11
4439982	9606.ENSP00000328088	49.2	1
4437660	9606.ENSP00000300283	48.7	3
4448422	9606.ENSP00000406577	48.7	3
4439351	9606.ENSP00000320295	48.5	13
4447078	9606.ENSP00000384136	48.4	9
4446343	9606.ENSP00000378360	48.4	3
4447564	9606.ENSP00000388713	48.3	2
4447595	9606.ENSP00000389241	48.2	2
4448824	9606.ENSP00000416293	48.2	4
4435176	9606.ENSP00000262982	47.8	4
4439459	9606.ENSP00000321584	47.2	1
4450293	9606.ENSP00000449770	47.2	3
4441834	9606.ENSP00000348461	47.1	1
4436872	9606.ENSP00000290541	46.9	1
4441309	9606.ENSP00000343129	46.8	2
4441585	9606.ENSP00000346067	46.6	1
4433191	9606.ENSP00000221957	46.6	2
4438386	9606.ENSP00000308117	46.5	3
4436601	9606.ENSP00000284719	46.3	2
4436562	9606.ENSP00000284031	46.0	1
4449736	9606.ENSP00000435289	45.9	1
4444015	9606.ENSP00000361842	45.5	3
4446401	9606.ENSP00000378782	45.4	4
4447108	9606.ENSP00000384363	45.4	2
4434127	9606.ENSP00000250351	45.3	2
4437604	9606.ENSP00000299767	45.2	3
4435683	9606.ENSP00000266069	45.1	1
4450325	9606.ENSP00000450838	45.0	2
4441522	9606.ENSP00000345445	45.0	4
4447764	9606.ENSP00000392718	44.9	60
4446577	9606.ENSP00000379873	44.8	3
4432990	9606.ENSP00000216951	44.7	2
4432991	9606.ENSP00000216962	44.7	5
4434491	9606.ENSP00000256496	44.6	1
4442534	9606.ENSP00000354739	44.4	1
4434299	9606.ENSP00000253354	44.2	2
4437193	9606.ENSP00000295777	44.1	2
4432671	9606.ENSP00000157812	43.9	2
4437436	9606.ENSP00000297785	43.8	2
4447473	9606.ENSP00000387123	43.7	1
4447225	9606.ENSP00000385385	43.7	2
4444990	9606.ENSP00000367265	43.3	2
4433629	9606.ENSP00000234396	43.3	5
4440555	9606.ENSP00000334373	43.2	2
4449147	9606.ENSP00000420914	43.1	3
4447090	9606.ENSP00000384212	43.1	3
4434226	9606.ENSP00000252483	43.1	3
4449364	9606.ENSP00000426455	42.9	3
4444285	9606.ENSP00000363018	42.6	1
4448647	9606.ENSP00000412361	42.4	3
4436218	9606.ENSP00000276390	42.4	5
4432861	9606.ENSP00000215567	42.3	2
4446972	9606.ENSP00000382941	42.1	5
4433718	9606.ENSP00000238721	42.1	1
4438754	9606.ENSP00000312134	42.1	2
4444122	9606.ENSP00000362271	41.8	1
4442818	9606.ENSP00000356110	41.7	1
4434858	9606.ENSP00000261336	41.7	15
4432702	9606.ENSP00000167588	41.4	22
4447007	9606.ENSP00000383274	41.2	10
4443049	9606.ENSP00000357129	41.1	11
4433686	9606.ENSP00000237530	41.1	2
4441045	9606.ENSP00000340466	41.0	4
4443410	9606.ENSP00000358867	40.6	2
4444600	9606.ENSP00000364802	40.4	15
4444599	9606.ENSP00000364801	40.4	15
4435205	9606.ENSP00000263168	40.3	2
4443860	9606.ENSP00000361072	40.1	1
4442728	9606.ENSP00000355657	40.1	5
4436327	9606.ENSP00000279022	40.0	2
4435883	9606.ENSP00000269349	39.9	5
4437702	9606.ENSP00000300935	39.9	1
4447479	9606.ENSP00000387176	39.8	49
4443668	9606.ENSP00000360147	39.7	3
4443867	9606.ENSP00000361097	39.7	6
4433209	9606.ENSP00000222219	39.5	1
4438861	9606.ENSP00000313432	39.4	1
4451393	9606.ENSP00000479488	39.4	1
4446573	9606.ENSP00000379862	39.4	1
4435904	9606.ENSP00000269703	39.4	2
4436007	9606.ENSP00000272217	39.0	1
4443371	9606.ENSP00000358723	38.8	2
4435633	9606.ENSP00000265709	38.8	8
4443140	9606.ENSP00000357633	38.6	1
4443780	9606.ENSP00000360671	38.5	3
4441504	9606.ENSP00000345259	38.5	2
4434137	9606.ENSP00000250559	38.5	2
4441332	9606.ENSP00000343405	38.5	5
4440463	9606.ENSP00000333547	38.4	2
4438114	9606.ENSP00000305260	38.3	3
4432873	9606.ENSP00000215754	38.2	1
4435651	9606.ENSP00000265838	38.1	2
4447650	9606.ENSP00000390265	38.1	2
4435910	9606.ENSP00000269848	37.9	3
4449169	9606.ENSP00000421315	37.6	3
4434476	9606.ENSP00000256383	37.4	1
4435874	9606.ENSP00000269216	37.1	1
4444988	9606.ENSP00000367239	37.0	1
4442501	9606.ENSP00000354608	37.0	1
4447463	9606.ENSP00000387050	36.5	2
4439705	9606.ENSP00000324672	36.5	3
4449992	9606.ENSP00000441543	36.4	12
4442377	9606.ENSP00000353608	36.4	4
4449926	9606.ENSP00000440005	36.2	4
4434505	9606.ENSP00000256682	36.2	4
4436099	9606.ENSP00000273920	35.8	1
4443502	9606.ENSP00000359345	35.3	1
4441922	9606.ENSP00000349428	35.3	2
4445494	9606.ENSP00000370473	35.3	1
4451766	9606.ENSP00000483375	35.3	1
4437386	9606.ENSP00000297283	35.1	3
4434938	9606.ENSP00000261735	35.1	1
4442312	9606.ENSP00000353025	35.0	1
4450914	9606.ENSP00000469421	34.8	2
4443409	9606.ENSP00000358866	34.8	11
4436642	9606.ENSP00000285735	34.7	2
4444619	9606.ENSP00000364907	34.7	2
4433142	9606.ENSP00000221130	34.6	2
4448180	9606.ENSP00000401508	34.5	2
4446882	9606.ENSP00000381992	34.5	1
4445998	9606.ENSP00000376056	34.5	1
4433635	9606.ENSP00000234677	34.3	2
4446221	9606.ENSP00000377616	34.3	14
4438864	9606.ENSP00000313454	34.2	3
4434407	9606.ENSP00000255040	34.2	1
4440080	9606.ENSP00000329165	34.1	9
4450671	9606.ENSP00000462468	34.0	1
4437654	9606.ENSP00000300215	34.0	4
4433169	9606.ENSP00000221515	33.9	1
4446259	9606.ENSP00000377836	33.8	2
4434975	9606.ENSP00000261890	33.8	2
4445506	9606.ENSP00000370542	33.7	1
4437548	9606.ENSP00000299198	33.6	2
4450530	9606.ENSP00000456206	33.6	11
4441996	9606.ENSP00000349971	33.5	2
4435330	9606.ENSP00000263867	33.4	2
4438943	9606.ENSP00000314606	33.3	3
4436557	9606.ENSP00000283916	33.3	2
4437556	9606.ENSP00000299300	33.3	3
4434758	9606.ENSP00000260227	33.2	1
4445546	9606.ENSP00000370808	33.0	3
4443709	9606.ENSP00000360305	32.9	2
4432637	9606.ENSP00000055077	32.8	3
4433346	9606.ENSP00000225964	32.8	6
4433625	9606.ENSP00000234347	32.8	1
4450862	9606.ENSP00000468025	32.8	1
4435867	9606.ENSP00000269159	32.6	1
4445840	9606.ENSP00000373918	32.6	2
4434916	9606.ENSP00000261636	32.4	1
4440473	9606.ENSP00000333664	32.4	2
4445814	9606.ENSP00000373620	32.4	3
4443021	9606.ENSP00000357048	32.2	2
4450244	9606.ENSP00000448035	32.1	3
4436858	9606.ENSP00000290354	32.1	2
4442011	9606.ENSP00000350090	32.0	3
4442453	9606.ENSP00000354376	32.0	1
4445810	9606.ENSP00000373586	31.8	2
4450496	9606.ENSP00000455215	31.7	2
4450229	9606.ENSP00000447378	31.6	10
4447974	9606.ENSP00000397261	31.6	3
4432954	9606.ENSP00000216392	31.5	5
4435844	9606.ENSP00000268712	31.5	7
4440998	9606.ENSP00000339835	31.4	5
4438334	9606.ENSP00000307567	31.2	3
4439188	9606.ENSP00000318197	31.0	11
4450954	9606.ENSP00000470298	30.7	10
4437907	9606.ENSP00000302886	30.6	4
4436079	9606.ENSP00000273398	30.5	1
4448639	9606.ENSP00000412189	30.4	3
4432973	9606.ENSP00000216554	30.4	1
4433555	9606.ENSP00000232219	30.0	1
4439880	9606.ENSP00000326813	29.7	1
4432571	9606.ENSP00000006724	29.5	1
4433218	9606.ENSP00000222286	29.5	3
4446295	9606.ENSP00000378130	29.4	2
4447630	9606.ENSP00000389814	29.2	1
4449697	9606.ENSP00000434034	29.0	2
4450071	9606.ENSP00000443189	28.9	1
4446828	9606.ENSP00000381565	28.8	3
4437707	9606.ENSP00000301012	28.8	1
4433310	9606.ENSP00000225371	28.7	6
4449538	9606.ENSP00000430242	28.6	2
4443481	9606.ENSP00000359225	28.5	1
4442871	9606.ENSP00000356370	28.4	3
4450391	9606.ENSP00000452347	28.1	2
4451213	9606.ENSP00000477538	28.0	1
4439848	9606.ENSP00000326381	28.0	5
4433007	9606.ENSP00000217244	28.0	2
4435518	9606.ENSP00000264933	27.9	1
4435028	9606.ENSP00000262193	27.3	1
4441814	9606.ENSP00000348278	27.3	2
4446457	9606.ENSP00000379157	27.2	1
4451077	9606.ENSP00000473553	27.2	2
4435820	9606.ENSP00000268379	27.1	1
4446270	9606.ENSP00000377941	27.0	9
4441627	9606.ENSP00000346483	26.8	1
4435467	9606.ENSP00000264651	26.7	11
4446258	9606.ENSP00000377833	26.6	1
4446231	9606.ENSP00000377696	26.4	1
4439770	9606.ENSP00000325527	26.3	13
4448121	9606.ENSP00000400433	26.1	1
4445412	9606.ENSP00000369915	25.9	1
4434273	9606.ENSP00000253024	25.9	1
4441567	9606.ENSP00000345895	25.9	2
4433342	9606.ENSP00000225899	25.8	9
4447356	9606.ENSP00000386284	25.7	1
4438504	9606.ENSP00000309474	25.4	2
4450361	9606.ENSP00000451560	25.3	10
4445336	9606.ENSP00000369530	25.3	2
4443176	9606.ENSP00000357751	25.2	1
4435795	9606.ENSP00000267973	25.2	1
4444944	9606.ENSP00000367028	25.1	9
4433656	9606.ENSP00000235835	25.1	1
4442085	9606.ENSP00000350896	25.0	4
4440046	9606.ENSP00000328729	24.9	1
4443358	9606.ENSP00000358635	24.9	1
4432544	9606.ENSP00000000233	24.9	3
4441502	9606.ENSP00000345230	24.9	2
4442096	9606.ENSP00000351022	24.9	2
4439158	9606.ENSP00000317895	24.7	2
4444180	9606.ENSP00000362524	24.7	1
4439229	9606.ENSP00000318822	24.6	1
4438499	9606.ENSP00000309431	24.5	9
4435501	9606.ENSP00000264832	24.0	2
4438450	9606.ENSP00000308782	23.9	1
4434006	9606.ENSP00000246957	23.8	2
4441182	9606.ENSP00000341779	23.8	3
4432813	9606.ENSP00000205402	23.8	1
4445015	9606.ENSP00000367406	23.8	3
4439262	9606.ENSP00000319169	23.7	1
4435180	9606.ENSP00000263025	23.6	1
4434884	9606.ENSP00000261479	23.5	1
4446110	9606.ENSP00000376840	23.4	1
4436430	9606.ENSP00000281456	23.4	2
4451455	9606.ENSP00000480132	23.3	2
4450462	9606.ENSP00000454437	23.3	2
4438434	9606.ENSP00000308695	23.3	4
4443492	9606.ENSP00000359297	23.2	1
4450964	9606.ENSP00000470555	23.1	1
4432626	9606.ENSP00000044462	23.1	1
4446162	9606.ENSP00000377192	23.0	2
4437176	9606.ENSP00000295685	22.9	1
4436853	9606.ENSP00000290299	22.9	1
4436077	9606.ENSP00000273375	22.9	1
4435153	9606.ENSP00000262878	22.8	2
4446718	9606.ENSP00000380855	22.8	1
4437849	9606.ENSP00000302393	22.7	1
4439814	9606.ENSP00000326031	22.6	3
4449076	9606.ENSP00000419970	22.3	1
4442560	9606.ENSP00000354876	22.2	1
4441008	9606.ENSP00000339933	22.0	2
4449179	9606.ENSP00000421566	21.9	2
4438115	9606.ENSP00000305263	21.9	13
4440868	9606.ENSP00000338369	21.9	2
4432684	9606.ENSP00000161559	21.8	1
4442584	9606.ENSP00000354972	21.5	1
4433891	9606.ENSP00000244333	21.5	1
4440721	9606.ENSP00000336712	21.4	2
4441510	9606.ENSP00000345341	21.3	1
4436035	9606.ENSP00000272519	21.1	1
4437300	9606.ENSP00000296522	21.0	1
4442260	9606.ENSP00000352522	20.9	1
4445432	9606.ENSP00000370023	20.9	2
4435543	9606.ENSP00000265052	20.8	1
4448080	9606.ENSP00000399679	20.8	4
4435086	9606.ENSP00000262455	20.7	1
4435045	9606.ENSP00000262288	20.6	2
4446399	9606.ENSP00000378760	20.6	1
4449872	9606.ENSP00000438507	20.5	3
4439736	9606.ENSP00000325074	20.5	3
4438833	9606.ENSP00000312999	20.4	1
4439122	9606.ENSP00000317334	20.3	1
4445033	9606.ENSP00000367542	20.3	2
4448096	9606.ENSP00000399970	20.2	3
4438570	9606.ENSP00000310226	20.2	1
4440659	9606.ENSP00000335304	20.2	1
4432670	9606.ENSP00000157600	20.1	1
4445789	9606.ENSP00000373370	20.0	4
4437933	9606.ENSP00000303147	20.0	1
4447081	9606.ENSP00000384169	20.0	2
4443383	9606.ENSP00000358777	19.8	1
4437255	9606.ENSP00000296255	19.7	1
4432558	9606.ENSP00000005257	19.7	1
4436837	9606.ENSP00000290122	19.7	2
4440308	9606.ENSP00000331897	19.6	1
4438606	9606.ENSP00000310573	19.6	10
4437161	9606.ENSP00000295550	19.5	9
4443756	9606.ENSP00000360532	19.5	3
4432866	9606.ENSP00000215637	19.4	1
4438205	9606.ENSP00000306253	19.3	5
4434418	9606.ENSP00000255192	19.3	2
4436909	9606.ENSP00000291495	19.2	1
4451226	9606.ENSP00000477639	19.2	1
4445965	9606.ENSP00000375809	19.2	1
4442903	9606.ENSP00000356481	19.2	1
4433698	9606.ENSP00000238018	19.1	1
4446278	9606.ENSP00000377995	19.1	1
4447689	9606.ENSP00000391397	19.1	1
4433922	9606.ENSP00000245185	19.1	1
4438349	9606.ENSP00000307706	19.1	1
4448841	9606.ENSP00000416683	19.1	1
4450286	9606.ENSP00000449428	18.9	1
4448895	9606.ENSP00000417418	18.9	2
4435511	9606.ENSP00000264896	18.8	1
4432715	9606.ENSP00000172229	18.8	1
4444427	9606.ENSP00000363770	18.8	1
4434966	9606.ENSP00000261868	18.7	1
4439629	9606.ENSP00000323714	18.6	2
4446795	9606.ENSP00000381293	18.5	2
4436347	9606.ENSP00000279441	18.4	1
4451429	9606.ENSP00000479861	18.4	1
4436381	9606.ENSP00000280551	18.3	3
4438834	9606.ENSP00000313007	18.2	2
4438679	9606.ENSP00000311344	18.1	3
4448290	9606.ENSP00000403902	18.1	1
4435164	9606.ENSP00000262919	18.1	3
4434837	9606.ENSP00000261208	18.1	1
4444601	9606.ENSP00000364805	17.9	5
4433667	9606.ENSP00000236826	17.9	1
4446440	9606.ENSP00000379047	17.9	1
4442467	9606.ENSP00000354468	17.9	1
4439004	9606.ENSP00000315564	17.8	3
4440142	9606.ENSP00000329932	17.7	3
4449545	9606.ENSP00000430344	17.7	1
4439526	9606.ENSP00000322439	17.5	1
4448189	9606.ENSP00000401645	17.5	1
4446412	9606.ENSP00000378856	17.4	3
4436869	9606.ENSP00000290472	17.4	2
4435816	9606.ENSP00000268206	17.2	3
4450364	9606.ENSP00000451605	17.2	1
4449667	9606.ENSP00000433352	17.2	2
4440301	9606.ENSP00000331831	17.2	2
4442983	9606.ENSP00000356903	17.2	1
4444044	9606.ENSP00000361949	17.1	2
4447288	9606.ENSP00000385923	17.1	1
4437090	9606.ENSP00000294728	17.0	2
4446157	9606.ENSP00000377140	17.0	1
4448463	9606.ENSP00000407685	17.0	1
4438803	9606.ENSP00000312634	17.0	1
4449328	9606.ENSP00000425561	17.0	2
4440960	9606.ENSP00000339479	16.9	1
4445599	9606.ENSP00000371212	16.9	1
4447836	9606.ENSP00000394107	16.9	1
4443580	9606.ENSP00000359629	16.7	2
4445277	9606.ENSP00000369146	16.7	1
4435677	9606.ENSP00000266031	16.7	1
4447620	9606.ENSP00000389631	16.6	1
4449065	9606.ENSP00000419751	16.6	2
4438978	9606.ENSP00000315167	16.4	1
4434026	9606.ENSP00000247668	16.4	1
4445499	9606.ENSP00000370517	16.4	1
4433289	9606.ENSP00000223642	16.3	2
4434657	9606.ENSP00000258796	16.3	1
4442321	9606.ENSP00000353099	16.1	1
4435852	9606.ENSP00000268835	16.0	1
4448193	9606.ENSP00000401720	15.8	1
4435567	9606.ENSP00000265162	15.8	2
4435468	9606.ENSP00000264657	15.8	1
4449930	9606.ENSP00000440125	15.7	2
4434513	9606.ENSP00000256854	15.6	1
4439898	9606.ENSP00000327116	15.5	1
4437000	9606.ENSP00000293217	15.5	1
4450046	9606.ENSP00000442600	15.5	2
4436206	9606.ENSP00000276079	15.4	1
4445467	9606.ENSP00000370254	15.3	1
4439640	9606.ENSP00000323856	15.3	9
4446269	9606.ENSP00000377936	15.3	3
4444482	9606.ENSP00000364114	15.1	1
4433710	9606.ENSP00000238616	15.1	1
4445450	9606.ENSP00000370129	15.1	1
4435022	9606.ENSP00000262177	15.1	2
4451186	9606.ENSP00000476960	15.0	5
4434076	9606.ENSP00000248975	15.0	5
4435983	9606.ENSP00000271588	14.8	9
4447910	9606.ENSP00000396045	14.8	3
4446516	9606.ENSP00000379475	14.8	2
4450259	9606.ENSP00000448517	14.7	1
4433196	9606.ENSP00000221992	14.6	2
4449176	9606.ENSP00000421491	14.6	1
4440265	9606.ENSP00000331487	14.5	2
4445193	9606.ENSP00000368646	14.5	2
4440840	9606.ENSP00000338019	14.5	2
4451364	9606.ENSP00000479153	14.4	1
4449928	9606.ENSP00000440045	14.4	2
4445976	9606.ENSP00000375863	14.3	1
4447891	9606.ENSP00000395473	14.0	2
4432982	9606.ENSP00000216780	14.0	1
4446721	9606.ENSP00000380869	13.9	1
4446307	9606.ENSP00000378191	13.9	1
4442102	9606.ENSP00000351075	13.8	1
4451436	9606.ENSP00000479953	13.8	1
4446394	9606.ENSP00000378725	13.7	1
4451890	9606.ENSP00000484824	13.6	1
4443318	9606.ENSP00000358460	13.6	1
4445409	9606.ENSP00000369897	13.5	1
4435680	9606.ENSP00000266058	13.4	1
4443464	9606.ENSP00000359151	13.4	1
4432975	9606.ENSP00000216605	13.4	1
4448451	9606.ENSP00000407487	13.3	1
4433830	9606.ENSP00000242776	13.3	2
4447686	9606.ENSP00000391249	13.2	2
4433542	9606.ENSP00000231572	13.1	1
4451249	9606.ENSP00000477856	13.1	2
4437527	9606.ENSP00000298912	13.0	1
4447260	9606.ENSP00000385721	13.0	3
4448951	9606.ENSP00000418112	12.8	2
4439935	9606.ENSP00000327545	12.6	1
4436267	9606.ENSP00000277895	12.6	1
4450940	9606.ENSP00000470059	12.6	1
4441659	9606.ENSP00000346827	12.5	1
4438693	9606.ENSP00000311453	12.4	1
4439187	9606.ENSP00000318195	12.4	1
4436840	9606.ENSP00000290158	12.4	2
4433083	9606.ENSP00000219345	12.4	1
4435492	9606.ENSP00000264758	12.3	2
4442577	9606.ENSP00000354947	12.3	1
4435076	9606.ENSP00000262419	12.2	1
4440520	9606.ENSP00000334051	12.2	1
4440443	9606.ENSP00000333298	12.1	1
4437537	9606.ENSP00000299138	12.1	1
4445198	9606.ENSP00000368678	12.1	3
4436703	9606.ENSP00000287008	12.1	1
4434589	9606.ENSP00000257951	12.0	12
4432796	9606.ENSP00000203407	12.0	1
4444297	9606.ENSP00000363071	12.0	2
4436197	9606.ENSP00000275815	11.7	1
4432848	9606.ENSP00000211998	11.7	1
4449973	9606.ENSP00000441032	11.6	1
4445691	9606.ENSP00000371886	11.5	3
4440824	9606.ENSP00000337838	11.4	1
4438185	9606.ENSP00000306010	11.4	1
4433956	9606.ENSP00000245934	11.4	1
4441184	9606.ENSP00000341787	11.3	1
4450699	9606.ENSP00000463188	11.3	2
4434113	9606.ENSP00000249923	11.3	1
4446690	9606.ENSP00000380638	11.2	1
4445513	9606.ENSP00000370589	11.2	1
4433367	9606.ENSP00000226355	11.2	1
4449978	9606.ENSP00000441158	11.1	5
4451882	9606.ENSP00000484713	11.1	1
4441829	9606.ENSP00000348442	11.0	1
4437268	9606.ENSP00000296350	10.9	2
4437073	9606.ENSP00000294413	10.8	1
4441447	9606.ENSP00000344666	10.8	5
4443382	9606.ENSP00000358770	10.8	1
4439432	9606.ENSP00000321334	10.7	4
4433244	9606.ENSP00000222673	10.7	1
4435364	9606.ENSP00000264036	10.4	1
4435549	9606.ENSP00000265071	10.4	1
4442216	9606.ENSP00000352138	10.4	1
4447739	9606.ENSP00000392330	10.4	1
4438183	9606.ENSP00000305995	10.4	1
4441634	9606.ENSP00000346550	10.4	1
4437627	9606.ENSP00000300061	10.2	1
4432969	9606.ENSP00000216492	10.2	1
4443599	9606.ENSP00000359698	10.2	1
4438587	9606.ENSP00000310406	10.1	1
4447401	9606.ENSP00000386609	10.0	3
4443663	9606.ENSP00000360124	9.94	1
4448490	9606.ENSP00000408576	9.76	1
4437170	9606.ENSP00000295640	9.57	1
4449187	9606.ENSP00000421801	9.57	1
4449814	9606.ENSP00000437271	9.52	2
4446993	9606.ENSP00000383168	9.51	1
4432692	9606.ENSP00000164139	9.44	2
4444722	9606.ENSP00000365569	9.39	1
4439494	9606.ENSP00000322061	9.33	1
4450086	9606.ENSP00000443495	9.19	4
4436615	9606.ENSP00000285039	9.18	2
4437383	9606.ENSP00000297268	9.11	2
4444013	9606.ENSP00000361824	9.02	2
4437284	9606.ENSP00000296464	8.95	1
4432936	9606.ENSP00000216254	8.94	1
4435381	9606.ENSP00000264144	8.92	1
4433154	9606.ENSP00000221419	8.9	1
4440594	9606.ENSP00000334798	8.81	7
4452095	9606.ENSP00000485638	8.79	1
4450711	9606.ENSP00000463419	8.79	1
4449908	9606.ENSP00000439444	8.79	1
4436581	9606.ENSP00000284320	8.68	1
4436266	9606.ENSP00000277865	8.63	1
4451720	9606.ENSP00000482826	8.46	1
4438700	9606.ENSP00000311502	8.44	1
4446737	9606.ENSP00000380948	8.43	1
4438608	9606.ENSP00000310593	8.41	1
4439162	9606.ENSP00000317955	8.41	1
4449877	9606.ENSP00000438615	8.39	1
4450488	9606.ENSP00000455047	8.38	1
4439939	9606.ENSP00000327589	8.35	1
4443704	9606.ENSP00000360281	8.23	1
4441642	9606.ENSP00000346635	8.2	1
4450626	9606.ENSP00000460070	8.14	1
4435243	9606.ENSP00000263354	8.07	1
4433561	9606.ENSP00000232564	7.95	2
4451964	9606.ENSP00000485206	7.93	1
4450691	9606.ENSP00000463057	7.93	1
4450748	9606.ENSP00000464619	7.93	1
4442292	9606.ENSP00000352834	7.87	1
4434574	9606.ENSP00000257860	7.69	1
4445075	9606.ENSP00000367817	7.57	1
4435261	9606.ENSP00000263413	7.52	1
4432876	9606.ENSP00000215793	7.49	1
4448240	9606.ENSP00000402644	7.42	2
4449376	9606.ENSP00000426809	7.25	1
4436010	9606.ENSP00000272233	7.2	1
4440376	9606.ENSP00000332604	7.03	1
4433320	9606.ENSP00000225550	6.99	4
4445469	9606.ENSP00000370258	6.96	1
4441892	9606.ENSP00000349143	6.91	1
4446531	9606.ENSP00000379616	6.84	4
4447301	9606.ENSP00000386043	6.83	3
4442600	9606.ENSP00000355060	6.82	1
4450037	9606.ENSP00000442453	6.67	1
4442356	9606.ENSP00000353444	6.6	1
4436053	9606.ENSP00000273047	6.6	1
4434814	9606.ENSP00000260983	6.46	1
4450623	9606.ENSP00000459799	6.42	1
4438758	9606.ENSP00000312158	6.41	1
4451160	9606.ENSP00000476252	6.34	1
4433453	9606.ENSP00000229264	6.29	2
4449634	9606.ENSP00000432568	6.23	1
4450029	9606.ENSP00000442318	6.22	1
4446489	9606.ENSP00000379350	6.21	1
4443919	9606.ENSP00000361405	6.06	1
4447064	9606.ENSP00000384015	6.04	1
4436415	9606.ENSP00000281154	5.96	1
4439946	9606.ENSP00000327694	5.95	1
4442199	9606.ENSP00000351926	5.84	1
4450219	9606.ENSP00000447053	5.83	1
4445572	9606.ENSP00000371018	5.78	2
4449201	9606.ENSP00000422007	5.69	3
4450774	9606.ENSP00000465419	5.69	1
4437728	9606.ENSP00000301180	5.65	1
4443434	9606.ENSP00000358994	5.53	1
4444936	9606.ENSP00000366984	5.53	1
4450993	9606.ENSP00000471457	5.51	2
4446187	9606.ENSP00000377381	5.48	1
4434769	9606.ENSP00000260324	5.47	1
4436080	9606.ENSP00000273450	5.36	1
4450644	9606.ENSP00000461295	5.24	1
4434906	9606.ENSP00000261590	5.24	1
4434511	9606.ENSP00000256785	5.23	1
4433949	9606.ENSP00000245838	5.18	1
4433043	9606.ENSP00000218099	5.16	1
4434398	9606.ENSP00000254950	5.09	1
4438741	9606.ENSP00000311997	5.01	6
4443307	9606.ENSP00000358400	4.83	4
4445270	9606.ENSP00000369081	4.78	1
4450878	9606.ENSP00000468367	4.72	1
4438000	9606.ENSP00000303909	4.7	1
4433991	9606.ENSP00000246646	4.68	4
4445605	9606.ENSP00000371253	4.56	1
4446660	9606.ENSP00000380427	4.44	1
4437564	9606.ENSP00000299367	4.35	1
4432685	9606.ENSP00000161863	4.34	1
4438562	9606.ENSP00000310129	4.28	1
4438865	9606.ENSP00000313490	4.08	1
4441654	9606.ENSP00000346762	4.05	1
4440905	9606.ENSP00000338844	3.99	1
4448318	9606.ENSP00000404296	3.9	1
4448614	9606.ENSP00000411532	3.8	1
4443534	9606.ENSP00000359478	3.77	1
4439540	9606.ENSP00000322594	3.72	1
4435445	9606.ENSP00000264501	3.7	3
4441877	9606.ENSP00000348965	3.69	2
4442526	9606.ENSP00000354718	3.55	1
4437190	9606.ENSP00000295759	3.45	1
4439035	9606.ENSP00000316029	2.92	1
4438692	9606.ENSP00000311449	2.88	1
4436622	9606.ENSP00000285208	2.83	1
4449297	9606.ENSP00000424571	2.65	1
4434893	9606.ENSP00000261517	2.64	1
4442830	9606.ENSP00000356155	2.62	1
4432903	9606.ENSP00000216044	2.4	1
4446527	9606.ENSP00000379601	2.37	1
4448573	9606.ENSP00000410811	2.32	1
4434756	9606.ENSP00000260197	2.28	1
4448682	9606.ENSP00000413156	2.24	1
4435002	9606.ENSP00000262094	2.24	1
4444144	9606.ENSP00000362352	2.15	3
4434799	9606.ENSP00000260702	2.14	1
4436204	9606.ENSP00000276066	2.13	1
4451853	9606.ENSP00000484472	2.01	1
4450629	9606.ENSP00000460348	1.64	1
4440894	9606.ENSP00000338769	1.62	1
4435466	9606.ENSP00000264649	1.47	1
4435629	9606.ENSP00000265686	1.46	1
4438387	9606.ENSP00000308122	1.37	1
4436885	9606.ENSP00000290776	1.27	1
4440341	9606.ENSP00000332247	1.21	1
4445784	9606.ENSP00000373343	1.14	1
4449929	9606.ENSP00000440077	0.98	1
4451337	9606.ENSP00000478878	0.974	1
4440125	9606.ENSP00000329748	0.963	1
4448515	9606.ENSP00000409382	0.946	1
4433912	9606.ENSP00000244751	0.935	1
4435847	9606.ENSP00000268720	0.88	1
4432999	9606.ENSP00000217133	0.857	1
4444731	9606.ENSP00000365630	0.822	1
4451557	9606.ENSP00000481054	0.606	1
