#id: 4221675112
#name: Homo sapiens - Cell line, Huh7, SC (Pando-robles,j_proteomics,2014)
#score: 13.7
#description: abundance based on Spectral counting, Huh7, Interaction consistency score: 13.7, Coverage: 8
#organ: CELL_LINE
#integrated: false
#coverage: 8
#link: http://www.ncbi.nlm.nih.gov/pubmed/25009145
#publication_year: 2014
#filename: 9606-Huh-7_Pando-Robles_2014.txt
#
#internal_id	string_external_id	abundance	raw_spectral_count
4445428	9606.ENSP00000370010	66076	885116815
4433634	9606.ENSP00000234590	14638	-1646888756
4436650	9606.ENSP00000285930	13560	858993856
4441580	9606.ENSP00000346032	12691	-1801497420
4449639	9606.ENSP00000432660	12002	1593713217
4450595	9606.ENSP00000458162	11178	-1005146241
4441991	9606.ENSP00000349960	11178	-1005146241
4449041	9606.ENSP00000419425	11055	-1994246657
4433326	9606.ENSP00000225655	10513	-2119661323
4443160	9606.ENSP00000357709	10020	1082361528
4437352	9606.ENSP00000296930	8665	-1937649842
4439337	9606.ENSP00000320171	8472	1439992050
4450181	9606.ENSP00000446007	8435	-1891140885
4433579	9606.ENSP00000233143	7915	230845799
4439523	9606.ENSP00000322419	7848	564135988
4441581	9606.ENSP00000346037	7449	465046694
4441649	9606.ENSP00000346694	7176	-1727415194
4439395	9606.ENSP00000320866	7154	1977907150
4433608	9606.ENSP00000233893	6991	1181348240
4434059	9606.ENSP00000248553	6440	1879623298
4439666	9606.ENSP00000324173	6106	568475611
4450191	9606.ENSP00000446215	5859	1397551097
4433451	9606.ENSP00000229239	5682	2017677658
4444702	9606.ENSP00000365439	5663	2077138082
4439895	9606.ENSP00000327070	5343	-1651660144
4446480	9606.ENSP00000379287	5247	-2109317950
4435133	9606.ENSP00000262746	5227	1744899115
4449616	9606.ENSP00000432083	5129	923166310
4450215	9606.ENSP00000446955	4983	1433523210
4443770	9606.ENSP00000360609	4658	1362287281
4447225	9606.ENSP00000385385	4464	1530537552
4436014	9606.ENSP00000272298	4095	1976017603
4436903	9606.ENSP00000291295	4095	1976017603
4441930	9606.ENSP00000349467	4095	1976017603
4433456	9606.ENSP00000229270	4041	1136873048
4436586	9606.ENSP00000284440	4000	866095863
4446116	9606.ENSP00000376886	3986	1586814665
4441512	9606.ENSP00000345347	3853	453501726
4447787	9606.ENSP00000393241	3691	753870258
4447293	9606.ENSP00000385958	3672	343759623
4444380	9606.ENSP00000363500	3656	1188693050
4441190	9606.ENSP00000341826	3616	1850286366
4446258	9606.ENSP00000377833	3555	1732954299
4439274	9606.ENSP00000319281	3546	628676271
4444414	9606.ENSP00000363676	3536	662166684
4440915	9606.ENSP00000339001	3513	-1299109777
4434707	9606.ENSP00000259469	3480	177500658
4450285	9606.ENSP00000449404	3436	-1795420020
4443194	9606.ENSP00000357801	3413	227324217
4447586	9606.ENSP00000389103	3377	424117743
4437297	9606.ENSP00000296511	3363	1369047675
4434993	9606.ENSP00000262030	3356	-1963989773
4435881	9606.ENSP00000269321	3308	347359875
4439187	9606.ENSP00000318195	3290	1752556064
4438356	9606.ENSP00000307786	3245	428434274
4446852	9606.ENSP00000381736	3228	1921777570
4446501	9606.ENSP00000379386	3176	1275528172
4447414	9606.ENSP00000386717	3152	366177775
4437661	9606.ENSP00000300289	3143	2032223148
4437604	9606.ENSP00000299767	3117	-898638318
4447693	9606.ENSP00000391481	3105	1496262051
4443033	9606.ENSP00000357076	3009	1061860263
4437954	9606.ENSP00000303366	2961	566504811
4444796	9606.ENSP00000366109	2839	915283087
4440919	9606.ENSP00000339063	2833	-2056177728
4446386	9606.ENSP00000378669	2806	1435269485
4437619	9606.ENSP00000300026	2803	691806429
4433003	9606.ENSP00000217182	2733	1795508852
4437358	9606.ENSP00000297012	2700	-624940474
4446979	9606.ENSP00000383003	2635	244172200
4439955	9606.ENSP00000327801	2601	1818107021
4445814	9606.ENSP00000373620	2568	1854590008
4449729	9606.ENSP00000435096	2553	306445674
4443076	9606.ENSP00000357283	2533	2094052134
4450282	9606.ENSP00000449328	2499	853776445
4435415	9606.ENSP00000264335	2490	1450939938
4446117	9606.ENSP00000376889	2432	1682190331
4451031	9606.ENSP00000472469	2420	192052674
4444160	9606.ENSP00000362413	2403	1310169492
4440643	9606.ENSP00000335153	2403	-425070098
4442650	9606.ENSP00000355315	2390	16277336
4449706	9606.ENSP00000434412	2361	1058504422
4439045	9606.ENSP00000316176	2294	358685804
4441585	9606.ENSP00000346067	2267	1022052522
4440923	9606.ENSP00000339095	2220	385090969
4449695	9606.ENSP00000434024	2196	-624940474
4435108	9606.ENSP00000262584	2158	376619217
4445799	9606.ENSP00000373487	2153	1187287869
4440399	9606.ENSP00000332790	2121	1371467595
4437376	9606.ENSP00000297185	2101	1750712203
4442011	9606.ENSP00000350090	2097	1315513757
4435645	9606.ENSP00000265753	2080	281782689
4450150	9606.ENSP00000445175	2036	936851294
4433313	9606.ENSP00000225430	2027	182281852
4435987	9606.ENSP00000271638	2015	304219210
4438576	9606.ENSP00000310275	2015	216701381
4441216	9606.ENSP00000342026	1989	559528838
4437775	9606.ENSP00000301587	1970	401786294
4449762	9606.ENSP00000435777	1939	294071906
4436296	9606.ENSP00000278572	1934	787712224
4438211	9606.ENSP00000306330	1925	1559701109
4441587	9606.ENSP00000346088	1912	214141879
4449743	9606.ENSP00000435370	1909	157517305
4441576	9606.ENSP00000346001	1908	413724376
4450354	9606.ENSP00000451291	1898	1198365567
4444232	9606.ENSP00000362744	1887	570438800
4450340	9606.ENSP00000451080	1868	227794684
4451239	9606.ENSP00000477781	1845	226953204
4432924	9606.ENSP00000216181	1845	-238115182
4434174	9606.ENSP00000251453	1843	396369694
4439747	9606.ENSP00000325240	1823	571188464
4444406	9606.ENSP00000363641	1820	330062539
4440758	9606.ENSP00000337060	1813	860212159
4432930	9606.ENSP00000216218	1805	467134032
4441138	9606.ENSP00000341289	1801	-1643304600
4449888	9606.ENSP00000439012	1801	193832015
4448260	9606.ENSP00000403172	1795	536505429
4451269	9606.ENSP00000478061	1791	263623070
4438372	9606.ENSP00000307940	1784	2037334915
4437436	9606.ENSP00000297785	1769	1262885170
4438543	9606.ENSP00000309830	1762	111944011
4438689	9606.ENSP00000311430	1759	622845606
4437556	9606.ENSP00000299300	1742	1323111401
4450752	9606.ENSP00000464813	1738	182832451
4437721	9606.ENSP00000301072	1727	-546474629
4440737	9606.ENSP00000336799	1716	-546474629
4444040	9606.ENSP00000361930	1700	1383317538
4432873	9606.ENSP00000215754	1683	183643032
4450940	9606.ENSP00000470059	1674	1309228157
4443642	9606.ENSP00000359991	1661	876976160
4443502	9606.ENSP00000359345	1661	448110145
4436950	9606.ENSP00000292169	1653	64071825
4449502	9606.ENSP00000429374	1638	195715403
4435962	9606.ENSP00000270792	1635	142099241
4437720	9606.ENSP00000301071	1629	-684948053
4447538	9606.ENSP00000388107	1619	810943428
4443961	9606.ENSP00000361626	1616	338676682
4439286	9606.ENSP00000319501	1607	1034773772
4450217	9606.ENSP00000447001	1599	269046638
4439151	9606.ENSP00000317780	1591	244478505
4437038	9606.ENSP00000293831	1590	1065628303
4432889	9606.ENSP00000215909	1585	442501194
4450976	9606.ENSP00000470972	1581	369018562
4438368	9606.ENSP00000307889	1569	314105287
4442071	9606.ENSP00000350708	1567	373872067
4443861	9606.ENSP00000361076	1559	406045679
4440987	9606.ENSP00000339795	1552	418903722
4437932	9606.ENSP00000303145	1538	444431103
4433154	9606.ENSP00000221419	1532	1442839287
4445606	9606.ENSP00000371267	1527	1234287024
4434323	9606.ENSP00000253792	1507	1801088559
4448366	9606.ENSP00000405573	1504	919527853
4437909	9606.ENSP00000302896	1503	331537155
4448883	9606.ENSP00000417240	1502	866913662
4441968	9606.ENSP00000349748	1500	834809979
4439661	9606.ENSP00000324105	1495	822109987
4443270	9606.ENSP00000358155	1493	-733544922
4442159	9606.ENSP00000351589	1493	-733544922
4451142	9606.ENSP00000475814	1493	-733544922
4451686	9606.ENSP00000482538	1493	-733544922
4449876	9606.ENSP00000438553	1493	-733544922
4442276	9606.ENSP00000352627	1493	-733544922
4441116	9606.ENSP00000341094	1493	-733544922
4440336	9606.ENSP00000332194	1493	-733544922
4442214	9606.ENSP00000352119	1493	-733544922
4440028	9606.ENSP00000328484	1493	-733544922
4451672	9606.ENSP00000482431	1493	-733544922
4444893	9606.ENSP00000366679	1493	-733544922
4446837	9606.ENSP00000381607	1481	298752367
4444253	9606.ENSP00000362820	1466	113278129
4438847	9606.ENSP00000313199	1466	414880616
4442456	9606.ENSP00000354394	1460	1241828091
4444884	9606.ENSP00000366618	1451	-638395587
4439472	9606.ENSP00000321744	1451	-638395587
4451599	9606.ENSP00000481622	1451	-638395587
4450164	9606.ENSP00000445633	1451	-638395587
4444932	9606.ENSP00000366962	1451	-638395587
4451817	9606.ENSP00000483903	1451	-638395587
4441923	9606.ENSP00000349430	1451	-638395587
4441873	9606.ENSP00000348924	1451	-638395587
4451366	9606.ENSP00000479169	1451	-638395587
4436804	9606.ENSP00000289316	1451	-638395587
4451751	9606.ENSP00000483237	1451	-638395587
4451252	9606.ENSP00000477907	1451	-638395587
4432857	9606.ENSP00000215375	1428	184838024
4435950	9606.ENSP00000270586	1422	214125499
4441582	9606.ENSP00000346046	1405	89119096
4451813	9606.ENSP00000483842	1401	-834453658
4444942	9606.ENSP00000367022	1401	-834453658
4437955	9606.ENSP00000303373	1401	-834453658
4442727	9606.ENSP00000355656	1401	-834453658
4436015	9606.ENSP00000272317	1382	810943428
4437667	9606.ENSP00000300413	1382	107745369
4450175	9606.ENSP00000445831	1336	-638395587
4440720	9606.ENSP00000336702	1331	411060365
4441195	9606.ENSP00000341885	1329	522077450
4446409	9606.ENSP00000378851	1326	31871775
4450009	9606.ENSP00000441875	1325	590539429
4435583	9606.ENSP00000265333	1308	576814263
4438348	9606.ENSP00000307705	1295	467287039
4448124	9606.ENSP00000400467	1292	209524694
4436861	9606.ENSP00000290378	1286	-1899675985
4442723	9606.ENSP00000355645	1286	-1899675985
4432936	9606.ENSP00000216254	1276	959546854
4448092	9606.ENSP00000399888	1270	72086377
4442186	9606.ENSP00000351777	1269	1298829985
4446579	9606.ENSP00000379888	1267	261643487
4441583	9606.ENSP00000346050	1259	436308203
4451211	9606.ENSP00000477527	1249	-1271655623
4443268	9606.ENSP00000358151	1249	-1271655623
4451707	9606.ENSP00000482674	1249	-1271655623
4451152	9606.ENSP00000476136	1249	-1271655623
4433490	9606.ENSP00000230050	1221	238913971
4441579	9606.ENSP00000346027	1216	130973667
4433816	9606.ENSP00000242285	1214	136823287
4437293	9606.ENSP00000296503	1213	183912552
4451378	9606.ENSP00000479284	1207	-1422904410
4448229	9606.ENSP00000402373	1200	1958413887
4447993	9606.ENSP00000397798	1195	475399494
4450307	9606.ENSP00000450385	1181	615994230
4449378	9606.ENSP00000426909	1178	470864434
4447434	9606.ENSP00000386857	1176	1958413887
4434854	9606.ENSP00000261313	1171	238705472
4446300	9606.ENSP00000378163	1168	128513763
4439803	9606.ENSP00000325905	1168	118542225
4451393	9606.ENSP00000479488	1165	372139346
4444623	9606.ENSP00000364935	1142	506935970
4450742	9606.ENSP00000464342	1128	95012549
4451213	9606.ENSP00000477538	1123	402375980
4446489	9606.ENSP00000379350	1123	1186464122
4445375	9606.ENSP00000369703	1122	1765455042
4446035	9606.ENSP00000376309	1093	346778178
4434727	9606.ENSP00000259818	1091	1748712426
4438412	9606.ENSP00000308430	1082	55693548
4445957	9606.ENSP00000375730	1072	248672603
4441252	9606.ENSP00000342374	1064	141627244
4450720	9606.ENSP00000463784	1060	220375079
4432984	9606.ENSP00000216802	1051	206023523
4451404	9606.ENSP00000479606	1044	2077621174
4434076	9606.ENSP00000248975	1033	1181423106
4446026	9606.ENSP00000376276	1031	203473076
4435953	9606.ENSP00000270625	1025	260880252
4441922	9606.ENSP00000349428	1023	295881303
4445998	9606.ENSP00000376056	1007	192109283
4439758	9606.ENSP00000325376	1007	669265696
4435372	9606.ENSP00000264071	1005	1726514286
4436158	9606.ENSP00000274764	1004	-1424848301
4444600	9606.ENSP00000364802	997	-1595645141
4444599	9606.ENSP00000364801	997	-1595645141
4434352	9606.ENSP00000254301	982	198402812
4442096	9606.ENSP00000351022	981	487551965
4443964	9606.ENSP00000361635	977	390609301
4447601	9606.ENSP00000389289	977	1221301641
4442801	9606.ENSP00000356042	972	1075053290
4436526	9606.ENSP00000283179	971	727015190
4434938	9606.ENSP00000261735	970	321453862
4438491	9606.ENSP00000309334	969	203162303
4442230	9606.ENSP00000352257	968	616455807
4436660	9606.ENSP00000286091	962	779181351
4444658	9606.ENSP00000365147	961	288122484
4442534	9606.ENSP00000354739	951	172909338
4441896	9606.ENSP00000349168	948	725887795
4445420	9606.ENSP00000369965	942	75016913
4432636	9606.ENSP00000054950	937	243456712
4435028	9606.ENSP00000262193	935	298661969
4437274	9606.ENSP00000296417	933	-1025839679
4438410	9606.ENSP00000308405	933	-1025839679
4433021	9606.ENSP00000217426	929	454517503
4446068	9606.ENSP00000376475	919	344124574
4435610	9606.ENSP00000265462	910	258281050
4451332	9606.ENSP00000478828	907	71113629
4449856	9606.ENSP00000438248	902	255792108
4445167	9606.ENSP00000368458	902	324536674
4441868	9606.ENSP00000348849	901	65413715
4434667	9606.ENSP00000258962	894	219702885
4441668	9606.ENSP00000346921	892	235432916
4435176	9606.ENSP00000262982	889	1598971095
4450709	9606.ENSP00000463379	888	475399494
4432626	9606.ENSP00000044462	885	300610777
4434343	9606.ENSP00000254108	884	227207525
4439815	9606.ENSP00000326042	880	-1671348073
4446977	9606.ENSP00000382982	880	-1671348073
4446310	9606.ENSP00000378199	869	-1899206195
4444265	9606.ENSP00000362924	860	512722006
4433258	9606.ENSP00000222968	856	136244810
4445546	9606.ENSP00000370808	851	1132359020
4445713	9606.ENSP00000372155	831	254417707
4440309	9606.ENSP00000331901	829	446875045
4449349	9606.ENSP00000426119	825	107597237
4443118	9606.ENSP00000357516	823	417333991
4432879	9606.ENSP00000215829	823	112457304
4451050	9606.ENSP00000472985	819	126771039
4435972	9606.ENSP00000271308	817	177989179
4434247	9606.ENSP00000252699	806	1280928390
4437177	9606.ENSP00000295688	806	462209759
4446274	9606.ENSP00000377958	806	476999565
4451643	9606.ENSP00000482195	804	109854213
4439119	9606.ENSP00000317331	803	131966341
4436840	9606.ENSP00000290158	799	667525646
4451799	9606.ENSP00000483688	798	133078193
4435961	9606.ENSP00000270776	797	426410703
4448185	9606.ENSP00000401564	783	132362019
4433026	9606.ENSP00000217515	781	180997586
4443780	9606.ENSP00000360671	781	1096195813
4442171	9606.ENSP00000351646	778	462771502
4449412	9606.ENSP00000427687	777	383554222
4432553	9606.ENSP00000003100	770	156723083
4441661	9606.ENSP00000346839	766	1521613436
4450850	9606.ENSP00000467466	758	93903440
4447994	9606.ENSP00000397843	754	22994496
4442353	9606.ENSP00000353408	754	863846760
4451423	9606.ENSP00000479794	753	1370903460
4451886	9606.ENSP00000484789	753	1370903460
4444948	9606.ENSP00000367034	753	1370903460
4444931	9606.ENSP00000366956	753	1370903460
4444934	9606.ENSP00000366974	753	1370903460
4451392	9606.ENSP00000479461	753	1370903460
4450064	9606.ENSP00000443017	753	1370903460
4433901	9606.ENSP00000244537	753	1370903460
4450676	9606.ENSP00000462667	753	1370903460
4451542	9606.ENSP00000480960	753	1370903460
4451358	9606.ENSP00000479106	753	1370903460
4451586	9606.ENSP00000481486	753	1370903460
4450668	9606.ENSP00000462355	753	1370903460
4441692	9606.ENSP00000347168	753	1370903460
4448690	9606.ENSP00000413436	752	169352431
4443409	9606.ENSP00000358866	751	-2029231076
4444038	9606.ENSP00000361927	749	562995561
4449557	9606.ENSP00000430706	747	262835150
4441434	9606.ENSP00000344504	739	80023550
4433984	9606.ENSP00000246533	736	142303491
4448110	9606.ENSP00000400175	735	307217759
4441569	9606.ENSP00000345957	734	85728220
4440966	9606.ENSP00000339566	730	405447204
4449851	9606.ENSP00000438144	728	207996997
4434056	9606.ENSP00000248437	728	2046456629
4437464	9606.ENSP00000298159	727	392969678
4438137	9606.ENSP00000305556	724	325986229
4449110	9606.ENSP00000420311	723	123675769
4439188	9606.ENSP00000318197	722	2069919630
4451106	9606.ENSP00000474534	718	510419531
4448639	9606.ENSP00000412189	714	556469534
4439848	9606.ENSP00000326381	705	696146447
4435545	9606.ENSP00000265062	704	218730769
4433900	9606.ENSP00000244534	704	405447204
4445386	9606.ENSP00000369757	698	100442947
4434874	9606.ENSP00000261427	689	220290191
4442104	9606.ENSP00000351108	689	148719492
4446783	9606.ENSP00000381216	687	449668262
4439216	9606.ENSP00000318646	687	172486390
4441643	9606.ENSP00000346643	674	888831959
4450571	9606.ENSP00000457513	673	168258032
4449060	9606.ENSP00000419665	669	128338633
4438070	9606.ENSP00000304697	664	810943428
4435814	9606.ENSP00000268182	664	930551876
4445108	9606.ENSP00000367992	656	176767560
4432813	9606.ENSP00000205402	652	304472647
4448121	9606.ENSP00000400433	647	325559893
4433211	9606.ENSP00000222247	646	138610318
4439355	9606.ENSP00000320324	646	685103475
4446520	9606.ENSP00000379506	642	120674203
4447392	9606.ENSP00000386541	640	103782108
4444137	9606.ENSP00000362329	637	170569651
4446104	9606.ENSP00000376800	633	48164539
4437688	9606.ENSP00000300688	629	107910914
4442251	9606.ENSP00000352438	626	288050626
4437386	9606.ENSP00000297283	619	608444129
4448130	9606.ENSP00000400591	614	69253644
4440308	9606.ENSP00000331897	612	276391147
4448731	9606.ENSP00000414359	610	185268097
4436206	9606.ENSP00000276079	609	324801126
4448537	9606.ENSP00000410059	609	420617428
4432704	9606.ENSP00000168216	608	140902504
4451602	9606.ENSP00000481646	606	178592178
4443584	9606.ENSP00000359645	604	363478627
4447621	9606.ENSP00000389649	603	68327726
4434023	9606.ENSP00000247461	602	392870555
4445605	9606.ENSP00000371253	601	501984190
4433066	9606.ENSP00000219169	601	97175414
4439901	9606.ENSP00000327145	600	-1910994212
4439526	9606.ENSP00000322439	598	452155053
4436371	9606.ENSP00000280326	597	450511085
4445412	9606.ENSP00000369915	595	270664699
4443481	9606.ENSP00000359225	594	217685131
4444285	9606.ENSP00000363018	594	153048344
4448867	9606.ENSP00000417132	593	177827156
4444272	9606.ENSP00000362946	591	111368535
4444601	9606.ENSP00000364805	590	-2127369104
4443063	9606.ENSP00000357189	590	165556926
4435820	9606.ENSP00000268379	590	191791445
4437255	9606.ENSP00000296255	582	492111226
4441045	9606.ENSP00000340466	581	533586734
4450713	9606.ENSP00000463559	578	455237127
4433027	9606.ENSP00000217652	578	455237127
4434884	9606.ENSP00000261479	577	236475674
4443629	9606.ENSP00000359910	573	212487614
4450403	9606.ENSP00000452762	570	160798550
4436961	9606.ENSP00000292385	565	247621919
4444134	9606.ENSP00000362308	564	86050310
4436718	9606.ENSP00000287295	556	374981553
4446282	9606.ENSP00000378046	555	63604549
4448935	9606.ENSP00000417864	550	185791806
4437495	9606.ENSP00000298510	549	237944180
4449435	9606.ENSP00000428223	549	157424971
4433759	9606.ENSP00000239940	547	80038246
4444198	9606.ENSP00000362592	546	370028718
4434392	9606.ENSP00000254878	545	87623493
4442694	9606.ENSP00000355518	539	204105956
4446270	9606.ENSP00000377941	537	1153898768
4433686	9606.ENSP00000237530	536	179800665
4443829	9606.ENSP00000360939	535	164300708
4441634	9606.ENSP00000346550	532	462394416
4442938	9606.ENSP00000356652	530	93408709
4441360	9606.ENSP00000343690	530	318979359
4433764	9606.ENSP00000240185	529	132314985
4435111	9606.ENSP00000262613	526	224745262
4435788	9606.ENSP00000267884	525	102130663
4451135	9606.ENSP00000475615	519	96961931
4438366	9606.ENSP00000307863	519	112989586
4444394	9606.ENSP00000363574	514	103919674
4443153	9606.ENSP00000357688	512	64594934
4432961	9606.ENSP00000216455	512	162863052
4438185	9606.ENSP00000306010	508	295452185
4450244	9606.ENSP00000448035	507	258777845
4445991	9606.ENSP00000375978	505	407280014
4440446	9606.ENSP00000333326	505	1270476936
4439640	9606.ENSP00000323856	503	-1163222503
4449736	9606.ENSP00000435289	501	70480162
4441891	9606.ENSP00000349142	495	219210605
4432898	9606.ENSP00000216034	495	70016378
4438219	9606.ENSP00000306397	492	115729642
4446990	9606.ENSP00000383118	490	99743067
4442348	9606.ENSP00000353375	490	402034566
4438885	9606.ENSP00000313829	487	100167628
4433318	9606.ENSP00000225525	487	46901052
4433199	9606.ENSP00000222005	485	126496228
4449647	9606.ENSP00000432799	480	75450165
4443272	9606.ENSP00000358160	479	646904819
4443269	9606.ENSP00000358154	479	646904819
4434387	9606.ENSP00000254810	479	646904819
4440440	9606.ENSP00000333277	479	646904819
4444939	9606.ENSP00000366999	479	646904819
4451529	9606.ENSP00000480826	479	646904819
4451891	9606.ENSP00000484841	479	646904819
4442746	9606.ENSP00000355778	479	646904819
4451655	9606.ENSP00000482271	479	646904819
4451830	9606.ENSP00000484095	479	646904819
4442229	9606.ENSP00000352252	479	646904819
4442728	9606.ENSP00000355657	479	646904819
4451757	9606.ENSP00000483283	479	646904819
4447238	9606.ENSP00000385479	479	646904819
4451875	9606.ENSP00000484658	479	646904819
4451871	9606.ENSP00000484638	479	646904819
4441819	9606.ENSP00000348316	478	67613235
4438030	9606.ENSP00000304229	476	49794340
4432848	9606.ENSP00000211998	473	519672935
4436066	9606.ENSP00000273258	473	25876597
4450281	9606.ENSP00000449270	473	50585080
4436642	9606.ENSP00000285735	472	277996111
4448147	9606.ENSP00000400906	472	97105180
4441217	9606.ENSP00000342056	463	266171225
4436430	9606.ENSP00000281456	463	870373617
4444297	9606.ENSP00000363071	463	915248413
4449551	9606.ENSP00000430598	459	49694586
4446224	9606.ENSP00000377640	456	60704397
4443623	9606.ENSP00000359864	455	310414612
4436697	9606.ENSP00000286788	454	390717614
4435245	9606.ENSP00000263368	448	120994946
4443158	9606.ENSP00000357705	447	95411408
4450736	9606.ENSP00000464265	443	517134177
4443476	9606.ENSP00000359216	443	84099466
4433329	9606.ENSP00000225698	442	96879474
4442006	9606.ENSP00000350052	434	-167250505
4437379	9606.ENSP00000297258	433	99833167
4449470	9606.ENSP00000428845	432	156828014
4435205	9606.ENSP00000263168	432	182653454
4446196	9606.ENSP00000377446	431	113341555
4439716	9606.ENSP00000324804	431	269631556
4439424	9606.ENSP00000321259	431	196118593
4449897	9606.ENSP00000439189	429	-167250505
4433361	9606.ENSP00000226253	428	274574967
4443779	9606.ENSP00000360664	427	26331990
4435883	9606.ENSP00000269349	426	289268759
4447650	9606.ENSP00000390265	425	185523237
4434598	9606.ENSP00000258091	424	285105044
4439351	9606.ENSP00000320295	423	1197680305
4442450	9606.ENSP00000354346	422	237491355
4433537	9606.ENSP00000231487	417	81037820
4447764	9606.ENSP00000392718	417	-285238338
4446598	9606.ENSP00000380033	415	388766098
4444748	9606.ENSP00000365745	413	241528082
4439122	9606.ENSP00000317334	410	289335897
4447833	9606.ENSP00000394071	409	260835286
4445248	9606.ENSP00000368970	409	18801053
4446199	9606.ENSP00000377471	409	98340926
4436191	9606.ENSP00000275603	404	209969953
4440463	9606.ENSP00000333547	404	222237688
4433288	9606.ENSP00000223641	402	35501696
4434861	9606.ENSP00000261366	402	244945020
4438656	9606.ENSP00000311121	401	186233214
4447479	9606.ENSP00000387176	400	-686815375
4437502	9606.ENSP00000298556	399	169101349
4433278	9606.ENSP00000223321	398	81926670
4446568	9606.ENSP00000379838	394	43978012
4433672	9606.ENSP00000236959	394	222263894
4433035	9606.ENSP00000217971	391	48696440
4445632	9606.ENSP00000371420	389	272864251
4441599	9606.ENSP00000346173	388	181334067
4447492	9606.ENSP00000387286	387	169115336
4435220	9606.ENSP00000263238	386	214451287
4450219	9606.ENSP00000447053	386	178156139
4447854	9606.ENSP00000394496	384	117872136
4448154	9606.ENSP00000401010	384	106620895
4435656	9606.ENSP00000265866	383	122439355
4433923	9606.ENSP00000245206	383	237964427
4442467	9606.ENSP00000354468	379	82060479
4448070	9606.ENSP00000399457	379	162509387
4445033	9606.ENSP00000367542	377	336994909
4433407	9606.ENSP00000228318	375	161816642
4436327	9606.ENSP00000279022	373	317841953
4448735	9606.ENSP00000414398	372	117216817
4447403	9606.ENSP00000386636	371	162024739
4444169	9606.ENSP00000362463	371	75593817
4434931	9606.ENSP00000261712	369	224244165
4447488	9606.ENSP00000387262	365	327994256
4448843	9606.ENSP00000416706	363	-1853550121
4443649	9606.ENSP00000360034	359	144498103
4443119	9606.ENSP00000357535	358	134622159
4444982	9606.ENSP00000367208	358	129183492
4446640	9606.ENSP00000380308	357	183924689
4441438	9606.ENSP00000344547	355	24721464
4450801	9606.ENSP00000466134	354	194902927
4437907	9606.ENSP00000302886	354	203616734
4434975	9606.ENSP00000261890	352	210324658
4435330	9606.ENSP00000263867	351	84653786
4446399	9606.ENSP00000378760	351	275115633
4443646	9606.ENSP00000360021	348	28234799
4434870	9606.ENSP00000261402	348	83051628
4437196	9606.ENSP00000295822	348	189933461
4436010	9606.ENSP00000272233	343	228991761
4435550	9606.ENSP00000265073	343	26461119
4449043	9606.ENSP00000419449	342	17476093
4445322	9606.ENSP00000369424	341	347240511
4438724	9606.ENSP00000311747	341	156552802
4432862	9606.ENSP00000215570	340	49993569
4433348	9606.ENSP00000225972	339	88869214
4449816	9606.ENSP00000437402	338	459060868
4444990	9606.ENSP00000367265	334	216942054
4433270	9606.ENSP00000223136	334	56716187
4436415	9606.ENSP00000281154	334	672644013
4433266	9606.ENSP00000223095	334	168313292
4447078	9606.ENSP00000384136	329	592211092
4433218	9606.ENSP00000222286	329	564549375
4443460	9606.ENSP00000359128	328	45399734
4438061	9606.ENSP00000304592	328	730332010
4445662	9606.ENSP00000371634	328	212248226
4449703	9606.ENSP00000434359	327	90015254
4438570	9606.ENSP00000310226	326	157157653
4434413	9606.ENSP00000255120	326	301633622
4438304	9606.ENSP00000307241	325	151659911
4445193	9606.ENSP00000368646	325	136873483
4444027	9606.ENSP00000361883	324	174938003
4438605	9606.ENSP00000310572	324	129862652
4444000	9606.ENSP00000361777	323	81252642
4448107	9606.ENSP00000400142	321	86967755
4438183	9606.ENSP00000305995	320	304130674
4450071	9606.ENSP00000443189	320	81629147
4440870	9606.ENSP00000338413	320	280605140
4442589	9606.ENSP00000355011	320	130364890
4436853	9606.ENSP00000290299	318	159453871
4435648	9606.ENSP00000265806	318	44816167
4451634	9606.ENSP00000482075	317	61402215
4440998	9606.ENSP00000339835	315	646904819
4442653	9606.ENSP00000355325	315	103674268
4440491	9606.ENSP00000333837	314	144136446
4450115	9606.ENSP00000444357	312	89537725
4445338	9606.ENSP00000369538	312	246418430
4438562	9606.ENSP00000310129	311	306241509
4433858	9606.ENSP00000243563	310	57816611
4437176	9606.ENSP00000295685	310	76015083
4449926	9606.ENSP00000440005	310	278773573
4434505	9606.ENSP00000256682	310	278773573
4441008	9606.ENSP00000339933	309	768400183
4448854	9606.ENSP00000416959	307	77718390
4433404	9606.ENSP00000228251	306	136184859
4446457	9606.ENSP00000379157	305	156789583
4445499	9606.ENSP00000370517	304	244586443
4450530	9606.ENSP00000456206	303	781034970
4450880	9606.ENSP00000468424	303	152704739
4441561	9606.ENSP00000345837	303	18667084
4441654	9606.ENSP00000346762	303	258509524
4450361	9606.ENSP00000451560	302	1197680305
4440154	9606.ENSP00000330074	301	39687835
4442577	9606.ENSP00000354947	300	170240589
4444989	9606.ENSP00000367263	299	2121174882
4451264	9606.ENSP00000478017	297	580804789
4452033	9606.ENSP00000485450	297	580804789
4433350	9606.ENSP00000226004	294	71059459
4439035	9606.ENSP00000316029	293	620066643
4437320	9606.ENSP00000296674	293	38880299
4451456	9606.ENSP00000480140	290	135446453
4446516	9606.ENSP00000379475	290	241877447
4441958	9606.ENSP00000349679	289	69413141
4435299	9606.ENSP00000263697	289	23567262
4433875	9606.ENSP00000244020	287	154562044
4439814	9606.ENSP00000326031	285	188375940
4450472	9606.ENSP00000454746	285	125368101
4451107	9606.ENSP00000474560	285	78837583
4449429	9606.ENSP00000428085	285	56443697
4450412	9606.ENSP00000452909	283	79372874
4451385	9606.ENSP00000479365	283	580804789
4451367	9606.ENSP00000479203	283	580804789
4438834	9606.ENSP00000313007	282	439316593
4437917	9606.ENSP00000302961	281	270898067
4450137	9606.ENSP00000444935	281	122299540
4432671	9606.ENSP00000157812	279	80956550
4447216	9606.ENSP00000385269	279	119369353
4434574	9606.ENSP00000257860	279	439108179
4433080	9606.ENSP00000219313	276	119225136
4441578	9606.ENSP00000346015	275	57893961
4446375	9606.ENSP00000378563	275	41968593
4448829	9606.ENSP00000416429	275	53547028
4443208	9606.ENSP00000357858	274	75272781
4445627	9606.ENSP00000371393	273	105278440
4451160	9606.ENSP00000476252	273	228991761
4443556	9606.ENSP00000359539	272	97732581
4443625	9606.ENSP00000359871	271	101048116
4440036	9606.ENSP00000328570	270	43286866
4434098	9606.ENSP00000249442	268	39275807
4448304	9606.ENSP00000404121	266	254633473
4450744	9606.ENSP00000464411	265	127630703
4432975	9606.ENSP00000216605	264	308990267
4447269	9606.ENSP00000385757	264	69180987
4447739	9606.ENSP00000392330	264	118923816
4444140	9606.ENSP00000362334	264	66172001
4441511	9606.ENSP00000345344	263	190642902
4443402	9606.ENSP00000358840	262	17372775
4444985	9606.ENSP00000367220	261	83747128
4447771	9606.ENSP00000392896	260	16488697
4435898	9606.ENSP00000269576	260	155949815
4440807	9606.ENSP00000337632	258	92227348
4436601	9606.ENSP00000284719	257	125129714
4436782	9606.ENSP00000288699	257	132650017
4435998	9606.ENSP00000272067	256	53279058
4450697	9606.ENSP00000463154	255	39000410
4451272	9606.ENSP00000478121	255	38448055
4450194	9606.ENSP00000446252	255	59920486
4437474	9606.ENSP00000298283	253	120319078
4441562	9606.ENSP00000345848	251	92448778
4442908	9606.ENSP00000356520	250	294869316
4444778	9606.ENSP00000365950	248	19313284
4433393	9606.ENSP00000227524	248	68417847
4437578	9606.ENSP00000299518	245	78105137
4436079	9606.ENSP00000273398	245	168743875
4436857	9606.ENSP00000290349	243	137950191
4451186	9606.ENSP00000476960	243	646904819
4451937	9606.ENSP00000485133	242	51196355
4434797	9606.ENSP00000260665	242	488521806
4433430	9606.ENSP00000228825	240	48252697
4439194	9606.ENSP00000318297	240	125710484
4433493	9606.ENSP00000230085	240	69163713
4438066	9606.ENSP00000304669	239	181038307
4435651	9606.ENSP00000265838	237	105788326
4444662	9606.ENSP00000365172	235	187896981
4450185	9606.ENSP00000446099	234	210913767
4437004	9606.ENSP00000293288	233	79884164
4434241	9606.ENSP00000252603	233	46393923
4446966	9606.ENSP00000382840	231	219305774
4438861	9606.ENSP00000313432	230	38392676
4443212	9606.ENSP00000357879	230	52615846
4434134	9606.ENSP00000250495	230	31392527
4444422	9606.ENSP00000363745	230	181907097
4444013	9606.ENSP00000361824	230	648382415
4448728	9606.ENSP00000414321	228	59521223
4449280	9606.ENSP00000424183	227	21734379
4433830	9606.ENSP00000242776	227	221935365
4441103	9606.ENSP00000340989	227	615602313
4450826	9606.ENSP00000466897	227	62577956
4439273	9606.ENSP00000319279	227	235178352
4446400	9606.ENSP00000378769	226	143018467
4444260	9606.ENSP00000362873	225	24378219
4451457	9606.ENSP00000480150	224	205633976
4441034	9606.ENSP00000340329	223	88676992
4450306	9606.ENSP00000450353	223	310673040
4434149	9606.ENSP00000251047	222	46440440
4434275	9606.ENSP00000253039	222	99249044
4435575	9606.ENSP00000265260	222	39564885
4436266	9606.ENSP00000277865	221	223694159
4449181	9606.ENSP00000421592	220	53769502
4443009	9606.ENSP00000356989	219	44505605
4436917	9606.ENSP00000291554	219	136389330
4451718	9606.ENSP00000482816	219	136389330
4447954	9606.ENSP00000396937	219	142100241
4451621	9606.ENSP00000481878	218	178483359
4443929	9606.ENSP00000361471	218	107659039
4449154	9606.ENSP00000421076	217	42735211
4441770	9606.ENSP00000347872	216	67597944
4449992	9606.ENSP00000441543	216	810943428
4435517	9606.ENSP00000264932	216	125895738
4435198	9606.ENSP00000263097	216	97994228
4451327	9606.ENSP00000478754	213	137889497
4443421	9606.ENSP00000358921	213	94230473
4451118	9606.ENSP00000475027	213	153842709
4434769	9606.ENSP00000260324	212	140187345
4435985	9606.ENSP00000271628	212	47863063
4433293	9606.ENSP00000224073	212	24533239
4438891	9606.ENSP00000313877	212	41264609
4432965	9606.ENSP00000216479	211	50346229
4443204	9606.ENSP00000357838	211	80836076
4451754	9606.ENSP00000483254	210	140998111
4434937	9606.ENSP00000261733	210	433678684
4434476	9606.ENSP00000256383	208	89285481
4451429	9606.ENSP00000479861	208	93256559
4436875	9606.ENSP00000290573	208	257299015
4447836	9606.ENSP00000394107	208	139031624
4434273	9606.ENSP00000253024	207	118024984
4448498	9606.ENSP00000408910	206	74401061
4448822	9606.ENSP00000416255	205	585835916
4451336	9606.ENSP00000478877	205	33170610
4434307	9606.ENSP00000253413	203	46513374
4437770	9606.ENSP00000301522	203	93681238
4442404	9606.ENSP00000353826	203	120737103
4441538	9606.ENSP00000345656	203	57166003
4450293	9606.ENSP00000449770	201	56097229
4443155	9606.ENSP00000357693	199	29616624
4438445	9606.ENSP00000308753	198	52910196
4437662	9606.ENSP00000300291	197	38080798
4435640	9606.ENSP00000265729	196	59703904
4446348	9606.ENSP00000378394	196	157678400
4446162	9606.ENSP00000377192	196	178311349
4437537	9606.ENSP00000299138	195	201455435
4446203	9606.ENSP00000377494	195	96467511
4444219	9606.ENSP00000362688	194	99710727
4433989	9606.ENSP00000246554	194	35837189
4434704	9606.ENSP00000259457	194	57518600
4439894	9606.ENSP00000327054	193	153715938
4443067	9606.ENSP00000357218	193	49226391
4449262	9606.ENSP00000423674	193	54057447
4432978	9606.ENSP00000216714	193	48986990
4439300	9606.ENSP00000319664	191	96510779
4445536	9606.ENSP00000370745	191	191166280
4433337	9606.ENSP00000225792	190	219311738
4445840	9606.ENSP00000373918	189	111821490
4447727	9606.ENSP00000392094	189	330332346
4435360	9606.ENSP00000264028	187	129596081
4436218	9606.ENSP00000276390	186	150629767
4438513	9606.ENSP00000309539	185	246275677
4434216	9606.ENSP00000252244	185	334460900
4448625	9606.ENSP00000411825	184	170407939
4443358	9606.ENSP00000358635	183	137899779
4436619	9606.ENSP00000285093	183	105738157
4438569	9606.ENSP00000310219	182	672426755
4438184	9606.ENSP00000306003	181	16225307
4441502	9606.ENSP00000345230	181	235544969
4434347	9606.ENSP00000254193	180	26133569
4448102	9606.ENSP00000400057	180	53224330
4448198	9606.ENSP00000401802	180	88388154
4449699	9606.ENSP00000434142	180	35500105
4445244	9606.ENSP00000368959	180	25873008
4438114	9606.ENSP00000305260	180	183654849
4433244	9606.ENSP00000222673	179	138563786
4434851	9606.ENSP00000261303	179	90006716
4434137	9606.ENSP00000250559	178	85341096
4443616	9606.ENSP00000359804	178	130409247
4440443	9606.ENSP00000333298	178	81922423
4439125	9606.ENSP00000317379	177	102417517
4433964	9606.ENSP00000246069	176	47091729
4444602	9606.ENSP00000364813	174	12663357
4450152	9606.ENSP00000445306	174	215426658
4434738	9606.ENSP00000259951	173	43591708
4451051	9606.ENSP00000472998	173	57240365
4432634	9606.ENSP00000054666	172	28189615
4437009	9606.ENSP00000293362	172	55840249
4441766	9606.ENSP00000347836	172	18544168
4436894	9606.ENSP00000290949	172	40163212
4433130	9606.ENSP00000220764	172	56298722
4433913	9606.ENSP00000244763	172	49551706
4438660	9606.ENSP00000311165	171	25255793
4450581	9606.ENSP00000457723	171	26983389
4432912	9606.ENSP00000216117	170	60568345
4432796	9606.ENSP00000203407	170	93093898
4441577	9606.ENSP00000346012	169	35170535
4451364	9606.ENSP00000479153	168	73190755
4443024	9606.ENSP00000357055	167	16371514
4436920	9606.ENSP00000291568	167	26527045
4447763	9606.ENSP00000392709	166	72836862
4450029	9606.ENSP00000442318	165	221386996
4444439	9606.ENSP00000363827	165	839338656
4447684	9606.ENSP00000391211	165	88611200
4451534	9606.ENSP00000480853	164	28830330
4441383	9606.ENSP00000343966	164	68875118
4438111	9606.ENSP00000305230	164	18709254
4449872	9606.ENSP00000438507	163	197144426
4439219	9606.ENSP00000318687	163	162776371
4435103	9606.ENSP00000262547	162	97317090
4437915	9606.ENSP00000302936	161	55574398
4437104	9606.ENSP00000295006	160	84224307
4436872	9606.ENSP00000290541	160	44232707
4449713	9606.ENSP00000434516	159	74699102
4441742	9606.ENSP00000347665	159	138292638
4448088	9606.ENSP00000399805	159	70263698
4444240	9606.ENSP00000362773	158	12431179
4433455	9606.ENSP00000229268	157	110118063
4443965	9606.ENSP00000361636	157	299459824
4444816	9606.ENSP00000366246	156	124852552
4438985	9606.ENSP00000315299	156	313367551
4451553	9606.ENSP00000481029	156	85370592
4450626	9606.ENSP00000460070	155	89443430
4443371	9606.ENSP00000358723	155	79864085
4435386	9606.ENSP00000264161	154	124076551
4435600	9606.ENSP00000265395	152	50332012
4441869	9606.ENSP00000348886	152	66232299
4433576	9606.ENSP00000233078	152	33310596
4434010	9606.ENSP00000247020	151	11802164
4445779	9606.ENSP00000373312	151	21644130
4433007	9606.ENSP00000217244	151	73051967
4446882	9606.ENSP00000381992	151	40675156
4449781	9606.ENSP00000436455	151	89873782
4447058	9606.ENSP00000383949	150	27093093
4449694	9606.ENSP00000433999	149	76185490
4442375	9606.ENSP00000353590	149	472486212
4441613	9606.ENSP00000346340	149	33061973
4451540	9606.ENSP00000480946	149	68180916
4435105	9606.ENSP00000262554	148	33074718
4443264	9606.ENSP00000358140	148	131338879
4436628	9606.ENSP00000285379	148	39738961
4436676	9606.ENSP00000286428	148	27879673
4446042	9606.ENSP00000376345	148	23980501
4440101	9606.ENSP00000329419	147	149982376
4443021	9606.ENSP00000357048	145	122109376
4439732	9606.ENSP00000325002	145	194443157
4446030	9606.ENSP00000376297	145	29397540
4449870	9606.ENSP00000438483	144	45308639
4446805	9606.ENSP00000381386	144	26744329
4445710	9606.ENSP00000372112	143	17201752
4450384	9606.ENSP00000452123	142	92568915
4433017	9606.ENSP00000217402	142	37784190
4448989	9606.ENSP00000418770	141	41031891
4433561	9606.ENSP00000232564	141	143752024
4448554	9606.ENSP00000410452	141	21228058
4443517	9606.ENSP00000359393	141	20240297
4434046	9606.ENSP00000248098	139	32861104
4432840	9606.ENSP00000210444	139	32965565
4442762	9606.ENSP00000355890	138	220537649
4439231	9606.ENSP00000318861	138	98892535
4433025	9606.ENSP00000217456	138	58030012
4441659	9606.ENSP00000346827	137	175725953
4433142	9606.ENSP00000221130	137	55963360
4432544	9606.ENSP00000000233	136	162595848
4444880	9606.ENSP00000366604	135	51350791
4438596	9606.ENSP00000310491	135	58847246
4444404	9606.ENSP00000363638	134	14599366
4434036	9606.ENSP00000247970	134	16388064
4434818	9606.ENSP00000261023	133	134066203
4433322	9606.ENSP00000225573	132	28029980
4433613	9606.ENSP00000234038	132	67507540
4448385	9606.ENSP00000405965	131	7935966
4433425	9606.ENSP00000228740	131	114396250
4432545	9606.ENSP00000000412	131	28274386
4445276	9606.ENSP00000369134	131	60235492
4449196	9606.ENSP00000421922	130	41356545
4449254	9606.ENSP00000423563	130	47207085
4435463	9606.ENSP00000264639	130	70504897
4451676	9606.ENSP00000482445	130	30242400
4447620	9606.ENSP00000389631	129	242592236
4433191	9606.ENSP00000221957	129	42510090
4439221	9606.ENSP00000318697	128	489573813
4450645	9606.ENSP00000461324	128	144136446
4436226	9606.ENSP00000276461	128	77395597
4445970	9606.ENSP00000375836	127	143760349
4450276	9606.ENSP00000449089	127	75894163
4450146	9606.ENSP00000445077	127	66517669
4441954	9606.ENSP00000349658	127	108397052
4442961	9606.ENSP00000356790	126	28966006
4444263	9606.ENSP00000362900	126	105957563
4438499	9606.ENSP00000309431	126	545475635
4448034	9606.ENSP00000398610	126	65952697
4434239	9606.ENSP00000252599	125	99231040
4435370	9606.ENSP00000264059	124	82814977
4434928	9606.ENSP00000261700	124	30124530
4450037	9606.ENSP00000442453	124	105351874
4443872	9606.ENSP00000361140	123	38776072
4444402	9606.ENSP00000363624	123	16214992
4441732	9606.ENSP00000347581	123	35425300
4439460	9606.ENSP00000321606	123	237865455
4434434	9606.ENSP00000255448	123	106768889
4435510	9606.ENSP00000264893	123	69109356
4451455	9606.ENSP00000480132	122	107361732
4450242	9606.ENSP00000447942	122	15500846
4441792	9606.ENSP00000348056	121	15355978
4450205	9606.ENSP00000446743	120	103531807
4433955	9606.ENSP00000245932	120	46385009
4444968	9606.ENSP00000367154	120	17741759
4434903	9606.ENSP00000261574	119	114132101
4442319	9606.ENSP00000353094	118	26205590
4436070	9606.ENSP00000273308	118	60808134
4435106	9606.ENSP00000262570	117	30346728
4432979	9606.ENSP00000216727	117	25092346
4447567	9606.ENSP00000388806	115	52467928
4451277	9606.ENSP00000478249	114	14450673
4433268	9606.ENSP00000223127	114	108304000
4448320	9606.ENSP00000404375	114	54559857
4434284	9606.ENSP00000253108	114	36376834
4437933	9606.ENSP00000303147	113	40164482
4438992	9606.ENSP00000315386	113	52680996
4434113	9606.ENSP00000249923	112	97623437
4439939	9606.ENSP00000327589	112	166284935
4445270	9606.ENSP00000369081	111	105351874
4440475	9606.ENSP00000333667	111	104502686
4440219	9606.ENSP00000330945	110	42690616
4440727	9606.ENSP00000336741	110	103596227
4432834	9606.ENSP00000209875	109	26379053
4437273	9606.ENSP00000296412	109	24037199
4449587	9606.ENSP00000431391	109	62057148
4441426	9606.ENSP00000344456	109	112951209
4442867	9606.ENSP00000356354	108	21197097
4435795	9606.ENSP00000267973	108	14546145
4436661	9606.ENSP00000286175	107	17274477
4435086	9606.ENSP00000262455	107	18685158
4443140	9606.ENSP00000357633	107	40459412
4449097	9606.ENSP00000420195	106	12937737
4435143	9606.ENSP00000262812	106	22593580
4440222	9606.ENSP00000331019	105	18643361
4443123	9606.ENSP00000357555	105	18643361
4432657	9606.ENSP00000081029	104	15628006
4450471	9606.ENSP00000454699	104	27730361
4437206	9606.ENSP00000295897	104	84504079
4433542	9606.ENSP00000231572	104	86555723
4438620	9606.ENSP00000310670	104	57377290
4451093	9606.ENSP00000474096	103	101035730
4448400	9606.ENSP00000406162	103	49686231
4448024	9606.ENSP00000398495	103	37543673
4432876	9606.ENSP00000215793	103	55587539
4432761	9606.ENSP00000196371	103	27175592
4438024	9606.ENSP00000304139	103	117698525
4438163	9606.ENSP00000305790	102	118155993
4447819	9606.ENSP00000393845	102	217932818
4443347	9606.ENSP00000358554	102	13518398
4440659	9606.ENSP00000335304	102	48557279
4435331	9606.ENSP00000263881	102	352956161
4442803	9606.ENSP00000356056	101	11303351
4432575	9606.ENSP00000007699	101	105640895
4438801	9606.ENSP00000312625	100	52258765
4447852	9606.ENSP00000394485	100	43220774
4439306	9606.ENSP00000319739	99.8	24107121
4450206	9606.ENSP00000446828	99.8	45501972
4451766	9606.ENSP00000483375	99.6	34088995
4433635	9606.ENSP00000234677	98.9	58870485
4449978	9606.ENSP00000441158	98.4	427901316
4435989	9606.ENSP00000271651	98.1	130209192
4432880	9606.ENSP00000215832	97.6	32196002
4435530	9606.ENSP00000264993	97.0	6729101
4433904	9606.ENSP00000244573	96.7	68677747
4436287	9606.ENSP00000278412	96.1	49537343
4432901	9606.ENSP00000216038	96.0	46061420
4444420	9606.ENSP00000363714	95.9	54531943
4434301	9606.ENSP00000253363	95.6	53028790
4445273	9606.ENSP00000369127	95.4	24173046
4447540	9606.ENSP00000388169	95.2	47821932
4441032	9606.ENSP00000340305	95.2	63143736
4435714	9606.ENSP00000266594	94.7	60717902
4452095	9606.ENSP00000485638	94.7	217932818
4450711	9606.ENSP00000463419	94.7	217932818
4449908	9606.ENSP00000439444	94.7	217932818
4449601	9606.ENSP00000431800	94.4	32888253
4440717	9606.ENSP00000336687	94.4	17534948
4434932	9606.ENSP00000261714	94.0	52879176
4446795	9606.ENSP00000381293	94.0	89278591
4433173	9606.ENSP00000221566	94.0	36649475
4445088	9606.ENSP00000367888	93.6	86550229
4451964	9606.ENSP00000485206	93.2	217932818
4450691	9606.ENSP00000463057	93.2	217932818
4450748	9606.ENSP00000464619	93.2	217932818
4451616	9606.ENSP00000481842	93.2	15879914
4437748	9606.ENSP00000301329	92.9	33429722
4433632	9606.ENSP00000234454	92.2	19984676
4449593	9606.ENSP00000431482	91.4	31392527
4439104	9606.ENSP00000317159	90.3	23180069
4441806	9606.ENSP00000348163	89.3	89483028
4434119	9606.ENSP00000250101	89.3	18524232
4442019	9606.ENSP00000350199	88.2	93987876
4447686	9606.ENSP00000391249	88.0	84908938
4445262	9606.ENSP00000369038	87.9	25781245
4432997	9606.ENSP00000217121	87.8	27655692
4440774	9606.ENSP00000337261	87.1	105068569
4440789	9606.ENSP00000337443	87.0	29636051
4435552	9606.ENSP00000265077	86.9	239520237
4438505	9606.ENSP00000309477	86.7	43185976
4435837	9606.ENSP00000268668	86.4	16678585
4435549	9606.ENSP00000265071	86.1	48372677
4441904	9606.ENSP00000349259	85.7	259082189
4438496	9606.ENSP00000309415	85.1	14172132
4432973	9606.ENSP00000216554	85.0	39146516
4435036	9606.ENSP00000262225	84.8	10228181
4450810	9606.ENSP00000466379	84.4	24607548
4438833	9606.ENSP00000312999	83.9	60123505
4433898	9606.ENSP00000244520	83.6	11970515
4451077	9606.ENSP00000473553	83.5	52518003
4442795	9606.ENSP00000356015	83.3	14628068
4432954	9606.ENSP00000216392	83.0	91917223
4444044	9606.ENSP00000361949	82.8	130438582
4447266	9606.ENSP00000385746	81.6	19427354
4433135	9606.ENSP00000220849	81.3	47665930
4439527	9606.ENSP00000322450	81.1	24011432
4443856	9606.ENSP00000361057	81.0	13847111
4446123	9606.ENSP00000376911	80.8	35047219
4446660	9606.ENSP00000380427	80.6	88161128
4436437	9606.ENSP00000281589	80.4	188056106
4444141	9606.ENSP00000362339	80.1	9713987
4449147	9606.ENSP00000420914	79.5	47941175
4447407	9606.ENSP00000386655	79.4	19389322
4445263	9606.ENSP00000369042	79.1	74055739
4447226	9606.ENSP00000385410	79.1	52460628
4439233	9606.ENSP00000318868	78.9	77617111
4434912	9606.ENSP00000261601	78.9	43857919
4441641	9606.ENSP00000346634	78.7	71923936
4444463	9606.ENSP00000363988	78.4	162941397
4435518	9606.ENSP00000264933	78.1	6124809
4447007	9606.ENSP00000383274	78.1	472774083
4439524	9606.ENSP00000322421	77.7	47530784
4434183	9606.ENSP00000251595	77.7	47530784
4433364	9606.ENSP00000226299	77.1	60626808
4435468	9606.ENSP00000264657	77.0	31621875
4434967	9606.ENSP00000261875	76.6	16416656
4441977	9606.ENSP00000349860	76.4	87404810
4433665	9606.ENSP00000236671	76.1	54388870
4441829	9606.ENSP00000348442	75.9	39214248
4434075	9606.ENSP00000248958	75.5	10471200
4445602	9606.ENSP00000371230	75.4	20069212
4449069	9606.ENSP00000419851	74.4	43866815
4449169	9606.ENSP00000421315	74.0	25255793
4446860	9606.ENSP00000381785	73.9	29112622
4436916	9606.ENSP00000291552	73.5	44174748
4451906	9606.ENSP00000485022	73.5	44174748
4451061	9606.ENSP00000473172	73.5	50635103
4440956	9606.ENSP00000339435	73.3	15863659
4446141	9606.ENSP00000377036	73.0	10023498
4439459	9606.ENSP00000321584	72.7	45165698
4433468	9606.ENSP00000229390	72.4	27941699
4446228	9606.ENSP00000377681	72.2	25137067
4451722	9606.ENSP00000482835	72.1	82146735
4438147	9606.ENSP00000305653	71.8	51228007
4447003	9606.ENSP00000383232	71.1	119510992
4448758	9606.ENSP00000414921	70.3	33633714
4439111	9606.ENSP00000317232	70.1	58355479
4434649	9606.ENSP00000258729	69.9	58266909
4447556	9606.ENSP00000388552	69.2	18666578
4443980	9606.ENSP00000361704	69.0	43860502
4439742	9606.ENSP00000325136	68.9	36634457
4438334	9606.ENSP00000307567	68.6	55428353
4441541	9606.ENSP00000345672	68.5	23902804
4446577	9606.ENSP00000379873	68.3	30206818
4439982	9606.ENSP00000328088	68.2	12457154
4434219	9606.ENSP00000252252	68.0	320172490
4445414	9606.ENSP00000369927	68.0	34940342
4445393	9606.ENSP00000369814	67.9	34940342
4441130	9606.ENSP00000341214	67.9	68677747
4441373	9606.ENSP00000343885	67.6	45557525
4438504	9606.ENSP00000309474	67.5	57752990
4441182	9606.ENSP00000341779	67.4	77811326
4446307	9606.ENSP00000378191	67.2	29688711
4442260	9606.ENSP00000352522	67.1	22835482
4438263	9606.ENSP00000306881	66.5	68225585
4448548	9606.ENSP00000410339	66.3	10023586
4448105	9606.ENSP00000400101	66.3	20163311
4449100	9606.ENSP00000420213	65.7	538555134
4444906	9606.ENSP00000366819	65.6	15364331
4447260	9606.ENSP00000385721	65.2	119510992
4449770	9606.ENSP00000436049	64.9	19352804
4434248	9606.ENSP00000252711	64.7	14803912
4437923	9606.ENSP00000303057	64.6	43246091
4435471	9606.ENSP00000264663	64.3	44147494
4434218	9606.ENSP00000252250	63.9	313841378
4445298	9606.ENSP00000369317	63.9	313841378
4437795	9606.ENSP00000301764	63.6	64967255
4436099	9606.ENSP00000273920	63.1	9624897
4449433	9606.ENSP00000428209	62.9	41990133
4435055	9606.ENSP00000262306	62.4	14834949
4443720	9606.ENSP00000360365	62.2	9976607
4451201	9606.ENSP00000477352	62.2	3787634
4446939	9606.ENSP00000382595	61.7	28938380
4447297	9606.ENSP00000386023	61.6	6744015
4435658	9606.ENSP00000265881	61.4	12100315
4450878	9606.ENSP00000468367	61.3	72275980
4432913	9606.ENSP00000216121	60.9	11642842
4450145	9606.ENSP00000445052	60.8	130209192
4446137	9606.ENSP00000377015	60.3	28427246
4436858	9606.ENSP00000290354	60.2	41424320
4446198	9606.ENSP00000377470	59.7	28242032
4445390	9606.ENSP00000369786	59.6	20184365
4434091	9606.ENSP00000249330	59.5	35729349
4435270	9606.ENSP00000263556	59.4	28331594
4439023	9606.ENSP00000315774	59.1	19185504
4432576	9606.ENSP00000007722	59.0	64053087
4446531	9606.ENSP00000379616	59.0	309480933
4445533	9606.ENSP00000370737	58.9	38891312
4439911	9606.ENSP00000327268	58.8	21327010
4448802	9606.ENSP00000415840	58.1	39958824
4450134	9606.ENSP00000444850	57.2	48642785
4434453	9606.ENSP00000256001	57.2	91777748
4438312	9606.ENSP00000307288	56.9	40256345
4450743	9606.ENSP00000464383	56.7	20546219
4438921	9606.ENSP00000314214	56.7	20546219
4436990	9606.ENSP00000292807	56.5	17478915
4442432	9606.ENSP00000354125	56.4	37593702
4444899	9606.ENSP00000366746	56.2	11311152
4443312	9606.ENSP00000358417	56.0	24387817
4448980	9606.ENSP00000418695	56.0	30430622
4439772	9606.ENSP00000325548	56.0	22700258
4439946	9606.ENSP00000327694	55.8	52098993
4444158	9606.ENSP00000362409	55.7	23776834
4435120	9606.ENSP00000262646	55.6	21688157
4450728	9606.ENSP00000464050	55.3	29416712
4450881	9606.ENSP00000468500	55.2	355274250
4439736	9606.ENSP00000325074	55.0	36448661
4442857	9606.ENSP00000356275	54.6	7206420
4438741	9606.ENSP00000311997	54.4	346858843
4442654	9606.ENSP00000355330	54.3	33638826
4451220	9606.ENSP00000477590	54.1	37067346
4446070	9606.ENSP00000376506	54.1	18421917
4437797	9606.ENSP00000301785	53.4	31696853
4446487	9606.ENSP00000379339	53.4	3484864
4443408	9606.ENSP00000358865	53.1	346858843
4451641	9606.ENSP00000482169	52.9	346858843
4443801	9606.ENSP00000360782	52.8	16019689
4437000	9606.ENSP00000293217	52.5	18325233
4450835	9606.ENSP00000467024	52.3	48765276
4442017	9606.ENSP00000350170	52.3	101659930
4444598	9606.ENSP00000364794	52.0	53852852
4432946	9606.ENSP00000216297	51.9	52554830
4443318	9606.ENSP00000358460	51.7	208375153
4449742	9606.ENSP00000435365	51.5	35745386
4438856	9606.ENSP00000313391	51.1	25682658
4451141	9606.ENSP00000475750	51.0	11473923
4444465	9606.ENSP00000363999	51.0	7403269
4449078	9606.ENSP00000420008	50.5	44284269
4447473	9606.ENSP00000387123	50.3	26591165
4433978	9606.ENSP00000246194	50.2	26276600
4444588	9606.ENSP00000364721	50.1	9449656
4443486	9606.ENSP00000359258	48.9	11239613
4433993	9606.ENSP00000246662	48.9	17052162
4449076	9606.ENSP00000419970	48.7	24871551
4436759	9606.ENSP00000288071	48.2	27730361
4435165	9606.ENSP00000262932	48.1	7007656
4445432	9606.ENSP00000370023	48.0	44641142
4437675	9606.ENSP00000300574	47.8	25399272
4444723	9606.ENSP00000365576	47.8	32236488
4435258	9606.ENSP00000263401	47.7	10506239
4444056	9606.ENSP00000362010	47.4	17201708
4448965	9606.ENSP00000418447	46.7	38117848
4433144	9606.ENSP00000221138	46.7	38117848
4442612	9606.ENSP00000355124	46.7	84486214
4445555	9606.ENSP00000370889	46.5	316884498
4445619	9606.ENSP00000371341	46.5	21768400
4433453	9606.ENSP00000229264	46.1	77161674
4438283	9606.ENSP00000307078	46.0	58495945
4443381	9606.ENSP00000358765	44.8	11612868
4433263	9606.ENSP00000223029	44.7	17456531
4441395	9606.ENSP00000344166	44.4	63143736
4432854	9606.ENSP00000215071	43.7	19910684
4446149	9606.ENSP00000377060	43.6	12475984
4444122	9606.ENSP00000362271	43.5	9033924
4439687	9606.ENSP00000324422	43.3	19942435
4432999	9606.ENSP00000217133	43.2	272723192
4443254	9606.ENSP00000358081	43.0	32673730
4447523	9606.ENSP00000387710	42.9	44997088
4449031	9606.ENSP00000419325	42.8	35275598
4441498	9606.ENSP00000345195	42.8	32236488
4446336	9606.ENSP00000378328	42.6	38151642
4443236	9606.ENSP00000357980	42.3	6835994
4435722	9606.ENSP00000266679	42.3	15594590
4434657	9606.ENSP00000258796	42.0	14803158
4439835	9606.ENSP00000326261	42.0	27604167
4432986	9606.ENSP00000216832	42.0	19867757
4433181	9606.ENSP00000221801	41.7	15228145
4435492	9606.ENSP00000264758	41.5	22375564
4436563	9606.ENSP00000284061	41.5	21195449
4446993	9606.ENSP00000383168	41.3	67610174
4450804	9606.ENSP00000466214	41.0	7595479
4445469	9606.ENSP00000370258	41.0	69511694
4435243	9606.ENSP00000263354	41.0	23184123
4440376	9606.ENSP00000332604	40.9	69511694
4450216	9606.ENSP00000447000	40.7	57450086
4450127	9606.ENSP00000444688	40.4	109262197
4435744	9606.ENSP00000267113	40.4	37405910
4447922	9606.ENSP00000396308	40.0	8803016
4450710	9606.ENSP00000463393	39.5	17428209
4438721	9606.ENSP00000311713	38.8	29191243
4435427	9606.ENSP00000264389	38.8	20931465
4439765	9606.ENSP00000325448	38.5	25455964
4433145	9606.ENSP00000221166	38.4	346858843
4448703	9606.ENSP00000413697	38.4	19585664
4448584	9606.ENSP00000410964	38.3	37700481
4432760	9606.ENSP00000196061	38.3	35217251
4446975	9606.ENSP00000382972	38.0	46593723
4448654	9606.ENSP00000412566	38.0	46593723
4435167	9606.ENSP00000262942	37.9	208375153
4435544	9606.ENSP00000265056	37.7	30908547
4436489	9606.ENSP00000282397	37.5	33463488
4432991	9606.ENSP00000216962	37.0	68121733
4436303	9606.ENSP00000278715	36.9	8322412
4434415	9606.ENSP00000255136	36.8	106572478
4439904	9606.ENSP00000327191	36.7	44676501
4434465	9606.ENSP00000256196	36.5	11020942
4434173	9606.ENSP00000251413	36.3	9045357
4440960	9606.ENSP00000339479	36.3	24149554
4448014	9606.ENSP00000398131	36.1	42458146
4438651	9606.ENSP00000311032	36.0	13040699
4436995	9606.ENSP00000292879	36.0	27202673
4439593	9606.ENSP00000323288	36.0	11678977
4442384	9606.ENSP00000353701	36.0	14135656
4444194	9606.ENSP00000362576	35.8	18694003
4450228	9606.ENSP00000447300	35.8	7511806
4441877	9606.ENSP00000348965	35.8	160170569
4436800	9606.ENSP00000289228	35.7	46789727
4445482	9606.ENSP00000370377	35.4	38555553
4436053	9606.ENSP00000273047	35.4	51475767
4442356	9606.ENSP00000353444	35.4	51475767
4432546	9606.ENSP00000001008	35.4	22040030
4433590	9606.ENSP00000233557	35.1	13620159
4437006	9606.ENSP00000293328	35.0	316884498
4451546	9606.ENSP00000480987	34.9	30535795
4437308	9606.ENSP00000296577	34.8	18511995
4450086	9606.ENSP00000443495	34.5	157126804
4446656	9606.ENSP00000380402	34.1	8806652
4441128	9606.ENSP00000341208	34.0	316884498
4434788	9606.ENSP00000260563	33.9	15625262
4440872	9606.ENSP00000338481	33.7	38987802
4441510	9606.ENSP00000345341	33.7	13064189
4442743	9606.ENSP00000355759	33.2	18409460
4447288	9606.ENSP00000385923	33.1	24773582
4444694	9606.ENSP00000365402	32.9	19357451
4433568	9606.ENSP00000232905	32.8	1676825
4449865	9606.ENSP00000438399	32.8	10835778
4434513	9606.ENSP00000256854	32.6	29317720
4440118	9606.ENSP00000329662	32.5	5991272
4436007	9606.ENSP00000272217	32.4	8322123
4441726	9606.ENSP00000347495	32.4	14012454
4440812	9606.ENSP00000337697	32.3	35713814
4434491	9606.ENSP00000256496	32.3	8322123
4434207	9606.ENSP00000252071	32.1	32358641
4432744	9606.ENSP00000185206	32.1	208375153
4437169	9606.ENSP00000295633	32.0	21976728
4438679	9606.ENSP00000311344	31.7	36726728
4445887	9606.ENSP00000374455	31.7	12608258
4433259	9606.ENSP00000222982	31.6	19742866
4447170	9606.ENSP00000384863	31.6	33558095
4442392	9606.ENSP00000353741	31.2	18418467
4447440	9606.ENSP00000386894	31.2	8754460
4442885	9606.ENSP00000356416	31.1	16867672
4435007	9606.ENSP00000262105	31.0	25887236
4440741	9606.ENSP00000336831	31.0	50372729
4444206	9606.ENSP00000362621	30.8	40865341
4444205	9606.ENSP00000362618	30.8	40865341
4439185	9606.ENSP00000318176	30.2	6556214
4433260	9606.ENSP00000222990	29.9	11922706
4446273	9606.ENSP00000377954	29.8	28950778
4436421	9606.ENSP00000281243	29.5	7102831
4449450	9606.ENSP00000428426	29.4	10756272
4443545	9606.ENSP00000359506	29.4	91116581
4441998	9606.ENSP00000350012	29.0	31887078
4440986	9606.ENSP00000339787	29.0	31887078
4434945	9606.ENSP00000261772	28.6	27832403
4442896	9606.ENSP00000356448	28.6	37544710
4450019	9606.ENSP00000442050	28.4	8465739
4433656	9606.ENSP00000235835	28.4	9560861
4446867	9606.ENSP00000381844	28.1	9103374
4433629	9606.ENSP00000234396	28.1	47440537
4444644	9606.ENSP00000365042	27.8	11331195
4448391	9606.ENSP00000406027	27.2	9678540
4451578	9606.ENSP00000481314	27.1	18522114
4437987	9606.ENSP00000303754	27.0	13646571
4437170	9606.ENSP00000295640	26.8	11249980
4444540	9606.ENSP00000364490	26.5	11158029
4448216	9606.ENSP00000402103	26.5	84452761
4443248	9606.ENSP00000358059	26.4	8748869
4444656	9606.ENSP00000365131	26.2	21554433
4435480	9606.ENSP00000264705	26.2	37556157
4451316	9606.ENSP00000478610	26.0	11331195
4447610	9606.ENSP00000389445	25.7	11405446
4451079	9606.ENSP00000473631	25.7	5620896
4448824	9606.ENSP00000416293	25.5	5912371
4434215	9606.ENSP00000252242	25.5	187387371
4434603	9606.ENSP00000258145	25.5	14699521
4436252	9606.ENSP00000277165	25.3	24903402
4437945	9606.ENSP00000303222	25.3	3968385
4445389	9606.ENSP00000369784	25.3	209340889
4438296	9606.ENSP00000307188	24.8	15281859
4434121	9606.ENSP00000250113	24.8	91116581
4441698	9606.ENSP00000347198	24.8	37476396
4448892	9606.ENSP00000417378	24.8	2728769
4434264	9606.ENSP00000252951	24.6	35000992
4442780	9606.ENSP00000355955	24.6	7214612
4451678	9606.ENSP00000482472	24.4	16265996
4450173	9606.ENSP00000445806	24.4	14155017
4441487	9606.ENSP00000345083	24.3	75283133
4446394	9606.ENSP00000378725	24.3	35790954
4448339	9606.ENSP00000404854	24.2	5326690
4448227	9606.ENSP00000402346	24.0	64209402
4443936	9606.ENSP00000361512	23.5	18496445
4446011	9606.ENSP00000376167	23.4	9195162
4436807	9606.ENSP00000289371	23.3	16258159
4441680	9606.ENSP00000347005	23.1	25799133
4433228	9606.ENSP00000222399	23.0	27490852
4448871	9606.ENSP00000417175	22.9	13057863
4446491	9606.ENSP00000379364	22.5	10564670
4435580	9606.ENSP00000265310	22.5	89613778
4446052	9606.ENSP00000376410	22.2	14679692
4450406	9606.ENSP00000452786	22.1	21310347
4442474	9606.ENSP00000354490	22.1	67060887
4448992	9606.ENSP00000418823	22.0	10929923
4443086	9606.ENSP00000357320	21.9	6901120
4442292	9606.ENSP00000352834	21.9	19305058
4436856	9606.ENSP00000290341	21.9	35813466
4447590	9606.ENSP00000389168	21.9	21171293
4437057	9606.ENSP00000294119	21.8	4848036
4444949	9606.ENSP00000367038	21.8	23604128
4448037	9606.ENSP00000398632	21.4	20273873
4450954	9606.ENSP00000470298	21.4	152547005
4449519	9606.ENSP00000429824	21.3	11365285
4433578	9606.ENSP00000233121	21.3	6000226
4441156	9606.ENSP00000341524	21.2	34225652
4435511	9606.ENSP00000264896	21.1	16565963
4433486	9606.ENSP00000229922	21.1	40067149
4446493	9606.ENSP00000379366	21.0	10564670
4435125	9606.ENSP00000262710	20.9	26776025
4438799	9606.ENSP00000312618	20.9	7880687
4441590	9606.ENSP00000346120	20.8	10749156
4437139	9606.ENSP00000295266	20.5	13630890
4446740	9606.ENSP00000380982	20.4	5495247
4449179	9606.ENSP00000421566	20.3	13850211
4444082	9606.ENSP00000362110	20.3	10102482
4440514	9606.ENSP00000334008	20.2	7015928
4439113	9606.ENSP00000317257	20.2	4109800
4438640	9606.ENSP00000310861	20.2	131686148
4435672	9606.ENSP00000265986	20.1	18890191
4443078	9606.ENSP00000357292	20.0	20656840
4445107	9606.ENSP00000367991	20.0	34225652
4442854	9606.ENSP00000356263	19.9	4644300
4449936	9606.ENSP00000440222	19.9	25799133
4436581	9606.ENSP00000284320	19.8	12220895
4434978	9606.ENSP00000261893	19.8	8409688
4434689	9606.ENSP00000259253	19.6	24075061
4434635	9606.ENSP00000258455	19.4	9718120
4450629	9606.ENSP00000460348	19.3	32111682
4448143	9606.ENSP00000400882	19.3	17122399
4435212	9606.ENSP00000263202	18.9	6026347
4441289	9606.ENSP00000342858	18.9	9604804
4433793	9606.ENSP00000241052	18.8	16051739
4440097	9606.ENSP00000329374	18.7	29912354
4444426	9606.ENSP00000363763	18.6	14205845
4441355	9606.ENSP00000343657	18.2	5748828
4441522	9606.ENSP00000345445	18.2	11877550
4435836	9606.ENSP00000268661	18.2	22951194
4441134	9606.ENSP00000341247	18.0	28791401
4433575	9606.ENSP00000233057	17.8	9097796
4444604	9606.ENSP00000364815	17.8	20255827
4446439	9606.ENSP00000379042	17.8	10863056
4441447	9606.ENSP00000344666	17.8	86665018
4451279	9606.ENSP00000478255	17.8	21066603
4448806	9606.ENSP00000415968	17.7	26643961
4443473	9606.ENSP00000359211	17.7	14424625
4447517	9606.ENSP00000387654	17.5	9508295
4448877	9606.ENSP00000417196	17.4	44284269
4440555	9606.ENSP00000334373	17.4	4905741
4434322	9606.ENSP00000253778	17.4	30071336
4435313	9606.ENSP00000263774	17.3	15236492
4438322	9606.ENSP00000307443	17.3	27089941
4438086	9606.ENSP00000304903	17.2	5605857
4441800	9606.ENSP00000348108	17.2	23576046
4442955	9606.ENSP00000356746	17.2	59617241
4441276	9606.ENSP00000342710	17.2	112859588
4450849	9606.ENSP00000467423	16.9	17688281
4451853	9606.ENSP00000484472	16.8	197417234
4450488	9606.ENSP00000455047	16.7	12871090
4447410	9606.ENSP00000386665	16.7	7349356
4445016	9606.ENSP00000367407	16.5	21869475
4442543	9606.ENSP00000354791	16.5	13138309
4443641	9606.ENSP00000359990	16.4	6883032
4441051	9606.ENSP00000340510	16.4	46539077
4435411	9606.ENSP00000264279	16.0	6400223
4440905	9606.ENSP00000338844	15.7	29257027
4438865	9606.ENSP00000313490	15.6	12124595
4443900	9606.ENSP00000361287	15.6	11884832
4437548	9606.ENSP00000299198	15.5	6296701
4441332	9606.ENSP00000343405	15.5	9381862
4444951	9606.ENSP00000367050	15.5	18200376
4437683	9606.ENSP00000300648	15.4	57136032
4437042	9606.ENSP00000293872	15.4	15230950
4446213	9606.ENSP00000377558	15.4	27977700
4449201	9606.ENSP00000422007	15.2	82345682
4438380	9606.ENSP00000308012	14.6	29335603
4444144	9606.ENSP00000362352	14.5	17083315
4437383	9606.ENSP00000297268	14.5	8961563
4435845	9606.ENSP00000268717	14.4	7379836
4433966	9606.ENSP00000246071	14.4	8856930
4440824	9606.ENSP00000337838	14.4	12929601
4436416	9606.ENSP00000281156	14.4	23576046
4438909	9606.ENSP00000314067	14.3	26676271
4440663	9606.ENSP00000335321	14.2	22416273
4440265	9606.ENSP00000331487	14.2	6995563
4442191	9606.ENSP00000351811	14.1	16354830
4446067	9606.ENSP00000376472	14.0	9888057
4435371	9606.ENSP00000264065	13.9	5913423
4437092	9606.ENSP00000294742	13.8	10040668
4449525	9606.ENSP00000429931	13.8	9503002
4450396	9606.ENSP00000452479	13.8	11253478
4432692	9606.ENSP00000164139	13.7	48427197
4437483	9606.ENSP00000298316	13.6	38902638
4434410	9606.ENSP00000255084	13.6	90139056
4446721	9606.ENSP00000380869	13.4	9396261
4442199	9606.ENSP00000351926	13.3	24045879
4448623	9606.ENSP00000411821	13.2	90139056
4447843	9606.ENSP00000394316	13.2	7962159
4432778	9606.ENSP00000200181	13.2	24799488
4445409	9606.ENSP00000369897	13.1	8533969
4442732	9606.ENSP00000355689	13.0	2677332
4449298	9606.ENSP00000424595	13.0	8284799
4451088	9606.ENSP00000473990	13.0	90139056
4442408	9606.ENSP00000353864	12.5	26676271
4434065	9606.ENSP00000248633	12.4	33823498
4448896	9606.ENSP00000417451	12.4	58644318
4441519	9606.ENSP00000345412	12.1	5928657
4439898	9606.ENSP00000327116	12.0	13601715
4442056	9606.ENSP00000350512	12.0	5253386
4447463	9606.ENSP00000387050	12.0	6452688
4443663	9606.ENSP00000360124	12.0	6490996
4451268	9606.ENSP00000478059	11.9	9770480
4441554	9606.ENSP00000345774	11.8	90139056
4451720	9606.ENSP00000482826	11.7	11454991
4444922	9606.ENSP00000366927	11.7	90139056
4433986	9606.ENSP00000246548	11.5	12425820
4446393	9606.ENSP00000378721	11.3	16233427
4440970	9606.ENSP00000339613	11.1	4775128
4441623	9606.ENSP00000346453	10.6	8757666
4440721	9606.ENSP00000336712	10.4	15923216
4440053	9606.ENSP00000328848	10.3	4261415
4438000	9606.ENSP00000303909	10.3	5621079
4437792	9606.ENSP00000301740	10.3	20388958
4434608	9606.ENSP00000258198	10.2	3943055
4446822	9606.ENSP00000381504	10.2	10211646
4444314	9606.ENSP00000363162	10.1	1645373
4434106	9606.ENSP00000249750	10.0	90139056
4441302	9606.ENSP00000343027	10.0	31400422
4443410	9606.ENSP00000358867	10.0	31400422
4436435	9606.ENSP00000281537	9.93	13580508
4448315	9606.ENSP00000404247	9.8	38902638
4440797	9606.ENSP00000337478	9.8	38902638
4436083	9606.ENSP00000273550	9.71	3018399
4436025	9606.ENSP00000272418	9.67	5037959
4436058	9606.ENSP00000273075	9.66	4246458
4439101	9606.ENSP00000317123	9.49	18002689
4443258	9606.ENSP00000358099	9.41	2101623
4444527	9606.ENSP00000364398	9.22	10455189
4444320	9606.ENSP00000363216	9.2	26085800
4448123	9606.ENSP00000400459	9.17	9766354
4444848	9606.ENSP00000366396	9.16	10022589
4434088	9606.ENSP00000249269	9.15	2192876
4435113	9606.ENSP00000262623	9.13	39405895
4445365	9606.ENSP00000369654	9.07	9843489
4440511	9606.ENSP00000333994	9.04	9843489
4435035	9606.ENSP00000262219	9.03	12162394
4435910	9606.ENSP00000269848	8.89	30693007
4433482	9606.ENSP00000229795	8.76	1859285
4451465	9606.ENSP00000480291	8.72	2589571
4445678	9606.ENSP00000371798	8.65	6868235
4440342	9606.ENSP00000332256	8.55	90139056
4449756	9606.ENSP00000435585	8.49	4271059
4443277	9606.ENSP00000358211	8.46	5363727
4441551	9606.ENSP00000345771	8.4	30693007
4433377	9606.ENSP00000226760	8.13	5837874
4446176	9606.ENSP00000377298	8.06	11836449
4435816	9606.ENSP00000268206	7.97	4828703
4438226	9606.ENSP00000306490	7.95	10040668
4445839	9606.ENSP00000373905	7.93	16007653
4436967	9606.ENSP00000292432	7.47	28206001
4445585	9606.ENSP00000371110	7.44	23986695
4436295	9606.ENSP00000278568	7.43	17100864
4438858	9606.ENSP00000313420	7.41	30142490
4441992	9606.ENSP00000349961	7.34	3357243
4441344	9606.ENSP00000343535	7.31	7467254
4441325	9606.ENSP00000343290	7.26	10569971
4438152	9606.ENSP00000305692	7.24	3043175
4434492	9606.ENSP00000256497	6.98	25818923
4441043	9606.ENSP00000340454	6.85	4901407
4444208	9606.ENSP00000362638	6.8	895635
4436609	9606.ENSP00000284984	6.57	6988687
4440087	9606.ENSP00000329243	6.49	90386050
4440831	9606.ENSP00000337915	6.24	10159367
4450254	9606.ENSP00000448220	6.23	90386050
4436060	9606.ENSP00000273130	6.23	2707497
4447182	9606.ENSP00000384949	6.01	7455070
4441260	9606.ENSP00000342502	5.93	7385050
4447190	9606.ENSP00000384999	5.84	2482478
4443398	9606.ENSP00000358815	5.76	23986695
4435866	9606.ENSP00000269143	5.72	14362966
4436129	9606.ENSP00000274364	5.67	45441281
4440021	9606.ENSP00000328405	5.65	3158501
4446005	9606.ENSP00000376132	5.63	4638054
4445114	9606.ENSP00000368062	5.41	4141743
4442463	9606.ENSP00000354451	5.29	45441281
4450701	9606.ENSP00000463233	5.24	11696857
4451504	9606.ENSP00000480571	5.22	10159367
4437306	9606.ENSP00000296564	5.2	75283133
4434442	9606.ENSP00000255674	5.1	21357629
4448060	9606.ENSP00000399168	4.96	6153069
4452102	9606.ENSP00000485663	4.92	2137318
4435094	9606.ENSP00000262494	4.87	9628226
4439350	9606.ENSP00000320291	4.86	4815690
4434233	9606.ENSP00000252542	4.72	9231822
4442948	9606.ENSP00000356705	4.64	6890349
4445450	9606.ENSP00000370129	4.61	9428093
4445467	9606.ENSP00000370254	4.55	9428093
4445118	9606.ENSP00000368100	4.27	4050593
4438606	9606.ENSP00000310573	4.19	16698738
4450126	9606.ENSP00000444645	4.18	8104607
4434711	9606.ENSP00000259569	4.13	11697517
4440578	9606.ENSP00000334563	4.02	48336425
4448897	9606.ENSP00000417464	4.01	2558374
4440594	9606.ENSP00000334798	4.0	16698738
4438279	9606.ENSP00000307014	4.0	81970643
4450447	9606.ENSP00000454071	3.96	3319792
4433558	9606.ENSP00000232461	3.96	21772196
4448717	9606.ENSP00000414068	3.93	7385050
4440520	9606.ENSP00000334051	3.88	21772196
4445112	9606.ENSP00000368030	3.85	4141743
4443026	9606.ENSP00000357060	3.83	16761318
4440006	9606.ENSP00000328287	3.8	17377775
4443700	9606.ENSP00000360268	3.8	3947275
4438303	9606.ENSP00000307240	3.77	81970643
4434167	9606.ENSP00000251337	3.77	21772196
4435746	9606.ENSP00000267119	3.75	81970643
4438206	9606.ENSP00000306261	3.75	81970643
4442243	9606.ENSP00000352400	3.74	3908004
4446799	9606.ENSP00000381339	3.68	21772196
4440016	9606.ENSP00000328358	3.67	81970643
4434217	9606.ENSP00000252245	3.65	81970643
4448163	9606.ENSP00000401264	3.59	5198672
4437332	9606.ENSP00000296755	3.58	7114437
4436237	9606.ENSP00000276651	3.57	10815795
4441528	9606.ENSP00000345492	3.56	12449942
4447588	9606.ENSP00000389140	3.55	18810343
4446143	9606.ENSP00000377040	3.49	2464991
4437028	9606.ENSP00000293745	3.47	81970643
4445353	9606.ENSP00000369586	3.43	5442013
4444057	9606.ENSP00000362014	3.37	9117304
4442983	9606.ENSP00000356903	3.25	2373997
4437782	9606.ENSP00000301656	3.25	16698738
4439919	9606.ENSP00000327431	3.23	5442013
4445357	9606.ENSP00000369609	3.23	5442013
4448814	9606.ENSP00000416097	3.22	4157863
4435153	9606.ENSP00000262878	3.2	2203089
4447130	9606.ENSP00000384537	3.2	4987015
4446262	9606.ENSP00000377862	3.14	8079604
4438115	9606.ENSP00000305263	3.12	16698738
4432792	9606.ENSP00000202677	3.11	40510855
4446806	9606.ENSP00000381412	3.08	12812084
4435251	9606.ENSP00000263379	3.03	13202277
4432701	9606.ENSP00000167586	2.93	16698738
4448692	9606.ENSP00000413479	2.92	81970643
4434589	9606.ENSP00000257951	2.92	81970643
4440982	9606.ENSP00000339740	2.89	12812084
4440157	9606.ENSP00000330101	2.85	81970643
4439419	9606.ENSP00000321221	2.8	12449942
4437781	9606.ENSP00000301653	2.79	16698738
4444147	9606.ENSP00000362361	2.79	25391421
4450431	9606.ENSP00000453508	2.76	18568704
4449067	9606.ENSP00000419782	2.75	25391421
4439254	9606.ENSP00000319060	2.75	12812084
4446205	9606.ENSP00000377508	2.72	8987026
4434582	9606.ENSP00000257904	2.69	25391421
4435637	9606.ENSP00000265723	2.65	10306329
4435249	9606.ENSP00000263373	2.64	18593966
4435642	9606.ENSP00000265734	2.63	25391421
4436885	9606.ENSP00000290776	2.62	16711795
4448560	9606.ENSP00000410561	2.61	25391421
4448103	9606.ENSP00000400088	2.61	25391421
4446389	9606.ENSP00000378699	2.56	25391421
4435732	9606.ENSP00000266970	2.5	25391421
4445784	9606.ENSP00000373343	2.34	16711795
4446324	9606.ENSP00000378292	2.31	8415407
4443667	9606.ENSP00000360141	2.29	21772196
4447796	9606.ENSP00000393379	2.29	8204793
4440125	9606.ENSP00000329748	2.23	16711795
4448499	9606.ENSP00000408979	2.17	8204793
4448415	9606.ENSP00000406472	2.07	25391421
4433912	9606.ENSP00000244751	2.05	16711795
4448443	9606.ENSP00000407182	2.0	6171615
4451337	9606.ENSP00000478878	1.89	16711795
4437242	9606.ENSP00000296137	1.88	11737546
4433055	9606.ENSP00000218548	1.85	12810006
4445313	9606.ENSP00000369390	1.84	25391421
4435847	9606.ENSP00000268720	1.83	16711795
4449929	9606.ENSP00000440077	1.82	16711795
4449260	9606.ENSP00000423665	1.77	25391421
4434838	9606.ENSP00000261211	1.71	25391421
4436201	9606.ENSP00000276052	1.57	25391421
4436690	9606.ENSP00000286713	1.51	741578
4434692	9606.ENSP00000259335	1.5	3654711
4450840	9606.ENSP00000467141	1.23	42643549
4449224	9606.ENSP00000422607	1.21	8073814
4451554	9606.ENSP00000481038	1.07	3113384
4448096	9606.ENSP00000399970	0.998	1516195
4441946	9606.ENSP00000349588	0.967	14362966
4448052	9606.ENSP00000398880	0.906	25391421
4446269	9606.ENSP00000377936	0.894	1516195
4432736	9606.ENSP00000181839	0.764	25391421
4441839	9606.ENSP00000348510	0.677	13202277
4451238	9606.ENSP00000477776	0.539	1187890
4451283	9606.ENSP00000478290	0.529	1187890
4436820	9606.ENSP00000289672	0.327	8073814
4437656	9606.ENSP00000300231	0.295	1875030
4450622	9606.ENSP00000459615	0.264	1187890
4438177	9606.ENSP00000305941	0.242	787853
