#id: 1394854118
#name: Homo sapiens - Serum, SC (Peptideatlas,jul,2021)
#score: 14.6
#description: abundance based on Spectral counting, Interaction consistency score: 14.6, Coverage: 4
#organ: SERUM
#integrated: false
#coverage: 4
#link: http://www.peptideatlas.org/
#publication_year: 2021
#filename: 9606-human_serum_PA_2021-7.txt
#
#internal_id	string_external_id	abundance	raw_spectral_count
4437206	9606.ENSP00000295897	60594	3303102
4443752	9606.ENSP00000360522	39329	820448
4433668	9606.ENSP00000236850	32833	806938
4443001	9606.ENSP00000356969	30984	391251
4441496	9606.ENSP00000345179	24067	486464
4450772	9606.ENSP00000465356	22256	95757
4433396	9606.ENSP00000227667	22245	263888
4434700	9606.ENSP00000259396	21459	365763
4448813	9606.ENSP00000416066	21444	888538
4435671	9606.ENSP00000265983	21252	999188
4444265	9606.ENSP00000362924	20299	1156065
4442941	9606.ENSP00000356671	19922	823418
4435459	9606.ENSP00000264613	19280	2026663
4433675	9606.ENSP00000237014	19104	346150
4436962	9606.ENSP00000292401	18349	518319
4447823	9606.ENSP00000393887	17509	479456
4438190	9606.ENSP00000306099	17423	819455
4441808	9606.ENSP00000348170	16988	620460
4442050	9606.ENSP00000350425	16480	596671
4447279	9606.ENSP00000385834	11862	789534
4449184	9606.ENSP00000421725	11118	547381
4434228	9606.ENSP00000252490	11108	231220
4450821	9606.ENSP00000466775	11108	231220
4449581	9606.ENSP00000431254	10546	282923
4433951	9606.ENSP00000245907	10132	1679040
4447873	9606.ENSP00000394936	9637	190198
4434227	9606.ENSP00000252486	9626	310908
4439481	9606.ENSP00000321853	9501	360157
4434379	9606.ENSP00000254722	9230	317594
4438214	9606.ENSP00000306361	9123	765681
4440740	9606.ENSP00000336829	8974	516155
4432868	9606.ENSP00000215727	8864	371246
4445428	9606.ENSP00000370010	8853	2397
4437875	9606.ENSP00000302621	8636	292823
4432817	9606.ENSP00000205948	8343	287230
4442719	9606.ENSP00000355627	8148	343362
4434407	9606.ENSP00000255040	8054	205020
4435259	9606.ENSP00000263408	7906	432193
4439653	9606.ENSP00000323929	7759	1258314
4435199	9606.ENSP00000263100	7723	302527
4441570	9606.ENSP00000345968	7699	427697
4437240	9606.ENSP00000296130	7542	163130
4435563	9606.ENSP00000265132	7126	310591
4442881	9606.ENSP00000356399	7070	830014
4435537	9606.ENSP00000265023	6863	436788
4434216	9606.ENSP00000252244	6730	323549
4440097	9606.ENSP00000329374	5742	219607
4435679	9606.ENSP00000266041	5700	496197
4448835	9606.ENSP00000416561	5529	736059
4438461	9606.ENSP00000308938	5468	434402
4435725	9606.ENSP00000266718	5326	200086
4433993	9606.ENSP00000246662	5278	220164
4438421	9606.ENSP00000308541	5267	341352
4446103	9606.ENSP00000376793	5238	547359
4450315	9606.ENSP00000450540	5238	547359
4438974	9606.ENSP00000315130	5233	221152
4436285	9606.ENSP00000278407	4929	239821
4433552	9606.ENSP00000232003	4884	230763
4440511	9606.ENSP00000333994	4709	114469
4436068	9606.ENSP00000273283	4634	413805
4447178	9606.ENSP00000384906	4564	75990
4433224	9606.ENSP00000222381	4541	134780
4442800	9606.ENSP00000356037	4509	266214
4439494	9606.ENSP00000322061	4506	344690
4436277	9606.ENSP00000278222	4472	153656
4442116	9606.ENSP00000351190	4325	342549
4448574	9606.ENSP00000410815	4319	954731
4441288	9606.ENSP00000342850	4118	215485
4433357	9606.ENSP00000226218	3955	227672
4434183	9606.ENSP00000251595	3948	107522
4439524	9606.ENSP00000322421	3948	107522
4435966	9606.ENSP00000270879	3644	127979
4447940	9606.ENSP00000396688	3610	980160
4448805	9606.ENSP00000415941	3592	979788
4448841	9606.ENSP00000416683	3495	205449
4439282	9606.ENSP00000319464	3426	206362
4452063	9606.ENSP00000485552	3289	190228
4435898	9606.ENSP00000269576	3280	174719
4437564	9606.ENSP00000299367	3268	327328
4445798	9606.ENSP00000373477	3258	62598
4450004	9606.ENSP00000441828	3191	242715
4444651	9606.ENSP00000365081	2910	68304
4438900	9606.ENSP00000313967	2865	60661
4434385	9606.ENSP00000254801	2757	31206
4450325	9606.ENSP00000450838	2753	138234
4433289	9606.ENSP00000223642	2673	409081
4433367	9606.ENSP00000226355	2673	134088
4433584	9606.ENSP00000233242	2496	1181216
4441661	9606.ENSP00000346839	2484	474898
4443530	9606.ENSP00000359446	2454	98817
4440269	9606.ENSP00000331544	2410	149396
4439145	9606.ENSP00000317674	2394	78520
4446295	9606.ENSP00000378130	2349	131634
4438033	9606.ENSP00000304236	2309	78510
4443057	9606.ENSP00000357156	2254	60476
4444587	9606.ENSP00000364709	2247	100563
4447198	9606.ENSP00000385035	2221	131117
4449553	9606.ENSP00000430656	2193	59096
4437223	9606.ENSP00000296028	2140	32301
4438923	9606.ENSP00000314299	2123	110911
4435707	9606.ENSP00000266542	2064	92612
4449877	9606.ENSP00000438615	2016	140144
4432734	9606.ENSP00000181383	1905	85854
4433043	9606.ENSP00000218099	1881	70937
4445394	9606.ENSP00000369816	1813	80107
4435164	9606.ENSP00000262919	1719	237098
4449187	9606.ENSP00000421801	1683	92661
4440329	9606.ENSP00000332139	1597	36005
4438640	9606.ENSP00000310861	1596	128775
4434012	9606.ENSP00000247153	1561	61887
4443166	9606.ENSP00000357727	1527	18269
4450869	9606.ENSP00000468236	1526	11364
4435424	9606.ENSP00000264381	1489	79568
4434311	9606.ENSP00000253496	1481	76164
4443247	9606.ENSP00000358045	1442	89694
4450405	9606.ENSP00000452780	1435	18219
4445365	9606.ENSP00000369654	1411	57757
4443704	9606.ENSP00000360281	1377	77588
4435261	9606.ENSP00000263413	1355	115807
4433660	9606.ENSP00000236147	1308	27168
4435539	9606.ENSP00000265029	1285	39098
4442465	9606.ENSP00000354458	1279	78348
4444428	9606.ENSP00000363773	1242	27732
4448725	9606.ENSP00000414287	1229	82991
4448796	9606.ENSP00000415769	1201	97545
4442876	9606.ENSP00000356385	1200	60068
4442879	9606.ENSP00000356391	1200	60068
4449771	9606.ENSP00000436126	1173	39382
4435139	9606.ENSP00000262776	1163	72593
4433614	9606.ENSP00000234071	1149	37465
4435478	9606.ENSP00000264690	1147	85943
4435353	9606.ENSP00000264005	1126	53072
4446246	9606.ENSP00000377783	1108	64316
4434405	9606.ENSP00000255030	1098	15496
4434989	9606.ENSP00000261994	1085	47054
4443785	9606.ENSP00000360687	1074	19321
4433295	9606.ENSP00000224181	1066	32962
4447185	9606.ENSP00000384957	1060	68509
4445494	9606.ENSP00000370473	962	31936
4450391	9606.ENSP00000452347	917	29371
4451325	9606.ENSP00000478725	910	24277
4444427	9606.ENSP00000363770	895	30155
4442875	9606.ENSP00000356382	874	67001
4436268	9606.ENSP00000277903	870	36566
4446789	9606.ENSP00000381250	816	27569
4449150	9606.ENSP00000420939	731	26286
4442956	9606.ENSP00000356771	702	124526
4451282	9606.ENSP00000478289	674	11532
4434858	9606.ENSP00000261336	671	158624
4448080	9606.ENSP00000399679	670	52163
4444244	9606.ENSP00000362778	637	30333
4447630	9606.ENSP00000389814	635	14938
4446810	9606.ENSP00000381448	604	12245
4447717	9606.ENSP00000391826	599	16204
4448152	9606.ENSP00000400995	583	31176
4440432	9606.ENSP00000333203	567	31444
4442880	9606.ENSP00000356395	554	23111
4442175	9606.ENSP00000351682	550	29191
4437770	9606.ENSP00000301522	535	10885
4433860	9606.ENSP00000243611	520	16743
4433488	9606.ENSP00000230036	520	46741
4451570	9606.ENSP00000481152	511	11509
4451094	9606.ENSP00000474135	498	17923
4438260	9606.ENSP00000306864	497	24880
4441991	9606.ENSP00000349960	450	61200
4434748	9606.ENSP00000260118	445	10760
4444298	9606.ENSP00000363079	445	13970
4437781	9606.ENSP00000301653	443	39152
4450595	9606.ENSP00000458162	414	59424
4433451	9606.ENSP00000229239	389	13437
4432701	9606.ENSP00000167586	378	36624
4436933	9606.ENSP00000291744	363	12324
4434493	9606.ENSP00000256509	362	38539
4434219	9606.ENSP00000252252	357	57671
4434847	9606.ENSP00000261267	351	5628
4442921	9606.ENSP00000356574	344	31791
4446100	9606.ENSP00000376776	337	25156
4446285	9606.ENSP00000378058	332	18061
4442255	9606.ENSP00000352458	330	12358
4441778	9606.ENSP00000347933	330	12358
4434215	9606.ENSP00000252242	325	37584
4433018	9606.ENSP00000217407	322	15977
4444589	9606.ENSP00000364731	322	13294
4433882	9606.ENSP00000244137	317	11693
4433264	9606.ENSP00000223061	309	14825
4437260	9606.ENSP00000296280	308	26870
4435501	9606.ENSP00000264832	301	16081
4448816	9606.ENSP00000416126	299	3124
4448429	9606.ENSP00000406773	294	3011
4445298	9606.ENSP00000369317	282	47470
4442984	9606.ENSP00000356905	279	14481
4435364	9606.ENSP00000264036	271	16258
4433793	9606.ENSP00000241052	270	13194
4437224	9606.ENSP00000296029	268	5476
4434218	9606.ENSP00000252250	257	46678
4448825	9606.ENSP00000416330	254	17863
4447583	9606.ENSP00000389026	251	4314
4443164	9606.ENSP00000357722	247	2847
4452030	9606.ENSP00000485444	245	9907
4441427	9606.ENSP00000344458	238	11634
4446831	9606.ENSP00000381581	237	15240
4436628	9606.ENSP00000285379	235	5446
4445651	9606.ENSP00000371554	226	4796
4436666	9606.ENSP00000286301	219	15731
4437883	9606.ENSP00000302665	210	1064
4448780	9606.ENSP00000415283	209	5905
4433603	9606.ENSP00000233809	205	6268
4433216	9606.ENSP00000222271	203	14808
4438439	9606.ENSP00000308720	197	10212
4447517	9606.ENSP00000387654	197	10349
4444080	9606.ENSP00000362108	197	3618
4439666	9606.ENSP00000324173	196	11350
4440098	9606.ENSP00000329380	195	12499
4433373	9606.ENSP00000226524	185	5476
4449041	9606.ENSP00000419425	185	3422
4434771	9606.ENSP00000260356	182	27164
4443033	9606.ENSP00000357076	180	5647
4433326	9606.ENSP00000225655	180	2975
4433520	9606.ENSP00000231061	179	3613
4434511	9606.ENSP00000256785	177	12926
4446755	9606.ENSP00000381057	173	2740
4444463	9606.ENSP00000363988	165	4479
4434871	9606.ENSP00000261405	165	45868
4451414	9606.ENSP00000479675	164	4095
4448037	9606.ENSP00000398632	161	15554
4447034	9606.ENSP00000383690	156	13336
4439432	9606.ENSP00000321334	155	46506
4448945	9606.ENSP00000418009	150	3415
4445357	9606.ENSP00000369609	148	11575
4441389	9606.ENSP00000344115	145	11990
4438182	9606.ENSP00000305988	144	7081
4442995	9606.ENSP00000356946	142	4113
4435927	9606.ENSP00000270142	142	795
4437173	9606.ENSP00000295666	138	3719
4449681	9606.ENSP00000433642	138	4364
4448749	9606.ENSP00000414856	136	8487
4435508	9606.ENSP00000264870	135	11261
4447538	9606.ENSP00000388107	131	3743
4446501	9606.ENSP00000379386	130	5961
4446386	9606.ENSP00000378669	130	6322
4437090	9606.ENSP00000294728	129	11741
4435962	9606.ENSP00000270792	127	680
4444869	9606.ENSP00000366525	124	1864
4451455	9606.ENSP00000480132	124	9507
4433582	9606.ENSP00000233156	124	1719
4435624	9606.ENSP00000265627	123	8207
4438413	9606.ENSP00000308452	121	18471
4439919	9606.ENSP00000327431	120	11049
4441276	9606.ENSP00000342710	114	23498
4449639	9606.ENSP00000432660	111	1882
4440092	9606.ENSP00000329312	111	6668
4433579	9606.ENSP00000233143	110	145
4440731	9606.ENSP00000336762	110	1368
4442723	9606.ENSP00000355645	109	37417
4447055	9606.ENSP00000383931	107	4979
4436861	9606.ENSP00000290378	104	37231
4432806	9606.ENSP00000204679	102	2541
4448463	9606.ENSP00000407685	102	7504
4433548	9606.ENSP00000231751	102	10015
4433052	9606.ENSP00000218388	98.0	2975
4443580	9606.ENSP00000359629	91.8	4937
4446463	9606.ENSP00000379191	88.9	1570
4445353	9606.ENSP00000369586	88.4	9797
4445371	9606.ENSP00000369689	86.8	1341
4447434	9606.ENSP00000386857	85.0	32240
4448229	9606.ENSP00000402373	84.9	32240
4442445	9606.ENSP00000354280	84.2	5742
4443587	9606.ENSP00000359664	83.5	3163
4437766	9606.ENSP00000301464	81.1	2516
4446480	9606.ENSP00000379287	79.6	2195
4433025	9606.ENSP00000217456	76.9	2697
4448868	9606.ENSP00000417138	76.5	4523
4435245	9606.ENSP00000263368	75.8	1930
4436015	9606.ENSP00000272317	75.7	3743
4442211	9606.ENSP00000352071	74.8	7881
4432703	9606.ENSP00000168148	73.3	2073
4433624	9606.ENSP00000234313	72.8	1483
4441216	9606.ENSP00000342026	70.7	1223
4433162	9606.ENSP00000221476	68.4	2059
4446577	9606.ENSP00000379873	62.1	3087
4435831	9606.ENSP00000268613	62.0	4731
4434217	9606.ENSP00000252245	61.4	17301
4437782	9606.ENSP00000301656	59.3	14070
4435441	9606.ENSP00000264474	55.4	362
4444796	9606.ENSP00000366109	55.3	1240
4433990	9606.ENSP00000246635	54.1	16445
4435901	9606.ENSP00000269593	52.0	1323
4438070	9606.ENSP00000304697	49.6	3743
4439274	9606.ENSP00000319281	47.4	706
4444160	9606.ENSP00000362413	46.8	1896
4440626	9606.ENSP00000335024	46.7	2445
4439337	9606.ENSP00000320171	46.3	2318
4435133	9606.ENSP00000262746	45.8	2245
4443118	9606.ENSP00000357516	44.4	1560
4433604	9606.ENSP00000233813	44.3	1495
4437626	9606.ENSP00000300060	44.1	5262
4448099	9606.ENSP00000400010	43.7	5655
4434533	9606.ENSP00000257192	43.4	3434
4436897	9606.ENSP00000291009	43.3	687
4441502	9606.ENSP00000345230	43.1	1560
4435594	9606.ENSP00000265371	42.5	4431
4450736	9606.ENSP00000464265	42.2	3411
4434854	9606.ENSP00000261313	40.3	324
4440016	9606.ENSP00000328358	40.1	16359
4433361	9606.ENSP00000226253	39.5	1562
4445267	9606.ENSP00000369071	38.8	3253
4438115	9606.ENSP00000305263	38.7	14836
4450218	9606.ENSP00000447006	37.4	3767
4434188	9606.ENSP00000251645	36.8	9643
4444406	9606.ENSP00000363641	36.7	496
4436162	9606.ENSP00000274793	35.4	1721
4433960	9606.ENSP00000246006	35.0	1440
4441870	9606.ENSP00000348888	33.5	1530
4433061	9606.ENSP00000219070	33.2	2161
4448951	9606.ENSP00000418112	32.8	5833
4434336	9606.ENSP00000254043	31.1	16308
4448843	9606.ENSP00000416706	31.1	12079
4433665	9606.ENSP00000236671	30.9	1542
4442387	9606.ENSP00000353731	30.3	2064
4443161	9606.ENSP00000357712	30.0	235
4448878	9606.ENSP00000417207	29.9	3171
4443935	9606.ENSP00000361502	29.7	2375
4438954	9606.ENSP00000314807	29.5	3403
4432969	9606.ENSP00000216492	28.6	926
4443191	9606.ENSP00000357791	28.4	4859
4438606	9606.ENSP00000310573	28.2	8818
4439395	9606.ENSP00000320866	27.7	699
4450150	9606.ENSP00000445175	27.3	2261
4433441	9606.ENSP00000228938	26.2	615
4435987	9606.ENSP00000271638	26.0	196
4434059	9606.ENSP00000248553	25.9	472
4446370	9606.ENSP00000378517	25.5	743
4443858	9606.ENSP00000361064	25.5	1639
4434458	9606.ENSP00000256103	24.9	262
4451849	9606.ENSP00000484411	24.3	3171
4443230	9606.ENSP00000357922	24.2	1196
4440865	9606.ENSP00000338345	24.1	301
4450285	9606.ENSP00000449404	24.1	8919
4433344	9606.ENSP00000225927	24.0	2037
4436920	9606.ENSP00000291568	23.2	197
4437942	9606.ENSP00000303208	22.9	1652
4438348	9606.ENSP00000307705	21.6	341
4434189	9606.ENSP00000251646	21.4	8850
4433634	9606.ENSP00000234590	21.4	2019
4445274	9606.ENSP00000369129	20.5	4633
4440919	9606.ENSP00000339063	20.5	963
4446205	9606.ENSP00000377508	20.5	2121
4450194	9606.ENSP00000446252	20.0	549
4434906	9606.ENSP00000261590	19.7	1722
4434708	9606.ENSP00000259486	19.5	2273
4443106	9606.ENSP00000357453	19.2	1515
4440981	9606.ENSP00000339730	19.1	3550
4442612	9606.ENSP00000355124	18.9	11727
4432924	9606.ENSP00000216181	18.7	3049
4437464	9606.ENSP00000298159	18.4	712
4447385	9606.ENSP00000386498	18.3	3171
4450254	9606.ENSP00000448220	18.3	5095
4446361	9606.ENSP00000378431	18.2	2368
4435534	9606.ENSP00000265016	18.1	705
4442006	9606.ENSP00000350052	18.1	19457
4449897	9606.ENSP00000439189	18.0	19457
4449992	9606.ENSP00000441543	16.3	3743
4432577	9606.ENSP00000007735	16.3	3145
4441580	9606.ENSP00000346032	16.3	565
4433456	9606.ENSP00000229270	16.1	626
4448692	9606.ENSP00000413479	15.9	7714
4443556	9606.ENSP00000359539	15.7	611
4439661	9606.ENSP00000324105	15.6	1467
4438437	9606.ENSP00000308716	15.4	425
4434944	9606.ENSP00000261769	15.4	768
4437278	9606.ENSP00000296435	15.2	180
4447693	9606.ENSP00000391481	14.9	743
4449954	9606.ENSP00000440594	14.8	1864
4438776	9606.ENSP00000312326	14.7	1774
4446979	9606.ENSP00000383003	14.2	142
4446215	9606.ENSP00000377570	14.1	2422
4432889	9606.ENSP00000215909	14.0	195
4441806	9606.ENSP00000348163	13.8	2009
4440741	9606.ENSP00000336831	13.8	1153
4440157	9606.ENSP00000330101	13.6	9155
4437548	9606.ENSP00000299198	13.6	771
4442096	9606.ENSP00000351022	13.5	813
4450181	9606.ENSP00000446007	13.1	533
4444694	9606.ENSP00000365402	13.1	615
4450064	9606.ENSP00000443017	12.8	859
4444948	9606.ENSP00000367034	12.8	859
4451586	9606.ENSP00000481486	12.8	859
4451886	9606.ENSP00000484789	12.8	859
4444931	9606.ENSP00000366956	12.8	859
4441692	9606.ENSP00000347168	12.8	859
4451392	9606.ENSP00000479461	12.8	859
4450676	9606.ENSP00000462667	12.8	859
4450668	9606.ENSP00000462355	12.8	859
4451358	9606.ENSP00000479106	12.8	859
4451423	9606.ENSP00000479794	12.8	859
4433901	9606.ENSP00000244537	12.8	859
4444934	9606.ENSP00000366974	12.8	859
4451542	9606.ENSP00000480960	12.8	859
4436571	9606.ENSP00000284240	12.7	252
4439035	9606.ENSP00000316029	12.7	2646
4442622	9606.ENSP00000355180	12.1	1490
4440959	9606.ENSP00000339477	12.1	734
4451804	9606.ENSP00000483732	12.1	734
4435848	9606.ENSP00000268766	12.0	3333
4435467	9606.ENSP00000264651	11.9	7793
4440966	9606.ENSP00000339566	11.8	285
4447764	9606.ENSP00000392718	11.7	13651
4441742	9606.ENSP00000347665	11.7	2029
4437619	9606.ENSP00000300026	11.2	167
4432580	9606.ENSP00000008938	11.1	368
4445033	9606.ENSP00000367542	11.0	807
4451031	9606.ENSP00000472469	10.8	43
4449816	9606.ENSP00000437402	10.8	1423
4438159	9606.ENSP00000305731	10.7	212
4433142	9606.ENSP00000221130	10.5	504
4444439	9606.ENSP00000363827	10.2	4182
4440292	9606.ENSP00000331736	10.2	2711
4435978	9606.ENSP00000271450	10.2	349
4434056	9606.ENSP00000248437	9.98	1879
4447479	9606.ENSP00000387176	9.95	10723
4436763	9606.ENSP00000288135	9.86	990
4439747	9606.ENSP00000325240	9.83	207
4442151	9606.ENSP00000351497	9.82	349
4443237	9606.ENSP00000357981	9.76	392
4443919	9606.ENSP00000361405	9.7	917
4446213	9606.ENSP00000377558	9.68	7314
4437161	9606.ENSP00000295550	9.67	3165
4441541	9606.ENSP00000345672	9.26	332
4438378	9606.ENSP00000307975	9.21	1399
4445090	9606.ENSP00000367891	9.09	259
4438868	9606.ENSP00000313571	9.09	259
4442633	9606.ENSP00000355228	9.08	15
4446116	9606.ENSP00000376886	9.04	286
4434590	9606.ENSP00000257974	8.9	1286
4441103	9606.ENSP00000340989	8.84	967
4435138	9606.ENSP00000262768	8.66	176
4440154	9606.ENSP00000330074	8.56	64
4438183	9606.ENSP00000305995	8.5	683
4434983	9606.ENSP00000261937	8.43	1072
4441873	9606.ENSP00000348924	8.28	949
4444932	9606.ENSP00000366962	8.28	949
4451751	9606.ENSP00000483237	8.28	949
4439472	9606.ENSP00000321744	8.28	949
4450164	9606.ENSP00000445633	8.28	949
4445306	9606.ENSP00000369349	8.26	1734
4444399	9606.ENSP00000363603	8.23	407
4451599	9606.ENSP00000481622	8.22	936
4441923	9606.ENSP00000349430	8.22	936
4443268	9606.ENSP00000358151	8.1	932
4435864	9606.ENSP00000269141	8.05	509
4451152	9606.ENSP00000476136	8.04	919
4449833	9606.ENSP00000437783	8.03	1338
4451252	9606.ENSP00000477907	8.02	931
4444884	9606.ENSP00000366618	8.02	931
4436804	9606.ENSP00000289316	8.02	931
4451366	9606.ENSP00000479169	8.02	931
4451817	9606.ENSP00000483903	8.02	931
4434459	9606.ENSP00000256104	8.01	262
4433342	9606.ENSP00000225899	7.96	7374
4443814	9606.ENSP00000360858	7.9	449
4435881	9606.ENSP00000269321	7.88	54
4446542	9606.ENSP00000379682	7.86	67
4451211	9606.ENSP00000477527	7.84	914
4451707	9606.ENSP00000482674	7.84	914
4450121	9606.ENSP00000444533	7.82	1784
4451378	9606.ENSP00000479284	7.79	909
4451558	9606.ENSP00000481056	7.78	3588
4435297	9606.ENSP00000263686	7.78	2968
4443840	9606.ENSP00000360997	7.73	1216
4450175	9606.ENSP00000445831	7.73	931
4433900	9606.ENSP00000244534	7.65	262
4441912	9606.ENSP00000349320	7.63	1016
4437386	9606.ENSP00000297283	7.56	461
4432873	9606.ENSP00000215754	7.38	149
4441138	9606.ENSP00000341289	7.28	1299
4435391	9606.ENSP00000264187	7.27	927
4449616	9606.ENSP00000432083	7.17	1217
4432549	9606.ENSP00000002165	7.17	360
4441726	9606.ENSP00000347495	7.05	250
4436392	9606.ENSP00000280706	6.94	1338
4443642	9606.ENSP00000359991	6.92	527
4437024	9606.ENSP00000293670	6.75	1720
4440594	9606.ENSP00000334798	6.69	3491
4437721	9606.ENSP00000301072	6.6	2110
4435415	9606.ENSP00000264335	6.58	971
4434162	9606.ENSP00000251268	6.54	1988
4445552	9606.ENSP00000370867	6.51	465
4450046	9606.ENSP00000442600	6.5	743
4437720	9606.ENSP00000301071	6.46	2110
4440737	9606.ENSP00000336799	6.46	2110
4440915	9606.ENSP00000339001	6.33	1095
4434581	9606.ENSP00000257901	6.33	1262
4439815	9606.ENSP00000326042	6.22	2061
4446977	9606.ENSP00000382982	6.22	2061
4433020	9606.ENSP00000217423	6.16	140
4439188	9606.ENSP00000318197	6.04	2061
4435277	9606.ENSP00000263598	5.92	30
4433047	9606.ENSP00000218230	5.75	173
4449876	9606.ENSP00000438553	5.63	810
4451686	9606.ENSP00000482538	5.63	810
4444893	9606.ENSP00000366679	5.63	810
4442214	9606.ENSP00000352119	5.63	810
4451672	9606.ENSP00000482431	5.63	810
4442159	9606.ENSP00000351589	5.63	810
4441116	9606.ENSP00000341094	5.63	810
4442276	9606.ENSP00000352627	5.63	810
4440028	9606.ENSP00000328484	5.63	810
4438569	9606.ENSP00000310219	5.62	557
4444942	9606.ENSP00000367022	5.58	783
4442727	9606.ENSP00000355656	5.58	783
4451813	9606.ENSP00000483842	5.58	783
4437955	9606.ENSP00000303373	5.58	783
4443770	9606.ENSP00000360609	5.56	699
4434187	9606.ENSP00000251643	5.49	3061
4437268	9606.ENSP00000296350	5.49	2484
4444702	9606.ENSP00000365439	5.49	164
4451365	9606.ENSP00000479168	5.46	67
4432702	9606.ENSP00000167588	5.41	1905
4447942	9606.ENSP00000396722	5.33	218
4448802	9606.ENSP00000415840	5.33	310
4438211	9606.ENSP00000306330	5.27	951
4435205	9606.ENSP00000263168	5.27	152
4434352	9606.ENSP00000254301	5.16	56
4450860	9606.ENSP00000468002	5.15	1828
4445150	9606.ENSP00000368314	5.02	773
4442312	9606.ENSP00000353025	5.01	169
4437383	9606.ENSP00000297268	4.91	803
4438877	9606.ENSP00000313699	4.9	2192
4446557	9606.ENSP00000379762	4.88	338
4436608	9606.ENSP00000284981	4.87	319
4446117	9606.ENSP00000376889	4.84	286
4451457	9606.ENSP00000480150	4.83	720
4438206	9606.ENSP00000306261	4.68	2480
4433320	9606.ENSP00000225550	4.65	5768
4440758	9606.ENSP00000337060	4.63	286
4436186	9606.ENSP00000275493	4.55	670
4442867	9606.ENSP00000356354	4.52	50
4433356	9606.ENSP00000226207	4.49	1476
4444040	9606.ENSP00000361930	4.48	951
4443867	9606.ENSP00000361097	4.44	595
4445846	9606.ENSP00000374013	4.34	103
4433346	9606.ENSP00000225964	4.31	865
4443270	9606.ENSP00000358155	4.26	712
4451142	9606.ENSP00000475814	4.26	712
4440336	9606.ENSP00000332194	4.26	712
4433003	9606.ENSP00000217182	4.22	488
4445799	9606.ENSP00000373487	4.15	5672
4441512	9606.ENSP00000345347	4.11	43
4440080	9606.ENSP00000329165	4.09	5791
4440399	9606.ENSP00000332790	4.04	685
4434622	9606.ENSP00000258390	3.98	3977
4449695	9606.ENSP00000434024	3.97	775
4444023	9606.ENSP00000361867	3.97	192
4437604	9606.ENSP00000299767	3.9	607
4440643	9606.ENSP00000335153	3.87	441
4441649	9606.ENSP00000346694	3.85	97
4442485	9606.ENSP00000354532	3.82	149
4433991	9606.ENSP00000246646	3.81	5778
4448554	9606.ENSP00000410452	3.8	27
4445789	9606.ENSP00000373370	3.74	725
4438391	9606.ENSP00000308208	3.7	114
4434134	9606.ENSP00000250495	3.69	29
4434076	9606.ENSP00000248975	3.62	859
4446310	9606.ENSP00000378199	3.6	923
4436296	9606.ENSP00000278572	3.59	79
4434534	9606.ENSP00000257198	3.49	373
4441190	9606.ENSP00000341826	3.45	139
4435372	9606.ENSP00000264071	3.38	900
4448639	9606.ENSP00000412189	3.37	245
4442741	9606.ENSP00000355751	3.35	1038
4445606	9606.ENSP00000371267	3.35	859
4449729	9606.ENSP00000435096	3.35	18
4449364	9606.ENSP00000426455	3.34	69
4443819	9606.ENSP00000360882	3.33	544
4439651	9606.ENSP00000323927	3.32	226
4436629	9606.ENSP00000285381	3.3	82
4448060	9606.ENSP00000399168	3.24	532
4444787	9606.ENSP00000366047	3.23	82
4438279	9606.ENSP00000307014	3.21	2452
4443076	9606.ENSP00000357283	3.19	176
4438049	9606.ENSP00000304408	3.15	556
4443165	9606.ENSP00000357726	3.12	15
4435104	9606.ENSP00000262551	3.08	116
4432842	9606.ENSP00000211076	3.07	475
4450627	9606.ENSP00000460236	3.02	142
4436553	9606.ENSP00000283752	3.0	150
4437358	9606.ENSP00000297012	2.99	644
4448385	9606.ENSP00000405965	2.97	64
4447201	9606.ENSP00000385080	2.97	114
4434006	9606.ENSP00000246957	2.96	209
4444601	9606.ENSP00000364805	2.93	872
4440446	9606.ENSP00000333326	2.87	1118
4434589	9606.ENSP00000257951	2.84	2903
4433490	9606.ENSP00000230050	2.83	30
4433187	9606.ENSP00000221891	2.77	234
4445814	9606.ENSP00000373620	2.74	132
4434727	9606.ENSP00000259818	2.74	977
4445375	9606.ENSP00000369703	2.74	977
4432748	9606.ENSP00000188790	2.69	138
4450406	9606.ENSP00000452786	2.69	132
4433934	9606.ENSP00000245503	2.68	1268
4445445	9606.ENSP00000370115	2.62	85
4444757	9606.ENSP00000365817	2.61	447
4442534	9606.ENSP00000354739	2.6	40
4433115	9606.ENSP00000220478	2.6	82
4444414	9606.ENSP00000363676	2.6	39
4450976	9606.ENSP00000470972	2.55	19
4435075	9606.ENSP00000262418	2.54	210
4446035	9606.ENSP00000376309	2.5	59
4448666	9606.ENSP00000412927	2.49	447
4441008	9606.ENSP00000339933	2.49	392
4436538	9606.ENSP00000283296	2.46	288
4441587	9606.ENSP00000346088	2.45	26
4449930	9606.ENSP00000440125	2.44	775
4444019	9606.ENSP00000361855	2.43	135
4448359	9606.ENSP00000405338	2.36	538
4432949	9606.ENSP00000216338	2.35	453
4442171	9606.ENSP00000351646	2.32	86
4436158	9606.ENSP00000274764	2.31	349
4443194	9606.ENSP00000357801	2.21	16
4439930	9606.ENSP00000327513	2.2	116
4450191	9606.ENSP00000446215	2.15	34
4440087	9606.ENSP00000329243	2.15	2248
4433313	9606.ENSP00000225430	2.15	9
4445248	9606.ENSP00000368970	2.14	13
4438303	9606.ENSP00000307240	2.12	2281
4442190	9606.ENSP00000351807	2.11	84
4446520	9606.ENSP00000379506	2.1	18
4439214	9606.ENSP00000318635	2.09	64
4440987	9606.ENSP00000339795	2.09	21
4441346	9606.ENSP00000343577	2.08	475
4448154	9606.ENSP00000401010	2.07	91
4435341	9606.ENSP00000263946	2.06	176
4446270	9606.ENSP00000377941	2.04	415
4450354	9606.ENSP00000451291	2.01	69
4441336	9606.ENSP00000343445	2.01	121
4436708	9606.ENSP00000287097	1.95	342
4442011	9606.ENSP00000350090	1.95	96
4446375	9606.ENSP00000378563	1.92	15
4451711	9606.ENSP00000482743	1.88	475
4448523	9606.ENSP00000409666	1.87	64
4434799	9606.ENSP00000260702	1.86	709
4439351	9606.ENSP00000320295	1.83	813
4447288	9606.ENSP00000385923	1.83	104
4442313	9606.ENSP00000353030	1.82	391
4438570	9606.ENSP00000310226	1.81	72
4446221	9606.ENSP00000377616	1.79	588
4448629	9606.ENSP00000411850	1.75	177
4447492	9606.ENSP00000387286	1.72	72
4435746	9606.ENSP00000267119	1.71	2281
4449701	9606.ENSP00000434279	1.67	305
4433305	9606.ENSP00000225275	1.64	88
4441130	9606.ENSP00000341214	1.63	96
4433904	9606.ENSP00000244573	1.61	97
4446457	9606.ENSP00000379157	1.57	56
4446675	9606.ENSP00000380514	1.57	60
4447414	9606.ENSP00000386717	1.54	8
4433223	9606.ENSP00000222374	1.51	52
4449502	9606.ENSP00000429374	1.51	14
4443862	9606.ENSP00000361083	1.46	5
4433064	9606.ENSP00000219150	1.45	57
4434247	9606.ENSP00000252699	1.4	332
4437359	9606.ENSP00000297029	1.4	174
4437293	9606.ENSP00000296503	1.38	20
4434429	9606.ENSP00000255381	1.32	675
4437028	9606.ENSP00000293745	1.31	2209
4451197	9606.ENSP00000477310	1.3	37
4446030	9606.ENSP00000376297	1.3	37
4446837	9606.ENSP00000381607	1.29	40
4437568	9606.ENSP00000299427	1.28	95
4438513	9606.ENSP00000309539	1.23	53
4450361	9606.ENSP00000451560	1.23	813
4443502	9606.ENSP00000359345	1.22	26
4444600	9606.ENSP00000364802	1.22	281
4444599	9606.ENSP00000364801	1.22	281
4434091	9606.ENSP00000249330	1.2	81
4449603	9606.ENSP00000431813	1.16	16
4450530	9606.ENSP00000456206	1.15	381
4440928	9606.ENSP00000339155	1.14	81
4435549	9606.ENSP00000265071	1.12	100
4443041	9606.ENSP00000357106	1.11	28
4444778	9606.ENSP00000365950	1.1	9
4441930	9606.ENSP00000349467	1.09	51
4436014	9606.ENSP00000272298	1.09	51
4436903	9606.ENSP00000291295	1.09	51
4433258	9606.ENSP00000222968	1.08	11
4441925	9606.ENSP00000349437	1.07	311
4434326	9606.ENSP00000253799	1.07	285
4437320	9606.ENSP00000296674	1.03	12
4439221	9606.ENSP00000318697	0.999	568
4443409	9606.ENSP00000358866	0.99	183
4440807	9606.ENSP00000337632	0.938	19
4433318	9606.ENSP00000225525	0.93	13
4448328	9606.ENSP00000404570	0.922	462
4441728	9606.ENSP00000347507	0.911	381
4447300	9606.ENSP00000386041	0.909	381
4447293	9606.ENSP00000385958	0.895	10
4444447	9606.ENSP00000363891	0.891	146
4440717	9606.ENSP00000336687	0.877	17
4432892	9606.ENSP00000215939	0.869	23
4450515	9606.ENSP00000455625	0.869	20
4442186	9606.ENSP00000351777	0.866	79
4447258	9606.ENSP00000385706	0.859	111
4443961	9606.ENSP00000361626	0.844	22
4433517	9606.ENSP00000231004	0.844	32
4449593	9606.ENSP00000431482	0.834	29
4449706	9606.ENSP00000434412	0.815	30
4443584	9606.ENSP00000359645	0.801	26
4438505	9606.ENSP00000309477	0.796	65
4448992	9606.ENSP00000418823	0.795	90
4440894	9606.ENSP00000338769	0.781	434
4438384	9606.ENSP00000308057	0.779	16
4437274	9606.ENSP00000296417	0.778	193
4438410	9606.ENSP00000308405	0.778	193
4438463	9606.ENSP00000308970	0.776	111
4450185	9606.ENSP00000446099	0.768	26
4434987	9606.ENSP00000261978	0.754	82
4437950	9606.ENSP00000303276	0.753	15
4450137	9606.ENSP00000444935	0.752	16
4445598	9606.ENSP00000371211	0.744	648
4441569	9606.ENSP00000345957	0.719	7
4447104	9606.ENSP00000384330	0.694	477
4445138	9606.ENSP00000368244	0.688	32
4441582	9606.ENSP00000346046	0.687	6
4450881	9606.ENSP00000468500	0.684	63
4451602	9606.ENSP00000481646	0.678	9
4441179	9606.ENSP00000341743	0.66	20
4442309	9606.ENSP00000353007	0.645	55
4443861	9606.ENSP00000361076	0.635	11
4445338	9606.ENSP00000369538	0.635	38
4441585	9606.ENSP00000346067	0.61	29
4449420	9606.ENSP00000427866	0.594	29
4448883	9606.ENSP00000417240	0.593	29
4438689	9606.ENSP00000311430	0.593	9
4450213	9606.ENSP00000446916	0.587	195
4432683	9606.ENSP00000161006	0.58	195
4448118	9606.ENSP00000400365	0.577	127
4438356	9606.ENSP00000307786	0.576	4
4447301	9606.ENSP00000386043	0.571	93
4444936	9606.ENSP00000366984	0.562	106
4443649	9606.ENSP00000360034	0.552	16
4445951	9606.ENSP00000375678	0.489	195
4438499	9606.ENSP00000309431	0.457	357
4448824	9606.ENSP00000416293	0.447	17
4436660	9606.ENSP00000286091	0.441	30
4443456	9606.ENSP00000359100	0.437	172
4443454	9606.ENSP00000359096	0.437	172
4440189	9606.ENSP00000330484	0.437	172
4446531	9606.ENSP00000379616	0.436	199
4441195	9606.ENSP00000341885	0.436	12
4451584	9606.ENSP00000481450	0.421	172
4442502	9606.ENSP00000354610	0.421	172
4446852	9606.ENSP00000381736	0.421	26
4442375	9606.ENSP00000353590	0.402	199
4437376	9606.ENSP00000297185	0.392	28
4441045	9606.ENSP00000340466	0.362	38
4443763	9606.ENSP00000360569	0.356	27
4432999	9606.ENSP00000217133	0.354	353
4432629	9606.ENSP00000052754	0.335	9
4433588	9606.ENSP00000233468	0.33	3
4432948	9606.ENSP00000216336	0.326	9
4447216	9606.ENSP00000385269	0.321	5
4450216	9606.ENSP00000447000	0.314	19
4451264	9606.ENSP00000478017	0.295	39
4452033	9606.ENSP00000485450	0.295	39
4451367	9606.ENSP00000479203	0.286	39
4451385	9606.ENSP00000479365	0.286	39
4436083	9606.ENSP00000273550	0.281	8
4436526	9606.ENSP00000283179	0.281	18
4436603	9606.ENSP00000284770	0.278	10
4443093	9606.ENSP00000357362	0.265	212
4441538	9606.ENSP00000345656	0.263	7
4451856	9606.ENSP00000484497	0.261	195
4446149	9606.ENSP00000377060	0.253	7
4447073	9606.ENSP00000384103	0.25	7
4451623	9606.ENSP00000481917	0.247	21
4445602	9606.ENSP00000371230	0.223	4
4435883	9606.ENSP00000269349	0.218	29
4445723	9606.ENSP00000372221	0.214	7
4432944	9606.ENSP00000216286	0.21	79
4437038	9606.ENSP00000293831	0.207	29
4439848	9606.ENSP00000326381	0.207	29
4438834	9606.ENSP00000313007	0.199	21
4448948	9606.ENSP00000418081	0.186	63
4436853	9606.ENSP00000290299	0.186	8
4438372	9606.ENSP00000307940	0.185	25
4437645	9606.ENSP00000300175	0.183	4
4436437	9606.ENSP00000281589	0.179	21
4450739	9606.ENSP00000464317	0.177	142
4450670	9606.ENSP00000462435	0.172	2
4438331	9606.ENSP00000307540	0.17	8
4433625	9606.ENSP00000234347	0.162	3
4443049	9606.ENSP00000357129	0.16	35
4435727	9606.ENSP00000266732	0.158	12
4441938	9606.ENSP00000349541	0.157	7
4449043	9606.ENSP00000419449	0.151	2
4450431	9606.ENSP00000453508	0.145	105
4447836	9606.ENSP00000394107	0.144	8
4447586	9606.ENSP00000389103	0.144	1
4449495	9606.ENSP00000429243	0.136	5
4449181	9606.ENSP00000421592	0.132	4
4437672	9606.ENSP00000300527	0.13	9
4435645	9606.ENSP00000265753	0.129	1
4435135	9606.ENSP00000262753	0.128	6
4448728	9606.ENSP00000414321	0.125	3
4448968	9606.ENSP00000418529	0.121	3
4434866	9606.ENSP00000261381	0.121	8
4434401	9606.ENSP00000254976	0.112	2
4439758	9606.ENSP00000325376	0.11	7
4451853	9606.ENSP00000484472	0.109	61
4435530	9606.ENSP00000264993	0.107	3
4433181	9606.ENSP00000221801	0.1	2
4436690	9606.ENSP00000286713	0.086	3
4435633	9606.ENSP00000265709	0.086	21
4446598	9606.ENSP00000380033	0.082	5
4448450	9606.ENSP00000407422	0.072	1
4435995	9606.ENSP00000271835	0.069	2
4450367	9606.ENSP00000451752	0.066	25
4451118	9606.ENSP00000475027	0.065	4
4451612	9606.ENSP00000481762	0.061	8
4433021	9606.ENSP00000217426	0.06	2
4438562	9606.ENSP00000310129	0.057	3
4433978	9606.ENSP00000246194	0.057	1
4444949	9606.ENSP00000367038	0.054	5
4440958	9606.ENSP00000339467	0.053	1
4443457	9606.ENSP00000359114	0.052	13
4435386	9606.ENSP00000264161	0.049	2
4449542	9606.ENSP00000430307	0.046	13
4436557	9606.ENSP00000283916	0.046	22
4446324	9606.ENSP00000378292	0.045	39
4446700	9606.ENSP00000380697	0.044	6
4448405	9606.ENSP00000406209	0.044	1
4434574	9606.ENSP00000257860	0.043	39
4450964	9606.ENSP00000470555	0.041	13
4449254	9606.ENSP00000423563	0.036	33
4435449	9606.ENSP00000264553	0.036	13
4433964	9606.ENSP00000246069	0.035	2
4438096	9606.ENSP00000305005	0.035	11
4441891	9606.ENSP00000349142	0.035	1
4451641	9606.ENSP00000482169	0.033	2
4438869	9606.ENSP00000313581	0.033	13
4449200	9606.ENSP00000421986	0.033	11
4443143	9606.ENSP00000357644	0.032	1
4446658	9606.ENSP00000380414	0.032	1
4447162	9606.ENSP00000384770	0.031	11
4447833	9606.ENSP00000394071	0.031	2
4435114	9606.ENSP00000262626	0.03	22
4440339	9606.ENSP00000332215	0.03	11
4445368	9606.ENSP00000369677	0.029	2
4447304	9606.ENSP00000386104	0.027	1
4434861	9606.ENSP00000261366	0.027	1
4438381	9606.ENSP00000308022	0.025	2
4436947	9606.ENSP00000292125	0.025	11
4444466	9606.ENSP00000364000	0.024	4
4445389	9606.ENSP00000369784	0.02	5
4444044	9606.ENSP00000361949	0.018	4
4438858	9606.ENSP00000313420	0.014	8
4437291	9606.ENSP00000296498	0.014	22
4443700	9606.ENSP00000360268	0.013	1
4437332	9606.ENSP00000296755	0.012	1
4440727	9606.ENSP00000336741	0.012	1
4434264	9606.ENSP00000252951	0.011	1
4445263	9606.ENSP00000369042	0.011	1
4438620	9606.ENSP00000310670	0.01	1
4450840	9606.ENSP00000467141	0.01	42
4444144	9606.ENSP00000362352	0.008	8
4439640	9606.ENSP00000323856	0.007	10
4439770	9606.ENSP00000325527	0.004	1
4448614	9606.ENSP00000411532	0.003	1
4447941	9606.ENSP00000396704	0.003	1
4449634	9606.ENSP00000432568	0.002	2
4441904	9606.ENSP00000349259	0.002	2
4451845	9606.ENSP00000484342	0.002	2
