#id: 1049965078
#name: Felis catus - Kidney, iBAQ (Genovaetal,scirep2021)
#score: 6.0
#description: abundance based on iBAQ, Interaction consistency score: 6.0, Coverage: 7
#organ: KIDNEY
#integrated: false
#coverage: 7
#link: http://www.ncbi.nlm.nih.gov/pubmed/33863921
#publication_year: 2021
#filename: 9685-PXD024140_cat_kidney.txt
#
#internal_id	string_external_id	abundance
4525406	9685.ENSFCAP00000020110	153236	177612200
4523009	9685.ENSFCAP00000017547	124686	140820747
4517881	9685.ENSFCAP00000009652	72710	87760673
4521406	9685.ENSFCAP00000015261	55564	89671398
4515567	9685.ENSFCAP00000006307	34376	219471223
4522617	9685.ENSFCAP00000017132	34037	223634109
4518814	9685.ENSFCAP00000011000	31043	185846013
4519333	9685.ENSFCAP00000011761	20662	20627253
4530068	9685.ENSFCAP00000025044	17487	404317
4514957	9685.ENSFCAP00000005411	16022	44421496
4511406	9685.ENSFCAP00000000269	9602	62432402
4529260	9685.ENSFCAP00000024192	9420	10012884
4513826	9685.ENSFCAP00000003739	8168	10230465
4514075	9685.ENSFCAP00000004098	7409	11695306
4521923	9685.ENSFCAP00000016400	7076	13092647
4512825	9685.ENSFCAP00000002283	6788	36994076
4524691	9685.ENSFCAP00000019338	5741	32044940
4521944	9685.ENSFCAP00000016423	5727	7732601
4512661	9685.ENSFCAP00000002052	5617	4777340
4528449	9685.ENSFCAP00000023347	5404	32044940
4511401	9685.ENSFCAP00000000264	5163	18632745
4521775	9685.ENSFCAP00000016102	4893	13502474
4523938	9685.ENSFCAP00000018531	4570	33406667
4515620	9685.ENSFCAP00000006382	4087	12385620
4521300	9685.ENSFCAP00000014547	4073	15372902
4520474	9685.ENSFCAP00000013377	3990	12149070
4518965	9685.ENSFCAP00000011225	3958	70227902
4520240	9685.ENSFCAP00000013045	3848	71919576
4515837	9685.ENSFCAP00000006664	3770	70245616
4517366	9685.ENSFCAP00000008897	3482	22464674
4516265	9685.ENSFCAP00000007281	3477	8153165
4511399	9685.ENSFCAP00000000262	3340	14843956
4511530	9685.ENSFCAP00000000438	3252	6789129
4520757	9685.ENSFCAP00000013789	3146	4632074
4519916	9685.ENSFCAP00000012576	3105	10679615
4529313	9685.ENSFCAP00000024247	2894	43724143
4529462	9685.ENSFCAP00000024407	2889	5123763
4517082	9685.ENSFCAP00000008491	2885	3193622
4529079	9685.ENSFCAP00000024005	2828	6085058
4516560	9685.ENSFCAP00000007714	2764	2133838
4525671	9685.ENSFCAP00000020397	2683	13462075
4513661	9685.ENSFCAP00000003509	2573	2763760
4519178	9685.ENSFCAP00000011540	2569	14611163
4521330	9685.ENSFCAP00000014584	2506	13926337
4517474	9685.ENSFCAP00000009037	2499	3871229
4513141	9685.ENSFCAP00000002734	2469	64022248
4516033	9685.ENSFCAP00000006964	2186	1600776
4512632	9685.ENSFCAP00000002004	2125	2019923
4521365	9685.ENSFCAP00000014641	2099	2721708
4511474	9685.ENSFCAP00000000360	2080	7442936
4516758	9685.ENSFCAP00000008019	2073	1450556
4512358	9685.ENSFCAP00000001625	1987	2121018
4525758	9685.ENSFCAP00000020490	1980	2015606
4519720	9685.ENSFCAP00000012290	1966	8138279
4528314	9685.ENSFCAP00000023203	1949	5191644
4518461	9685.ENSFCAP00000010512	1903	2005949
4512984	9685.ENSFCAP00000002517	1834	3064593
4527921	9685.ENSFCAP00000022785	1809	4074779
4529093	9685.ENSFCAP00000024019	1802	3261355
4530577	9685.ENSFCAP00000025582	1797	8503075
4524092	9685.ENSFCAP00000018695	1782	3871229
4514197	9685.ENSFCAP00000004278	1773	9518974
4512536	9685.ENSFCAP00000001867	1769	14887084
4520716	9685.ENSFCAP00000013741	1723	15151395
4522559	9685.ENSFCAP00000017067	1717	1580059
4525029	9685.ENSFCAP00000019700	1620	6765644
4513623	9685.ENSFCAP00000003454	1616	3521683
4519280	9685.ENSFCAP00000011685	1609	3320411
4530020	9685.ENSFCAP00000024994	1592	4946744
4516619	9685.ENSFCAP00000007800	1558	1090797
4511652	9685.ENSFCAP00000000606	1554	9222454
4518870	9685.ENSFCAP00000011080	1494	3498820
4514402	9685.ENSFCAP00000004566	1483	3573441
4523832	9685.ENSFCAP00000018418	1481	1587899
4520717	9685.ENSFCAP00000013742	1480	11526725
4530605	9685.ENSFCAP00000025612	1471	26358809
4520729	9685.ENSFCAP00000013755	1460	1168369
4518516	9685.ENSFCAP00000010588	1440	1471431
4518925	9685.ENSFCAP00000011162	1434	9091150
4513145	9685.ENSFCAP00000002741	1422	29389331
4525675	9685.ENSFCAP00000020401	1405	7090603
4524365	9685.ENSFCAP00000018987	1402	761234
4521278	9685.ENSFCAP00000014518	1385	981674
4519734	9685.ENSFCAP00000012308	1380	3314532
4514316	9685.ENSFCAP00000004444	1369	6747629
4519387	9685.ENSFCAP00000011834	1349	494543
4514036	9685.ENSFCAP00000004045	1333	5026027
4519357	9685.ENSFCAP00000011794	1327	36337636
4522590	9685.ENSFCAP00000017101	1299	7090603
4518801	9685.ENSFCAP00000010984	1293	614288
4529900	9685.ENSFCAP00000024869	1285	10477896
4522836	9685.ENSFCAP00000017363	1285	10477896
4528530	9685.ENSFCAP00000023430	1285	10477896
4523482	9685.ENSFCAP00000018055	1285	10477896
4529955	9685.ENSFCAP00000024926	1285	10477896
4525398	9685.ENSFCAP00000020102	1285	10477896
4522514	9685.ENSFCAP00000017021	1285	10477896
4527512	9685.ENSFCAP00000022352	1285	10477896
4526358	9685.ENSFCAP00000021135	1285	10477896
4522005	9685.ENSFCAP00000016486	1285	10477896
4526050	9685.ENSFCAP00000020806	1285	10477896
4528584	9685.ENSFCAP00000023485	1285	10477896
4530610	9685.ENSFCAP00000025617	1285	5427106
4513374	9685.ENSFCAP00000003077	1256	975693
4520699	9685.ENSFCAP00000013713	1239	11251460
4523026	9685.ENSFCAP00000017565	1216	1320961
4527052	9685.ENSFCAP00000021869	1213	3131674
4518932	9685.ENSFCAP00000011170	1206	1208412
4521086	9685.ENSFCAP00000014241	1182	26799199
4521021	9685.ENSFCAP00000014155	1179	1815745
4513721	9685.ENSFCAP00000003599	1168	3399856
4512480	9685.ENSFCAP00000001790	1139	11823363
4519480	9685.ENSFCAP00000011956	1139	3347081
4511408	9685.ENSFCAP00000000271	1132	11827960
4513838	9685.ENSFCAP00000003757	1072	1661891
4513182	9685.ENSFCAP00000002797	1062	2973823
4522047	9685.ENSFCAP00000016531	1057	3635384
4514446	9685.ENSFCAP00000004625	1057	3635384
4518370	9685.ENSFCAP00000010380	1056	1763512
4513381	9685.ENSFCAP00000003087	1053	1907376
4528385	9685.ENSFCAP00000023276	1032	1323810
4520230	9685.ENSFCAP00000013029	1022	846253
4518498	9685.ENSFCAP00000010563	1011	2764841
4529950	9685.ENSFCAP00000024921	989	4377546
4524822	9685.ENSFCAP00000019477	989	4377546
4517698	9685.ENSFCAP00000009373	977	6089298
4526506	9685.ENSFCAP00000021289	975	4763239
4518156	9685.ENSFCAP00000010056	965	3871229
4511509	9685.ENSFCAP00000000409	940	1218450
4515280	9685.ENSFCAP00000005873	925	655145
4523413	9685.ENSFCAP00000017984	907	7090603
4516691	9685.ENSFCAP00000007911	876	1904300
4527958	9685.ENSFCAP00000022822	870	579882
4514342	9685.ENSFCAP00000004482	864	3383005
4524891	9685.ENSFCAP00000019554	863	6101214
4525122	9685.ENSFCAP00000019804	863	6101214
4524632	9685.ENSFCAP00000019276	863	6101214
4517805	9685.ENSFCAP00000009536	863	6101214
4527561	9685.ENSFCAP00000022402	863	6101214
4528688	9685.ENSFCAP00000023593	863	6101214
4527587	9685.ENSFCAP00000022428	863	6101214
4511966	9685.ENSFCAP00000001075	863	6101214
4527866	9685.ENSFCAP00000022724	858	504713
4525144	9685.ENSFCAP00000019826	830	6269392
4530001	9685.ENSFCAP00000024974	827	3289901
4518464	9685.ENSFCAP00000010515	825	2081553
4519177	9685.ENSFCAP00000011538	823	8150129
4525021	9685.ENSFCAP00000019690	823	2543275
4516981	9685.ENSFCAP00000008342	803	3143450
4519467	9685.ENSFCAP00000011939	801	1567925
4519269	9685.ENSFCAP00000011672	789	2198096
4513799	9685.ENSFCAP00000003703	787	556680
4528930	9685.ENSFCAP00000023849	775	5407828
4519372	9685.ENSFCAP00000011817	773	3345508
4522894	9685.ENSFCAP00000017424	769	1041650
4524939	9685.ENSFCAP00000019605	760	2606484
4518286	9685.ENSFCAP00000010245	756	5943215
4520700	9685.ENSFCAP00000013714	737	9668969
4528006	9685.ENSFCAP00000022874	736	157053
4527892	9685.ENSFCAP00000022751	712	9242726
4518824	9685.ENSFCAP00000011014	702	10461743
4521385	9685.ENSFCAP00000015109	697	1834305
4514301	9685.ENSFCAP00000004425	694	1093713
4527385	9685.ENSFCAP00000022218	692	974694
4515057	9685.ENSFCAP00000005541	661	370300
4528407	9685.ENSFCAP00000023300	657	6101214
4524075	9685.ENSFCAP00000018677	656	260210
4520431	9685.ENSFCAP00000013318	650	1682615
4519807	9685.ENSFCAP00000012409	646	6056639
4518417	9685.ENSFCAP00000010449	639	9438516
4522882	9685.ENSFCAP00000017410	638	3659067
4519082	9685.ENSFCAP00000011405	635	1415602
4513657	9685.ENSFCAP00000003502	634	8857191
4517801	9685.ENSFCAP00000009531	628	8074985
4529104	9685.ENSFCAP00000024030	619	2444787
4527182	9685.ENSFCAP00000022004	619	2528162
4527376	9685.ENSFCAP00000022209	609	6540915
4517103	9685.ENSFCAP00000008522	608	478737
4524169	9685.ENSFCAP00000018781	600	1909721
4511412	9685.ENSFCAP00000000275	598	3817439
4524641	9685.ENSFCAP00000019285	594	1623372
4527670	9685.ENSFCAP00000022519	592	927540
4519633	9685.ENSFCAP00000012169	588	2579952
4519179	9685.ENSFCAP00000011541	586	5314709
4518546	9685.ENSFCAP00000010636	585	7429189
4511948	9685.ENSFCAP00000001048	584	4723475
4523467	9685.ENSFCAP00000018040	576	897117
4525550	9685.ENSFCAP00000020265	570	2557712
4529458	9685.ENSFCAP00000024403	570	2557712
4529797	9685.ENSFCAP00000024762	570	2557712
4513544	9685.ENSFCAP00000003333	570	2557712
4523682	9685.ENSFCAP00000018263	570	2557712
4530172	9685.ENSFCAP00000025154	570	2557712
4524192	9685.ENSFCAP00000018806	570	2557712
4527728	9685.ENSFCAP00000022577	570	2557712
4528858	9685.ENSFCAP00000023772	570	2557712
4522001	9685.ENSFCAP00000016482	570	2557712
4529267	9685.ENSFCAP00000024200	570	2557712
4523512	9685.ENSFCAP00000018085	566	4407022
4528181	9685.ENSFCAP00000023065	566	4407022
4513403	9685.ENSFCAP00000003117	559	1262190
4518782	9685.ENSFCAP00000010964	555	2739857
4525851	9685.ENSFCAP00000020589	554	1535030
4520593	9685.ENSFCAP00000013569	552	7274207
4522447	9685.ENSFCAP00000016948	544	5261988
4517101	9685.ENSFCAP00000008520	534	447092
4520306	9685.ENSFCAP00000013145	523	3914444
4520518	9685.ENSFCAP00000013451	520	465011
4525858	9685.ENSFCAP00000020597	518	2557712
4528866	9685.ENSFCAP00000023780	515	2665809
4526006	9685.ENSFCAP00000020759	515	4383272
4518761	9685.ENSFCAP00000010931	507	2509143
4520754	9685.ENSFCAP00000013786	497	1438682
4527954	9685.ENSFCAP00000022818	495	5332220
4511958	9685.ENSFCAP00000001066	494	191473
4521284	9685.ENSFCAP00000014525	494	2075496
4517118	9685.ENSFCAP00000008544	493	7230101
4512479	9685.ENSFCAP00000001789	490	5902445
4525201	9685.ENSFCAP00000019887	484	880846
4522216	9685.ENSFCAP00000016705	477	568667
4520432	9685.ENSFCAP00000013320	473	2724578
4530151	9685.ENSFCAP00000025132	464	1535030
4521924	9685.ENSFCAP00000016402	464	1412919
4512606	9685.ENSFCAP00000001972	463	4293952
4526885	9685.ENSFCAP00000021693	460	7605429
4524530	9685.ENSFCAP00000019167	459	5211150
4515554	9685.ENSFCAP00000006290	456	302750
4526026	9685.ENSFCAP00000020780	455	8444122
4519868	9685.ENSFCAP00000012507	450	9457755
4528057	9685.ENSFCAP00000022934	447	614819
4518413	9685.ENSFCAP00000010444	447	573000
4526295	9685.ENSFCAP00000021070	446	1546030
4527089	9685.ENSFCAP00000021907	446	1546030
4518439	9685.ENSFCAP00000010478	444	1943871
4523828	9685.ENSFCAP00000018413	442	516476
4529493	9685.ENSFCAP00000024439	439	1546030
4515904	9685.ENSFCAP00000006770	438	1222452
4517691	9685.ENSFCAP00000009364	435	6160457
4511311	9685.ENSFCAP00000000148	428	1765483
4523455	9685.ENSFCAP00000018026	422	5229335
4527817	9685.ENSFCAP00000022670	422	5229335
4527544	9685.ENSFCAP00000022385	422	5229335
4528076	9685.ENSFCAP00000022954	422	5229335
4524907	9685.ENSFCAP00000019571	422	5229335
4525838	9685.ENSFCAP00000020576	422	5229335
4525115	9685.ENSFCAP00000019795	422	5229335
4522741	9685.ENSFCAP00000017263	422	5229335
4523262	9685.ENSFCAP00000017817	422	5229335
4527493	9685.ENSFCAP00000022333	422	5229335
4527937	9685.ENSFCAP00000022801	422	5229335
4523598	9685.ENSFCAP00000018174	422	5229335
4523846	9685.ENSFCAP00000018433	422	5229335
4528156	9685.ENSFCAP00000023039	422	5229335
4526979	9685.ENSFCAP00000021794	422	5229335
4525517	9685.ENSFCAP00000020231	422	5229335
4524059	9685.ENSFCAP00000018661	419	1103334
4523572	9685.ENSFCAP00000018146	419	1515201
4520092	9685.ENSFCAP00000012835	417	2120979
4512473	9685.ENSFCAP00000001783	415	7198573
4517438	9685.ENSFCAP00000008997	415	548600
4517490	9685.ENSFCAP00000009056	410	3345935
4527507	9685.ENSFCAP00000022347	408	2599572
4519395	9685.ENSFCAP00000011844	405	1268103
4519730	9685.ENSFCAP00000012302	404	1030027
4523394	9685.ENSFCAP00000017960	402	657667
4524310	9685.ENSFCAP00000018930	400	443047
4523611	9685.ENSFCAP00000018188	399	1530765
4524736	9685.ENSFCAP00000019386	398	278844
4511391	9685.ENSFCAP00000000254	394	1185207
4519927	9685.ENSFCAP00000012591	393	510996
4530131	9685.ENSFCAP00000025112	390	815776
4525515	9685.ENSFCAP00000020229	389	1546030
4514123	9685.ENSFCAP00000004171	389	3022712
4529163	9685.ENSFCAP00000024090	389	1143890
4515663	9685.ENSFCAP00000006438	388	1034945
4526609	9685.ENSFCAP00000021402	388	650423
4526813	9685.ENSFCAP00000021615	386	282697
4511942	9685.ENSFCAP00000001042	386	6476956
4515100	9685.ENSFCAP00000005607	382	481222
4528714	9685.ENSFCAP00000023620	382	4262499
4514676	9685.ENSFCAP00000004979	379	644130
4516775	9685.ENSFCAP00000008043	378	5275488
4514699	9685.ENSFCAP00000005029	377	426386
4516433	9685.ENSFCAP00000007527	377	289937
4527526	9685.ENSFCAP00000022366	376	1560527
4522722	9685.ENSFCAP00000017244	374	820406
4524145	9685.ENSFCAP00000018753	374	5355256
4517549	9685.ENSFCAP00000009136	370	4606741
4525632	9685.ENSFCAP00000020356	367	4713283
4527626	9685.ENSFCAP00000022470	366	578990
4518420	9685.ENSFCAP00000010454	366	1093441
4522799	9685.ENSFCAP00000017324	365	1744417
4527133	9685.ENSFCAP00000021954	365	578541
4517292	9685.ENSFCAP00000008780	363	162527
4525358	9685.ENSFCAP00000020061	362	4070305
4526175	9685.ENSFCAP00000020939	361	712988
4513805	9685.ENSFCAP00000003711	360	507817
4522321	9685.ENSFCAP00000016814	356	1042729
4511542	9685.ENSFCAP00000000452	355	1053157
4518686	9685.ENSFCAP00000010834	354	980868
4526777	9685.ENSFCAP00000021576	348	780262
4516481	9685.ENSFCAP00000007599	346	1453383
4528629	9685.ENSFCAP00000023531	346	777380
4521157	9685.ENSFCAP00000014346	344	1053157
4523758	9685.ENSFCAP00000018341	344	228830
4515959	9685.ENSFCAP00000006847	338	631799
4517779	9685.ENSFCAP00000009498	337	1396558
4525431	9685.ENSFCAP00000020137	336	2557712
4512002	9685.ENSFCAP00000001117	335	1181849
4517066	9685.ENSFCAP00000008470	335	1410960
4528364	9685.ENSFCAP00000023254	334	335640
4519692	9685.ENSFCAP00000012252	332	1060706
4522539	9685.ENSFCAP00000017047	329	688492
4526384	9685.ENSFCAP00000021161	329	6357346
4511771	9685.ENSFCAP00000000785	326	877054
4521808	9685.ENSFCAP00000016172	324	3603690
4522448	9685.ENSFCAP00000016949	323	239570
4518312	9685.ENSFCAP00000010298	321	176287
4528893	9685.ENSFCAP00000023808	320	4414453
4516525	9685.ENSFCAP00000007668	318	1541800
4517732	9685.ENSFCAP00000009424	315	1566532
4511280	9685.ENSFCAP00000000092	315	5953960
4523875	9685.ENSFCAP00000018463	312	3030080
4526397	9685.ENSFCAP00000021174	310	125529
4518514	9685.ENSFCAP00000010586	310	6949323
4524372	9685.ENSFCAP00000018996	306	157077
4528296	9685.ENSFCAP00000023185	306	529925
4516148	9685.ENSFCAP00000007128	306	4726536
4526385	9685.ENSFCAP00000021162	305	5229335
4517807	9685.ENSFCAP00000009538	305	5229335
4512870	9685.ENSFCAP00000002340	304	217860
4513338	9685.ENSFCAP00000003022	302	1807869
4513630	9685.ENSFCAP00000003466	302	1564838
4512750	9685.ENSFCAP00000002177	299	472151
4527570	9685.ENSFCAP00000022411	298	638579
4518200	9685.ENSFCAP00000010111	296	322091
4518102	9685.ENSFCAP00000009979	290	315122
4524775	9685.ENSFCAP00000019429	289	454793
4520243	9685.ENSFCAP00000013055	285	1434578
4526139	9685.ENSFCAP00000020901	283	352537
4511400	9685.ENSFCAP00000000263	282	4174028
4512476	9685.ENSFCAP00000001786	280	5615979
4517825	9685.ENSFCAP00000009564	280	466388
4512087	9685.ENSFCAP00000001236	279	2049941
4520756	9685.ENSFCAP00000013788	275	962280
4519893	9685.ENSFCAP00000012540	273	932816
4529796	9685.ENSFCAP00000024761	269	529602
4511773	9685.ENSFCAP00000000788	269	328200
4513391	9685.ENSFCAP00000003101	267	3946481
4524885	9685.ENSFCAP00000019545	265	930299
4519063	9685.ENSFCAP00000011378	263	1717408
4525700	9685.ENSFCAP00000020427	263	198632
4530142	9685.ENSFCAP00000025123	259	778196
4513821	9685.ENSFCAP00000003730	259	280647
4524113	9685.ENSFCAP00000018718	256	640521
4511476	9685.ENSFCAP00000000362	254	611683
4513064	9685.ENSFCAP00000002629	252	848476
4521034	9685.ENSFCAP00000014173	252	5797496
4514319	9685.ENSFCAP00000004447	251	742837
4516970	9685.ENSFCAP00000008327	250	977044
4529234	9685.ENSFCAP00000024165	248	5635229
4515607	9685.ENSFCAP00000006368	247	443067
4519075	9685.ENSFCAP00000011397	246	368901
4511749	9685.ENSFCAP00000000755	244	2460730
4511413	9685.ENSFCAP00000000276	243	725667
4520181	9685.ENSFCAP00000012962	243	119710
4515710	9685.ENSFCAP00000006501	242	697320
4516881	9685.ENSFCAP00000008193	240	189588
4526796	9685.ENSFCAP00000021597	240	365644
4512535	9685.ENSFCAP00000001866	239	4414453
4524431	9685.ENSFCAP00000019061	239	305509
4530661	9685.ENSFCAP00000025671	239	4363449
4520773	9685.ENSFCAP00000013810	238	320803
4518835	9685.ENSFCAP00000011034	237	639780
4524598	9685.ENSFCAP00000019239	236	262413
4512695	9685.ENSFCAP00000002101	236	408500
4511535	9685.ENSFCAP00000000444	236	897420
4511314	9685.ENSFCAP00000000151	236	392680
4528259	9685.ENSFCAP00000023147	234	171757
4522501	9685.ENSFCAP00000017007	234	1320419
4524996	9685.ENSFCAP00000019665	233	284108
4516403	9685.ENSFCAP00000007489	232	420777
4514032	9685.ENSFCAP00000004041	232	2497365
4513303	9685.ENSFCAP00000002971	231	1788435
4529907	9685.ENSFCAP00000024876	228	683482
4525857	9685.ENSFCAP00000020596	226	533407
4524830	9685.ENSFCAP00000019486	225	172458
4513380	9685.ENSFCAP00000003086	225	1122843
4530611	9685.ENSFCAP00000025618	224	318656
4520995	9685.ENSFCAP00000014117	222	1093186
4513367	9685.ENSFCAP00000003066	221	189300
4528698	9685.ENSFCAP00000023603	221	189300
4511732	9685.ENSFCAP00000000733	218	634331
4513054	9685.ENSFCAP00000002618	218	811280
4516240	9685.ENSFCAP00000007243	217	3222225
4513213	9685.ENSFCAP00000002850	217	6172388
4527168	9685.ENSFCAP00000021990	217	415757
4529303	9685.ENSFCAP00000024236	216	192527
4513160	9685.ENSFCAP00000002762	215	802100
4514656	9685.ENSFCAP00000004950	214	1420329
4513999	9685.ENSFCAP00000003978	212	1039824
4524701	9685.ENSFCAP00000019348	210	433617
4514953	9685.ENSFCAP00000005405	209	829152
4513962	9685.ENSFCAP00000003927	207	208888
4522386	9685.ENSFCAP00000016884	206	664133
4518941	9685.ENSFCAP00000011185	203	381286
4515462	9685.ENSFCAP00000006152	202	700751
4526989	9685.ENSFCAP00000021804	199	36469
4512589	9685.ENSFCAP00000001942	199	859078
4527509	9685.ENSFCAP00000022349	198	163756
4516607	9685.ENSFCAP00000007788	194	880848
4529139	9685.ENSFCAP00000024066	194	926004
4529529	9685.ENSFCAP00000024477	194	312043
4521518	9685.ENSFCAP00000015533	194	4996680
4516259	9685.ENSFCAP00000007273	192	1179678
4530551	9685.ENSFCAP00000025554	192	907682
4512110	9685.ENSFCAP00000001269	191	1180102
4525957	9685.ENSFCAP00000020707	191	1128260
4517804	9685.ENSFCAP00000009534	190	3378430
4517610	9685.ENSFCAP00000009230	189	4260955
4519362	9685.ENSFCAP00000011802	188	3369778
4511712	9685.ENSFCAP00000000704	188	2372007
4524958	9685.ENSFCAP00000019624	188	641092
4512137	9685.ENSFCAP00000001315	182	494071
4513085	9685.ENSFCAP00000002659	181	112323
4526142	9685.ENSFCAP00000020904	181	447577
4514405	9685.ENSFCAP00000004570	180	2649055
4519302	9685.ENSFCAP00000011721	179	925263
4526213	9685.ENSFCAP00000020984	174	827065
4515452	9685.ENSFCAP00000006138	173	765522
4512543	9685.ENSFCAP00000001877	172	710936
4513677	9685.ENSFCAP00000003529	171	3891334
4520620	9685.ENSFCAP00000013607	169	2825812
4511762	9685.ENSFCAP00000000773	169	4173208
4518410	9685.ENSFCAP00000010441	168	1261000
4530698	9685.ENSFCAP00000025712	168	275135
4514536	9685.ENSFCAP00000004762	167	577150
4511405	9685.ENSFCAP00000000268	166	3176881
4518506	9685.ENSFCAP00000010575	165	481643
4512426	9685.ENSFCAP00000001723	165	353868
4513212	9685.ENSFCAP00000002848	164	572264
4524012	9685.ENSFCAP00000018613	163	611067
4513650	9685.ENSFCAP00000003492	162	723690
4522177	9685.ENSFCAP00000016666	162	850954
4521186	9685.ENSFCAP00000014378	161	903108
4520521	9685.ENSFCAP00000013454	161	1267229
4514686	9685.ENSFCAP00000005005	158	3088940
4528021	9685.ENSFCAP00000022890	158	157291
4526704	9685.ENSFCAP00000021501	157	345165
4512631	9685.ENSFCAP00000002002	156	212800
4515699	9685.ENSFCAP00000006489	155	548160
4522240	9685.ENSFCAP00000016730	155	857547
4520293	9685.ENSFCAP00000013130	154	1185985
4528254	9685.ENSFCAP00000023142	153	818497
4511618	9685.ENSFCAP00000000561	153	1827025
4511924	9685.ENSFCAP00000001007	152	614819
4530166	9685.ENSFCAP00000025147	152	431246
4511407	9685.ENSFCAP00000000270	152	4400092
4512064	9685.ENSFCAP00000001202	151	848167
4518457	9685.ENSFCAP00000010506	151	1026292
4521111	9685.ENSFCAP00000014279	151	473268
4524452	9685.ENSFCAP00000019084	150	46653
4529928	9685.ENSFCAP00000024898	149	717113
4524952	9685.ENSFCAP00000019618	148	396303
4517205	9685.ENSFCAP00000008666	148	1174717
4518119	9685.ENSFCAP00000010004	147	120947
4512339	9685.ENSFCAP00000001603	147	1400807
4520795	9685.ENSFCAP00000013843	146	682244
4528125	9685.ENSFCAP00000023006	146	396303
4514477	9685.ENSFCAP00000004671	144	3750177
4513663	9685.ENSFCAP00000003512	144	555334
4518777	9685.ENSFCAP00000010954	143	423458
4516658	9685.ENSFCAP00000007861	142	814806
4514647	9685.ENSFCAP00000004935	141	548160
4521336	9685.ENSFCAP00000014594	140	753498
4513359	9685.ENSFCAP00000003057	139	969906
4514108	9685.ENSFCAP00000004151	138	476307
4524754	9685.ENSFCAP00000019407	137	206083
4518702	9685.ENSFCAP00000010850	137	1827025
4524909	9685.ENSFCAP00000019574	136	216180
4518107	9685.ENSFCAP00000009985	136	3640482
4516891	9685.ENSFCAP00000008211	135	589710
4525965	9685.ENSFCAP00000020716	135	533412
4525171	9685.ENSFCAP00000019856	134	2825812
4513285	9685.ENSFCAP00000002944	133	869871
4511805	9685.ENSFCAP00000000845	133	1104492
4524371	9685.ENSFCAP00000018995	132	543954
4519170	9685.ENSFCAP00000011529	132	449019
4515543	9685.ENSFCAP00000006273	132	318380
4512069	9685.ENSFCAP00000001211	131	281283
4516843	9685.ENSFCAP00000008135	129	340519
4522519	9685.ENSFCAP00000017027	129	422139
4529424	9685.ENSFCAP00000024368	127	332869
4522055	9685.ENSFCAP00000016539	126	343936
4511744	9685.ENSFCAP00000000749	126	505214
4519308	9685.ENSFCAP00000011730	126	521854
4523359	9685.ENSFCAP00000017923	126	153723
4512128	9685.ENSFCAP00000001297	125	1379617
4521328	9685.ENSFCAP00000014582	124	501746
4524789	9685.ENSFCAP00000019443	124	431747
4529682	9685.ENSFCAP00000024642	123	2309760
4517075	9685.ENSFCAP00000008483	123	262117
4517190	9685.ENSFCAP00000008638	122	476794
4511514	9685.ENSFCAP00000000415	122	706832
4515406	9685.ENSFCAP00000006058	121	2791869
4520423	9685.ENSFCAP00000013305	120	746227
4511936	9685.ENSFCAP00000001032	120	755216
4512009	9685.ENSFCAP00000001130	119	280620
4515314	9685.ENSFCAP00000005921	119	1095570
4515965	9685.ENSFCAP00000006855	118	371596
4520870	9685.ENSFCAP00000013951	118	350538
4520406	9685.ENSFCAP00000013283	116	695848
4529056	9685.ENSFCAP00000023980	116	319536
4530162	9685.ENSFCAP00000025143	116	486939
4523629	9685.ENSFCAP00000018207	115	399766
4516845	9685.ENSFCAP00000008137	115	266308
4518699	9685.ENSFCAP00000010847	115	2551415
4519789	9685.ENSFCAP00000012384	115	205312
4517316	9685.ENSFCAP00000008815	115	170858
4518990	9685.ENSFCAP00000011269	114	356376
4522824	9685.ENSFCAP00000017351	114	251416
4527302	9685.ENSFCAP00000022133	113	371181
4519648	9685.ENSFCAP00000012191	112	430886
4519195	9685.ENSFCAP00000011558	112	439343
4520685	9685.ENSFCAP00000013697	112	381090
4523042	9685.ENSFCAP00000017582	111	358030
4524262	9685.ENSFCAP00000018878	111	110165
4524812	9685.ENSFCAP00000019466	111	707079
4516653	9685.ENSFCAP00000007852	110	157291
4513717	9685.ENSFCAP00000003594	109	485976
4515658	9685.ENSFCAP00000006431	108	424326
4516542	9685.ENSFCAP00000007689	107	296994
4521599	9685.ENSFCAP00000015718	107	188764
4521222	9685.ENSFCAP00000014437	107	804455
4521720	9685.ENSFCAP00000015981	107	918433
4513980	9685.ENSFCAP00000003948	107	1326706
4517199	9685.ENSFCAP00000008654	106	210146
4511616	9685.ENSFCAP00000000558	106	327203
4526039	9685.ENSFCAP00000020794	106	352757
4522087	9685.ENSFCAP00000016573	105	61194
4511735	9685.ENSFCAP00000000738	105	594821
4514295	9685.ENSFCAP00000004417	105	106467
4522903	9685.ENSFCAP00000017433	105	133463
4520291	9685.ENSFCAP00000013127	104	250919
4516527	9685.ENSFCAP00000007670	104	612202
4526916	9685.ENSFCAP00000021727	104	522420
4530288	9685.ENSFCAP00000025275	103	1490568
4524277	9685.ENSFCAP00000018895	103	715580
4525137	9685.ENSFCAP00000019819	103	752378
4516897	9685.ENSFCAP00000008217	103	957775
4524593	9685.ENSFCAP00000019234	101	541587
4522602	9685.ENSFCAP00000017117	100	437753
4523921	9685.ENSFCAP00000018511	100	689547
4517108	9685.ENSFCAP00000008528	99.8	323199
4526834	9685.ENSFCAP00000021636	99.1	307033
4512619	9685.ENSFCAP00000001985	99.1	294519
4511404	9685.ENSFCAP00000000267	98.9	3582423
4518942	9685.ENSFCAP00000011187	98.6	292863
4519805	9685.ENSFCAP00000012407	98.5	1069103
4527497	9685.ENSFCAP00000022337	97.5	439543
4522228	9685.ENSFCAP00000016718	96.9	55127
4513434	9685.ENSFCAP00000003162	96.7	371505
4512392	9685.ENSFCAP00000001675	96.3	408667
4513055	9685.ENSFCAP00000002619	95.7	552938
4521103	9685.ENSFCAP00000014268	94.6	290931
4522135	9685.ENSFCAP00000016623	94.4	212847
4527870	9685.ENSFCAP00000022728	94.4	43114
4515903	9685.ENSFCAP00000006768	94.2	189114
4512674	9685.ENSFCAP00000002075	94.1	175426
4517660	9685.ENSFCAP00000009306	93.8	2411866
4529005	9685.ENSFCAP00000023927	93.2	811017
4527296	9685.ENSFCAP00000022127	93.2	611194
4512537	9685.ENSFCAP00000001868	93.0	3093160
4513322	9685.ENSFCAP00000002996	92.1	188914
4526752	9685.ENSFCAP00000021550	91.9	442567
4525959	9685.ENSFCAP00000020709	91.3	878090
4527566	9685.ENSFCAP00000022407	91.0	1486620
4523375	9685.ENSFCAP00000017940	90.0	127567
4514492	9685.ENSFCAP00000004695	89.7	2887537
4513416	9685.ENSFCAP00000003134	89.4	182957
4514956	9685.ENSFCAP00000005408	89.1	357836
4526306	9685.ENSFCAP00000021081	88.7	352757
4515266	9685.ENSFCAP00000005856	88.7	354620
4526245	9685.ENSFCAP00000021017	88.5	84393
4519508	9685.ENSFCAP00000011995	87.9	211172
4513234	9685.ENSFCAP00000002880	85.9	200220
4520120	9685.ENSFCAP00000012873	85.8	811017
4527094	9685.ENSFCAP00000021912	85.4	238769
4514096	9685.ENSFCAP00000004134	85.3	1097964
4527798	9685.ENSFCAP00000022649	85.1	229443
4514302	9685.ENSFCAP00000004426	84.9	107575
4524389	9685.ENSFCAP00000019014	84.5	161460
4527404	9685.ENSFCAP00000022238	84.4	173226
4529269	9685.ENSFCAP00000024202	84.4	1360118
4523082	9685.ENSFCAP00000017623	83.0	227570
4514087	9685.ENSFCAP00000004117	82.3	492149
4515119	9685.ENSFCAP00000005649	82.3	87903
4530445	9685.ENSFCAP00000025444	81.6	1742593
4518519	9685.ENSFCAP00000010591	81.5	428497
4523419	9685.ENSFCAP00000017990	80.2	801427
4526583	9685.ENSFCAP00000021373	80.1	347830
4514416	9685.ENSFCAP00000004589	79.6	229865
4521083	9685.ENSFCAP00000014238	79.3	103764
4525539	9685.ENSFCAP00000020254	78.4	308437
4520801	9685.ENSFCAP00000013854	77.6	361061
4519878	9685.ENSFCAP00000012518	77.3	78111
4519186	9685.ENSFCAP00000011548	77.1	357176
4513810	9685.ENSFCAP00000003719	75.5	229450
4518770	9685.ENSFCAP00000010941	75.2	482705
4515502	9685.ENSFCAP00000006212	74.4	190420
4513718	9685.ENSFCAP00000003596	74.3	389978
4522038	9685.ENSFCAP00000016521	74.2	270896
4524086	9685.ENSFCAP00000018688	73.4	432462
4522946	9685.ENSFCAP00000017480	72.6	121648
4516138	9685.ENSFCAP00000007117	71.8	181678
4524027	9685.ENSFCAP00000018628	71.8	34950
4530082	9685.ENSFCAP00000025061	71.4	195624
4529287	9685.ENSFCAP00000024220	71.1	357836
4517145	9685.ENSFCAP00000008583	71.0	236242
4522655	9685.ENSFCAP00000017172	70.9	340791
4516345	9685.ENSFCAP00000007404	70.8	597799
4527648	9685.ENSFCAP00000022494	70.1	133273
4516198	9685.ENSFCAP00000007194	69.4	259126
4511238	9685.ENSFCAP00000000044	69.2	88917
4518046	9685.ENSFCAP00000009897	69.2	274781
4512653	9685.ENSFCAP00000002037	68.8	229465
4514970	9685.ENSFCAP00000005428	68.2	1568327
4518915	9685.ENSFCAP00000011151	67.7	95743
4530486	9685.ENSFCAP00000025487	67.7	164791
4512066	9685.ENSFCAP00000001206	67.2	58363
4516374	9685.ENSFCAP00000007446	67.2	174149
4512472	9685.ENSFCAP00000001782	67.2	77077
4521696	9685.ENSFCAP00000015908	66.9	364661
4519760	9685.ENSFCAP00000012339	66.7	591177
4511385	9685.ENSFCAP00000000248	66.7	3275444
4518861	9685.ENSFCAP00000011069	66.5	281440
4521076	9685.ENSFCAP00000014229	65.6	266130
4523169	9685.ENSFCAP00000017717	65.1	127230
4516631	9685.ENSFCAP00000007816	64.5	403517
4516417	9685.ENSFCAP00000007506	64.1	168713
4520887	9685.ENSFCAP00000013975	64.1	116987
4512263	9685.ENSFCAP00000001494	63.8	291217
4512204	9685.ENSFCAP00000001405	63.2	282305
4527731	9685.ENSFCAP00000022580	62.9	228613
4519044	9685.ENSFCAP00000011351	62.8	639284
4528902	9685.ENSFCAP00000023818	62.7	189944
4519236	9685.ENSFCAP00000011623	62.4	248907
4530159	9685.ENSFCAP00000025140	62.3	171517
4512123	9685.ENSFCAP00000001286	62.1	658167
4530687	9685.ENSFCAP00000025699	62.1	258270
4520921	9685.ENSFCAP00000014022	61.5	118203
4520752	9685.ENSFCAP00000013784	61.4	162844
4517114	9685.ENSFCAP00000008538	60.8	221143
4522271	9685.ENSFCAP00000016762	60.7	158948
4520986	9685.ENSFCAP00000014105	60.5	121071
4523948	9685.ENSFCAP00000018541	59.7	258911
4511892	9685.ENSFCAP00000000961	59.5	142125
4527925	9685.ENSFCAP00000022789	59.4	331337
4519848	9685.ENSFCAP00000012478	59.3	870603
4512706	9685.ENSFCAP00000002114	58.6	144320
4529887	9685.ENSFCAP00000024856	58.6	188330
4521425	9685.ENSFCAP00000015315	58.5	424489
4517094	9685.ENSFCAP00000008510	58.3	454355
4517894	9685.ENSFCAP00000009673	57.1	24134
4514154	9685.ENSFCAP00000004210	57.1	407454
4527784	9685.ENSFCAP00000022635	57.0	222815
4524556	9685.ENSFCAP00000019194	56.6	58893
4524272	9685.ENSFCAP00000018889	56.3	261840
4525430	9685.ENSFCAP00000020136	56.1	94816
4527960	9685.ENSFCAP00000022824	56.0	116639
4522113	9685.ENSFCAP00000016601	55.9	332897
4524157	9685.ENSFCAP00000018768	55.9	332897
4514178	9685.ENSFCAP00000004244	54.8	136440
4512044	9685.ENSFCAP00000001179	54.3	62383
4525634	9685.ENSFCAP00000020358	54.2	353119
4527383	9685.ENSFCAP00000022216	54.0	76490
4513274	9685.ENSFCAP00000002931	53.8	170417
4527669	9685.ENSFCAP00000022518	53.2	358030
4522039	9685.ENSFCAP00000016522	52.6	90974
4513729	9685.ENSFCAP00000003610	52.5	430068
4526828	9685.ENSFCAP00000021630	51.9	39523
4519915	9685.ENSFCAP00000012574	51.5	1051117
4529233	9685.ENSFCAP00000024164	51.1	437486
4511410	9685.ENSFCAP00000000273	51.0	3383086
4520985	9685.ENSFCAP00000014104	50.9	69289
4514503	9685.ENSFCAP00000004716	50.9	399827
4530539	9685.ENSFCAP00000025541	50.7	142806
4512716	9685.ENSFCAP00000002132	50.7	240447
4513809	9685.ENSFCAP00000003718	50.4	94424
4519430	9685.ENSFCAP00000011887	50.3	859635
4512370	9685.ENSFCAP00000001646	50.1	489470
4521329	9685.ENSFCAP00000014583	50.1	256976
4521522	9685.ENSFCAP00000015542	50.0	144307
4524200	9685.ENSFCAP00000018814	49.9	157291
4515257	9685.ENSFCAP00000005844	49.7	325340
4513131	9685.ENSFCAP00000002722	49.3	295973
4516492	9685.ENSFCAP00000007621	49.2	187116
4511411	9685.ENSFCAP00000000274	49.1	2222531
4511790	9685.ENSFCAP00000000816	49.1	441869
4522541	9685.ENSFCAP00000017049	49.0	45247
4529777	9685.ENSFCAP00000024742	48.9	169737
4528875	9685.ENSFCAP00000023789	48.8	297212
4527978	9685.ENSFCAP00000022843	48.7	39668
4515693	9685.ENSFCAP00000006481	48.7	101319
4522284	9685.ENSFCAP00000016775	48.7	129200
4514910	9685.ENSFCAP00000005343	48.6	100672
4512150	9685.ENSFCAP00000001335	48.6	334939
4521417	9685.ENSFCAP00000015294	48.4	151477
4523509	9685.ENSFCAP00000018082	48.2	407387
4516335	9685.ENSFCAP00000007389	48.2	212352
4511409	9685.ENSFCAP00000000272	48.1	3383086
4523415	9685.ENSFCAP00000017986	48.1	229931
4520077	9685.ENSFCAP00000012816	47.8	345873
4523723	9685.ENSFCAP00000018306	47.8	142617
4520712	9685.ENSFCAP00000013735	47.7	174734
4524715	9685.ENSFCAP00000019364	47.7	72833
4518734	9685.ENSFCAP00000010895	47.6	290874
4528662	9685.ENSFCAP00000023565	47.6	185150
4522891	9685.ENSFCAP00000017421	47.5	437486
4521014	9685.ENSFCAP00000014147	47.4	222859
4517412	9685.ENSFCAP00000008958	47.0	170892
4519486	9685.ENSFCAP00000011965	46.8	112583
4525403	9685.ENSFCAP00000020107	46.8	460506
4511599	9685.ENSFCAP00000000534	46.7	97057
4515206	9685.ENSFCAP00000005763	46.6	244765
4525612	9685.ENSFCAP00000020335	46.5	125503
4516784	9685.ENSFCAP00000008054	46.2	116869
4519581	9685.ENSFCAP00000012097	46.2	156913
4513562	9685.ENSFCAP00000003356	45.9	152330
4522667	9685.ENSFCAP00000017186	45.9	117966
4512991	9685.ENSFCAP00000002525	45.9	1659938
4511330	9685.ENSFCAP00000000173	45.8	215107
4521774	9685.ENSFCAP00000016100	45.7	155652
4516674	9685.ENSFCAP00000007891	45.5	160827
4522993	9685.ENSFCAP00000017531	45.3	155280
4524506	9685.ENSFCAP00000019140	45.3	168220
4523769	9685.ENSFCAP00000018352	45.2	52890
4516642	9685.ENSFCAP00000007830	45.2	120514
4517357	9685.ENSFCAP00000008880	45.1	62753
4520858	9685.ENSFCAP00000013935	44.7	165681
4512942	9685.ENSFCAP00000002454	44.6	764023
4527220	9685.ENSFCAP00000022045	44.6	332354
4516507	9685.ENSFCAP00000007643	44.5	178499
4524122	9685.ENSFCAP00000018728	43.8	338358
4515594	9685.ENSFCAP00000006352	43.6	144952
4515150	9685.ENSFCAP00000005687	43.5	1956960
4522238	9685.ENSFCAP00000016728	43.5	446406
4523783	9685.ENSFCAP00000018367	43.2	227849
4523480	9685.ENSFCAP00000018053	42.7	58369
4520929	9685.ENSFCAP00000014037	42.3	352905
4513458	9685.ENSFCAP00000003200	42.2	445112
4522676	9685.ENSFCAP00000017195	42.2	86001
4525955	9685.ENSFCAP00000020705	42.2	114574
4514236	9685.ENSFCAP00000004336	41.9	83569
4512295	9685.ENSFCAP00000001538	41.5	123628
4520361	9685.ENSFCAP00000013220	41.4	110347
4529683	9685.ENSFCAP00000024643	41.4	47168
4512918	9685.ENSFCAP00000002423	41.4	143329
4523778	9685.ENSFCAP00000018362	41.2	74747
4514777	9685.ENSFCAP00000005151	41.1	377233
4523404	9685.ENSFCAP00000017972	41.1	188400
4523686	9685.ENSFCAP00000018267	41.0	175257
4515659	9685.ENSFCAP00000006432	40.9	198082
4530659	9685.ENSFCAP00000025668	40.4	31225
4529593	9685.ENSFCAP00000024545	40.2	93010
4527910	9685.ENSFCAP00000022773	40.2	318332
4514299	9685.ENSFCAP00000004423	40.0	194114
4521898	9685.ENSFCAP00000016371	39.7	108214
4515300	9685.ENSFCAP00000005901	39.6	543425
4524408	9685.ENSFCAP00000019036	39.3	200131
4527757	9685.ENSFCAP00000022607	39.2	1578769
4511397	9685.ENSFCAP00000000260	39.2	3213854
4518007	9685.ENSFCAP00000009835	39.0	1010680
4513190	9685.ENSFCAP00000002808	39.0	196214
4525382	9685.ENSFCAP00000020085	38.8	204213
4521545	9685.ENSFCAP00000015595	38.7	216774
4514501	9685.ENSFCAP00000004713	38.6	230219
4523569	9685.ENSFCAP00000018143	38.5	19938
4514618	9685.ENSFCAP00000004893	38.0	218076
4511403	9685.ENSFCAP00000000266	38.0	2159875
4517603	9685.ENSFCAP00000009219	37.9	669135
4522737	9685.ENSFCAP00000017259	37.7	63780
4518872	9685.ENSFCAP00000011082	37.6	133850
4521819	9685.ENSFCAP00000016197	37.5	271801
4524688	9685.ENSFCAP00000019335	37.2	433888
4525561	9685.ENSFCAP00000020278	36.9	175604
4518916	9685.ENSFCAP00000011152	36.9	73118
4513295	9685.ENSFCAP00000002960	36.8	110317
4528027	9685.ENSFCAP00000022896	36.7	70387
4514081	9685.ENSFCAP00000004110	36.7	1921812
4512654	9685.ENSFCAP00000002039	36.5	262721
4530072	9685.ENSFCAP00000025048	36.3	48397
4511402	9685.ENSFCAP00000000265	36.1	2159875
4529061	9685.ENSFCAP00000023985	36.1	60720
4523658	9685.ENSFCAP00000018238	35.9	126337
4512423	9685.ENSFCAP00000001720	35.8	181660
4513708	9685.ENSFCAP00000003580	35.5	134822
4529337	9685.ENSFCAP00000024272	35.2	148826
4511336	9685.ENSFCAP00000000181	35.1	84623
4530069	9685.ENSFCAP00000025045	34.9	92127
4525926	9685.ENSFCAP00000020669	34.9	181866
4515021	9685.ENSFCAP00000005494	34.9	182660
4525880	9685.ENSFCAP00000020619	34.8	171337
4520132	9685.ENSFCAP00000012889	34.8	83667
4530280	9685.ENSFCAP00000025267	34.8	137210
4513114	9685.ENSFCAP00000002702	34.7	323216
4522517	9685.ENSFCAP00000017025	34.7	155280
4517785	9685.ENSFCAP00000009505	34.6	68633
4526074	9685.ENSFCAP00000020831	34.4	132377
4528848	9685.ENSFCAP00000023761	34.3	136623
4518234	9685.ENSFCAP00000010161	34.2	425400
4515316	9685.ENSFCAP00000005925	34.0	129483
4519025	9685.ENSFCAP00000011317	33.9	81168
4513741	9685.ENSFCAP00000003623	33.8	407701
4520430	9685.ENSFCAP00000013317	33.4	82547
4521708	9685.ENSFCAP00000015941	33.2	79148
4520210	9685.ENSFCAP00000013001	33.1	224892
4515265	9685.ENSFCAP00000005854	33.1	71917
4529891	9685.ENSFCAP00000024860	32.8	122127
4516741	9685.ENSFCAP00000007991	32.8	269362
4522368	9685.ENSFCAP00000016865	32.6	81741
4511620	9685.ENSFCAP00000000563	32.2	62173
4530678	9685.ENSFCAP00000025690	32.2	73469
4517727	9685.ENSFCAP00000009416	31.8	99310
4528542	9685.ENSFCAP00000023443	31.8	58125
4529921	9685.ENSFCAP00000024890	31.7	58793
4529228	9685.ENSFCAP00000024159	31.7	56503
4512331	9685.ENSFCAP00000001592	31.3	202677
4511899	9685.ENSFCAP00000000970	31.3	91203
4516538	9685.ENSFCAP00000007685	31.0	180949
4526359	9685.ENSFCAP00000021136	30.9	39523
4511485	9685.ENSFCAP00000000373	30.7	45997
4521747	9685.ENSFCAP00000016037	30.6	83560
4517867	9685.ENSFCAP00000009633	30.3	183855
4518014	9685.ENSFCAP00000009850	30.0	49508
4530609	9685.ENSFCAP00000025616	29.8	179658
4518837	9685.ENSFCAP00000011037	29.7	74107
4524855	9685.ENSFCAP00000019513	29.7	63166
4512937	9685.ENSFCAP00000002447	29.7	111520
4512041	9685.ENSFCAP00000001175	29.4	255013
4528165	9685.ENSFCAP00000023048	29.4	53713
4529722	9685.ENSFCAP00000024682	29.1	156144
4520118	9685.ENSFCAP00000012871	29.1	172513
4517135	9685.ENSFCAP00000008568	28.9	112627
4514083	9685.ENSFCAP00000004112	28.8	180772
4515079	9685.ENSFCAP00000005577	28.8	166753
4516078	9685.ENSFCAP00000007023	28.7	151893
4518003	9685.ENSFCAP00000009830	28.7	59763
4521524	9685.ENSFCAP00000015549	28.5	160018
4513273	9685.ENSFCAP00000002930	28.5	78442
4513246	9685.ENSFCAP00000002897	28.4	105127
4512499	9685.ENSFCAP00000001814	28.3	94360
4519077	9685.ENSFCAP00000011399	28.3	152100
4525625	9685.ENSFCAP00000020349	28.3	51132
4517569	9685.ENSFCAP00000009172	28.1	85673
4512190	9685.ENSFCAP00000001383	28.0	112115
4520014	9685.ENSFCAP00000012714	28.0	178655
4514160	9685.ENSFCAP00000004218	27.7	294435
4526180	9685.ENSFCAP00000020945	27.7	152100
4525046	9685.ENSFCAP00000019720	27.5	127373
4512624	9685.ENSFCAP00000001993	27.3	206873
4520123	9685.ENSFCAP00000012876	27.2	94493
4518421	9685.ENSFCAP00000010455	27.1	104582
4512174	9685.ENSFCAP00000001360	27.1	308794
4517842	9685.ENSFCAP00000009592	26.9	161958
4520309	9685.ENSFCAP00000013148	26.7	70064
4519965	9685.ENSFCAP00000012646	26.6	148764
4527668	9685.ENSFCAP00000022517	26.4	153582
4530589	9685.ENSFCAP00000025595	26.4	175093
4520392	9685.ENSFCAP00000013263	26.3	124353
4521861	9685.ENSFCAP00000016296	26.2	56116
4513351	9685.ENSFCAP00000003042	26.1	122330
4511674	9685.ENSFCAP00000000640	26.0	39350
4521264	9685.ENSFCAP00000014496	26.0	62635
4514119	9685.ENSFCAP00000004164	25.9	285381
4529070	9685.ENSFCAP00000023996	25.8	137595
4512530	9685.ENSFCAP00000001859	25.7	60730
4511630	9685.ENSFCAP00000000583	25.7	299085
4513042	9685.ENSFCAP00000002600	25.6	191065
4527204	9685.ENSFCAP00000022027	25.5	111866
4518523	9685.ENSFCAP00000010596	25.1	57357
4512031	9685.ENSFCAP00000001159	24.8	104090
4512567	9685.ENSFCAP00000001911	24.6	116331
4516942	9685.ENSFCAP00000008287	24.5	757476
4513913	9685.ENSFCAP00000003852	24.3	43047
4520180	9685.ENSFCAP00000012959	24.1	191600
4517699	9685.ENSFCAP00000009374	24.1	63591
4524239	9685.ENSFCAP00000018853	24.1	353617
4514261	9685.ENSFCAP00000004375	24.0	201383
4519168	9685.ENSFCAP00000011527	23.9	200054
4518317	9685.ENSFCAP00000010306	23.7	109177
4528161	9685.ENSFCAP00000023044	23.7	77923
4511577	9685.ENSFCAP00000000503	23.7	46397
4526991	9685.ENSFCAP00000021806	23.6	22530
4529940	9685.ENSFCAP00000024910	23.3	124628
4516870	9685.ENSFCAP00000008175	23.2	31509
4511745	9685.ENSFCAP00000000751	23.1	55780
4520192	9685.ENSFCAP00000012977	22.9	36073
4528880	9685.ENSFCAP00000023794	22.9	95738
4529984	9685.ENSFCAP00000024956	22.8	109743
4518067	9685.ENSFCAP00000009928	22.6	75731
4518052	9685.ENSFCAP00000009909	22.5	166118
4525412	9685.ENSFCAP00000020116	22.5	358030
4514201	9685.ENSFCAP00000004282	22.5	159651
4529339	9685.ENSFCAP00000024274	22.3	45261
4513052	9685.ENSFCAP00000002616	22.3	59743
4515381	9685.ENSFCAP00000006023	22.3	59184
4511755	9685.ENSFCAP00000000762	22.3	59653
4517250	9685.ENSFCAP00000008727	22.2	117547
4516083	9685.ENSFCAP00000007031	22.2	37374
4522860	9685.ENSFCAP00000017388	22.2	24244
4519797	9685.ENSFCAP00000012396	22.0	66786
4521351	9685.ENSFCAP00000014619	21.8	51220
4516565	9685.ENSFCAP00000007721	21.7	155744
4511894	9685.ENSFCAP00000000963	21.7	37870
4521099	9685.ENSFCAP00000014261	21.6	247316
4527584	9685.ENSFCAP00000022425	21.5	133857
4520154	9685.ENSFCAP00000012924	21.4	28503
4524074	9685.ENSFCAP00000018676	21.4	35673
4528559	9685.ENSFCAP00000023460	21.4	124892
4523349	9685.ENSFCAP00000017913	21.2	39523
4516796	9685.ENSFCAP00000008071	21.2	202943
4512184	9685.ENSFCAP00000001374	21.1	106284
4520087	9685.ENSFCAP00000012828	21.0	125423
4528353	9685.ENSFCAP00000023243	20.9	27739
4515038	9685.ENSFCAP00000005517	20.8	165814
4512073	9685.ENSFCAP00000001220	20.7	177590
4522208	9685.ENSFCAP00000016697	20.7	55229
4520715	9685.ENSFCAP00000013740	20.6	233518
4511896	9685.ENSFCAP00000000965	20.6	103015
4527848	9685.ENSFCAP00000022704	20.5	45690
4517288	9685.ENSFCAP00000008776	20.5	66700
4518345	9685.ENSFCAP00000010344	20.4	99110
4518043	9685.ENSFCAP00000009894	20.1	101984
4511604	9685.ENSFCAP00000000542	20.0	719860
4515005	9685.ENSFCAP00000005468	19.9	138929
4515878	9685.ENSFCAP00000006735	19.9	478667
4512889	9685.ENSFCAP00000002374	19.9	22105
4513616	9685.ENSFCAP00000003442	19.9	112178
4521796	9685.ENSFCAP00000016148	19.8	204688
4526083	9685.ENSFCAP00000020840	19.6	30302
4511282	9685.ENSFCAP00000000098	19.5	156933
4529381	9685.ENSFCAP00000024320	19.4	50496
4523738	9685.ENSFCAP00000018321	19.4	51253
4524651	9685.ENSFCAP00000019296	19.3	101122
4529103	9685.ENSFCAP00000024029	19.3	103148
4520560	9685.ENSFCAP00000013513	19.3	34297
4519487	9685.ENSFCAP00000011966	19.2	96570
4519913	9685.ENSFCAP00000012572	19.2	63822
4528295	9685.ENSFCAP00000023184	19.1	60110
4521955	9685.ENSFCAP00000016434	19.1	160018
4512579	9685.ENSFCAP00000001928	19.0	56264
4524099	9685.ENSFCAP00000018702	18.8	31299
4514764	9685.ENSFCAP00000005128	18.7	404415
4527482	9685.ENSFCAP00000022320	18.7	116974
4523582	9685.ENSFCAP00000018156	18.6	140950
4525697	9685.ENSFCAP00000020424	18.6	39423
4517600	9685.ENSFCAP00000009215	18.6	29917
4516442	9685.ENSFCAP00000007540	18.5	94923
4513489	9685.ENSFCAP00000003247	18.5	65983
4514573	9685.ENSFCAP00000004826	18.5	84327
4529972	9685.ENSFCAP00000024943	18.4	152296
4527550	9685.ENSFCAP00000022391	18.3	79143
4528652	9685.ENSFCAP00000023554	18.3	31631
4518056	9685.ENSFCAP00000009914	18.3	58930
4516201	9685.ENSFCAP00000007197	18.3	82783
4514488	9685.ENSFCAP00000004688	18.2	70480
4514189	9685.ENSFCAP00000004261	18.0	124709
4514460	9685.ENSFCAP00000004646	17.9	102670
4514663	9685.ENSFCAP00000004960	17.9	65173
4519871	9685.ENSFCAP00000012510	17.8	56996
4519375	9685.ENSFCAP00000011821	17.8	334029
4517629	9685.ENSFCAP00000009259	17.7	48033
4515371	9685.ENSFCAP00000006008	17.6	841244
4521283	9685.ENSFCAP00000014524	17.4	208945
4517451	9685.ENSFCAP00000009013	17.4	138721
4526300	9685.ENSFCAP00000021075	17.3	58936
4511534	9685.ENSFCAP00000000442	17.3	79675
4528887	9685.ENSFCAP00000023802	17.2	233518
4520885	9685.ENSFCAP00000013973	17.2	1160847
4516352	9685.ENSFCAP00000007413	17.1	177743
4525507	9685.ENSFCAP00000020219	17.0	89223
4511431	9685.ENSFCAP00000000295	16.9	655305
4515382	9685.ENSFCAP00000006024	16.8	116291
4518945	9685.ENSFCAP00000011192	16.8	238281
4524779	9685.ENSFCAP00000019433	16.7	50105
4517041	9685.ENSFCAP00000008428	16.6	1194607
4530368	9685.ENSFCAP00000025363	16.6	107155
4530059	9685.ENSFCAP00000025035	16.4	1009114
4512630	9685.ENSFCAP00000002001	16.4	213327
4522423	9685.ENSFCAP00000016922	16.3	32690
4514393	9685.ENSFCAP00000004556	16.2	73087
4524085	9685.ENSFCAP00000018687	16.2	42810
4528418	9685.ENSFCAP00000023312	16.1	50653
4522301	9685.ENSFCAP00000016793	16.1	112837
4524992	9685.ENSFCAP00000019661	16.1	110264
4513313	9685.ENSFCAP00000002984	16.0	203423
4524922	9685.ENSFCAP00000019588	15.9	86107
4515296	9685.ENSFCAP00000005895	15.8	66643
4515133	9685.ENSFCAP00000005665	15.7	15704
4529194	9685.ENSFCAP00000024122	15.6	47203
4512568	9685.ENSFCAP00000001914	15.4	80827
4517306	9685.ENSFCAP00000008799	15.4	134639
4513486	9685.ENSFCAP00000003241	15.4	342760
4516996	9685.ENSFCAP00000008364	15.2	21961
4514824	9685.ENSFCAP00000005208	15.2	50453
4520224	9685.ENSFCAP00000013022	15.2	108352
4524082	9685.ENSFCAP00000018684	15.1	20083
4516622	9685.ENSFCAP00000007803	15.0	137106
4530691	9685.ENSFCAP00000025705	15.0	77923
4528209	9685.ENSFCAP00000023095	15.0	77923
4513072	9685.ENSFCAP00000002637	15.0	27485
4525505	9685.ENSFCAP00000020217	14.8	28059
4514163	9685.ENSFCAP00000004223	14.8	210624
4514771	9685.ENSFCAP00000005145	14.7	201923
4523275	9685.ENSFCAP00000017833	14.7	28872
4516242	9685.ENSFCAP00000007246	14.6	47371
4525973	9685.ENSFCAP00000020724	14.6	42752
4514089	9685.ENSFCAP00000004122	14.4	36217
4523380	9685.ENSFCAP00000017945	14.4	194560
4524956	9685.ENSFCAP00000019622	14.4	194560
4528932	9685.ENSFCAP00000023851	14.4	48623
4518654	9685.ENSFCAP00000010795	14.0	89334
4516238	9685.ENSFCAP00000007239	14.0	135860
4517099	9685.ENSFCAP00000008518	13.9	77293
4511257	9685.ENSFCAP00000000068	13.9	105255
4520701	9685.ENSFCAP00000013716	13.7	47017
4516514	9685.ENSFCAP00000007655	13.6	55951
4514682	9685.ENSFCAP00000004997	13.5	68193
4517117	9685.ENSFCAP00000008542	13.5	109284
4511901	9685.ENSFCAP00000000973	13.2	51333
4513214	9685.ENSFCAP00000002851	13.2	23510
4525034	9685.ENSFCAP00000019705	13.1	48910
4519613	9685.ENSFCAP00000012137	12.9	51301
4529767	9685.ENSFCAP00000024731	12.9	23592
4512964	9685.ENSFCAP00000002482	12.6	38700
4518788	9685.ENSFCAP00000010970	12.4	35234
4525041	9685.ENSFCAP00000019712	12.4	88085
4521117	9685.ENSFCAP00000014286	12.3	47017
4528649	9685.ENSFCAP00000023551	12.2	212230
4511309	9685.ENSFCAP00000000146	12.2	23592
4515085	9685.ENSFCAP00000005589	12.1	42427
4514689	9685.ENSFCAP00000005010	12.1	424863
4516663	9685.ENSFCAP00000007875	12.0	43950
4515609	9685.ENSFCAP00000006370	11.9	213397
4516395	9685.ENSFCAP00000007478	11.8	119603
4519872	9685.ENSFCAP00000012511	11.8	129021
4514357	9685.ENSFCAP00000004510	11.8	91721
4523593	9685.ENSFCAP00000018168	11.8	17290
4519598	9685.ENSFCAP00000012119	11.7	45128
4518001	9685.ENSFCAP00000009828	11.7	129101
4529239	9685.ENSFCAP00000024171	11.7	62540
4524219	9685.ENSFCAP00000018833	11.7	86620
4517798	9685.ENSFCAP00000009526	11.6	42427
4514544	9685.ENSFCAP00000004774	11.6	43895
4529447	9685.ENSFCAP00000024392	11.6	66930
4525003	9685.ENSFCAP00000019672	11.6	21994
4514853	9685.ENSFCAP00000005254	11.5	96950
4525590	9685.ENSFCAP00000020308	11.5	108052
4512764	9685.ENSFCAP00000002194	11.3	106857
4525711	9685.ENSFCAP00000020439	11.2	204480
4523388	9685.ENSFCAP00000017954	11.1	153797
4519706	9685.ENSFCAP00000012271	11.1	1131934
4528243	9685.ENSFCAP00000023130	11.0	166632
4518154	9685.ENSFCAP00000010053	11.0	36623
4526571	9685.ENSFCAP00000021361	10.9	148430
4514228	9685.ENSFCAP00000004324	10.9	41603
4520907	9685.ENSFCAP00000014005	10.9	38623
4523445	9685.ENSFCAP00000018016	10.9	53932
4523918	9685.ENSFCAP00000018507	10.8	27845
4517426	9685.ENSFCAP00000008983	10.8	812332
4516905	9685.ENSFCAP00000008226	10.8	49594
4520346	9685.ENSFCAP00000013198	10.7	47550
4512521	9685.ENSFCAP00000001848	10.7	41273
4526877	9685.ENSFCAP00000021684	10.6	42919
4515023	9685.ENSFCAP00000005498	10.6	64717
4515966	9685.ENSFCAP00000006857	10.6	46877
4516965	9685.ENSFCAP00000008319	10.6	109723
4517800	9685.ENSFCAP00000009529	10.6	104959
4526451	9685.ENSFCAP00000021229	10.5	13000
4528653	9685.ENSFCAP00000023555	10.4	21823
4515372	9685.ENSFCAP00000006009	10.3	46283
4513046	9685.ENSFCAP00000002606	10.1	20065
4522571	9685.ENSFCAP00000017081	10.0	26419
4518585	9685.ENSFCAP00000010691	10.0	24958
4521931	9685.ENSFCAP00000016409	10.0	31671
4521731	9685.ENSFCAP00000016006	9.88	153797
4530259	9685.ENSFCAP00000025245	9.82	69723
4513483	9685.ENSFCAP00000003238	9.8	89453
4530590	9685.ENSFCAP00000025596	9.8	40260
4520902	9685.ENSFCAP00000014000	9.79	55500
4528127	9685.ENSFCAP00000023008	9.68	56117
4521552	9685.ENSFCAP00000015610	9.66	260023
4527622	9685.ENSFCAP00000022466	9.65	97257
4515056	9685.ENSFCAP00000005539	9.59	50490
4520464	9685.ENSFCAP00000013363	9.54	38113
4516839	9685.ENSFCAP00000008129	9.41	97493
4524814	9685.ENSFCAP00000019468	9.36	98696
4512404	9685.ENSFCAP00000001692	9.3	34210
4511859	9685.ENSFCAP00000000920	9.26	19660
4530337	9685.ENSFCAP00000025329	9.25	204480
4524660	9685.ENSFCAP00000019306	9.18	114746
4519163	9685.ENSFCAP00000011522	9.16	52563
4517370	9685.ENSFCAP00000008904	9.16	34529
4512977	9685.ENSFCAP00000002507	9.12	71392
4529845	9685.ENSFCAP00000024813	9.02	66672
4527830	9685.ENSFCAP00000022684	9.01	17535
4514800	9685.ENSFCAP00000005179	8.98	45927
4520837	9685.ENSFCAP00000013907	8.97	48754
4516058	9685.ENSFCAP00000006998	8.85	34407
4512613	9685.ENSFCAP00000001979	8.8	97892
4514888	9685.ENSFCAP00000005313	8.62	54816
4524448	9685.ENSFCAP00000019080	8.59	26613
4516636	9685.ENSFCAP00000007822	8.58	105936
4520962	9685.ENSFCAP00000014076	8.54	50490
4528665	9685.ENSFCAP00000023568	8.51	30843
4515984	9685.ENSFCAP00000006884	8.49	22618
4514940	9685.ENSFCAP00000005385	8.42	76818
4530482	9685.ENSFCAP00000025483	8.41	21821
4516164	9685.ENSFCAP00000007150	8.38	92513
4513984	9685.ENSFCAP00000003955	8.3	27059
4523354	9685.ENSFCAP00000017918	8.23	34243
4512538	9685.ENSFCAP00000001869	8.22	416079
4519728	9685.ENSFCAP00000012299	8.13	17280
4520473	9685.ENSFCAP00000013376	8.12	59052
4516149	9685.ENSFCAP00000007129	8.07	37557
4518368	9685.ENSFCAP00000010377	8.05	14789
4521043	9685.ENSFCAP00000014183	8.04	72327
4527655	9685.ENSFCAP00000022503	8.04	58040
4512534	9685.ENSFCAP00000001864	8.03	556403
4527284	9685.ENSFCAP00000022114	8.02	40864
4527678	9685.ENSFCAP00000022527	7.97	31216
4520570	9685.ENSFCAP00000013532	7.91	32390
4523502	9685.ENSFCAP00000018075	7.9	42127
4511739	9685.ENSFCAP00000000742	7.8	30094
4516851	9685.ENSFCAP00000008144	7.78	80452
4516251	9685.ENSFCAP00000007260	7.76	45788
4518455	9685.ENSFCAP00000010503	7.69	42720
4514745	9685.ENSFCAP00000005092	7.6	27211
4521322	9685.ENSFCAP00000014576	7.57	155885
4527310	9685.ENSFCAP00000022141	7.54	36373
4529539	9685.ENSFCAP00000024487	7.43	25153
4517917	9685.ENSFCAP00000009704	7.39	59311
4516506	9685.ENSFCAP00000007642	7.37	41327
4513024	9685.ENSFCAP00000002572	7.36	20788
4516753	9685.ENSFCAP00000008011	7.36	74820
4517987	9685.ENSFCAP00000009806	7.33	791969
4512574	9685.ENSFCAP00000001922	7.33	41555
4511829	9685.ENSFCAP00000000876	7.24	35090
4515035	9685.ENSFCAP00000005513	7.24	30912
4522671	9685.ENSFCAP00000017190	7.09	296388
4515698	9685.ENSFCAP00000006488	7.0	84883
4522637	9685.ENSFCAP00000017153	6.92	28449
4524485	9685.ENSFCAP00000019117	6.91	174379
4522035	9685.ENSFCAP00000016518	6.83	15375
4519299	9685.ENSFCAP00000011715	6.75	20796
4516632	9685.ENSFCAP00000007817	6.75	12955
4520496	9685.ENSFCAP00000013408	6.73	11734
4515142	9685.ENSFCAP00000005677	6.72	15623
4526209	9685.ENSFCAP00000020980	6.72	16916
4527827	9685.ENSFCAP00000022681	6.7	19193
4520317	9685.ENSFCAP00000013159	6.67	31006
4519811	9685.ENSFCAP00000012415	6.65	20190
4511853	9685.ENSFCAP00000000910	6.62	45230
4517690	9685.ENSFCAP00000009362	6.62	64240
4517304	9685.ENSFCAP00000008797	6.51	51183
4528431	9685.ENSFCAP00000023326	6.51	17318
4511464	9685.ENSFCAP00000000346	6.5	39907
4521446	9685.ENSFCAP00000015371	6.49	761895
4515479	9685.ENSFCAP00000006172	6.49	55311
4513575	9685.ENSFCAP00000003378	6.47	40947
4519074	9685.ENSFCAP00000011396	6.43	28518
4519265	9685.ENSFCAP00000011666	6.41	61839
4520574	9685.ENSFCAP00000013539	6.26	28855
4518968	9685.ENSFCAP00000011231	6.13	31611
4530653	9685.ENSFCAP00000025661	6.05	20850
4513758	9685.ENSFCAP00000003647	6.04	23470
4515886	9685.ENSFCAP00000006744	6.03	13913
4514187	9685.ENSFCAP00000004259	6.03	219804
4517186	9685.ENSFCAP00000008633	5.98	28234
4521105	9685.ENSFCAP00000014271	5.98	25745
4524457	9685.ENSFCAP00000019089	5.92	69520
4514709	9685.ENSFCAP00000005042	5.89	24101
4530684	9685.ENSFCAP00000025696	5.88	11165
4516644	9685.ENSFCAP00000007835	5.77	24319
4525221	9685.ENSFCAP00000019908	5.73	17951
4514068	9685.ENSFCAP00000004090	5.7	59460
4514167	9685.ENSFCAP00000004228	5.67	33062
4516705	9685.ENSFCAP00000007930	5.65	27449
4522746	9685.ENSFCAP00000017268	5.6	19193
4515969	9685.ENSFCAP00000006860	5.58	96629
4528731	9685.ENSFCAP00000023639	5.54	15813
4511638	9685.ENSFCAP00000000591	5.52	17486
4520172	9685.ENSFCAP00000012950	5.47	57740
4526443	9685.ENSFCAP00000021221	5.46	40473
4513216	9685.ENSFCAP00000002854	5.4	29677
4512702	9685.ENSFCAP00000002108	5.4	56648
4523105	9685.ENSFCAP00000017647	5.25	16950
4529753	9685.ENSFCAP00000024716	5.24	23923
4526808	9685.ENSFCAP00000021609	5.23	209154
4518769	9685.ENSFCAP00000010940	5.18	9548
4516300	9685.ENSFCAP00000007338	5.1	16119
4526739	9685.ENSFCAP00000021536	5.07	11734
4530608	9685.ENSFCAP00000025615	5.05	153797
4511645	9685.ENSFCAP00000000599	4.98	55501
4529250	9685.ENSFCAP00000024182	4.94	204480
4527105	9685.ENSFCAP00000021923	4.92	60853
4517149	9685.ENSFCAP00000008588	4.91	6558
4518402	9685.ENSFCAP00000010433	4.71	33004
4520137	9685.ENSFCAP00000012897	4.66	28095
4518179	9685.ENSFCAP00000010084	4.58	38427
4526815	9685.ENSFCAP00000021617	4.52	10842
4516326	9685.ENSFCAP00000007377	4.45	31915
4520097	9685.ENSFCAP00000012841	4.44	14950
4528807	9685.ENSFCAP00000023719	4.42	24857
4520307	9685.ENSFCAP00000013146	4.41	38113
4530002	9685.ENSFCAP00000024975	4.33	69723
4523803	9685.ENSFCAP00000018387	4.32	22304
4516740	9685.ENSFCAP00000007990	4.28	43477
4523196	9685.ENSFCAP00000017745	4.26	10552
4517986	9685.ENSFCAP00000009805	4.23	732838
4516332	9685.ENSFCAP00000007384	4.19	21839
4516630	9685.ENSFCAP00000007814	4.18	36036
4519122	9685.ENSFCAP00000011471	4.17	12078
4512171	9685.ENSFCAP00000001357	4.15	77819
4511752	9685.ENSFCAP00000000758	4.14	65905
4525805	9685.ENSFCAP00000020539	4.13	33062
4512140	9685.ENSFCAP00000001318	4.06	10817
4527769	9685.ENSFCAP00000022619	4.05	19703
4514518	9685.ENSFCAP00000004737	3.97	57133
4520958	9685.ENSFCAP00000014070	3.94	10503
4515633	9685.ENSFCAP00000006402	3.93	283447
4511503	9685.ENSFCAP00000000398	3.91	31232
4513532	9685.ENSFCAP00000003316	3.9	18698
4518515	9685.ENSFCAP00000010587	3.88	11800
4520686	9685.ENSFCAP00000013698	3.7	42487
4517315	9685.ENSFCAP00000008814	3.68	13290
4522943	9685.ENSFCAP00000017475	3.68	12321
4514713	9685.ENSFCAP00000005053	3.66	52867
4519206	9685.ENSFCAP00000011572	3.65	18107
4526063	9685.ENSFCAP00000020819	3.56	42312
4521570	9685.ENSFCAP00000015650	3.56	24455
4514014	9685.ENSFCAP00000004005	3.56	17959
4529959	9685.ENSFCAP00000024930	3.56	60853
4518366	9685.ENSFCAP00000010375	3.44	46080
4529567	9685.ENSFCAP00000024515	3.43	21610
4522760	9685.ENSFCAP00000017285	3.43	46080
4529577	9685.ENSFCAP00000024528	3.34	24115
4520250	9685.ENSFCAP00000013066	3.3	12382
4527041	9685.ENSFCAP00000021858	3.29	42193
4519612	9685.ENSFCAP00000012136	3.29	15296
4511496	9685.ENSFCAP00000000387	3.26	17502
4528012	9685.ENSFCAP00000022880	3.25	40977
4517481	9685.ENSFCAP00000009047	3.21	210727
4523301	9685.ENSFCAP00000017862	3.19	42312
4528470	9685.ENSFCAP00000023369	3.17	96915
4520200	9685.ENSFCAP00000012986	3.12	101900
4518684	9685.ENSFCAP00000010832	3.09	18144
4527999	9685.ENSFCAP00000022867	3.06	7382
4529923	9685.ENSFCAP00000024892	3.04	17629
4517353	9685.ENSFCAP00000008876	3.0	12619
4523017	9685.ENSFCAP00000017555	2.93	38629
4515971	9685.ENSFCAP00000006864	2.92	31337
4527226	9685.ENSFCAP00000022052	2.9	45393
4517194	9685.ENSFCAP00000008647	2.85	25832
4511328	9685.ENSFCAP00000000170	2.85	31929
4511564	9685.ENSFCAP00000000483	2.78	20242
4515443	9685.ENSFCAP00000006116	2.75	210727
4517384	9685.ENSFCAP00000008923	2.7	11019
4526208	9685.ENSFCAP00000020979	2.66	18144
4522107	9685.ENSFCAP00000016594	2.63	14584
4521656	9685.ENSFCAP00000015834	2.63	125113
4513059	9685.ENSFCAP00000002623	2.52	63660
4518009	9685.ENSFCAP00000009839	2.52	5674
4515740	9685.ENSFCAP00000006547	2.5	17629
4513200	9685.ENSFCAP00000002828	2.47	34690
4513707	9685.ENSFCAP00000003579	2.41	210727
4526486	9685.ENSFCAP00000021268	2.4	29744
4517985	9685.ENSFCAP00000009804	2.38	633675
4519213	9685.ENSFCAP00000011581	2.37	20673
4514813	9685.ENSFCAP00000005193	2.35	23086
4517614	9685.ENSFCAP00000009238	2.35	53270
4519660	9685.ENSFCAP00000012210	2.32	53270
4519174	9685.ENSFCAP00000011534	2.3	53786
4521163	9685.ENSFCAP00000014352	2.27	26897
4516959	9685.ENSFCAP00000008311	2.26	18865
4512332	9685.ENSFCAP00000001593	2.26	28449
4516579	9685.ENSFCAP00000007742	2.22	61354
4517547	9685.ENSFCAP00000009134	2.22	13796
4518493	9685.ENSFCAP00000010555	2.2	18144
4528474	9685.ENSFCAP00000023373	2.17	18637
4521449	9685.ENSFCAP00000015379	2.17	20673
4512783	9685.ENSFCAP00000002227	2.17	210727
4525405	9685.ENSFCAP00000020109	2.16	106183
4513760	9685.ENSFCAP00000003649	2.15	612925
4520408	9685.ENSFCAP00000013286	2.08	49691
4530438	9685.ENSFCAP00000025437	2.06	50215
4513702	9685.ENSFCAP00000003574	2.02	27415
4514705	9685.ENSFCAP00000005037	2.02	9049
4514354	9685.ENSFCAP00000004506	2.01	597300
4512717	9685.ENSFCAP00000002133	1.98	607840
4523656	9685.ENSFCAP00000018235	1.96	31124
4516681	9685.ENSFCAP00000007898	1.95	14657
4524617	9685.ENSFCAP00000019258	1.94	10850
4521871	9685.ENSFCAP00000016322	1.92	23895
4523782	9685.ENSFCAP00000018366	1.9	16849
4521938	9685.ENSFCAP00000016417	1.88	5785
4514324	9685.ENSFCAP00000004455	1.86	17328
4516773	9685.ENSFCAP00000008041	1.83	20865
4518780	9685.ENSFCAP00000010962	1.81	8974
4529426	9685.ENSFCAP00000024370	1.75	21102
4513113	9685.ENSFCAP00000002700	1.69	81574
4518677	9685.ENSFCAP00000010823	1.64	7837
4516066	9685.ENSFCAP00000007008	1.63	13365
4518891	9685.ENSFCAP00000011111	1.62	15289
4516186	9685.ENSFCAP00000007176	1.62	21102
4527379	9685.ENSFCAP00000022212	1.6	20921
4523852	9685.ENSFCAP00000018439	1.47	6586
4520489	9685.ENSFCAP00000013400	1.4	16849
4517904	9685.ENSFCAP00000009687	1.38	15289
4516742	9685.ENSFCAP00000007993	1.35	16916
4513955	9685.ENSFCAP00000003916	1.35	40680
4523851	9685.ENSFCAP00000018438	1.3	8447
4519459	9685.ENSFCAP00000011930	1.27	12500
4529322	9685.ENSFCAP00000024256	1.2	81574
4515908	9685.ENSFCAP00000006774	1.18	70607
4521623	9685.ENSFCAP00000015773	1.17	81574
4527760	9685.ENSFCAP00000022610	1.16	81574
4513375	9685.ENSFCAP00000003079	1.15	81574
4515290	9685.ENSFCAP00000005888	1.11	81574
4515403	9685.ENSFCAP00000006053	1.09	9682
4513664	9685.ENSFCAP00000003513	1.05	41177
4526005	9685.ENSFCAP00000020757	1.04	41177
4529574	9685.ENSFCAP00000024523	1.04	8812
4518883	9685.ENSFCAP00000011099	0.992	23044
4514799	9685.ENSFCAP00000005178	0.992	81574
4530122	9685.ENSFCAP00000025102	0.961	3808
4523302	9685.ENSFCAP00000017863	0.911	18029
4518505	9685.ENSFCAP00000010574	0.896	9710
4519707	9685.ENSFCAP00000012273	0.863	4910
4515318	9685.ENSFCAP00000005927	0.757	25033
4512298	9685.ENSFCAP00000001542	0.629	7508
4522659	9685.ENSFCAP00000017176	0.583	2479
4511897	9685.ENSFCAP00000000967	0.481	7469
4517992	9685.ENSFCAP00000009812	0.323	14087
4521125	9685.ENSFCAP00000014296	0.305	4319
4528155	9685.ENSFCAP00000023038	0.189	4072
