#id: 2142947369
#name: Sus scrofa - Liver, SC (Peptideatlas,nov,2014)
#score: 11.4
#description: abundance based on Spectral counting, Interaction consistency score: 11.4, Coverage: 9
#organ: LIVER
#integrated: false
#coverage: 9
#link: http://www.peptideatlas.org/
#publication_year: 2014
#filename: 9823-Sus-scrofa-liver_PA_2014-11.txt
#
#internal_id	string_external_id	abundance	raw_spectral_count
4802534	9823.ENSSSCP00000008517	109319	171418
4807485	9823.ENSSSCP00000015647	67458	190361
4803247	9823.ENSSSCP00000009549	50763	313672
4797407	9823.ENSSSCP00000000740	47452	50917
4811994	9823.ENSSSCP00000021419	42957	112188
4814348	9823.ENSSSCP00000024044	22208	1936
4805633	9823.ENSSSCP00000012901	21651	2528
4807487	9823.ENSSSCP00000015649	20280	86878
4797400	9823.ENSSSCP00000000730	19855	58817
4807486	9823.ENSSSCP00000015648	14558	39134
4802720	9823.ENSSSCP00000008769	13946	21278
4809845	9823.ENSSSCP00000018966	13113	78701
4798194	9823.ENSSSCP00000002108	12366	50711
4816818	9823.ENSSSCP00000026815	12223	8992
4805300	9823.ENSSSCP00000012406	9658	73925
4812426	9823.ENSSSCP00000021888	9533	4551
4806439	9823.ENSSSCP00000014202	9051	32400
4814725	9823.ENSSSCP00000024473	8501	57186
4805813	9823.ENSSSCP00000013238	7437	31700
4803941	9823.ENSSSCP00000010514	7097	13970
4804116	9823.ENSSSCP00000010750	7029	13152
4806391	9823.ENSSSCP00000014135	6662	27700
4808477	9823.ENSSSCP00000017034	6246	4994
4805421	9823.ENSSSCP00000012570	6188	15598
4798831	9823.ENSSSCP00000003094	5948	29138
4817948	9823.ENSSSCP00000028087	5836	58799
4802268	9823.ENSSSCP00000008105	5836	58799
4807143	9823.ENSSSCP00000015173	5374	1957
4802713	9823.ENSSSCP00000008760	5157	3131
4812643	9823.ENSSSCP00000022130	5033	12706
4799550	9823.ENSSSCP00000004124	4764	26929
4800702	9823.ENSSSCP00000005790	4594	11502
4806735	9823.ENSSSCP00000014605	4544	5929
4805812	9823.ENSSSCP00000013237	4455	9144
4797075	9823.ENSSSCP00000000226	4029	9417
4808972	9823.ENSSSCP00000017727	4026	6233
4810175	9823.ENSSSCP00000019366	3759	2518
4798136	9823.ENSSSCP00000002026	3567	12860
4798644	9823.ENSSSCP00000002831	3513	9202
4807741	9823.ENSSSCP00000015994	3499	10710
4800703	9823.ENSSSCP00000005791	3455	3190
4815968	9823.ENSSSCP00000025866	3224	19005
4809745	9823.ENSSSCP00000018818	3159	8483
4799216	9823.ENSSSCP00000003670	3106	3582
4801212	9823.ENSSSCP00000006551	2943	10027
4808771	9823.ENSSSCP00000017465	2884	5764
4808476	9823.ENSSSCP00000017033	2832	13610
4807740	9823.ENSSSCP00000015993	2737	1797
4812127	9823.ENSSSCP00000021561	2733	8137
4805634	9823.ENSSSCP00000012903	2713	390
4800051	9823.ENSSSCP00000004843	2706	8434
4807417	9823.ENSSSCP00000015556	2698	8505
4804213	9823.ENSSSCP00000010867	2575	46528
4800285	9823.ENSSSCP00000005172	2575	46528
4817840	9823.ENSSSCP00000027960	2567	2906
4811851	9823.ENSSSCP00000021263	2515	15127
4798842	9823.ENSSSCP00000003110	2512	19046
4804455	9823.ENSSSCP00000011206	2461	8511
4804397	9823.ENSSSCP00000011135	2448	44160
4812355	9823.ENSSSCP00000021806	2417	22221
4804475	9823.ENSSSCP00000011226	2401	8420
4809846	9823.ENSSSCP00000018967	2388	4497
4798738	9823.ENSSSCP00000002967	2386	7624
4808536	9823.ENSSSCP00000017119	2349	34366
4801158	9823.ENSSSCP00000006472	2284	7997
4798647	9823.ENSSSCP00000002835	2128	8063
4798645	9823.ENSSSCP00000002832	2082	4543
4806743	9823.ENSSSCP00000014615	2076	5218
4816817	9823.ENSSSCP00000026814	2075	6793
4797382	9823.ENSSSCP00000000701	2062	24751
4797797	9823.ENSSSCP00000001459	2020	26883
4804345	9823.ENSSSCP00000011056	1970	9976
4807793	9823.ENSSSCP00000016063	1946	15588
4818380	9823.ENSSSCP00000030314	1930	1770
4799686	9823.ENSSSCP00000004323	1930	5705
4809631	9823.ENSSSCP00000018643	1926	2835
4815062	9823.ENSSSCP00000024847	1876	12328
4800207	9823.ENSSSCP00000005064	1868	10206
4797625	9823.ENSSSCP00000001076	1862	24054
4800771	9823.ENSSSCP00000005884	1856	6534
4796966	9823.ENSSSCP00000000070	1825	10597
4797326	9823.ENSSSCP00000000606	1813	10199
4802827	9823.ENSSSCP00000008932	1806	3759
4801536	9823.ENSSSCP00000006990	1796	5553
4798584	9823.ENSSSCP00000002743	1795	3509
4806191	9823.ENSSSCP00000013857	1760	3914
4799625	9823.ENSSSCP00000004229	1735	4059
4798539	9823.ENSSSCP00000002681	1694	6026
4800843	9823.ENSSSCP00000006000	1689	11121
4802532	9823.ENSSSCP00000008514	1670	8317
4798022	9823.ENSSSCP00000001854	1650	11075
4814321	9823.ENSSSCP00000024014	1642	6534
4812668	9823.ENSSSCP00000022159	1614	1871
4816036	9823.ENSSSCP00000025941	1582	2836
4801020	9823.ENSSSCP00000006259	1574	24767
4802340	9823.ENSSSCP00000008216	1534	5832
4802339	9823.ENSSSCP00000008215	1534	5832
4816961	9823.ENSSSCP00000026977	1516	4720
4806825	9823.ENSSSCP00000014722	1513	5152
4801174	9823.ENSSSCP00000006491	1507	2098
4802773	9823.ENSSSCP00000008854	1501	19165
4812171	9823.ENSSSCP00000021610	1466	11945
4807024	9823.ENSSSCP00000015001	1466	11945
4807744	9823.ENSSSCP00000015997	1460	3310
4811996	9823.ENSSSCP00000021421	1451	2699
4800332	9823.ENSSSCP00000005246	1392	1275
4799101	9823.ENSSSCP00000003505	1386	2823
4803974	9823.ENSSSCP00000010556	1368	6627
4816413	9823.ENSSSCP00000026368	1334	6188
4805651	9823.ENSSSCP00000012930	1320	1075
4813936	9823.ENSSSCP00000023581	1297	7573
4805713	9823.ENSSSCP00000013055	1297	7573
4807711	9823.ENSSSCP00000015948	1292	2111
4812576	9823.ENSSSCP00000022058	1256	5297
4803367	9823.ENSSSCP00000009706	1247	3689
4806042	9823.ENSSSCP00000013652	1240	1266
4803405	9823.ENSSSCP00000009757	1232	2465
4798547	9823.ENSSSCP00000002692	1201	2162
4800110	9823.ENSSSCP00000004929	1200	5035
4798142	9823.ENSSSCP00000002037	1185	3622
4810586	9823.ENSSSCP00000019832	1169	2699
4804671	9823.ENSSSCP00000011503	1161	3991
4800743	9823.ENSSSCP00000005849	1155	1571
4817845	9823.ENSSSCP00000027965	1148	453
4799297	9823.ENSSSCP00000003790	1143	2582
4798259	9823.ENSSSCP00000002200	1127	1860
4814324	9823.ENSSSCP00000024017	1125	5444
4797209	9823.ENSSSCP00000000432	1123	6079
4804780	9823.ENSSSCP00000011671	1118	3700
4804537	9823.ENSSSCP00000011305	1083	3836
4797102	9823.ENSSSCP00000000267	1082	5190
4812834	9823.ENSSSCP00000022339	1067	3001
4806086	9823.ENSSSCP00000013714	1040	2152
4806587	9823.ENSSSCP00000014392	1022	18767
4812384	9823.ENSSSCP00000021841	1019	400
4810798	9823.ENSSSCP00000020053	1017	850
4797509	9823.ENSSSCP00000000906	1011	7497
4805698	9823.ENSSSCP00000013022	1004	2935
4798797	9823.ENSSSCP00000003044	992	5343
4798799	9823.ENSSSCP00000003046	973	2484
4805423	9823.ENSSSCP00000012572	973	3591
4815305	9823.ENSSSCP00000025123	972	3408
4809223	9823.ENSSSCP00000018106	965	918
4800066	9823.ENSSSCP00000004865	964	2389
4809222	9823.ENSSSCP00000018105	962	4347
4798546	9823.ENSSSCP00000002691	954	4463
4804160	9823.ENSSSCP00000010805	953	2301
4811216	9823.ENSSSCP00000020540	952	3210
4801554	9823.ENSSSCP00000007024	950	661
4808958	9823.ENSSSCP00000017710	945	5037
4806878	9823.ENSSSCP00000014787	937	2867
4800193	9823.ENSSSCP00000005040	930	3401
4801993	9823.ENSSSCP00000007654	927	1012
4809632	9823.ENSSSCP00000018645	917	1856
4797061	9823.ENSSSCP00000000201	913	20281
4812499	9823.ENSSSCP00000021972	901	2086
4814161	9823.ENSSSCP00000023834	893	321
4816180	9823.ENSSSCP00000026108	893	3948
4798255	9823.ENSSSCP00000002196	885	5414
4798657	9823.ENSSSCP00000002850	882	16754
4800911	9823.ENSSSCP00000006108	876	3016
4804597	9823.ENSSSCP00000011381	872	2070
4799521	9823.ENSSSCP00000004085	868	2494
4797062	9823.ENSSSCP00000000205	853	18479
4808579	9823.ENSSSCP00000017179	850	17744
4805154	9823.ENSSSCP00000012206	842	5877
4815656	9823.ENSSSCP00000025514	839	3597
4802828	9823.ENSSSCP00000008933	833	1148
4797060	9823.ENSSSCP00000000199	833	19078
4802744	9823.ENSSSCP00000008807	829	1407
4802122	9823.ENSSSCP00000007864	815	5733
4801571	9823.ENSSSCP00000007063	808	5050
4798545	9823.ENSSSCP00000002690	806	980
4804107	9823.ENSSSCP00000010740	805	1279
4814364	9823.ENSSSCP00000024062	796	1543
4802563	9823.ENSSSCP00000008556	789	378
4798798	9823.ENSSSCP00000003045	788	6026
4809018	9823.ENSSSCP00000017791	778	1517
4816148	9823.ENSSSCP00000026068	766	2050
4816402	9823.ENSSSCP00000026357	758	1495
4817918	9823.ENSSSCP00000028049	745	2893
4807794	9823.ENSSSCP00000016065	740	9917
4801357	9823.ENSSSCP00000006743	738	5158
4806591	9823.ENSSSCP00000014399	736	7675
4800328	9823.ENSSSCP00000005241	733	3452
4808578	9823.ENSSSCP00000017178	728	15562
4802338	9823.ENSSSCP00000008214	723	5463
4799319	9823.ENSSSCP00000003820	715	1126
4810836	9823.ENSSSCP00000020097	715	4206
4797703	9823.ENSSSCP00000001206	714	847
4800059	9823.ENSSSCP00000004854	713	3411
4814210	9823.ENSSSCP00000023888	711	4613
4809876	9823.ENSSSCP00000019005	703	872
4797196	9823.ENSSSCP00000000411	700	2457
4797189	9823.ENSSSCP00000000402	700	2457
4797014	9823.ENSSSCP00000000137	692	1473
4800639	9823.ENSSSCP00000005709	691	4199
4798773	9823.ENSSSCP00000003017	683	1951
4812414	9823.ENSSSCP00000021876	674	590
4804138	9823.ENSSSCP00000010776	671	16187
4804134	9823.ENSSSCP00000010772	671	16187
4818263	9823.ENSSSCP00000029439	661	1177
4818354	9823.ENSSSCP00000030086	659	5197
4815156	9823.ENSSSCP00000024958	659	2535
4803025	9823.ENSSSCP00000009207	659	5102
4804125	9823.ENSSSCP00000010761	656	755
4808026	9823.ENSSSCP00000016385	648	4114
4817518	9823.ENSSSCP00000027595	645	1046
4800624	9823.ENSSSCP00000005692	642	5010
4804719	9823.ENSSSCP00000011571	641	2575
4817310	9823.ENSSSCP00000027363	635	2516
4806183	9823.ENSSSCP00000013848	630	8452
4803020	9823.ENSSSCP00000009202	626	2161
4802648	9823.ENSSSCP00000008670	608	1689
4815801	9823.ENSSSCP00000025679	592	1530
4807739	9823.ENSSSCP00000015992	585	2862
4802826	9823.ENSSSCP00000008931	573	1930
4796969	9823.ENSSSCP00000000076	570	1065
4818375	9823.ENSSSCP00000030279	562	977
4817129	9823.ENSSSCP00000027164	560	2411
4803238	9823.ENSSSCP00000009539	558	845
4798393	9823.ENSSSCP00000002468	557	6944
4813003	9823.ENSSSCP00000022525	555	3778
4817745	9823.ENSSSCP00000027849	551	2578
4813216	9823.ENSSSCP00000022767	551	2578
4812562	9823.ENSSSCP00000022043	551	2578
4816234	9823.ENSSSCP00000026166	551	2578
4811443	9823.ENSSSCP00000020802	551	2578
4797717	9823.ENSSSCP00000001246	551	2578
4810749	9823.ENSSSCP00000020000	551	2578
4804920	9823.ENSSSCP00000011886	540	3268
4815564	9823.ENSSSCP00000025410	537	1434
4800102	9823.ENSSSCP00000004914	531	1114
4805422	9823.ENSSSCP00000012571	529	1480
4807202	9823.ENSSSCP00000015252	526	3962
4798549	9823.ENSSSCP00000002695	514	2408
4803860	9823.ENSSSCP00000010408	512	799
4813474	9823.ENSSSCP00000023060	511	776
4816484	9823.ENSSSCP00000026450	510	1461
4799839	9823.ENSSSCP00000004530	507	1689
4802821	9823.ENSSSCP00000008922	505	1541
4806238	9823.ENSSSCP00000013919	503	2578
4805190	9823.ENSSSCP00000012257	502	1700
4800705	9823.ENSSSCP00000005794	493	1851
4806455	9823.ENSSSCP00000014220	486	519
4799274	9823.ENSSSCP00000003761	485	601
4811666	9823.ENSSSCP00000021049	478	2185
4816259	9823.ENSSSCP00000026195	478	5855
4803906	9823.ENSSSCP00000010467	477	2404
4800602	9823.ENSSSCP00000005658	474	1443
4807069	9823.ENSSSCP00000015066	474	421
4814135	9823.ENSSSCP00000023805	471	1242
4805751	9823.ENSSSCP00000013119	467	1032
4796945	9823.ENSSSCP00000000040	466	1113
4802705	9823.ENSSSCP00000008748	466	372
4798252	9823.ENSSSCP00000002192	465	1160
4808801	9823.ENSSSCP00000017503	461	1047
4803973	9823.ENSSSCP00000010555	458	841
4817048	9823.ENSSSCP00000027076	456	1050
4817637	9823.ENSSSCP00000027727	455	1048
4814557	9823.ENSSSCP00000024282	451	204
4809693	9823.ENSSSCP00000018744	450	1544
4811917	9823.ENSSSCP00000021332	450	1102
4811987	9823.ENSSSCP00000021412	445	510
4815148	9823.ENSSSCP00000024948	441	395
4801419	9823.ENSSSCP00000006818	438	1220
4806628	9823.ENSSSCP00000014450	432	214
4800442	9823.ENSSSCP00000005402	431	7266
4800664	9823.ENSSSCP00000005741	429	1072
4808938	9823.ENSSSCP00000017685	426	460
4804840	9823.ENSSSCP00000011767	421	2640
4798452	9823.ENSSSCP00000002556	419	1905
4800398	9823.ENSSSCP00000005345	416	194
4797904	9823.ENSSSCP00000001659	415	682
4804909	9823.ENSSSCP00000011867	414	1443
4813933	9823.ENSSSCP00000023578	408	1145
4817742	9823.ENSSSCP00000027846	407	665
4804915	9823.ENSSSCP00000011877	405	2449
4804620	9823.ENSSSCP00000011432	405	1850
4802804	9823.ENSSSCP00000008898	401	1270
4809965	9823.ENSSSCP00000019138	399	332
4801638	9823.ENSSSCP00000007163	395	2097
4810034	9823.ENSSSCP00000019211	392	517
4799525	9823.ENSSSCP00000004089	386	918
4806637	9823.ENSSSCP00000014461	385	1117
4808264	9823.ENSSSCP00000016726	383	2334
4800115	9823.ENSSSCP00000004935	380	1174
4808018	9823.ENSSSCP00000016374	380	1362
4817275	9823.ENSSSCP00000027325	379	426
4798952	9823.ENSSSCP00000003296	379	560
4801211	9823.ENSSSCP00000006550	378	1069
4799724	9823.ENSSSCP00000004375	377	832
4815937	9823.ENSSSCP00000025827	375	1121
4802376	9823.ENSSSCP00000008270	374	124
4814925	9823.ENSSSCP00000024691	372	962
4799764	9823.ENSSSCP00000004436	369	375
4808053	9823.ENSSSCP00000016426	366	1467
4801727	9823.ENSSSCP00000007277	365	437
4797195	9823.ENSSSCP00000000410	365	1102
4800645	9823.ENSSSCP00000005717	364	666
4803992	9823.ENSSSCP00000010581	363	1065
4809943	9823.ENSSSCP00000019108	363	2867
4800837	9823.ENSSSCP00000005993	363	82
4815767	9823.ENSSSCP00000025642	359	842
4811122	9823.ENSSSCP00000020434	358	366
4802743	9823.ENSSSCP00000008804	350	93
4798988	9823.ENSSSCP00000003343	349	1195
4798215	9823.ENSSSCP00000002141	347	1196
4799053	9823.ENSSSCP00000003425	346	956
4798548	9823.ENSSSCP00000002694	346	2444
4800186	9823.ENSSSCP00000005032	344	1343
4814489	9823.ENSSSCP00000024202	344	2769
4809948	9823.ENSSSCP00000019116	341	1440
4817004	9823.ENSSSCP00000027026	340	335
4815723	9823.ENSSSCP00000025588	340	1387
4807026	9823.ENSSSCP00000015005	337	3486
4805003	9823.ENSSSCP00000012012	336	523
4804271	9823.ENSSSCP00000010955	336	429
4800380	9823.ENSSSCP00000005322	332	767
4798078	9823.ENSSSCP00000001946	332	1426
4804319	9823.ENSSSCP00000011024	332	948
4802056	9823.ENSSSCP00000007750	329	1148
4814950	9823.ENSSSCP00000024721	329	299
4803435	9823.ENSSSCP00000009794	328	965
4817185	9823.ENSSSCP00000027223	328	1529
4813913	9823.ENSSSCP00000023557	327	276
4802373	9823.ENSSSCP00000008264	327	1523
4802787	9823.ENSSSCP00000008871	326	836
4807040	9823.ENSSSCP00000015023	324	709
4806949	9823.ENSSSCP00000014907	323	1555
4810834	9823.ENSSSCP00000020095	321	182
4803289	9823.ENSSSCP00000009602	318	1226
4801213	9823.ENSSSCP00000006552	316	798
4804989	9823.ENSSSCP00000011995	316	1294
4810402	9823.ENSSSCP00000019623	315	253
4803275	9823.ENSSSCP00000009586	313	649
4810856	9823.ENSSSCP00000020119	313	505
4806437	9823.ENSSSCP00000014199	311	4017
4811688	9823.ENSSSCP00000021072	310	3882
4803431	9823.ENSSSCP00000009789	308	3418
4800729	9823.ENSSSCP00000005831	306	381
4801500	9823.ENSSSCP00000006940	306	798
4809572	9823.ENSSSCP00000018571	303	614
4797553	9823.ENSSSCP00000000971	303	334
4805531	9823.ENSSSCP00000012733	296	224
4813974	9823.ENSSSCP00000023624	296	655
4807645	9823.ENSSSCP00000015859	295	3580
4807647	9823.ENSSSCP00000015862	295	3580
4808090	9823.ENSSSCP00000016481	295	668
4811431	9823.ENSSSCP00000020790	294	319
4814260	9823.ENSSSCP00000023946	293	462
4813073	9823.ENSSSCP00000022607	291	1538
4817927	9823.ENSSSCP00000028062	291	1538
4802874	9823.ENSSSCP00000009000	291	1538
4814641	9823.ENSSSCP00000024376	290	1744
4798462	9823.ENSSSCP00000002572	289	1130
4812093	9823.ENSSSCP00000021523	288	8250
4804087	9823.ENSSSCP00000010705	287	4390
4796982	9823.ENSSSCP00000000093	287	549
4797465	9823.ENSSSCP00000000821	287	7610
4808306	9823.ENSSSCP00000016782	285	892
4805908	9823.ENSSSCP00000013423	285	396
4806221	9823.ENSSSCP00000013894	273	1231
4807578	9823.ENSSSCP00000015774	273	601
4798901	9823.ENSSSCP00000003207	272	3482
4808953	9823.ENSSSCP00000017704	271	445
4814639	9823.ENSSSCP00000024374	271	2299
4803290	9823.ENSSSCP00000009603	271	2299
4804301	9823.ENSSSCP00000010997	270	2756
4803592	9823.ENSSSCP00000010038	270	713
4809035	9823.ENSSSCP00000017828	270	1471
4799602	9823.ENSSSCP00000004197	269	905
4816244	9823.ENSSSCP00000026176	267	4517
4800299	9823.ENSSSCP00000005194	267	2023
4801792	9823.ENSSSCP00000007354	265	633
4801203	9823.ENSSSCP00000006535	265	1015
4797914	9823.ENSSSCP00000001676	265	436
4797883	9823.ENSSSCP00000001631	263	327
4809678	9823.ENSSSCP00000018720	263	2274
4802854	9823.ENSSSCP00000008972	263	382
4812934	9823.ENSSSCP00000022446	262	1261
4807766	9823.ENSSSCP00000016026	261	183
4803525	9823.ENSSSCP00000009955	261	362
4799350	9823.ENSSSCP00000003865	261	3934
4818075	9823.ENSSSCP00000028230	260	693
4797626	9823.ENSSSCP00000001078	260	573
4814441	9823.ENSSSCP00000024145	259	490
4806106	9823.ENSSSCP00000013742	258	846
4813531	9823.ENSSSCP00000023127	258	1638
4803436	9823.ENSSSCP00000009795	255	848
4813839	9823.ENSSSCP00000023473	254	750
4810691	9823.ENSSSCP00000019941	254	2208
4817774	9823.ENSSSCP00000027884	254	2208
4817444	9823.ENSSSCP00000027517	252	528
4805663	9823.ENSSSCP00000012956	252	1624
4800999	9823.ENSSSCP00000006234	252	404
4797357	9823.ENSSSCP00000000651	251	141
4799822	9823.ENSSSCP00000004510	251	335
4801770	9823.ENSSSCP00000007326	251	3491
4813372	9823.ENSSSCP00000022947	251	543
4812702	9823.ENSSSCP00000022196	250	6041
4798250	9823.ENSSSCP00000002190	250	596
4815870	9823.ENSSSCP00000025756	248	979
4801145	9823.ENSSSCP00000006453	247	1373
4817832	9823.ENSSSCP00000027950	244	406
4802973	9823.ENSSSCP00000009139	244	967
4815287	9823.ENSSSCP00000025104	244	172
4806047	9823.ENSSSCP00000013657	243	605
4799227	9823.ENSSSCP00000003687	243	1173
4800533	9823.ENSSSCP00000005557	243	383
4813254	9823.ENSSSCP00000022813	243	1282
4814116	9823.ENSSSCP00000023781	243	262
4814247	9823.ENSSSCP00000023928	241	1404
4810332	9823.ENSSSCP00000019539	240	309
4804536	9823.ENSSSCP00000011304	235	1531
4806502	9823.ENSSSCP00000014280	235	235
4806466	9823.ENSSSCP00000014233	234	661
4810479	9823.ENSSSCP00000019707	234	250
4810973	9823.ENSSSCP00000020253	232	315
4799057	9823.ENSSSCP00000003432	232	246
4797274	9823.ENSSSCP00000000527	232	1444
4801476	9823.ENSSSCP00000006914	232	916
4800267	9823.ENSSSCP00000005145	231	1212
4816602	9823.ENSSSCP00000026575	231	289
4814659	9823.ENSSSCP00000024395	231	772
4812206	9823.ENSSSCP00000021647	231	2937
4814404	9823.ENSSSCP00000024105	231	327
4816062	9823.ENSSSCP00000025968	229	441
4817550	9823.ENSSSCP00000027630	228	979
4810845	9823.ENSSSCP00000020107	227	396
4804676	9823.ENSSSCP00000011508	226	313
4817519	9823.ENSSSCP00000027597	226	614
4805065	9823.ENSSSCP00000012102	226	979
4808515	9823.ENSSSCP00000017087	225	402
4816483	9823.ENSSSCP00000026449	225	896
4801245	9823.ENSSSCP00000006593	225	300
4809321	9823.ENSSSCP00000018235	223	163
4800425	9823.ENSSSCP00000005381	222	64
4808162	9823.ENSSSCP00000016578	222	173
4798065	9823.ENSSSCP00000001919	221	416
4812770	9823.ENSSSCP00000022267	220	816
4815805	9823.ENSSSCP00000025683	220	816
4808533	9823.ENSSSCP00000017114	218	852
4802972	9823.ENSSSCP00000009137	217	1199
4797024	9823.ENSSSCP00000000149	215	5453
4803478	9823.ENSSSCP00000009863	215	190
4814355	9823.ENSSSCP00000024052	214	2204
4797712	9823.ENSSSCP00000001234	214	2204
4811683	9823.ENSSSCP00000021067	214	2204
4810334	9823.ENSSSCP00000019541	214	2204
4797702	9823.ENSSSCP00000001203	214	2204
4797716	9823.ENSSSCP00000001244	214	2204
4813355	9823.ENSSSCP00000022927	214	2204
4807129	9823.ENSSSCP00000015155	213	727
4799201	9823.ENSSSCP00000003651	212	204
4812623	9823.ENSSSCP00000022108	212	1166
4799048	9823.ENSSSCP00000003417	211	418
4816591	9823.ENSSSCP00000026564	211	825
4803799	9823.ENSSSCP00000010323	210	948
4815133	9823.ENSSSCP00000024931	210	163
4799713	9823.ENSSSCP00000004364	210	1175
4801282	9823.ENSSSCP00000006644	209	213
4799603	9823.ENSSSCP00000004198	208	728
4801735	9823.ENSSSCP00000007285	208	377
4805794	9823.ENSSSCP00000013201	208	447
4797009	9823.ENSSSCP00000000129	207	591
4811729	9823.ENSSSCP00000021119	207	2204
4814334	9823.ENSSSCP00000024028	205	152
4817260	9823.ENSSSCP00000027309	204	511
4810103	9823.ENSSSCP00000019288	203	106
4818250	9823.ENSSSCP00000029356	203	795
4799443	9823.ENSSSCP00000003976	202	563
4809783	9823.ENSSSCP00000018866	202	826
4813261	9823.ENSSSCP00000022822	202	317
4803801	9823.ENSSSCP00000010325	201	704
4803172	9823.ENSSSCP00000009441	200	1232
4810316	9823.ENSSSCP00000019521	197	294
4803248	9823.ENSSSCP00000009550	197	1400
4805714	9823.ENSSSCP00000013057	196	1975
4799799	9823.ENSSSCP00000004478	195	128
4803386	9823.ENSSSCP00000009732	194	1197
4814150	9823.ENSSSCP00000023821	194	288
4802687	9823.ENSSSCP00000008721	194	288
4801608	9823.ENSSSCP00000007115	192	1323
4811824	9823.ENSSSCP00000021231	192	1323
4801607	9823.ENSSSCP00000007112	192	1323
4813454	9823.ENSSSCP00000023039	192	452
4804066	9823.ENSSSCP00000010679	191	459
4797715	9823.ENSSSCP00000001242	191	1346
4815450	9823.ENSSSCP00000025285	191	1346
4812045	9823.ENSSSCP00000021473	191	1346
4797714	9823.ENSSSCP00000001238	191	1346
4817407	9823.ENSSSCP00000027476	191	1346
4810414	9823.ENSSSCP00000019637	191	1346
4810284	9823.ENSSSCP00000019487	191	1346
4814798	9823.ENSSSCP00000024551	191	1346
4805425	9823.ENSSSCP00000012574	190	1341
4801295	9823.ENSSSCP00000006662	190	326
4804343	9823.ENSSSCP00000011053	189	421
4804340	9823.ENSSSCP00000011050	189	421
4801690	9823.ENSSSCP00000007228	188	606
4805151	9823.ENSSSCP00000012202	188	977
4803305	9823.ENSSSCP00000009623	188	573
4797129	9823.ENSSSCP00000000304	187	546
4816733	9823.ENSSSCP00000026718	187	1934
4815709	9823.ENSSSCP00000025574	187	1934
4815971	9823.ENSSSCP00000025869	187	1934
4817477	9823.ENSSSCP00000027553	187	1934
4812821	9823.ENSSSCP00000022324	187	1934
4810344	9823.ENSSSCP00000019555	185	221
4816855	9823.ENSSSCP00000026859	185	94
4817344	9823.ENSSSCP00000027401	184	328
4815771	9823.ENSSSCP00000025647	183	1289
4816938	9823.ENSSSCP00000026953	183	92
4798470	9823.ENSSSCP00000002582	181	346
4802417	9823.ENSSSCP00000008332	181	767
4806107	9823.ENSSSCP00000013743	180	1084
4808837	9823.ENSSSCP00000017555	180	326
4816232	9823.ENSSSCP00000026164	178	919
4807177	9823.ENSSSCP00000015216	178	382
4801606	9823.ENSSSCP00000007111	178	1145
4806951	9823.ENSSSCP00000014909	176	751
4812958	9823.ENSSSCP00000022473	174	826
4811176	9823.ENSSSCP00000020493	174	307
4812427	9823.ENSSSCP00000021889	174	751
4799639	9823.ENSSSCP00000004246	173	330
4816290	9823.ENSSSCP00000026229	173	424
4813818	9823.ENSSSCP00000023451	168	198
4806852	9823.ENSSSCP00000014756	168	336
4803506	9823.ENSSSCP00000009925	168	148
4812288	9823.ENSSSCP00000021732	168	69
4797695	9823.ENSSSCP00000001172	167	1306
4815246	9823.ENSSSCP00000025060	167	782
4805009	9823.ENSSSCP00000012018	167	304
4802379	9823.ENSSSCP00000008274	167	785
4799732	9823.ENSSSCP00000004385	166	1139
4808413	9823.ENSSSCP00000016940	165	472
4810384	9823.ENSSSCP00000019602	165	337
4803459	9823.ENSSSCP00000009838	165	554
4816332	9823.ENSSSCP00000026277	163	148
4798816	9823.ENSSSCP00000003070	163	418
4813289	9823.ENSSSCP00000022856	163	335
4798391	9823.ENSSSCP00000002464	162	1316
4802834	9823.ENSSSCP00000008941	160	710
4814701	9823.ENSSSCP00000024447	160	200
4804628	9823.ENSSSCP00000011444	160	542
4809313	9823.ENSSSCP00000018226	159	413
4797629	9823.ENSSSCP00000001081	159	783
4804102	9823.ENSSSCP00000010733	159	562
4800423	9823.ENSSSCP00000005379	158	91
4805541	9823.ENSSSCP00000012751	157	494
4817473	9823.ENSSSCP00000027549	157	2024
4817862	9823.ENSSSCP00000027985	156	352
4812234	9823.ENSSSCP00000021676	156	1097
4812904	9823.ENSSSCP00000022410	156	626
4799642	9823.ENSSSCP00000004258	156	381
4804100	9823.ENSSSCP00000010731	156	77
4797210	9823.ENSSSCP00000000433	155	227
4810832	9823.ENSSSCP00000020093	155	1346
4813262	9823.ENSSSCP00000022825	155	602
4814066	9823.ENSSSCP00000023723	155	411
4799024	9823.ENSSSCP00000003388	154	524
4803638	9823.ENSSSCP00000010107	154	236
4801395	9823.ENSSSCP00000006790	154	160
4816646	9823.ENSSSCP00000026622	154	2867
4806184	9823.ENSSSCP00000013849	152	4744
4799687	9823.ENSSSCP00000004324	151	230
4799032	9823.ENSSSCP00000003396	151	364
4806655	9823.ENSSSCP00000014481	150	521
4812201	9823.ENSSSCP00000021642	150	148
4810982	9823.ENSSSCP00000020264	149	158
4818498	9823.ENSSSCP00000031028	148	268
4814232	9823.ENSSSCP00000023912	148	690
4801922	9823.ENSSSCP00000007548	148	415
4814597	9823.ENSSSCP00000024328	148	414
4813858	9823.ENSSSCP00000023496	147	345
4804738	9823.ENSSSCP00000011596	147	578
4801726	9823.ENSSSCP00000007276	147	572
4799532	9823.ENSSSCP00000004099	146	608
4813358	9823.ENSSSCP00000022931	146	240
4816886	9823.ENSSSCP00000026895	146	1119
4814427	9823.ENSSSCP00000024131	145	721
4811970	9823.ENSSSCP00000021393	144	961
4806627	9823.ENSSSCP00000014449	143	70
4804012	9823.ENSSSCP00000010609	143	296
4797893	9823.ENSSSCP00000001641	143	100
4803958	9823.ENSSSCP00000010535	143	262
4800354	9823.ENSSSCP00000005280	142	250
4813028	9823.ENSSSCP00000022554	142	249
4811708	9823.ENSSSCP00000021096	140	434
4814218	9823.ENSSSCP00000023898	140	78
4800617	9823.ENSSSCP00000005680	139	571
4804425	9823.ENSSSCP00000011168	138	340
4800789	9823.ENSSSCP00000005910	137	578
4810562	9823.ENSSSCP00000019803	137	260
4804321	9823.ENSSSCP00000011028	136	191
4813075	9823.ENSSSCP00000022609	136	168
4801463	9823.ENSSSCP00000006893	135	286
4808621	9823.ENSSSCP00000017242	135	778
4799723	9823.ENSSSCP00000004374	135	763
4808758	9823.ENSSSCP00000017448	135	441
4807886	9823.ENSSSCP00000016191	134	710
4810186	9823.ENSSSCP00000019379	133	232
4809753	9823.ENSSSCP00000018827	133	232
4800887	9823.ENSSSCP00000006060	132	251
4811777	9823.ENSSSCP00000021174	132	408
4811320	9823.ENSSSCP00000020660	131	438
4813410	9823.ENSSSCP00000022991	131	331
4815026	9823.ENSSSCP00000024807	131	1934
4812897	9823.ENSSSCP00000022403	130	1934
4801451	9823.ENSSSCP00000006879	128	404
4799582	9823.ENSSSCP00000004167	128	839
4817994	9823.ENSSSCP00000028140	127	233
4801226	9823.ENSSSCP00000006567	126	153
4805894	9823.ENSSSCP00000013396	126	1463
4810055	9823.ENSSSCP00000019234	126	1545
4815196	9823.ENSSSCP00000024999	126	165
4809892	9823.ENSSSCP00000019023	126	1288
4799455	9823.ENSSSCP00000003997	125	452
4802487	9823.ENSSSCP00000008445	125	522
4815281	9823.ENSSSCP00000025098	125	295
4810298	9823.ENSSSCP00000019501	125	436
4815110	9823.ENSSSCP00000024903	125	1288
4801175	9823.ENSSSCP00000006493	124	116
4800084	9823.ENSSSCP00000004891	124	272
4811455	9823.ENSSSCP00000020816	123	401
4798578	9823.ENSSSCP00000002737	123	191
4811501	9823.ENSSSCP00000020869	123	191
4812793	9823.ENSSSCP00000022294	123	210
4797559	9823.ENSSSCP00000000978	122	586
4806493	9823.ENSSSCP00000014270	122	348
4816882	9823.ENSSSCP00000026891	120	726
4802911	9823.ENSSSCP00000009052	120	424
4803597	9823.ENSSSCP00000010045	119	1148
4817962	9823.ENSSSCP00000028103	119	449
4806672	9823.ENSSSCP00000014507	118	317
4804222	9823.ENSSSCP00000010879	116	542
4809341	9823.ENSSSCP00000018266	116	29
4804263	9823.ENSSSCP00000010939	115	459
4800853	9823.ENSSSCP00000006012	115	291
4802222	9823.ENSSSCP00000008031	115	5239
4817893	9823.ENSSSCP00000028021	115	219
4816769	9823.ENSSSCP00000026757	114	302
4818176	9823.ENSSSCP00000028839	114	167
4812239	9823.ENSSSCP00000021681	114	167
4802820	9823.ENSSSCP00000008921	112	351
4807078	9823.ENSSSCP00000015080	111	115
4797122	9823.ENSSSCP00000000289	111	457
4808012	9823.ENSSSCP00000016365	110	174
4818205	9823.ENSSSCP00000029051	110	918
4812621	9823.ENSSSCP00000022106	110	1245
4801878	9823.ENSSSCP00000007487	110	603
4814785	9823.ENSSSCP00000024537	109	260
4797826	9823.ENSSSCP00000001528	109	1368
4816626	9823.ENSSSCP00000026601	109	220
4798446	9823.ENSSSCP00000002550	109	258
4813015	9823.ENSSSCP00000022537	109	167
4802445	9823.ENSSSCP00000008372	109	94
4808268	9823.ENSSSCP00000016732	109	702
4813213	9823.ENSSSCP00000022764	108	196
4818102	9823.ENSSSCP00000028353	107	472
4811734	9823.ENSSSCP00000021124	106	220
4814784	9823.ENSSSCP00000024536	106	150
4804165	9823.ENSSSCP00000010810	106	134
4803288	9823.ENSSSCP00000009601	106	1052
4810299	9823.ENSSSCP00000019502	106	1052
4801555	9823.ENSSSCP00000007025	106	117
4816426	9823.ENSSSCP00000026383	105	174
4797293	9823.ENSSSCP00000000553	105	288
4800640	9823.ENSSSCP00000005711	104	2065
4813640	9823.ENSSSCP00000023248	104	62
4808973	9823.ENSSSCP00000017728	104	647
4810769	9823.ENSSSCP00000020021	102	593
4818042	9823.ENSSSCP00000028194	102	256
4811951	9823.ENSSSCP00000021371	102	1029
4804921	9823.ENSSSCP00000011887	101	1067
4804925	9823.ENSSSCP00000011897	101	1067
4813684	9823.ENSSSCP00000023301	101	106
4805907	9823.ENSSSCP00000013421	101	667
4799058	9823.ENSSSCP00000003433	101	111
4814741	9823.ENSSSCP00000024489	101	349
4799343	9823.ENSSSCP00000003858	100	22
4804542	9823.ENSSSCP00000011310	100	291
4816778	9823.ENSSSCP00000026769	99.6	2016
4799631	9823.ENSSSCP00000004237	99.4	151
4816001	9823.ENSSSCP00000025904	99.0	161
4800755	9823.ENSSSCP00000005864	98.8	399
4813621	9823.ENSSSCP00000023229	98.6	449
4811607	9823.ENSSSCP00000020984	98.4	227
4797684	9823.ENSSSCP00000001161	98.3	598
4805277	9823.ENSSSCP00000012378	98.2	186
4799299	9823.ENSSSCP00000003793	98.2	325
4801382	9823.ENSSSCP00000006775	98.1	141
4814945	9823.ENSSSCP00000024716	97.5	11
4816724	9823.ENSSSCP00000026706	97.0	778
4809562	9823.ENSSSCP00000018561	96.8	822
4797445	9823.ENSSSCP00000000791	96.5	448
4806056	9823.ENSSSCP00000013667	95.1	323
4803684	9823.ENSSSCP00000010169	94.4	144
4812368	9823.ENSSSCP00000021825	94.2	89
4804048	9823.ENSSSCP00000010660	94.0	222
4814379	9823.ENSSSCP00000024077	92.6	114
4814255	9823.ENSSSCP00000023940	92.2	77
4806132	9823.ENSSSCP00000013781	92.2	77
4806651	9823.ENSSSCP00000014476	91.8	88
4804615	9823.ENSSSCP00000011417	91.0	227
4808812	9823.ENSSSCP00000017525	91.0	375
4816392	9823.ENSSSCP00000026347	90.8	312
4806089	9823.ENSSSCP00000013718	90.4	315
4807702	9823.ENSSSCP00000015937	90.3	1183
4805772	9823.ENSSSCP00000013160	90.0	1186
4817712	9823.ENSSSCP00000027813	89.3	69
4811956	9823.ENSSSCP00000021377	87.8	395
4806204	9823.ENSSSCP00000013870	87.5	123
4807856	9823.ENSSSCP00000016152	87.4	231
4797540	9823.ENSSSCP00000000954	87.3	899
4814822	9823.ENSSSCP00000024580	87.1	298
4798112	9823.ENSSSCP00000001993	86.7	403
4801253	9823.ENSSSCP00000006602	86.7	163
4811024	9823.ENSSSCP00000020319	86.6	92
4805149	9823.ENSSSCP00000012199	86.3	43
4816194	9823.ENSSSCP00000026125	86.1	155
4807768	9823.ENSSSCP00000016029	86.0	716
4801821	9823.ENSSSCP00000007402	85.5	187
4810674	9823.ENSSSCP00000019924	85.4	315
4806165	9823.ENSSSCP00000013827	85.1	48
4799593	9823.ENSSSCP00000004181	84.7	158
4818270	9823.ENSSSCP00000029476	84.1	324
4810557	9823.ENSSSCP00000019798	84.0	106
4803493	9823.ENSSSCP00000009883	83.1	193
4797131	9823.ENSSSCP00000000306	82.8	99
4809364	9823.ENSSSCP00000018294	82.6	449
4799393	9823.ENSSSCP00000003918	82.4	169
4812330	9823.ENSSSCP00000021778	82.4	169
4799268	9823.ENSSSCP00000003753	81.7	145
4799855	9823.ENSSSCP00000004552	81.2	388
4805524	9823.ENSSSCP00000012724	81.2	136
4802781	9823.ENSSSCP00000008865	81.0	480
4813311	9823.ENSSSCP00000022879	80.9	144
4804003	9823.ENSSSCP00000010598	80.8	230
4803430	9823.ENSSSCP00000009788	80.2	298
4804544	9823.ENSSSCP00000011314	79.9	419
4810972	9823.ENSSSCP00000020252	78.3	712
4806929	9823.ENSSSCP00000014877	77.4	295
4810503	9823.ENSSSCP00000019734	77.4	191
4805588	9823.ENSSSCP00000012823	76.3	145
4807171	9823.ENSSSCP00000015206	75.6	329
4806284	9823.ENSSSCP00000013981	75.4	397
4816576	9823.ENSSSCP00000026549	74.9	181
4812898	9823.ENSSSCP00000022404	74.5	721
4814284	9823.ENSSSCP00000023972	74.4	106
4797103	9823.ENSSSCP00000000268	74.2	537
4806958	9823.ENSSSCP00000014919	74.1	165
4808977	9823.ENSSSCP00000017733	73.7	483
4798210	9823.ENSSSCP00000002132	73.5	261
4805163	9823.ENSSSCP00000012218	73.1	115
4797199	9823.ENSSSCP00000000419	72.9	161
4806824	9823.ENSSSCP00000014721	72.8	645
4801553	9823.ENSSSCP00000007023	72.6	64
4811870	9823.ENSSSCP00000021282	71.6	353
4800967	9823.ENSSSCP00000006190	71.1	174
4812527	9823.ENSSSCP00000022003	70.9	111
4806633	9823.ENSSSCP00000014455	70.7	420
4808562	9823.ENSSSCP00000017159	70.2	455
4804781	9823.ENSSSCP00000011674	70.2	377
4802960	9823.ENSSSCP00000009121	70.1	190
4805297	9823.ENSSSCP00000012403	69.1	87
4798550	9823.ENSSSCP00000002696	68.9	400
4808583	9823.ENSSSCP00000017183	68.8	267
4800519	9823.ENSSSCP00000005522	68.8	177
4810979	9823.ENSSSCP00000020261	68.2	121
4818505	9823.ENSSSCP00000031087	68.1	115
4803816	9823.ENSSSCP00000010343	68.1	162
4802216	9823.ENSSSCP00000008012	68.0	145
4812118	9823.ENSSSCP00000021552	67.9	262
4814682	9823.ENSSSCP00000024421	67.9	94
4800774	9823.ENSSSCP00000005887	67.9	55
4815517	9823.ENSSSCP00000025357	67.0	1242
4802603	9823.ENSSSCP00000008610	67.0	101
4809028	9823.ENSSSCP00000017819	66.7	283
4800728	9823.ENSSSCP00000005827	66.2	227
4798443	9823.ENSSSCP00000002547	66.2	344
4806197	9823.ENSSSCP00000013863	65.7	89
4798986	9823.ENSSSCP00000003341	65.5	29
4802210	9823.ENSSSCP00000008003	64.9	1018
4799540	9823.ENSSSCP00000004109	63.3	196
4801472	9823.ENSSSCP00000006906	63.2	148
4809356	9823.ENSSSCP00000018286	63.2	199
4809612	9823.ENSSSCP00000018615	63.1	159
4816288	9823.ENSSSCP00000026227	63.0	61
4812758	9823.ENSSSCP00000022254	62.9	57
4804701	9823.ENSSSCP00000011541	62.6	193
4803225	9823.ENSSSCP00000009523	62.5	1009
4800682	9823.ENSSSCP00000005765	62.0	123
4801242	9823.ENSSSCP00000006587	61.8	77
4809563	9823.ENSSSCP00000018562	61.7	519
4797347	9823.ENSSSCP00000000634	61.6	75
4811637	9823.ENSSSCP00000021017	61.6	151
4797093	9823.ENSSSCP00000000258	61.4	115
4804312	9823.ENSSSCP00000011014	61.3	94
4817429	9823.ENSSSCP00000027501	61.3	130
4799462	9823.ENSSSCP00000004008	61.2	48
4816609	9823.ENSSSCP00000026583	60.9	49
4804649	9823.ENSSSCP00000011469	60.4	167
4806222	9823.ENSSSCP00000013895	60.3	170
4804435	9823.ENSSSCP00000011180	59.6	214
4806402	9823.ENSSSCP00000014150	59.5	139
4802062	9823.ENSSSCP00000007758	59.4	213
4806346	9823.ENSSSCP00000014067	59.2	256
4807939	9823.ENSSSCP00000016259	59.2	62
4813520	9823.ENSSSCP00000023115	59.1	820
4803918	9823.ENSSSCP00000010484	59.1	97
4809041	9823.ENSSSCP00000017835	58.9	248
4806583	9823.ENSSSCP00000014384	58.8	229
4796953	9823.ENSSSCP00000000051	58.6	350
4801809	9823.ENSSSCP00000007383	58.6	198
4799547	9823.ENSSSCP00000004119	58.5	176
4797930	9823.ENSSSCP00000001699	58.1	151
4812012	9823.ENSSSCP00000021438	58.0	371
4799477	9823.ENSSSCP00000004025	57.8	186
4806105	9823.ENSSSCP00000013737	57.8	170
4801740	9823.ENSSSCP00000007290	57.6	288
4802932	9823.ENSSSCP00000009082	57.6	35
4801879	9823.ENSSSCP00000007488	57.1	603
4804437	9823.ENSSSCP00000011182	56.6	455
4816931	9823.ENSSSCP00000026945	56.5	368
4806528	9823.ENSSSCP00000014315	56.1	100
4803109	9823.ENSSSCP00000009332	55.9	448
4812094	9823.ENSSSCP00000021524	55.6	22
4805275	9823.ENSSSCP00000012376	55.5	317
4805331	9823.ENSSSCP00000012450	55.4	719
4804315	9823.ENSSSCP00000011017	55.4	199
4816936	9823.ENSSSCP00000026951	55.3	239
4809481	9823.ENSSSCP00000018449	55.2	112
4803108	9823.ENSSSCP00000009331	55.2	448
4799912	9823.ENSSSCP00000004639	55.0	297
4812146	9823.ENSSSCP00000021583	54.9	106
4808844	9823.ENSSSCP00000017566	54.8	150
4817210	9823.ENSSSCP00000027251	54.8	444
4808686	9823.ENSSSCP00000017344	54.7	153
4797687	9823.ENSSSCP00000001164	54.6	63
4805526	9823.ENSSSCP00000012726	54.2	329
4801266	9823.ENSSSCP00000006624	54.2	174
4816334	9823.ENSSSCP00000026279	54.1	193
4817080	9823.ENSSSCP00000027111	54.0	55
4799437	9823.ENSSSCP00000003969	53.4	562
4814084	9823.ENSSSCP00000023743	53.3	83
4807168	9823.ENSSSCP00000015203	53.2	471
4800695	9823.ENSSSCP00000005783	52.5	166
4812242	9823.ENSSSCP00000021684	52.5	166
4797025	9823.ENSSSCP00000000151	51.7	676
4803475	9823.ENSSSCP00000009858	51.5	341
4804484	9823.ENSSSCP00000011236	51.3	399
4814573	9823.ENSSSCP00000024299	51.2	75
4808379	9823.ENSSSCP00000016890	51.0	115
4811727	9823.ENSSSCP00000021116	50.9	41
4804486	9823.ENSSSCP00000011240	50.8	359
4801807	9823.ENSSSCP00000007381	50.6	309
4814435	9823.ENSSSCP00000024139	50.5	305
4807045	9823.ENSSSCP00000015028	50.3	66
4799584	9823.ENSSSCP00000004169	50.1	208
4804800	9823.ENSSSCP00000011698	49.8	128
4806285	9823.ENSSSCP00000013982	49.7	240
4797821	9823.ENSSSCP00000001522	49.6	417
4818272	9823.ENSSSCP00000029501	49.2	292
4812290	9823.ENSSSCP00000021734	48.8	34
4814672	9823.ENSSSCP00000024411	48.6	49
4806356	9823.ENSSSCP00000014081	48.6	234
4804519	9823.ENSSSCP00000011279	48.4	45
4800450	9823.ENSSSCP00000005416	48.3	162
4808661	9823.ENSSSCP00000017306	48.0	185
4806206	9823.ENSSSCP00000013872	47.7	105
4803226	9823.ENSSSCP00000009524	47.6	1007
4803418	9823.ENSSSCP00000009772	47.5	138
4799045	9823.ENSSSCP00000003413	47.4	181
4812004	9823.ENSSSCP00000021429	46.8	133
4808543	9823.ENSSSCP00000017131	46.7	215
4797399	9823.ENSSSCP00000000729	46.7	298
4807018	9823.ENSSSCP00000014993	46.7	43
4803070	9823.ENSSSCP00000009276	46.6	76
4802994	9823.ENSSSCP00000009166	46.5	630
4808309	9823.ENSSSCP00000016788	46.5	189
4806003	9823.ENSSSCP00000013592	46.4	84
4815647	9823.ENSSSCP00000025504	46.2	257
4810962	9823.ENSSSCP00000020241	46.2	298
4812182	9823.ENSSSCP00000021621	45.9	184
4813382	9823.ENSSSCP00000022959	45.6	150
4800673	9823.ENSSSCP00000005754	45.6	762
4809506	9823.ENSSSCP00000018489	45.6	480
4815316	9823.ENSSSCP00000025134	45.5	603
4801303	9823.ENSSSCP00000006673	45.4	93
4810050	9823.ENSSSCP00000019229	45.4	70
4812224	9823.ENSSSCP00000021666	45.3	152
4813071	9823.ENSSSCP00000022604	44.9	349
4801699	9823.ENSSSCP00000007238	44.8	182
4804064	9823.ENSSSCP00000010677	44.8	182
4818334	9823.ENSSSCP00000029927	44.5	200
4806932	9823.ENSSSCP00000014884	44.5	567
4816906	9823.ENSSSCP00000026917	44.2	237
4811361	9823.ENSSSCP00000020707	44.1	254
4808096	9823.ENSSSCP00000016488	44.0	297
4797034	9823.ENSSSCP00000000165	44.0	138
4801599	9823.ENSSSCP00000007101	43.9	34
4817224	9823.ENSSSCP00000027266	43.5	70
4800885	9823.ENSSSCP00000006058	43.2	920
4799585	9823.ENSSSCP00000004170	43.2	75
4802457	9823.ENSSSCP00000008388	43.1	220
4809455	9823.ENSSSCP00000018417	43.0	170
4803920	9823.ENSSSCP00000010486	43.0	67
4817382	9823.ENSSSCP00000027446	42.8	225
4800895	9823.ENSSSCP00000006069	42.8	121
4799581	9823.ENSSSCP00000004166	42.6	41
4805533	9823.ENSSSCP00000012736	42.4	62
4809436	9823.ENSSSCP00000018393	42.3	228
4805546	9823.ENSSSCP00000012762	42.2	166
4814358	9823.ENSSSCP00000024055	41.8	144
4803117	9823.ENSSSCP00000009345	41.7	121
4813326	9823.ENSSSCP00000022896	41.7	184
4809192	9823.ENSSSCP00000018060	41.4	130
4797023	9823.ENSSSCP00000000148	41.3	47
4803265	9823.ENSSSCP00000009573	41.3	271
4817606	9823.ENSSSCP00000027693	41.3	70
4804262	9823.ENSSSCP00000010938	41.1	148
4801411	9823.ENSSSCP00000006809	40.9	391
4808768	9823.ENSSSCP00000017461	40.0	240
4808397	9823.ENSSSCP00000016917	39.6	68
4815469	9823.ENSSSCP00000025305	39.4	66
4807597	9823.ENSSSCP00000015803	38.9	25
4807107	9823.ENSSSCP00000015124	38.7	50
4817318	9823.ENSSSCP00000027371	38.6	65
4805961	9823.ENSSSCP00000013514	38.6	125
4801389	9823.ENSSSCP00000006782	38.4	27
4803881	9823.ENSSSCP00000010435	38.4	28
4808648	9823.ENSSSCP00000017284	38.3	520
4808925	9823.ENSSSCP00000017666	38.2	255
4801992	9823.ENSSSCP00000007652	38.2	90
4801537	9823.ENSSSCP00000006992	37.9	40
4804904	9823.ENSSSCP00000011859	37.9	77
4805312	9823.ENSSSCP00000012423	37.9	234
4808656	9823.ENSSSCP00000017295	37.8	59
4809615	9823.ENSSSCP00000018619	37.8	118
4800473	9823.ENSSSCP00000005449	37.7	77
4814400	9823.ENSSSCP00000024101	37.6	720
4809559	9823.ENSSSCP00000018556	37.5	18
4808646	9823.ENSSSCP00000017280	37.5	504
4816714	9823.ENSSSCP00000026696	37.1	85
4800030	9823.ENSSSCP00000004806	37.1	132
4813955	9823.ENSSSCP00000023603	37.0	223
4809490	9823.ENSSSCP00000018460	36.9	112
4818003	9823.ENSSSCP00000028149	36.9	140
4800394	9823.ENSSSCP00000005340	36.6	89
4805559	9823.ENSSSCP00000012785	36.3	77
4808952	9823.ENSSSCP00000017701	36.2	52
4810665	9823.ENSSSCP00000019915	36.2	102
4797202	9823.ENSSSCP00000000424	36.1	116
4813578	9823.ENSSSCP00000023182	36.1	200
4804629	9823.ENSSSCP00000011445	36.1	73
4798197	9823.ENSSSCP00000002115	36.1	282
4814188	9823.ENSSSCP00000023862	36.0	42
4817974	9823.ENSSSCP00000028116	35.8	62
4806862	9823.ENSSSCP00000014769	35.7	55
4801392	9823.ENSSSCP00000006786	35.7	55
4801576	9823.ENSSSCP00000007069	35.6	82
4815382	9823.ENSSSCP00000025210	35.5	24
4797745	9823.ENSSSCP00000001303	35.3	194
4804696	9823.ENSSSCP00000011535	35.1	421
4815116	9823.ENSSSCP00000024911	35.1	289
4811611	9823.ENSSSCP00000020988	35.1	117
4807653	9823.ENSSSCP00000015870	34.9	70
4798058	9823.ENSSSCP00000001911	34.8	99
4798923	9823.ENSSSCP00000003243	34.6	211
4812075	9823.ENSSSCP00000021504	34.6	801
4812002	9823.ENSSSCP00000021427	34.5	266
4815683	9823.ENSSSCP00000025546	34.0	151
4815984	9823.ENSSSCP00000025883	34.0	151
4804040	9823.ENSSSCP00000010645	34.0	88
4815362	9823.ENSSSCP00000025187	33.9	40
4808754	9823.ENSSSCP00000017443	33.3	116
4810872	9823.ENSSSCP00000020139	33.3	42
4807072	9823.ENSSSCP00000015070	33.2	177
4806340	9823.ENSSSCP00000014060	32.8	58
4806467	9823.ENSSSCP00000014234	32.8	161
4817291	9823.ENSSSCP00000027341	32.8	155
4808853	9823.ENSSSCP00000017578	32.8	175
4807138	9823.ENSSSCP00000015167	32.7	96
4802533	9823.ENSSSCP00000008516	32.7	41
4816806	9823.ENSSSCP00000026803	32.6	109
4811029	9823.ENSSSCP00000020324	32.6	68
4800436	9823.ENSSSCP00000005395	32.5	55
4810331	9823.ENSSSCP00000019538	32.5	263
4797804	9823.ENSSSCP00000001487	32.1	235
4803402	9823.ENSSSCP00000009752	32.1	28
4807910	9823.ENSSSCP00000016223	32.1	60
4811322	9823.ENSSSCP00000020663	32.1	88
4802087	9823.ENSSSCP00000007807	32.0	68
4801005	9823.ENSSSCP00000006242	31.9	22
4812880	9823.ENSSSCP00000022385	31.8	25
4808214	9823.ENSSSCP00000016650	31.7	69
4817916	9823.ENSSSCP00000028047	31.7	509
4804926	9823.ENSSSCP00000011901	31.5	149
4804923	9823.ENSSSCP00000011891	31.5	149
4810124	9823.ENSSSCP00000019310	31.5	182
4815591	9823.ENSSSCP00000025441	31.5	182
4814810	9823.ENSSSCP00000024565	31.4	50
4808544	9823.ENSSSCP00000017132	31.2	444
4805487	9823.ENSSSCP00000012672	31.0	24
4804666	9823.ENSSSCP00000011493	31.0	112
4798527	9823.ENSSSCP00000002661	30.9	34
4804601	9823.ENSSSCP00000011385	30.7	151
4810218	9823.ENSSSCP00000019414	30.7	200
4807025	9823.ENSSSCP00000015004	30.7	256
4814040	9823.ENSSSCP00000023695	30.7	472
4805061	9823.ENSSSCP00000012096	30.6	145
4810131	9823.ENSSSCP00000019318	30.6	320
4816689	9823.ENSSSCP00000026669	30.4	48
4798505	9823.ENSSSCP00000002634	30.3	126
4812583	9823.ENSSSCP00000022066	30.2	51
4812641	9823.ENSSSCP00000022128	30.1	166
4818128	9823.ENSSSCP00000028531	30.1	163
4814096	9823.ENSSSCP00000023758	30.0	22
4812251	9823.ENSSSCP00000021694	30.0	70
4809171	9823.ENSSSCP00000018027	29.9	71
4813327	9823.ENSSSCP00000022897	29.9	157
4810195	9823.ENSSSCP00000019388	29.5	113
4806807	9823.ENSSSCP00000014703	29.2	127
4802176	9823.ENSSSCP00000007947	29.2	21
4808989	9823.ENSSSCP00000017746	29.2	82
4813236	9823.ENSSSCP00000022790	29.2	20
4809275	9823.ENSSSCP00000018178	29.2	111
4805631	9823.ENSSSCP00000012897	28.9	127
4800833	9823.ENSSSCP00000005987	28.9	58
4814272	9823.ENSSSCP00000023958	28.9	27
4817312	9823.ENSSSCP00000027365	28.8	59
4805183	9823.ENSSSCP00000012248	28.8	107
4813041	9823.ENSSSCP00000022569	28.7	13
4798522	9823.ENSSSCP00000002653	28.7	64
4810232	9823.ENSSSCP00000019428	28.6	39
4814731	9823.ENSSSCP00000024479	28.5	198
4797640	9823.ENSSSCP00000001101	28.2	21
4797051	9823.ENSSSCP00000000187	28.2	54
4797697	9823.ENSSSCP00000001174	28.0	509
4797696	9823.ENSSSCP00000001173	28.0	509
4806992	9823.ENSSSCP00000014963	27.9	35
4817623	9823.ENSSSCP00000027712	27.8	71
4805870	9823.ENSSSCP00000013355	27.7	132
4798703	9823.ENSSSCP00000002919	27.7	103
4797541	9823.ENSSSCP00000000955	27.7	128
4817515	9823.ENSSSCP00000027592	27.7	85
4814728	9823.ENSSSCP00000024476	27.3	606
4817238	9823.ENSSSCP00000027283	27.3	24
4805128	9823.ENSSSCP00000012173	27.0	28
4812961	9823.ENSSSCP00000022476	27.0	57
4801620	9823.ENSSSCP00000007137	26.9	126
4802003	9823.ENSSSCP00000007671	26.8	75
4818022	9823.ENSSSCP00000028171	26.6	54
4797846	9823.ENSSSCP00000001570	26.5	67
4806394	9823.ENSSSCP00000014138	26.4	23
4797603	9823.ENSSSCP00000001041	26.4	86
4800458	9823.ENSSSCP00000005427	26.3	83
4818308	9823.ENSSSCP00000029712	26.2	149
4814895	9823.ENSSSCP00000024660	26.2	158
4816972	9823.ENSSSCP00000026989	26.2	158
4814414	9823.ENSSSCP00000024117	26.2	46
4814935	9823.ENSSSCP00000024705	26.1	180
4810193	9823.ENSSSCP00000019386	26.1	107
4815321	9823.ENSSSCP00000025140	25.9	48
4810035	9823.ENSSSCP00000019212	25.8	1121
4808199	9823.ENSSSCP00000016631	25.7	122
4804303	9823.ENSSSCP00000011000	25.6	99
4816038	9823.ENSSSCP00000025944	25.6	76
4812083	9823.ENSSSCP00000021512	25.6	273
4802355	9823.ENSSSCP00000008239	25.5	42
4800314	9823.ENSSSCP00000005216	25.4	42
4806682	9823.ENSSSCP00000014524	25.2	49
4808263	9823.ENSSSCP00000016724	25.2	78
4800607	9823.ENSSSCP00000005664	25.2	59
4803194	9823.ENSSSCP00000009470	25.0	83
4811371	9823.ENSSSCP00000020718	24.9	68
4810214	9823.ENSSSCP00000019408	24.8	83
4806873	9823.ENSSSCP00000014781	24.8	65
4803674	9823.ENSSSCP00000010155	24.7	221
4797542	9823.ENSSSCP00000000956	24.7	84
4816585	9823.ENSSSCP00000026558	24.7	258
4810899	9823.ENSSSCP00000020171	24.6	49
4803232	9823.ENSSSCP00000009531	24.6	258
4799354	9823.ENSSSCP00000003869	24.5	80
4812444	9823.ENSSSCP00000021908	24.5	23
4810664	9823.ENSSSCP00000019914	24.2	66
4798275	9823.ENSSSCP00000002226	24.0	77
4812667	9823.ENSSSCP00000022158	23.5	404
4815994	9823.ENSSSCP00000025896	23.5	104
4802910	9823.ENSSSCP00000009051	23.3	90
4814000	9823.ENSSSCP00000023652	23.1	76
4797461	9823.ENSSSCP00000000815	23.0	37
4805595	9823.ENSSSCP00000012833	23.0	113
4799978	9823.ENSSSCP00000004733	23.0	35
4808147	9823.ENSSSCP00000016556	23.0	81
4806255	9823.ENSSSCP00000013941	22.8	53
4798416	9823.ENSSSCP00000002505	22.8	26
4811273	9823.ENSSSCP00000020602	22.6	27
4816168	9823.ENSSSCP00000026095	22.5	49
4804119	9823.ENSSSCP00000010754	22.3	46
4808924	9823.ENSSSCP00000017665	22.3	66
4816785	9823.ENSSSCP00000026779	22.2	120
4808386	9823.ENSSSCP00000016901	22.1	53
4799434	9823.ENSSSCP00000003965	22.0	196
4797514	9823.ENSSSCP00000000914	22.0	112
4810898	9823.ENSSSCP00000020170	22.0	85
4800452	9823.ENSSSCP00000005418	21.9	31
4809381	9823.ENSSSCP00000018317	21.9	114
4806772	9823.ENSSSCP00000014647	21.9	192
4807547	9823.ENSSSCP00000015736	21.8	61
4816959	9823.ENSSSCP00000026975	21.7	29
4804104	9823.ENSSSCP00000010736	21.6	24
4804594	9823.ENSSSCP00000011378	21.6	127
4816751	9823.ENSSSCP00000026736	21.5	170
4813086	9823.ENSSSCP00000022621	21.5	51
4808460	9823.ENSSSCP00000017010	21.4	211
4815095	9823.ENSSSCP00000024884	21.1	47
4805447	9823.ENSSSCP00000012603	21.1	61
4803123	9823.ENSSSCP00000009351	21.0	209
4810185	9823.ENSSSCP00000019378	20.9	61
4808887	9823.ENSSSCP00000017619	20.9	165
4808886	9823.ENSSSCP00000017618	20.9	165
4817282	9823.ENSSSCP00000027332	20.8	467
4804623	9823.ENSSSCP00000011435	20.7	34
4817443	9823.ENSSSCP00000027516	20.6	166
4797186	9823.ENSSSCP00000000397	20.6	30
4797902	9823.ENSSSCP00000001656	20.6	7
4809911	9823.ENSSSCP00000019055	20.6	1265
4804461	9823.ENSSSCP00000011212	20.5	42
4801356	9823.ENSSSCP00000006742	20.4	25
4803233	9823.ENSSSCP00000009532	20.3	249
4805086	9823.ENSSSCP00000012125	20.3	60
4806288	9823.ENSSSCP00000013985	20.3	163
4816948	9823.ENSSSCP00000026964	20.3	19
4809721	9823.ENSSSCP00000018786	20.2	85
4808383	9823.ENSSSCP00000016896	20.2	35
4812390	9823.ENSSSCP00000021849	20.1	126
4797383	9823.ENSSSCP00000000703	20.1	45
4813626	9823.ENSSSCP00000023234	19.9	89
4816091	9823.ENSSSCP00000026002	19.8	76
4810116	9823.ENSSSCP00000019302	19.8	73
4810616	9823.ENSSSCP00000019863	19.8	172
4814007	9823.ENSSSCP00000023660	19.6	54
4811390	9823.ENSSSCP00000020740	19.5	118
4802380	9823.ENSSSCP00000008276	19.3	46
4801337	9823.ENSSSCP00000006718	19.3	46
4803831	9823.ENSSSCP00000010363	19.2	50
4797620	9823.ENSSSCP00000001070	19.2	67
4803279	9823.ENSSSCP00000009590	19.1	51
4802806	9823.ENSSSCP00000008902	19.1	192
4818079	9823.ENSSSCP00000028234	19.0	44
4807206	9823.ENSSSCP00000015258	19.0	100
4808885	9823.ENSSSCP00000017617	19.0	165
4808296	9823.ENSSSCP00000016772	18.9	39
4801126	9823.ENSSSCP00000006426	18.9	48
4805888	9823.ENSSSCP00000013381	18.7	178
4805228	9823.ENSSSCP00000012310	18.7	41
4810566	9823.ENSSSCP00000019807	18.5	56
4810322	9823.ENSSSCP00000019528	18.5	96
4811089	9823.ENSSSCP00000020391	18.4	61
4815780	9823.ENSSSCP00000025656	18.3	21
4814534	9823.ENSSSCP00000024254	18.3	32
4810356	9823.ENSSSCP00000019570	18.3	40
4804522	9823.ENSSSCP00000011284	18.2	81
4815728	9823.ENSSSCP00000025598	18.0	66
4815792	9823.ENSSSCP00000025669	18.0	37
4815012	9823.ENSSSCP00000024793	17.9	53
4797063	9823.ENSSSCP00000000206	17.8	230
4817835	9823.ENSSSCP00000027954	17.7	136
4798717	9823.ENSSSCP00000002938	17.7	161
4813584	9823.ENSSSCP00000023188	17.6	45
4817277	9823.ENSSSCP00000027327	17.5	26
4812601	9823.ENSSSCP00000022085	17.5	64
4804822	9823.ENSSSCP00000011734	17.4	62
4806572	9823.ENSSSCP00000014373	17.4	209
4798554	9823.ENSSSCP00000002703	17.4	22
4800942	9823.ENSSSCP00000006149	17.2	162
4797874	9823.ENSSSCP00000001618	17.1	100
4797007	9823.ENSSSCP00000000126	17.0	118
4797010	9823.ENSSSCP00000000131	17.0	118
4802878	9823.ENSSSCP00000009006	17.0	170
4807713	9823.ENSSSCP00000015954	17.0	116
4816277	9823.ENSSSCP00000026214	17.0	35
4803590	9823.ENSSSCP00000010036	17.0	249
4802108	9823.ENSSSCP00000007842	16.9	47
4803208	9823.ENSSSCP00000009493	16.9	57
4815021	9823.ENSSSCP00000024802	16.9	431
4815965	9823.ENSSSCP00000025862	16.8	115
4798569	9823.ENSSSCP00000002723	16.8	65
4813663	9823.ENSSSCP00000023277	16.8	53
4797500	9823.ENSSSCP00000000893	16.8	256
4810799	9823.ENSSSCP00000020054	16.7	431
4797021	9823.ENSSSCP00000000145	16.6	68
4801657	9823.ENSSSCP00000007190	16.6	467
4806529	9823.ENSSSCP00000014316	16.5	74
4805705	9823.ENSSSCP00000013038	16.5	237
4810935	9823.ENSSSCP00000020210	16.5	54
4814327	9823.ENSSSCP00000024020	16.4	32
4808226	9823.ENSSSCP00000016669	16.3	28
4814812	9823.ENSSSCP00000024567	16.2	154
4800900	9823.ENSSSCP00000006075	16.2	85
4804043	9823.ENSSSCP00000010650	16.1	535
4804806	9823.ENSSSCP00000011711	16.0	22
4809308	9823.ENSSSCP00000018221	16.0	72
4800433	9823.ENSSSCP00000005391	16.0	16
4797092	9823.ENSSSCP00000000256	16.0	357
4807888	9823.ENSSSCP00000016194	15.9	67
4814934	9823.ENSSSCP00000024703	15.9	28
4810387	9823.ENSSSCP00000019606	15.9	158
4813405	9823.ENSSSCP00000022985	15.8	19
4799016	9823.ENSSSCP00000003378	15.8	73
4806085	9823.ENSSSCP00000013713	15.7	27
4803179	9823.ENSSSCP00000009451	15.7	107
4805958	9823.ENSSSCP00000013506	15.7	31
4807770	9823.ENSSSCP00000016031	15.6	34
4816711	9823.ENSSSCP00000026692	15.6	155
4808869	9823.ENSSSCP00000017598	15.6	115
4809650	9823.ENSSSCP00000018672	15.6	44
4804868	9823.ENSSSCP00000011800	15.6	47
4797538	9823.ENSSSCP00000000950	15.5	44
4817906	9823.ENSSSCP00000028036	15.5	20
4798409	9823.ENSSSCP00000002493	15.5	59
4806357	9823.ENSSSCP00000014088	15.4	58
4803419	9823.ENSSSCP00000009773	15.3	24
4804525	9823.ENSSSCP00000011287	15.2	535
4816283	9823.ENSSSCP00000026220	15.2	24
4812772	9823.ENSSSCP00000022269	15.2	41
4799273	9823.ENSSSCP00000003760	15.1	46
4802269	9823.ENSSSCP00000008107	15.1	154
4812796	9823.ENSSSCP00000022297	14.9	26
4800449	9823.ENSSSCP00000005415	14.9	83
4806178	9823.ENSSSCP00000013842	14.8	73
4801138	9823.ENSSSCP00000006446	14.7	63
4799569	9823.ENSSSCP00000004152	14.6	87
4811897	9823.ENSSSCP00000021309	14.6	26
4813984	9823.ENSSSCP00000023636	14.5	29
4814388	9823.ENSSSCP00000024087	14.5	123
4796915	9823.ENSSSCP00000000004	14.5	82
4810337	9823.ENSSSCP00000019544	14.5	39
4802936	9823.ENSSSCP00000009088	14.5	159
4818299	9823.ENSSSCP00000029674	14.4	62
4807150	9823.ENSSSCP00000015183	14.4	196
4812740	9823.ENSSSCP00000022235	14.3	237
4799371	9823.ENSSSCP00000003892	14.2	47
4797101	9823.ENSSSCP00000000266	14.1	404
4809853	9823.ENSSSCP00000018977	14.1	35
4809811	9823.ENSSSCP00000018923	14.0	44
4809541	9823.ENSSSCP00000018537	14.0	108
4797216	9823.ENSSSCP00000000442	13.9	137
4816456	9823.ENSSSCP00000026418	13.8	350
4807172	9823.ENSSSCP00000015208	13.8	60
4811836	9823.ENSSSCP00000021246	13.8	175
4812437	9823.ENSSSCP00000021900	13.7	212
4813588	9823.ENSSSCP00000023192	13.7	68
4796991	9823.ENSSSCP00000000108	13.7	116
4800790	9823.ENSSSCP00000005913	13.6	35
4817089	9823.ENSSSCP00000027120	13.5	46
4808004	9823.ENSSSCP00000016354	13.5	123
4802447	9823.ENSSSCP00000008374	13.5	49
4804672	9823.ENSSSCP00000011504	13.5	16
4809799	9823.ENSSSCP00000018896	13.5	39
4809570	9823.ENSSSCP00000018569	13.5	50
4809473	9823.ENSSSCP00000018439	13.4	72
4798450	9823.ENSSSCP00000002554	13.4	35
4811526	9823.ENSSSCP00000020894	13.4	59
4804993	9823.ENSSSCP00000011999	13.4	53
4801391	9823.ENSSSCP00000006784	13.2	45
4806113	9823.ENSSSCP00000013757	13.2	35
4800964	9823.ENSSSCP00000006185	13.2	60
4811971	9823.ENSSSCP00000021394	13.1	66
4810393	9823.ENSSSCP00000019612	13.1	80
4805007	9823.ENSSSCP00000012016	13.1	29
4809495	9823.ENSSSCP00000018471	13.1	29
4818384	9823.ENSSSCP00000030350	13.1	65
4810303	9823.ENSSSCP00000019507	13.1	54
4816385	9823.ENSSSCP00000026338	13.0	147
4804702	9823.ENSSSCP00000011544	13.0	46
4805167	9823.ENSSSCP00000012224	12.9	86
4812518	9823.ENSSSCP00000021992	12.9	49
4816791	9823.ENSSSCP00000026786	12.8	60
4809335	9823.ENSSSCP00000018257	12.8	40
4807037	9823.ENSSSCP00000015020	12.7	26
4799087	9823.ENSSSCP00000003480	12.7	35
4799060	9823.ENSSSCP00000003435	12.6	46
4808619	9823.ENSSSCP00000017239	12.6	61
4800561	9823.ENSSSCP00000005599	12.5	70
4808929	9823.ENSSSCP00000017672	12.5	116
4810831	9823.ENSSSCP00000020091	12.5	161
4803783	9823.ENSSSCP00000010302	12.5	535
4797221	9823.ENSSSCP00000000447	12.4	137
4812986	9823.ENSSSCP00000022505	12.4	31
4815124	9823.ENSSSCP00000024920	12.3	68
4800725	9823.ENSSSCP00000005824	12.3	59
4806245	9823.ENSSSCP00000013928	12.3	64
4809950	9823.ENSSSCP00000019119	12.3	438
4806023	9823.ENSSSCP00000013620	12.3	16
4816404	9823.ENSSSCP00000026359	12.2	90
4803351	9823.ENSSSCP00000009688	12.2	166
4803439	9823.ENSSSCP00000009802	12.1	60
4811916	9823.ENSSSCP00000021331	12.1	77
4809152	9823.ENSSSCP00000017999	12.0	21
4806082	9823.ENSSSCP00000013708	12.0	438
4808692	9823.ENSSSCP00000017353	11.9	96
4806767	9823.ENSSSCP00000014641	11.9	60
4804922	9823.ENSSSCP00000011890	11.8	286
4816529	9823.ENSSSCP00000026498	11.8	286
4816825	9823.ENSSSCP00000026824	11.8	76
4809708	9823.ENSSSCP00000018762	11.8	50
4802970	9823.ENSSSCP00000009135	11.7	40
4814514	9823.ENSSSCP00000024233	11.7	19
4814240	9823.ENSSSCP00000023921	11.5	35
4797108	9823.ENSSSCP00000000274	11.5	42
4808346	9823.ENSSSCP00000016841	11.5	28
4815066	9823.ENSSSCP00000024851	11.4	40
4806586	9823.ENSSSCP00000014388	11.3	19
4803893	9823.ENSSSCP00000010450	11.3	17
4804433	9823.ENSSSCP00000011177	11.3	106
4809469	9823.ENSSSCP00000018433	11.2	30
4811834	9823.ENSSSCP00000021243	11.1	134
4812914	9823.ENSSSCP00000022423	11.1	134
4804105	9823.ENSSSCP00000010737	11.1	21
4814981	9823.ENSSSCP00000024760	11.1	107
4805451	9823.ENSSSCP00000012614	11.0	17
4812773	9823.ENSSSCP00000022270	11.0	28
4804172	9823.ENSSSCP00000010818	11.0	372
4810677	9823.ENSSSCP00000019927	10.9	39
4803234	9823.ENSSSCP00000009534	10.9	202
4805653	9823.ENSSSCP00000012932	10.9	23
4815987	9823.ENSSSCP00000025887	10.9	9
4813570	9823.ENSSSCP00000023173	10.9	34
4808927	9823.ENSSSCP00000017669	10.8	28
4802794	9823.ENSSSCP00000008878	10.8	24
4812803	9823.ENSSSCP00000022305	10.7	28
4800465	9823.ENSSSCP00000005439	10.7	114
4807634	9823.ENSSSCP00000015844	10.7	50
4797513	9823.ENSSSCP00000000913	10.6	50
4797556	9823.ENSSSCP00000000975	10.6	121
4801501	9823.ENSSSCP00000006944	10.6	24
4817913	9823.ENSSSCP00000028043	10.6	25
4813082	9823.ENSSSCP00000022617	10.6	23
4814623	9823.ENSSSCP00000024357	10.5	17
4812256	9823.ENSSSCP00000021699	10.5	14
4815546	9823.ENSSSCP00000025391	10.5	14
4810584	9823.ENSSSCP00000019829	10.4	90
4814993	9823.ENSSSCP00000024773	10.4	26
4800681	9823.ENSSSCP00000005764	10.4	28
4803473	9823.ENSSSCP00000009855	10.4	46
4817085	9823.ENSSSCP00000027116	10.4	28
4812319	9823.ENSSSCP00000021767	10.4	147
4797098	9823.ENSSSCP00000000263	10.4	339
4803782	9823.ENSSSCP00000010300	10.3	535
4797095	9823.ENSSSCP00000000260	10.3	339
4810543	9823.ENSSSCP00000019782	10.3	42
4806729	9823.ENSSSCP00000014598	10.2	25
4809875	9823.ENSSSCP00000019004	10.2	147
4809138	9823.ENSSSCP00000017980	10.2	15
4804432	9823.ENSSSCP00000011176	10.2	89
4810375	9823.ENSSSCP00000019593	10.2	11
4803905	9823.ENSSSCP00000010466	10.2	22
4801180	9823.ENSSSCP00000006499	10.2	9
4802374	9823.ENSSSCP00000008265	10.1	47
4800088	9823.ENSSSCP00000004896	10.1	36
4808912	9823.ENSSSCP00000017650	10.1	48
4800901	9823.ENSSSCP00000006076	10.1	36
4800035	9823.ENSSSCP00000004815	10.1	18
4803231	9823.ENSSSCP00000009530	10.1	100
4809215	9823.ENSSSCP00000018094	10.1	29
4797670	9823.ENSSSCP00000001143	10.0	30
4803346	9823.ENSSSCP00000009681	10.0	44
4814665	9823.ENSSSCP00000024402	10.0	36
4808740	9823.ENSSSCP00000017420	10.0	224
4817242	9823.ENSSSCP00000027288	10.0	17
4802094	9823.ENSSSCP00000007820	10.0	27
4803681	9823.ENSSSCP00000010166	9.91	29
4802411	9823.ENSSSCP00000008324	9.9	26
4814538	9823.ENSSSCP00000024258	9.87	49
4814134	9823.ENSSSCP00000023804	9.82	33
4818036	9823.ENSSSCP00000028187	9.78	27
4808959	9823.ENSSSCP00000017711	9.72	39
4806940	9823.ENSSSCP00000014895	9.7	132
4812787	9823.ENSSSCP00000022286	9.67	138
4815460	9823.ENSSSCP00000025295	9.66	94
4797998	9823.ENSSSCP00000001807	9.62	15
4797579	9823.ENSSSCP00000001005	9.61	52
4813665	9823.ENSSSCP00000023279	9.61	56
4814936	9823.ENSSSCP00000024706	9.58	143
4807613	9823.ENSSSCP00000015821	9.57	257
4808841	9823.ENSSSCP00000017562	9.53	308
4801954	9823.ENSSSCP00000007595	9.52	28
4807377	9823.ENSSSCP00000015499	9.52	16
4808850	9823.ENSSSCP00000017574	9.49	56
4805096	9823.ENSSSCP00000012138	9.46	76
4816894	9823.ENSSSCP00000026903	9.45	41
4799755	9823.ENSSSCP00000004420	9.43	104
4804963	9823.ENSSSCP00000011959	9.37	22
4815485	9823.ENSSSCP00000025321	9.36	14
4808821	9823.ENSSSCP00000017538	9.36	91
4806087	9823.ENSSSCP00000013715	9.34	438
4814954	9823.ENSSSCP00000024727	9.32	31
4801806	9823.ENSSSCP00000007380	9.29	138
4812616	9823.ENSSSCP00000022100	9.29	25
4797809	9823.ENSSSCP00000001497	9.28	11
4815291	9823.ENSSSCP00000025108	9.25	339
4814250	9823.ENSSSCP00000023931	9.22	15
4818109	9823.ENSSSCP00000028385	9.21	320
4809882	9823.ENSSSCP00000019013	9.17	80
4801888	9823.ENSSSCP00000007498	9.12	21
4801945	9823.ENSSSCP00000007581	9.08	42
4815240	9823.ENSSSCP00000025052	9.08	492
4814944	9823.ENSSSCP00000024715	9.07	8
4815919	9823.ENSSSCP00000025809	9.05	20
4814718	9823.ENSSSCP00000024465	9.03	16
4809067	9823.ENSSSCP00000017880	9.03	57
4808311	9823.ENSSSCP00000016790	8.91	57
4807880	9823.ENSSSCP00000016183	8.89	30
4816150	9823.ENSSSCP00000026071	8.84	37
4809233	9823.ENSSSCP00000018121	8.78	44
4808060	9823.ENSSSCP00000016440	8.78	10
4814174	9823.ENSSSCP00000023848	8.78	387
4803902	9823.ENSSSCP00000010461	8.77	34
4797261	9823.ENSSSCP00000000509	8.74	155
4802072	9823.ENSSSCP00000007780	8.7	35
4797590	9823.ENSSSCP00000001024	8.69	155
4799611	9823.ENSSSCP00000004207	8.66	109
4797479	9823.ENSSSCP00000000848	8.63	29
4802792	9823.ENSSSCP00000008876	8.62	87
4806009	9823.ENSSSCP00000013601	8.61	34
4817949	9823.ENSSSCP00000028088	8.54	39
4805364	9823.ENSSSCP00000012495	8.52	11
4811541	9823.ENSSSCP00000020910	8.52	29
4801640	9823.ENSSSCP00000007165	8.4	26
4815877	9823.ENSSSCP00000025763	8.37	17
4800768	9823.ENSSSCP00000005881	8.36	54
4809124	9823.ENSSSCP00000017960	8.34	9
4809008	9823.ENSSSCP00000017774	8.34	9
4800427	9823.ENSSSCP00000005384	8.34	9
4811106	9823.ENSSSCP00000020415	8.34	19
4797810	9823.ENSSSCP00000001500	8.29	27
4812557	9823.ENSSSCP00000022037	8.26	76
4807134	9823.ENSSSCP00000015161	8.23	13
4816262	9823.ENSSSCP00000026198	8.2	7
4815677	9823.ENSSSCP00000025537	8.18	28
4812887	9823.ENSSSCP00000022393	8.17	13
4816373	9823.ENSSSCP00000026324	8.09	19
4806182	9823.ENSSSCP00000013846	8.09	23
4801641	9823.ENSSSCP00000007166	8.08	24
4799366	9823.ENSSSCP00000003886	8.06	38
4799149	9823.ENSSSCP00000003568	8.04	9
4805684	9823.ENSSSCP00000012989	7.99	75
4806834	9823.ENSSSCP00000014732	7.96	59
4803477	9823.ENSSSCP00000009860	7.89	13
4812957	9823.ENSSSCP00000022472	7.88	69
4817557	9823.ENSSSCP00000027638	7.87	18
4809956	9823.ENSSSCP00000019126	7.83	31
4797616	9823.ENSSSCP00000001062	7.82	40
4800538	9823.ENSSSCP00000005565	7.79	34
4815039	9823.ENSSSCP00000024822	7.76	70
4798702	9823.ENSSSCP00000002918	7.6	12
4812015	9823.ENSSSCP00000021442	7.58	42
4801776	9823.ENSSSCP00000007333	7.56	61
4800754	9823.ENSSSCP00000005863	7.53	70
4808632	9823.ENSSSCP00000017258	7.48	47
4800481	9823.ENSSSCP00000005463	7.47	25
4811730	9823.ENSSSCP00000021120	7.47	18
4805659	9823.ENSSSCP00000012947	7.47	18
4805278	9823.ENSSSCP00000012379	7.39	48
4805318	9823.ENSSSCP00000012432	7.37	70
4817727	9823.ENSSSCP00000027829	7.35	42
4805668	9823.ENSSSCP00000012965	7.35	42
4817793	9823.ENSSSCP00000027905	7.33	41
4805171	9823.ENSSSCP00000012230	7.28	48
4805320	9823.ENSSSCP00000012434	7.19	15
4803728	9823.ENSSSCP00000010225	7.17	266
4815657	9823.ENSSSCP00000025515	7.14	54
4802196	9823.ENSSSCP00000007978	7.14	5
4798394	9823.ENSSSCP00000002471	7.09	126
4812231	9823.ENSSSCP00000021673	6.98	185
4802995	9823.ENSSSCP00000009167	6.98	185
4808553	9823.ENSSSCP00000017147	6.97	22
4810401	9823.ENSSSCP00000019622	6.94	8
4814282	9823.ENSSSCP00000023970	6.93	25
4811616	9823.ENSSSCP00000020994	6.91	87
4803743	9823.ENSSSCP00000010250	6.91	87
4813567	9823.ENSSSCP00000023170	6.9	84
4817811	9823.ENSSSCP00000027926	6.88	26
4806454	9823.ENSSSCP00000014219	6.87	42
4800591	9823.ENSSSCP00000005639	6.86	58
4806983	9823.ENSSSCP00000014949	6.77	6
4806746	9823.ENSSSCP00000014618	6.75	55
4810811	9823.ENSSSCP00000020066	6.75	17
4801683	9823.ENSSSCP00000007220	6.74	14
4812320	9823.ENSSSCP00000021768	6.73	25
4807945	9823.ENSSSCP00000016267	6.64	36
4799418	9823.ENSSSCP00000003948	6.64	38
4806559	9823.ENSSSCP00000014357	6.58	34
4811238	9823.ENSSSCP00000020565	6.57	82
4808320	9823.ENSSSCP00000016804	6.55	80
4804982	9823.ENSSSCP00000011985	6.54	45
4801344	9823.ENSSSCP00000006725	6.51	12
4808984	9823.ENSSSCP00000017741	6.48	34
4798224	9823.ENSSSCP00000002154	6.46	31
4813548	9823.ENSSSCP00000023148	6.46	16
4796921	9823.ENSSSCP00000000011	6.45	36
4808709	9823.ENSSSCP00000017378	6.41	25
4800376	9823.ENSSSCP00000005311	6.41	30
4814063	9823.ENSSSCP00000023719	6.38	59
4811886	9823.ENSSSCP00000021298	6.34	38
4811448	9823.ENSSSCP00000020809	6.34	38
4815286	9823.ENSSSCP00000025103	6.28	299
4812362	9823.ENSSSCP00000021816	6.28	299
4807369	9823.ENSSSCP00000015489	6.27	24
4811014	9823.ENSSSCP00000020307	6.25	84
4802148	9823.ENSSSCP00000007911	6.21	80
4803027	9823.ENSSSCP00000009209	6.18	14
4812216	9823.ENSSSCP00000021658	6.15	23
4817866	9823.ENSSSCP00000027989	6.14	13
4797651	9823.ENSSSCP00000001119	6.09	16
4809026	9823.ENSSSCP00000017815	6.03	46
4797855	9823.ENSSSCP00000001583	6.0	37
4818162	9823.ENSSSCP00000028752	6.0	37
4809729	9823.ENSSSCP00000018798	6.0	14
4802063	9823.ENSSSCP00000007759	5.99	20
4808667	9823.ENSSSCP00000017313	5.99	17
4806730	9823.ENSSSCP00000014599	5.99	55
4806128	9823.ENSSSCP00000013776	5.95	32
4815566	9823.ENSSSCP00000025412	5.93	110
4808892	9823.ENSSSCP00000017624	5.92	26
4816744	9823.ENSSSCP00000026729	5.86	34
4809471	9823.ENSSSCP00000018435	5.86	33
4812254	9823.ENSSSCP00000021697	5.86	30
4806744	9823.ENSSSCP00000014616	5.85	32
4814692	9823.ENSSSCP00000024434	5.84	8
4796941	9823.ENSSSCP00000000036	5.83	41
4803110	9823.ENSSSCP00000009333	5.79	44
4817002	9823.ENSSSCP00000027024	5.77	23
4817078	9823.ENSSSCP00000027109	5.77	257
4798542	9823.ENSSSCP00000002685	5.73	110
4810278	9823.ENSSSCP00000019481	5.66	28
4808647	9823.ENSSSCP00000017281	5.64	11
4800912	9823.ENSSSCP00000006109	5.63	27
4814155	9823.ENSSSCP00000023826	5.63	51
4814914	9823.ENSSSCP00000024680	5.62	7
4812435	9823.ENSSSCP00000021898	5.61	82
4811397	9823.ENSSSCP00000020748	5.61	26
4808585	9823.ENSSSCP00000017187	5.59	67
4814421	9823.ENSSSCP00000024125	5.58	65
4797089	9823.ENSSSCP00000000253	5.55	208
4804294	9823.ENSSSCP00000010987	5.54	38
4817284	9823.ENSSSCP00000027334	5.54	30
4803980	9823.ENSSSCP00000010564	5.54	257
4800049	9823.ENSSSCP00000004839	5.53	122
4811756	9823.ENSSSCP00000021149	5.52	257
4801765	9823.ENSSSCP00000007320	5.51	31
4814098	9823.ENSSSCP00000023760	5.49	39
4806109	9823.ENSSSCP00000013750	5.49	30
4813947	9823.ENSSSCP00000023593	5.44	257
4815261	9823.ENSSSCP00000025078	5.44	7
4800557	9823.ENSSSCP00000005594	5.41	58
4805792	9823.ENSSSCP00000013195	5.39	10
4817502	9823.ENSSSCP00000027578	5.39	20
4798487	9823.ENSSSCP00000002608	5.39	20
4808474	9823.ENSSSCP00000017031	5.33	52
4813055	9823.ENSSSCP00000022585	5.3	50
4802221	9823.ENSSSCP00000008030	5.28	19
4803793	9823.ENSSSCP00000010316	5.28	207
4815001	9823.ENSSSCP00000024781	5.22	11
4818181	9823.ENSSSCP00000028865	5.21	257
4807264	9823.ENSSSCP00000015343	5.19	207
4801207	9823.ENSSSCP00000006545	5.15	60
4805253	9823.ENSSSCP00000012346	5.13	13
4801702	9823.ENSSSCP00000007242	5.11	23
4801570	9823.ENSSSCP00000007062	5.11	17
4806870	9823.ENSSSCP00000014777	5.09	257
4806742	9823.ENSSSCP00000014614	5.08	22
4809104	9823.ENSSSCP00000017936	5.08	257
4817292	9823.ENSSSCP00000027342	5.03	17
4803619	9823.ENSSSCP00000010080	4.98	18
4809826	9823.ENSSSCP00000018942	4.95	46
4818123	9823.ENSSSCP00000028494	4.94	11
4804948	9823.ENSSSCP00000011942	4.93	12
4810705	9823.ENSSSCP00000019955	4.92	21
4810778	9823.ENSSSCP00000020030	4.91	257
4800200	9823.ENSSSCP00000005055	4.88	14
4805989	9823.ENSSSCP00000013565	4.87	30
4816295	9823.ENSSSCP00000026235	4.83	24
4809808	9823.ENSSSCP00000018920	4.82	16
4806008	9823.ENSSSCP00000013600	4.79	10
4799607	9823.ENSSSCP00000004203	4.79	99
4801208	9823.ENSSSCP00000006546	4.76	13
4815652	9823.ENSSSCP00000025510	4.76	207
4809457	9823.ENSSSCP00000018419	4.72	8
4816293	9823.ENSSSCP00000026232	4.67	34
4807258	9823.ENSSSCP00000015334	4.65	39
4799080	9823.ENSSSCP00000003471	4.64	78
4801092	9823.ENSSSCP00000006369	4.61	20
4812885	9823.ENSSSCP00000022390	4.6	61
4806652	9823.ENSSSCP00000014477	4.59	257
4804509	9823.ENSSSCP00000011267	4.57	23
4809336	9823.ENSSSCP00000018258	4.57	257
4803325	9823.ENSSSCP00000009648	4.56	23
4814432	9823.ENSSSCP00000024136	4.54	36
4815235	9823.ENSSSCP00000025047	4.54	30
4797004	9823.ENSSSCP00000000123	4.52	16
4802508	9823.ENSSSCP00000008480	4.5	16
4809887	9823.ENSSSCP00000019018	4.49	3
4800101	9823.ENSSSCP00000004913	4.48	36
4808454	9823.ENSSSCP00000017003	4.47	7
4812960	9823.ENSSSCP00000022475	4.45	99
4815490	9823.ENSSSCP00000025326	4.44	8
4804786	9823.ENSSSCP00000011680	4.43	7
4799472	9823.ENSSSCP00000004019	4.39	23
4798926	9823.ENSSSCP00000003246	4.3	257
4812193	9823.ENSSSCP00000021633	4.3	111
4804214	9823.ENSSSCP00000010869	4.26	257
4804612	9823.ENSSSCP00000011409	4.26	30
4800093	9823.ENSSSCP00000004902	4.24	13
4807007	9823.ENSSSCP00000014980	4.23	33
4802774	9823.ENSSSCP00000008856	4.18	7
4805448	9823.ENSSSCP00000012608	4.14	320
4817644	9823.ENSSSCP00000027734	4.13	4
4796974	9823.ENSSSCP00000000082	4.12	21
4804581	9823.ENSSSCP00000011364	4.1	19
4798852	9823.ENSSSCP00000003126	4.09	266
4814411	9823.ENSSSCP00000024114	4.02	22
4800089	9823.ENSSSCP00000004897	4.02	19
4799608	9823.ENSSSCP00000004204	4.01	69
4809427	9823.ENSSSCP00000018378	4.01	101
4798894	9823.ENSSSCP00000003197	4.01	9
4799391	9823.ENSSSCP00000003916	4.0	19
4817281	9823.ENSSSCP00000027331	3.99	9
4803484	9823.ENSSSCP00000009871	3.98	41
4806721	9823.ENSSSCP00000014590	3.97	40
4809869	9823.ENSSSCP00000018997	3.96	9
4802588	9823.ENSSSCP00000008589	3.95	257
4806753	9823.ENSSSCP00000014625	3.93	12
4801628	9823.ENSSSCP00000007146	3.89	21
4816002	9823.ENSSSCP00000025906	3.86	3
4801415	9823.ENSSSCP00000006814	3.84	266
4800683	9823.ENSSSCP00000005766	3.83	16
4805265	9823.ENSSSCP00000012365	3.82	3
4816643	9823.ENSSSCP00000026619	3.81	16
4798955	9823.ENSSSCP00000003299	3.81	266
4814433	9823.ENSSSCP00000024137	3.79	33
4799609	9823.ENSSSCP00000004205	3.79	86
4802291	9823.ENSSSCP00000008146	3.75	14
4803765	9823.ENSSSCP00000010279	3.74	14
4817513	9823.ENSSSCP00000027590	3.74	20
4812309	9823.ENSSSCP00000021757	3.74	14
4805747	9823.ENSSSCP00000013108	3.73	16
4799372	9823.ENSSSCP00000003893	3.73	13
4816122	9823.ENSSSCP00000026038	3.7	17
4811855	9823.ENSSSCP00000021267	3.68	4
4807760	9823.ENSSSCP00000016020	3.62	18
4811077	9823.ENSSSCP00000020378	3.59	266
4811402	9823.ENSSSCP00000020756	3.55	3
4797987	9823.ENSSSCP00000001790	3.55	10
4817781	9823.ENSSSCP00000027892	3.54	21
4801306	9823.ENSSSCP00000006676	3.52	16
4814737	9823.ENSSSCP00000024485	3.5	9
4815669	9823.ENSSSCP00000025527	3.49	266
4818325	9823.ENSSSCP00000029879	3.48	5
4814828	9823.ENSSSCP00000024586	3.48	5
4798044	9823.ENSSSCP00000001889	3.46	9
4809954	9823.ENSSSCP00000019124	3.45	32
4815242	9823.ENSSSCP00000025055	3.43	22
4809497	9823.ENSSSCP00000018478	3.42	291
4809709	9823.ENSSSCP00000018767	3.38	58
4809602	9823.ENSSSCP00000018604	3.37	8
4802961	9823.ENSSSCP00000009122	3.37	29
4809516	9823.ENSSSCP00000018504	3.34	291
4814117	9823.ENSSSCP00000023782	3.33	14
4814797	9823.ENSSSCP00000024550	3.28	3
4800277	9823.ENSSSCP00000005158	3.27	40
4810488	9823.ENSSSCP00000019717	3.26	44
4802584	9823.ENSSSCP00000008585	3.26	10
4810600	9823.ENSSSCP00000019846	3.25	31
4810536	9823.ENSSSCP00000019774	3.25	16
4809301	9823.ENSSSCP00000018214	3.24	22
4814881	9823.ENSSSCP00000024644	3.24	23
4801518	9823.ENSSSCP00000006964	3.22	5
4797338	9823.ENSSSCP00000000624	3.22	29
4809503	9823.ENSSSCP00000018486	3.22	291
4813480	9823.ENSSSCP00000023066	3.2	7
4818376	9823.ENSSSCP00000030288	3.17	28
4798933	9823.ENSSSCP00000003258	3.16	23
4802656	9823.ENSSSCP00000008680	3.16	11
4810968	9823.ENSSSCP00000020248	3.15	9
4815802	9823.ENSSSCP00000025680	3.13	16
4809296	9823.ENSSSCP00000018208	3.12	32
4806764	9823.ENSSSCP00000014636	3.09	11
4805707	9823.ENSSSCP00000013044	3.09	42
4817699	9823.ENSSSCP00000027797	3.07	291
4808362	9823.ENSSSCP00000016863	3.05	185
4816775	9823.ENSSSCP00000026765	3.03	3
4809112	9823.ENSSSCP00000017946	3.02	3
4808634	9823.ENSSSCP00000017262	3.01	1
4809502	9823.ENSSSCP00000018485	2.97	291
4805479	9823.ENSSSCP00000012658	2.93	12
4815853	9823.ENSSSCP00000025739	2.92	23
4811472	9823.ENSSSCP00000020836	2.89	13
4806978	9823.ENSSSCP00000014944	2.86	10
4802296	9823.ENSSSCP00000008163	2.84	7
4798401	9823.ENSSSCP00000002481	2.84	15
4806563	9823.ENSSSCP00000014361	2.84	64
4809496	9823.ENSSSCP00000018474	2.84	291
4817725	9823.ENSSSCP00000027827	2.83	291
4816970	9823.ENSSSCP00000026987	2.83	16
4809498	9823.ENSSSCP00000018479	2.79	291
4806036	9823.ENSSSCP00000013646	2.79	54
4802283	9823.ENSSSCP00000008130	2.76	8
4802516	9823.ENSSSCP00000008491	2.75	19
4798663	9823.ENSSSCP00000002862	2.75	17
4810031	9823.ENSSSCP00000019208	2.75	17
4799610	9823.ENSSSCP00000004206	2.74	78
4806478	9823.ENSSSCP00000014250	2.74	25
4814042	9823.ENSSSCP00000023697	2.74	13
4807293	9823.ENSSSCP00000015382	2.73	28
4816930	9823.ENSSSCP00000026944	2.72	7
4803840	9823.ENSSSCP00000010376	2.71	6
4808113	9823.ENSSSCP00000016515	2.69	30
4810354	9823.ENSSSCP00000019566	2.68	291
4804314	9823.ENSSSCP00000011016	2.68	10
4800784	9823.ENSSSCP00000005903	2.64	26
4818494	9823.ENSSSCP00000031007	2.55	7
4809123	9823.ENSSSCP00000017959	2.55	23
4815033	9823.ENSSSCP00000024816	2.54	7
4810358	9823.ENSSSCP00000019572	2.54	17
4806599	9823.ENSSSCP00000014410	2.54	32
4806597	9823.ENSSSCP00000014406	2.54	32
4810549	9823.ENSSSCP00000019788	2.53	58
4816247	9823.ENSSSCP00000026179	2.5	42
4811230	9823.ENSSSCP00000020556	2.5	9
4812712	9823.ENSSSCP00000022207	2.5	291
4805292	9823.ENSSSCP00000012394	2.49	6
4813211	9823.ENSSSCP00000022762	2.46	3
4802486	9823.ENSSSCP00000008441	2.46	21
4809499	9823.ENSSSCP00000018480	2.45	291
4805135	9823.ENSSSCP00000012184	2.44	7
4803198	9823.ENSSSCP00000009479	2.44	5
4809007	9823.ENSSSCP00000017773	2.43	23
4807176	9823.ENSSSCP00000015215	2.41	14
4804191	9823.ENSSSCP00000010842	2.41	27
4801930	9823.ENSSSCP00000007560	2.37	20
4801367	9823.ENSSSCP00000006759	2.34	9
4810277	9823.ENSSSCP00000019480	2.34	19
4810913	9823.ENSSSCP00000020187	2.31	9
4799756	9823.ENSSSCP00000004421	2.31	17
4809643	9823.ENSSSCP00000018662	2.29	6
4809500	9823.ENSSSCP00000018482	2.28	291
4803126	9823.ENSSSCP00000009363	2.27	7
4803554	9823.ENSSSCP00000009991	2.25	16
4813238	9823.ENSSSCP00000022793	2.24	5
4804130	9823.ENSSSCP00000010768	2.24	8
4798741	9823.ENSSSCP00000002972	2.24	6
4804384	9823.ENSSSCP00000011120	2.23	6
4804630	9823.ENSSSCP00000011447	2.23	8
4804836	9823.ENSSSCP00000011761	2.23	19
4808190	9823.ENSSSCP00000016617	2.22	10
4803356	9823.ENSSSCP00000009693	2.19	51
4816955	9823.ENSSSCP00000026971	2.19	2
4810045	9823.ENSSSCP00000019223	2.17	208
4800024	9823.ENSSSCP00000004798	2.17	11
4817851	9823.ENSSSCP00000027972	2.16	27
4809433	9823.ENSSSCP00000018389	2.14	8
4815483	9823.ENSSSCP00000025319	2.12	13
4805100	9823.ENSSSCP00000012142	2.1	10
4817759	9823.ENSSSCP00000027866	2.1	9
4818220	9823.ENSSSCP00000029166	2.09	15
4809241	9823.ENSSSCP00000018131	2.09	3
4797185	9823.ENSSSCP00000000396	2.09	15
4798444	9823.ENSSSCP00000002548	2.08	10
4797097	9823.ENSSSCP00000000262	2.08	208
4800023	9823.ENSSSCP00000004796	2.05	11
4805210	9823.ENSSSCP00000012289	2.01	23
4797088	9823.ENSSSCP00000000251	1.99	208
4807923	9823.ENSSSCP00000016238	1.98	11
4817737	9823.ENSSSCP00000027841	1.98	14
4801142	9823.ENSSSCP00000006450	1.96	27
4813600	9823.ENSSSCP00000023205	1.96	13
4817414	9823.ENSSSCP00000027484	1.96	5
4815875	9823.ENSSSCP00000025761	1.95	208
4810152	9823.ENSSSCP00000019341	1.95	14
4807536	9823.ENSSSCP00000015721	1.92	35
4807006	9823.ENSSSCP00000014979	1.92	6
4804402	9823.ENSSSCP00000011143	1.91	8
4803011	9823.ENSSSCP00000009188	1.9	17
4798273	9823.ENSSSCP00000002224	1.89	9
4813815	9823.ENSSSCP00000023448	1.88	16
4818421	9823.ENSSSCP00000030579	1.87	5
4802607	9823.ENSSSCP00000008617	1.84	12
4800261	9823.ENSSSCP00000005136	1.83	1
4809790	9823.ENSSSCP00000018877	1.82	22
4801924	9823.ENSSSCP00000007551	1.81	9
4801343	9823.ENSSSCP00000006724	1.77	6
4818234	9823.ENSSSCP00000029258	1.76	50
4818365	9823.ENSSSCP00000030183	1.76	9
4801304	9823.ENSSSCP00000006674	1.75	5
4816946	9823.ENSSSCP00000026961	1.75	3
4807719	9823.ENSSSCP00000015965	1.72	2
4803931	9823.ENSSSCP00000010500	1.72	13
4817859	9823.ENSSSCP00000027982	1.71	3
4811302	9823.ENSSSCP00000020640	1.7	8
4818052	9823.ENSSSCP00000028205	1.7	19
4806640	9823.ENSSSCP00000014465	1.69	7
4804252	9823.ENSSSCP00000010925	1.69	8
4809493	9823.ENSSSCP00000018469	1.68	15
4817380	9823.ENSSSCP00000027443	1.67	103
4817147	9823.ENSSSCP00000027184	1.66	6
4810002	9823.ENSSSCP00000019176	1.64	11
4816781	9823.ENSSSCP00000026773	1.63	30
4802123	9823.ENSSSCP00000007865	1.63	23
4797100	9823.ENSSSCP00000000265	1.61	208
4798004	9823.ENSSSCP00000001827	1.61	18
4804928	9823.ENSSSCP00000011906	1.61	10
4812137	9823.ENSSSCP00000021573	1.58	13
4807601	9823.ENSSSCP00000015808	1.56	3
4807599	9823.ENSSSCP00000015806	1.56	3
4806569	9823.ENSSSCP00000014369	1.55	8
4804401	9823.ENSSSCP00000011141	1.52	8
4811013	9823.ENSSSCP00000020306	1.5	63
4801876	9823.ENSSSCP00000007484	1.49	18
4804788	9823.ENSSSCP00000011683	1.49	5
4812420	9823.ENSSSCP00000021882	1.48	3
4810553	9823.ENSSSCP00000019793	1.48	24
4801637	9823.ENSSSCP00000007162	1.47	13
4812612	9823.ENSSSCP00000022096	1.47	8
4809276	9823.ENSSSCP00000018179	1.46	13
4816099	9823.ENSSSCP00000026012	1.45	51
4806219	9823.ENSSSCP00000013892	1.45	7
4803786	9823.ENSSSCP00000010306	1.37	2
4809774	9823.ENSSSCP00000018854	1.35	3
4799010	9823.ENSSSCP00000003367	1.34	5
4807545	9823.ENSSSCP00000015734	1.3	14
4817755	9823.ENSSSCP00000027862	1.29	8
4809208	9823.ENSSSCP00000018085	1.27	8
4807730	9823.ENSSSCP00000015979	1.25	2
4811823	9823.ENSSSCP00000021230	1.25	50
4815846	9823.ENSSSCP00000025730	1.23	14
4814841	9823.ENSSSCP00000024599	1.21	4
4799504	9823.ENSSSCP00000004062	1.2	54
4797933	9823.ENSSSCP00000001702	1.2	50
4801467	9823.ENSSSCP00000006897	1.19	1
4808690	9823.ENSSSCP00000017350	1.19	6
4815825	9823.ENSSSCP00000025706	1.16	4
4806388	9823.ENSSSCP00000014132	1.15	4
4806534	9823.ENSSSCP00000014322	1.15	3
4817103	9823.ENSSSCP00000027134	1.15	4
4810296	9823.ENSSSCP00000019499	1.13	7
4803384	9823.ENSSSCP00000009730	1.1	22
4807574	9823.ENSSSCP00000015770	1.1	4
4804004	9823.ENSSSCP00000010599	1.06	2
4804902	9823.ENSSSCP00000011854	1.05	2
4798257	9823.ENSSSCP00000002198	1.05	50
4804652	9823.ENSSSCP00000011472	1.04	61
4812461	9823.ENSSSCP00000021926	1.03	17
4811346	9823.ENSSSCP00000020690	1.03	5
4807529	9823.ENSSSCP00000015711	1.02	4
4804721	9823.ENSSSCP00000011573	1.02	7
4804366	9823.ENSSSCP00000011083	1.02	24
4803401	9823.ENSSSCP00000009750	1.01	5
4804299	9823.ENSSSCP00000010993	0.989	22
4811429	9823.ENSSSCP00000020788	0.984	4
4810573	9823.ENSSSCP00000019816	0.973	10
4814083	9823.ENSSSCP00000023742	0.942	6
4811622	9823.ENSSSCP00000021001	0.942	6
4811704	9823.ENSSSCP00000021091	0.926	16
4806626	9823.ENSSSCP00000014448	0.923	3
4801831	9823.ENSSSCP00000007417	0.897	2
4802669	9823.ENSSSCP00000008694	0.887	10
4802898	9823.ENSSSCP00000009035	0.878	6
4805286	9823.ENSSSCP00000012387	0.862	6
4812526	9823.ENSSSCP00000022001	0.859	20
4812841	9823.ENSSSCP00000022346	0.859	16
4808200	9823.ENSSSCP00000016632	0.859	4
4816563	9823.ENSSSCP00000026534	0.842	16
4797580	9823.ENSSSCP00000001006	0.837	22
4798173	9823.ENSSSCP00000002085	0.821	7
4803880	9823.ENSSSCP00000010434	0.801	17
4798169	9823.ENSSSCP00000002079	0.797	7
4807108	9823.ENSSSCP00000015125	0.771	1
4815837	9823.ENSSSCP00000025720	0.768	1
4808488	9823.ENSSSCP00000017049	0.741	26
4809071	9823.ENSSSCP00000017885	0.727	5
4813141	9823.ENSSSCP00000022676	0.721	1
4804714	9823.ENSSSCP00000011561	0.714	21
4813690	9823.ENSSSCP00000023307	0.705	7
4804230	9823.ENSSSCP00000010890	0.689	3
4811327	9823.ENSSSCP00000020669	0.686	11
4806622	9823.ENSSSCP00000014442	0.682	3
4813391	9823.ENSSSCP00000022970	0.653	3
4798719	9823.ENSSSCP00000002940	0.647	2
4811209	9823.ENSSSCP00000020531	0.642	2
4814662	9823.ENSSSCP00000024398	0.636	3
4814163	9823.ENSSSCP00000023837	0.61	11
4816214	9823.ENSSSCP00000026146	0.61	11
4814114	9823.ENSSSCP00000023779	0.606	14
4802671	9823.ENSSSCP00000008698	0.599	2
4812692	9823.ENSSSCP00000022185	0.594	2
4814858	9823.ENSSSCP00000024619	0.591	1
4811423	9823.ENSSSCP00000020782	0.587	2
4801939	9823.ENSSSCP00000007573	0.58	8
4800919	9823.ENSSSCP00000006118	0.578	4
4805157	9823.ENSSSCP00000012209	0.578	3
4804416	9823.ENSSSCP00000011159	0.577	3
4810311	9823.ENSSSCP00000019516	0.576	1
4800275	9823.ENSSSCP00000005155	0.576	1
4804878	9823.ENSSSCP00000011815	0.563	1
4817221	9823.ENSSSCP00000027263	0.561	1
4816439	9823.ENSSSCP00000026398	0.549	2
4800162	9823.ENSSSCP00000005003	0.548	3
4804256	9823.ENSSSCP00000010930	0.536	4
4812836	9823.ENSSSCP00000022341	0.536	2
4815367	9823.ENSSSCP00000025192	0.534	1
4799891	9823.ENSSSCP00000004603	0.534	11
4802147	9823.ENSSSCP00000007910	0.53	1
4816553	9823.ENSSSCP00000026523	0.53	8
4806124	9823.ENSSSCP00000013772	0.522	1
4806214	9823.ENSSSCP00000013882	0.513	5
4804524	9823.ENSSSCP00000011286	0.506	3
4803090	9823.ENSSSCP00000009304	0.482	1
4815613	9823.ENSSSCP00000025463	0.476	1
4806057	9823.ENSSSCP00000013668	0.476	5
4804016	9823.ENSSSCP00000010613	0.476	7
4801314	9823.ENSSSCP00000006686	0.461	3
4799704	9823.ENSSSCP00000004346	0.456	8
4802319	9823.ENSSSCP00000008192	0.439	3
4811815	9823.ENSSSCP00000021222	0.439	1
4803827	9823.ENSSSCP00000010358	0.432	1
4810539	9823.ENSSSCP00000019778	0.427	2
4814656	9823.ENSSSCP00000024392	0.427	1
4811064	9823.ENSSSCP00000020365	0.427	1
4798900	9823.ENSSSCP00000003205	0.418	1
4799346	9823.ENSSSCP00000003861	0.415	8
4798205	9823.ENSSSCP00000002126	0.411	8
4812806	9823.ENSSSCP00000022308	0.41	1
4803689	9823.ENSSSCP00000010175	0.409	5
4802211	9823.ENSSSCP00000008004	0.409	21
4813667	9823.ENSSSCP00000023281	0.406	1
4796937	9823.ENSSSCP00000000029	0.395	20
4806216	9823.ENSSSCP00000013887	0.395	1
4798204	9823.ENSSSCP00000002125	0.392	8
4809898	9823.ENSSSCP00000019030	0.385	7
4797327	9823.ENSSSCP00000000607	0.384	3
4798648	9823.ENSSSCP00000002836	0.364	1
4799367	9823.ENSSSCP00000003887	0.364	1
4804014	9823.ENSSSCP00000010611	0.364	2
4799706	9823.ENSSSCP00000004349	0.354	1
4803377	9823.ENSSSCP00000009721	0.351	4
4803750	9823.ENSSSCP00000010258	0.345	4
4818067	9823.ENSSSCP00000028220	0.331	5
4803216	9823.ENSSSCP00000009509	0.331	5
4813902	9823.ENSSSCP00000023543	0.327	2
4802420	9823.ENSSSCP00000008335	0.317	2
4808795	9823.ENSSSCP00000017495	0.314	2
4797056	9823.ENSSSCP00000000193	0.309	4
4801442	9823.ENSSSCP00000006854	0.308	1
4811671	9823.ENSSSCP00000021054	0.306	1
4807995	9823.ENSSSCP00000016335	0.296	1
4815595	9823.ENSSSCP00000025445	0.289	1
4798046	9823.ENSSSCP00000001892	0.283	1
4817983	9823.ENSSSCP00000028126	0.282	2
4806942	9823.ENSSSCP00000014897	0.282	3
4815586	9823.ENSSSCP00000025435	0.279	1
4801724	9823.ENSSSCP00000007271	0.277	3
4808834	9823.ENSSSCP00000017552	0.273	3
4807742	9823.ENSSSCP00000015995	0.269	10
4799066	9823.ENSSSCP00000003447	0.265	1
4801179	9823.ENSSSCP00000006498	0.263	1
4797952	9823.ENSSSCP00000001730	0.259	1
4804171	9823.ENSSSCP00000010817	0.242	2
4796944	9823.ENSSSCP00000000039	0.238	1
4801365	9823.ENSSSCP00000006756	0.234	1
4797127	9823.ENSSSCP00000000298	0.234	1
4816269	9823.ENSSSCP00000026206	0.234	1
4807652	9823.ENSSSCP00000015869	0.226	4
4813168	9823.ENSSSCP00000022710	0.226	4
4811280	9823.ENSSSCP00000020612	0.221	1
4810700	9823.ENSSSCP00000019950	0.22	2
4808563	9823.ENSSSCP00000017162	0.216	2
4807598	9823.ENSSSCP00000015804	0.206	6
4818345	9823.ENSSSCP00000029997	0.202	1
4812305	9823.ENSSSCP00000021752	0.163	1
4811608	9823.ENSSSCP00000020985	0.154	2
4800211	9823.ENSSSCP00000005069	0.154	3
4808402	9823.ENSSSCP00000016925	0.152	1
4807528	9823.ENSSSCP00000015710	0.143	1
4815511	9823.ENSSSCP00000025348	0.13	1
4803495	9823.ENSSSCP00000009893	0.128	1
4809592	9823.ENSSSCP00000018592	0.124	1
4813470	9823.ENSSSCP00000023056	0.108	1
4815585	9823.ENSSSCP00000025434	0.108	1
4800589	9823.ENSSSCP00000005635	0.106	2
4800972	9823.ENSSSCP00000006195	0.106	1
4799841	9823.ENSSSCP00000004533	0.104	1
4808088	9823.ENSSSCP00000016478	0.098	1
4800373	9823.ENSSSCP00000005306	0.093	1
4800511	9823.ENSSSCP00000005510	0.09	1
4808197	9823.ENSSSCP00000016629	0.081	1
4814717	9823.ENSSSCP00000024464	0.079	1
4803434	9823.ENSSSCP00000009792	0.078	1
4799235	9823.ENSSSCP00000003699	0.078	3
4808041	9823.ENSSSCP00000016412	0.076	1
4798716	9823.ENSSSCP00000002937	0.074	1
4809937	9823.ENSSSCP00000019101	0.062	1
4817069	9823.ENSSSCP00000027099	0.054	1
4809617	9823.ENSSSCP00000018623	0.054	1
4818482	9823.ENSSSCP00000030911	0.054	1
4802228	9823.ENSSSCP00000008040	0.051	2
4802456	9823.ENSSSCP00000008387	0.044	1
4803464	9823.ENSSSCP00000009844	0.041	1
4814530	9823.ENSSSCP00000024250	0.039	1
4801840	9823.ENSSSCP00000007428	0.036	1
4812635	9823.ENSSSCP00000022121	0.036	1
4815752	9823.ENSSSCP00000025625	0.025	3
4807762	9823.ENSSSCP00000016022	0.024	1
4816270	9823.ENSSSCP00000026207	0.024	1
4799449	9823.ENSSSCP00000003988	0.011	1
4810627	9823.ENSSSCP00000019874	0.004	1
