#id: 2274773369
#name: S.scrofa - Synovial fluid, iBAQ (Bennikeetal,jproteomeres2014)
#score: 4.7
#weight: 100%
#description: abundance based on iBAQ, Interaction consistency score: 4.7, Coverage: 2
#organ: SYNOVIAL_FLUID
#integrated: false
#coverage: 2
#link: http://www.ncbi.nlm.nih.gov/pubmed/25160569
#publication_year: 2014
#filename: 9823-PXD000935_pig_Synovial_Fluid.txt
#
#internal_id	string_external_id	abundance
4803247	9823.ENSSSCP00000009549	377930	26477283502000
4802534	9823.ENSSSCP00000008517	157396	2376268240000
4807485	9823.ENSSSCP00000015647	71027	1910232967000
4805300	9823.ENSSSCP00000012406	52605	4460728568000
4807487	9823.ENSSSCP00000015649	27079	893284611000
4807417	9823.ENSSSCP00000015556	26185	862458620000
4807741	9823.ENSSSCP00000015994	23396	752939141000
4808771	9823.ENSSSCP00000017465	22458	407421500000
4805421	9823.ENSSSCP00000012570	22143	470539746000
4804116	9823.ENSSSCP00000010750	14405	157410650000
4798547	9823.ENSSSCP00000002692	10737	161613700000
4799686	9823.ENSSSCP00000004323	10306	303753019000
4798546	9823.ENSSSCP00000002691	10105	535257844000
4797382	9823.ENSSSCP00000000701	8391	834361763000
4798738	9823.ENSSSCP00000002967	8038	260585350000
4813358	9823.ENSSSCP00000022931	6561	70908764000
4805423	9823.ENSSSCP00000012572	6157	274513430000
4815656	9823.ENSSSCP00000025514	6042	247135900000
4798549	9823.ENSSSCP00000002695	5766	288171189000
4798545	9823.ENSSSCP00000002690	5383	117233460000
4798550	9823.ENSSSCP00000002696	4949	256904693000
4818354	9823.ENSSSCP00000030086	4718	354508864000
4798548	9823.ENSSSCP00000002694	4415	279483586000
4802532	9823.ENSSSCP00000008514	4272	206670000000
4811996	9823.ENSSSCP00000021421	4270	80948137000
4801382	9823.ENSSSCP00000006775	4200	45336659000
4803801	9823.ENSSSCP00000010325	4185	153223700000
4807740	9823.ENSSSCP00000015993	3833	25618150000
4810586	9823.ENSSSCP00000019832	3709	81489227000
4817310	9823.ENSSSCP00000027363	3407	116729194000
4805154	9823.ENSSSCP00000012206	3170	230568030000
4799713	9823.ENSSSCP00000004364	3093	194416019000
4813254	9823.ENSSSCP00000022813	3069	110284580000
4807486	9823.ENSSSCP00000015648	2824	177770000000
4808053	9823.ENSSSCP00000016426	2775	140091386000
4798539	9823.ENSSSCP00000002681	2761	114545862000
4806591	9823.ENSSSCP00000014399	2567	289950541000
4809364	9823.ENSSSCP00000018294	2359	93913900000
4797821	9823.ENSSSCP00000001522	2140	130682039000
4803238	9823.ENSSSCP00000009539	2113	32103740000
4804909	9823.ENSSSCP00000011867	2091	73131610000
4800771	9823.ENSSSCP00000005884	2077	79205120000
4813081	9823.ENSSSCP00000022616	2004	78186000000
4805029	9823.ENSSSCP00000012047	1854	29624470000
4801213	9823.ENSSSCP00000006552	1832	39379095000
4814321	9823.ENSSSCP00000024014	1749	79205120000
4811951	9823.ENSSSCP00000021371	1682	113650121000
4797202	9823.ENSSSCP00000000424	1679	33229060000
4813621	9823.ENSSSCP00000023229	1556	54388600000
4816259	9823.ENSSSCP00000026195	1535	184618159000
4816778	9823.ENSSSCP00000026769	1483	340750375000
4807739	9823.ENSSSCP00000015992	1460	61587249000
4808544	9823.ENSSSCP00000017132	1409	207122488000
4805424	9823.ENSSSCP00000012573	1323	69520740000
4806735	9823.ENSSSCP00000014605	1139	11679359000
4797826	9823.ENSSSCP00000001528	917	110684748000
4806356	9823.ENSSSCP00000014081	906	39671370000
4804748	9823.ENSSSCP00000011611	883	48540772000
4814348	9823.ENSSSCP00000024044	873	2269667000
4805151	9823.ENSSSCP00000012202	864	51585640000
4803249	9823.ENSSSCP00000009551	799	42337604000
4811038	9823.ENSSSCP00000020334	752	21489110000
4805422	9823.ENSSSCP00000012571	727	33126740000
4804425	9823.ENSSSCP00000011168	709	13690197000
4800768	9823.ENSSSCP00000005881	682	17014530000
4802268	9823.ENSSSCP00000008105	644	46314876000
4810286	9823.ENSSSCP00000019489	631	48978010000
4807939	9823.ENSSSCP00000016259	630	3112000000
4804128	9823.ENSSSCP00000010766	629	23720680000
4817948	9823.ENSSSCP00000028087	627	45924686000
4806883	9823.ENSSSCP00000014796	600	29491542000
4810903	9823.ENSSSCP00000020176	585	11826920000
4805633	9823.ENSSSCP00000012901	583	2388177000
4815976	9823.ENSSSCP00000025875	577	48597430000
4801451	9823.ENSSSCP00000006879	531	20436570000
4804207	9823.ENSSSCP00000010861	512	11721180000
4806565	9823.ENSSSCP00000014363	510	16040831000
4799569	9823.ENSSSCP00000004152	497	14670472000
4798988	9823.ENSSSCP00000003343	451	16298880000
4816402	9823.ENSSSCP00000026357	418	7074293000
4808180	9823.ENSSSCP00000016605	401	29095665000
4808181	9823.ENSSSCP00000016606	387	11770178000
4804914	9823.ENSSSCP00000011874	386	17248000000
4801211	9823.ENSSSCP00000006550	385	9731181000
4801011	9823.ENSSSCP00000006250	382	6882630000
4797559	9823.ENSSSCP00000000978	370	12661240000
4805909	9823.ENSSSCP00000013424	336	21696000000
4803598	9823.ENSSSCP00000010046	322	9726590000
4813183	9823.ENSSSCP00000022729	304	5444475000
4810218	9823.ENSSSCP00000019414	303	18583548000
4813615	9823.ENSSSCP00000023223	292	3518765000
4807031	9823.ENSSSCP00000015012	287	28979830000
4818334	9823.ENSSSCP00000029927	280	16798902000
4813578	9823.ENSSSCP00000023182	272	17444790000
4798538	9823.ENSSSCP00000002680	266	10256340000
4809791	9823.ENSSSCP00000018879	261	12350440000
4805553	9823.ENSSSCP00000012777	259	2631100000
4814822	9823.ENSSSCP00000024580	246	7849600000
4805961	9823.ENSSSCP00000013514	243	5884750000
4805636	9823.ENSSSCP00000012906	241	4757500000
4814639	9823.ENSSSCP00000024374	231	18670970000
4803290	9823.ENSSSCP00000009603	231	18670970000
4810246	9823.ENSSSCP00000019444	223	25601770000
4806310	9823.ENSSSCP00000014011	217	6512894000
4808276	9823.ENSSSCP00000016742	213	12730144000
4803289	9823.ENSSSCP00000009602	203	7860628000
4811405	9823.ENSSSCP00000020759	196	1112530000
4802713	9823.ENSSSCP00000008760	188	1369637000
4798986	9823.ENSSSCP00000003341	187	2311310000
4799568	9823.ENSSSCP00000004150	185	10994836000
4797545	9823.ENSSSCP00000000959	175	11521000000
4803288	9823.ENSSSCP00000009601	175	14155647600
4814463	9823.ENSSSCP00000024170	169	2730736000
4817023	9823.ENSSSCP00000027047	169	1619140000
4809052	9823.ENSSSCP00000017860	166	6581790000
4804213	9823.ENSSSCP00000010867	165	27111066000
4800285	9823.ENSSSCP00000005172	165	27111066000
4805210	9823.ENSSSCP00000012289	163	19383000000
4810113	9823.ENSSSCP00000019299	156	1919116000
4797407	9823.ENSSSCP00000000740	153	907710000
4806391	9823.ENSSSCP00000014135	145	5715386000
4810299	9823.ENSSSCP00000019502	143	13505187600
4809436	9823.ENSSSCP00000018393	136	7545004000
4797093	9823.ENSSSCP00000000258	135	1963450000
4816483	9823.ENSSSCP00000026449	134	5688128000
4812384	9823.ENSSSCP00000021841	131	572940000
4808972	9823.ENSSSCP00000017727	120	1229734000
4818505	9823.ENSSSCP00000031087	119	1963450000
4809455	9823.ENSSSCP00000018417	119	7471867000
4802296	9823.ENSSSCP00000008163	119	2711210000
4805446	9823.ENSSSCP00000012602	117	3599150000
4797101	9823.ENSSSCP00000000266	115	10264224000
4818380	9823.ENSSSCP00000030314	113	504943000
4812712	9823.ENSSSCP00000022207	111	10948150000
4804397	9823.ENSSSCP00000011135	109	19158166000
4806382	9823.ENSSSCP00000014125	108	1878200000
4808778	9823.ENSSSCP00000017473	104	4901300000
4799324	9823.ENSSSCP00000003826	97.1	2012660000
4807223	9823.ENSSSCP00000015286	95.5	2326130000
4798331	9823.ENSSSCP00000002339	93.1	2416400000
4817550	9823.ENSSSCP00000027630	91.7	3027130000
4807032	9823.ENSSSCP00000015013	87.8	5251444000
4817614	9823.ENSSSCP00000027702	86.9	2072800000
4814573	9823.ENSSSCP00000024299	86.8	845550000
4808082	9823.ENSSSCP00000016471	85.8	5330819000
4800788	9823.ENSSSCP00000005908	82.0	12019487000
4804340	9823.ENSSSCP00000011050	81.3	1943370000
4804343	9823.ENSSSCP00000011053	81.3	1943370000
4803941	9823.ENSSSCP00000010514	81.2	2286220000
4809846	9823.ENSSSCP00000018967	80.7	962850000
4816818	9823.ENSSSCP00000026815	79.2	441160000
4803713	9823.ENSSSCP00000010205	77.5	3309090000
4811917	9823.ENSSSCP00000021332	74.6	1940300000
4809055	9823.ENSSSCP00000017865	73.9	4838155000
4802994	9823.ENSSSCP00000009166	73.0	7658901000
4801222	9823.ENSSSCP00000006563	72.8	764210000
4797893	9823.ENSSSCP00000001641	72.7	371000000
4815870	9823.ENSSSCP00000025756	69.2	2702890000
4815566	9823.ENSSSCP00000025412	68.5	10116000000
4818109	9823.ENSSSCP00000028385	68.5	21225000000
4806878	9823.ENSSSCP00000014787	67.2	1904070000
4797820	9823.ENSSSCP00000001521	66.6	3058977000
4814062	9823.ENSSSCP00000023718	66.3	2706110000
4814725	9823.ENSSSCP00000024473	64.1	2315217000
4801158	9823.ENSSSCP00000006472	63.6	2396530000
4805065	9823.ENSSSCP00000012102	62.7	2702890000
4798542	9823.ENSSSCP00000002685	62.4	10116000000
4797195	9823.ENSSSCP00000000410	58.2	1940300000
4801260	9823.ENSSSCP00000006610	57.0	5142100000
4817918	9823.ENSSSCP00000028049	55.7	1904070000
4805152	9823.ENSSSCP00000012204	54.2	3549178000
4800743	9823.ENSSSCP00000005849	52.8	486890000
4812196	9823.ENSSSCP00000021637	51.9	1789990000
4806686	9823.ENSSSCP00000014528	50.4	10442885000
4803069	9823.ENSSSCP00000009274	49.1	2299767000
4812636	9823.ENSSSCP00000022122	46.5	1187570000
4797009	9823.ENSSSCP00000000129	46.2	602010000
4816445	9823.ENSSSCP00000026405	45.2	1375840000
4813653	9823.ENSSSCP00000023263	44.7	2757800000
4816602	9823.ENSSSCP00000026575	44.5	587771000
4805864	9823.ENSSSCP00000013341	44.0	2691640000
4797110	9823.ENSSSCP00000000276	43.8	494870000
4797201	9823.ENSSSCP00000000423	43.4	1696800000
4811970	9823.ENSSSCP00000021393	42.2	2633341000
4802122	9823.ENSSSCP00000007864	42.0	1833403000
4817845	9823.ENSSSCP00000027965	41.6	133810000
4796921	9823.ENSSSCP00000000011	40.5	2078940000
4806490	9823.ENSSSCP00000014267	37.0	937681000
4814577	9823.ENSSSCP00000024304	36.6	619160000
4812688	9823.ENSSSCP00000022181	36.1	1310100000
4816744	9823.ENSSSCP00000026729	35.1	1702643000
4809057	9823.ENSSSCP00000017868	35.1	2231554000
4809456	9823.ENSSSCP00000018418	33.2	4467810000
4801212	9823.ENSSSCP00000006551	32.8	929534000
4814904	9823.ENSSSCP00000024669	32.6	253120000
4817353	9823.ENSSSCP00000027413	32.6	253120000
4804618	9823.ENSSSCP00000011426	32.2	1447300000
4800983	9823.ENSSSCP00000006207	32.2	441620000
4805448	9823.ENSSSCP00000012608	31.3	21225000000
4812924	9823.ENSSSCP00000022434	31.0	1147242000
4810251	9823.ENSSSCP00000019450	30.9	5185200000
4818018	9823.ENSSSCP00000028167	30.8	782530000
4802773	9823.ENSSSCP00000008854	29.9	4270797000
4804949	9823.ENSSSCP00000011943	29.6	2365616000
4810202	9823.ENSSSCP00000019396	29.3	251243000
4810577	9823.ENSSSCP00000019821	28.6	2892600000
4817684	9823.ENSSSCP00000027780	28.6	4676700000
4814435	9823.ENSSSCP00000024139	27.8	2026020000
4809943	9823.ENSSSCP00000019108	27.6	1904070000
4818055	9823.ENSSSCP00000028208	27.1	2562380000
4815474	9823.ENSSSCP00000025310	26.8	354065000
4797400	9823.ENSSSCP00000000730	26.4	900124000
4802369	9823.ENSSSCP00000008259	26.4	2919900000
4799325	9823.ENSSSCP00000003827	26.0	1013900000
4799327	9823.ENSSSCP00000003829	26.0	1013900000
4798121	9823.ENSSSCP00000002003	25.3	2024842000
4797088	9823.ENSSSCP00000000251	25.2	1452670000
4815875	9823.ENSSSCP00000025761	24.4	2489400000
4808042	9823.ENSSSCP00000016413	24.2	1168730000
4816245	9823.ENSSSCP00000026177	24.1	1529400000
4804840	9823.ENSSSCP00000011767	23.2	1252688000
4805720	9823.ENSSSCP00000013067	22.9	308656000
4816077	9823.ENSSSCP00000025987	22.9	629620000
4807186	9823.ENSSSCP00000015228	22.7	681188000
4800873	9823.ENSSSCP00000006041	21.4	562760000
4800196	9823.ENSSSCP00000005044	21.3	650270000
4800198	9823.ENSSSCP00000005050	21.3	650270000
4811732	9823.ENSSSCP00000021122	21.2	1358650000
4818073	9823.ENSSSCP00000028228	20.9	1456960000
4799625	9823.ENSSSCP00000004229	20.8	502110000
4802338	9823.ENSSSCP00000008214	20.7	1371780000
4797103	9823.ENSSSCP00000000268	20.5	2499300000
4797811	9823.ENSSSCP00000001505	20.4	423272200
4809496	9823.ENSSSCP00000018474	19.8	5566742000
4804560	9823.ENSSSCP00000011334	19.7	739120000
4812834	9823.ENSSSCP00000022339	19.4	475274000
4808179	9823.ENSSSCP00000016604	19.2	397340000
4811329	9823.ENSSSCP00000020672	18.8	1060242000
4804096	9823.ENSSSCP00000010726	17.8	2250000000
4809503	9823.ENSSSCP00000018486	17.2	3655265000
4801876	9823.ENSSSCP00000007484	16.7	2210062800
4802995	9823.ENSSSCP00000009167	16.3	3205683000
4812231	9823.ENSSSCP00000021673	16.3	3205683000
4798394	9823.ENSSSCP00000002471	16.2	3627913000
4802564	9823.ENSSSCP00000008557	15.9	805645000
4805556	9823.ENSSSCP00000012782	15.1	206270000
4811618	9823.ENSSSCP00000020997	14.7	3952800000
4802139	9823.ENSSSCP00000007895	14.7	213440000
4815085	9823.ENSSSCP00000024871	14.6	1182416000
4816180	9823.ENSSSCP00000026108	14.6	549654000
4797326	9823.ENSSSCP00000000606	14.5	1058581000
4807684	9823.ENSSSCP00000015910	14.2	438109000
4810143	9823.ENSSSCP00000019332	14.0	492694000
4799023	9823.ENSSSCP00000003387	13.4	991160000
4807541	9823.ENSSSCP00000015728	13.3	665600000
4802405	9823.ENSSSCP00000008317	13.3	1526400000
4809502	9823.ENSSSCP00000018485	13.0	4527495000
4799323	9823.ENSSSCP00000003825	12.9	219010000
4803860	9823.ENSSSCP00000010408	12.8	191660000
4800602	9823.ENSSSCP00000005658	12.7	513440000
4797982	9823.ENSSSCP00000001779	12.3	1913700000
4805634	9823.ENSSSCP00000012903	11.9	118510000
4809244	9823.ENSSSCP00000018135	11.8	1373600000
4809631	9823.ENSSSCP00000018643	11.4	205474000
4816646	9823.ENSSSCP00000026622	11.4	1904070000
4815062	9823.ENSSSCP00000024847	11.1	994433000
4812667	9823.ENSSSCP00000022158	11.0	1236870000
4811440	9823.ENSSSCP00000020799	11.0	157990000
4802743	9823.ENSSSCP00000008804	10.8	118510000
4817640	9823.ENSSSCP00000027730	10.3	91048000
4804165	9823.ENSSSCP00000010810	10.3	180820000
4798544	9823.ENSSSCP00000002688	10.2	247853000
4805813	9823.ENSSSCP00000013238	10.1	494580000
4797393	9823.ENSSSCP00000000717	9.63	405592000
4807782	9823.ENSSSCP00000016046	9.58	358290000
4801419	9823.ENSSSCP00000006818	9.47	169872000
4809845	9823.ENSSSCP00000018966	9.2	623030000
4810864	9823.ENSSSCP00000020128	9.16	182800000
4797098	9823.ENSSSCP00000000263	9.11	1477472000
4813376	9823.ENSSSCP00000022952	9.0	1245000000
4812539	9823.ENSSSCP00000022015	8.82	214987000
4809516	9823.ENSSSCP00000018504	8.69	3161800000
4806444	9823.ENSSSCP00000014208	8.59	46747000
4801680	9823.ENSSSCP00000007217	8.57	498720000
4797432	9823.ENSSSCP00000000771	8.49	233610000
4797095	9823.ENSSSCP00000000260	8.14	1348502000
4799216	9823.ENSSSCP00000003670	7.93	77117000
4807793	9823.ENSSSCP00000016063	7.88	1151808000
4798842	9823.ENSSSCP00000003110	7.78	170370000
4802847	9823.ENSSSCP00000008961	7.35	255213000
4815291	9823.ENSSSCP00000025108	7.32	1348502000
4814785	9823.ENSSSCP00000024537	7.3	53640000
4797385	9823.ENSSSCP00000000705	7.26	4845100000
4806437	9823.ENSSSCP00000014199	7.24	823170000
4809517	9823.ENSSSCP00000018505	7.17	1609700000
4814763	9823.ENSSSCP00000024511	6.94	666645000
4804107	9823.ENSSSCP00000010740	6.79	58415000
4798522	9823.ENSSSCP00000002653	6.71	106310000
4809519	9823.ENSSSCP00000018507	6.62	1609700000
4812290	9823.ENSSSCP00000021734	6.62	48095000
4803589	9823.ENSSSCP00000010035	6.61	262020000
4798831	9823.ENSSSCP00000003094	6.58	280987000
4806439	9823.ENSSSCP00000014202	6.51	823170000
4801442	9823.ENSSSCP00000006854	6.35	114751000
4803025	9823.ENSSSCP00000009207	6.35	1287900000
4803597	9823.ENSSSCP00000010045	6.15	224362000
4812355	9823.ENSSSCP00000021806	6.09	440170000
4803367	9823.ENSSSCP00000009706	6.02	149816800
4807794	9823.ENSSSCP00000016065	5.7	1069187000
4804274	9823.ENSSSCP00000010958	5.54	1458800000
4813885	9823.ENSSSCP00000023526	5.54	1639200000
4805937	9823.ENSSSCP00000013465	5.47	423320000
4800854	9823.ENSSSCP00000006013	5.4	664540000
4809515	9823.ENSSSCP00000018503	5.33	1639200000
4806940	9823.ENSSSCP00000014895	5.22	626610000
4813733	9823.ENSSSCP00000023352	5.15	664540000
4804087	9823.ENSSSCP00000010705	5.13	1149760000
4799350	9823.ENSSSCP00000003865	5.1	1149760000
4799825	9823.ENSSSCP00000004513	4.87	251730000
4805812	9823.ENSSSCP00000013237	4.87	152950000
4802340	9823.ENSSSCP00000008216	4.51	193330000
4802339	9823.ENSSSCP00000008215	4.51	193330000
4816761	9823.ENSSSCP00000026746	4.42	84382000
4804483	9823.ENSSSCP00000011235	4.41	137410000
4816961	9823.ENSSSCP00000026977	4.39	104797000
4802955	9823.ENSSSCP00000009114	4.29	421410000
4810354	9823.ENSSSCP00000019566	4.19	1899850000
4809506	9823.ENSSSCP00000018489	4.14	2075435000
4813073	9823.ENSSSCP00000022607	4.13	224715000
4802874	9823.ENSSSCP00000009000	4.13	224715000
4817927	9823.ENSSSCP00000028062	4.13	224715000
4797797	9823.ENSSSCP00000001459	4.12	368571000
4801020	9823.ENSSSCP00000006259	4.12	368571000
4797625	9823.ENSSSCP00000001076	4.12	368571000
4801536	9823.ENSSSCP00000006990	4.07	191838000
4801571	9823.ENSSSCP00000007063	3.93	141405000
4798843	9823.ENSSSCP00000003111	3.92	57852000
4812836	9823.ENSSSCP00000022341	3.75	90387000
4806744	9823.ENSSSCP00000014616	3.7	26936000
4803898	9823.ENSSSCP00000010456	3.59	551220000
4799369	9823.ENSSSCP00000003890	3.39	122276000
4800686	9823.ENSSSCP00000005769	3.38	428558000
4800219	9823.ENSSSCP00000005080	3.3	202643000
4800094	9823.ENSSSCP00000004903	3.21	180040000
4798657	9823.ENSSSCP00000002850	2.86	280370000
4804714	9823.ENSSSCP00000011561	2.75	663100000
4810743	9823.ENSSSCP00000019994	2.57	539940000
4809505	9823.ENSSSCP00000018488	2.51	250295000
4802351	9823.ENSSSCP00000008234	2.47	551220000
4810553	9823.ENSSSCP00000019793	2.46	322640000
4797062	9823.ENSSSCP00000000205	2.4	281840000
4798046	9823.ENSSSCP00000001892	2.3	69290000
4804915	9823.ENSSSCP00000011877	2.3	129899000
4808578	9823.ENSSSCP00000017178	2.28	281840000
4798393	9823.ENSSSCP00000002468	2.23	796730000
4808579	9823.ENSSSCP00000017179	2.17	281840000
4809522	9823.ENSSSCP00000018513	2.16	228990000
4797061	9823.ENSSSCP00000000201	2.1	281840000
4805524	9823.ENSSSCP00000012724	2.07	29697000
4803554	9823.ENSSSCP00000009991	2.06	134500000
4808735	9823.ENSSSCP00000017415	2.03	172790000
4817699	9823.ENSSSCP00000027797	1.97	1631403000
4809497	9823.ENSSSCP00000018478	1.94	1552100000
4809498	9823.ENSSSCP00000018479	1.88	1594587000
4817725	9823.ENSSSCP00000027827	1.83	1631403000
4807922	9823.ENSSSCP00000016237	1.79	1436520000
4809744	9823.ENSSSCP00000018816	1.7	941040000
4812806	9823.ENSSSCP00000022308	1.68	221280000
4809500	9823.ENSSSCP00000018482	1.62	1631403000
4805663	9823.ENSSSCP00000012956	1.62	206450000
4807202	9823.ENSSSCP00000015252	1.59	796730000
4803436	9823.ENSSSCP00000009795	1.56	21027000
4804383	9823.ENSSSCP00000011119	1.5	221280000
4802211	9823.ENSSSCP00000008004	1.45	663100000
4817162	9823.ENSSSCP00000027199	1.44	161901000
4810972	9823.ENSSSCP00000020252	1.37	92542000
4816886	9823.ENSSSCP00000026895	1.34	119560000
4809499	9823.ENSSSCP00000018480	1.34	1594587000
4813317	9823.ENSSSCP00000022885	1.3	114980000
4806587	9823.ENSSSCP00000014392	1.29	88201000
4810055	9823.ENSSSCP00000019234	1.27	174308000
4815577	9823.ENSSSCP00000025424	1.23	53727000
4817761	9823.ENSSSCP00000027868	1.18	351900000
4802157	9823.ENSSSCP00000007922	1.13	12277000
4800277	9823.ENSSSCP00000005158	1.06	504049000
4815156	9823.ENSSSCP00000024958	1.05	186736000
4806891	9823.ENSSSCP00000014814	1.01	44803000
4812075	9823.ENSSSCP00000021504	0.988	122780000
4816383	9823.ENSSSCP00000026336	0.952	82029000
4818299	9823.ENSSSCP00000029674	0.937	58146000
4803172	9823.ENSSSCP00000009441	0.92	133190000
4806825	9823.ENSSSCP00000014722	0.877	133190000
4800478	9823.ENSSSCP00000005457	0.873	66876000
4809392	9823.ENSSSCP00000018334	0.866	43037000
4812646	9823.ENSSSCP00000022133	0.803	128970000
4807762	9823.ENSSSCP00000016022	0.796	276440000
4800110	9823.ENSSSCP00000004929	0.75	133190000
4800207	9823.ENSSSCP00000005064	0.719	42764000
4801508	9823.ENSSSCP00000006952	0.717	101900000
4798194	9823.ENSSSCP00000002108	0.708	69206800
4808867	9823.ENSSSCP00000017596	0.693	99766000
4799437	9823.ENSSSCP00000003969	0.666	69025000
4800639	9823.ENSSSCP00000005709	0.652	133190000
4798901	9823.ENSSSCP00000003207	0.572	119560000
4803386	9823.ENSSSCP00000009732	0.549	59185000
4800500	9823.ENSSSCP00000005492	0.518	591550000
4809514	9823.ENSSSCP00000018502	0.513	250295000
4811688	9823.ENSSSCP00000021072	0.491	59352000
4817916	9823.ENSSSCP00000028047	0.476	93146000
4817477	9823.ENSSSCP00000027553	0.446	93146000
4810334	9823.ENSSSCP00000019541	0.446	93146000
4814355	9823.ENSSSCP00000024052	0.446	93146000
4815709	9823.ENSSSCP00000025574	0.446	93146000
4797702	9823.ENSSSCP00000001203	0.446	93146000
4816733	9823.ENSSSCP00000026718	0.446	93146000
4811683	9823.ENSSSCP00000021067	0.446	93146000
4813355	9823.ENSSSCP00000022927	0.446	93146000
4812821	9823.ENSSSCP00000022324	0.446	93146000
4815971	9823.ENSSSCP00000025869	0.446	93146000
4797716	9823.ENSSSCP00000001244	0.446	93146000
4797712	9823.ENSSSCP00000001234	0.446	93146000
4809501	9823.ENSSSCP00000018483	0.429	79303000
4811729	9823.ENSSSCP00000021119	0.412	93146000
4797697	9823.ENSSSCP00000001174	0.412	93146000
4797696	9823.ENSSSCP00000001173	0.412	93146000
4812897	9823.ENSSSCP00000022403	0.367	93146000
4808740	9823.ENSSSCP00000017420	0.361	93146000
4815026	9823.ENSSSCP00000024807	0.352	93146000
4803087	9823.ENSSSCP00000009300	0.33	5901100
4800640	9823.ENSSSCP00000005711	0.294	39841000
4817068	9823.ENSSSCP00000027098	0.263	8620600
4800049	9823.ENSSSCP00000004839	0.247	16168000
4801756	9823.ENSSSCP00000007309	0.209	48724000
4805417	9823.ENSSSCP00000012566	0.194	12262000
4813834	9823.ENSSSCP00000023468	0.192	48724000
4815206	9823.ENSSSCP00000025012	0.168	48724000
4810071	9823.ENSSSCP00000019251	0.151	48724000
4805894	9823.ENSSSCP00000013396	0.149	25602000
4818163	9823.ENSSSCP00000028759	0.145	85658000
4816981	9823.ENSSSCP00000026998	0.144	48724000
4801755	9823.ENSSSCP00000007308	0.144	48724000
4811779	9823.ENSSSCP00000021176	0.144	48724000
4809665	9823.ENSSSCP00000018692	0.083	18725000
