#id: 1982232285
#name: Bos taurus - Milk, SC (Peptideatlas,dec,2011)
#score: 6.9
#description: abundance based on Spectral counting, Interaction consistency score: 6.9, Coverage: 12
#organ: MILK
#integrated: false
#coverage: 12
#link: http://www.peptideatlas.org/
#publication_year: 2011
#filename: 9913-Bos-taurus-cow-milk_PA_2011.txt
#
#internal_id	string_external_id	abundance	raw_spectral_count
4847259	9913.ENSBTAP00000019538	173795	24155
4840632	9913.ENSBTAP00000003409	76386	4611
4843447	9913.ENSBTAP00000010119	64471	11247
4848639	9913.ENSBTAP00000022763	35547	21107
4851996	9913.ENSBTAP00000033392	32870	15560
4841224	9913.ENSBTAP00000004737	32870	15560
4853862	9913.ENSBTAP00000043063	29832	6081
4842446	9913.ENSBTAP00000007701	24577	1440
4851088	9913.ENSBTAP00000028685	23772	2460
4852637	9913.ENSBTAP00000037374	23758	5540
4848330	9913.ENSBTAP00000022034	23758	5540
4842638	9913.ENSBTAP00000008132	15816	9578
4843176	9913.ENSBTAP00000009469	8769	2027
4845766	9913.ENSBTAP00000015883	8768	1249
4841986	9913.ENSBTAP00000006590	8447	2195
4852529	9913.ENSBTAP00000036739	7072	6210
4849791	9913.ENSBTAP00000025561	5918	335
4848011	9913.ENSBTAP00000021256	5469	1256
4842360	9913.ENSBTAP00000007504	5389	7978
4852669	9913.ENSBTAP00000037577	5349	699
4847717	9913.ENSBTAP00000020520	4914	5789
4847221	9913.ENSBTAP00000019461	4909	7917
4857257	9913.ENSBTAP00000054269	4756	538
4853447	9913.ENSBTAP00000041617	4714	1093
4841961	9913.ENSBTAP00000006532	4707	7528
4854051	9913.ENSBTAP00000043833	4630	72
4839437	9913.ENSBTAP00000000673	4547	767
4846258	9913.ENSBTAP00000017140	4474	1029
4853975	9913.ENSBTAP00000043502	3874	828
4844492	9913.ENSBTAP00000012655	3815	961
4850556	9913.ENSBTAP00000027348	3637	1131
4857693	9913.ENSBTAP00000054812	3635	1645
4847545	9913.ENSBTAP00000020148	3353	107
4850307	9913.ENSBTAP00000026750	3121	716
4842807	9913.ENSBTAP00000008523	3031	304
4853625	9913.ENSBTAP00000042255	3022	594
4853783	9913.ENSBTAP00000042747	2951	238
4844442	9913.ENSBTAP00000012523	2932	113
4843952	9913.ENSBTAP00000011364	2910	678
4846982	9913.ENSBTAP00000018855	2898	338
4839409	9913.ENSBTAP00000000589	2743	76
4841229	9913.ENSBTAP00000004751	2666	350
4845134	9913.ENSBTAP00000014304	2650	362
4848475	9913.ENSBTAP00000022375	2586	380
4842555	9913.ENSBTAP00000007943	2571	763
4842207	9913.ENSBTAP00000007127	2523	8
4840331	9913.ENSBTAP00000002674	2481	579
4845816	9913.ENSBTAP00000015996	2430	165
4855569	9913.ENSBTAP00000050256	2424	1663
4858209	9913.ENSBTAP00000055471	2421	1298
4845795	9913.ENSBTAP00000015944	2410	121
4849390	9913.ENSBTAP00000024572	2398	1125
4850802	9913.ENSBTAP00000027941	2316	889
4850306	9913.ENSBTAP00000026747	2291	166
4858208	9913.ENSBTAP00000055469	2288	267
4846077	9913.ENSBTAP00000016712	2267	129
4845957	9913.ENSBTAP00000016359	2218	337
4852174	9913.ENSBTAP00000034497	2202	182
4857267	9913.ENSBTAP00000054283	2200	498
4851921	9913.ENSBTAP00000032915	2196	340
4840164	9913.ENSBTAP00000002326	2116	135
4854721	9913.ENSBTAP00000047181	2110	477
4846106	9913.ENSBTAP00000016774	2099	168
4843268	9913.ENSBTAP00000009699	1980	170
4858179	9913.ENSBTAP00000055431	1976	705
4854525	9913.ENSBTAP00000046041	1947	359
4839193	9913.ENSBTAP00000000079	1911	284
4846570	9913.ENSBTAP00000017854	1788	358
4846512	9913.ENSBTAP00000017710	1760	805
4852045	9913.ENSBTAP00000033750	1755	265
4843748	9913.ENSBTAP00000010838	1731	148
4849455	9913.ENSBTAP00000024749	1715	178
4847527	9913.ENSBTAP00000020111	1704	326
4854251	9913.ENSBTAP00000044619	1630	634
4843217	9913.ENSBTAP00000009564	1622	969
4851045	9913.ENSBTAP00000028602	1527	246
4839280	9913.ENSBTAP00000000289	1500	634
4846562	9913.ENSBTAP00000017839	1498	601
4848741	9913.ENSBTAP00000022991	1490	170
4845782	9913.ENSBTAP00000015924	1485	172
4853285	9913.ENSBTAP00000041066	1399	146
4850139	9913.ENSBTAP00000026358	1379	384
4849184	9913.ENSBTAP00000024107	1365	272
4858243	9913.ENSBTAP00000055515	1363	365
4844285	9913.ENSBTAP00000012154	1335	428
4854120	9913.ENSBTAP00000044105	1331	131
4841769	9913.ENSBTAP00000006079	1309	324
4851210	9913.ENSBTAP00000028988	1243	385
4842218	9913.ENSBTAP00000007150	1193	329
4849306	9913.ENSBTAP00000024376	1175	57
4845604	9913.ENSBTAP00000015499	1165	323
4853748	9913.ENSBTAP00000042612	1158	40
4853517	9913.ENSBTAP00000041860	1149	104
4851842	9913.ENSBTAP00000032384	1146	166
4852894	9913.ENSBTAP00000039139	1146	166
4851910	9913.ENSBTAP00000032864	1144	359
4851898	9913.ENSBTAP00000032779	1134	445
4840584	9913.ENSBTAP00000003305	1128	65
4844023	9913.ENSBTAP00000011521	1127	352
4853072	9913.ENSBTAP00000040280	1094	110
4855848	9913.ENSBTAP00000051256	1091	318
4841575	9913.ENSBTAP00000005618	1090	299
4840568	9913.ENSBTAP00000003259	1072	436
4848384	9913.ENSBTAP00000022158	1067	1363
4841932	9913.ENSBTAP00000006465	1052	330
4855520	9913.ENSBTAP00000050051	1052	330
4856211	9913.ENSBTAP00000052422	1037	478
4857056	9913.ENSBTAP00000054012	1030	313
4852322	9913.ENSBTAP00000035330	1017	1389
4851568	9913.ENSBTAP00000030521	985	265
4840635	9913.ENSBTAP00000003414	953	208
4839658	9913.ENSBTAP00000001187	942	241
4840769	9913.ENSBTAP00000003716	926	244
4853666	9913.ENSBTAP00000042386	922	143
4841721	9913.ENSBTAP00000005982	914	352
4848993	9913.ENSBTAP00000023642	907	242
4845353	9913.ENSBTAP00000014883	897	240
4854870	9913.ENSBTAP00000047865	878	179
4840253	9913.ENSBTAP00000002508	873	195
4844406	9913.ENSBTAP00000012454	868	106
4848478	9913.ENSBTAP00000022378	864	130
4848685	9913.ENSBTAP00000022854	861	402
4846422	9913.ENSBTAP00000017497	850	386
4848015	9913.ENSBTAP00000021260	841	1273
4844759	9913.ENSBTAP00000013354	839	178
4846962	9913.ENSBTAP00000018806	828	138
4858531	9913.ENSBTAP00000055887	817	713
4851080	9913.ENSBTAP00000028674	795	259
4848885	9913.ENSBTAP00000023373	789	394
4844720	9913.ENSBTAP00000013231	786	16
4842816	9913.ENSBTAP00000008569	774	60
4841287	9913.ENSBTAP00000004892	762	234
4848060	9913.ENSBTAP00000021369	746	78
4850550	9913.ENSBTAP00000027339	743	101
4839629	9913.ENSBTAP00000001108	720	451
4855570	9913.ENSBTAP00000050261	718	363
4854043	9913.ENSBTAP00000043804	716	182
4846639	9913.ENSBTAP00000017995	710	92
4843781	9913.ENSBTAP00000010928	706	80
4840862	9913.ENSBTAP00000003930	702	52
4841303	9913.ENSBTAP00000004927	693	163
4854786	9913.ENSBTAP00000047550	691	49
4839747	9913.ENSBTAP00000001374	683	119
4853864	9913.ENSBTAP00000043065	681	688
4842974	9913.ENSBTAP00000008948	678	241
4843061	9913.ENSBTAP00000009158	671	845
4841166	9913.ENSBTAP00000004615	653	133
4846277	9913.ENSBTAP00000017177	651	175
4841895	9913.ENSBTAP00000006383	651	116
4841059	9913.ENSBTAP00000004364	644	379
4854500	9913.ENSBTAP00000045931	638	8
4839792	9913.ENSBTAP00000001463	635	154
4847340	9913.ENSBTAP00000019719	631	306
4855684	9913.ENSBTAP00000050667	622	395
4844644	9913.ENSBTAP00000013077	615	314
4853400	9913.ENSBTAP00000041451	614	66
4851747	9913.ENSBTAP00000031784	614	91
4847172	9913.ENSBTAP00000019318	610	427
4849467	9913.ENSBTAP00000024788	609	15
4853446	9913.ENSBTAP00000041616	603	205
4843668	9913.ENSBTAP00000010661	600	197
4843369	9913.ENSBTAP00000009923	585	269
4843468	9913.ENSBTAP00000010176	584	114
4842738	9913.ENSBTAP00000008372	578	693
4841022	9913.ENSBTAP00000004272	575	180
4853357	9913.ENSBTAP00000041298	573	65
4858602	9913.ENSBTAP00000055977	572	32
4841781	9913.ENSBTAP00000006106	571	111
4840340	9913.ENSBTAP00000002691	570	100
4842174	9913.ENSBTAP00000007041	568	309
4854420	9913.ENSBTAP00000045490	552	412
4848493	9913.ENSBTAP00000022411	551	365
4839895	9913.ENSBTAP00000001704	545	459
4848331	9913.ENSBTAP00000022037	543	514
4840434	9913.ENSBTAP00000002914	540	137
4848095	9913.ENSBTAP00000021456	534	297
4843068	9913.ENSBTAP00000009185	532	186
4849261	9913.ENSBTAP00000024299	523	27
4847235	9913.ENSBTAP00000019499	520	83
4851611	9913.ENSBTAP00000030869	517	725
4846536	9913.ENSBTAP00000017775	516	125
4848781	9913.ENSBTAP00000023094	510	81
4851974	9913.ENSBTAP00000033280	507	675
4851322	9913.ENSBTAP00000029245	507	675
4853700	9913.ENSBTAP00000042466	507	675
4854845	9913.ENSBTAP00000047761	507	675
4851978	9913.ENSBTAP00000033288	507	675
4851975	9913.ENSBTAP00000033281	507	675
4851516	9913.ENSBTAP00000030232	507	675
4854655	9913.ENSBTAP00000046733	507	675
4856153	9913.ENSBTAP00000052235	507	675
4853701	9913.ENSBTAP00000042467	507	675
4856410	9913.ENSBTAP00000053034	507	675
4853696	9913.ENSBTAP00000042460	507	675
4853677	9913.ENSBTAP00000042409	507	675
4855400	9913.ENSBTAP00000049648	507	675
4857546	9913.ENSBTAP00000054635	507	675
4853684	9913.ENSBTAP00000042428	507	675
4842549	9913.ENSBTAP00000007933	507	40
4841464	9913.ENSBTAP00000005346	503	721
4849904	9913.ENSBTAP00000025810	502	669
4854389	9913.ENSBTAP00000045317	496	514
4841850	9913.ENSBTAP00000006275	493	28
4845044	9913.ENSBTAP00000014044	493	207
4846423	9913.ENSBTAP00000017500	492	299
4842332	9913.ENSBTAP00000007442	485	355
4853216	9913.ENSBTAP00000040793	472	54
4858267	9913.ENSBTAP00000055553	466	151
4854010	9913.ENSBTAP00000043661	461	128
4858952	9913.ENSBTAP00000056401	460	348
4839960	9913.ENSBTAP00000001859	460	182
4840083	9913.ENSBTAP00000002145	457	270
4853242	9913.ENSBTAP00000040894	450	85
4841361	9913.ENSBTAP00000005088	446	158
4858026	9913.ENSBTAP00000055238	444	564
4846597	9913.ENSBTAP00000017905	443	19
4842746	9913.ENSBTAP00000008386	437	146
4849177	9913.ENSBTAP00000024092	434	132
4849423	9913.ENSBTAP00000024666	433	50
4846253	9913.ENSBTAP00000017122	433	101
4848900	9913.ENSBTAP00000023406	432	79
4844561	9913.ENSBTAP00000012837	430	60
4849383	9913.ENSBTAP00000024555	423	11
4849287	9913.ENSBTAP00000024335	413	151
4847547	9913.ENSBTAP00000020150	408	20
4848078	9913.ENSBTAP00000021425	408	43
4854578	9913.ENSBTAP00000046319	402	265
4840543	9913.ENSBTAP00000003201	401	19
4856781	9913.ENSBTAP00000053644	395	319
4852558	9913.ENSBTAP00000036917	394	110
4839816	9913.ENSBTAP00000001518	391	10
4844574	9913.ENSBTAP00000012866	391	64
4839496	9913.ENSBTAP00000000814	387	28
4839857	9913.ENSBTAP00000001613	386	189
4850890	9913.ENSBTAP00000028162	386	90
4849221	9913.ENSBTAP00000024203	386	74
4849818	9913.ENSBTAP00000025617	385	64
4856551	9913.ENSBTAP00000053295	379	128
4851939	9913.ENSBTAP00000033015	379	114
4858645	9913.ENSBTAP00000056029	379	669
4845762	9913.ENSBTAP00000015875	378	47
4842764	9913.ENSBTAP00000008431	374	157
4855134	9913.ENSBTAP00000048748	374	8
4842682	9913.ENSBTAP00000008225	373	238
4855762	9913.ENSBTAP00000050955	372	294
4842294	9913.ENSBTAP00000007338	370	118
4845914	9913.ENSBTAP00000016242	368	654
4840013	9913.ENSBTAP00000001988	366	126
4839397	9913.ENSBTAP00000000568	366	517
4854184	9913.ENSBTAP00000044368	365	113
4844048	9913.ENSBTAP00000011586	364	36
4845259	9913.ENSBTAP00000014649	363	81
4857737	9913.ENSBTAP00000054865	362	209
4845221	9913.ENSBTAP00000014560	361	442
4843988	9913.ENSBTAP00000011447	361	188
4840299	9913.ENSBTAP00000002616	360	54
4852175	9913.ENSBTAP00000034498	360	40
4851442	9913.ENSBTAP00000029826	358	144
4842371	9913.ENSBTAP00000007527	357	83
4856608	9913.ENSBTAP00000053383	354	17
4844808	9913.ENSBTAP00000013453	354	465
4845255	9913.ENSBTAP00000014641	352	239
4844976	9913.ENSBTAP00000013889	351	46
4852455	9913.ENSBTAP00000036252	351	210
4853705	9913.ENSBTAP00000042479	351	287
4841454	9913.ENSBTAP00000005327	350	304
4849756	9913.ENSBTAP00000025484	347	24
4840074	9913.ENSBTAP00000002124	347	145
4850148	9913.ENSBTAP00000026377	337	190
4847449	9913.ENSBTAP00000019970	336	183
4845089	9913.ENSBTAP00000014162	334	30
4839231	9913.ENSBTAP00000000159	333	104
4850217	9913.ENSBTAP00000026534	333	97
4839993	9913.ENSBTAP00000001948	330	615
4845538	9913.ENSBTAP00000015358	327	45
4842287	9913.ENSBTAP00000007324	321	105
4844926	9913.ENSBTAP00000013737	321	492
4857190	9913.ENSBTAP00000054179	321	27
4855347	9913.ENSBTAP00000049474	321	102
4851973	9913.ENSBTAP00000033278	320	294
4854801	9913.ENSBTAP00000047589	320	294
4843177	9913.ENSBTAP00000009471	320	294
4845079	9913.ENSBTAP00000014123	320	294
4856160	9913.ENSBTAP00000052261	320	294
4853685	9913.ENSBTAP00000042429	320	294
4853159	9913.ENSBTAP00000040641	320	294
4853755	9913.ENSBTAP00000042635	320	294
4853703	9913.ENSBTAP00000042470	320	294
4851977	9913.ENSBTAP00000033286	320	294
4851979	9913.ENSBTAP00000033290	320	294
4854934	9913.ENSBTAP00000048056	320	294
4853697	9913.ENSBTAP00000042461	320	294
4851976	9913.ENSBTAP00000033283	320	294
4842898	9913.ENSBTAP00000008754	319	52
4854291	9913.ENSBTAP00000044782	318	32
4849854	9913.ENSBTAP00000025691	316	55
4852190	9913.ENSBTAP00000034568	313	69
4847715	9913.ENSBTAP00000020512	312	62
4850517	9913.ENSBTAP00000027250	311	33
4854092	9913.ENSBTAP00000043991	310	282
4852764	9913.ENSBTAP00000038183	309	601
4855109	9913.ENSBTAP00000048654	309	275
4853932	9913.ENSBTAP00000043357	309	275
4848021	9913.ENSBTAP00000021268	308	47
4846081	9913.ENSBTAP00000016718	308	43
4843852	9913.ENSBTAP00000011095	306	65
4842272	9913.ENSBTAP00000007278	297	177
4851353	9913.ENSBTAP00000029304	297	48
4842834	9913.ENSBTAP00000008609	295	42
4843975	9913.ENSBTAP00000011403	293	68
4847180	9913.ENSBTAP00000019336	289	161
4852705	9913.ENSBTAP00000037834	289	35
4843656	9913.ENSBTAP00000010644	287	153
4846424	9913.ENSBTAP00000017503	282	141
4852576	9913.ENSBTAP00000037042	282	63
4851995	9913.ENSBTAP00000033386	281	66
4839441	9913.ENSBTAP00000000683	277	39
4851006	9913.ENSBTAP00000028498	277	44
4840140	9913.ENSBTAP00000002279	275	77
4851506	9913.ENSBTAP00000030179	274	461
4849333	9913.ENSBTAP00000024437	274	89
4853693	9913.ENSBTAP00000042450	273	54
4854225	9913.ENSBTAP00000044536	273	42
4852094	9913.ENSBTAP00000033996	272	121
4855403	9913.ENSBTAP00000049659	271	35
4846686	9913.ENSBTAP00000018114	271	37
4840875	9913.ENSBTAP00000003962	269	53
4848989	9913.ENSBTAP00000023627	263	86
4857649	9913.ENSBTAP00000054759	261	394
4846347	9913.ENSBTAP00000017332	260	18
4849178	9913.ENSBTAP00000024094	258	38
4847929	9913.ENSBTAP00000021025	256	29
4841795	9913.ENSBTAP00000006139	255	68
4849222	9913.ENSBTAP00000024208	254	38
4844559	9913.ENSBTAP00000012835	253	68
4850943	9913.ENSBTAP00000028282	251	18
4844997	9913.ENSBTAP00000013947	249	46
4842840	9913.ENSBTAP00000008621	249	48
4853591	9913.ENSBTAP00000042153	247	20
4848555	9913.ENSBTAP00000022576	247	113
4842388	9913.ENSBTAP00000007571	245	25
4854972	9913.ENSBTAP00000048183	245	52
4850759	9913.ENSBTAP00000027850	243	24
4840435	9913.ENSBTAP00000002916	240	55
4851993	9913.ENSBTAP00000033383	238	57
4852378	9913.ENSBTAP00000035695	237	78
4854928	9913.ENSBTAP00000048042	237	47
4854074	9913.ENSBTAP00000043937	235	16
4853711	9913.ENSBTAP00000042488	234	87
4839590	9913.ENSBTAP00000001034	234	211
4857452	9913.ENSBTAP00000054517	232	81
4844885	9913.ENSBTAP00000013663	232	121
4851001	9913.ENSBTAP00000028488	231	82
4844147	9913.ENSBTAP00000011811	231	287
4853488	9913.ENSBTAP00000041770	230	299
4858692	9913.ENSBTAP00000056087	230	43
4848651	9913.ENSBTAP00000022782	229	156
4841660	9913.ENSBTAP00000005802	229	33
4850265	9913.ENSBTAP00000026635	229	53
4858750	9913.ENSBTAP00000056163	228	61
4839289	9913.ENSBTAP00000000315	227	56
4853117	9913.ENSBTAP00000040479	225	16
4847694	9913.ENSBTAP00000020452	224	19
4852896	9913.ENSBTAP00000039145	224	119
4848148	9913.ENSBTAP00000021587	223	18
4854107	9913.ENSBTAP00000044069	222	191
4858451	9913.ENSBTAP00000055781	219	45
4845461	9913.ENSBTAP00000015172	219	119
4839995	9913.ENSBTAP00000001950	217	440
4839427	9913.ENSBTAP00000000630	216	64
4844017	9913.ENSBTAP00000011505	216	48
4852765	9913.ENSBTAP00000038184	216	437
4846861	9913.ENSBTAP00000018566	215	46
4846884	9913.ENSBTAP00000018618	214	114
4844454	9913.ENSBTAP00000012544	214	53
4853387	9913.ENSBTAP00000041398	213	449
4855262	9913.ENSBTAP00000049165	213	449
4844597	9913.ENSBTAP00000012930	211	52
4846929	9913.ENSBTAP00000018741	211	55
4841752	9913.ENSBTAP00000006033	209	89
4859115	9913.ENSBTAP00000056614	208	90
4846635	9913.ENSBTAP00000017988	207	87
4847108	9913.ENSBTAP00000019184	206	17
4846389	9913.ENSBTAP00000017420	205	175
4844457	9913.ENSBTAP00000012551	204	36
4845218	9913.ENSBTAP00000014552	204	7
4847504	9913.ENSBTAP00000020080	203	36
4854035	9913.ENSBTAP00000043756	202	43
4840055	9913.ENSBTAP00000002088	202	43
4840056	9913.ENSBTAP00000002092	202	43
4848753	9913.ENSBTAP00000023029	201	22
4857658	9913.ENSBTAP00000054770	201	61
4851335	9913.ENSBTAP00000029271	200	18
4850864	9913.ENSBTAP00000028093	200	38
4839321	9913.ENSBTAP00000000396	200	189
4846866	9913.ENSBTAP00000018580	200	28
4848099	9913.ENSBTAP00000021466	199	6
4847472	9913.ENSBTAP00000020020	199	83
4853338	9913.ENSBTAP00000041246	198	174
4856230	9913.ENSBTAP00000052478	198	38
4851475	9913.ENSBTAP00000030027	197	159
4845987	9913.ENSBTAP00000016453	196	14
4858984	9913.ENSBTAP00000056437	196	30
4842574	9913.ENSBTAP00000007982	196	36
4847378	9913.ENSBTAP00000019803	194	20
4850666	9913.ENSBTAP00000027623	193	54
4848735	9913.ENSBTAP00000022979	193	217
4849393	9913.ENSBTAP00000024584	193	91
4847373	9913.ENSBTAP00000019791	193	32
4850039	9913.ENSBTAP00000026118	191	131
4848413	9913.ENSBTAP00000022227	191	31
4843333	9913.ENSBTAP00000009844	189	59
4844878	9913.ENSBTAP00000013650	187	58
4845358	9913.ENSBTAP00000014894	186	199
4854627	9913.ENSBTAP00000046539	184	6
4846854	9913.ENSBTAP00000018540	183	30
4858980	9913.ENSBTAP00000056432	182	44
4853600	9913.ENSBTAP00000042181	182	44
4852654	9913.ENSBTAP00000037503	181	59
4839992	9913.ENSBTAP00000001947	181	55
4839970	9913.ENSBTAP00000001890	179	11
4855964	9913.ENSBTAP00000051695	179	151
4850676	9913.ENSBTAP00000027649	179	50
4856104	9913.ENSBTAP00000052105	178	32
4845686	9913.ENSBTAP00000015716	176	41
4839388	9913.ENSBTAP00000000556	176	27
4846027	9913.ENSBTAP00000016570	175	44
4854933	9913.ENSBTAP00000048055	175	20
4845475	9913.ENSBTAP00000015208	175	25
4841558	9913.ENSBTAP00000005581	175	87
4846532	9913.ENSBTAP00000017763	175	34
4846291	9913.ENSBTAP00000017211	173	39
4844473	9913.ENSBTAP00000012599	173	17
4849263	9913.ENSBTAP00000024301	172	209
4851836	9913.ENSBTAP00000032359	171	13
4854853	9913.ENSBTAP00000047792	171	26
4842720	9913.ENSBTAP00000008335	170	63
4841802	9913.ENSBTAP00000006167	170	170
4851298	9913.ENSBTAP00000029176	169	64
4855050	9913.ENSBTAP00000048477	169	625
4848711	9913.ENSBTAP00000022919	168	114
4856403	9913.ENSBTAP00000053003	168	114
4840393	9913.ENSBTAP00000002828	167	5
4842519	9913.ENSBTAP00000007860	167	86
4850014	9913.ENSBTAP00000026053	165	15
4852605	9913.ENSBTAP00000037200	165	25
4845388	9913.ENSBTAP00000014978	165	138
4840538	9913.ENSBTAP00000003192	165	342
4841541	9913.ENSBTAP00000005542	165	42
4845743	9913.ENSBTAP00000015828	164	502
4843800	9913.ENSBTAP00000010982	164	10
4848129	9913.ENSBTAP00000021529	164	76
4840313	9913.ENSBTAP00000002642	164	17
4856727	9913.ENSBTAP00000053553	163	31
4841177	9913.ENSBTAP00000004635	162	57
4848931	9913.ENSBTAP00000023493	161	23
4841924	9913.ENSBTAP00000006445	161	91
4856170	9913.ENSBTAP00000052296	160	23
4854431	9913.ENSBTAP00000045533	160	31
4846396	9913.ENSBTAP00000017435	159	16
4856987	9913.ENSBTAP00000053927	158	8
4855283	9913.ENSBTAP00000049219	158	8
4846047	9913.ENSBTAP00000016620	157	85
4842782	9913.ENSBTAP00000008473	155	45
4844485	9913.ENSBTAP00000012635	155	6
4848626	9913.ENSBTAP00000022732	155	65
4841382	9913.ENSBTAP00000005143	154	27
4853620	9913.ENSBTAP00000042244	154	24
4858924	9913.ENSBTAP00000056371	154	27
4851648	9913.ENSBTAP00000031070	153	67
4849673	9913.ENSBTAP00000025308	152	77
4855692	9913.ENSBTAP00000050702	151	54
4843165	9913.ENSBTAP00000009440	151	59
4839932	9913.ENSBTAP00000001791	151	19
4852130	9913.ENSBTAP00000034238	150	45
4855902	9913.ENSBTAP00000051462	149	27
4849310	9913.ENSBTAP00000024387	149	8
4845501	9913.ENSBTAP00000015277	149	95
4843071	9913.ENSBTAP00000009191	148	38
4840645	9913.ENSBTAP00000003431	148	13
4848835	9913.ENSBTAP00000023221	148	44
4855754	9913.ENSBTAP00000050913	147	33
4855477	9913.ENSBTAP00000049910	143	18
4847979	9913.ENSBTAP00000021174	143	35
4853068	9913.ENSBTAP00000040254	141	26
4842315	9913.ENSBTAP00000007398	141	17
4840322	9913.ENSBTAP00000002654	141	29
4858762	9913.ENSBTAP00000056179	141	37
4853804	9913.ENSBTAP00000042843	140	39
4841624	9913.ENSBTAP00000005730	140	34
4839456	9913.ENSBTAP00000000721	140	11
4852945	9913.ENSBTAP00000039506	140	38
4851158	9913.ENSBTAP00000028853	140	41
4847481	9913.ENSBTAP00000020036	139	60
4845490	9913.ENSBTAP00000015248	138	32
4853725	9913.ENSBTAP00000042524	137	34
4847194	9913.ENSBTAP00000019385	137	99
4842894	9913.ENSBTAP00000008744	137	3
4852997	9913.ENSBTAP00000039849	137	25
4856302	9913.ENSBTAP00000052701	136	57
4849839	9913.ENSBTAP00000025662	135	64
4847627	9913.ENSBTAP00000020326	135	21
4840536	9913.ENSBTAP00000003190	133	7
4840892	9913.ENSBTAP00000003999	133	66
4857385	9913.ENSBTAP00000054436	133	6
4846510	9913.ENSBTAP00000017696	132	16
4852363	9913.ENSBTAP00000035635	132	166
4845908	9913.ENSBTAP00000016224	132	21
4840498	9913.ENSBTAP00000003073	132	42
4849280	9913.ENSBTAP00000024326	131	23
4857264	9913.ENSBTAP00000054280	131	139
4853616	9913.ENSBTAP00000042228	130	49
4858844	9913.ENSBTAP00000056274	130	22
4843506	9913.ENSBTAP00000010269	130	12
4847163	9913.ENSBTAP00000019302	129	47
4843275	9913.ENSBTAP00000009712	129	3
4855963	9913.ENSBTAP00000051689	129	5
4842098	9913.ENSBTAP00000006866	128	43
4841511	9913.ENSBTAP00000005469	127	41
4843597	9913.ENSBTAP00000010485	127	42
4851116	9913.ENSBTAP00000028757	126	27
4846124	9913.ENSBTAP00000016839	125	94
4851659	9913.ENSBTAP00000031126	125	21
4849104	9913.ENSBTAP00000023912	125	50
4846832	9913.ENSBTAP00000018484	124	19
4849392	9913.ENSBTAP00000024583	124	9
4848039	9913.ENSBTAP00000021328	124	53
4852588	9913.ENSBTAP00000037091	124	53
4845935	9913.ENSBTAP00000016300	124	31
4843732	9913.ENSBTAP00000010787	123	28
4855000	9913.ENSBTAP00000048297	123	42
4840966	9913.ENSBTAP00000004161	123	2
4842453	9913.ENSBTAP00000007711	123	26
4852964	9913.ENSBTAP00000039615	123	4
4853678	9913.ENSBTAP00000042411	122	37
4849329	9913.ENSBTAP00000024427	122	13
4844511	9913.ENSBTAP00000012704	122	104
4851101	9913.ENSBTAP00000028712	121	15
4856115	9913.ENSBTAP00000052127	121	40
4852783	9913.ENSBTAP00000038315	121	67
4841569	9913.ENSBTAP00000005600	121	23
4840305	9913.ENSBTAP00000002626	121	35
4851733	9913.ENSBTAP00000031700	120	9
4841581	9913.ENSBTAP00000005628	120	14
4842153	9913.ENSBTAP00000006990	120	12
4843109	9913.ENSBTAP00000009308	119	62
4853438	9913.ENSBTAP00000041575	118	264
4840033	9913.ENSBTAP00000002033	117	39
4844613	9913.ENSBTAP00000012973	117	25
4855888	9913.ENSBTAP00000051428	117	209
4854829	9913.ENSBTAP00000047687	117	209
4855874	9913.ENSBTAP00000051376	117	209
4854975	9913.ENSBTAP00000048201	117	209
4850537	9913.ENSBTAP00000027308	117	209
4852944	9913.ENSBTAP00000039503	117	209
4855469	9913.ENSBTAP00000049889	117	209
4856126	9913.ENSBTAP00000052168	117	209
4858242	9913.ENSBTAP00000055514	117	209
4849201	9913.ENSBTAP00000024155	117	209
4856319	9913.ENSBTAP00000052749	117	209
4853754	9913.ENSBTAP00000042634	117	209
4856124	9913.ENSBTAP00000052160	117	209
4855898	9913.ENSBTAP00000051456	117	209
4844806	9913.ENSBTAP00000013451	116	22
4852789	9913.ENSBTAP00000038344	116	207
4854990	9913.ENSBTAP00000048245	116	207
4858277	9913.ENSBTAP00000055564	116	35
4851180	9913.ENSBTAP00000028902	116	34
4841926	9913.ENSBTAP00000006450	115	67
4855353	9913.ENSBTAP00000049501	115	209
4850104	9913.ENSBTAP00000026278	115	10
4839396	9913.ENSBTAP00000000566	115	20
4858672	9913.ENSBTAP00000056062	115	187
4856283	9913.ENSBTAP00000052642	115	207
4849087	9913.ENSBTAP00000023860	115	3
4858333	9913.ENSBTAP00000055632	114	26
4852993	9913.ENSBTAP00000039829	114	26
4849974	9913.ENSBTAP00000025963	114	23
4842957	9913.ENSBTAP00000008907	114	50
4839227	9913.ENSBTAP00000000144	114	58
4842742	9913.ENSBTAP00000008382	113	12
4848210	9913.ENSBTAP00000021719	112	39
4850094	9913.ENSBTAP00000026259	112	13
4846194	9913.ENSBTAP00000016986	112	55
4839556	9913.ENSBTAP00000000950	111	25
4857957	9913.ENSBTAP00000055150	111	11
4857292	9913.ENSBTAP00000054314	110	186
4850627	9913.ENSBTAP00000027510	110	32
4845950	9913.ENSBTAP00000016346	109	63
4844679	9913.ENSBTAP00000013144	109	20
4846809	9913.ENSBTAP00000018414	109	11
4856196	9913.ENSBTAP00000052370	109	11
4841648	9913.ENSBTAP00000005782	109	28
4842629	9913.ENSBTAP00000008107	109	64
4848121	9913.ENSBTAP00000021516	108	163
4853045	9913.ENSBTAP00000040182	108	5
4852136	9913.ENSBTAP00000034269	108	43
4840678	9913.ENSBTAP00000003503	108	23
4850040	9913.ENSBTAP00000026119	108	17
4840979	9913.ENSBTAP00000004188	107	13
4841630	9913.ENSBTAP00000005747	107	25
4858164	9913.ENSBTAP00000055412	107	110
4849229	9913.ENSBTAP00000024227	106	35
4843966	9913.ENSBTAP00000011388	106	19
4849546	9913.ENSBTAP00000025005	106	149
4855369	9913.ENSBTAP00000049550	106	10
4849153	9913.ENSBTAP00000024034	105	12
4843413	9913.ENSBTAP00000010022	105	28
4839872	9913.ENSBTAP00000001646	105	112
4841153	9913.ENSBTAP00000004581	105	149
4858504	9913.ENSBTAP00000055850	104	8
4852381	9913.ENSBTAP00000035716	103	29
4850872	9913.ENSBTAP00000028111	103	22
4846594	9913.ENSBTAP00000017901	103	11
4840606	9913.ENSBTAP00000003343	103	161
4858086	9913.ENSBTAP00000055313	102	184
4846387	9913.ENSBTAP00000017416	102	21
4846145	9913.ENSBTAP00000016884	102	11
4845746	9913.ENSBTAP00000015834	101	53
4846366	9913.ENSBTAP00000017366	101	91
4841168	9913.ENSBTAP00000004617	101	19
4853706	9913.ENSBTAP00000042480	101	61
4848406	9913.ENSBTAP00000022210	100	161
4852493	9913.ENSBTAP00000036487	99.9	144
4856231	9913.ENSBTAP00000052479	99.8	207
4847239	9913.ENSBTAP00000019505	99.3	50
4839626	9913.ENSBTAP00000001098	98.8	6
4845760	9913.ENSBTAP00000015873	98.6	27
4845683	9913.ENSBTAP00000015713	98.5	49
4847653	9913.ENSBTAP00000020365	98.4	45
4859111	9913.ENSBTAP00000056610	98.4	5
4841085	9913.ENSBTAP00000004410	98.3	14
4844077	9913.ENSBTAP00000011658	98.2	24
4854138	9913.ENSBTAP00000044193	98.2	108
4844037	9913.ENSBTAP00000011559	98.0	39
4843153	9913.ENSBTAP00000009410	97.8	45
4841792	9913.ENSBTAP00000006132	97.8	14
4843581	9913.ENSBTAP00000010451	97.6	52
4849801	9913.ENSBTAP00000025586	97.4	37
4855061	9913.ENSBTAP00000048506	97.3	19
4854144	9913.ENSBTAP00000044213	97.3	19
4855200	9913.ENSBTAP00000048970	97.3	19
4842167	9913.ENSBTAP00000007028	96.2	13
4846985	9913.ENSBTAP00000018863	96.2	56
4854668	9913.ENSBTAP00000046882	96.1	17
4846834	9913.ENSBTAP00000018491	95.7	9
4842872	9913.ENSBTAP00000008696	95.0	5
4849435	9913.ENSBTAP00000024695	95.0	13
4851666	9913.ENSBTAP00000031181	94.6	31
4845067	9913.ENSBTAP00000014091	94.1	51
4845536	9913.ENSBTAP00000015354	94.1	19
4847520	9913.ENSBTAP00000020102	94.1	19
4841790	9913.ENSBTAP00000006129	93.9	86
4847651	9913.ENSBTAP00000020363	93.8	21
4857308	9913.ENSBTAP00000054334	93.8	40
4853334	9913.ENSBTAP00000041239	93.8	30
4848969	9913.ENSBTAP00000023581	93.7	21
4848445	9913.ENSBTAP00000022299	93.3	71
4850133	9913.ENSBTAP00000026345	93.0	28
4847505	9913.ENSBTAP00000020081	92.6	11
4854095	9913.ENSBTAP00000044006	92.3	6
4847288	9913.ENSBTAP00000019596	92.2	54
4840839	9913.ENSBTAP00000003875	92.1	16
4858387	9913.ENSBTAP00000055696	91.9	31
4847038	9913.ENSBTAP00000018998	91.8	19
4846757	9913.ENSBTAP00000018284	91.7	7
4853268	9913.ENSBTAP00000040983	90.1	150
4841767	9913.ENSBTAP00000006074	90.0	69
4841093	9913.ENSBTAP00000004431	89.9	23
4853695	9913.ENSBTAP00000042458	89.9	18
4842087	9913.ENSBTAP00000006847	89.8	47
4850055	9913.ENSBTAP00000026146	89.1	13
4842195	9913.ENSBTAP00000007088	87.8	6
4848176	9913.ENSBTAP00000021638	87.7	17
4848197	9913.ENSBTAP00000021683	87.6	22
4859143	9913.ENSBTAP00000056644	87.4	44
4842647	9913.ENSBTAP00000008146	87.1	18
4852771	9913.ENSBTAP00000038262	87.0	152
4852037	9913.ENSBTAP00000033696	86.9	23
4847937	9913.ENSBTAP00000021045	86.9	54
4855536	9913.ENSBTAP00000050126	86.7	16
4842698	9913.ENSBTAP00000008272	86.2	17
4851942	9913.ENSBTAP00000033048	85.6	10
4841609	9913.ENSBTAP00000005684	85.5	49
4850141	9913.ENSBTAP00000026366	85.4	16
4845267	9913.ENSBTAP00000014665	85.1	5
4850704	9913.ENSBTAP00000027713	85.1	10
4845960	9913.ENSBTAP00000016368	84.9	38
4840706	9913.ENSBTAP00000003560	84.6	11
4850451	9913.ENSBTAP00000027115	84.3	27
4850073	9913.ENSBTAP00000026202	84.1	23
4843463	9913.ENSBTAP00000010159	84.1	27
4847070	9913.ENSBTAP00000019090	83.9	6
4844045	9913.ENSBTAP00000011576	83.7	30
4845733	9913.ENSBTAP00000015804	83.7	39
4853732	9913.ENSBTAP00000042551	83.6	22
4846399	9913.ENSBTAP00000017442	83.5	19
4852429	9913.ENSBTAP00000036036	83.4	18
4843536	9913.ENSBTAP00000010330	83.4	56
4848656	9913.ENSBTAP00000022789	83.3	17
4857745	9913.ENSBTAP00000054873	82.2	139
4850761	9913.ENSBTAP00000027852	82.1	18
4854046	9913.ENSBTAP00000043814	81.9	25
4846637	9913.ENSBTAP00000017991	81.7	12
4856082	9913.ENSBTAP00000052035	81.3	90
4856947	9913.ENSBTAP00000053875	81.2	17
4844781	9913.ENSBTAP00000013402	81.2	17
4851343	9913.ENSBTAP00000029284	81.0	8
4851843	9913.ENSBTAP00000032393	80.9	112
4842942	9913.ENSBTAP00000008877	80.9	34
4844278	9913.ENSBTAP00000012138	80.6	11
4847516	9913.ENSBTAP00000020096	80.5	14
4846138	9913.ENSBTAP00000016866	80.3	38
4846296	9913.ENSBTAP00000017232	80.1	23
4849764	9913.ENSBTAP00000025501	80.1	18
4848925	9913.ENSBTAP00000023484	79.9	7
4851821	9913.ENSBTAP00000032276	79.7	25
4855194	9913.ENSBTAP00000048950	79.3	16
4844940	9913.ENSBTAP00000013787	78.9	17
4855877	9913.ENSBTAP00000051388	78.7	10
4855136	9913.ENSBTAP00000048750	78.5	12
4854789	9913.ENSBTAP00000047554	78.5	20
4856445	9913.ENSBTAP00000053151	78.3	8
4847566	9913.ENSBTAP00000020196	78.2	23
4851013	9913.ENSBTAP00000028520	78.0	19
4845159	9913.ENSBTAP00000014390	78.0	7
4841359	9913.ENSBTAP00000005080	77.5	2
4839523	9913.ENSBTAP00000000869	77.5	40
4851178	9913.ENSBTAP00000028899	77.0	174
4847606	9913.ENSBTAP00000020285	77.0	26
4840705	9913.ENSBTAP00000003559	76.9	19
4851074	9913.ENSBTAP00000028661	76.4	3
4858803	9913.ENSBTAP00000056225	76.2	120
4846903	9913.ENSBTAP00000018669	75.8	17
4853622	9913.ENSBTAP00000042250	74.8	28
4851463	9913.ENSBTAP00000029960	74.7	13
4841169	9913.ENSBTAP00000004619	74.6	139
4852559	9913.ENSBTAP00000036928	74.3	23
4843035	9913.ENSBTAP00000009097	74.1	27
4850651	9913.ENSBTAP00000027565	73.5	12
4855376	9913.ENSBTAP00000049583	73.3	184
4855836	9913.ENSBTAP00000051209	73.0	21
4847428	9913.ENSBTAP00000019921	72.9	19
4852519	9913.ENSBTAP00000036650	72.6	29
4840980	9913.ENSBTAP00000004190	72.4	12
4840041	9913.ENSBTAP00000002055	72.2	33
4844521	9913.ENSBTAP00000012735	72.1	19
4851800	9913.ENSBTAP00000032173	71.7	33
4857129	9913.ENSBTAP00000054104	71.2	13
4840558	9913.ENSBTAP00000003234	71.1	70
4856093	9913.ENSBTAP00000052078	71.1	19
4847587	9913.ENSBTAP00000020243	70.8	14
4840300	9913.ENSBTAP00000002617	70.8	13
4853927	9913.ENSBTAP00000043338	70.7	2
4845621	9913.ENSBTAP00000015564	70.6	16
4842965	9913.ENSBTAP00000008925	70.6	20
4849337	9913.ENSBTAP00000024448	70.5	46
4853440	9913.ENSBTAP00000041580	70.2	16
4846553	9913.ENSBTAP00000017825	70.2	160
4841474	9913.ENSBTAP00000005375	70.1	11
4849933	9913.ENSBTAP00000025874	69.8	16
4844576	9913.ENSBTAP00000012872	69.4	18
4844747	9913.ENSBTAP00000013310	69.3	27
4851461	9913.ENSBTAP00000029953	69.2	90
4852444	9913.ENSBTAP00000036133	69.0	12
4843245	9913.ENSBTAP00000009643	68.8	6
4848727	9913.ENSBTAP00000022960	68.7	47
4841815	9913.ENSBTAP00000006190	68.5	7
4854589	9913.ENSBTAP00000046374	68.4	11
4841814	9913.ENSBTAP00000006189	68.3	4
4846901	9913.ENSBTAP00000018663	68.2	16
4855548	9913.ENSBTAP00000050170	67.9	18
4840029	9913.ENSBTAP00000002023	67.7	16
4851265	9913.ENSBTAP00000029103	67.4	12
4843124	9913.ENSBTAP00000009346	67.4	12
4843058	9913.ENSBTAP00000009151	67.0	9
4852773	9913.ENSBTAP00000038266	66.9	21
4849312	9913.ENSBTAP00000024391	66.8	7
4852434	9913.ENSBTAP00000036057	66.7	33
4847201	9913.ENSBTAP00000019411	66.7	33
4852340	9913.ENSBTAP00000035448	66.7	17
4841280	9913.ENSBTAP00000004879	66.6	38
4839195	9913.ENSBTAP00000000081	66.4	12
4851025	9913.ENSBTAP00000028556	66.4	5
4849466	9913.ENSBTAP00000024787	66.3	24
4858867	9913.ENSBTAP00000056302	66.0	9
4840644	9913.ENSBTAP00000003429	65.8	14
4842353	9913.ENSBTAP00000007481	65.5	7
4840213	9913.ENSBTAP00000002419	65.4	6
4845988	9913.ENSBTAP00000016461	65.4	16
4846841	9913.ENSBTAP00000018505	65.4	17
4843138	9913.ENSBTAP00000009379	65.2	4
4853581	9913.ENSBTAP00000042121	65.1	10
4839375	9913.ENSBTAP00000000518	64.8	14
4839460	9913.ENSBTAP00000000731	64.4	32
4848729	9913.ENSBTAP00000022970	64.2	10
4854156	9913.ENSBTAP00000044260	64.2	20
4855326	9913.ENSBTAP00000049383	63.6	23
4846256	9913.ENSBTAP00000017131	63.5	19
4854558	9913.ENSBTAP00000046224	63.4	12
4853026	9913.ENSBTAP00000040053	63.2	13
4844645	9913.ENSBTAP00000013079	62.7	15
4849021	9913.ENSBTAP00000023700	62.5	15
4846560	9913.ENSBTAP00000017835	62.5	7
4843064	9913.ENSBTAP00000009173	62.5	32
4848470	9913.ENSBTAP00000022364	62.5	9
4843060	9913.ENSBTAP00000009155	62.4	31
4843059	9913.ENSBTAP00000009152	62.4	31
4848260	9913.ENSBTAP00000021848	62.4	5
4851283	9913.ENSBTAP00000029147	62.4	9
4853926	9913.ENSBTAP00000043335	62.4	12
4849840	9913.ENSBTAP00000025663	62.3	31
4847841	9913.ENSBTAP00000020809	62.3	16
4840791	9913.ENSBTAP00000003769	62.2	17
4844368	9913.ENSBTAP00000012357	61.9	34
4858033	9913.ENSBTAP00000055245	61.9	22
4856513	9913.ENSBTAP00000053242	61.9	28
4844192	9913.ENSBTAP00000011952	61.8	19
4845337	9913.ENSBTAP00000014850	61.7	15
4850977	9913.ENSBTAP00000028410	61.5	52
4855166	9913.ENSBTAP00000048849	61.3	31
4844292	9913.ENSBTAP00000012170	61.1	8
4854520	9913.ENSBTAP00000046014	61.1	17
4842779	9913.ENSBTAP00000008460	60.4	4
4855388	9913.ENSBTAP00000049613	60.1	9
4844596	9913.ENSBTAP00000012929	59.9	29
4839890	9913.ENSBTAP00000001698	59.9	23
4859127	9913.ENSBTAP00000056626	59.9	36
4857814	9913.ENSBTAP00000054964	59.7	28
4841324	9913.ENSBTAP00000004984	59.6	9
4849072	9913.ENSBTAP00000023810	59.4	1
4848065	9913.ENSBTAP00000021386	59.3	15
4853869	9913.ENSBTAP00000043090	59.2	21
4845062	9913.ENSBTAP00000014072	59.1	12
4842730	9913.ENSBTAP00000008358	59.0	23
4847948	9913.ENSBTAP00000021088	58.9	3
4840682	9913.ENSBTAP00000003514	58.6	2
4844915	9913.ENSBTAP00000013713	58.5	16
4842330	9913.ENSBTAP00000007436	58.4	36
4849011	9913.ENSBTAP00000023671	58.1	10
4842367	9913.ENSBTAP00000007519	57.7	17
4841144	9913.ENSBTAP00000004562	57.7	22
4850431	9913.ENSBTAP00000027067	57.6	15
4858063	9913.ENSBTAP00000055286	57.3	14
4853504	9913.ENSBTAP00000041817	57.2	7
4858588	9913.ENSBTAP00000055960	57.2	31
4846453	9913.ENSBTAP00000017580	57.1	35
4857575	9913.ENSBTAP00000054670	56.9	8
4847975	9913.ENSBTAP00000021166	56.7	22
4848745	9913.ENSBTAP00000023005	56.1	31
4848549	9913.ENSBTAP00000022558	56.0	29
4855826	9913.ENSBTAP00000051168	56.0	69
4847624	9913.ENSBTAP00000020323	55.9	3
4843368	9913.ENSBTAP00000009921	55.6	11
4853262	9913.ENSBTAP00000040954	55.5	7
4855552	9913.ENSBTAP00000050205	55.2	4
4848613	9913.ENSBTAP00000022710	55.2	21
4855360	9913.ENSBTAP00000049531	55.1	17
4857500	9913.ENSBTAP00000054574	54.7	26
4853365	9913.ENSBTAP00000041323	54.6	41
4857252	9913.ENSBTAP00000054262	54.5	11
4850487	9913.ENSBTAP00000027193	54.4	22
4852999	9913.ENSBTAP00000039862	54.4	13
4850790	9913.ENSBTAP00000027913	54.3	10
4857104	9913.ENSBTAP00000054069	54.3	1
4843089	9913.ENSBTAP00000009264	53.9	60
4840245	9913.ENSBTAP00000002492	53.8	16
4849727	9913.ENSBTAP00000025422	53.8	13
4855209	9913.ENSBTAP00000048995	53.7	18
4841294	9913.ENSBTAP00000004912	53.6	19
4850340	9913.ENSBTAP00000026826	53.6	16
4850640	9913.ENSBTAP00000027539	53.4	4
4851197	9913.ENSBTAP00000028958	52.9	14
4855427	9913.ENSBTAP00000049731	52.8	30
4842987	9913.ENSBTAP00000008979	52.8	12
4843404	9913.ENSBTAP00000009998	52.5	17
4841620	9913.ENSBTAP00000005713	52.2	18
4847848	9913.ENSBTAP00000020825	52.1	25
4840252	9913.ENSBTAP00000002506	52.0	4
4846508	9913.ENSBTAP00000017694	51.9	18
4842434	9913.ENSBTAP00000007681	51.9	9
4850485	9913.ENSBTAP00000027191	51.9	7
4842692	9913.ENSBTAP00000008253	51.7	8
4849760	9913.ENSBTAP00000025496	51.6	24
4840569	9913.ENSBTAP00000003261	51.5	17
4843342	9913.ENSBTAP00000009864	51.5	23
4853347	9913.ENSBTAP00000041265	51.2	17
4858720	9913.ENSBTAP00000056127	51.1	10
4843062	9913.ENSBTAP00000009160	51.1	14
4840064	9913.ENSBTAP00000002111	50.6	5
4844946	9913.ENSBTAP00000013796	50.5	14
4847497	9913.ENSBTAP00000020065	50.4	4
4850180	9913.ENSBTAP00000026449	50.3	24
4847607	9913.ENSBTAP00000020286	50.3	15
4843014	9913.ENSBTAP00000009044	50.1	9
4850099	9913.ENSBTAP00000026269	50.0	27
4846548	9913.ENSBTAP00000017812	50.0	6
4850689	9913.ENSBTAP00000027670	50.0	10
4850898	9913.ENSBTAP00000028188	49.6	135
4846267	9913.ENSBTAP00000017158	49.6	8
4853609	9913.ENSBTAP00000042200	49.4	8
4855022	9913.ENSBTAP00000048368	49.4	17
4844711	9913.ENSBTAP00000013208	49.3	8
4840848	9913.ENSBTAP00000003897	49.0	14
4844707	9913.ENSBTAP00000013200	48.9	4
4840749	9913.ENSBTAP00000003660	48.8	8
4849415	9913.ENSBTAP00000024641	48.5	13
4854482	9913.ENSBTAP00000045833	48.5	21
4840038	9913.ENSBTAP00000002051	48.3	21
4850515	9913.ENSBTAP00000027246	48.2	23
4853359	9913.ENSBTAP00000041308	48.2	6
4842154	9913.ENSBTAP00000006992	48.1	25
4856481	9913.ENSBTAP00000053200	48.1	31
4839715	9913.ENSBTAP00000001303	48.0	10
4849042	9913.ENSBTAP00000023744	47.8	54
4849987	9913.ENSBTAP00000025996	47.4	21
4849857	9913.ENSBTAP00000025697	47.4	10
4845268	9913.ENSBTAP00000014666	47.4	10
4857434	9913.ENSBTAP00000054495	47.4	15
4843524	9913.ENSBTAP00000010311	47.3	12
4840908	9913.ENSBTAP00000004031	47.3	11
4845050	9913.ENSBTAP00000014053	47.2	9
4842884	9913.ENSBTAP00000008726	47.2	4
4858785	9913.ENSBTAP00000056204	47.1	20
4852575	9913.ENSBTAP00000037041	47.1	20
4851486	9913.ENSBTAP00000030092	47.1	20
4853795	9913.ENSBTAP00000042806	47.1	20
4853442	9913.ENSBTAP00000041588	47.0	6
4847871	9913.ENSBTAP00000020880	47.0	11
4857627	9913.ENSBTAP00000054731	46.9	72
4856064	9913.ENSBTAP00000051979	46.8	3
4841026	9913.ENSBTAP00000004280	46.7	13
4853546	9913.ENSBTAP00000041967	46.4	6
4846403	9913.ENSBTAP00000017450	46.0	9
4846803	9913.ENSBTAP00000018403	45.8	7
4848407	9913.ENSBTAP00000022212	45.6	7
4840547	9913.ENSBTAP00000003206	45.6	13
4839635	9913.ENSBTAP00000001128	45.5	4
4840037	9913.ENSBTAP00000002045	45.3	7
4851906	9913.ENSBTAP00000032857	45.3	14
4847502	9913.ENSBTAP00000020078	45.1	9
4856017	9913.ENSBTAP00000051846	44.9	20
4842458	9913.ENSBTAP00000007723	44.6	9
4851146	9913.ENSBTAP00000028825	44.6	12
4843317	9913.ENSBTAP00000009800	44.6	19
4842769	9913.ENSBTAP00000008440	44.3	19
4843815	9913.ENSBTAP00000011016	44.3	2
4847699	9913.ENSBTAP00000020469	44.2	23
4849022	9913.ENSBTAP00000023702	44.2	5
4846463	9913.ENSBTAP00000017593	44.1	6
4858693	9913.ENSBTAP00000056088	44.1	5
4857263	9913.ENSBTAP00000054275	44.1	6
4849465	9913.ENSBTAP00000024782	43.8	9
4846956	9913.ENSBTAP00000018795	43.7	6
4842905	9913.ENSBTAP00000008774	43.7	18
4840255	9913.ENSBTAP00000002513	43.5	16
4849240	9913.ENSBTAP00000024253	43.4	10
4846996	9913.ENSBTAP00000018888	43.2	2
4846238	9913.ENSBTAP00000017086	43.2	10
4854490	9913.ENSBTAP00000045871	43.0	1
4845281	9913.ENSBTAP00000014702	42.9	12
4852701	9913.ENSBTAP00000037816	42.6	17
4851208	9913.ENSBTAP00000028983	42.5	16
4839284	9913.ENSBTAP00000000304	42.5	2
4847467	9913.ENSBTAP00000020009	42.4	8
4854280	9913.ENSBTAP00000044733	42.3	14
4851773	9913.ENSBTAP00000031993	42.2	7
4839506	9913.ENSBTAP00000000841	42.1	9
4858702	9913.ENSBTAP00000056098	42.1	23
4844648	9913.ENSBTAP00000013082	42.1	13
4849044	9913.ENSBTAP00000023750	42.0	13
4845087	9913.ENSBTAP00000014154	42.0	25
4858502	9913.ENSBTAP00000055847	41.9	52
4841512	9913.ENSBTAP00000005472	41.7	18
4843675	9913.ENSBTAP00000010674	41.7	3
4845223	9913.ENSBTAP00000014563	41.7	2
4843346	9913.ENSBTAP00000009871	41.6	7
4848681	9913.ENSBTAP00000022848	41.5	5
4849198	9913.ENSBTAP00000024149	41.5	15
4850559	9913.ENSBTAP00000027359	41.4	8
4850981	9913.ENSBTAP00000028427	41.4	5
4857202	9913.ENSBTAP00000054193	41.4	4
4852051	9913.ENSBTAP00000033771	41.2	45
4847088	9913.ENSBTAP00000019134	41.1	10
4854776	9913.ENSBTAP00000047520	41.0	24
4842036	9913.ENSBTAP00000006715	40.9	2
4848453	9913.ENSBTAP00000022314	40.8	9
4842396	9913.ENSBTAP00000007589	40.7	24
4851127	9913.ENSBTAP00000028781	40.6	17
4857753	9913.ENSBTAP00000054883	40.6	7
4847832	9913.ENSBTAP00000020790	40.3	9
4844115	9913.ENSBTAP00000011737	40.2	6
4846992	9913.ENSBTAP00000018877	40.2	4
4840211	9913.ENSBTAP00000002416	40.1	51
4852490	9913.ENSBTAP00000036460	39.7	48
4851761	9913.ENSBTAP00000031879	39.5	32
4855250	9913.ENSBTAP00000049139	39.5	4
4840178	9913.ENSBTAP00000002349	39.4	4
4853241	9913.ENSBTAP00000040892	39.4	7
4848868	9913.ENSBTAP00000023325	39.2	12
4839497	9913.ENSBTAP00000000815	39.1	52
4853182	9913.ENSBTAP00000040707	38.6	71
4847279	9913.ENSBTAP00000019577	38.4	4
4858129	9913.ENSBTAP00000055370	38.4	21
4846695	9913.ENSBTAP00000018131	38.3	10
4850683	9913.ENSBTAP00000027662	38.3	15
4841722	9913.ENSBTAP00000005983	38.2	6
4848284	9913.ENSBTAP00000021909	38.2	10
4842658	9913.ENSBTAP00000008177	38.1	7
4839553	9913.ENSBTAP00000000943	38.1	3
4846056	9913.ENSBTAP00000016645	38.0	29
4854533	9913.ENSBTAP00000046068	37.9	9
4857524	9913.ENSBTAP00000054606	37.8	5
4846460	9913.ENSBTAP00000017590	37.7	4
4845857	9913.ENSBTAP00000016093	37.7	20
4848113	9913.ENSBTAP00000021497	37.7	10
4853649	9913.ENSBTAP00000042323	37.3	2
4849473	9913.ENSBTAP00000024797	37.3	71
4842679	9913.ENSBTAP00000008217	37.3	14
4853192	9913.ENSBTAP00000040732	37.2	6
4853633	9913.ENSBTAP00000042274	37.1	15
4845292	9913.ENSBTAP00000014734	37.0	1
4856849	9913.ENSBTAP00000053733	36.8	12
4853099	9913.ENSBTAP00000040410	36.7	2
4844007	9913.ENSBTAP00000011484	36.7	9
4847601	9913.ENSBTAP00000020272	36.7	19
4843151	9913.ENSBTAP00000009406	36.4	17
4855182	9913.ENSBTAP00000048915	36.3	6
4843340	9913.ENSBTAP00000009857	36.0	2
4858343	9913.ENSBTAP00000055644	35.8	2
4854538	9913.ENSBTAP00000046095	35.6	72
4841723	9913.ENSBTAP00000005987	35.6	2
4851372	9913.ENSBTAP00000029348	35.5	76
4852749	9913.ENSBTAP00000038081	35.3	2
4842821	9913.ENSBTAP00000008580	35.2	9
4843249	9913.ENSBTAP00000009652	35.1	1
4853186	9913.ENSBTAP00000040718	35.1	71
4842796	9913.ENSBTAP00000008502	34.9	4
4843786	9913.ENSBTAP00000010949	34.9	7
4855272	9913.ENSBTAP00000049194	34.9	3
4845257	9913.ENSBTAP00000014645	34.8	7
4843388	9913.ENSBTAP00000009965	34.8	6
4859067	9913.ENSBTAP00000056554	34.8	1
4842911	9913.ENSBTAP00000008799	34.7	12
4857383	9913.ENSBTAP00000054434	34.6	4
4850322	9913.ENSBTAP00000026785	34.4	15
4852227	9913.ENSBTAP00000034743	34.4	78
4848946	9913.ENSBTAP00000023522	34.0	20
4849555	9913.ENSBTAP00000025024	34.0	20
4856854	9913.ENSBTAP00000053740	34.0	36
4853512	9913.ENSBTAP00000041845	33.7	10
4839205	9913.ENSBTAP00000000096	33.6	7
4841259	9913.ENSBTAP00000004831	33.6	18
4843556	9913.ENSBTAP00000010389	33.6	5
4848483	9913.ENSBTAP00000022386	33.5	9
4858595	9913.ENSBTAP00000055969	33.4	11
4853838	9913.ENSBTAP00000042947	33.4	11
4857072	9913.ENSBTAP00000054033	33.4	11
4845413	9913.ENSBTAP00000015052	33.3	9
4846196	9913.ENSBTAP00000016989	33.2	19
4847452	9913.ENSBTAP00000019973	33.1	6
4848635	9913.ENSBTAP00000022759	32.9	13
4853237	9913.ENSBTAP00000040872	32.8	13
4840959	9913.ENSBTAP00000004145	32.8	14
4856289	9913.ENSBTAP00000052671	32.7	8
4846210	9913.ENSBTAP00000017009	32.6	2
4847590	9913.ENSBTAP00000020252	32.6	15
4842969	9913.ENSBTAP00000008936	32.6	26
4851018	9913.ENSBTAP00000028540	32.5	17
4851451	9913.ENSBTAP00000029889	32.4	12
4850445	9913.ENSBTAP00000027098	32.2	9
4857794	9913.ENSBTAP00000054935	32.1	9
4845874	9913.ENSBTAP00000016137	32.0	25
4849422	9913.ENSBTAP00000024663	32.0	65
4844546	9913.ENSBTAP00000012804	31.9	8
4853049	9913.ENSBTAP00000040191	31.9	2
4839751	9913.ENSBTAP00000001383	31.9	19
4858661	9913.ENSBTAP00000056050	31.9	6
4842469	9913.ENSBTAP00000007758	31.7	5
4843391	9913.ENSBTAP00000009971	31.7	11
4849973	9913.ENSBTAP00000025959	31.7	12
4839634	9913.ENSBTAP00000001121	31.6	6
4849902	9913.ENSBTAP00000025807	31.6	7
4841398	9913.ENSBTAP00000005174	31.5	6
4853671	9913.ENSBTAP00000042399	31.5	5
4850125	9913.ENSBTAP00000026323	31.4	6
4849182	9913.ENSBTAP00000024101	31.3	9
4840511	9913.ENSBTAP00000003129	31.2	1
4847825	9913.ENSBTAP00000020778	31.1	3
4843501	9913.ENSBTAP00000010257	31.1	6
4839485	9913.ENSBTAP00000000790	31.1	2
4849646	9913.ENSBTAP00000025235	30.9	12
4846534	9913.ENSBTAP00000017770	30.9	10
4858591	9913.ENSBTAP00000055964	30.9	10
4849327	9913.ENSBTAP00000024424	30.9	10
4857808	9913.ENSBTAP00000054954	30.8	2
4850344	9913.ENSBTAP00000026834	30.7	16
4842980	9913.ENSBTAP00000008962	30.7	5
4841118	9913.ENSBTAP00000004503	30.6	4
4858925	9913.ENSBTAP00000056372	30.6	11
4849678	9913.ENSBTAP00000025318	30.6	6
4841279	9913.ENSBTAP00000004878	30.5	5
4851768	9913.ENSBTAP00000031937	30.3	7
4854155	9913.ENSBTAP00000044257	30.2	5
4847209	9913.ENSBTAP00000019429	30.1	10
4846252	9913.ENSBTAP00000017120	30.0	8
4844873	9913.ENSBTAP00000013636	29.9	21
4848093	9913.ENSBTAP00000021451	29.8	9
4854547	9913.ENSBTAP00000046157	29.8	9
4847582	9913.ENSBTAP00000020229	29.7	2
4856620	9913.ENSBTAP00000053400	29.6	2
4842993	9913.ENSBTAP00000008987	29.6	16
4850799	9913.ENSBTAP00000027932	29.5	23
4839314	9913.ENSBTAP00000000364	29.4	7
4853245	9913.ENSBTAP00000040899	29.4	6
4851352	9913.ENSBTAP00000029302	29.2	5
4852759	9913.ENSBTAP00000038149	29.2	2
4839881	9913.ENSBTAP00000001667	29.2	8
4849007	9913.ENSBTAP00000023664	29.0	2
4858126	9913.ENSBTAP00000055366	29.0	20
4853708	9913.ENSBTAP00000042482	29.0	4
4842231	9913.ENSBTAP00000007170	28.9	13
4853310	9913.ENSBTAP00000041157	28.9	10
4856148	9913.ENSBTAP00000052226	28.8	15
4850243	9913.ENSBTAP00000026582	28.8	6
4853185	9913.ENSBTAP00000040717	28.7	71
4854687	9913.ENSBTAP00000046975	28.7	6
4845663	9913.ENSBTAP00000015668	28.5	18
4857759	9913.ENSBTAP00000054889	28.4	6
4841266	9913.ENSBTAP00000004843	28.3	13
4856371	9913.ENSBTAP00000052906	28.3	9
4852639	9913.ENSBTAP00000037386	28.3	6
4845077	9913.ENSBTAP00000014120	28.2	18
4850348	9913.ENSBTAP00000026841	28.2	3
4848257	9913.ENSBTAP00000021838	28.1	16
4850739	9913.ENSBTAP00000027793	27.9	6
4847334	9913.ENSBTAP00000019699	27.7	14
4851402	9913.ENSBTAP00000029502	27.6	4
4852523	9913.ENSBTAP00000036691	27.5	1
4843723	9913.ENSBTAP00000010765	27.5	9
4849061	9913.ENSBTAP00000023778	27.4	8
4857390	9913.ENSBTAP00000054441	27.4	6
4849858	9913.ENSBTAP00000025698	27.3	6
4855285	9913.ENSBTAP00000049230	27.3	11
4846304	9913.ENSBTAP00000017251	27.3	7
4845639	9913.ENSBTAP00000015606	27.2	19
4842433	9913.ENSBTAP00000007680	27.2	5
4850954	9913.ENSBTAP00000028330	27.2	4
4846641	9913.ENSBTAP00000017997	27.1	92
4845753	9913.ENSBTAP00000015850	27.1	21
4856143	9913.ENSBTAP00000052209	27.1	13
4848751	9913.ENSBTAP00000023026	27.0	2
4846259	9913.ENSBTAP00000017141	27.0	5
4854633	9913.ENSBTAP00000046594	27.0	3
4848678	9913.ENSBTAP00000022835	26.9	6
4848816	9913.ENSBTAP00000023183	26.8	2
4852491	9913.ENSBTAP00000036467	26.8	18
4851817	9913.ENSBTAP00000032258	26.7	3
4849039	9913.ENSBTAP00000023735	26.5	2
4845557	9913.ENSBTAP00000015408	26.3	3
4856042	9913.ENSBTAP00000051920	26.3	14
4843849	9913.ENSBTAP00000011088	26.0	6
4853336	9913.ENSBTAP00000041243	26.0	22
4850659	9913.ENSBTAP00000027602	25.9	9
4847263	9913.ENSBTAP00000019547	25.9	6
4843828	9913.ENSBTAP00000011039	25.9	23
4857904	9913.ENSBTAP00000055082	25.8	21
4853052	9913.ENSBTAP00000040201	25.7	29
4847794	9913.ENSBTAP00000020709	25.7	9
4842852	9913.ENSBTAP00000008650	25.5	17
4851465	9913.ENSBTAP00000029965	25.5	7
4858473	9913.ENSBTAP00000055814	25.5	3
4844534	9913.ENSBTAP00000012773	25.4	7
4851139	9913.ENSBTAP00000028802	25.4	5
4848501	9913.ENSBTAP00000022428	25.4	9
4856062	9913.ENSBTAP00000051974	25.4	23
4842060	9913.ENSBTAP00000006785	25.2	5
4852570	9913.ENSBTAP00000037026	25.2	2
4852147	9913.ENSBTAP00000034349	25.2	4
4852738	9913.ENSBTAP00000038032	25.2	12
4841225	9913.ENSBTAP00000004739	25.2	2
4853190	9913.ENSBTAP00000040728	25.1	6
4851331	9913.ENSBTAP00000029264	25.0	92
4843747	9913.ENSBTAP00000010835	25.0	4
4850294	9913.ENSBTAP00000026715	24.9	4
4845641	9913.ENSBTAP00000015611	24.9	19
4844354	9913.ENSBTAP00000012326	24.8	13
4847048	9913.ENSBTAP00000019038	24.8	6
4842293	9913.ENSBTAP00000007336	24.7	6
4841482	9913.ENSBTAP00000005398	24.6	7
4852744	9913.ENSBTAP00000038059	24.5	18
4841354	9913.ENSBTAP00000005072	24.5	6
4845649	9913.ENSBTAP00000015635	24.3	14
4842050	9913.ENSBTAP00000006760	24.2	7
4842471	9913.ENSBTAP00000007761	24.1	1
4845202	9913.ENSBTAP00000014520	24.1	2
4840879	9913.ENSBTAP00000003974	23.9	3
4840751	9913.ENSBTAP00000003662	23.8	13
4843087	9913.ENSBTAP00000009261	23.7	10
4856334	9913.ENSBTAP00000052799	23.7	2
4853204	9913.ENSBTAP00000040759	23.6	1
4852965	9913.ENSBTAP00000039621	23.6	5
4851251	9913.ENSBTAP00000029075	23.6	6
4850709	9913.ENSBTAP00000027728	23.5	4
4844039	9913.ENSBTAP00000011563	23.5	10
4844290	9913.ENSBTAP00000012167	23.5	7
4846675	9913.ENSBTAP00000018092	23.5	10
4845470	9913.ENSBTAP00000015199	23.5	15
4840496	9913.ENSBTAP00000003071	23.4	2
4847667	9913.ENSBTAP00000020395	23.3	47
4846032	9913.ENSBTAP00000016581	23.3	2
4855661	9913.ENSBTAP00000050594	23.2	14
4850744	9913.ENSBTAP00000027808	23.2	6
4843091	9913.ENSBTAP00000009270	23.2	4
4850669	9913.ENSBTAP00000027628	23.2	1
4851712	9913.ENSBTAP00000031532	23.1	4
4855302	9913.ENSBTAP00000049262	23.1	7
4846668	9913.ENSBTAP00000018076	23.1	2
4855788	9913.ENSBTAP00000051040	23.0	20
4845324	9913.ENSBTAP00000014810	23.0	4
4845544	9913.ENSBTAP00000015373	23.0	5
4839624	9913.ENSBTAP00000001095	23.0	4
4840560	9913.ENSBTAP00000003239	23.0	13
4848617	9913.ENSBTAP00000022718	23.0	6
4847175	9913.ENSBTAP00000019322	22.8	9
4847621	9913.ENSBTAP00000020318	22.8	1
4850804	9913.ENSBTAP00000027944	22.8	5
4843278	9913.ENSBTAP00000009715	22.7	8
4850942	9913.ENSBTAP00000028280	22.7	6
4841451	9913.ENSBTAP00000005323	22.7	7
4856547	9913.ENSBTAP00000053290	22.6	4
4847028	9913.ENSBTAP00000018963	22.6	11
4858361	9913.ENSBTAP00000055668	22.6	76
4848828	9913.ENSBTAP00000023206	22.6	8
4849656	9913.ENSBTAP00000025255	22.6	7
4846752	9913.ENSBTAP00000018273	22.5	3
4856313	9913.ENSBTAP00000052728	22.2	9
4849234	9913.ENSBTAP00000024233	22.2	4
4850066	9913.ENSBTAP00000026183	22.1	4
4852655	9913.ENSBTAP00000037506	22.1	13
4848481	9913.ENSBTAP00000022382	22.1	3
4858288	9913.ENSBTAP00000055578	22.1	4
4854424	9913.ENSBTAP00000045494	22.1	2
4854115	9913.ENSBTAP00000044091	22.0	1
4842572	9913.ENSBTAP00000007978	22.0	4
4851771	9913.ENSBTAP00000031959	21.9	3
4845768	9913.ENSBTAP00000015889	21.9	4
4847874	9913.ENSBTAP00000020886	21.8	6
4858585	9913.ENSBTAP00000055957	21.8	4
4847365	9913.ENSBTAP00000019771	21.8	6
4855694	9913.ENSBTAP00000050704	21.8	5
4845676	9913.ENSBTAP00000015695	21.8	1
4849276	9913.ENSBTAP00000024319	21.8	11
4853168	9913.ENSBTAP00000040666	21.8	6
4847391	9913.ENSBTAP00000019834	21.7	15
4840684	9913.ENSBTAP00000003517	21.7	93
4858327	9913.ENSBTAP00000055625	21.5	78
4858285	9913.ENSBTAP00000055574	21.4	3
4840796	9913.ENSBTAP00000003779	21.4	3
4848112	9913.ENSBTAP00000021495	21.3	10
4858332	9913.ENSBTAP00000055631	21.3	31
4850921	9913.ENSBTAP00000028239	21.2	8
4851404	9913.ENSBTAP00000029508	21.1	92
4846574	9913.ENSBTAP00000017860	20.9	2
4849549	9913.ENSBTAP00000025008	20.8	81
4853970	9913.ENSBTAP00000043489	20.7	4
4844557	9913.ENSBTAP00000012827	20.7	21
4844718	9913.ENSBTAP00000013229	20.6	5
4846831	9913.ENSBTAP00000018479	20.6	50
4849405	9913.ENSBTAP00000024617	20.5	6
4851095	9913.ENSBTAP00000028699	20.4	10
4852962	9913.ENSBTAP00000039600	20.3	3
4843998	9913.ENSBTAP00000011469	20.3	6
4850235	9913.ENSBTAP00000026568	20.2	4
4858896	9913.ENSBTAP00000056335	20.2	4
4846835	9913.ENSBTAP00000018492	20.2	5
4855029	9913.ENSBTAP00000048393	20.2	24
4856488	9913.ENSBTAP00000053207	20.1	14
4844144	9913.ENSBTAP00000011803	20.1	6
4845020	9913.ENSBTAP00000013994	20.1	5
4856438	9913.ENSBTAP00000053143	20.1	1
4849027	9913.ENSBTAP00000023709	20.0	6
4848855	9913.ENSBTAP00000023297	20.0	21
4845454	9913.ENSBTAP00000015160	19.9	4
4848508	9913.ENSBTAP00000022455	19.8	5
4856297	9913.ENSBTAP00000052689	19.8	8
4854397	9913.ENSBTAP00000045395	19.8	6
4848038	9913.ENSBTAP00000021327	19.7	13
4840698	9913.ENSBTAP00000003545	19.6	3
4844924	9913.ENSBTAP00000013734	19.6	3
4843911	9913.ENSBTAP00000011257	19.6	2
4847207	9913.ENSBTAP00000019422	19.5	5
4843020	9913.ENSBTAP00000009064	19.5	22
4844121	9913.ENSBTAP00000011751	19.5	8
4846392	9913.ENSBTAP00000017425	19.5	8
4845716	9913.ENSBTAP00000015769	19.4	14
4844142	9913.ENSBTAP00000011801	19.3	14
4857444	9913.ENSBTAP00000054507	19.2	1
4843780	9913.ENSBTAP00000010925	19.2	21
4850263	9913.ENSBTAP00000026632	19.1	1
4847528	9913.ENSBTAP00000020113	19.1	1
4850016	9913.ENSBTAP00000026056	19.0	9
4842201	9913.ENSBTAP00000007107	19.0	2
4840872	9913.ENSBTAP00000003959	19.0	1
4854626	9913.ENSBTAP00000046538	18.9	78
4856215	9913.ENSBTAP00000052427	18.9	22
4839661	9913.ENSBTAP00000001190	18.9	21
4852786	9913.ENSBTAP00000038330	18.8	3
4845295	9913.ENSBTAP00000014745	18.8	8
4854346	9913.ENSBTAP00000045066	18.7	32
4845236	9913.ENSBTAP00000014585	18.7	2
4855843	9913.ENSBTAP00000051230	18.6	78
4845318	9913.ENSBTAP00000014801	18.6	1
4840734	9913.ENSBTAP00000003618	18.6	4
4848185	9913.ENSBTAP00000021651	18.6	3
4852657	9913.ENSBTAP00000037526	18.5	3
4848392	9913.ENSBTAP00000022178	18.5	8
4841601	9913.ENSBTAP00000005672	18.5	15
4842838	9913.ENSBTAP00000008616	18.5	13
4851351	9913.ENSBTAP00000029301	18.4	8
4849809	9913.ENSBTAP00000025599	18.3	4
4843830	9913.ENSBTAP00000011042	18.3	4
4849633	9913.ENSBTAP00000025191	18.3	11
4842571	9913.ENSBTAP00000007976	18.2	5
4844659	9913.ENSBTAP00000013110	18.2	10
4849988	9913.ENSBTAP00000025997	18.2	4
4843023	9913.ENSBTAP00000009073	18.2	4
4849900	9913.ENSBTAP00000025803	18.1	3
4839264	9913.ENSBTAP00000000240	18.1	2
4846459	9913.ENSBTAP00000017588	18.1	15
4839943	9913.ENSBTAP00000001829	18.1	5
4849676	9913.ENSBTAP00000025313	18.1	2
4849675	9913.ENSBTAP00000025311	18.1	2
4857798	9913.ENSBTAP00000054939	18.1	5
4855229	9913.ENSBTAP00000049058	18.0	23
4844424	9913.ENSBTAP00000012495	18.0	9
4840810	9913.ENSBTAP00000003805	18.0	12
4857911	9913.ENSBTAP00000055092	18.0	6
4857399	9913.ENSBTAP00000054453	17.9	76
4853106	9913.ENSBTAP00000040445	17.9	1
4856267	9913.ENSBTAP00000052573	17.9	11
4848861	9913.ENSBTAP00000023309	17.9	3
4845293	9913.ENSBTAP00000014735	17.8	6
4852399	9913.ENSBTAP00000035821	17.8	6
4859015	9913.ENSBTAP00000056478	17.8	24
4845703	9913.ENSBTAP00000015750	17.7	1
4844583	9913.ENSBTAP00000012896	17.7	3
4847009	9913.ENSBTAP00000018917	17.7	16
4857146	9913.ENSBTAP00000054125	17.7	3
4854971	9913.ENSBTAP00000048179	17.7	53
4856402	9913.ENSBTAP00000053002	17.7	53
4840244	9913.ENSBTAP00000002491	17.7	5
4844197	9913.ENSBTAP00000011963	17.7	1
4847521	9913.ENSBTAP00000020103	17.6	29
4845216	9913.ENSBTAP00000014549	17.6	7
4852294	9913.ENSBTAP00000035184	17.5	1
4839544	9913.ENSBTAP00000000926	17.5	1
4839612	9913.ENSBTAP00000001071	17.4	4
4847492	9913.ENSBTAP00000020055	17.4	5
4855313	9913.ENSBTAP00000049320	17.4	6
4858599	9913.ENSBTAP00000055974	17.3	16
4850849	9913.ENSBTAP00000028053	17.3	3
4846858	9913.ENSBTAP00000018554	17.3	5
4839944	9913.ENSBTAP00000001830	17.3	5
4853040	9913.ENSBTAP00000040143	17.2	6
4854545	9913.ENSBTAP00000046146	17.2	3
4858017	9913.ENSBTAP00000055225	17.2	78
4856999	9913.ENSBTAP00000053944	17.1	4
4843442	9913.ENSBTAP00000010108	17.0	3
4843258	9913.ENSBTAP00000009681	17.0	3
4847022	9913.ENSBTAP00000018947	16.9	13
4852425	9913.ENSBTAP00000036013	16.9	15
4848175	9913.ENSBTAP00000021637	16.8	4
4844463	9913.ENSBTAP00000012570	16.8	18
4850590	9913.ENSBTAP00000027423	16.8	3
4848596	9913.ENSBTAP00000022664	16.8	14
4853626	9913.ENSBTAP00000042257	16.8	12
4843027	9913.ENSBTAP00000009084	16.7	6
4849655	9913.ENSBTAP00000025254	16.7	11
4852850	9913.ENSBTAP00000038825	16.7	7
4839909	9913.ENSBTAP00000001733	16.7	7
4851543	9913.ENSBTAP00000030408	16.5	2
4848133	9913.ENSBTAP00000021544	16.4	4
4852487	9913.ENSBTAP00000036438	16.4	93
4855996	9913.ENSBTAP00000051780	16.4	2
4842540	9913.ENSBTAP00000007918	16.4	2
4845963	9913.ENSBTAP00000016378	16.4	2
4854979	9913.ENSBTAP00000048213	16.4	4
4841944	9913.ENSBTAP00000006494	16.3	6
4850720	9913.ENSBTAP00000027753	16.3	2
4847513	9913.ENSBTAP00000020092	16.2	2
4847932	9913.ENSBTAP00000021033	16.2	2
4844122	9913.ENSBTAP00000011757	16.1	3
4841813	9913.ENSBTAP00000006187	16.0	3
4839177	9913.ENSBTAP00000000046	15.9	3
4859048	9913.ENSBTAP00000056524	15.8	76
4858431	9913.ENSBTAP00000055757	15.8	53
4857227	9913.ENSBTAP00000054228	15.8	76
4842637	9913.ENSBTAP00000008130	15.8	2
4844796	9913.ENSBTAP00000013431	15.8	3
4844913	9913.ENSBTAP00000013707	15.6	5
4857212	9913.ENSBTAP00000054206	15.6	2
4848845	9913.ENSBTAP00000023255	15.6	2
4843316	9913.ENSBTAP00000009799	15.6	3
4858005	9913.ENSBTAP00000055208	15.5	76
4852501	9913.ENSBTAP00000036521	15.5	76
4857636	9913.ENSBTAP00000054743	15.5	76
4845769	9913.ENSBTAP00000015890	15.5	11
4845091	9913.ENSBTAP00000014176	15.5	8
4858746	9913.ENSBTAP00000056159	15.5	6
4852347	9913.ENSBTAP00000035516	15.4	4
4848644	9913.ENSBTAP00000022772	15.4	7
4855188	9913.ENSBTAP00000048925	15.4	7
4849339	9913.ENSBTAP00000024453	15.4	44
4845962	9913.ENSBTAP00000016376	15.3	8
4847274	9913.ENSBTAP00000019566	15.3	4
4839730	9913.ENSBTAP00000001338	15.2	4
4842702	9913.ENSBTAP00000008292	15.2	5
4855807	9913.ENSBTAP00000051115	15.1	8
4842412	9913.ENSBTAP00000007622	15.1	5
4840257	9913.ENSBTAP00000002520	15.1	9
4848693	9913.ENSBTAP00000022876	15.1	1
4841179	9913.ENSBTAP00000004638	15.1	3
4842505	9913.ENSBTAP00000007832	15.0	3
4840051	9913.ENSBTAP00000002080	15.0	4
4851571	9913.ENSBTAP00000030543	15.0	45
4848086	9913.ENSBTAP00000021436	15.0	4
4851023	9913.ENSBTAP00000028551	14.9	2
4850624	9913.ENSBTAP00000027507	14.9	3
4845555	9913.ENSBTAP00000015403	14.8	4
4847765	9913.ENSBTAP00000020644	14.8	6
4855701	9913.ENSBTAP00000050728	14.8	7
4851455	9913.ENSBTAP00000029915	14.7	3
4842626	9913.ENSBTAP00000008101	14.5	5
4842917	9913.ENSBTAP00000008809	14.5	6
4856203	9913.ENSBTAP00000052392	14.5	2
4854822	9913.ENSBTAP00000047677	14.4	7
4855322	9913.ENSBTAP00000049374	14.4	53
4847752	9913.ENSBTAP00000020622	14.3	33
4846674	9913.ENSBTAP00000018091	14.3	2
4857970	9913.ENSBTAP00000055166	14.2	78
4853335	9913.ENSBTAP00000041242	14.2	4
4853727	9913.ENSBTAP00000042536	14.2	6
4850534	9913.ENSBTAP00000027296	14.2	3
4842541	9913.ENSBTAP00000007922	14.1	7
4858142	9913.ENSBTAP00000055384	14.1	76
4846006	9913.ENSBTAP00000016514	14.1	13
4842674	9913.ENSBTAP00000008207	14.0	34
4847278	9913.ENSBTAP00000019575	14.0	5
4849267	9913.ENSBTAP00000024307	14.0	5
4858821	9913.ENSBTAP00000056243	14.0	2
4840497	9913.ENSBTAP00000003072	13.9	3
4840994	9913.ENSBTAP00000004215	13.8	2
4854706	9913.ENSBTAP00000047104	13.8	11
4840999	9913.ENSBTAP00000004227	13.8	1
4855125	9913.ENSBTAP00000048719	13.8	6
4855280	9913.ENSBTAP00000049208	13.8	6
4856408	9913.ENSBTAP00000053020	13.8	6
4856044	9913.ENSBTAP00000051924	13.8	6
4854164	9913.ENSBTAP00000044281	13.8	6
4855910	9913.ENSBTAP00000051492	13.8	6
4854936	9913.ENSBTAP00000048062	13.8	6
4857496	9913.ENSBTAP00000054569	13.8	6
4855578	9913.ENSBTAP00000050291	13.8	6
4855019	9913.ENSBTAP00000048362	13.8	6
4856157	9913.ENSBTAP00000052244	13.8	6
4855761	9913.ENSBTAP00000050952	13.8	6
4854892	9913.ENSBTAP00000047915	13.8	6
4852109	9913.ENSBTAP00000034086	13.8	6
4855967	9913.ENSBTAP00000051709	13.8	6
4852195	9913.ENSBTAP00000034581	13.8	6
4856420	9913.ENSBTAP00000053067	13.8	6
4855771	9913.ENSBTAP00000050994	13.8	6
4839340	9913.ENSBTAP00000000453	13.8	5
4858352	9913.ENSBTAP00000055657	13.8	8
4857515	9913.ENSBTAP00000054590	13.6	2
4856946	9913.ENSBTAP00000053873	13.6	78
4850164	9913.ENSBTAP00000026409	13.6	9
4846137	9913.ENSBTAP00000016865	13.5	3
4855953	9913.ENSBTAP00000051657	13.5	4
4849175	9913.ENSBTAP00000024086	13.5	44
4846282	9913.ENSBTAP00000017188	13.5	4
4850783	9913.ENSBTAP00000027893	13.5	4
4839254	9913.ENSBTAP00000000209	13.4	2
4848742	9913.ENSBTAP00000022993	13.4	2
4847711	9913.ENSBTAP00000020504	13.4	2
4851601	9913.ENSBTAP00000030808	13.3	3
4851377	9913.ENSBTAP00000029363	13.3	2
4839883	9913.ENSBTAP00000001671	13.3	2
4850138	9913.ENSBTAP00000026356	13.3	5
4851797	9913.ENSBTAP00000032150	13.3	10
4854165	9913.ENSBTAP00000044292	13.3	3
4846472	9913.ENSBTAP00000017614	13.2	5
4854850	9913.ENSBTAP00000047778	13.2	76
4845027	9913.ENSBTAP00000014015	13.2	6
4857857	9913.ENSBTAP00000055018	13.1	76
4840525	9913.ENSBTAP00000003165	13.1	4
4845708	9913.ENSBTAP00000015759	13.1	6
4851784	9913.ENSBTAP00000032073	13.1	4
4850600	9913.ENSBTAP00000027444	13.0	10
4844323	9913.ENSBTAP00000012242	13.0	3
4843329	9913.ENSBTAP00000009832	13.0	4
4854596	9913.ENSBTAP00000046390	13.0	2
4842753	9913.ENSBTAP00000008410	13.0	1
4844379	9913.ENSBTAP00000012391	13.0	4
4849548	9913.ENSBTAP00000025007	12.9	4
4854012	9913.ENSBTAP00000043669	12.9	3
4848339	9913.ENSBTAP00000022054	12.9	5
4851000	9913.ENSBTAP00000028486	12.9	3
4844201	9913.ENSBTAP00000011976	12.8	2
4856458	9913.ENSBTAP00000053169	12.8	11
4855081	9913.ENSBTAP00000048567	12.7	12
4853924	9913.ENSBTAP00000043331	12.7	1
4846915	9913.ENSBTAP00000018701	12.7	9
4856889	9913.ENSBTAP00000053789	12.6	2
4855926	9913.ENSBTAP00000051545	12.6	5
4850815	9913.ENSBTAP00000027964	12.6	5
4841784	9913.ENSBTAP00000006112	12.6	1
4840853	9913.ENSBTAP00000003907	12.6	2
4841593	9913.ENSBTAP00000005656	12.5	9
4845827	9913.ENSBTAP00000016013	12.5	2
4854036	9913.ENSBTAP00000043763	12.5	7
4843266	9913.ENSBTAP00000009697	12.4	2
4843491	9913.ENSBTAP00000010230	12.4	3
4842196	9913.ENSBTAP00000007090	12.3	2
4843931	9913.ENSBTAP00000011314	12.3	4
4856075	9913.ENSBTAP00000052015	12.3	6
4850216	9913.ENSBTAP00000026533	12.2	7
4847409	9913.ENSBTAP00000019872	12.2	4
4844936	9913.ENSBTAP00000013775	12.2	2
4846168	9913.ENSBTAP00000016937	12.1	2
4839385	9913.ENSBTAP00000000541	12.1	1
4851184	9913.ENSBTAP00000028914	12.1	4
4851604	9913.ENSBTAP00000030820	12.1	4
4847150	9913.ENSBTAP00000019278	12.0	3
4842588	9913.ENSBTAP00000008019	12.0	1
4855560	9913.ENSBTAP00000050234	12.0	2
4856094	9913.ENSBTAP00000052086	12.0	4
4850875	9913.ENSBTAP00000028116	11.9	3
4843456	9913.ENSBTAP00000010141	11.9	2
4841667	9913.ENSBTAP00000005821	11.8	1
4841579	9913.ENSBTAP00000005625	11.8	13
4846525	9913.ENSBTAP00000017739	11.8	2
4857168	9913.ENSBTAP00000054152	11.8	2
4846549	9913.ENSBTAP00000017816	11.8	2
4857167	9913.ENSBTAP00000054151	11.7	12
4853342	9913.ENSBTAP00000041259	11.7	1
4852861	9913.ENSBTAP00000038955	11.7	3
4844661	9913.ENSBTAP00000013112	11.7	12
4848418	9913.ENSBTAP00000022237	11.6	2
4852785	9913.ENSBTAP00000038329	11.6	9
4845866	9913.ENSBTAP00000016111	11.6	12
4839221	9913.ENSBTAP00000000134	11.6	2
4848433	9913.ENSBTAP00000022266	11.5	2
4851882	9913.ENSBTAP00000032642	11.5	2
4844331	9913.ENSBTAP00000012259	11.4	1
4849486	9913.ENSBTAP00000024825	11.4	2
4855872	9913.ENSBTAP00000051372	11.4	76
4857691	9913.ENSBTAP00000054810	11.4	1
4843072	9913.ENSBTAP00000009208	11.4	24
4854108	9913.ENSBTAP00000044075	11.4	1
4842772	9913.ENSBTAP00000008447	11.3	4
4846964	9913.ENSBTAP00000018808	11.3	3
4845158	9913.ENSBTAP00000014388	11.3	32
4839178	9913.ENSBTAP00000000047	11.3	2
4840465	9913.ENSBTAP00000002978	11.3	1
4847310	9913.ENSBTAP00000019643	11.2	1
4848891	9913.ENSBTAP00000023384	11.2	5
4852916	9913.ENSBTAP00000039284	11.2	2
4850034	9913.ENSBTAP00000026109	11.1	2
4840417	9913.ENSBTAP00000002882	11.1	2
4844226	9913.ENSBTAP00000012030	11.1	13
4855931	9913.ENSBTAP00000051595	11.0	44
4848586	9913.ENSBTAP00000022642	11.0	6
4853301	9913.ENSBTAP00000041125	10.9	2
4857892	9913.ENSBTAP00000055067	10.9	23
4855950	9913.ENSBTAP00000051651	10.9	6
4857322	9913.ENSBTAP00000054352	10.9	55
4843529	9913.ENSBTAP00000010318	10.9	5
4858025	9913.ENSBTAP00000055237	10.9	76
4847844	9913.ENSBTAP00000020817	10.9	3
4853221	9913.ENSBTAP00000040820	10.9	4
4846271	9913.ENSBTAP00000017167	10.9	2
4846774	9913.ENSBTAP00000018329	10.8	4
4849983	9913.ENSBTAP00000025989	10.8	1
4844542	9913.ENSBTAP00000012786	10.8	22
4858353	9913.ENSBTAP00000055658	10.8	1
4842128	9913.ENSBTAP00000006947	10.7	4
4840557	9913.ENSBTAP00000003229	10.7	11
4844991	9913.ENSBTAP00000013932	10.7	3
4848142	9913.ENSBTAP00000021570	10.7	10
4843610	9913.ENSBTAP00000010525	10.6	2
4843303	9913.ENSBTAP00000009771	10.6	9
4852059	9913.ENSBTAP00000033805	10.5	9
4844222	9913.ENSBTAP00000012026	10.5	7
4851268	9913.ENSBTAP00000029116	10.4	1
4844919	9913.ENSBTAP00000013719	10.4	3
4847049	9913.ENSBTAP00000019039	10.4	3
4841687	9913.ENSBTAP00000005884	10.3	55
4849556	9913.ENSBTAP00000025026	10.3	1
4855979	9913.ENSBTAP00000051734	10.3	10
4847560	9913.ENSBTAP00000020184	10.3	2
4847524	9913.ENSBTAP00000020108	10.3	3
4853535	9913.ENSBTAP00000041939	10.2	13
4851621	9913.ENSBTAP00000030923	10.2	6
4856046	9913.ENSBTAP00000051926	10.2	53
4841691	9913.ENSBTAP00000005894	10.2	2
4854772	9913.ENSBTAP00000047510	10.2	2
4852747	9913.ENSBTAP00000038073	10.2	53
4848141	9913.ENSBTAP00000021569	10.1	6
4854946	9913.ENSBTAP00000048099	10.1	55
4848913	9913.ENSBTAP00000023455	10.1	1
4846642	9913.ENSBTAP00000017999	10.0	2
4842806	9913.ENSBTAP00000008518	10.0	14
4844087	9913.ENSBTAP00000011678	10.0	5
4849480	9913.ENSBTAP00000024812	10.0	6
4850074	9913.ENSBTAP00000026209	9.98	1
4858276	9913.ENSBTAP00000055563	9.97	1
4858150	9913.ENSBTAP00000055395	9.96	53
4840656	9913.ENSBTAP00000003457	9.96	2
4852121	9913.ENSBTAP00000034180	9.93	2
4842800	9913.ENSBTAP00000008508	9.9	2
4858006	9913.ENSBTAP00000055209	9.89	6
4855557	9913.ENSBTAP00000050222	9.89	6
4839840	9913.ENSBTAP00000001568	9.85	2
4840947	9913.ENSBTAP00000004114	9.75	4
4845974	9913.ENSBTAP00000016410	9.74	2
4843004	9913.ENSBTAP00000009019	9.69	15
4844611	9913.ENSBTAP00000012969	9.69	2
4846948	9913.ENSBTAP00000018777	9.69	2
4849931	9913.ENSBTAP00000025870	9.68	1
4844479	9913.ENSBTAP00000012612	9.68	6
4846037	9913.ENSBTAP00000016590	9.66	7
4858385	9913.ENSBTAP00000055694	9.57	55
4842212	9913.ENSBTAP00000007135	9.51	3
4852803	9913.ENSBTAP00000038468	9.46	7
4844629	9913.ENSBTAP00000013018	9.45	2
4840081	9913.ENSBTAP00000002142	9.42	1
4842193	9913.ENSBTAP00000007086	9.42	2
4845627	9913.ENSBTAP00000015581	9.4	2
4848139	9913.ENSBTAP00000021559	9.38	2
4858077	9913.ENSBTAP00000055302	9.36	1
4853715	9913.ENSBTAP00000042500	9.32	2
4839312	9913.ENSBTAP00000000359	9.31	3
4847859	9913.ENSBTAP00000020859	9.29	1
4844263	9913.ENSBTAP00000012108	9.27	5
4843438	9913.ENSBTAP00000010103	9.25	1
4854111	9913.ENSBTAP00000044080	9.25	25
4842590	9913.ENSBTAP00000008022	9.24	1
4857469	9913.ENSBTAP00000054540	9.22	55
4850447	9913.ENSBTAP00000027104	9.19	5
4841879	9913.ENSBTAP00000006347	9.17	2
4858309	9913.ENSBTAP00000055600	9.16	2
4851675	9913.ENSBTAP00000031255	9.15	3
4851462	9913.ENSBTAP00000029956	9.14	3
4840206	9913.ENSBTAP00000002398	9.13	2
4844666	9913.ENSBTAP00000013123	9.11	3
4847212	9913.ENSBTAP00000019438	9.06	1
4843318	9913.ENSBTAP00000009802	9.06	2
4853283	9913.ENSBTAP00000041048	9.04	7
4850285	9913.ENSBTAP00000026694	9.03	3
4854311	9913.ENSBTAP00000044884	9.02	6
4846976	9913.ENSBTAP00000018840	9.0	3
4849769	9913.ENSBTAP00000025507	8.99	5
4842484	9913.ENSBTAP00000007787	8.98	16
4849187	9913.ENSBTAP00000024122	8.98	2
4840174	9913.ENSBTAP00000002342	8.96	6
4858191	9913.ENSBTAP00000055446	8.95	6
4843903	9913.ENSBTAP00000011242	8.94	2
4855090	9913.ENSBTAP00000048590	8.89	1
4850005	9913.ENSBTAP00000026036	8.89	1
4855325	9913.ENSBTAP00000049380	8.89	12
4841885	9913.ENSBTAP00000006358	8.89	2
4841357	9913.ENSBTAP00000005078	8.86	1
4859133	9913.ENSBTAP00000056632	8.83	4
4846233	9913.ENSBTAP00000017073	8.83	3
4839457	9913.ENSBTAP00000000722	8.82	1
4853371	9913.ENSBTAP00000041335	8.79	6
4849382	9913.ENSBTAP00000024553	8.76	11
4854930	9913.ENSBTAP00000048046	8.76	55
4847943	9913.ENSBTAP00000021075	8.74	1
4847134	9913.ENSBTAP00000019242	8.74	3
4848205	9913.ENSBTAP00000021701	8.68	2
4850438	9913.ENSBTAP00000027078	8.67	5
4844782	9913.ENSBTAP00000013405	8.67	1
4855276	9913.ENSBTAP00000049200	8.66	2
4845680	9913.ENSBTAP00000015703	8.66	4
4844626	9913.ENSBTAP00000013014	8.64	4
4847214	9913.ENSBTAP00000019445	8.63	3
4845906	9913.ENSBTAP00000016216	8.62	2
4847432	9913.ENSBTAP00000019928	8.58	1
4856706	9913.ENSBTAP00000053520	8.56	82
4857245	9913.ENSBTAP00000054254	8.55	1
4847189	9913.ENSBTAP00000019351	8.55	5
4857271	9913.ENSBTAP00000054289	8.51	3
4856407	9913.ENSBTAP00000053019	8.5	8
4851203	9913.ENSBTAP00000028966	8.46	1
4842895	9913.ENSBTAP00000008749	8.45	3
4856622	9913.ENSBTAP00000053402	8.42	4
4848637	9913.ENSBTAP00000022761	8.4	9
4857523	9913.ENSBTAP00000054604	8.38	3
4849803	9913.ENSBTAP00000025588	8.37	3
4840578	9913.ENSBTAP00000003277	8.35	1
4857497	9913.ENSBTAP00000054571	8.35	7
4848718	9913.ENSBTAP00000022936	8.34	1
4845757	9913.ENSBTAP00000015866	8.31	1
4851079	9913.ENSBTAP00000028671	8.31	2
4849018	9913.ENSBTAP00000023689	8.3	1
4839601	9913.ENSBTAP00000001053	8.28	3
4854263	9913.ENSBTAP00000044670	8.28	1
4847121	9913.ENSBTAP00000019214	8.26	2
4841625	9913.ENSBTAP00000005733	8.23	2
4850745	9913.ENSBTAP00000027811	8.18	3
4849354	9913.ENSBTAP00000024487	8.13	4
4846911	9913.ENSBTAP00000018688	8.12	12
4840175	9913.ENSBTAP00000002344	8.05	6
4844239	9913.ENSBTAP00000012054	8.04	3
4840094	9913.ENSBTAP00000002170	8.01	2
4851473	9913.ENSBTAP00000030018	8.01	26
4839773	9913.ENSBTAP00000001426	8.0	5
4842952	9913.ENSBTAP00000008894	7.98	4
4843319	9913.ENSBTAP00000009803	7.87	2
4847598	9913.ENSBTAP00000020266	7.87	2
4847558	9913.ENSBTAP00000020170	7.86	2
4851758	9913.ENSBTAP00000031863	7.85	5
4852143	9913.ENSBTAP00000034331	7.82	1
4850628	9913.ENSBTAP00000027511	7.81	2
4853552	9913.ENSBTAP00000042008	7.8	3
4843886	9913.ENSBTAP00000011202	7.77	1
4839206	9913.ENSBTAP00000000097	7.77	4
4858193	9913.ENSBTAP00000055448	7.77	3
4840660	9913.ENSBTAP00000003467	7.76	3
4845017	9913.ENSBTAP00000013990	7.76	1
4853463	9913.ENSBTAP00000041673	7.74	5
4846004	9913.ENSBTAP00000016505	7.68	2
4850916	9913.ENSBTAP00000028234	7.66	5
4842501	9913.ENSBTAP00000007823	7.58	3
4842049	9913.ENSBTAP00000006754	7.58	4
4841917	9913.ENSBTAP00000006432	7.57	4
4839229	9913.ENSBTAP00000000147	7.57	1
4842408	9913.ENSBTAP00000007616	7.57	1
4848500	9913.ENSBTAP00000022422	7.56	3
4850826	9913.ENSBTAP00000027991	7.55	3
4841078	9913.ENSBTAP00000004398	7.51	4
4855917	9913.ENSBTAP00000051513	7.51	53
4854691	9913.ENSBTAP00000046999	7.51	1
4848722	9913.ENSBTAP00000022949	7.49	1
4854245	9913.ENSBTAP00000044605	7.46	55
4841765	9913.ENSBTAP00000006069	7.45	15
4839378	9913.ENSBTAP00000000527	7.45	1
4847390	9913.ENSBTAP00000019827	7.44	6
4848771	9913.ENSBTAP00000023082	7.43	6
4851728	9913.ENSBTAP00000031665	7.4	3
4851505	9913.ENSBTAP00000030177	7.35	2
4845855	9913.ENSBTAP00000016090	7.34	4
4848022	9913.ENSBTAP00000021272	7.3	2
4853603	9913.ENSBTAP00000042184	7.3	1
4842789	9913.ENSBTAP00000008487	7.29	1
4842306	9913.ENSBTAP00000007367	7.29	1
4853579	9913.ENSBTAP00000042110	7.24	3
4840293	9913.ENSBTAP00000002600	7.23	7
4849161	9913.ENSBTAP00000024051	7.23	3
4847670	9913.ENSBTAP00000020401	7.23	4
4855510	9913.ENSBTAP00000050026	7.2	53
4850202	9913.ENSBTAP00000026501	7.2	1
4846960	9913.ENSBTAP00000018803	7.19	1
4841008	9913.ENSBTAP00000004245	7.14	1
4847320	9913.ENSBTAP00000019662	7.13	2
4841132	9913.ENSBTAP00000004538	7.1	4
4844812	9913.ENSBTAP00000013467	7.08	1
4847962	9913.ENSBTAP00000021129	7.06	3
4840490	9913.ENSBTAP00000003040	7.05	2
4843036	9913.ENSBTAP00000009098	7.02	4
4851128	9913.ENSBTAP00000028783	7.01	5
4854134	9913.ENSBTAP00000044176	7.0	3
4840938	9913.ENSBTAP00000004094	6.99	1
4847571	9913.ENSBTAP00000020206	6.99	3
4846659	9913.ENSBTAP00000018050	6.96	2
4842241	9913.ENSBTAP00000007194	6.94	3
4854170	9913.ENSBTAP00000044312	6.92	2
4856096	9913.ENSBTAP00000052092	6.89	1
4858268	9913.ENSBTAP00000055554	6.88	1
4858192	9913.ENSBTAP00000055447	6.87	1
4842181	9913.ENSBTAP00000007057	6.85	2
4855037	9913.ENSBTAP00000048421	6.85	4
4857671	9913.ENSBTAP00000054785	6.82	2
4841858	9913.ENSBTAP00000006291	6.8	1
4853599	9913.ENSBTAP00000042180	6.79	5
4844253	9913.ENSBTAP00000012088	6.78	5
4847400	9913.ENSBTAP00000019854	6.76	1
4841284	9913.ENSBTAP00000004885	6.76	2
4856965	9913.ENSBTAP00000053899	6.76	8
4855480	9913.ENSBTAP00000049914	6.74	2
4843497	9913.ENSBTAP00000010242	6.72	2
4846839	9913.ENSBTAP00000018501	6.71	1
4855387	9913.ENSBTAP00000049611	6.69	2
4845764	9913.ENSBTAP00000015881	6.69	6
4851259	9913.ENSBTAP00000029090	6.68	2
4856279	9913.ENSBTAP00000052626	6.68	2
4851368	9913.ENSBTAP00000029336	6.66	4
4842761	9913.ENSBTAP00000008424	6.64	2
4848603	9913.ENSBTAP00000022687	6.64	4
4853899	9913.ENSBTAP00000043214	6.58	3
4841916	9913.ENSBTAP00000006430	6.58	7
4855837	9913.ENSBTAP00000051210	6.57	10
4840389	9913.ENSBTAP00000002822	6.57	7
4851983	9913.ENSBTAP00000033317	6.55	53
4841445	9913.ENSBTAP00000005296	6.55	1
4849347	9913.ENSBTAP00000024473	6.51	6
4839746	9913.ENSBTAP00000001373	6.47	15
4839990	9913.ENSBTAP00000001942	6.45	1
4846021	9913.ENSBTAP00000016549	6.44	2
4844105	9913.ENSBTAP00000011714	6.43	4
4843394	9913.ENSBTAP00000009977	6.42	2
4852254	9913.ENSBTAP00000034926	6.4	2
4852461	9913.ENSBTAP00000036271	6.37	2
4855792	9913.ENSBTAP00000051060	6.36	53
4848037	9913.ENSBTAP00000021325	6.33	2
4857096	9913.ENSBTAP00000054061	6.32	23
4857873	9913.ENSBTAP00000055044	6.31	3
4839884	9913.ENSBTAP00000001674	6.31	4
4843774	9913.ENSBTAP00000010912	6.3	1
4849293	9913.ENSBTAP00000024348	6.29	3
4845032	9913.ENSBTAP00000014027	6.27	2
4854008	9913.ENSBTAP00000043654	6.22	2
4854348	9913.ENSBTAP00000045075	6.19	3
4843282	9913.ENSBTAP00000009723	6.18	3
4850685	9913.ENSBTAP00000027666	6.14	1
4852509	9913.ENSBTAP00000036564	6.14	3
4855696	9913.ENSBTAP00000050719	6.13	1
4853124	9913.ENSBTAP00000040521	6.12	2
4856492	9913.ENSBTAP00000053212	6.11	4
4850277	9913.ENSBTAP00000026669	6.09	1
4845198	9913.ENSBTAP00000014511	6.05	1
4851113	9913.ENSBTAP00000028746	6.02	1
4850748	9913.ENSBTAP00000027820	6.01	1
4844470	9913.ENSBTAP00000012592	6.0	2
4849851	9913.ENSBTAP00000025685	5.99	3
4839596	9913.ENSBTAP00000001045	5.95	2
4854410	9913.ENSBTAP00000045456	5.95	3
4848317	9913.ENSBTAP00000022015	5.94	4
4851050	9913.ENSBTAP00000028608	5.93	2
4847845	9913.ENSBTAP00000020818	5.93	2
4842885	9913.ENSBTAP00000008727	5.92	1
4849398	9913.ENSBTAP00000024600	5.91	1
4852826	9913.ENSBTAP00000038681	5.91	2
4853809	9913.ENSBTAP00000042856	5.9	11
4845628	9913.ENSBTAP00000015583	5.89	2
4851218	9913.ENSBTAP00000029007	5.87	1
4842721	9913.ENSBTAP00000008336	5.86	2
4845279	9913.ENSBTAP00000014699	5.81	2
4852372	9913.ENSBTAP00000035657	5.81	2
4843292	9913.ENSBTAP00000009747	5.78	1
4850652	9913.ENSBTAP00000027570	5.76	2
4849583	9913.ENSBTAP00000025094	5.76	2
4848241	9913.ENSBTAP00000021785	5.75	6
4841572	9913.ENSBTAP00000005606	5.74	4
4841045	9913.ENSBTAP00000004332	5.73	1
4856113	9913.ENSBTAP00000052124	5.71	3
4842830	9913.ENSBTAP00000008604	5.71	3
4848183	9913.ENSBTAP00000021647	5.69	3
4839549	9913.ENSBTAP00000000935	5.67	1
4854056	9913.ENSBTAP00000043851	5.67	2
4853406	9913.ENSBTAP00000041467	5.66	2
4854316	9913.ENSBTAP00000044924	5.65	55
4850845	9913.ENSBTAP00000028048	5.63	2
4846683	9913.ENSBTAP00000018109	5.61	1
4854513	9913.ENSBTAP00000045984	5.6	2
4841230	9913.ENSBTAP00000004752	5.59	1
4839780	9913.ENSBTAP00000001439	5.55	1
4846541	9913.ENSBTAP00000017783	5.52	6
4849145	9913.ENSBTAP00000024015	5.51	1
4845779	9913.ENSBTAP00000015911	5.51	3
4856671	9913.ENSBTAP00000053480	5.51	2
4841775	9913.ENSBTAP00000006094	5.49	1
4844297	9913.ENSBTAP00000012182	5.48	2
4839204	9913.ENSBTAP00000000094	5.46	4
4851196	9913.ENSBTAP00000028955	5.44	1
4852042	9913.ENSBTAP00000033723	5.43	3
4845849	9913.ENSBTAP00000016073	5.43	2
4847869	9913.ENSBTAP00000020878	5.43	2
4857677	9913.ENSBTAP00000054792	5.42	53
4845727	9913.ENSBTAP00000015790	5.41	1
4844518	9913.ENSBTAP00000012724	5.37	1
4854577	9913.ENSBTAP00000046313	5.35	2
4852282	9913.ENSBTAP00000035103	5.35	1
4853645	9913.ENSBTAP00000042312	5.35	1
4843482	9913.ENSBTAP00000010206	5.35	1
4850757	9913.ENSBTAP00000027845	5.34	1
4855655	9913.ENSBTAP00000050572	5.34	4
4851328	9913.ENSBTAP00000029256	5.34	1
4857203	9913.ENSBTAP00000054195	5.34	1
4855001	9913.ENSBTAP00000048299	5.34	1
4853737	9913.ENSBTAP00000042572	5.33	1
4841984	9913.ENSBTAP00000006586	5.32	1
4840444	9913.ENSBTAP00000002938	5.3	1
4856159	9913.ENSBTAP00000052260	5.29	10
4852584	9913.ENSBTAP00000037071	5.28	2
4841997	9913.ENSBTAP00000006613	5.28	1
4856009	9913.ENSBTAP00000051820	5.27	2
4855992	9913.ENSBTAP00000051774	5.25	2
4839844	9913.ENSBTAP00000001575	5.25	2
4854756	9913.ENSBTAP00000047423	5.24	3
4850037	9913.ENSBTAP00000026116	5.23	1
4848719	9913.ENSBTAP00000022939	5.22	4
4858476	9913.ENSBTAP00000055818	5.19	23
4842662	9913.ENSBTAP00000008186	5.19	2
4851689	9913.ENSBTAP00000031396	5.19	1
4840553	9913.ENSBTAP00000003219	5.18	3
4848694	9913.ENSBTAP00000022877	5.15	1
4852341	9913.ENSBTAP00000035453	5.13	2
4844288	9913.ENSBTAP00000012161	5.11	2
4839400	9913.ENSBTAP00000000573	5.09	2
4846203	9913.ENSBTAP00000016997	5.09	1
4848280	9913.ENSBTAP00000021896	5.09	3
4854958	9913.ENSBTAP00000048143	5.09	6
4845998	9913.ENSBTAP00000016495	5.04	3
4848805	9913.ENSBTAP00000023164	5.04	1
4849977	9913.ENSBTAP00000025974	5.03	2
4843540	9913.ENSBTAP00000010348	5.01	1
4842271	9913.ENSBTAP00000007277	4.97	1
4852693	9913.ENSBTAP00000037777	4.97	3
4848894	9913.ENSBTAP00000023395	4.96	1
4846170	9913.ENSBTAP00000016940	4.94	1
4857043	9913.ENSBTAP00000053994	4.93	4
4851307	9913.ENSBTAP00000029211	4.93	1
4855766	9913.ENSBTAP00000050975	4.9	1
4841235	9913.ENSBTAP00000004763	4.89	1
4842032	9913.ENSBTAP00000006703	4.89	1
4844254	9913.ENSBTAP00000012090	4.89	1
4854849	9913.ENSBTAP00000047776	4.88	1
4850218	9913.ENSBTAP00000026535	4.88	1
4847427	9913.ENSBTAP00000019916	4.88	2
4845444	9913.ENSBTAP00000015136	4.87	1
4843242	9913.ENSBTAP00000009636	4.84	1
4858323	9913.ENSBTAP00000055621	4.84	1
4846352	9913.ENSBTAP00000017339	4.82	2
4851412	9913.ENSBTAP00000029554	4.8	3
4854964	9913.ENSBTAP00000048159	4.77	1
4852119	9913.ENSBTAP00000034172	4.77	1
4858933	9913.ENSBTAP00000056381	4.77	1
4857033	9913.ENSBTAP00000053982	4.77	1
4849836	9913.ENSBTAP00000025659	4.75	1
4845339	9913.ENSBTAP00000014853	4.75	1
4849982	9913.ENSBTAP00000025985	4.74	3
4850413	9913.ENSBTAP00000027023	4.73	4
4851834	9913.ENSBTAP00000032338	4.71	1
4848020	9913.ENSBTAP00000021267	4.69	2
4840494	9913.ENSBTAP00000003058	4.67	2
4849651	9913.ENSBTAP00000025246	4.65	1
4841940	9913.ENSBTAP00000006486	4.65	1
4858293	9913.ENSBTAP00000055583	4.64	2
4839716	9913.ENSBTAP00000001309	4.63	1
4853332	9913.ENSBTAP00000041235	4.62	1
4845039	9913.ENSBTAP00000014037	4.62	15
4840210	9913.ENSBTAP00000002408	4.61	2
4839630	9913.ENSBTAP00000001113	4.6	2
4840777	9913.ENSBTAP00000003732	4.59	1
4849850	9913.ENSBTAP00000025683	4.59	1
4847234	9913.ENSBTAP00000019496	4.57	1
4844256	9913.ENSBTAP00000012094	4.56	2
4857447	9913.ENSBTAP00000054511	4.55	1
4848277	9913.ENSBTAP00000021893	4.54	5
4845982	9913.ENSBTAP00000016432	4.53	3
4854663	9913.ENSBTAP00000046840	4.5	1
4849436	9913.ENSBTAP00000024699	4.49	1
4840519	9913.ENSBTAP00000003145	4.49	1
4858619	9913.ENSBTAP00000055998	4.48	3
4845379	9913.ENSBTAP00000014951	4.46	5
4853623	9913.ENSBTAP00000042253	4.46	4
4844958	9913.ENSBTAP00000013841	4.45	1
4857019	9913.ENSBTAP00000053967	4.44	1
4856982	9913.ENSBTAP00000053922	4.43	2
4852371	9913.ENSBTAP00000035656	4.42	1
4843093	9913.ENSBTAP00000009272	4.41	4
4842121	9913.ENSBTAP00000006924	4.41	5
4853067	9913.ENSBTAP00000040253	4.4	3
4846471	9913.ENSBTAP00000017607	4.38	1
4846249	9913.ENSBTAP00000017106	4.37	1
4847728	9913.ENSBTAP00000020559	4.36	2
4846120	9913.ENSBTAP00000016832	4.36	5
4850362	9913.ENSBTAP00000026871	4.36	1
4841452	9913.ENSBTAP00000005324	4.35	1
4858500	9913.ENSBTAP00000055845	4.31	2
4846972	9913.ENSBTAP00000018822	4.31	1
4857760	9913.ENSBTAP00000054890	4.31	3
4857645	9913.ENSBTAP00000054753	4.31	3
4844383	9913.ENSBTAP00000012396	4.3	2
4848744	9913.ENSBTAP00000023001	4.27	2
4848494	9913.ENSBTAP00000022412	4.26	6
4854560	9913.ENSBTAP00000046226	4.25	23
4849365	9913.ENSBTAP00000024514	4.24	5
4849609	9913.ENSBTAP00000025152	4.23	2
4839545	9913.ENSBTAP00000000927	4.22	1
4850967	9913.ENSBTAP00000028364	4.22	1
4854741	9913.ENSBTAP00000047307	4.21	1
4839734	9913.ENSBTAP00000001346	4.2	3
4852450	9913.ENSBTAP00000036224	4.19	2
4851424	9913.ENSBTAP00000029667	4.19	1
4844584	9913.ENSBTAP00000012897	4.17	2
4848987	9913.ENSBTAP00000023622	4.17	3
4844214	9913.ENSBTAP00000012002	4.16	2
4851618	9913.ENSBTAP00000030898	4.14	2
4845529	9913.ENSBTAP00000015339	4.14	2
4852137	9913.ENSBTAP00000034278	4.14	3
4843363	9913.ENSBTAP00000009904	4.13	2
4840780	9913.ENSBTAP00000003743	4.11	1
4842862	9913.ENSBTAP00000008670	4.11	2
4840600	9913.ENSBTAP00000003333	4.1	2
4839777	9913.ENSBTAP00000001432	4.09	3
4844508	9913.ENSBTAP00000012701	4.09	1
4843261	9913.ENSBTAP00000009687	4.09	1
4843224	9913.ENSBTAP00000009599	4.08	2
4855659	9913.ENSBTAP00000050581	4.08	2
4847352	9913.ENSBTAP00000019747	4.07	1
4851998	9913.ENSBTAP00000033405	4.07	1
4856218	9913.ENSBTAP00000052439	4.06	2
4842767	9913.ENSBTAP00000008434	4.05	3
4855203	9913.ENSBTAP00000048973	4.04	2
4849430	9913.ENSBTAP00000024683	4.04	4
4849168	9913.ENSBTAP00000024072	4.01	1
4847736	9913.ENSBTAP00000020580	4.01	1
4847806	9913.ENSBTAP00000020731	3.99	2
4851657	9913.ENSBTAP00000031119	3.99	2
4851380	9913.ENSBTAP00000029374	3.97	1
4843902	9913.ENSBTAP00000011240	3.96	1
4849876	9913.ENSBTAP00000025744	3.94	2
4851376	9913.ENSBTAP00000029362	3.94	2
4854192	9913.ENSBTAP00000044384	3.93	6
4853312	9913.ENSBTAP00000041167	3.9	2
4847181	9913.ENSBTAP00000019338	3.9	3
4842331	9913.ENSBTAP00000007438	3.88	1
4853967	9913.ENSBTAP00000043475	3.87	1
4842866	9913.ENSBTAP00000008678	3.86	1
4839854	9913.ENSBTAP00000001597	3.86	1
4854894	9913.ENSBTAP00000047927	3.84	3
4850157	9913.ENSBTAP00000026393	3.82	3
4842617	9913.ENSBTAP00000008081	3.81	1
4856467	9913.ENSBTAP00000053182	3.81	2
4845535	9913.ENSBTAP00000015353	3.81	1
4851878	9913.ENSBTAP00000032603	3.81	1
4855324	9913.ENSBTAP00000049378	3.79	1
4849494	9913.ENSBTAP00000024854	3.79	1
4839809	9913.ENSBTAP00000001503	3.78	1
4847359	9913.ENSBTAP00000019758	3.77	1
4847098	9913.ENSBTAP00000019149	3.76	2
4844604	9913.ENSBTAP00000012949	3.75	2
4849734	9913.ENSBTAP00000025437	3.73	1
4857870	9913.ENSBTAP00000055037	3.73	1
4840447	9913.ENSBTAP00000002948	3.73	1
4854880	9913.ENSBTAP00000047890	3.73	1
4846724	9913.ENSBTAP00000018202	3.73	5
4853818	9913.ENSBTAP00000042875	3.73	1
4842239	9913.ENSBTAP00000007189	3.73	1
4850095	9913.ENSBTAP00000026261	3.7	2
4847532	9913.ENSBTAP00000020121	3.7	1
4852026	9913.ENSBTAP00000033613	3.69	1
4850282	9913.ENSBTAP00000026686	3.68	2
4845995	9913.ENSBTAP00000016480	3.68	1
4844586	9913.ENSBTAP00000012905	3.68	1
4841142	9913.ENSBTAP00000004559	3.67	1
4853925	9913.ENSBTAP00000043333	3.64	1
4844719	9913.ENSBTAP00000013230	3.63	5
4841603	9913.ENSBTAP00000005677	3.6	2
4846994	9913.ENSBTAP00000018886	3.6	2
4844605	9913.ENSBTAP00000012955	3.56	1
4842258	9913.ENSBTAP00000007231	3.56	1
4839439	9913.ENSBTAP00000000677	3.55	8
4853954	9913.ENSBTAP00000043445	3.53	3
4848869	9913.ENSBTAP00000023326	3.52	15
4853206	9913.ENSBTAP00000040769	3.51	3
4852840	9913.ENSBTAP00000038763	3.49	3
4858996	9913.ENSBTAP00000056456	3.49	1
4846993	9913.ENSBTAP00000018878	3.49	1
4850193	9913.ENSBTAP00000026482	3.47	2
4851518	9913.ENSBTAP00000030260	3.47	1
4846244	9913.ENSBTAP00000017097	3.46	1
4845814	9913.ENSBTAP00000015994	3.46	1
4851790	9913.ENSBTAP00000032105	3.44	3
4849912	9913.ENSBTAP00000025832	3.44	4
4839874	9913.ENSBTAP00000001650	3.41	1
4839904	9913.ENSBTAP00000001723	3.39	8
4846863	9913.ENSBTAP00000018574	3.39	1
4848952	9913.ENSBTAP00000023541	3.38	2
4844999	9913.ENSBTAP00000013951	3.37	13
4843588	9913.ENSBTAP00000010466	3.37	1
4847395	9913.ENSBTAP00000019842	3.36	1
4844042	9913.ENSBTAP00000011569	3.35	9
4851110	9913.ENSBTAP00000028740	3.35	2
4848882	9913.ENSBTAP00000023364	3.32	6
4851774	9913.ENSBTAP00000032002	3.31	1
4841685	9913.ENSBTAP00000005874	3.31	1
4840445	9913.ENSBTAP00000002944	3.3	10
4848408	9913.ENSBTAP00000022213	3.29	1
4840461	9913.ENSBTAP00000002972	3.28	3
4855822	9913.ENSBTAP00000051164	3.27	1
4857721	9913.ENSBTAP00000054847	3.27	1
4841473	9913.ENSBTAP00000005370	3.26	3
4848806	9913.ENSBTAP00000023165	3.26	2
4845041	9913.ENSBTAP00000014039	3.24	3
4847593	9913.ENSBTAP00000020259	3.23	3
4848709	9913.ENSBTAP00000022911	3.23	5
4854113	9913.ENSBTAP00000044089	3.23	1
4844153	9913.ENSBTAP00000011834	3.22	1
4845839	9913.ENSBTAP00000016040	3.22	2
4845891	9913.ENSBTAP00000016177	3.21	1
4847060	9913.ENSBTAP00000019064	3.21	1
4858124	9913.ENSBTAP00000055364	3.2	1
4851054	9913.ENSBTAP00000028617	3.2	3
4847228	9913.ENSBTAP00000019475	3.18	2
4852697	9913.ENSBTAP00000037803	3.17	1
4839294	9913.ENSBTAP00000000323	3.16	5
4839585	9913.ENSBTAP00000001013	3.15	1
4844734	9913.ENSBTAP00000013271	3.14	2
4852842	9913.ENSBTAP00000038769	3.14	6
4845121	9913.ENSBTAP00000014273	3.13	3
4857073	9913.ENSBTAP00000054034	3.12	6
4846740	9913.ENSBTAP00000018242	3.11	1
4840318	9913.ENSBTAP00000002650	3.1	1
4848124	9913.ENSBTAP00000021519	3.09	7
4842825	9913.ENSBTAP00000008593	3.09	2
4851615	9913.ENSBTAP00000030886	3.09	1
4858049	9913.ENSBTAP00000055266	3.07	1
4840636	9913.ENSBTAP00000003415	3.05	1
4845090	9913.ENSBTAP00000014167	3.05	3
4845047	9913.ENSBTAP00000014050	3.05	2
4840179	9913.ENSBTAP00000002350	3.04	2
4844271	9913.ENSBTAP00000012121	3.04	1
4839845	9913.ENSBTAP00000001576	3.03	4
4847696	9913.ENSBTAP00000020456	3.03	1
4840732	9913.ENSBTAP00000003616	2.99	2
4848297	9913.ENSBTAP00000021952	2.99	1
4846684	9913.ENSBTAP00000018110	2.97	1
4854902	9913.ENSBTAP00000047947	2.97	2
4853853	9913.ENSBTAP00000043007	2.94	1
4846240	9913.ENSBTAP00000017090	2.93	1
4841653	9913.ENSBTAP00000005789	2.93	1
4851658	9913.ENSBTAP00000031125	2.92	4
4848457	9913.ENSBTAP00000022319	2.92	2
4857555	9913.ENSBTAP00000054646	2.91	1
4847913	9913.ENSBTAP00000020985	2.91	1
4846751	9913.ENSBTAP00000018269	2.9	3
4848688	9913.ENSBTAP00000022858	2.9	3
4843543	9913.ENSBTAP00000010356	2.89	1
4841215	9913.ENSBTAP00000004721	2.87	1
4848313	9913.ENSBTAP00000022005	2.87	3
4847246	9913.ENSBTAP00000019518	2.86	4
4853583	9913.ENSBTAP00000042130	2.86	9
4845664	9913.ENSBTAP00000015669	2.86	1
4844981	9913.ENSBTAP00000013898	2.85	3
4840651	9913.ENSBTAP00000003441	2.84	1
4852847	9913.ENSBTAP00000038807	2.78	2
4841183	9913.ENSBTAP00000004644	2.77	2
4856741	9913.ENSBTAP00000053578	2.73	3
4848642	9913.ENSBTAP00000022768	2.72	2
4857044	9913.ENSBTAP00000053996	2.71	1
4846971	9913.ENSBTAP00000018818	2.71	1
4847801	9913.ENSBTAP00000020716	2.7	1
4843579	9913.ENSBTAP00000010444	2.68	1
4844803	9913.ENSBTAP00000013448	2.66	1
4846988	9913.ENSBTAP00000018869	2.65	1
4854504	9913.ENSBTAP00000045951	2.64	1
4852571	9913.ENSBTAP00000037030	2.63	1
4841787	9913.ENSBTAP00000006116	2.62	1
4856844	9913.ENSBTAP00000053727	2.62	5
4840448	9913.ENSBTAP00000002951	2.62	1
4855370	9913.ENSBTAP00000049552	2.59	3
4841184	9913.ENSBTAP00000004645	2.59	2
4843710	9913.ENSBTAP00000010730	2.59	2
4845902	9913.ENSBTAP00000016204	2.58	3
4855741	9913.ENSBTAP00000050880	2.58	1
4850158	9913.ENSBTAP00000026395	2.57	1
4848178	9913.ENSBTAP00000021641	2.56	1
4841952	9913.ENSBTAP00000006510	2.56	1
4847161	9913.ENSBTAP00000019298	2.55	1
4848998	9913.ENSBTAP00000023649	2.55	1
4851004	9913.ENSBTAP00000028494	2.55	1
4847083	9913.ENSBTAP00000019121	2.55	2
4850888	9913.ENSBTAP00000028152	2.55	1
4854882	9913.ENSBTAP00000047900	2.55	1
4839184	9913.ENSBTAP00000000063	2.54	3
4847143	9913.ENSBTAP00000019264	2.54	9
4847561	9913.ENSBTAP00000020185	2.53	4
4844947	9913.ENSBTAP00000013799	2.53	1
4852006	9913.ENSBTAP00000033452	2.52	1
4854203	9913.ENSBTAP00000044462	2.51	1
4852384	9913.ENSBTAP00000035741	2.49	3
4849626	9913.ENSBTAP00000025179	2.49	1
4844642	9913.ENSBTAP00000013075	2.46	1
4840813	9913.ENSBTAP00000003815	2.45	1
4842706	9913.ENSBTAP00000008298	2.45	5
4844113	9913.ENSBTAP00000011734	2.45	2
4844740	9913.ENSBTAP00000013288	2.43	1
4849719	9913.ENSBTAP00000025405	2.43	1
4848698	9913.ENSBTAP00000022881	2.43	1
4839850	9913.ENSBTAP00000001588	2.41	2
4853136	9913.ENSBTAP00000040572	2.41	1
4845811	9913.ENSBTAP00000015991	2.41	1
4846444	9913.ENSBTAP00000017563	2.39	4
4842318	9913.ENSBTAP00000007404	2.38	1
4847465	9913.ENSBTAP00000020003	2.38	2
4853333	9913.ENSBTAP00000041236	2.36	1
4844855	9913.ENSBTAP00000013600	2.35	1
4842041	9913.ENSBTAP00000006728	2.35	1
4858695	9913.ENSBTAP00000056091	2.33	1
4850463	9913.ENSBTAP00000027139	2.33	1
4841295	9913.ENSBTAP00000004913	2.33	1
4852178	9913.ENSBTAP00000034522	2.33	2
4840151	9913.ENSBTAP00000002300	2.32	2
4855433	9913.ENSBTAP00000049745	2.29	1
4843599	9913.ENSBTAP00000010491	2.29	2
4841352	9913.ENSBTAP00000005068	2.29	1
4846614	9913.ENSBTAP00000017936	2.28	3
4855489	9913.ENSBTAP00000049952	2.28	1
4845013	9913.ENSBTAP00000013985	2.28	1
4856929	9913.ENSBTAP00000053848	2.28	1
4846230	9913.ENSBTAP00000017069	2.27	1
4846745	9913.ENSBTAP00000018252	2.26	1
4846505	9913.ENSBTAP00000017685	2.26	1
4853369	9913.ENSBTAP00000041333	2.25	2
4852845	9913.ENSBTAP00000038799	2.23	8
4853707	9913.ENSBTAP00000042481	2.22	1
4845368	9913.ENSBTAP00000014926	2.22	2
4847829	9913.ENSBTAP00000020785	2.21	3
4853076	9913.ENSBTAP00000040298	2.21	5
4858362	9913.ENSBTAP00000055669	2.2	1
4851228	9913.ENSBTAP00000029026	2.2	1
4849569	9913.ENSBTAP00000025055	2.19	2
4841373	9913.ENSBTAP00000005119	2.18	1
4844589	9913.ENSBTAP00000012910	2.18	1
4845591	9913.ENSBTAP00000015473	2.15	1
4843305	9913.ENSBTAP00000009775	2.14	1
4839830	9913.ENSBTAP00000001547	2.13	1
4842558	9913.ENSBTAP00000007950	2.13	1
4851027	9913.ENSBTAP00000028559	2.12	1
4854535	9913.ENSBTAP00000046086	2.12	1
4840975	9913.ENSBTAP00000004181	2.12	1
4848397	9913.ENSBTAP00000022185	2.12	4
4847852	9913.ENSBTAP00000020833	2.11	4
4846566	9913.ENSBTAP00000017848	2.11	1
4844665	9913.ENSBTAP00000013121	2.11	2
4856077	9913.ENSBTAP00000052019	2.09	3
4850650	9913.ENSBTAP00000027556	2.09	1
4856491	9913.ENSBTAP00000053211	2.09	1
4847294	9913.ENSBTAP00000019607	2.08	1
4843180	9913.ENSBTAP00000009477	2.08	1
4847397	9913.ENSBTAP00000019848	2.04	3
4839899	9913.ENSBTAP00000001710	2.02	1
4844811	9913.ENSBTAP00000013466	2.02	1
4855329	9913.ENSBTAP00000049387	2.02	4
4848908	9913.ENSBTAP00000023441	2.01	1
4849748	9913.ENSBTAP00000025469	2.01	1
4853121	9913.ENSBTAP00000040497	2.01	1
4850345	9913.ENSBTAP00000026836	2.0	1
4856720	9913.ENSBTAP00000053540	2.0	1
4851304	9913.ENSBTAP00000029203	1.99	1
4840324	9913.ENSBTAP00000002658	1.99	1
4848876	9913.ENSBTAP00000023347	1.99	1
4850569	9913.ENSBTAP00000027375	1.98	1
4840084	9913.ENSBTAP00000002151	1.98	1
4841449	9913.ENSBTAP00000005311	1.97	1
4855755	9913.ENSBTAP00000050917	1.97	1
4842535	9913.ENSBTAP00000007904	1.96	1
4847372	9913.ENSBTAP00000019786	1.96	1
4848704	9913.ENSBTAP00000022902	1.93	2
4842605	9913.ENSBTAP00000008060	1.9	3
4842115	9913.ENSBTAP00000006902	1.88	2
4848803	9913.ENSBTAP00000023162	1.87	1
4856869	9913.ENSBTAP00000053760	1.87	1
4848728	9913.ENSBTAP00000022964	1.86	1
4843432	9913.ENSBTAP00000010081	1.82	1
4854409	9913.ENSBTAP00000045455	1.8	2
4844751	9913.ENSBTAP00000013320	1.8	2
4852436	9913.ENSBTAP00000036091	1.78	1
4843802	9913.ENSBTAP00000010988	1.76	1
4850544	9913.ENSBTAP00000027332	1.75	3
4849111	9913.ENSBTAP00000023927	1.72	9
4848630	9913.ENSBTAP00000022744	1.72	4
4852598	9913.ENSBTAP00000037175	1.71	1
4844139	9913.ENSBTAP00000011795	1.7	3
4848667	9913.ENSBTAP00000022815	1.69	1
4844548	9913.ENSBTAP00000012807	1.68	9
4843771	9913.ENSBTAP00000010906	1.68	1
4840664	9913.ENSBTAP00000003472	1.67	1
4844063	9913.ENSBTAP00000011612	1.67	2
4852003	9913.ENSBTAP00000033435	1.66	1
4855422	9913.ENSBTAP00000049717	1.66	1
4843103	9913.ENSBTAP00000009299	1.65	2
4839412	9913.ENSBTAP00000000596	1.63	1
4846330	9913.ENSBTAP00000017298	1.62	1
4841084	9913.ENSBTAP00000004408	1.62	1
4853051	9913.ENSBTAP00000040198	1.6	1
4850323	9913.ENSBTAP00000026786	1.59	1
4846719	9913.ENSBTAP00000018185	1.59	9
4858561	9913.ENSBTAP00000055925	1.59	1
4847037	9913.ENSBTAP00000018997	1.58	1
4851883	9913.ENSBTAP00000032645	1.57	1
4851961	9913.ENSBTAP00000033188	1.57	7
4853856	9913.ENSBTAP00000043043	1.57	1
4850312	9913.ENSBTAP00000026762	1.56	1
4845547	9913.ENSBTAP00000015385	1.55	1
4853036	9913.ENSBTAP00000040129	1.55	6
4841426	9913.ENSBTAP00000005240	1.54	1
4841671	9913.ENSBTAP00000005832	1.53	2
4840776	9913.ENSBTAP00000003728	1.52	1
4847973	9913.ENSBTAP00000021161	1.52	1
4850554	9913.ENSBTAP00000027346	1.51	1
4845411	9913.ENSBTAP00000015049	1.51	1
4842870	9913.ENSBTAP00000008683	1.51	1
4844943	9913.ENSBTAP00000013791	1.51	3
4844804	9913.ENSBTAP00000013449	1.5	1
4845127	9913.ENSBTAP00000014281	1.49	1
4849474	9913.ENSBTAP00000024799	1.46	1
4842343	9913.ENSBTAP00000007465	1.46	1
4855331	9913.ENSBTAP00000049395	1.4	1
4846649	9913.ENSBTAP00000018026	1.39	1
4854937	9913.ENSBTAP00000048068	1.39	2
4840121	9913.ENSBTAP00000002240	1.37	1
4848122	9913.ENSBTAP00000021517	1.37	1
4844657	9913.ENSBTAP00000013107	1.36	8
4852753	9913.ENSBTAP00000038110	1.36	1
4855733	9913.ENSBTAP00000050842	1.32	2
4846116	9913.ENSBTAP00000016813	1.32	1
4843880	9913.ENSBTAP00000011175	1.31	1
4843360	9913.ENSBTAP00000009896	1.3	1
4841991	9913.ENSBTAP00000006600	1.27	1
4852633	9913.ENSBTAP00000037356	1.26	2
4850228	9913.ENSBTAP00000026553	1.23	1
4849501	9913.ENSBTAP00000024875	1.21	1
4852329	9913.ENSBTAP00000035361	1.18	2
4847431	9913.ENSBTAP00000019927	1.17	1
4842295	9913.ENSBTAP00000007339	1.17	1
4847880	9913.ENSBTAP00000020897	1.16	1
4852326	9913.ENSBTAP00000035354	1.15	2
4853656	9913.ENSBTAP00000042343	1.14	1
4848801	9913.ENSBTAP00000023156	1.11	7
4846119	9913.ENSBTAP00000016830	1.1	1
4846442	9913.ENSBTAP00000017556	1.08	4
4844178	9913.ENSBTAP00000011906	1.03	1
4850335	9913.ENSBTAP00000026816	1.01	1
4848119	9913.ENSBTAP00000021512	1.01	1
4857013	9913.ENSBTAP00000053961	1.0	1
4850877	9913.ENSBTAP00000028125	1.0	1
4849110	9913.ENSBTAP00000023926	0.998	2
4853988	9913.ENSBTAP00000043570	0.985	1
4857585	9913.ENSBTAP00000054682	0.958	1
4852818	9913.ENSBTAP00000038633	0.952	1
4844114	9913.ENSBTAP00000011735	0.951	2
4842226	9913.ENSBTAP00000007163	0.929	1
4853991	9913.ENSBTAP00000043577	0.91	1
4845496	9913.ENSBTAP00000015264	0.908	3
4856707	9913.ENSBTAP00000053521	0.902	4
4843322	9913.ENSBTAP00000009810	0.895	1
4843559	9913.ENSBTAP00000010393	0.887	3
4857937	9913.ENSBTAP00000055125	0.885	1
4843558	9913.ENSBTAP00000010391	0.866	3
4848514	9913.ENSBTAP00000022470	0.86	2
4853573	9913.ENSBTAP00000042081	0.851	1
4848841	9913.ENSBTAP00000023242	0.843	1
4839471	9913.ENSBTAP00000000746	0.831	7
4847336	9913.ENSBTAP00000019703	0.809	1
4847296	9913.ENSBTAP00000019612	0.807	1
4853035	9913.ENSBTAP00000040120	0.804	3
4839466	9913.ENSBTAP00000000738	0.791	1
4839741	9913.ENSBTAP00000001360	0.777	2
4854540	9913.ENSBTAP00000046113	0.736	2
4844081	9913.ENSBTAP00000011669	0.724	1
4853025	9913.ENSBTAP00000040049	0.721	3
4848361	9913.ENSBTAP00000022103	0.721	1
4850717	9913.ENSBTAP00000027749	0.706	7
4857756	9913.ENSBTAP00000054886	0.694	2
4850299	9913.ENSBTAP00000026725	0.682	2
4852777	9913.ENSBTAP00000038284	0.68	4
4839636	9913.ENSBTAP00000001130	0.67	1
4853163	9913.ENSBTAP00000040659	0.656	7
4854814	9913.ENSBTAP00000047648	0.643	1
4856332	9913.ENSBTAP00000052791	0.642	1
4841506	9913.ENSBTAP00000005452	0.64	1
4845815	9913.ENSBTAP00000015995	0.62	1
4847649	9913.ENSBTAP00000020360	0.614	3
4851945	9913.ENSBTAP00000033077	0.583	1
4845889	9913.ENSBTAP00000016173	0.569	3
4854828	9913.ENSBTAP00000047685	0.557	1
4841922	9913.ENSBTAP00000006440	0.549	7
4843357	9913.ENSBTAP00000009890	0.547	3
4850765	9913.ENSBTAP00000027861	0.544	3
4856736	9913.ENSBTAP00000053569	0.541	1
4853828	9913.ENSBTAP00000042908	0.512	1
4840221	9913.ENSBTAP00000002436	0.509	3
4853179	9913.ENSBTAP00000040702	0.497	1
4841724	9913.ENSBTAP00000005988	0.486	2
4844524	9913.ENSBTAP00000012740	0.465	1
4852118	9913.ENSBTAP00000034171	0.362	5
4849188	9913.ENSBTAP00000024127	0.355	1
4848788	9913.ENSBTAP00000023111	0.353	2
4850987	9913.ENSBTAP00000028441	0.339	1
4852774	9913.ENSBTAP00000038270	0.33	1
4846767	9913.ENSBTAP00000018307	0.27	1
4852392	9913.ENSBTAP00000035774	0.263	1
4852775	9913.ENSBTAP00000038271	0.259	1
4856626	9913.ENSBTAP00000053409	0.255	3
4839373	9913.ENSBTAP00000000515	0.245	1
4842936	9913.ENSBTAP00000008857	0.24	1
4843148	9913.ENSBTAP00000009403	0.229	1
4854050	9913.ENSBTAP00000043824	0.203	1
4843500	9913.ENSBTAP00000010255	0.184	1
4852772	9913.ENSBTAP00000038264	0.089	1
4856803	9913.ENSBTAP00000053669	0.024	1
