NOG00001	11140700	15926165	16163045
NOG00002	11142103	15926263	16162780
NOG00003	11140693	15926142	16162645
NOG00004	15927012	16161863
NOG00005	11140686	16162492
NOG00007	11140702	15927371	16163047
NOG00008	11142219	15927321	16162307
NOG00009	11142179	15926947	16161946
NOG00010	11141255	15926361	16162823
NOG00011	11140433	15926750	16162746
NOG00012	16162837
NOG00013	16163551
NOG00014	11140818	16162119
NOG00015	11141062	11142071	11142291	15926890	16161301
NOG00016	11142093	15926139	16161565
NOG00017	11141575	15926636	16161511
NOG00018	11140562	16163482
NOG00019	11142410	15926479	16161445
NOG00020	11140936	15926358	16163270
NOG00021	11141696	15926316	16162472
NOG00022	11141304	15927792	16162003
NOG00023	11141719	15926728	16163158
NOG00024	11141944	15926405	16161342
NOG00025	16163258
NOG00026	11141673	15927506	16162022
NOG00027	11141403	11142687	16161914
NOG00028	11142332	15926462	16163169
NOG00029	11142517	15925991	16161363
NOG00030	11141343	15927330	16162244
NOG00031	15927800	16162839
NOG00032	15926899	16162675
NOG00033	11142026	16162769
NOG00034	11141659	16162141
NOG00035	11140421	15926619	16162757
NOG00036	11142092	15926420	16162151
NOG00037	11141482	15927385	16161937
NOG00038	11140676	15926630	16161827
NOG00039	11142692	15926715	16162039
NOG00040	11142401	15927236	16162098
NOG00041	11141576	15926635	16161510
NOG00042	11140795	15927107	16162781
NOG00043	11142278	15926327	16161578
NOG00044	11140469	16162536
NOG00045	11140725	16161535
NOG00046	11140464	11140807	16161396	16162764
NOG00047	11142143	16163499	16163680
NOG00048	11142492	15926767	16163606
NOG00049	11140860	11141303	15926129	16161954
NOG00050	11142526	16163297
NOG00051	11142293	15927405	16163296
NOG00052	11142551	15926623	16162455
NOG00053	11142625	15927354	16161310
NOG00054	11140841	15926077	16163326
NOG00055	11140336	16162210
NOG00056	11142531	15927378	16162061	16163263
NOG00057	11141587	15926724	16161871
NOG00058	11141642	11141643	15927091	16161992
NOG00059	11141542	15927517	16162488
NOG00060	11140803	15926487	16161494
NOG00061	11141259	16162824
NOG00062	11140570	16161438
NOG00063	11142182	15926950	16161943
NOG00064	11141157	15927618	16162496
NOG00065	11140750	16162360
NOG00066	11141245	15927284	16163564
NOG00067	11141334	11141500	16163571
NOG00068	11141631	15927408	16161391
NOG00069	11141017	15927413	16161287	16163254
NOG00070	11141301	15926694	16161448
NOG00071	11142654	15927401	16162715
NOG00072	11142262	15926070	16163600
NOG00073	11140846	15927765	16162518
NOG00074	11140576	15926536	16162665
NOG00075	11140690	16161917
NOG00076	11141148	15926460	16161575
NOG00077	11140355	11142614	15926019	16163126
NOG00078	11142508	16162992	16163464
NOG00079	11141372	15927541	16161926
NOG00080	16161835
NOG00081	16162742
NOG00082	11140682	15926118	16162502
NOG00083	11141105	15927252	16161208
NOG00084	11140820	15926655	16163153
NOG00085	11142702	15927696	16163616
NOG00086	11140590	16163677
NOG00087	11140775	15926687	16161557
NOG00088	11141846	15927210	16163267
NOG00089	11140804	15926488	16161495
NOG00090	11141452	15926119	16162145
NOG00091	11140843	15925992	16162032
NOG00092	11141984	16161549
NOG00093	11141462	15927595	16163446
NOG00094	11141116	16162450
NOG00095	11142608	15927016	16163165
NOG00096	11141159	15926661	15927543	16162891
NOG00097	11142579	15927519	16162667
NOG00098	11141318	15927489	16161968
NOG00099	11140334	15927752	16163591
NOG00100	11140553	15926069	16163610
NOG00101	11140652	16162652
NOG00102	11140753	16162605
NOG00103	11142490	15927066	16161562
NOG00104	11141743	15927219	16162695
NOG00105	11140963	15926994	16162971
NOG00106	11141447	15926642	16163048
NOG00107	11140869	11141856	15926033	16163625
NOG00108	11142198	15927300	16162328
NOG00109	11142660	15926294	16163268
NOG00110	11141320	15927418	16162731
NOG00111	11142391	16163318
NOG00112	11142553	15927780	16163177
NOG00113	11141189	15926208	16162060
NOG00114	11140532	15927790	16162084
NOG00115	11142656	15926344	16161386
NOG00116	11142101	15926733	16161956
NOG00117	11141246	15927001	16161540
NOG00118	11141518	15927546	16163138
NOG00119	11142126	16162866
NOG00120	11140343	11140651	11142312	16162651
NOG00121	15927164	16163527
NOG00122	11142254	15927805	16162973
NOG00123	11141169	15926775	16162461
NOG00124	11141012	15926238	16162200
NOG00125	15927503	16162818
NOG00126	11141553	15926446	16162161
NOG00127	11141124	16162109
NOG00128	11141638	15926795	16163602
NOG00129	11140790	16162000
NOG00130	11142400	15927237	16162099
NOG00131	11142233	15926056	16162673
NOG00132	16162755
NOG00133	11140481	16163359
NOG00134	11142123	15927537	16162863
NOG00135	11141786	16163207
NOG00136	11140933	15927092	16161472
NOG00137	11141658	16162140
NOG00138	11140962	15926339	16162114
NOG00139	11140817	16162120
NOG00140	11142218	15927320	16162308
NOG00141	11142248	15926788	16162899
NOG00142	11142344	15926932	16162880
NOG00143	11140723	15926421	16161796
NOG00144	11142073	15927419	16163395
NOG00145	11141725	15927241	16163160
NOG00146	11142244	15927499	16161477
NOG00147	11140380	15927278	16163396
NOG00148	11140426	15926790	16161785
NOG00149	11140715	16163172
NOG00150	11142548	15926384	16162068
NOG00151	11141582	15927228	16163375
NOG00152	11142699	16162484
NOG00153	11142616	15926324	16163038
NOG00154	11142547	15926064	16162069
NOG00155	11140823	15926848	16161799
NOG00156	11141186	15926170	16163175
NOG00157	11140601	11141331	11142565	16163093
NOG00158	11141210	15927514	16162610
NOG00159	11141666	15927189	16162957
NOG00160	11140808	15926253	16162646
NOG00161	11141608	16162460
NOG00162	11142299	15926520	16162787
NOG00163	11140793	15926418	16162093
NOG00164	11140699	15926166	16163044
NOG00165	11141887	11141937	15927590	16162670
NOG00166	11141042	15927271	16163262
NOG00167	11141724	15927516	16163277
NOG00168	11140577	15926562	16162521
NOG00169	11142711	15927248	16161502
NOG00170	11142331	15926716	16163490
NOG00171	11142535	15927253	16163561
NOG00172	11140512	11142326	16162834
NOG00173	16162177
NOG00174	11142350	16162741
NOG00175	11140861	16163352
NOG00176	11141122	15926198	16162476
NOG00177	11141158	15927203	16162548
NOG00178	11140896	15927777	16162967
NOG00179	15926671	16162560
NOG00180	11140673	15926754	16161545
NOG00181	11142381	15926675	16163282
NOG00182	11141758	15926204	16161815
NOG00183	11142206	15927308	16162320
NOG00184	11140956	15926368	16161459
NOG00185	11142440	15926143	16163607
NOG00186	11140592	15926288	16162893
NOG00187	11142612	15926770	16163624
NOG00188	11141241	15926256	16161265
NOG00189	11140740	15927528	16161475
NOG00190	11141904	15926193	16163145
NOG00191	11140689	16161918
NOG00192	11141436	15926909	16163109
NOG00193	11141592	11142706	15926127	16162155
NOG00194	11140545	15926945	16163386
NOG00195	11140756	15926787	16161336
NOG00196	11140970	11141540	15926747	15927030	15927221	16161340
NOG00197	11140546	15926944	16163385
NOG00198	11141669	15926292	16162960
NOG00199	11142088	15926375	16162270
NOG00200	16163303
NOG00201	11142306	15927007	16163097	16163449
NOG00202	11141693	15927280	16163292
NOG00203	11142295	15927206	16162789
NOG00204	11142005	16162086
NOG00205	11141188	15926209	16162059
NOG00206	11141639	16162956
NOG00207	11141248	15926845	16161390
NOG00208	11140569	15926989	16161572
NOG00209	11140779	11141057	16162467
NOG00210	11141233	15926268	16162692
NOG00211	11141598	15926784	16161414
NOG00212	11140668	15926248	16162227
NOG00213	11142268	15927390	16162924
NOG00214	11142390	15927081	16163317
NOG00215	11142716	15926701	16162985
NOG00216	11142215	15927317	16162311
NOG00217	11141338	15926046	16162754
NOG00218	11142626	15926155	16161499
NOG00219	15926697	16163278
NOG00220	11141806	15927772	16162300
NOG00221	11142223	16161788
NOG00222	11140792	15926419	16162092
NOG00223	11142181	15926949	16161944
NOG00224	11140706	11141115	16161537
NOG00225	11140543	15927502	16163388
NOG00226	16161967
NOG00227	11141840	11142479	16162408
NOG00228	11141054	15926245	16163237
NOG00229	15926556	16162974
NOG00230	11141797	15926896	16163051
NOG00231	11141717	15926452	16163345
NOG00232	11140890	11140891	16163629
NOG00233	11142696	15927427	16161517
NOG00234	11142497	16162727
NOG00235	16161542
NOG00236	11141663	15927616	16161372
NOG00237	11141191	16162090
NOG00238	15927279	16163293
NOG00239	11140650	11141302	15926695	16161447	16161764	16161965
NOG00240	11142018	11142308	11142394	15926152	16163307
NOG00241	11140503	11140872	16162294
NOG00242	11142578	15927518	16162666
NOG00243	11141349	15927336	16162250
NOG00244	11140599	16163095
NOG00245	11142340	16161840
NOG00246	11141375	16162168	16163452
NOG00247	11141162	15926597	16163151
NOG00248	11141519	15926469	16163137
NOG00249	11141180	15926963	16163000
NOG00250	11141963	16162170
NOG00251	11140602	16163092
NOG00252	11141450	15927553	16163474
NOG00253	11140721	15927089	16161990
NOG00254	11140484	11141820	15926609	16163131
NOG00255	11141129	15927801	16162838
NOG00257	11141922	15926477	16161780
NOG00258	11140525	15927551	16161291	16162791
NOG00259	11142502	15926078	16161551
NOG00260	11141665	15926331	16161374
NOG00261	11142122	15927538	16162862
NOG00262	11141894	15926002	16161216
NOG00263	11141976	15926444	16163232
NOG00264	11140526	15927242	16162522
NOG00265	11141011	15926454	16161270
NOG00266	11140960	15927244	16161539
NOG00267	11141049	15927755	16162946
NOG00268	11140578	11141563	16162648
NOG00269	11142582	16162647
NOG00270	16162201
NOG00271	11140784	16161928
NOG00272	11140713	15927274	16161437
NOG00273	11142717	15926839	16162986
NOG00274	11142192	15927779	16161440
NOG00275	11142330	15927204	16163597
NOG00276	11141594	16162178
NOG00277	11142222	16161787
NOG00278	11142409	15927806	16162768
NOG00279	11141473	15926559	16162796
NOG00280	11141104	15927251	16161207
NOG00281	11142180	15926948	16161945
NOG00282	11141545	15926568	16162928
NOG00283	11141205	15926442	16161816
NOG00284	11140788	15927362	16162002
NOG00285	15926894	16161361
NOG00286	11141275	16163494
NOG00287	11140692	15926700	15927156	16163558
NOG00288	11141964	15927524	16163127
NOG00289	11141376	15926353	16162167
NOG00290	11141075	15926475	16161801
NOG00291	11142252	16162216
NOG00292	11140568	15926745	16161573
NOG00293	11141007	15926682	16161985
NOG00294	11141483	15927386	16161936
NOG00295	11142342	15927072	16162878
NOG00296	11141616	16162393
NOG00297	11140541	15926185	16162220	16162342
NOG00298	15927798	16162841
NOG00299	11140647	15927215	16162337
NOG00300	11141993	15926553	16163596
NOG00301	11142003	15927198	16163431
NOG00302	11142485	16162025
NOG00303	11140536	15926024	16161515
NOG00304	16161338
NOG00305	11142260	15926667	16161347
NOG00306	11141791	15927690	16161461
NOG00307	11142655	15926345	16161387
NOG00308	11140429	15927667	16161993
NOG00309	11140560	15925989	15927129	16161206	16161610
NOG00310	11141561	15927257	16163653
NOG00311	11142528	16161424
NOG00312	15927163	16163524
NOG00313	15926631	16161247
NOG00314	11140428	15927270	16162130
NOG00315	11141617	15927548	16161920
NOG00316	11142652	16162541
NOG00317	11140771	11141531	15926438	16163257
NOG00318	11142087	15926979	16163649
NOG00319	11142705	15926126	16162154
NOG00320	15926173	16163242
NOG00321	11141644	16161792
NOG00322	11141128	15926006	16162685
NOG00323	16163497
NOG00324	16161298
NOG00325	11142704	15926125	16162153
NOG00326	15927797	16162842
NOG00327	11142573	15927291	16163247	16163467
NOG00328	11140885	16162543
NOG00329	11141404	16161915
NOG00330	16162698
NOG00331	11142127	15927534	16162867
NOG00332	11140527	15926227	16163274
NOG00333	11140409	11142518	15925990	16161364
NOG00334	11141983	15926463	16163305
NOG00335	16161897
NOG00336	11141839	11142478	16162409
NOG00337	11142107	15927395	16162278
NOG00338	11141858
NOG00339	11141796	15927666	16161893
NOG00340	11141347	15927334	16162248
NOG00341	11142690
NOG00342	11141992	15926365	16163372
NOG00343	11141742	15927218	16162696
NOG00344	11141771	16161952	16163049
NOG00345	11142186	15926954	16161939
NOG00346	11141200	15926085	16163133
NOG00347	11141623	15927230	16162255
NOG00348	11141692	15927281	16163291
NOG00349	15927272	16162595
NOG00350	11141223	15927428	16162137
NOG00351	11141155	15927265	16162494
NOG00352	11142327	15926160	16163615
NOG00353	11142098	16161994
NOG00354	11142406	16162887
NOG00355	11140955	15926228	16162043
NOG00356	11141895	15927352	16162984
NOG00357	11141435	15926175	16163110
NOG00358	11142364	15926249	16162106
NOG00359	11141156	15927266	16162495
NOG00360	11141428	15926306	16162550
NOG00361	11142128	15927533	16162868
NOG00362	11141790	15927689	16161460
NOG00363	11141641	15927090	16161991
NOG00364	11142324	15927082	16162438
NOG00365	11141753	15926202	16163429
NOG00366	11141740	15927046	16163639
NOG00367	11142124	15927536	16162864
NOG00368	11140748	11141444	16163096
NOG00369	11140978	15926443	16163052
NOG00370	11141052	15926398	16161259
NOG00371	11141567	15926023	16162136
NOG00372	11142355	15926212	16161231
NOG00373	11141946	16162930
NOG00374	11141543	15926566	16162306	16162926
NOG00375	11140431	15927188	16162978
NOG00376	11141455	15926683	16162640
NOG00377	11140540	15926184	16161281	16162221	16162341
NOG00378	11141544	15926567	16162927
NOG00379	11141690	15927283	16163289
NOG00380	11141606	15927021	16163273
NOG00381	11140805	15926489	16161496
NOG00382	11142267	15927391	16162925
NOG00383	11140424	15927086	16161317
NOG00384	11141400	15926992	16163143
NOG00385	11142034	15927238	16162706
NOG00386	11141237	15926276	16161935
NOG00387	11141903	15926192	16163146
NOG00388	16161337
NOG00389	11141088	15926088	16162038
NOG00390	11142322	15926014	16162713
NOG00391	11141726	16162533
NOG00392	11140878	15926336	16163480
NOG00393	11140603	15926892	16162847	16163091	16163453
NOG00394	11142715	16162429
NOG00395	11140688	16161919
NOG00396	16163504
NOG00397	11142022	15926895	16161570
NOG00398	11141517	15927376	16162963
NOG00399	15926978	16163648
NOG00400	11140638	15927159	16163519
NOG00401	11142317	15926626	16162828
NOG00402	11142500	16162489
NOG00403	11140369	16161866
NOG00404	11142134	15927429	16163614
NOG00405	11141323	11141770	15926658	16161211
NOG00406	11141911	16161311
NOG00407	11142402	16161829
NOG00408	11141973	16163323
NOG00409	11141941	15927554	16163285
NOG00410	11141009	15927381	16161812
NOG00411	11140895	15927776	16162968
NOG00412	11141226	15926969	16162690
NOG00413	16161899
NOG00414	11140554	15927807	16162334
NOG00415	16161300
NOG00416	11142079	15926148	16161951
NOG00417	11141547	15926725	16161888
NOG00418	11141222	15926195	16162592
NOG00419	11140533	15926406	16163476
NOG00420	11141324	11141769	15926657	16161212
NOG00421	11141549	15927103	16162035
NOG00422	11142549	16162067
NOG00423	16163502
NOG00424	11140337	16162211	16163458
NOG00425	11141340	11141351	15927338	16163140
NOG00426	11141678	15927511	16162017
NOG00427	11142228	15926961	16161791
NOG00428	11140867	16163580
NOG00429	11141667	15927190	16162958
NOG00430	11142085	15927379	16163288
NOG00431	11142382	15927493	16163281
NOG00432	11141420	15926576	16163364
NOG00433	11140398	11142112	15927232	16161571
NOG00434	16161845
NOG00435	11141467	15927600	16163443
NOG00436	11140990	15927795	16162411
NOG00437	11141056	16162466
NOG00438	11140643	15926352	16161359
NOG00439	11142256	15926624	16161885
NOG00440	11142470	15927213	16163084
NOG00441	11142195	15927297	16162331
NOG00442	11140347	11140498	15926042	16163173
NOG00443	11141035	16162509
NOG00444	11140371	15926663	16161308
NOG00445	16162108
NOG00446	11141900	15926187	16163149
NOG00447	11141060	15926764	16162147
NOG00448	11141208	15926392	16162174
NOG00449	11140558	15926669	16162920
NOG00450	11140528	15926968	16162691
NOG00451	11142602	15927014	16162497
NOG00452	11141691	15927282	16163290
NOG00453	11142345	15926737	16162979
NOG00454	11142488	15926337	16162462
NOG00455	11141660	15926082	16162142
NOG00456	11141346	15927333	16162247
NOG00457	16162512
NOG00458	11141612	16162897
NOG00459	11141330	15926897	16161969
NOG00460	11142110	15927240	16162349
NOG00461	11141263	15926738	16162574
NOG00462	11142049	15927617	16161371
NOG00463	11140838	15926031	16162062
NOG00464	11141087	15927606	16162485
NOG00465	11141715	15927078	16162297
NOG00466	11141332	11142537	16162728
NOG00467	11142100	15927261	16163252
NOG00468	11140397	11140437	11140438	11140439	11140495	11141827	16161516
NOG00469	11142353	15926481	16162514
NOG00470	11140863	16163350
NOG00471	11141723	15926858	16161377
NOG00472	11141557	15926369	16161907
NOG00473	11141021	15927542	16162193
NOG00474	11141739	15926061	16163572
NOG00475	16163208
NOG00476	11142621	15927269	16162131
NOG00477	11141910	15926349	16163033
NOG00478	11142346	15926736	16162980
NOG00479	11142137	16163229
NOG00480	11141336	15926629	16162751
NOG00481	11141590	16162744
NOG00482	11142432	15927422	16161783
NOG00483	11140819	15926654	16163152
NOG00484	11141415	15926581	16163369
NOG00485	11140941	15926341	16162771
NOG00486	11141720	15926211	16163659
NOG00487	11141943	16161341
NOG00488	11142489	16161563
NOG00489	11140691	16161916
NOG00490	11141214	16162671
NOG00491	11142392	15927079	16163319
NOG00492	16163503
NOG00493	11141160	15926557	16163660
NOG00494	15927613	16163498
NOG00495	11140979	16163588
NOG00496	11142657	15927392	16162370
NOG00497	11142450	15926076	16161869
NOG00498	11142129	15927531	15927545	16162870
NOG00499	11141908	15926730	16163250
NOG00500	11141657	16162139
NOG00501	11142519	15927782	16163642
NOG00502	11140539	15926183	16161280	16162222	16162340
NOG00503	11141306	15927425	16161908
NOG00504	11141460	15927073	16162189
NOG00505	11141212
NOG00506	11141851	15927414	16162463
NOG00507	11140508	16161416
NOG00508	11142036	15926178	16163477
NOG00509	11141215	15926172	16163179
NOG00510	11141854	15926333	16163667
NOG00511	11142351	15927087	16162983
NOG00512	11141489	15927358	16163101
NOG00513	11141030	16163416
NOG00514	11142212	15927314	16162314
NOG00515	11140964	15926763	16162972
NOG00516	11141095	15927102	16163081
NOG00517	11142199	15927301	16162327
NOG00518	11140754	15926441	16162606
NOG00519	11140559	15926921	16162919
NOG00520	11140368	15927011	16162229
NOG00521	15927799	16162840
NOG00522	11140718	15926980	16162010
NOG00523	11142542	15927588	16162519
NOG00524	11141299	15927361	16162611
NOG00525	15927273	16162596
NOG00526	11140716	15926749	16163171
NOG00527	11142229	15926300	16163284
NOG00528	11141622	15926731	16162256
NOG00529	11141145	15926130	16161313
NOG00530	11141671	15926290	16162962
NOG00531	11140471	16162186
NOG00532	16162697
NOG00533	11141994	15926090	16162416
NOG00534	11140836	15926342	16162064
NOG00535	11142205	15927307	16162321
NOG00536	11142689	15927397	16162717
NOG00537	11141945	15926409	16161343
NOG00538	11142522	15927680	16163031
NOG00539	11141327	15926935	16161558
NOG00540	11142063	16162668
NOG00541	11142272	15927289	16162051
NOG00542	11140351	15927229	16163026
NOG00543	11140663	16162055
NOG00544	11142543	15927024	16162430
NOG00545	11141615	16162187
NOG00546	11142619	15926850	16162079
NOG00547	11142062	15926374	16162538
NOG00548	11141821	15926509	16161953
NOG00549	11142057	15926628	16161441
NOG00550	11141969	15927223	16163357
NOG00551	11140392	15927771	16162561
NOG00552	11140731	15927043	16162292
NOG00553	11142265	15926670	16162559
NOG00554	11141966	15927226	16163553
NOG00555	11141103	15926295	16161962
NOG00556	11140957	15926269	16163103
NOG00557	11142202	15927304	16162324
NOG00558	11140783	11141101	15927192	16161806
NOG00559	15927607	16162486
NOG00560	11142027	15926376	16163613
NOG00561	11142197	15927299	16162329
NOG00562	11142339	15926840	16162571
NOG00563	11141632	16163622
NOG00564	11140350	15926422	16163380
NOG00565	11141921	15926478	16161779
NOG00566	11141251	15927375	16161351
NOG00567	11141933	11141934	16161809
NOG00568	11142094	15926668	16161566
NOG00569	11142135	16163231
NOG00570	11142422	15926503	16163568
NOG00571	16162071
NOG00572	11141224	15926771	16162414
NOG00573	11141975	16161883
NOG00574	11141891	16162128
NOG00575	11142524	15926531	16162767
NOG00576	11141082	15926782	16162612
NOG00577	11142362	15926219	16161238
NOG00578	11141812	15926131	16161312
NOG00579	11141729	16162530
NOG00580	16163087
NOG00581	11141965	15926652	16163128
NOG00582	15926194	16163144
NOG00583	11141326	15926351	16161315
NOG00584	11141031	16163414
NOG00585	11140534	15926407	16163475
NOG00586	11141249	15926846	16161389
NOG00587	11140937	15926962	16163269
NOG00588	11140849	15926854	16162515
NOG00589	11141853	15926338	16163383
NOG00590	11140760	16161457
NOG00591	11141367	16163422
NOG00592	11141621	15926904	16161987
NOG00593	11140833	15927017	16161782
NOG00594	11142380	15926786	16163283
NOG00595	11141850	15927191	16162464
NOG00596	11141074	15926474	16161802
NOG00597	11140607	16163552
NOG00598	11141090	15927372	16162563
NOG00599	11142185	15926953	16161940
NOG00600	11142213	15927315	16162313
NOG00601	11142358	15926215	16161234
NOG00602	11140604	16163550
NOG00603	11140683	16162942
NOG00604	11140733	15926206	16162267
NOG00605	11141053	16163236
NOG00606	11142718	16162066
NOG00607	11140831	15926020	16161210
NOG00608	11140600	16163094
NOG00609	11142575	15926997	16162027
NOG00610	11141581	15927384	16163374
NOG00611	11142081	15926059	16161467
NOG00612	11142412	16163279
NOG00613	11141607	16162821
NOG00614	11142017	15926153	16163306
NOG00615	11141085	15927047	16163478
NOG00616	11140648	15927216	16162338
NOG00617	11142033	15926937	16161560
NOG00618	11140698	15926167	16163043
NOG00619	11141577	15926634	16161509
NOG00620	11141350	15927337	16162251
NOG00621	11140379	15926326	16163398
NOG00622	11142203	15927305	16162323
NOG00623	11141034	16163411
NOG00624	11141037	16162511
NOG00625	11142504	16161875
NOG00626	11142335	15926931	16162273
NOG00627	16163675
NOG00628	11140821	15927791	16163623
NOG00629	11141586	15926004	16163379
NOG00630	11141289	16161544
NOG00631	15927162	16162242	16163523
NOG00632	11142298	15926519	16162786
NOG00633	11141536	15926777	16162569
NOG00634	11142493	16161307
NOG00635	11142040	15926067	16163162
NOG00636	11141348	15927335	16162249
NOG00637	11142028	15926312	16162929
NOG00638	11141535	15927409	16162570
NOG00639	11142058	15927051	15927763	16163406
NOG00640	11142530	15926039	16162444
NOG00641	11141848	16163204
NOG00642	11140561	16163483
NOG00643	11142333	15927380	16161271
NOG00644	16162743
NOG00645	11141003	16163089
NOG00646	11142545	15926417	16162094
NOG00647	11142102	15926732	16161955
NOG00648	11142208	15927310	16162318
NOG00649	11141986	16161550
NOG00650	11141291	15926388	16162282
NOG00651	11140865	16163582
NOG00652	11142245	15927500	16161476
NOG00653	11140335	16162501
NOG00654	11142193	15927295	16162333
NOG00655	11141451	15926900	16162169
NOG00656	11140938	15926972	16161797
NOG00657	11141290	16161543
NOG00658	15927532	16162869
NOG00659	16161798
NOG00660	15927766	16161320
NOG00661	11141064	15927774	16161439
NOG00662	11140773	15926299	16162123
NOG00663	11141656	11142095	15926084	16162138
NOG00664	11140897	16163630
NOG00665	11141718	15927529	16162835
NOG00666	11140835	15927764	16163098
NOG00667	11142477	15926618	16162750
NOG00668	11140883	15926161	16161996
NOG00669	11140502	11140873	16162295
NOG00670	11142618	15926320	16163040
NOG00671	11141991	15926319	16163363
NOG00672	11142697	16162418
NOG00673	11141032	16163413
NOG00674	11140687	15926546	16162405
NOG00675	11141458	15926260	16162544
NOG00676	11142387	16161577
NOG00677	11141150	15926674	16161864
NOG00678	11141466	15927599	16163444
NOG00679	11140848	15926853	16162516
NOG00680	11140457	16161978
NOG00681	11140338	16162212
NOG00682	16162753
NOG00683	11142273	16162134
NOG00684	11140672	15927403	16163321
NOG00685	11140497	16163174
NOG00686	11141948	16161911
NOG00687	11141185	15926534	16162770
NOG00688	11140719	15926981	16162009
NOG00689	11142184	15926952	16161941
NOG00690	11141079	15926780	16162614
NOG00691	11142261	15927671	16163598
NOG00692	15926052	16162275
NOG00693	16163063
NOG00694	16162650
NOG00695	11141716	15926451	16163344
NOG00696	11141880	15926025	16162686
NOG00697	11141550	16161825
NOG00698	11142194	15927296	16162332
NOG00699	11142119	16163570
NOG00700	16162618
NOG00701	11141472	15926560	16162797
NOG00702	11141345	15927332	16162246
NOG00703	11141556	11141817	16163427
NOG00704	11141731	15926318	16162008
NOG00705	11142512	16162987	16163463
NOG00706	11140810	16162602
NOG00707	11141154	15927264	16162493
NOG00708	11141242	15926257	16161264
NOG00709	11142532	16163107
NOG00710	15926017	16162589
NOG00711	11141573	15926638	16161513
NOG00712	11142354	15926040	16162977
NOG00713	11141627	15926571	16163393
NOG00714	16162262
NOG00715	11140544	15927614	16163387
NOG00716	11142511	16162988
NOG00717	11140507	16161983
NOG00718	11140973	15926772	16163370
NOG00719	11142280	15926009	16162679
NOG00720	11142136	16163230
NOG00721	11142557	15926797	16161561
NOG00722	11140929	15926005	16162792
NOG00723	11140816	15927575	16163382
NOG00724	11141046	15926424	16162005
NOG00725	11142700	15927605	16161767
NOG00726	11141048	15926038	16163628
NOG00727	11141509	16162400
NOG00728	11141901	15926190	16163148
NOG00729	11141859	15926026	16162687
NOG00730	11142438	16161356
NOG00731	11142352	15926063	16161921
NOG00732	11141661	15926083	16162144
NOG00733	11142472	16163419
NOG00734	11141278	16163496
NOG00735	16161260
NOG00736	11142316	15926048	16163104
NOG00737	11141429	15926625	16163627
NOG00738	11140844	16162033
NOG00739	11141410	15927357	16163265
NOG00740	11141705	15926350	16162997
NOG00741	11141595	16162894
NOG00742	11141325	11141768	15926656	16161213
NOG00743	15926857	16161867
NOG00744	11142463	16163015
NOG00745	16162058
NOG00746	11142604	16163634
NOG00747	11140697	15926168	16163042
NOG00748	11142343	15926363	16162879
NOG00749	11141676	16162019
NOG00750	16163575
NOG00751	11141633	15927756	16162945
NOG00752	11141546	15926726	16161889
NOG00753	11142451	15927515	16161870
NOG00754	11141225	15926346	16161388
NOG00755	11140880	16161999
NOG00756	16161848
NOG00757	16162949
NOG00758	11141220	15926311	16161358
NOG00759	16162890
NOG00760	11142221	16161786
NOG00761	11140434	15926303	16162096
NOG00762	16161966
NOG00763	11141485	15926457	16162710
NOG00764	11141206	15927512	16162401
NOG00765	11142609	15926010	16161490
NOG00766	11141939	16163632
NOG00767	15927388	16162483
NOG00768	11140982	15926851	16162274
NOG00769	11142021	15926603	16163631
NOG00770	16161444
NOG00771	11140772	15926298	16162124
NOG00772	11140675	15926752	16161547
NOG00773	11142435	16161352
NOG00774	11142294	15926259	16162790
NOG00775	11142449	15926304	16161868
NOG00776	11140684	16162127
NOG00777	11142647	16161366
NOG00778	11141413	15927406	16162457
NOG00779	11142714	16162425
NOG00780	11141457	15926505	15927150	16163566
NOG00781	16162898
NOG00782	11141373	15926378	16162299
NOG00783	11141599	15926785	16161415
NOG00784	16162733
NOG00785	11141244	15927285	16163563
NOG00786	11140472	16161262
NOG00787	11140796	15927583	16163420
NOG00788	11142281	15927804	16162258
NOG00789	11141240	15926255	16161266
NOG00790	16161852	16161853
NOG00791	11141845	15927209	16163266
NOG00792	11142448	15927076	16163161
NOG00793	11142043	16161318
NOG00794	11141020	16161564
NOG00795	11142082	15926057	16161466
NOG00796	16161385
NOG00797	16163032
NOG00798	11142264	15927058	16161554
NOG00799	11141084	15926049	16161957
NOG00800	11141362	15927407	16161878
NOG00801	11142361	15926218	16161237
NOG00802	11141071	15926470	16161805
NOG00803	16163424
NOG00804	16162487
NOG00805	11142622	16161536
NOG00806	16162784
NOG00807	11141651	16162939
NOG00808	15926115	16163115
NOG00809	11140832	15927018	16161781
NOG00810	11140373	15926664	16161309
NOG00811	15926110	16161272
NOG00812	11141166	15927775	16161274
NOG00813	11140752	16162604
NOG00814	11142707	15926128	16162156
NOG00815	11141050	15926898	16163362
NOG00816	16161849
NOG00817	16161813
NOG00818	11141364	16163339
NOG00819	16163328
NOG00820	11141307	16163082
NOG00821	16163050
NOG00822	11140899	15926308	16162802
NOG00823	11142349	15927068	16161269
NOG00824	16162716
NOG00825	11141468	15927601	16163442
NOG00826	11142042	15926411	16163604
NOG00827	11141078	15926779
NOG00828	11140456	16162116	16162453
NOG00829	11140868	16163579
NOG00830	16162858
NOG00831	11140571	16163261
NOG00832	11141675	16162020
NOG00833	11142617	15926321	16163039
NOG00834	15926140	16162529
NOG00835	15926366	16161880
NOG00836	16163259
NOG00837	16163554
NOG00838	11142552	15926379	16163176
NOG00839	16161417
NOG00840	11141722	15926151	16161471
NOG00841	11142249	15926370	16162885
NOG00842	11141677	16162018
NOG00843	11140557	16163601
NOG00844	11141662	16162143
NOG00845	11142109	15926203	16162277
NOG00846	16163573
NOG00847	11140785	16161929
NOG00848	11141552	15926447	16162160
NOG00849	11142271	15927288	16162052
NOG00850	11142356	15926213	16161232
NOG00851	11140500	16163353
NOG00852	11142250	16162355
NOG00853	11142359	15926216	16161235
NOG00854	11142076	15926971	16163361
NOG00855	11141182	15926965	16162998
NOG00856	16163676
NOG00857	11141028	16161793
NOG00858	11141849	15926548	16162465
NOG00859	11141127	15926007	16162684
NOG00860	11140830	15926523	16161480
NOG00861	16162284
NOG00862	16161436
NOG00863	11141486	15926456	16162711
NOG00864	15927161	16162243	16163522
NOG00865	16163445
NOG00866	15927569	16163195
NOG00867	16163684
NOG00868	11142251	16162217
NOG00869	15926445	16162162
NOG00870	11142487	15926391	16162994
NOG00871	16163194
NOG00872	11142491	15926545	16162829
NOG00873	15926923	16163661
NOG00874	11141374	15927217	16162442
NOG00875	16163409
NOG00876	11140356	11142615	16163124
NOG00877	11140377	16163578
NOG00878	11140665	16162057
NOG00879	11141209	16162609
NOG00880	16161538
NOG00881	11141864	16162371
NOG00882	11141995	15926091	16162415
NOG00883	11141040	15926552	16163384
NOG00884	11142315	15927586	16163105
NOG00885	11140829	16161479
NOG00886	11140522	16161464
NOG00887	16162480
NOG00888	11142258	15927227	16162801
NOG00889	11140992	16162413
NOG00890	11141453	15927610	16163403
NOG00891	11141422	16162254
NOG00892	11140664	16162056
NOG00893	11141830	15927195	16161469
NOG00894	11141014	15926240	16162198
NOG00896	15927382	16163167
NOG00897	11141727	16162532
NOG00898	11142462	16163014
NOG00899	11141795	15927692	16163685
NOG00900	16162412
NOG00901	11140473
NOG00902	11141418	16163366
NOG00904	11142613	16163125
NOG00905	11141488	15927359	16163102
NOG00906	11141697	16162471
NOG00907	16162535
NOG00908	16162361
NOG00909	16162195
NOG00910	16162215
NOG00911	16161362
NOG00912	15927071	16162877
NOG00913	11141096	15926362	16162822
NOG00914	11141953	16162859
NOG00915	16162766
NOG00916	16163651
NOG00917	11140934	16163118
NOG00918	16162969
NOG00919	11140940	15927064	16162761
NOG00920	11141829	15927196	16161470
NOG00921	16161942
NOG00922	16163036
NOG00923	15926579	16163367
NOG00924	15926377	16161412
NOG00925	11140824	15927201	16163341
NOG00926	16161353
NOG00927	11141234	16162202
NOG00928	16163041
NOG00929	16161982
NOG00930	11140922	16163548
NOG00931	16162440
NOG00932	11142010	16161395
NOG00933	11142624	16162896
NOG00934	15926297	16162125
NOG00935	11141664	16161373
NOG00936	15927258	16163654
NOG00937	15926453	16163428
NOG00938	16162865
NOG00939	16161500
NOG00940	16161354
NOG00941	15926919	16163196
NOG00942	16161844
NOG00943	15926459	16162708
NOG00944	11141181	16162999
NOG00945	11140845	16162794
NOG00946	15926572	16163394
NOG00947	11140866	16163581
NOG00948	16163668
NOG00949	16163332
NOG00950	16161984
NOG00951	16162752
NOG00952	11141683	16162012
NOG00953	11140837	15926343	16162063
NOG00954	11140864	16163349
NOG00955	16163182
NOG00956	16162703
NOG00957	11141650	16163130
NOG00958	15927497	16162594
NOG00959	11142475	15926328	16161579
NOG00960	16163666
NOG00961	16163574
NOG00962	16163214
NOG00963	15926302	16163025
NOG00964	11141541	16162473
NOG00965	16162517
NOG00966	11140794	16162782
NOG00967	11141022	16162194
NOG00968	11142080	16161950
NOG00970	16162070
NOG00971	16162748
NOG00972	11140881	16161998
NOG00973	16163234
NOG00974	11142650	16162037
NOG00975	16162970
NOG00976	15926924	16161997
NOG00977	15926686	16161556
NOG00978	15926735	16162981
NOG00979	11141520	16163136
NOG00980	15926662	16162196
NOG00981	16162024
NOG00982	11141419	15926577	16163365
NOG00983	16162681
NOG00984	11142121	16162861
NOG00985	16162923
NOG00986	11140671	16163320
NOG00987	15927740	16163657
NOG00988	16161626
NOG00989	16161874
NOG00990	16163193
NOG00991	15927067	16161268
NOG00992	15926367	16161879
NOG00993	15927061	16162447
NOG00994	11142407	16163245
NOG00995	16163168
NOG00996	15927084	16162598
NOG00997	11142120	16162860
NOG00998	16163650
NOG00999	16163447
NOG01000	16161861
NOG01001	11141385	16163472
NOG01002	11141260	16162825
NOG01003	16163156
NOG01004	11142210	15927312	16162316
NOG01005	16162745
NOG01006	11141823	15927049	16162617
NOG01007	11141036	16162510
NOG01008	15926472	16161803
NOG01009	11142234	16162672
NOG01010	16163536	16163538
NOG01011	11142523	16161807
NOG01012	16163210
NOG01013	11141999	16162074
NOG01014	11140800	16161491
NOG01015	11140488	16162272
NOG01016	15926272	16162597
NOG01017	15926580	16163368
NOG01018	16161838
NOG01019	11141454	16163302
NOG01020	16163079
NOG01021	16162482
NOG01023	16161410
NOG01024	15926651	16162776
NOG01025	11140444	11141808	15927762	16163549
NOG01026	16162689
NOG01027	11141018	16161643
NOG01028	16161625
NOG01029	16163486
NOG01030	11140928	16163546
NOG01031	11141958	16162855
NOG01032	11142634	16162165
NOG01033	15926920	16163197
NOG01034	11140333	16163592
NOG01035	16163271
NOG01036	11141836	16162439
NOG01037	16163437
NOG01038	16161498
NOG01039	11141865	16162372
NOG01040	11141386	16163471
NOG01041	15926169	16161229
NOG01042	11140588	11142015	16163088
NOG01043	11140482	16163358
NOG01044	16162993
NOG01045	11141560	16163655
NOG01046	11140501	11140874	16163603
NOG01047	16162613
NOG01048	16162434
NOG01049	16163392
NOG01050	11142376	16162191
NOG01051	16162470
NOG01052	11140483	16161339
NOG01054	11142571	16162759
NOG01055	16162095
NOG01056	15926608	16163129
NOG01057	11142533	16163108
NOG01058	11142661	16162593
NOG01059	11140862	16163351
NOG01060	16163142
NOG01061	15926335	16163479
NOG01062	16162428
NOG01063	11142118	16163053
NOG01064	11140552	16163611
NOG01065	11142694	15927325	16162547
NOG01066	16161236
NOG01067	11141112	16163593
NOG01068	15926016	16163391
NOG01069	16163495
NOG01070	16162832
NOG01071	16162565
NOG01072	11140976	16161865
NOG01073	11142030	15926706	16162469
NOG01074	16161219
NOG01076	11140889	15926301	16163421
NOG01078	16161407
NOG01079	11140931	11142023	15926522	16161230
NOG01080	11140776	15927394	16163235
NOG01081	15927350
NOG01082	11141562	15926793	16162674
NOG01083	11141283	16161553
NOG01084	16162387
NOG01085	16162474
NOG01086	16161220
NOG01087	11140947	16162908
NOG01088	16161855
NOG01089	16162586
NOG01090	11140492	16161324
NOG01092	11141645
NOG01093	16162228
NOG01094	11141099	16161882
NOG01095	11142445	15925999	16163244
NOG01096	15926958	16162952
NOG01097	11141370	16161398
NOG01098	15927432
NOG01099	16162040
NOG01100	15927349
NOG01101	16161859
NOG01103	16162207
NOG01104	11142599	16163313
NOG01105	11141798	16161501
NOG01106	11140995	11141147	11141335	11142070	11142149	11142659	15927009	16161285	16162729	16163378
NOG01107	11141273	16163672
NOG01108	11142314	15927587	16163106
NOG01109	11141655	16161766
NOG01110	11140789	15926222	16162001
NOG01111	11140954	15927070	16161404
NOG01113	16163060
NOG01114	16161833
NOG01115	15927059	16162252
NOG01116	11141998	15927026	16162073
NOG01117	15926648	16162180
NOG01118	11142513	16161960
NOG01119	11142297	15926547	16162785
NOG01120	16162396
NOG01121	11141702	15926277	16163227
NOG01122	11140323	15926147	16162937
NOG01123	11142574	15926998	16162026
NOG01124	15927744
NOG01125	15926681	16162693
NOG01126	15927459
NOG01127	11140582
NOG01128	11142282	15927074	16162257
NOG01129	11141120	15926665	16163255
NOG01130	16162206
NOG01131	11141689	15926150
NOG01132	11140535	15926717	16163425
NOG01133	11140828	15926765	15926805	15927655	16162157
NOG01134	11142664	15927495	16162078
NOG01135	16162454
NOG01136	15926280	16163223
NOG01137	11140786	16162345
NOG01138	11141680	16162015
NOG01140	16161382	16161615
NOG01141	11142020	15927521	16162417
NOG01142	11140802	15926486	16161493
NOG01143	15926834
NOG01144	11141505	16161296
NOG01145	15926819
NOG01146	15927768
NOG01147	11140798
NOG01148	11141063	15927022	16162432
NOG01149	15926278	16163222
NOG01150	15926511
NOG01151	11141168	15927751	16163340
NOG01152	11140679	16161584
NOG01153	11140430	15926769	16162735
NOG01154	11140542	15926144	16162122
NOG01155	11141478
NOG01156	11141559	15927260	16163656
NOG01157	11140777	16162305
NOG01158	11141514	15926265	16163132
NOG01159	11142224	16161789
NOG01160	11142032	15926936	16161559
NOG01161	11141002
NOG01162	15926680	16163301
NOG01163	15926833
NOG01164	16161420
NOG01165	11140858	15926145	16162941
NOG01166	16162551
NOG01167	11142099	15926162	16161995
NOG01168	11141805	15927208	16163641
NOG01169	11141524	16161961
NOG01171	11140329	16162905
NOG01172	11142084
NOG01173	11140493	16161325
NOG01174	15927143	16162237
NOG01175	11142423	15926504	16163567
NOG01176	11141297
NOG01177	11140770	15926258	16161306
NOG01178	11140499
NOG01179	11142725
NOG01181	11141735	15926455	16162774
NOG01182	11141107	15926902	16161989
NOG01184	11141471	15927604	16163439
NOG01186	11140935
NOG01187	11141574	15926637	16161512
NOG01188	16161902
NOG01189	11142701	16162362
NOG01190	16162171
NOG01191	16162381
NOG01192	15927719
NOG01193	11140460	16161327
NOG01194	16163665
NOG01196	11141126	15926008	16162682
NOG01197	11140925	16163545
NOG01198	11141083	15926050	16161958
NOG01199	11141589
NOG01200	11142576	15926996	16162028
NOG01201	16161369
NOG01202	11141449	15926330	16162298
NOG01203	11142510	15926940	16162989
NOG01204	16161263
NOG01205	11140815	15926859	16161881
NOG01206	11141737	15926799	16162226
NOG01207	11140411	15927767	16161319
NOG01208	16162552
NOG01209	11141521	15926467	16163135
NOG01212	11141093	16163203
NOG01213	11141051	15926561	16161964
NOG01214	15926357	16163276
NOG01215	16162820
NOG01216	11142065	15926075	16162660
NOG01217	16161728
NOG01218	11140708	11142563	16161397
NOG01219	11141837	16162490
NOG01220	11141401	15926508	16163181
NOG01221	11141442	16162263
NOG01222	11141605	15926247	16163272
NOG01223	16162700
NOG01224	16161900
NOG01225	15927450
NOG01226	15927728	16163638
NOG01227	11142217	15927319	16162309
NOG01228	11140989	15927796	16162410
NOG01229	16162354
NOG01231	11141239	15926254	16161267
NOG01232	11141942	15927609	16162707
NOG01234	16162932
NOG01235	16162358
NOG01236	11140595	11140621	11140950	11141165	11142386	11142515	16161277	16161303	16161850	16162659	16163520
NOG01237	11142587
NOG01239	11141058
NOG01240	11142586
NOG01241	11140930	15927005	16162793
NOG01242	11140767	11141564	16163455
NOG01243	15926232	15926678	16161970
NOG01244	15927672
NOG01245	11141498	15926743	16163233
NOG01246	11142581	15926970	16162545
NOG01247	11141703	15926416	16163209
NOG01248	11140556	15927574	16161297
NOG01249	11141163	15926525	16161275
NOG01250	11141554	15925993	16161434
NOG01251	11141600	15926032	16161741	16162553
NOG01253	16163251
NOG01254	11141216	15927062	16162448
NOG01255	11141822	15927050	16162616
NOG01256	11140551	15926713	16161771	16162265
NOG01258	11140980
NOG01260	11140701	15926554	16163046
NOG01261	16161344
NOG01263	16162357
NOG01264	11142066	15926074	16162661
NOG01265	11141513	11141811	11142231	15926266	16162654
NOG01266	16163253
NOG01267	16163594
NOG01269	11140903	15926500	16163155
NOG01270	16162179
NOG01271	11140589	16163674
NOG01272	11141949	16161912
NOG01273	11141470	15927603	16163440
NOG01274	11142025	15927802
NOG01275	11141456	16162772
NOG01277	16162468
NOG01278	11141356	15927345	16162625
NOG01279	16162775
NOG01280	11141475	15926696	16162599
NOG01281	11140801	15926485	16161492
NOG01283	11140888	16161959
NOG01284	11142720	16163401
NOG01286	11141810
NOG01287	11141272	16163671
NOG01288	11142067	15926073	16162662
NOG01289	15927437
NOG01290	11141407	15926677	16163325
NOG01292	16162557
NOG01293	11140842
NOG01294	11140919	16163540
NOG01295	11140850	15926901	16163304
NOG01296	11141819
NOG01297	11140390	16161884
NOG01298	16162777
NOG01299	16163609
NOG01300	16162656
NOG01301	11141292	15926389	16162281
NOG01302	11141580	15927579	16163373
NOG01303	11142116
NOG01304	15926821
NOG01306	11141714	15926340	16163381
NOG01307	15927440
NOG01309	11142405	15926506	16162888
NOG01310	11140904	16163512
NOG01311	11141794
NOG01312	16162437
NOG01313	15927197	16161909
NOG01314	11142590	16161406
NOG01315	11141508	16161378
NOG01318	11141741	15927492	16163280
NOG01319	11142328	15926768	16161384
NOG01320	15926684	16162575
NOG01321	11140811	15927683	16162601
NOG01323	11141970	15927580	16162395
NOG01324	11142001	15927029	16162076
NOG01325	11140764
NOG01327	11142000	15927028	16162075
NOG01328	11142593	11142721	15926329	16162042	16162600
NOG01329	16162218
NOG01330	16161949
NOG01331	11141270	16163669
NOG01332	11140678
NOG01333	11142077
NOG01334	11140999	16161568
NOG01336	11141902	15926191	16163147
NOG01337	11140915	16163531
NOG01338	11142663	15927496	16162077
NOG01339	11141640	15927424	16162097
NOG01341	11140644	15926390	16161360
NOG01342	11141681	16162014
NOG01343	11141144	15926018	16162339
NOG01344	11141236	15926622	16163099
NOG01345	15926092	16163619
NOG01346	16162034
NOG01347	16162477
NOG01348	11141601
NOG01349	15926828
NOG01352	15927461
NOG01353	11140985
NOG01354	11141033	16163412
NOG01355	11141522	15926466	16163134
NOG01356	16161664
NOG01357	11141092	16163205
NOG01358	16161611
NOG01359	11141152
NOG01360	11142544	15927527	16161393
NOG01361	16162045
NOG01362	16161980
NOG01363	11140685	15926044	16162150
NOG01364	11142269	15927585	16161794
NOG01366	11141809
NOG01367	11142019	16161474
NOG01368	11141789	15926385	16162208
NOG01369	16163315
NOG01370	16162209
NOG01371	11141296	16163450	16163590
NOG01372	16162121
NOG01373	11141701	16163226
NOG01374	16162627
NOG01375	11140538	15926182	16162223
NOG01376	11141333
NOG01378	16161654
NOG01379	11140572	15927193	16162113
NOG01380	11140580	15927430	16162479
NOG01382	16162827
NOG01383	11141833	16163027
NOG01384	11142398
NOG01385	11141146	15926334	16161314
NOG01386	11140984	15927293	16162276
NOG01387	11141138
NOG01388	11141892	15926003	16161217
NOG01389	11142059	15927262	16162657
NOG01390	11141366	16161777
NOG01391	15927736	16161660
NOG01392	11142253	16161656	16161657
NOG01393	11141355	15927344	16162626
NOG01394	11140447	15926279	16161836
NOG01395	11142069	15926071	16162664
NOG01396	15927101	16162642
NOG01397	11141402	15926507	16163180
NOG01398	11142595	16163310
NOG01399	11141699	16163224
NOG01400	11140707	11140712	11142151	15926596	16162677
NOG01401	16162046
NOG01402	16162356
NOG01403	15927464
NOG01405	11141682	15926977	16162013
NOG01406	15926830
NOG01407	11142611	15926051	16161488
NOG01408	11140579	15926739	16161348
NOG01409	11142366	15926141	16161841
NOG01410	11141279	16161931	16162635
NOG01411	11141831	15927194	16161468
NOG01412	16163505
NOG01413	11141243	15927286	16163562
NOG01414	15927343
NOG01415	15926229	16162756
NOG01416	11141484	15926458	16162709
NOG01417	11142064
NOG01418	15926177	16161580
NOG01419	15927742
NOG01420	11142520
NOG01422	11142035	16163121
NOG01423	11141368	15926718	16163423
NOG01424	11142594	16163309
NOG01425	11142550	15926512
NOG01428	11140900	15926307	16162803
NOG01429	11141479
NOG01430	16163184
NOG01431	15927019	16162901
NOG01432	11140521	15926698	16161463
NOG01433	16161903
NOG01434	11141108	15927045	16162443
NOG01435	16161772
NOG01436	11141700	16163225
NOG01437	16161258
NOG01438	11142068	15926072	16162663
NOG01439	16162702
NOG01440	16162219
NOG01441	16161894
NOG01442	11140774	15926673	16161411
NOG01443	11142374	15926757
NOG01444	11140839
NOG01445	16161523
NOG01446	11141501	16162336	16162948
NOG01447	11140746
NOG01448	11141785
NOG01449	16161904
NOG01450	11141268	16161257
NOG01451	16161856
NOG01452	15927557
NOG01453	16161613
NOG01454	16161408
NOG01455	11140655	16162576
NOG01456	15927746
NOG01457	15927177	16163515
NOG01459	16162804
NOG01460	11140946	16162909
NOG01462	16163647
NOG01463	16162436
NOG01464	15927552	16162817
NOG01465	11140393	16162644
NOG01466	11141597	15926783	16161413
NOG01467	11140948	16162907
NOG01468	15927023	16162431
NOG01469	15926383	16163202
NOG01470	16162359
NOG01471	11142561	11142673
NOG01472	11141751
NOG01473	11141748
NOG01474	11142712	16161375
NOG01475	11141525	15927186
NOG01476	16162301
NOG01478	16162826
NOG01479	11142404
NOG01481	11141274	16163673
NOG01482	11140537	15926181	16161284	16162224
NOG01483	15926555	16161222
NOG01484	15927415	16162705
NOG01485	11142096
NOG01486	11142131	15926348	16163085
NOG01487	16162809
NOG01489	16161349
NOG01490	11141118	16162730
NOG01492	15926822
NOG01493	11142288
NOG01495	16162203
NOG01496	16161248
NOG01497	16163608
NOG01498	11142075	15927003	16162872
NOG01499	11141238	16161482
NOG01500	11141469	15927602	16163441
NOG01501	15926632	15927679	16161810
NOG01502	11142592	16162041
NOG01503	11141744	15926270	16163492
NOG01504	11141178	16162585
NOG01505	11141899	15926186	16163150
NOG01506	15926722	16162874
NOG01507	11140943	15927275	16162303
NOG01508	11142097	15927199
NOG01509	11142187	15926955	16161938
NOG01510	15926305	16161442
NOG01511	15927436
NOG01512	16163322
NOG01513	16162435
NOG01514	11141788	11142607	15927383	16163166
NOG01516	15926647	16162184
NOG01517	15926820
NOG01518	11142007	16163336
NOG01519	16162527
NOG01520	11141311	16162934
NOG01521	16162507
NOG01522	11141102	15926296	16161963
NOG01523	16163415
NOG01524	11142684	15926133	16161634
NOG01526	11141728	16162531
NOG01527	16162172
NOG01529	11142225
NOG01531	11142117
NOG01533	11141487	11141752	11142403
NOG01534	11141425
NOG01535	16161228
NOG01536	16162608
NOG01538	16163355
NOG01540	11140491	16161323
NOG01541	16162449
NOG01543	16162283	16162508
NOG01544	11140567	15927412	16161405
NOG01545	15926827
NOG01546	16163493
NOG01547	15927669	16162678
NOG01549	11141625
NOG01550	11142078
NOG01551	11141086	16161652
NOG01552	16162399
NOG01553	15926449	16161278
NOG01554	16161901
NOG01555	15926983	15927032	16161423
NOG01556	11142580	15927520	16162546
NOG01557	11140920	16163542
NOG01558	15927053	16163397
NOG01559	11140825	16163119
NOG01560	11141041	15926364	16161345
NOG01561	16162394
NOG01562	11140446	15927048	16162129
NOG01563	11142200	15927302	16162326
NOG01564	16162947
NOG01565	15927290
NOG01566	11142130	15926347	16163086
NOG01567	11142370	15926761
NOG01568	16161842
NOG01569	11141674	15927507	16162021
NOG01570	16162808
NOG01571	11142577	15926995	16162029
NOG01572	11142089	15926386	16162269
NOG01573	11141637	16162520
NOG01574	11142499	15927693	16163157
NOG01576	16163487
NOG01577	11141997	15926041	16161376
NOG01578	16161294
NOG01579	16162889
NOG01580	11141198	11141511	15926359	16162732
NOG01581	16161555
NOG01583	11141431	15926114	16163114
NOG01584	11141411	15927803	16162459
NOG01585	11142226
NOG01586	16162736
NOG01587	11142115
NOG01588	11141121	15926197	16162475
NOG01589	11140953	16161403
NOG01590	16163029
NOG01591	16162353
NOG01592	11141516	15927374
NOG01593	16162603
NOG01594	11140822	15926849	16161800
NOG01595	16161923
NOG01596	11142214	15927316	16162312
NOG01598	11142311	16162500
NOG01599	11142373	15926758
NOG01600	11142367	15926776	16161435
NOG01601	11142259	15926666	16161346
NOG01602	11141207	15926742	16162173
NOG01604	15926649	16162181
NOG01605	11141271	16163670
NOG01606	11142133	16161368
NOG01607	11140575	16163221
NOG01609	11142038	15926261	16163164
NOG01610	11141300	15927577	16161826
NOG01611	15927439
NOG01612	16161612
NOG01613	11141015	15926241	16162197
NOG01614	11141603
NOG01615	16162641
NOG01616	16162456
NOG01619	11142708	16161299
NOG01620	11141432	15926113	16163113
NOG01621	16162807
NOG01622	11142196	15927298	16162330
NOG01623	15926120
NOG01624	11141235	15926719	16161569
NOG01625	11141344	15927331	16162245
NOG01626	11142369
NOG01627	15925994	16162871
NOG01628	15927463
NOG01629	11141579
NOG01631	16162100
NOG01633	11140743	15926984	15927033	16161422
NOG01634	15926480	16162712
NOG01635	11141445	16162996
NOG01636	11141013	15926239	16162199
NOG01637	11142494	15926659	16163170
NOG01639	11141818
NOG01641	11142323
NOG01642	15927783	16163430
NOG01643	11141141
NOG01644	11140791	15926569	16163399
NOG01645	11141137	16163662
NOG01646	16163360
NOG01647	15927442
NOG01648	11142338	15926841	16162572
NOG01650	11142083	15926034	16162126
NOG01651	11142653	16162072
NOG01652	16162053
NOG01653	11140581	15927431	16162478
NOG01654	16161974
NOG01655	11140921	16163543
NOG01656	16162587
NOG01657	11141834
NOG01658	16161489
NOG01659	15926382	16163201
NOG01660	11141733	15926573	16162778
NOG01661	11142162	16163022
NOG01662	15927178
NOG01663	16163348
NOG01664	11140514
NOG01665	11142495
NOG01666	11142201	15927303	16162325
NOG01667	16163526
NOG01668	11142270	15927584	16161795
NOG01669	11142039	15926116	16163163
NOG01670	11142651	16162036
NOG01672	16161227
NOG01674	11141257	16162397	16163679
NOG01675	11140425	15927085	16161316
NOG01677	16162524	16162884
NOG01678	11142446	15926262	16161933
NOG01680	11142473	16163418
NOG01681	11141039	16163410
NOG01682	16162231
NOG01683	16162205
NOG01684	11141427	16162577	16162588
NOG01685	11140632	16163514
NOG01686	16162734
NOG01687	11141537	15926778	16162568
NOG01688	16161726
NOG01689	16162350
NOG01690	11141315	16162936
NOG01691	11142389	15927664	16162975
NOG01692	11141130	16161283
NOG01693	11140656	16163120
NOG01694	15927246	16161355
NOG01695	16161481
NOG01696	15927042
NOG01697	16162087
NOG01698	11142243	16161478
NOG01699	15927117	16161279
NOG01701	11142209	15927311	16162317
NOG01702	11142444	15926274	16162921
NOG01703	11141231	16163216
NOG01704	11141264	16161253
NOG01705	11142722
NOG01706	16162721
NOG01707	16161979
NOG01708	11140857	16162259
NOG01709	16163547
NOG01710	11142009	16163334
NOG01712	11140376	15926537	16163577
NOG01713	11142207	15927309	16162319
NOG01714	16161828
NOG01715	16162558
NOG01717	11142610	15926011
NOG01718	11141089	15927373	16162562
NOG01719	16162287	16163534
NOG01720	16162995
NOG01721	11142144	16162445
NOG01722	11142501	15927555	16163286
NOG01723	11142464
NOG01724	11140328	16162906
NOG01727	15926893
NOG01728	16163507
NOG01730	11142053
NOG01731	11140455	16163070	16163200	16163264	16163407	16163585	16163645
NOG01732	15926117	16162676
NOG01733	11141875	16161430
NOG01734	11142483
NOG01736	15927443
NOG01737	11140598	15926910	16161778
NOG01738	11142305	16162954
NOG01739	11141029	16163417
NOG01741	16161973
NOG01742	11141732	15926317	16162007
NOG01743	16162380
NOG01745	11142132	16161370
NOG01748	16162619
NOG01750	16163058
NOG01751	15927360
NOG01752	16161383
NOG01753	11141359	15927348
NOG01754	16161254
NOG01755	16161221
NOG01756	16163525
NOG01759	16161532
NOG01760	16162230
NOG01761	11142172	16163002
NOG01762	11141583	16162900
NOG01763	16161252
NOG01764	11140730	15926903	16163488
NOG01765	15927526	16161218
NOG01766	15927460
NOG01767	11141284	11142045	11142048	16161552
NOG01769	16162528
NOG01770	16161905
NOG01771	11141117
NOG01772	11141496	15927088	16161892
NOG01773	11140998	16161567
NOG01774	11141634	15927695	16162944
NOG01775	11142639	16162811
NOG01776	16161977
NOG01777	16163215
NOG01778	11140901	16161304
NOG01779	11140677	16161588
NOG01780	16163435
NOG01781	11141371	16161399
NOG01782	16161975
NOG01783	11142679	15927008
NOG01784	11140531	15927789	16162083
NOG01785	11141685	11142709	15926513	16161446
NOG01786	15926836
NOG01787	11142698	16161524
NOG01788	16162302	16163465
NOG01790	11140761	11142541
NOG01793	11141792	15927691	16161462
NOG01795	11141409	15927612	16163405
NOG01796	11142171	16163001
NOG01797	15927523	16163640
NOG01798	15926704	16162931
NOG01799	11142008	16163335
NOG01800	16162567
NOG01801	11141353
NOG01802	11140402	16161770
NOG01803	16162112
NOG01804	15926013	16162714
NOG01805	11141497	16161891
NOG01806	11140574	16163220
NOG01807	15927185	16163621
NOG01808	15926973	16163491
NOG01810	15926492	16162590
NOG01811	11140981
NOG01812	11141308	16163342
NOG01813	16162104
NOG01814	16161350
NOG01815	15927739	16163658
NOG01816	11140657	16163569
NOG01817	11142348	15926734	16162982
NOG01818	11141591
NOG01819	15927115
NOG01820	11140905
NOG01821	15927142	16162236
NOG01822	16163213
NOG01824	11140346	16162704
NOG01825	16163241
NOG01827	15926842	16162573
NOG01828	16162225
NOG01829	16161548
NOG01831	16161906
NOG01833	15926093	15927750	16163186
NOG01834	16162159	16162991
NOG01835	11141408	15926676	16163324
NOG01836	16162351
NOG01837	16163402
NOG01838	16162398
NOG01839	16161599
NOG01840	16161857
NOG01841	11141363
NOG01842	15926381	16161700
NOG01843	11141293
NOG01845	11141474	16162795
NOG01846	11141950	16161913
NOG01847	16162699
NOG01848	16163461
NOG01849	11141266	16161255
NOG01850	11142534	16161808
NOG01851	15927441
NOG01852	11141352
NOG01853	16163159
NOG01854	16162763
NOG01855	15926309	16162030
NOG01856	16162910
NOG01857	15927452
NOG01859	16161976
NOG01860	15927438
NOG01861	16161392
NOG01862	16162918
NOG01863	16162722
NOG01864	11141358
NOG01865	16161429	16163238
NOG01866	11142525	16163298
NOG01868	15927114	16163056
NOG01869	11142257	16161583
NOG01870	11140389	16163018
NOG01871	16163511
NOG01872	16163054
NOG01873	11141019
NOG01875	15927665	16162976
NOG01876	15926293	16162959
NOG01879	15926423	16162006
NOG01880	11140436	16162266
NOG01881	16161381
NOG01882	11140357	11140639	15927158
NOG01883	16162566
NOG01884	11142016	16163678
NOG01885	16163246
NOG01886	15926721	16162875
NOG01887	15926883	16161663
NOG01888	15927550	16162082
NOG01889	11142290	16162392
NOG01890	16162966
NOG01891	16161834
NOG01892	11141097	16163595
NOG01893	11142363	15926220	16161239
NOG01895	11142724
NOG01896	16161839
NOG01897	16162054
NOG01898	15927313	16162315
NOG01901	11142178	16161947
NOG01902	16163331
NOG01904	11140325	11140330	16162904
NOG01905	16161971
NOG01907	11140635	15927166	16163530
NOG01909	11140636	15927165
NOG01910	15927002
NOG01911	15926425	16162004
NOG01912	15926111	16163111
NOG01914	11141176
NOG01915	16161518
NOG01916	16161896
NOG01919	15926037	16162188
NOG01920	11140949	16161276	16161302	16161851	16162658	16163521
NOG01921	16162806
NOG01922	16161898
NOG01923	16163199
NOG01924	16162149
NOG01925	11141679	16162016
NOG01927	16162718
NOG01929	11140427	15927255	16161215
NOG01930	15926826
NOG01931	11140523	16161465
NOG01933	11142147	16161432
NOG01934	16161727
NOG01935	11141072	16161804
NOG01936	16161843
NOG01937	16162110
NOG01938	15926837
NOG01939	11141481	16163436
NOG01940	16162723
NOG01942	16161251
NOG01944	11140694	16162146
NOG01945	15927113	16163057
NOG01946	16162452
NOG01948	11142620	15927268	16162132
NOG01949	16162955
NOG01950	11140670	15927725	16161655
NOG01951	16163506
NOG01952	11140423
NOG01953	16163500
NOG01954	16162291
NOG01955	11142596
NOG01956	11142216	16162310
NOG01957	11140879	16163481
NOG01958	11141426	16162582	16162583
NOG01960	16162881
NOG01961	16162525
NOG01962	15926510
NOG01964	11140787	16162346
NOG01965	15926501	16161497
NOG01966	16161519
NOG01968	16161357
NOG01969	16162446
NOG01970	11140354	16162819
NOG01971	16162856
NOG01972	11141886	16162591
NOG01973	16162779
NOG01974	11141793	16162081	16162951
NOG01975	16163356
NOG01976	15926917	15927561	16163187
NOG01977	11140597	16163489
NOG01978	15927034
NOG01979	11141585	16161658
NOG01980	11140674	15926753	16161546
NOG01981	11140401	16161769
NOG01983	11141412	15926237	16162458
NOG01984	11141670	15926291	16162961
NOG01985	11142496
NOG01986	11142329	15926906	16162504
NOG01987	11140642	15926990	16163617
NOG01988	16162620
NOG01990	16161456
NOG01993	16161651
NOG01994	11140348	15927377	16163618
NOG01995	11142013
NOG01996	16163059
NOG01997	16161886
NOG01998	11140859	16162940
NOG02001	16162882
NOG02002	15927743
NOG02004	11141807	15926796	16163376	16163448
NOG02005	15927449
NOG02006	16162683
NOG02007	11142482
NOG02008	16161418
NOG02010	16162762
NOG02011	11140906
NOG02012	11140415	16162388
NOG02013	16163652
NOG02014	16161986
NOG02015	11141433	15926112	16163112
NOG02016	16162158
NOG02017	15927020	16162902
NOG02018	15927112	16161677
NOG02020	11141256
NOG02021	11140419
NOG02022	16162105
NOG02023	15927486
NOG02025	16161639
NOG02026	16162101
NOG02027	11141378
NOG02028	15926372	15926838	15927738
NOG02030	15927105	16162836
NOG02031	16162649
NOG02032	15927707
NOG02034	16162701
NOG02035	11142240	16161659
NOG02036	11142635
NOG02038	16161890
NOG02040	15926835
NOG02041	15926885	16163030
NOG02042	11140505	16162293
NOG02043	16162382
NOG02044	11142597
NOG02045	16161574
NOG02047	15927483
NOG02048	11140613	16162235
NOG02050	15927611	16163404
NOG02054	16162441
NOG02055	16163123
NOG02056	11142357	15926214	16161233
NOG02057	15927504
NOG02060	11140614	16163009
NOG02061	11140461
NOG02062	15926526
NOG02063	16161605
NOG02065	11141635	15927694	16162943
NOG02066	16161453
NOG02068	16162607
NOG02070	16161817	16161821
NOG02071	11141365	16163643
NOG02072	15926889
NOG02073	16162352
NOG02074	11140856	16162260
NOG02075	16162622
NOG02076	15926646	16162183
NOG02077	16163037
NOG02078	16162111
NOG02079	11140732	15926207	16162268
NOG02080	11142399
NOG02082	11141357	15927346
NOG02084	15927294	16163389
NOG02085	16163438
NOG02086	11141923
NOG02087	16162526
NOG02088	16161606
NOG02089	16162913
NOG02090	11142600
NOG02091	15926999	16162290
NOG02094	15926528	16162348
NOG02095	16161458
NOG02096	11141730	16163141
NOG02097	11140596
NOG02098	15927453
NOG02099	11141959	16162854
NOG02101	11140977	16162176
NOG02102	16163287
NOG02103	15926574
NOG02104	16161224
NOG02105	16162102
NOG02107	15926380	16161701
NOG02108	16161862
NOG02109	11142156	16163006
NOG02110	16162694
NOG02111	16162433
NOG02113	16163218
NOG02114	11140840	16162047
NOG02115	11141167	15926109	16161273
NOG02119	16162271
NOG02120	16161431
NOG02121	16162783
NOG02123	15927454
NOG02124	16162554
NOG02125	11140902	16161305
NOG02126	11142170	16163013
NOG02128	16161225
NOG02130	15926136	16161633
NOG02131	16163295
NOG02133	15926824
NOG02134	16161972
NOG02135	16161922
NOG02136	16161932	16162190
NOG02137	16162031
NOG02138	11140399
NOG02139	11142677	16162182
NOG02140	16161534
NOG02142	16161450
NOG02143	11142012
NOG02144	11142204	16162322
NOG02145	16162164
NOG02148	15926201
NOG02149	16162852
NOG02150	15927645	16162849
NOG02151	16162788
NOG02152	11141390	16161394
NOG02153	11142157	16161696
NOG02154	11142603
NOG02157	15926927
NOG02158	16161887
NOG02159	16162624
NOG02160	11142011
NOG02161	16162288	16163535
NOG02162	15926832
NOG02163	11142164	16163020
NOG02166	11140358	11140640	15927157
NOG02167	15926439
NOG02168	11141329	15926243
NOG02169	11140555	15927573
NOG02170	11141006	15927104
NOG02171	11142302
NOG02173	15926244	16162760
NOG02175	11141909	15927263
NOG02177	11141694
NOG02179	11140624	11141611	11141684	11141710	11142004
NOG02181	11142247
NOG02182	16161449
NOG02183	11140971	15927222
NOG02186	11141038	15926393
NOG02187	11141252	16162238
NOG02188	11141532	11141533
NOG02189	11141815
NOG02190	11141907
NOG02193	15926991	16163473
NOG02194	15926027	16162688
NOG02195	16162427
NOG02197	11142266
NOG02198	11141494
NOG02199	16162615
NOG02200	16163294
NOG02201	16161261
NOG02202	11140717	15926774
NOG02204	16161837
NOG02205	16163565
NOG02206	16162088
NOG02207	16161454
