NOG00001	10534009	16236536	68421100
NOG00002	10534708	16235904	68419532
NOG00003	10535540	16236480	68420882
NOG00004	10533866	10534415	68421143	68421186	68419970
NOG00006	10535660	16235481	68419061
NOG00007	10535716	16236440	68419169
NOG00009	10535555	16236722	68419939
NOG00010	10534884	16236081	68420508
NOG00011	10535914	16236922	68420154
NOG00012	10535665	16237102	68421047
NOG00013	10535303	16237235	68421142
NOG00014	10535742	16235560	68419747
NOG00015	10535434	16237161	68420486
NOG00016	10534364	16236799	68420660
NOG00017	10533997	16236942	68419310
NOG00018	16236136
NOG00019	10535903	16235220	68419144
NOG00020	10535453	16237238	68420503
NOG00021	10535676	16237113	68421058
NOG00022	10534794	16235556	68420954
NOG00023	10534712	16235734	68421194
NOG00024	10535156	16237079	68420005
NOG00025	10534721	16236950	68420038
NOG00027	10535804	16235723	68420557
NOG00028	16236682	68419988
NOG00029	10534976	16235495	68420123
NOG00030	10533889	16236681	68419556
NOG00032	10535284	16236305	68420672
NOG00033	10535796	16235404	68420526
NOG00034	10535464	16235843	68419475
NOG00035	10535401	16235349	68420825
NOG00036	10535781	16236689	68419995
NOG00037	16236578	68419135
NOG00038	10534535	16236263	68419437
NOG00039	10535267	16236671	68420935
NOG00040	10534326	16236288	68420240
NOG00041	10533886	16237198	68420108
NOG00042	10535018	68419390
NOG00043	10534829	16236847	68419132
NOG00044	10533925	16235588	68420872
NOG00045	10535726	16235985	68420979
NOG00046	10535050	16236701	68419669
NOG00047	10535505	16237083	68419589
NOG00048	10535561	16236765	68420914
NOG00049	10535023	16235205	68419111
NOG00050	10535778	16236929	68419174
NOG00051	10534267	16235142	68419232
NOG00052	10533955	16237192	68420105
NOG00053	10535527	16236735
NOG00054	10534925	16237157	68419694
NOG00055	10534336	16236122	68420233
NOG00056	10534175	16236246	68420221
NOG00057	10534140	16235427	68421324	68421325
NOG00058	10535749	16235708	16236024	68419375
NOG00059	10534895	16236635	68420130
NOG00060	10535195	68419484
NOG00062	10535802	16235725	68420559
NOG00063	10533891	16235543	68419000
NOG00064	10535040	68419290
NOG00065	10534314	16236486	68419794
NOG00067	10535021	16236875	68421120
NOG00068	16235775	68421333
NOG00069	10534061	16236202	68419340
NOG00070	10534033	16235415	68420861
NOG00072	10535655	16235978	68419552
NOG00073	10535734	16236840	68420698
NOG00074	10535727	16236029	68419763
NOG00075	10535103	16236396	68420938
NOG00076	10535720	16236153	68419168
NOG00077	10535497	16237278	68419277
NOG00079	10533953	16235847	68420953
NOG00080	16236091
NOG00082	10534867	16235326	68420780
NOG00083	10533874	16235298	68420193
NOG00084	10535747	16236813	68421316
NOG00085	10535606	68419578
NOG00086	10535691	16237128	68421072
NOG00088	10534113	16235293	68420190
NOG00089	10534290	16235872
NOG00090	10535570	68419932
NOG00091	10535299	16235160	68420429
NOG00093	10533873	16236047	68421035
NOG00094	10535467	16236946	16236947	68419022
NOG00095	10535628	16236115	68419073
NOG00096	10535110	16236086	68419063
NOG00097	10534992
NOG00099	10534138	16237254	68420687
NOG00100	16237169
NOG00101	10535211	16236205	68419353
NOG00102	10534325	68420241
NOG00103	10534078	16235731	68419283
NOG00104	10535618	16236899	68419876
NOG00105	16236527
NOG00106	16235667	68421030
NOG00107	10534373	16236238
NOG00108	10535403	16235261	68420826
NOG00109	10534323	16236286	68420243
NOG00110	10534552	10535242	16236322	68419885
NOG00111	16235783	68419446
NOG00113	10535907	16235472	68419099
NOG00114	10534554	10534557	68421226
NOG00115	10535437	16235826	68419899
NOG00116	10535393	16235754	68419894
NOG00118	10534741	16236924	68419078
NOG00119	10535590	16236900	68420655
NOG00120	10534245	16237031	68420851
NOG00121	10535687	16237124	68421068
NOG00123	10535125	16236519	68420606
NOG00124	10535865	16236824	68420149
NOG00125	16235428	68420684
NOG00126	10533906	16236457
NOG00127	10534437	16235742	68420809
NOG00128	10534280	16236650	68420757
NOG00129	10535152	16235680	68421273
NOG00130	10534834	16235389	68420217
NOG00131	10534018	16235759	68420065
NOG00132	10535808	10535809	16235703	68420398
NOG00134	10534010	16236638	68419365
NOG00135	10534802
NOG00136	10534351	16236539	68420397
NOG00138	10534340	16236792	68420881
NOG00139	10534419	10535782	16236688	68419994
NOG00140	10534961	16235712	68419014	68421486
NOG00142	10535757	16237038	68419821	68420012
NOG00144	10535295	16235164	68420433
NOG00145	16236150
NOG00146	10535689	16237126	68421070
NOG00147	10534258	16236531	68420027
NOG00148	16235571
NOG00149	10535386	16235189	16235755	68420067
NOG00150	16235300	68419109
NOG00151	10534971	16236258	68420704
NOG00152	10534636	10535220	16237270	68419229
NOG00153	10535476	16236907	68419427
NOG00154	10535032	16236866	68420093
NOG00155	16235672
NOG00156	10535521	68420335
NOG00159	10534049	16235272	68420540
NOG00160	10535890	16235676	68419414
NOG00162	10534020	16235852	68420388
NOG00163	10535438	16236051	68420204
NOG00164	10534633	10534661	16237273	68419219
NOG00165	10535353	16235629
NOG00166	10535751	16235263	68420205
NOG00167	10534238	16236768	68420917
NOG00168	10533959	16236426	68420391
NOG00169	10534471	16236567	68420710
NOG00170	10535030	16236868	68420095
NOG00171	10535026	16237258	68420690
NOG00172	10535007	16235935	68419740
NOG00173	10534024	16237176	68419163
NOG00174	10535216	16236132	68420879
NOG00175	10535155	16237218	68420908
NOG00177	10534774	16235943	68419182
NOG00178	10534898	16236377	68421106
NOG00179	10534208	16236644	68419366
NOG00181	10535744	16235450	68420366
NOG00182	10533927	16236378	68420049
NOG00183	10535799	10535800	16235727	68420561
NOG00184	10535582	16236410	68419839
NOG00185	10534056	16235456
NOG00186	10534722	16236229	68420270
NOG00187	10535444	16236549	68419027
NOG00189	10534882	68420510
NOG00190	16235193	16235951	68421096
NOG00191	10535551
NOG00192	10533882	16235252	68419701
NOG00193	10534911	16236265	68420091
NOG00194	10534361	68420657
NOG00195	16237068	68419921
NOG00197	10534147
NOG00198	16236782	68419779
NOG00199	10535853	16235607	68419320
NOG00200	10534846	16235491	68419847
NOG00201	10534850	16236040	68420404
NOG00202	10535433	16237160	68420485
NOG00203	10535422	16235473	68419371
NOG00204	10534734	16237004	68420668
NOG00205	10535871	16236916	68420162
NOG00208	10535626	68419673	68419600
NOG00210	10534318	16235465	68421204
NOG00211	10533996	16235416	68420860
NOG00212	10533976	16235468	68421201
NOG00213	10535608	68419576
NOG00215	10534360	16236803	68419881
NOG00216	10535198	16236395	68419841
NOG00217	16236046
NOG00218	10535708	16236296	68419837
NOG00220	16236392	68420043
NOG00222	10534709	68419533
NOG00223	10535584	16236193	68419891
NOG00224	10533950
NOG00225	16236482	68420622
NOG00226	16236376
NOG00227	10534914	68419853
NOG00228	10533948	16235490	68420454
NOG00229	10533908	16236167	68420639
NOG00230	10535051	16236174	68420625
NOG00231	10534999	16236312	68420407
NOG00232	10534465	16235200	68419547
NOG00234	10535677	16237114	68421059
NOG00235	10534768	16236776	68419045
NOG00236	10535631	16236762	68420642
NOG00237	10535643	16236446	68419782
NOG00238	10533933	16236926	68421168
NOG00239	10534897	16235976	68420629
NOG00240	10534739	16235230	68419083
NOG00241	10534906	16237059	68420026
NOG00242	10534642	68419209
NOG00243	10535702	16235866	68420575
NOG00244	10535843	16235748	68420050
NOG00245	10535649	16236589	68419154
NOG00246	10534442	16235957	68419754
NOG00247	10534042	16235265	68420533
NOG00248	10535867	16236819	68420170
NOG00249	10535262	16235566	68419757
NOG00250	10535112	68420991
NOG00251	16237233	68421140
NOG00252	10534197	16236665	68420738
NOG00253	10533966	16235295	68420191	68420828
NOG00254	10534225	10535077
NOG00256	10534691	68421097
NOG00257	10534063	16235879	68421365	68421366
NOG00258	10534101	16237173	68420112
NOG00259	10535578
NOG00261	10535600	16237071	68419615
NOG00262	10535739	16236791	68420173
NOG00263	10534685	16237099	68421044
NOG00264	10535780	16237063	68419603
NOG00265	16236390	16236391	68420044
NOG00266	10534186	16235854	68420445
NOG00268	10533944	16235849	68420950
NOG00269	16235194	16235950	68421095
NOG00271	10535417	68420999
NOG00272	10535723	68419583
NOG00273	10533923	16236784	68420504
NOG00274	10535158	16236175	68420374
NOG00275	10534865	16235276	68420777
NOG00276	10535349	16235698	68420153
NOG00278	16237248	68420351
NOG00279	10535898	16236507	68419688
NOG00280	10534522	68419272
NOG00281	10535003	16236781	68419780
NOG00282	10534620	68421138	68421400
NOG00283	10534038	16235407	68420529
NOG00284	10534341	16236855	68419849
NOG00285	10535300	16235159	68420428
NOG00286	10535750	16236025	68419374
NOG00287	10535627
NOG00288	10534910	16236064	68419288
NOG00289	10535864	16236825	68420150
NOG00290	10535887	16235682	68419412
NOG00291	10535824	16235855	68421034
NOG00292	10534026	16237231	68420146
NOG00293	10535620	16235443	68420893
NOG00294	10534130	16237184	68420100
NOG00295	10534969	16237155	68419692
NOG00296	16237018	68419324
NOG00297	10535118	16236455	68419798
NOG00298	10534783	16236783	68419778
NOG00299	10535000	16236137	68420408
NOG00300	10535728	16236028	68419762
NOG00303	10535371	16235898	68419245
NOG00304	10535423	16237044	68420015
NOG00305	10535169	16235890	68419253
NOG00306	10534873	16235332	68420786
NOG00307	10534453	16235937	68420613
NOG00308	16235253	68420833
NOG00309	10535137	16236309	68419826
NOG00310	10534079	16235496	68419848
NOG00312	10535844	16236574	68419137
NOG00313	10535123	16236905	68420855
NOG00314	10534276	10534676	10535084	16235530	68421372	68421373
NOG00315	10534334	16236124	68420236
NOG00317	10535869	16236914
NOG00318	10535891	10535893	16235693	68419415
NOG00319	10534726	16237219	68420911
NOG00321	10533876	16235772	68421180
NOG00323	10535663	16235484	68419058
NOG00324	10534730	16236233	68420274
NOG00325	10535399	16237025	68419428
NOG00326	10534295	16235762	68420062
NOG00328	10534693	16236978	68420547
NOG00330	10534005	68420721
NOG00331	10534448	16236611	68420582
NOG00332	10534411	16235912
NOG00333	10535579
NOG00334	10534359	16236432	68420395	68420396
NOG00335	10535822	16235555	68420611
NOG00336	10535369	16236698	68419670
NOG00337	10535793	16235341	68420565
NOG00338	10534881	68420790
NOG00339	16235238	68420345
NOG00341	16236702
NOG00342	10535773	68420039
NOG00343	16236645	68419368
NOG00344	16235813	68420187
NOG00346	10535595	16236893	68420961
NOG00347	10535312	16235833	68419906
NOG00348	10535908	16235461
NOG00350	10535840	68419309
NOG00351	16236245
NOG00352	10535848	16235424
NOG00353	16235730	68419284
NOG00355	10534211	16237037	68420380
NOG00356	10534913	16237039	68420013
NOG00357	10535398	16237026	68419429
NOG00358	16235236
NOG00359	10534930	16235398	68420516
NOG00360	10535427	16237048	68420019
NOG00362	10534853	16236038	68420402
NOG00363	10535839	16235283	68421220
NOG00365	10534688	16236164	68420640
NOG00366	10533951	16236759	68420595
NOG00368	10535138	16236307	68419829
NOG00369	10535669	16237106	68421051
NOG00370	10534000	16237168	68420116
NOG00371	10535436	16237163	68420487
NOG00373	10535405	16236325	68419882
NOG00374	10535514	16237092	68419598
NOG00375	16236657
NOG00376	16236694	68420325	68421381	68420847
NOG00377	10535661	16235482	68419060
NOG00378	10534137	16237256	68420688
NOG00379	10535786	16236121	68420232
NOG00380	10534397	16235550	68420962
NOG00382	10534274	10534673	16235130	68419192
NOG00384	10535144	16237134	68421018
NOG00385	10534950	16235410	68419042	68419043
NOG00387	10535264	16235568	68419759
NOG00388	10535791	16235254	68420832
NOG00389	10535550
NOG00390	10535452	16237033	68419609
NOG00391	10533935	16237247	68420491
NOG00392	10534251	16236540	68420472
NOG00393	10535344	68419007
NOG00394	10535276	16235997	68419640
NOG00395	10535821	68420598
NOG00396	10534164	10534701	16235662	68421026
NOG00397	10535479	16236647
NOG00398	10534718	16237077	68419607
NOG00400	10535210	16236206	68419354
NOG00401	10534099	16235765	68420444
NOG00402	10533995	16235429	68420080
NOG00403	10535459	16236196	68420029
NOG00405	10534966	16236951	68420037
NOG00406	10535043	16235392	68421456	68421457
NOG00407	10533975	16235467	68421202
NOG00408	16235409	68420531
NOG00410	16235620	68421177
NOG00411	10534377	16235578	68420867
NOG00412	10534106	16235336	68420791
NOG00413	10535238	68419113
NOG00415	16236871
NOG00416	16235599	68419698
NOG00417	10534891	16235523	68420121
NOG00418	10533892	16235544	68418999
NOG00419	10535008	16236624	68421000
NOG00420	10535199	68419843
NOG00423	10535097	68420846
NOG00424	10535646	16236215	68420646
NOG00425	10535828	16236888	68419396
NOG00426	10535500	16236842	68420696
NOG00427	10535194	68419483
NOG00428	16236053	68419305
NOG00429	10534098	16235342	68419038	68420793
NOG00430	10534129	16235430	68420079
NOG00431	10535260	16235445	68420371
NOG00432	10535439	16236050	68420203
NOG00434	10535519	68420245
NOG00435	10534226	10535078
NOG00436	10534127	68420858
NOG00437	16236872	68419403
NOG00438	10534464	16237212	68420678
NOG00439	10535567	16236714	68419933
NOG00440	10534122	16235622	68419236
NOG00441	16235632	68419562
NOG00442	10534189	16235617	68421173
NOG00443	10535380	16235887	68419254
NOG00444	10534065	16235348	68420797
NOG00445	10535268	16236789	68420390
NOG00446	16236266
NOG00447	10535571	68419931
NOG00448	10535714	16236271	68419773
NOG00449	10534191	16235619	68421176
NOG00450	10535280	16236049	68419677
NOG00451	10534321	16235310	68420378
NOG00452	10535886	16236883	68419401
NOG00453	10535575	68419927
NOG00454	10534383	16235313	68420762
NOG00455	10534100	16235766	68420443
NOG00456	10533962	16236429	68420394
NOG00457	10534085	16237015	68420661
NOG00458	10535142	16236449	68419303
NOG00459	10534406	16235980	68420973
NOG00460	10534858	16235320	68420770
NOG00461	16236284
NOG00462	10534259	68420028
NOG00463	10534126	68420859
NOG00464	10534142	68419338
NOG00466	10535266	16236672	68420934
NOG00467	10534204	16236655	68420227	68420744
NOG00468	10535114	16236780	68420993	68420813
NOG00469	10535492	16236861	68420178
NOG00470	10535206	16235474	68419370
NOG00471	10534755	16236956	68420623	68420921	68420922
NOG00472	10535345	68419006
NOG00473	10535712	16236669	68419700
NOG00474	10534859	16235321	68420771
NOG00475	10534917
NOG00476	10535574	68419928
NOG00477	10534315	16235462	68421207
NOG00478	10533993	16235306	68419103
NOG00479	10534499	10534745	16236176	16236474	68420905
NOG00480	10535659	16236079	68419300
NOG00481	16236586	68420725	68421431	68421432
NOG00482	10534143	68419337
NOG00483	10533964	16236208	68419356
NOG00484	10534460	16235438	68420122
NOG00485	10535607	68419577
NOG00487	10535451	16236264
NOG00488	10534455	16235940	68420616
NOG00489	16236021
NOG00490	10534778	68419178
NOG00491	10534424	16235379	68420040
NOG00492	10535623	16235144	68419091
NOG00495	10535128	16236160
NOG00496	10534543	16235804	68419925
NOG00497	10535272	16235485	68420452
NOG00498	10535629	16235549	68419297
NOG00499	16235532	68420806
NOG00501	10535229	16235140	68419220
NOG00502	16236786	68420587
NOG00503	10534727	16236194	68420593
NOG00504	10535395	16236394	68420041
NOG00505	10534355	16235351	68420210
NOG00506	10534345	16236074	68419364
NOG00507	10534604	68419966
NOG00509	10535512	16237090	68419596
NOG00510	10533943	68420951
NOG00511	10534246	16236436	68419413
NOG00512	16236491
NOG00514	10535812	16237054	68419917
NOG00516	10534855	16236274	68419777
NOG00517	10534801
NOG00518	16235563
NOG00519	10534805
NOG00520	10534775	68419181
NOG00522	10534330	16236045	68420090
NOG00524	10535806	16236869	68419629
NOG00525	10534830	16235385	68420213
NOG00526	16236779	68420992
NOG00527	10534332	68420088
NOG00528	10535538	16235628	68419242
NOG00529	10535833	16236685	68419991
NOG00530	10534928	16235650	68420075
NOG00535	10535919	16235986	68421157
NOG00536	10534150	16235883	68419256
NOG00537	10534980	16236969	68420466
NOG00539	10535031	16236867
NOG00540	10535428	16237049	68420020
NOG00541	10534399	16235552	68420964
NOG00542	10534155	16235806	68419924
NOG00543	16236069	68421347	68421346
NOG00545	10534077	16236579	68419134
NOG00547	16236211	68420590
NOG00548	10534068
NOG00550	10535240	16236178	68421003
NOG00551	10534496	68421306
NOG00552	10534477	16237203	68420329
NOG00553	10534863	16235325	68420776
NOG00555	10533895	68420323
NOG00556	10535364	16236319	68419889
NOG00559	10534177	16235942
NOG00560	10535305	16236793	68420886
NOG00561	10534476	16237032	68421466	68421465
NOG00562	10535664	16237101	68421046
NOG00563	10534270	10534669	16235133	68419195
NOG00564	10534366	16236679	68419674
NOG00565	10534358	16235153	68419095
NOG00566	10535857	16235611	68419316
NOG00567	10535733	16236756	68419155
NOG00568	10535431	68421218
NOG00569	10534058	16235458	68421212
NOG00570	10535870	16236915	68420163
NOG00571	10535715	16236158	68420281
NOG00572	10534997	16236177	68419797
NOG00573	10534435	10534436
NOG00574	10534459	16236276	68421038
NOG00575	10535279	16236323	68419884
NOG00576	10535637	16236500	68419682
NOG00577	10535658	16235801	68419514
NOG00578	10535913	16235522	68420929
NOG00579	10533926	16236379	68420048
NOG00580	10535462	16236199	68420032
NOG00581	16235354
NOG00584	10534105	16235572	68419039
NOG00585	10535463	16236198	68420031
NOG00586	10535442	16236551	68419029
NOG00587	10535420	16237001	68420671
NOG00589	16236210	68420589
NOG00590	16235704	68419381
NOG00591	10533884	16235250	68419703
NOG00592	16236821
NOG00593	16236512	68419690
NOG00594	10534780	16236433
NOG00595	10535415	16237146	68419498
NOG00596	10534536	16237150	68419502
NOG00597	10534818	16236703	68420257
NOG00598	10535335
NOG00601	10535851	68421395	68421396
NOG00603	16235355
NOG00605	10534986	68419119
NOG00606	10534229	16236534	68421098
NOG00607	10535690	16237127	68421071
NOG00608	10535049	16236864	68421474	68421475
NOG00609	16235352	68420211
NOG00610	10535404	16235480	68420674
NOG00612	10534319	16235156	68420376
NOG00613	10534030	16236580	68421039
NOG00614	16236145
NOG00616	10535166	16236332	68419634
NOG00617	10535318	16235827	68419900
NOG00618	10533883	16235251	68419702
NOG00619	10535766	16235400	68420519
NOG00620	10535480	16236629	68420996
NOG00621	10535383	10535616	16236830	68420967
NOG00622	10535815	16236770	68420920
NOG00623	16235960
NOG00624	10534481	16235358	68420386
NOG00625	10535196
NOG00626	10534539	16237153	68419505
NOG00627	10534618	68421108
NOG00628	10535085	10535086
NOG00629	10535445	16236548	68419026
NOG00630	10535721	16235981	68420974
NOG00632	10535012	68419383
NOG00633	10535794	16235590	68421159
NOG00634	10535443	16236550	68419028
NOG00635	10534311	10534313	16235141	68419231
NOG00636	10534278	16236130
NOG00637	10535319	16236940	68419312
NOG00638	10534921	16236934	68419560
NOG00639	10535645	16236214	68420645
NOG00640	10534203	16236659
NOG00641	10534328	16235690	68420238
NOG00642	10534196	16236666	68420737
NOG00643	10534757	68421076
NOG00644	10535275	16235998
NOG00645	10535286	16235303	68419106
NOG00646	10535635	16236503	68419684
NOG00647	16235820
NOG00649	10535609	10535798	10535835	16235728	16236683	68421401	68421341
NOG00650	10535042	16235393	68420363
NOG00651	16235311	68420760
NOG00652	10535367	16235840	68421440	68421441
NOG00653	10535588	16236903	68419564
NOG00654	10535591	16236898
NOG00655	10534776	16235945	68419180
NOG00656	16236114
NOG00657	10534866	68420778
NOG00658	10535342	16236809	68419339
NOG00659	10535310	16235835	68419908
NOG00660	10535200	68419844
NOG00661	10535429	16237050	68420021
NOG00662	10535209	16236603	68419153
NOG00663	16236726
NOG00664	10535482	16235774
NOG00665	10535790	16235589	68421158
NOG00666	10534045	16235268	68420536
NOG00667	10535639
NOG00668	10534871	16235330	68420784
NOG00669	10534011	16235860	68420955
NOG00670	10535311	16235834	68419907
NOG00672	10534064	16235880	68420053
NOG00673	10534349	68420024
NOG00674	10534892	16235911	68419524
NOG00675	10534756	68421077
NOG00676	10535273	16236000
NOG00677	16235851	68419515
NOG00678	10534184	16236991	68419335
NOG00679	16236911	68419801
NOG00681	10534132	16237179	68420097
NOG00682	10535920	16235988	68421155
NOG00683	16236826
NOG00684	16236949	68419023
NOG00686	10535019	16236443	68419783
NOG00687	10534979	16236970	68420673
NOG00688	10534296	16235761	68420063
NOG00690	10534234	68420135
NOG00692	10535355	16237056	68419915
NOG00694	10535785	16235437	68419987
NOG00695	10533924	16235587	68420873
NOG00696	10535529	16236737
NOG00697	10534002	16237167	68420117
NOG00698	10535271	68421496	68421497
NOG00700	16236954	68420927
NOG00701	10535245	16235822	68419273
NOG00703	10535181
NOG00704	10534710	16236253	68420549
NOG00705	10534249	16236617	68420475
NOG00706	10535432	16237159	68420484
NOG00709	10535788
NOG00710	10535694	16236441	68419170
NOG00712	10534034	16235414	68420862
NOG00714	10534112	16235294	68420827
NOG00715	16236090	16236096
NOG00716	10534048	16235271	68420539
NOG00717	16235370	68421081
NOG00718	10535360	16235769	68420200
NOG00720	10533958	16237186
NOG00721	10533939
NOG00722	10535159	16235992	68419133
NOG00723	10535562	16236766	68420915
NOG00724	10535779	16236930	68419173
NOG00725	10535435	16237162
NOG00726	10534170	16235640	68421019
NOG00727	16235925
NOG00728	16237191	68420103
NOG00731	10535248	16236761	68420265
NOG00732	10534831	16235386	68420214
NOG00734	10534412	16237206	68419161
NOG00735	10534795	16236281	68420343
NOG00736	10534297	16235548	68420808
NOG00737	10534903	16236134	68420586
NOG00738	10535846	16237066	68419605
NOG00739	10534478	16235247	68419985
NOG00741	10535487	16236226	68419081
NOG00742	10535644	16236213	68420644
NOG00744	16235448	68420368
NOG00745	16235576
NOG00746	16236066	68420600
NOG00747	10535836	16235285	68419037
NOG00748	10535858	16235612	68419315
NOG00749	10535119	68421514	68421513
NOG00751	10533987	16236757	68419720
NOG00753	10535633	16236505	68419686
NOG00754	10535776	16236019	68420142
NOG00755	10535707	16236295	68419836
NOG00758	10535298	16235161	68420430
NOG00759	10534324	16236287	68420242
NOG00760	10533972	16235211	68419147
NOG00761	10535236	16235475	68419369
NOG00762	10534848	16236170	68419727
NOG00763	10534265	16236448	68419846
NOG00766	10535911	16236255	68420548
NOG00768	10534458	16235503	68421350	68421351	68420355
NOG00770	10535381	16235884	68419255
NOG00771	10535448	16236773	68420266
NOG00772	10534382	16235314	68420763
NOG00773	10535481	68420542
NOG00775	10535544
NOG00776	10535131
NOG00777	16237006	68420666
NOG00778	10535535	16235492
NOG00779	10534967	16236952	68420036
NOG00780	10534007	16236538	68421102
NOG00781	10535882	16236892	68419392
NOG00782	10534938	16236484
NOG00783	10534086	16237014	68420662
NOG00784	10534037	16235395	68420865
NOG00785	10533946	16236560	68420948
NOG00788	10535713	16236270	68419772
NOG00789	16236489	68419914
NOG00790	10535503	16236850	68419152
NOG00791	10535494	16236327	68419565
NOG00792	10535652	16236412
NOG00793	16237034	68420353
NOG00794	10534675	16235139	68419186
NOG00797	10535309	16235836	68419909
NOG00798	10534942	16236475	68419872
NOG00799	10534391	16236966	68420169
NOG00800	10535001	68420585
NOG00801	10535164	16235155	68419645	68420375
NOG00802	10533992	16235707	68419378
NOG00804	16236544	68420608
NOG00805	10535583	16235899	68419244
NOG00806	10535197	68419486
NOG00808	10535009	16235340	68421445	68421444
NOG00809	10534029	16236435	68420899
NOG00810	10534880	10535783	68421409	68421485
NOG00811	10535397	68420453
NOG00812	10535495	68419279
NOG00813	10534711	68420000
NOG00814	10534232	16237214	68420903
NOG00815	10535634	16236504	68419685
NOG00816	10535906	16236058	68421165
NOG00817	10534338	16236135	68420986
NOG00818	16235969	68419981
NOG00819	10535732	16236755	68419156
NOG00820	10533960	16236427	68420392
NOG00821	10535553	16236724	68419941
NOG00822	10534004	16237166	68420118
NOG00825	16235184	16235369	68421082
NOG00827	10534974	10534975	16235137
NOG00828	10535841	16235744	68420052
NOG00829	10534215	16236458	68419110
NOG00831	16235864	68420577
NOG00832	16235172	16236373	68421093
NOG00833	10535718	16236142
NOG00834	10534486
NOG00835	10535201	68419845
NOG00836	16236728
NOG00837	10533932	68421169
NOG00838	10534052	16235278	68419510
NOG00839	10534025	16237230	68420148
NOG00840	10535817	16235636	68420228
NOG00841	10534457	68419434
NOG00842	10533918	16235771
NOG00843	10534016	16235537	68419294
NOG00845	16235188	16235372	68421079
NOG00847	10535596	16237074	68419612
NOG00848	10533914	68420285
NOG00849	10533970	16235739	68421198
NOG00850	10535560	16236764	68420913
NOG00852	16235968	68419982
NOG00854	10534303
NOG00857	10535731	16235701	68420405
NOG00858	10534405	16236275	68421037
NOG00860	10535157	68420006
NOG00861	10534414	16235378	68419621
NOG00862	16235946
NOG00863	10535515	16237093
NOG00864	10535897	16236839	68420700
NOG00865	16236445	68420943
NOG00867	10534193	16235621	68421178
NOG00869	10535501	16236853	68419150
NOG00870	10535565	16236716	68419935
NOG00871	10535502	16236852	68419151	68421288	68421289
NOG00872	10533963	16235197	68421209
NOG00873	10534762	10534957
NOG00874	10534054	16235454	68420676
NOG00875	16236113
NOG00876	10534154	16236895	68420958
NOG00877	10534350	16237060	68420025
NOG00880	10534209	16237035	68420382
NOG00881	10534532	16236675	68419167
NOG00882	10534374	16236237
NOG00883	10535819	16236913	68419803
NOG00884	10534861	16235323	68420774	68420773
NOG00885	10535258	16236835	68419018
NOG00886	10535692	16237154	68419691
NOG00887	10534856	16235196	68419774
NOG00888	10533913	16235477	68419101
NOG00889	10534168	16235658	68421020
NOG00891	16236413	68419116
NOG00892	10535139	16236306	68419830
NOG00894	10535457	16236935	68419548
NOG00895	10535414	16237144	68419496
NOG00896	10534053	16235453
NOG00899	10534356	16235350	68420209
NOG00901	10534300	16236699	68420251
NOG00902	10534724	16236335	68419631
NOG00903	10534810	10534812	16236285	68420254
NOG00904	10535810	16236317	68419877
NOG00905	16236695
NOG00906	10535573	68419929
NOG00907	10535899	16235222	68419719
NOG00908	10535122	16236520	68420605
NOG00909	16235967	16235972
NOG00910	10535895	10535896	16235694	68419416
NOG00911	16236219	68420361
NOG00912	10534689	16236163	68420641	68421104
NOG00914	16236711
NOG00915	10534076	16235655	68420073
NOG00916	10534519	16235923	16236094	16236098	16236297	16236628
NOG00917	10534173	16236076	68419361
NOG00918	16235204
NOG00919	10534291
NOG00920	10535022	16235862	68420957
NOG00921	10534904	16236299	68419422
NOG00922	10534988	68419117
NOG00924	10534692	16236992	68420457
NOG00925	10535493	16235825	68419898
NOG00926	10535704	16236785	68420313
NOG00927	10534369	16236461	68419304
NOG00929	10533922	16236118	68420506
NOG00930	10534264	16236584	68420713
NOG00931	10533999	16237170	68420115
NOG00932	10535326	16236041	68419768
NOG00933	10535547
NOG00934	10534916	16235700	68420941
NOG00935	10534390	16236965	68420464
NOG00936	10535025	68420689
NOG00937	10534214	16235249	68419704
NOG00938	10534376	16236316	68419431
NOG00940	10534287	16235874	68420060
NOG00941	16235722
NOG00943	10535636	16236501	68419683
NOG00945	10535761	16236004	68420141
NOG00946	10534611	16235991	68421121
NOG00947	10535465	16235842	68419474
NOG00948	10534771	16236983	68419627
NOG00949	10533881	16235259
NOG00950	10534088	16237011	68420665
NOG00951	10534239	16235815	68420277
NOG00952	16235777	68419441
NOG00953	10534833	16235388	68420216
NOG00954	10534044	16235267	68420535
NOG00955	10535868	16236817	68420166
NOG00956	10535807	16235702	68420399
NOG00957	10533916	16236128	68420262
NOG00958	10534171	16237064	68419602
NOG00959	10534857	16235319	68420769
NOG00961	10535624	16236438	68419292
NOG00962	10534504	16236419
NOG00963	10534725	16237223	68419333
NOG00965	10534466	16237211	68420562
NOG00966	10534462	16236303	68420633	68419646
NOG00967	10534008	16236537	68421101
NOG00968	10534339	68420988
NOG00969	10534224
NOG00971	10534329	16235246	68419986
NOG00973	10534431
NOG00974	10534047	16235270	68420538
NOG00975	10534977
NOG00977	10534057	16235457	68421213
NOG00978	10534717	16235597	68420120
NOG00979	10535594	16236894	68420960
NOG00980	10534263	16237253	68420195
NOG00983	10533973	16235213	68419146
NOG00984	10535755	16235149	68419090
NOG00986	10534161	16235668	68421031
NOG00988	10534473	16236696	68419671
NOG00990	10535004	16236033	68419766
NOG00991	10534528	68421303	68421304
NOG00992	10534970	16236259	68420705
NOG00993	10535877	16236521	68419476
NOG00994	10534075	68420857
NOG00995	10535416	16235558
NOG00997	10535154	68421265
NOG00998	10535257	16236837	68419017
NOG01000	16235411
NOG01001	16236545
NOG01002	16236487
NOG01003	10535239	16235226	68419087
NOG01004	10534823	16235637	16236588
NOG01006	10534948	16235245	68421406	68421405
NOG01009	10535753	68421458	68421459
NOG01010	10534696	68419530
NOG01011	10534233	68420134
NOG01012	16236623
NOG01013	10534964	68421506	68421505
NOG01015	10534039	16235408	68420530
NOG01016	10534769	16236777	68421105
NOG01017	10534017	16235586	68420578
NOG01018	16235971
NOG01019	10535883	16236886	68419398
NOG01021	10534838	16235584	68420870
NOG01022	10534277	68420071
NOG01023	10535111	16236085
NOG01024	10534309	68419745
NOG01025	10534733	16236231	68420272
NOG01027	10534032	16235143	68419088
NOG01028	16235399	68419213
NOG01030	10535033	16236865	68420092
NOG01031	16235641	16236084	68419523
NOG01032	10535638	16236499	68419681
NOG01033	10534512	16235975
NOG01034	10534828	16236846	68421455
NOG01035	10534379	16235432	68420383
NOG01036	10535244	16236222	68419079
NOG01037	10534443	16235956	68419755
NOG01038	10535801	16235726	68420560
NOG01040	10535558	16236719	68419937
NOG01041	10533982	16236975	68420545
NOG01042	10535777	16237252	68420360
NOG01044	10534889	16236673	68420933
NOG01045	10533885	16237199	68420109
NOG01047	10535160	16235570	68420965
NOG01048	10535094	16236401	68420579
NOG01049	10535297	16235162	68420431
NOG01051	10535121	16236833
NOG01052	10534152	16236168	68420632
NOG01054	10535063	16235926	68419157
NOG01055	10535153	68421266
NOG01056	10535880	16236291	68419418
NOG01058	16236397
NOG01059	10535685	16237122	68421066
NOG01060	10535787	16236668	68420231
NOG01061	10535912	16236566	68420711
NOG01062	10534629	16235337
NOG01063	10535468	68420844
NOG01064	10535673	16237110	68421055
NOG01065	10534262
NOG01066	10535424	16237045	68420016
NOG01067	10534116	16235736	68421195
NOG01068	10534919	16236932	68419558
NOG01069	10534286	16235875	68420059
NOG01070	10535413	16237145	68419497
NOG01071	10535037	16237022	68420681
NOG01072	10534160	16235666	68421028
NOG01074	10534924	16236217	68420648
NOG01075	10535115	10535116	68420994
NOG01076	10534648	16235529	68419208
NOG01077	10535053	16236674	68419850
NOG01078	16235870
NOG01079	10534469	16235384	68419575
NOG01080	10535175
NOG01082	10534567	10534612	16236343	68421251
NOG01083	10535010	16235353	68420212
NOG01084	10535418	16236626	68420998
NOG01085	16236225	68419080
NOG01086	16236146
NOG01087	10535327	16236044	68419769
NOG01088	10535847	16235606	68419321
NOG01089	10535725	16235984	68420977
NOG01090	10535648	16236563	68420185
NOG01091	10534237	16236564	68420186
NOG01092	16235175
NOG01093	10535925	10535929	68421188
NOG01094	10534836	16235391	68420219
NOG01095	10534236	68420455	68419067
NOG01096	10534123	16236570	68419141
NOG01099	10535458	16235816	68419271
NOG01100	10534968	16235412	68420864
NOG01101	16236212	68420591
NOG01103	10534894	16235697	68420901	68420814	68420131
NOG01104	10534272	10534672	16235131	68419193
NOG01105	10535270	16236844	68420853
NOG01108	16237224	68419330	68419331
NOG01109	10534327
NOG01110	10534019	16235758	68420066
NOG01111	10534182	16235539	68419008
NOG01112	10535029	16237260	68420692
NOG01113	10534343
NOG01114	16235869
NOG01115	10535684	16237121	68421065
NOG01116	10535385	10535613	10535614	16236828	68420969
NOG01117	16235649
NOG01119	10535834	16236684	68419990
NOG01120	10535107	68419729
NOG01121	10534456	16235941	68420617
NOG01122	10535710	16236944	68420084
NOG01123	10535831	16235286	68421219
NOG01124	16236820	68420171
NOG01125	10535789	16236569	68419143
NOG01127	10534255	16236244	68420734
NOG01128	10535190	16236874	68419183
NOG01130	10534393	68420450
NOG01131	16236881	68420596
NOG01132	10534055	16235455
NOG01133	10534095	16235343	68420794
NOG01134	10535775	16235525	16236020	68419680	68420143
NOG01136	10534541	16235244	68419040
NOG01137	16235886
NOG01139	10533887	16237194	68420107
NOG01141	10534035	16235413	68420863
NOG01142	10534081	16237057	68419913
NOG01143	16236877	68420599
NOG01146	10534598	10534876	16236823	68420788
NOG01147	10534059	16235459	68421211
NOG01148	10535308	16235837
NOG01152	10535334	16236880	68421349	68421412	68421348	68421411
NOG01153	16235509	68419642	68420342
NOG01154	10534731	16236232	68420273
NOG01155	10535370	16237003	68420669
NOG01156	10535885	16236884	68419400
NOG01157	10534588	68419944
NOG01160	10533979	16236891	68419393
NOG01161	10535250	16236938	68420701
NOG01162	10535856	16235610	68419317
NOG01163	10535506	16237084	68419590
NOG01164	10535816	16237139	68419477
NOG01165	10535516	16237094
NOG01166	10533980	16236532	68419298
NOG01167	10535254	16236182	68419813
NOG01168	10534773	16237141	68419490
NOG01169	10535005	16235933	68419738
NOG01170	10533880	16235257	68420829
NOG01171	16235634
NOG01172	10534149	16235469	68419096
NOG01173	10535905
NOG01174	10533957	16237187	68420102
NOG01175	10534365	16235803	68419512
NOG01176	10534806
NOG01179	10533971	16235738	68421197
NOG01180	10534991
NOG01181	10534221	10534307	10535073	68419743	68419072
NOG01183	16236365	68421080
NOG01185	10535307	16235838	68419911
NOG01186	10533875
NOG01187	10533909	68420635
NOG01188	10534737	16235232	16236120	68421404	68421403
NOG01189	10535382	16235881	68419895
NOG01190	10533968	10533969	16235740	68421199
NOG01192	10535647	16236216	68420647
NOG01193	10534683	16235553	68421359	68421357
NOG01194	10535549
NOG01195	16236706
NOG01196	16235709	68419373
NOG01198	10535069	16237067	68419920
NOG01199	10534003	16236334
NOG01200	10535214	16236680	68419672
NOG01201	10535586	16236189	68419810
NOG01202	10534194
NOG01203	10535736	16236516	68420282
NOG01205	10534387	16236962	68419572	68420461
NOG01207	10535722
NOG01208	10534368	16237178	68419676
NOG01210	10534023	16237200	68419162
NOG01211	10534983	68419122
NOG01212	10534502	16236420
NOG01213	10535150	68421275
NOG01215	16236651	68421386	68421387
NOG01216	10534984	68419121
NOG01217	16236658	68420743
NOG01218	10534843	16235210	68420082
NOG01219	10534219	16235718
NOG01220	16237132	68419405
NOG01221	10534467	68419044
NOG01222	10534021	16236061	68420651
NOG01223	10535203
NOG01224	10534877	16236822	68420789
NOG01225	10535127	16236543	68420609
NOG01226	10535134
NOG01227	10534158	16235669	68421032
NOG01228	10535046
NOG01230	10534153	16235497	68420124
NOG01232	10534985	68419120
NOG01233	10533967	16235741
NOG01234	10535058	68421130
NOG01235	10534157	16236144	68420182
NOG01236	10535263	16235567	68419758
NOG01238	10533998	16237171	68420114
NOG01239	16235533	68420805
NOG01241	10534269	10534668	16235134	68419196
NOG01242	10534854	16236273	68419775
NOG01243	10534012	16235861	68420956
NOG01244	10535287	16235304	68419105
NOG01245	10535352	16236605	68419587
NOG01246	10535325	10535611	16236692	68419071	68420971
NOG01247	10535394	16235753	68419893
NOG01248	10534294	16236087
NOG01249	10534006	68421103
NOG01252	10534423	16235954	68419976
NOG01253	10535768
NOG01254	10535530	16236738	68421471	68421472	68421001
NOG01255	10534014	16236342	68419411
NOG01256	10534800
NOG01257	10535283	16236798	68420890
NOG01258	10534531	16235656	68420072
NOG01259	10535559	16236718	68421423	68421424
NOG01261	10534939	16236483	68420937
NOG01262	10534923	16236977	68420379
NOG01263	16235961
NOG01265	10534936	16237062
NOG01267	16235181	16235366	68421085
NOG01268	10535837
NOG01269	16235953
NOG01270	16236609	68419606	68419010	68419172
NOG01271	10534242	16236806	68419055
NOG01273	16235190
NOG01274	10534461	16236811	68420619
NOG01276	16236071	68420604
NOG01277	10534920	10535045	16236933	16237201	68419559	68420328	68419527
NOG01278	10535068	68419854
NOG01279	16236957	68420815	68420132	68420900
NOG01280	10535520	68420057	68420246
NOG01281	10534022	16235510	16236060	68420650
NOG01282	10534212	16236993
NOG01283	16235692
NOG01284	10535252	16235527	68419723
NOG01286	10534630	16237276
NOG01289	10535668	16237105	68421050
NOG01290	10534151	68421385	68421384
NOG01291	10535412	16235924	68419158
NOG01292	10534872	16235331	68420785
NOG01293	16237019	68419327
NOG01294	10535563	16236767	68420916
NOG01295	10534735	16235542	68419001
NOG01296	10533945	16236559	68420949
NOG01297	10533974	16235466	68421203
NOG01298	10535803	16235724	68420558
NOG01299	10535534	16235493
NOG01301	10534051	16235274	68419509
NOG01303	10533984	16236973	68420543
NOG01304	10533904	16235545
NOG01305	10535362	16236201	68419620
NOG01307	10535055	68421119
NOG01308	10535052	16235282	68420626
NOG01309	10535259	16235444	68420372
NOG01310	10535901	68421313
NOG01312	10534180	16235228	68419085
NOG01314	10534200	16236662	68421391	68421390
NOG01315	10534634	16237272
NOG01316	10533872	16236102	68419189
NOG01317	10535556	16236721	68419938
NOG01318	10534172	68419601
NOG01319	10535909	16235721	68420555
NOG01320	10534141	16235417	68420686
NOG01321	10534367	16237177	68419675
NOG01322	10534066
NOG01323	10534837	16235585	68420871
NOG01324	10535488	16235705	68419380
NOG01325	10534185	16236848	68420792
NOG01326	10534603	16237237	68419962
NOG01328	16236107
NOG01332	10535117	68420995
NOG01333	16236541
NOG01334	10535842	16235745	68420051
NOG01335	10534305	16235546	68419115
NOG01336	10535650	16237096	68419599
NOG01337	10535667	16237104	68421049
NOG01338	10533981	16236976
NOG01339	16236641
NOG01342	10534505	16236418
NOG01343	10534285	16236640
NOG01346	16236856
NOG01347	16235814
NOG01349	10533900
NOG01350	16236108
NOG01351	10535306	16235839	68419912
NOG01352	10533877	16235255	68420831
NOG01353	16235853	68421502	68421501
NOG01355	10534454	16235939	68420615
NOG01359	10535642	16236470	68419785
NOG01360	10534218	16237129	68420468
NOG01361	10534094
NOG01362	10533986	16236180	68419721
NOG01363	10533890	16235845	68419047
NOG01364	16236386
NOG01367	10533977	16236889	68419395
NOG01368	16235948
NOG01369	10535832	16236686	68419992
NOG01372	10533983	16236974	68420544
NOG01373	10534587	68419943
NOG01374	10534770	10534786	16236982	68420568	68419628
NOG01375	10534102	16237174	68420111
NOG01378	16235192
NOG01380	10535288	16235171
NOG01381	16235778	68419442
NOG01383	10534560	68421249
NOG01384	10534080	16235201	68420877
NOG01385	10535133
NOG01386	10534500
NOG01387	10535580	16236740
NOG01388	10534001	16236425
NOG01389	10534167
NOG01390	16235733	68419281
NOG01391	10535265	16235569
NOG01393	10535524	16236732
NOG01394	10535825	16235857
NOG01395	10535302	16237236
NOG01397	10535625	16236437	68419293
NOG01402	10534472	16235764	68420880
NOG01403	10535251	16235528	68419722
NOG01405	16235844	68419049
NOG01406	10534385	16235877	68420459
NOG01407	10534570	68421417	68421418
NOG01408	10535170	16235891	68419252
NOG01409	10534050	68420541
NOG01411	10534987	68419118
NOG01412	16236411	68419034
NOG01413	10535002	16236995	68419878
NOG01414	10534342	16235346
NOG01415	10534131	16237180	68420098
NOG01417	10535337	16237136	68421011
NOG01418	10534994
NOG01419	10534283	16236639
NOG01420	10534845	16236465	68421314	68421315
NOG01421	10533910	68420636	68420634
NOG01422	16235565
NOG01423	10535151	16235679	68421274
NOG01425	16236148
NOG01426	10535222	10535653	16236077	68419227	68419051
NOG01427	10535193	68419679
NOG01429	16236729
NOG01430	10535456	16235915	68419421
NOG01431	10534432	10534433	16236748
NOG01432	10534304	68419359
NOG01433	10535219	16235128	68419230
NOG01434	10534125	16236572	68419139
NOG01436	10535277	16235996	68419639
NOG01437	16237172	68420113
NOG01438	10535792	16235638	68420230
NOG01439	10534282	16236642
NOG01441	10535531	16236739
NOG01442	10534310	68419746
NOG01443	10534941	16236476	68419871
NOG01444	10535612	16236693	68420970
NOG01445	16237188	68419187
NOG01446	10535818	16236678	68419164
NOG01447	10534963	16235279	68421223
NOG01448	10534231	16237215	68420904
NOG01449	10534097	16235345	68420796
NOG01451	10534417	16235962	68419971
NOG01452	10534943	10534944	68419012
NOG01454	10535528	16236736
NOG01455	10533936	16237246	68420492
NOG01456	16235396
NOG01457	10534087	16237013	68420663
NOG01458	10535261	16235446	68420370
NOG01459	10535536
NOG01460	10534135	16235434	68420512
NOG01461	10535752	68420206
NOG01463	10535741	68419107
NOG01464	10534223	16235508
NOG01465	10534798	16235921	68419160
NOG01467	10535504	68420011
NOG01471	10535915	16235593	68420087
NOG01473	10534715	16235719	68419015
NOG01475	10535745	16235603	68419328
NOG01477	10534631	16235513	16237275	68419214
NOG01481	10534222
NOG01482	10535247	16236526	68419832
NOG01488	10535324	10535610	16236691	68420972
NOG01489	10535400	16236896	68420451
NOG01490	10534796	16236997	68419875
NOG01491	10534586
NOG01492	10535409	16235452
NOG01493	10534207	16236649	68420758
NOG01494	10535323	10535603	16236690	68419581	68419568
NOG01498	16235867
NOG01499	10533929	16236380	68420047
NOG01501	16236261
NOG01505	10535703	16235865	68420576
NOG01511	16236424
NOG01512	10535784	16236687	68419993
NOG01519	10535372	68419246
NOG01520	10534740	16235233	68419082
NOG01522	10534206	16236646	68420759
NOG01524	16235125
NOG01529	16236430
NOG01531	10535593	16235747	68420959
NOG01532	10534073
NOG01534	10533871	68421181
NOG01535	10534347	16237148	68419500
NOG01536	10533902	16235651
NOG01537	16235183	16235368	68421083
NOG01539	10535548
NOG01541	16235186
NOG01544	10535074
NOG01547	16236981
NOG01548	10535826	16235858	16235859
NOG01549	10535543
NOG01550	10535698	16236290
NOG01556	16236653	68420750
NOG01557	10533907
NOG01558	10534447	68420583
NOG01559	16235557	68420612
NOG01560	10535769	16235502	68420127
NOG01563	10535079	16237005	68420667
NOG01566	10534542	16235994	68420136
NOG01567	10534690	16236162	68420939
NOG01568	10534418	68419972
NOG01570	16236697
NOG01571	10534931	68419142
NOG01573	10535748	16236812	68420284
NOG01574	10534619	68421107
NOG01575	10534978	16236971	68420467
NOG01577	10534235	16235689	68420373
NOG01578	16236576	16236577
NOG01579	10534605
NOG01580	16237135
NOG01581	10534114	16235292	68420189
NOG01582	10534121	16235623	68419237
NOG01583	10534398	16235551	68420963
NOG01585	10535797	16235405	68420527
NOG01590	16236389	68420045
NOG01592	16236849	68420010
NOG01593	16236126
NOG01594	10534922	16236442	68420584
NOG01595	10535697	16236554	68419032
NOG01596	10534271	10534670	10534671	16235132	68419194
NOG01598	10534344
NOG01600	16235661
NOG01601	10534501
NOG01605	16235732
NOG01606	16236466
NOG01607	16235577
NOG01608	10535483	16236277	68420336
NOG01609	10534607	68421268
NOG01610	10535472	16236910	68419425
NOG01611	16237076	68421452	68421453
NOG01613	10535879	68419834
NOG01615	10535446	16236547	68419025
NOG01616	16235670
NOG01619	16236958	68420004	68420001	68419347
NOG01620	10535132
NOG01621	10535105	68421146
NOG01622	10535202
NOG01623	10534108	10534517
NOG01625	10535171	16235892	68419251
NOG01626	10535875	16236622	68420479
NOG01629	10535024	16237261	68420693
NOG01630	10534544	16235905	68420566
NOG01634	10535148	68421115
NOG01636	10535396	16236393	68420042
NOG01637	10533917	16236129	68420261
NOG01639	16235868
NOG01640	10534656	10535226	16237266	68419223
NOG01646	10534352	68419296
NOG01647	16236181	68419814
NOG01648	10535361
NOG01649	10535921	16235989	68421154
NOG01650	10534257	16236242	68420732
NOG01651	16235903
NOG01652	10534403
NOG01653	10535598	16237072	68419614
NOG01654	10535577
NOG01655	10534308	68419744
NOG01656	10535274	68419641
NOG01660	10535760	16236003	68420140
NOG01661	10534559	68421248
NOG01663	10535564	16236717	68419936
NOG01664	16236111
NOG01665	10534195	16236667	68420736
NOG01667	16236454	68420835
NOG01668	16236637	68420848
NOG01669	10533942	16236879	68420597
NOG01671	10534610	16236184	68420643
NOG01673	10534804
NOG01675	10534166	16235659	68421022
NOG01676	10533912	68420638
NOG01677	16235441
NOG01678	10534918	16236931	68419557
NOG01679	16235696	68419955
NOG01680	16236818	68420167
NOG01681	10535889	68421326	68421393	68421378
NOG01687	16236370
NOG01689	16235277
NOG01690	10534632	16237274	68419217
NOG01691	10534422	68420838
NOG01693	16236590
NOG01696	10535754	68420207
NOG01697	10535145
NOG01699	10535454	16236990	68419624
NOG01700	10534144	68419336
NOG01701	10535576	68419926
NOG01702	16235489
NOG01703	10534807
NOG01707	10534785	16236406	68420068
NOG01709	10534908
NOG01710	10533947	68420945
NOG01711	10534553
NOG01712	10535269	16236845	68420852
NOG01713	16235808	16235810	16236268	68421229
NOG01715	16236471	68419786
NOG01719	10534306	68419742
NOG01720	16235364
NOG01724	10534844	16236481	68419870
NOG01725	10535554	16236723	68419940
NOG01726	10535572	68419930
NOG01727	10535062	68421114
NOG01728	10535719	16236155	68420989
NOG01729	10534714	16236313	68420202
NOG01733	10535863	16236827	68420151
NOG01735	16236712
NOG01737	10534072
NOG01738	10535526	16236734
NOG01739	10533911	68420637
NOG01740	16236372
NOG01742	10535450	16236775	68420267
NOG01743	10534868	16235328	68420781
NOG01744	16237016	68419322
NOG01745	16237133	68419404
NOG01747	10534202	68420742
NOG01748	10534190	68421174
NOG01749	10534886	16235242	68420349
NOG01750	10534429	16236747
NOG01751	16236522
NOG01753	10535670	16237107	68421052
NOG01755	16235179
NOG01756	10534945
NOG01760	10535106	16236530	68421147
NOG01762	10535168	16235889	68421369	68421370
NOG01763	16236876	68419896
NOG01764	16236023	68419376
NOG01767	10534751	68420824	68419176
NOG01770	10534520	16236092
NOG01772	10535314	16235831	68419904
NOG01773	10534169	16236101
NOG01775	10535850	10535888	68419280	68421392	68421327	68421377	68419268
NOG01777	16236099
NOG01779	10534444	16235955	68419756
NOG01782	16236103
NOG01783	10534228
NOG01784	16235243
NOG01785	16236643
NOG01788	10534681	16236383	68421126
NOG01789	10535332	10535387	16235752
NOG01792	16236385
NOG01794	10535605	68419579
NOG01795	10534803
NOG01797	10534227
NOG01799	16235235
NOG01800	16236542	68420473
NOG01802	10534420
NOG01804	16236104
NOG01806	10534940	16235684	68420133
NOG01808	10534534	16236304	68419357
NOG01810	10534635	16237271
NOG01815	16236368
NOG01816	16236953
NOG01820	16235964
NOG01821	10534491	16235654	68420883
NOG01824	16236254	68419188
NOG01828	10534973	16236156	68419050
NOG01830	10535093	16236529
NOG01836	16236147
NOG01837	10535700	16236608	68419585
NOG01839	10533937
NOG01844	10535183
NOG01846	16235371
NOG01848	10533894	68420322
NOG01850	16236384
NOG01853	16236154
NOG01854	16235645
NOG01855	10534842	16235931	68419734
NOG01859	10534699	68421222
NOG01860	16236508
NOG01861	16235334	68419052
NOG01862	10535192
NOG01867	10535666	16237103	68421048
NOG01868	10535020	16237156	68419693
NOG01869	16236349
NOG01870	16236330
NOG01874	10533901
NOG01875	10535671	16237108	68421053
NOG01877	16236366
NOG01878	10535099
NOG01879	10535924
NOG01882	10534450	10534626	10534627
NOG01883	10533896	68420324
NOG01886	16235373
NOG01888	10535767
NOG01890	10534181	16235229	68419084
NOG01892	16235362
NOG01894	10534869	68420782
NOG01896	10535522	16236730
NOG01898	10535523	16236731
NOG01899	10534506	16236417
NOG01903	10534093
NOG01906	10534860	16235322	68420772
NOG01907	10534489	16236057	68419308
NOG01917	10533985
NOG01918	16235374
NOG01921	10535604	68419580
NOG01922	16236575
NOG01924	10534700	68421221
NOG01926	16236404
NOG01927	10533903	68419551
NOG01930	16235786	68419449
NOG01931	16236105
NOG01933	10535373	16235896	68419247
NOG01936	16235535
NOG01937	10534067
NOG01938	10534115	16235291	68420188
NOG01940	10534716	16235596	68420119
NOG01944	16235173	68421092
NOG01946	10535469	16236859	68420843
NOG01947	10534293	16237204	68419561
NOG01949	10535491	16236787	68420177
NOG01950	10534043	16235266	68420534
NOG01951	10535455	16236985	68419625
NOG01952	10534028	68420897
NOG01954	10533928	16236381	68420046
NOG01956	16236439
NOG01957	10535599	16237069	68419617
NOG01959	10535509	16237087	68419593
NOG01960	10535513	16237091	68419597
NOG01961	10535408	68421308
NOG01964	10534201	16236661	68420741
NOG01968	10535795	68420528
NOG01969	10535510	16237088	68419594
NOG01971	10535811	16237055	68419916
NOG01972	10535129	16236159	68420610
NOG01973	10534400	16236945	68420083
NOG01974	10534839	16235583	68420869
NOG01975	10534899	16237024	68420679
NOG01976	10534348	16237147	68419499
NOG01977	10533978	16236890	68419394
NOG01978	10535135
NOG01980	10535686	16237123	68421067
NOG01984	16236133
NOG01986	10534187	16235356	68419822
NOG01988	10535357	16236027	68420620
NOG01990	16236497
NOG01993	10535622	16235647	68420076
NOG01994	10535484	16236006	16236010	16236012
NOG01997	16235166	68420435
NOG02003	16236788
NOG02008	16236585	68420724
NOG02009	10535724	16235983	68420976
NOG02011	10535756	16235426	68420685
NOG02013	10535674	16237111	68421056
NOG02016	10534617	68421109
NOG02017	10534119	16235625	68419239
NOG02019	10535256	16236936	68419016
NOG02020	10534713
NOG02023	10534746	16235917	68420494
NOG02025	10534260	16236557	68419516
NOG02027	10534440	16235339
NOG02028	10534875	16235333	68420787
NOG02034	10535162	16235990	68420362
NOG02036	16237232	68421139
NOG02037	16235908
NOG02040	10534084	16236989	68419817
NOG02041	10535066	16235317	68420766
NOG02045	10535253	16236183	68419812
NOG02049	10534292	16235871	68420061
NOG02051	10535763	16235402	68420524
NOG02052	16235442	68420894
NOG02053	10535321	68421134
NOG02054	10535904	16236459	68420289	68419286	68419644	68419343
NOG02055	10534514	16235973
NOG02056	16235982
NOG02057	10535402
NOG02060	16235660
NOG02061	10535545
NOG02069	10535336	16237138	68421010
NOG02070	16235318	68420768
NOG02072	10534749
NOG02073	10534792	10535581	16236409	68419838
NOG02074	16235674
NOG02075	10535861	16235614
NOG02076	10534463	16237213	68420677
NOG02077	10535568	10535569	16236713	68421422	68421421
NOG02080	10535640	16236473	68419873
NOG02082	10535855	16235609	68419318
NOG02084	10535425	16237046	68420017
NOG02087	10534188	16235616	68421172
NOG02088	10535679	16237116	68421061
NOG02090	10535805	16235403	68420525
NOG02094	10535525	16236733
NOG02097	10534949	16235397	68419041
NOG02098	16236192
NOG02099	16236293
NOG02101	10534346	16237149	68419501
NOG02103	16236422
NOG02109	16236375
NOG02112	16235664
NOG02120	10535466	16237021	68420682
NOG02122	16235711
NOG02126	16235554	68421380
NOG02127	16235675
NOG02130	16236089
NOG02131	16235136
NOG02134	10534483	16235363	68419358
NOG02135	16236750
NOG02136	10534518	16236112
NOG02138	10535374	16235895
NOG02140	10534031	68419089
NOG02142	16236344	68421133
NOG02145	10535338	16235241	68420347
NOG02148	16236453	68420836
NOG02149	10534220
NOG02150	10535918	16235591	68421160
NOG02151	10534380	16235316	68420765
NOG02154	16237137
NOG02157	10534558	68421247
NOG02159	10534509	16236414
NOG02161	10533888	16237193	68420106
NOG02162	10535657	16235600	68419697
NOG02168	10535204
NOG02170	10535711	16236670	68420936
NOG02176	10534852	16236039	68420403
NOG02179	10535366	16236209	68420588
NOG02182	16237262	68420807
NOG02184	16236851
NOG02187	10535095	16236400	68420580
NOG02196	16236269
NOG02198	16235746
NOG02204	10534452	68420258
NOG02207	10534907	16236615	68419735
NOG02208	10534782	16236451	68419301
NOG02209	10535363	16236318	68419890
NOG02210	16235157
NOG02212	10535354	16236236	68419269
NOG02213	16236223
NOG02215	10534289	16235873
NOG02216	10535070	16236310	68419825
NOG02223	10535585
NOG02224	16235686	68419266
NOG02227	10535541	16236927	68421167
NOG02229	16235359
NOG02234	16235958	68419749
NOG02243	10535358	16236452	68420837
NOG02244	10535489	16236374
NOG02247	10535301	68420427
NOG02250	16235206	16236594
NOG02251	10535075
NOG02252	10534090	10534091	16235579	68420868
NOG02257	10533919	16236195	68421148
NOG02262	10534589	10535047	16236760	68420842
NOG02264	10535207	16235995	68420137
NOG02268	16235260
NOG02273	10534915	16236496	68419678
NOG02278	10534981	16236968	68420465
NOG02294	10535511	16237089	68419595
NOG02296	10534909	16236065	68419287
NOG02299	10534538
NOG02300	16235784	68419447
NOG02301	10535699	16236607	68419586
NOG02302	10534728	16236235	68420276
NOG02303	10533930	16236515
NOG02304	16235829
NOG02305	10535486	16236008	16236018
NOG02306	10534965
NOG02310	10535290	16235169	68420438
NOG02311	10534851
NOG02314	10534474	16236125
NOG02320	10535447	16236546	68419024
NOG02321	10535232	16237000	68420652
NOG02323	16235970	68419978
NOG02324	10535678	16237115	68421060
NOG02328	10535730	16236794	68420887
NOG02329	10535852	16237065	68419604
NOG02333	10534972	68420554
NOG02334	10535076
NOG02335	16237250
NOG02336	10534832	16235387	68420215
NOG02338	10534178	16235227	68419086
NOG02339	10535421	16237002	68420670
NOG02341	10535813	16237053	68419918
NOG02345	10534623	10535230	68419216
NOG02347	10534198	16236664	68420739
NOG02349	10535189	68419724
NOG02350	16236262	68419824
NOG02355	10534162	16236707	68419520
NOG02358	10534951	16235631	68419554
NOG02359	10534256	16236243	68420733
NOG02361	16235494
NOG02362	10535278	16236324	68419883
NOG02364	16236535	68421099
NOG02365	16235182	16235367	68421084
NOG02367	10534934	16235770	68420198
NOG02369	10534322	16236203	68419341
NOG02370	10534159	10534698	16235663	68421027
NOG02371	10535243	16235720	68420488
NOG02374	10535928	10535930	68421189	68421187
NOG02375	16236996
NOG02377	16236919
NOG02381	16235365
NOG02382	10534013	16236986
NOG02388	16237241
NOG02389	10534253
NOG02391	10535101	16236796	68420888
NOG02395	10535449	16236774	68421317	68421318
NOG02396	16235633
NOG02397	10535359	68419689
NOG02398	16235296
NOG02399	16235538	68419013
NOG02402	10535498	16235823	68419275
NOG02403	16235643	68420981
NOG02408	10533952	16235846	68420952
NOG02409	10535411	16236026	68420145
NOG02410	10534240	68419053
NOG02412	10534545	16237210	68420564
NOG02413	10535351	16236468	68420287
NOG02414	16236340
NOG02417	16237058
NOG02418	16235785	68419448
NOG02419	10534637	10535090	68419215
NOG02420	10535060	16236345
NOG02422	10534954
NOG02424	10534989
NOG02428	10535772	68421291
NOG02431	10534847	16236169	68419728
NOG02433	10535680	16237117	68421062
NOG02436	10535473	16236302	68419424
NOG02439	10533921	16237249	68421145
NOG02444	16236371
NOG02445	16235383
NOG02446	10534579	68421262
NOG02449	10534583
NOG02452	16235642
NOG02454	16235148
NOG02455	16237255	68420179	68421509	68421508	68421036	68419419
NOG02458	10534729	16236234	68420275
NOG02465	10535346	16235540	68419005
NOG02466	16235547	68419114
NOG02469	10535461	16236200	68421298	68421299
NOG02470	10534893
NOG02472	10535542	16236928	68421166
NOG02473	10535490	68420866
NOG02475	10534353	16236758	68419840
NOG02478	10535823	16235307	68419102
NOG02479	10535313	16235832	68419905
NOG02480	10534128	68420196
NOG02483	10535163	16236948
NOG02486	10534468	16236280	68420337
NOG02491	10535038	16236456	68420707
NOG02492	10534434	68419711
NOG02493	16235644
NOG02496	10535672	16237109	68421054
NOG02497	10534813	68420520
NOG02505	10535557	16236720	68421425	68421426
NOG02506	16235681
NOG02509	10534646	10534677	16236165
NOG02510	10534840	68421073
NOG02512	16235673
NOG02517	16237195
NOG02520	16235824
NOG02528	16235959
NOG02529	10535126	16236518	68420607
NOG02531	10534498	68420909
NOG02532	16237183	68420099
NOG02533	10533940	68419776
NOG02534	10534446	16235258
NOG02537	10535217
NOG02538	10535589	16236901	68420656
NOG02539	10535743	16235449	68420367
NOG02542	16235360
NOG02543	10534027	16237229	68420878
NOG02546	16236331
NOG02551	10535296	16235163	68420432
NOG02555	10534163	16236708	68419519
NOG02557	10535537	16236405	68420069
NOG02559	10534754
NOG02560	10534136	16235436
NOG02563	16236207
NOG02564	10534354
NOG02565	10534494	68420885
NOG02568	10534748	16235919	68420496
NOG02570	16237222	68420470
NOG02571	10534252	16236462	68419796
NOG02578	10534205	68420745
NOG02580	10535061	68421113	68421112
NOG02581	16237208	68419494
NOG02583	10534060
NOG02589	10534781	16236627	68420997
NOG02594	10535440	16235152	68420446
NOG02596	16236485
NOG02599	16235203
NOG02603	10534760	10534955
NOG02605	10533994	16235305	68419104
NOG02606	10534809	16236278	68420248
NOG02611	10535294	16235165	68420434
NOG02613	10534409	16235914	68419522
NOG02622	10535205	68419487
NOG02624	16236654	68420748
NOG02626	10535693	16237158	68419695
NOG02628	10534526	68419408
NOG02629	10535246	16236525	68419831
NOG02630	16236591	16237030
NOG02635	10534284
NOG02640	10534370	16236241	68420729
NOG02641	16236923
NOG02642	16235275
NOG02648	10533898	10533899
NOG02650	16236382
NOG02651	10534591	68419946
NOG02654	10535015
NOG02655	10535167	68419382
NOG02660	10534148	16235470	68419097
NOG02661	16236346
NOG02666	10535315	16235830	68419903
NOG02667	10534511
NOG02668	10535322	68421224
NOG02671	16236052
NOG02673	16235574
NOG02674	10535695	16236763	68420912
NOG02675	16236988
NOG02676	10534686	16237100	68421045
NOG02677	10535688	16237125	68421069
NOG02682	10534015	16235710	68419372
NOG02684	10535916	16235561	68421162
NOG02685	16236149
NOG02686	10534484	16236987	68419816
NOG02687	16237047
NOG02692	10534508	16236415
NOG02696	10534896	68419098
NOG02697	10535860
NOG02698	10535143	16236492	68420128
NOG02699	16236022	68419377
NOG02700	16235688
NOG02703	10534331	16236434	68420089
NOG02705	16235478
NOG02706	10534333	16235595	68421163
NOG02710	10535104	16235907
NOG02711	10535478	16236648	68419919
NOG02712	10535814	16236769
NOG02714	10534835	16235390
NOG02715	10535292	16235167	68420436
NOG02716	10534320	16235308	68420377
NOG02717	10534375	16236479	68419267
NOG02718	10535140	16235977	68420631
NOG02719	16235966	68419983
NOG02720	10533905	16236472
NOG02721	16236772	68420840
NOG02726	10534449	16236399	68420581
NOG02729	16237265
NOG02733	10535341	16237081	68420008
NOG02737	10535517
NOG02738	16236676	68419166
NOG02739	10534485	16235695	68419417
NOG02740	10535859	16235613	68419314
NOG02741	10535249	16236939	68420702
NOG02743	10534556	68421225
NOG02745	10535281
NOG02747	16235646	68420077
NOG02748	10534900	16236031	68419765
NOG02751	10534808	16236279	68420247
NOG02752	10534430
NOG02754	10534118	16235626	68419240
NOG02755	10535706
NOG02756	16235993
NOG02759	10534392	16236967
NOG02760	10534317	16235463	68421206
NOG02761	10534111	16235737	68421196
NOG02762	10535682	16237119	68421063
NOG02764	10535460	16236197	68420030
NOG02765	10535088
NOG02766	10534533	16235594	68420086
NOG02768	16235147
NOG02769	10534479	68419291
NOG02770	10534046	16235269	68420537
NOG02772	16235648
NOG02774	16236387
NOG02776	10534952	16236320	68419887
NOG02777	10535651	16235802	68419513
NOG02780	10534082	16236614	68419736
NOG02781	16236447	68419892
NOG02782	10535532	68420326
NOG02784	10534103	16237175	68420110
NOG02785	10534250	16236616
NOG02786	16236677	68419165
NOG02788	10535102	16236984	68419626
NOG02790	16236959
NOG02791	10535830	16235289	68421217
NOG02792	10534335	16236123
NOG02794	16236917
NOG02795	10533915	16236127	68420263
NOG02799	10534571	68421256
NOG02801	16237234
NOG02802	16235938	68420614
NOG02803	10535016	68419388
NOG02804	10535365	16236328	68420226
NOG02805	16235580
NOG02806	10535141	16235541	68419002
NOG02807	10534261	16236555	68419517
NOG02809	16235706
NOG02813	16235514	68419351	68419643	68419649
NOG02816	10534655
NOG02818	10535539	68420333
NOG02819	10534247	16236619	68420477
NOG02820	16235375
NOG02821	10535048	68419880
NOG02823	16237017	68419323
NOG02825	16236224
NOG02828	10535838
NOG02829	10535441	68419030
NOG02830	10534905	16236301	68419423
NOG02833	16236834	68419019
NOG02835	10534862	16235324	68420775
NOG02837	16235435	68420513
NOG02838	10535014	68419385
NOG02839	16236339	68421118
NOG02840	16236326
NOG02843	16236043
NOG02844	16235382
NOG02845	10534357	16235262	68420208
NOG02846	16236587
NOG02849	10535368	16235841	68421442	68421443
NOG02851	16235154
NOG02853	10534550
NOG02855	10534096	16235344	68420795
NOG02856	10534363	16236800	68420659
NOG02857	10534901	16236030	68419764
NOG02858	10533920	16236117	68420507
NOG02863	16236249	68420224
NOG02866	10535059	68421131
NOG02872	10533879	16235256	68420830
NOG02874	16236705
NOG02875	10534384	16235312
NOG02878	10533956	16235630	68420104
NOG02880	16236498
NOG02881	10534439	68419550
NOG02882	16237240
NOG02883	16236314	68419433
NOG02886	10535350	16236469	68420286
NOG02887	10534719
NOG02888	16235781	68419444
NOG02890	10534529	68419402
NOG02891	16236810
NOG02897	16236632
NOG02899	16235963	68419974
NOG02901	10535241	16236179	68421002
NOG02904	10535709	16236943	68420085
NOG02905	10534199	16236663	68420740
NOG02907	16235916
NOG02908	10535054	16236338
NOG02909	10535884	16236885	68419399
NOG02918	10534513	16235974
NOG02922	16236109
NOG02927	16235231
NOG02930	10535738
NOG02932	16235773
NOG02933	16235178	68421088
NOG02934	16236367
NOG02940	16236804	68419879
NOG02942	10535124	16236906	68420854
NOG02946	10535034	16237242	68420501
NOG02950	10534929	68420074
NOG02952	16235487
NOG02956	10534878	16235327
NOG02959	16235965	68419973
NOG02962	16235767	68420442
NOG02964	10535410	16235451	68420365
NOG02966	10534753
NOG02970	16235150	68419093
NOG02972	16235683
NOG02980	16236078
NOG02981	16236631
NOG02982	16236553	68419031
NOG02986	16237142
NOG02987	10534569	68421255
NOG02989	10534752
NOG03000	10535304	68420268
NOG03001	16237245	68419863
NOG03004	10534640
NOG03006	16236636	68420129
NOG03007	10535356	16235979	68419553
NOG03008	10534561	68421250
NOG03009	10534747
NOG03013	16236568	68420709
NOG03014	16236248	68420223
NOG03015	10534912	16237080	68420007
NOG03018	10535109	16236341	68420152
NOG03021	10535518	68419784
NOG03023	16235401
NOG03024	10535758	16236001	68420138
NOG03025	10535656	16235598	68419699
NOG03028	10534386	16236961	68420460
NOG03030	16235987	68421156
NOG03031	10535108	16235699	68420942
NOG03032	10535165	16236333	68419633
NOG03035	16235240	68420348
NOG03036	10534684	16237098
NOG03038	16237196
NOG03039	10535917	16235562	68421161
NOG03040	10534381	16235315	68420764
NOG03042	10535017	68419389
NOG03045	16237028
NOG03047	16236337	68419731
NOG03048	10535552	16236725	68419942
NOG03050	16237209
NOG03051	10534395	68420448
NOG03052	10534145	68420181
NOG03053	10534530	68419820
NOG03054	10534210	16237036	68420381
NOG03055	16237243	68419867	68419864
NOG03056	10534935	68419804
NOG03058	16236511
NOG03061	10535212	16235743	68421216
NOG03062	10535377	16235888
NOG03063	10534525	68419409
NOG03064	16235177	68421087
NOG03065	10535696	16236904	68419696
NOG03066	10534243	16236807	68419056
NOG03067	10535234	16236998	68420654
NOG03068	16236267	68419771
NOG03069	10535188
NOG03070	10535876	16236621	68420478
NOG03071	10535662	16235483	68419059
NOG03072	10534388	16236963	68420462
NOG03073	16237070	68419616
NOG03078	10535317	16235828	68419901
NOG03079	10535508	16237086	68419592
NOG03082	10534408	16235199	68420194
NOG03083	10534248	16236618	68420476
NOG03084	10534821
NOG03085	10534674
NOG03086	16236063	68419289
NOG03087	10534062	16235878	68420056
NOG03089	10535237	16235248	68419984
NOG03092	16235476
NOG03093	16236068	68420602
NOG03095	10533961	16236428	68420393
NOG03098	10534704	68421024
NOG03099	16236054	68419218
NOG03100	16236937
NOG03101	10535289	16235170	68420439
NOG03102	10535407	16236862	68420278
NOG03104	10535630	16236790	68420175
NOG03105	16236604
NOG03108	16235168	68420437
NOG03110	10534890
NOG03114	10535759	16236002	68420139
NOG03116	10535499	16235821	68419274
NOG03120	16237078
NOG03123	10534982	16236423	68419131
NOG03127	10534279
NOG03131	10534732	16237027	68419430
NOG03132	16235796	68419465
NOG03134	10533988	16235729	68419285
NOG03136	16236321	68419886
NOG03137	16235791
NOG03145	10534475	16236034	68419767
NOG03149	10535419	16236450	68419302
NOG03150	16235531
NOG03152	10535375	16235894	68419249
NOG03154	10535039	16236260	68420706
NOG03155	10534241	16236805	68419054
NOG03156	10534799
NOG03160	10535233	16236999	68420653
NOG03161	10535255
NOG03163	10534695	16235906	68419529
NOG03166	10535632	16236506	68419687
NOG03167	10534083	16236613	68419737
NOG03169	16237189	68420260
NOG03173	16236523
NOG03174	16236652
NOG03175	10534687	68420932
NOG03176	10535339	16235239	68420346
NOG03177	16236749
NOG03178	16236843
NOG03179	16235299
NOG03181	16237052
NOG03184	16236110
NOG03185	16236814
NOG03186	16235776	68419440
NOG03188	16235195	16235949
NOG03190	10535430	16237051	68420022
NOG03191	16235581
NOG03192	16236292
NOG03195	10534537	16237151	68419503
NOG03196	10535873	16235928	68420481
NOG03198	16236070	68420603
NOG03202	16235665
NOG03203	10534120	16235624	68419238
NOG03205	10535849	16235422
NOG03209	10535771	68420514
NOG03213	16235376
NOG03214	10534413	16235377	68419622
NOG03215	16237097
NOG03220	10534104	16235214	68419145
NOG03223	10535910
NOG03224	10534764	16236188	68419811
NOG03225	10535681	16237118	68421342
NOG03227	10535737	16236517	68420283
NOG03232	16236583
NOG03237	10534953	16235151	68419094
NOG03239	10534281
NOG03240	16236920
NOG03242	10534993
NOG03244	16236771	68420839
NOG03250	10535218	68420930
NOG03251	16235885
NOG03253	10534736	16236119	68420505
NOG03256	16235687
NOG03257	10535389	16235750
NOG03258	10535477	16236908	68419426
NOG03265	16235223
NOG03266	10535071
NOG03267	10534641
NOG03268	16236067	68420601
NOG03269	10535013	68419384
NOG03270	16235297
NOG03272	10534660	16237269
NOG03279	16236369
NOG03281	16235817
NOG03288	16235176	68421089
NOG03290	16235479
NOG03293	16235302
NOG03298	16235559
NOG03299	16237190
NOG03301	16235787	68419450
NOG03302	16235381
NOG03311	16236072
NOG03313	10534606	68419968
NOG03314	10535470	68420895
NOG03315	10535147	68421116
NOG03316	10534841	16235930	68419733
NOG03317	10534244	16236808	68419057
NOG03321	10534772	16237140	68419489
NOG03322	10534146	16236431	68421179
NOG03323	10534192
NOG03324	10534316	16235464	68421205
NOG03325	10534389	16236964	68420463
NOG03327	10535881	16235763	68419391
NOG03328	10534176	16236247	68420222
NOG03329	10535340	16237082	68420009
NOG03330	10534694	16235536	68419295
NOG03331	16235615	68421171
NOG03332	10535507	16237085	68419591
NOG03333	16236709
NOG03334	10535011	16236218	68420649
NOG03336	10534438	68419549
NOG03337	10534723	16236228	68420269
NOG03338	10534926	16235929	68419619
NOG03340	16236204	68419342
NOG03343	10535683	16237120	68421064
NOG03344	10535820	16236912	68419802
NOG03345	10535187
NOG03346	10534849	16236171	68419726
NOG03347	10535149	16235850
NOG03349	10535874	68420480
NOG03353	10535347	68419003
NOG03354	16235135
NOG03355	16235780	68419443
NOG03356	10534362	16236801	68420658
NOG03357	16236298	68419420
NOG03358	10535854	16235608	68419319
NOG03359	10535406	16236863	68420279
NOG03360	10535006	16235934	68419739
NOG03362	16236524
NOG03363	10534117	16235627	68419241
NOG03364	10534134	16235433	68420511
NOG03366	10534797	16235922	68419159
NOG03367	10535675	16237112	68421057
NOG03368	10534592	68419947
NOG03371	10534493	68420884
NOG03373	16235145
NOG03377	10534572	68421258
NOG03378	10535587	16235601	68419563
NOG03379	16236565	68420712
NOG03380	10535089
NOG03381	16235691	68420237
NOG03383	16235361
NOG03388	16236088
NOG03389	10535028	16237259	68420691
NOG03391	16235893
NOG03393	16236252	68420550
NOG03396	16236315	68419432
NOG03398	16237185
NOG03399	16237164
NOG03400	10535845
NOG03405	10535213	16237075	68419608
NOG03407	10535044	16237023	68420680
NOG03408	10535041	16236336	68419630
NOG03410	16235264	68420532
NOG03415	16236173	68419035
NOG03416	16236251	68420552
NOG03417	10534495	16236994	68419352
NOG03418	10533990	16236036	68420400
NOG03420	10534927	16235198	68421310	68420441
NOG03421	16235735
NOG03423	10535923	16237216
NOG03424	16236221
NOG03426	10534678	16236166
NOG03428	10535388	16235751
NOG03431	16236509
NOG03432	10535829	16235290
NOG03438	16235146
NOG03440	16236037
NOG03441	16236186
NOG03442	16235913
NOG03443	10534416	68421144
NOG03445	16235138
NOG03446	16237012	68420664
NOG03447	16235335
NOG03452	16236836
NOG03453	16235756	68419260
NOG03455	10535597	16237073	68419613
NOG03461	16236190
NOG03462	16235225
NOG03467	10534874
NOG03469	16236388
NOG03470	10534990
NOG03472	16237143
NOG03474	16236220
NOG03475	16237207
NOG03476	10535136
NOG03478	16236230	68420271
NOG03480	16236300
NOG03481	16235779
NOG03484	16235789
NOG03487	10534703	68421025
NOG03491	16236558
NOG03492	16236960	68420458
NOG03493	10535320	16236941	68419311
NOG03494	10535546
NOG03495	16236005
NOG03496	16236581	68419969
NOG03497	10535735
NOG03500	16235920
NOG03503	16235212
NOG03508	10535740	68419108
NOG03509	10535774	16235498	68420125	68420126
NOG03510	16235287	68419262
NOG03511	16235207	16237029
NOG03517	16236921	68420155
NOG03518	16236488
NOG03519	16235575
NOG03520	16235582
NOG03525	10535701	16236250
NOG03528	16236857
NOG03531	16236141	68420184
NOG03536	16236751
NOG03538	10535566	16236715	68419934
NOG03543	10534488
NOG03548	10534998	16235932
NOG03549	16235677
NOG03550	16237251
NOG03552	16235288
NOG03559	16235760	68419511
NOG03561	16236256
NOG03562	10534902
NOG03563	16235790	68419453
NOG03566	16235639
NOG03567	10534883	16236082	68420509
NOG03569	16236042
NOG03573	16236610
NOG03577	10535765
NOG03585	16235486
NOG03586	16237131	68419406
NOG03587	10534268	68419197
NOG03592	16235447
NOG03594	16235792	68419459
NOG03596	16236816
NOG03598	16235602
NOG03601	16236035
NOG03602	16236240	68419439	68420727	68420728
NOG03603	16235216
NOG03604	16236815
NOG03606	16235180
NOG03608	16235749
NOG03609	16236909
NOG03611	16235782	68419445
NOG03614	16236745
NOG03615	16236795
NOG03616	10534527	16235678	68419407
NOG03621	16236510
NOG03633	10534402
NOG03634	16236838
NOG03635	16236095
NOG03641	16236854
NOG03642	16237040
NOG03643	10535762
NOG03645	16236015
NOG03647	16236329
NOG03648	16237220
NOG03651	16236364
NOG03654	16236075
NOG03659	16237020
NOG03661	10535228	68419221
NOG03663	16237009
NOG03665	16236348
NOG03667	10535227	68419222
NOG03672	16236282
NOG03676	16236467
NOG03678	16236353
NOG03679	10534156
NOG03680	16236032
NOG03685	16236352
NOG03687	16236017
NOG03688	16236882
NOG03692	16235219
NOG03693	10534573	68421259
NOG03694	16237202	68419435
NOG03696	16236311
NOG03700	16236598
NOG03701	16236918
NOG03702	10534071
NOG03703	16236191
NOG03705	16236597
NOG03709	16237095
NOG03710	16235635
NOG03714	16235952
NOG03718	16236013
NOG03721	10535474	68421322	68421321
NOG03722	10534609
NOG03727	16236408
NOG03735	16236359
NOG03743	16236363
NOG03745	16236361
NOG03746	10534663	16237277
NOG03752	16236355
NOG03755	16236059
NOG03756	16237225
NOG03757	16235215
NOG03759	10535179
NOG03771	16236140
NOG03773	16236979
NOG03776	10534445
NOG03777	16236595
NOG03778	16236350
NOG03782	16235521
NOG03783	16236356
NOG03784	10534301
NOG03786	16236601
NOG03788	16236444
NOG03791	10534074
NOG03793	10534425
NOG03794	10534767
NOG03797	16236139
NOG03801	16235504	68419637
NOG03802	16236351
NOG03803	16236421	68419130
NOG03804	16236490
NOG03805	16235237
NOG03807	10533938
NOG03808	10534657	16237267
NOG03810	10533941
NOG03811	10534659
NOG03816	10534597
NOG03817	16236870
NOG03821	16236357
NOG03823	16236493
NOG03827	16236593
NOG03831	10534595
NOG03832	16236354
NOG03837	10534428
NOG03838	10535926	68421191
NOG03839	10534546	68420716
NOG03840	10534581	68421264
NOG03841	10534070
NOG03843	10534069
NOG03844	10534549
NOG03846	16235811	68421414	68421233	68421228	68421227
NOG03850	16236294
NOG03851	16236185
NOG03852	16237008
NOG03855	16235202
NOG03858	16237042
NOG03862	10534217	10534995
NOG03863	10534707
NOG03864	10534761
NOG03866	10534624
NOG03868	10534766
NOG03877	16236360
NOG03882	16236362
NOG03884	16236016
NOG03890	10534679	68420803
NOG03898	16235902
NOG03901	16236902
NOG03907	10534585
NOG03910	16236620
NOG03911	16235657
NOG03913	16236633	68420907
NOG03914	10535036
NOG03928	10535927	68421190
NOG03929	10534960
NOG03930	16235380
NOG03931	10534879
NOG03934	16235208
NOG03936	10535176
NOG03937	16237227
NOG03939	16237226
NOG03940	16237043
NOG03954	16236407
NOG03958	16236502
NOG03963	10534827
NOG03965	10535379	16236055
NOG03971	16235420
NOG03982	10535392
NOG03985	16237007
NOG03986	16235768
NOG03989	16236463
NOG03991	16236841
NOG04010	16236562
NOG04013	16235788	68419451
NOG04014	16236778
NOG04018	10534814
NOG04019	16236464
NOG04020	16236257
NOG04022	10535330
NOG04024	16235793
NOG04031	16235819
NOG04034	16235338
NOG04035	10535329
NOG04036	16236152
NOG04039	10534946
NOG04049	16235805
NOG04053	10533878	10534273	10534427	10534811	10535092	10535231	10535601	10535617	68420303
NOG04056	16237010
NOG04069	16235653
NOG04076	10534524
NOG04078	10535235
NOG04082	16236358
NOG04086	16235419
NOG04087	16235910
NOG04089	10534947
NOG04090	16237041
NOG04091	16236832
NOG04098	16235652
NOG04101	16236239
NOG04107	16236754
NOG04110	10534582
NOG04114	10534615
NOG04115	16236802
NOG04116	10533989
NOG04119	16235947
NOG04121	16236860
NOG04124	16236858
NOG04125	10534133
NOG04127	16235671
NOG04129	16236062
NOG04130	10534580	68421263
NOG04132	16236398
NOG04134	10535878	68419833
NOG04137	16235187
NOG04139	16235185
NOG04140	10534996
NOG04141	10535496	68419278
NOG04145	16235999	68420341
NOG04147	16236083
NOG04148	16236161	68420180
NOG04151	16237263
NOG04157	10535717	16236143
NOG04158	16236625
NOG04164	10534625	68421300
NOG04168	16236561
NOG04169	16235217
NOG04173	10534183
NOG04177	10534174	68420220
NOG04180	16235191
NOG04182	10534758
NOG04187	16236660
NOG04188	16236878
NOG04190	10534885	68420350
NOG04191	10534040
NOG04194	10535186
NOG04202	16235848
NOG04203	16235944
NOG04204	16235592
NOG04205	10535064
NOG04207	10535866	68420172
NOG04213	16235507
NOG04214	10534962	16235715
NOG04215	10535592	16236897
NOG04216	16235604	68421021
NOG04217	16237061
NOG04218	10533954
NOG04219	10534759
NOG04220	16236831
NOG04221	16235526
NOG04227	16236972
NOG04230	10534089
NOG04235	10534870	16235329	68420783
NOG04239	16236151	68420252
NOG04241	16236272
NOG04243	10535764
NOG04246	10535208
NOG04248	16236093
NOG04250	16235863
NOG04251	16237257
NOG04254	16235209
NOG04256	16236157
NOG04258	10534616
NOG04259	16236347	68421110
NOG04260	16235685
NOG04261	16236131
NOG04263	10534507	16236416
NOG04267	16236289	68420239
NOG04273	10534396
NOG04276	16236460	68421493
NOG04286	16235605
NOG04288	16235284
NOG04289	10534230	16235882
NOG04294	16235158
NOG04304	16235273
NOG04307	10534568
NOG04309	16235897
NOG04313	16236528
NOG04319	10535654
NOG04321	10535641
NOG04323	16235618
NOG04324	10535293
NOG04331	16236403
NOG04342	10535096
NOG04343	16236116
NOG04344	16235406
NOG04346	16236080
NOG04347	10534480	16235357
NOG04351	10534590	68419945
NOG04352	10535619
NOG04354	10534165	68421023
NOG04358	10535705	68419835
NOG04363	10534266
NOG04364	16235757
NOG04369	10535316	68419902
NOG04371	16236172
NOG04373	16237165
NOG04375	16235524
NOG04377	10533965	68420192
NOG04378	10535146	68421117
NOG04385	10535827	16236887
NOG04386	16235573
NOG04392	10534482	68420387
NOG04396	16236656
NOG04399	16236073
NOG04401	16235174
NOG04403	10535426	68420018
NOG04404	16235471
NOG04407	10535100	16236797	68420889
NOG04408	10535746
NOG04411	10535621	68420990
NOG04416	10535872	68420161
NOG04419	16236552
NOG04427	10534887
NOG04431	16235129	68419191
NOG04434	10534124	16236573
NOG04437	10534639	10535087
NOG04440	16235927
NOG04446	10534041
NOG04452	16235301
NOG04453	10535602	68419582
NOG04455	16235488
NOG04456	10535057
NOG04459	10535130
NOG04462	10534602
NOG04463	10535182
NOG04465	10535384	10535615	68420968
NOG04470	10534937
NOG04474	10534407
NOG04476	10535471	68420892
NOG04478	16236571
NOG04480	16236514
NOG04481	16237130
NOG04492	10534378	16235431	68420384
NOG04495	16237152	68419504
NOG04501	10535161
NOG04502	16236612
NOG04503	10535291
NOG04504	16236283
NOG04508	10533991
NOG04509	16235564
NOG04516	10535215
NOG04519	10535072
NOG04520	10534394	68420449
NOG04524	16235221
NOG04525	10534036
